0.100258 -0.0990376 1.00127 0.609531 0.79253 0.0191848 0.211418 -0.139182 -0.967435 -0.764051 0.593738 -0.252391 98.1868 12.2055 51.4185 0.551806 0.707302 0.354851 -0.263277 0
0.100628 -0.100361 1.00643 0.608686 0.793182 0.0190713 0.212893 -0.140124 -0.966976 -0.764315 0.592645 -0.254155 98.2453 12.292 51.4669 0.551001 0.707631 0.355438 -0.263288 0
0.100185 -0.104621 1.00987 0.60799 0.793695 0.019894 0.214704 -0.140242 -0.966558 -0.764362 0.591929 -0.255676 98.2557 12.3982 51.5005 0.550471 0.707797 0.356175 -0.262952 0
0.100326 -0.106052 1.01216 0.607741 0.793883 0.0200227 0.216223 -0.141159 -0.966086 -0.764133 0.591459 -0.257444 98.3129 12.4873 51.5036 0.549804 0.708227 0.356561 -0.262667 1
0.100856 -0.104903 1.01382 0.607694 0.793931 0.0195287 0.216912 -0.142275 -0.965768 -0.763974 0.591127 -0.258673 98.3804 12.5278 51.4999 0.54926 0.708633 0.356618 -0.262635 0
0.101364 -0.10377 1.01603 0.607361 0.794197 0.0190634 0.216938 -0.142723 -0.965696 -0.764232 0.590661 -0.258976 98.4071 12.5293 51.5247 0.549013 0.708707 0.356683 -0.262862 0
0.10102 -0.103535 1.01308 0.608341 0.793445 0.0191228 0.217998 -0.143877 -0.965285 -0.76315 0.591392 -0.260496 98.4776 12.5915 51.4401 0.548627 0.709351 0.356468 -0.262221 0
0.101059 -0.102904 1.01305 0.608737 0.793148 0.0188384 0.219138 -0.145271 -0.964819 -0.762507 0.591449 -0.262241 98.5626 12.6584 51.3984 0.548002 0.709974 0.356452 -0.261865 0
0.100746 -0.104463 1.01339 0.608813 0.793083 0.0191626 0.22034 -0.145841 -0.964459 -0.762101 0.591397 -0.263538 98.5989 12.729 51.38 0.547593 0.710315 0.35668 -0.261482 0
0.100768 -0.10616 1.01635 0.608519 0.793306 0.0192524 0.222255 -0.147094 -0.963829 -0.761779 0.590787 -0.265826 98.6772 12.8415 51.3817 0.546717 0.710886 0.357146 -0.261127 0
0.101157 -0.104898 1.01661 0.608825 0.793082 0.0188098 0.223048 -0.148377 -0.963449 -0.761303 0.590767 -0.267231 98.7551 12.8881 51.3502 0.546172 0.711413 0.357082 -0.260922 1
0.101142 -0.103551 1.01406 0.609496 0.792571 0.0186117 0.222897 -0.148787 -0.963421 -0.76081 0.591349 -0.267347 98.7792 12.8793 51.3013 0.546205 0.711623 0.356744 -0.260741 0
0.100737 -0.102302 1.0084 0.610541 0.791762 0.0187745 0.221831 -0.148205 -0.963756 -0.760283 0.592577 -0.266123 98.7424 12.8166 51.234 0.546858 0.711489 0.356152 -0.260548 1
0.0997261 -0.102608 1.00042 0.611921 0.790678 0.0195124 0.22074 -0.147041 -0.964185 -0.759491 0.594312 -0.264512 98.671 12.7525 51.1416 0.547807 0.711244 0.35551 -0.2601 1
0.098741 -0.10639 0.999463 0.611731 0.790796 0.0206439 0.220726 -0.145569 -0.964412 -0.759648 0.594518 -0.263598 98.5835 12.7517 51.1561 0.548307 0.710792 0.355773 -0.259923 1
0.0972521 -0.110229 0.994433 0.612431 0.790216 0.0220772 0.220834 -0.144201 -0.964592 -0.759052 0.595622 -0.26282 98.5024 12.758 51.1022 0.548956 0.710537 0.355734 -0.259302 0
0.0972204 -0.109037 0.992514 0.61289 0.789864 0.0219056 0.220549 -0.144381 -0.964631 -0.758765 0.596044 -0.262694 98.5126 12.7413 51.0705 0.549048 0.710627 0.355465 -0.259228 0
0.0976882 -0.106862 0.992627 0.613118 0.789705 0.0212829 0.220517 -0.145213 -0.964513 -0.75859 0.596054 -0.263176 98.5619 12.7394 51.0537 0.548801 0.710899 0.355262 -0.259287 0
0.0985012 -0.103363 0.992062 0.613643 0.789323 0.0202992 0.22055 -0.146663 -0.964286 -0.758156 0.596205 -0.264084 98.6481 12.7413 51.0137 0.548383 0.711405 0.354886 -0.259295 0
0.0993517 -0.0996541 0.991707 0.61396 0.789101 0.0193075 0.220028 -0.1476 -0.964262 -0.758051 0.596267 -0.264245 98.7027 12.7107 50.9953 0.548205 0.711654 0.354502 -0.259516 0
0.0998285 -0.0970893 0.99064 0.614241 0.788897 0.0186945 0.219297 -0.147893 -0.964384 -0.758035 0.596464 -0.263845 98.7187 12.6677 50.9819 0.548294 0.711684 0.354158 -0.259715 0
0.0998893 -0.0976848 0.992529 0.613731 0.789292 0.0187442 0.219281 -0.147603 -0.964432 -0.758452 0.596012 -0.263666 98.7014 12.6668 51.0206 0.548284 0.711513 0.354377 -0.259907 1
0.0996046 -0.101193 0.995451 0.612815 0.789985 0.0195272 0.21983 -0.146689 -0.964446 -0.759034 0.59532 -0.263556 98.6482 12.6991 51.0839 0.548309 0.711172 0.354983 -0.259961 0
0.0988921 -0.106353 0.99707 0.612227 0.790408 0.0208198 0.221248 -0.145974 -0.964231 -0.759096 0.594935 -0.264245 98.6086 12.7823 51.1131 0.548181 0.711064 0.355684 -0.259568 1
0.0976268 -0.1128 0.996851 0.611976 0.790555 0.0225617 0.222916 -0.14505 -0.963986 -0.758811 0.594965 -0.264995 98.5571 12.8804 51.1141 0.548163 0.710989 0.35636 -0.258882 0
0.0972818 -0.116401 0.999575 0.611251 0.791093 0.0233315 0.223938 -0.144604 -0.963816 -0.759094 0.594359 -0.265545 98.5326 12.9404 51.1577 0.547974 0.71088 0.356963 -0.258751 0
0.096749 -0.120223 1.00038 0.610827 0.791391 0.0242969 0.224629 -0.143788 -0.963777 -0.759231 0.594159 -0.265599 98.4855 12.981 51.1821 0.548051 0.710671 0.357416 -0.258535 0
0.0967855 -0.12154 1.00239 0.610171 0.791889 0.0245653 0.2243 -0.142925 -0.963982 -0.759856 0.593704 -0.264829 98.4335 12.9617 51.2352 0.548274 0.710268 0.357678 -0.258807 0
0.0962915 -0.122538 0.999404 0.610676 0.791484 0.0250587 0.224252 -0.142501 -0.964056 -0.759464 0.594346 -0.264514 98.4082 12.9589 51.1976 0.548558 0.710227 0.357539 -0.258511 1
0.096659 -0.120837 0.998528 0.611088 0.79118 0.0246109 0.224493 -0.14341 -0.963865 -0.759061 0.594532 -0.26525 98.4628 12.973 51.1639 0.548276 0.710589 0.357334 -0.258395 1
0.0971019 -0.118974 0.997667 0.611617 0.790789 0.0240463 0.22516 -0.144846 -0.963495 -0.758438 0.594704 -0.266644 98.5495 13.0123 51.1167 0.547751 0.71118 0.357135 -0.25816 0
0.0974826 -0.118381 0.998449 0.611653 0.79077 0.0237366 0.225667 -0.145637 -0.963257 -0.758258 0.594536 -0.26753 98.5976 13.0421 51.1084 0.547377 0.711481 0.357155 -0.258096 0
0.097779 -0.116845 0.998184 0.611949 0.790554 0.0232867 0.225861 -0.146465 -0.963086 -0.757961 0.594619 -0.268185 98.6472 13.0535 51.0839 0.547106 0.711793 0.356991 -0.258036 0
0.0973994 -0.117089 0.995841 0.612511 0.790113 0.0234898 0.226184 -0.146713 -0.962973 -0.757411 0.595144 -0.268574 98.6626 13.0725 51.0379 0.547089 0.712004 0.356844 -0.257696 1
0.0972529 -0.117787 0.995597 0.612712 0.789954 0.0235977 0.226974 -0.14729 -0.962699 -0.757012 0.595213 -0.269545 98.6986 13.119 51.0139 0.546781 0.712311 0.356912 -0.257407 0
0.0972111 -0.116257 0.992498 0.613474 0.789368 0.0234114 0.226655 -0.147597 -0.962727 -0.75649 0.595914 -0.269461 98.7162 13.1002 50.9598 0.546904 0.712484 0.356507 -0.257227 0
0.0970769 -0.11761 0.993311 0.613086 0.789659 0.0237469 0.226426 -0.146839 -0.962896 -0.756873 0.595715 -0.268824 98.6706 13.0867 50.9917 0.547134 0.712171 0.356686 -0.257356 0
0.0980057 -0.118564 1.00194 0.611045 0.79125 0.023408 0.226192 -0.146187 -0.963051 -0.758592 0.593762 -0.268301 98.6313 13.073 51.1486 0.546936 0.711606 0.357446 -0.258283 0
0.0994834 -0.114896 1.00798 0.609972 0.792118 0.0219686 0.225612 -0.147024 -0.963059 -0.759627 0.592396 -0.268392 98.6799 13.0389 51.2359 0.546479 0.711581 0.35756 -0.259162 0
0.101019 -0.112319 1.01434 0.608595 0.793207 0.0208611 0.224664 -0.147041 -0.963278 -0.761011 0.590933 -0.267693 98.679 12.9831 51.35 0.54632 0.711219 0.357791 -0.26017 0
0.102799 -0.109701 1.02261 0.606772 0.794633 0.0196515 0.223643 -0.146943 -0.963531 -0.762766 0.589038 -0.266875 98.6711 12.9231 51.4981 0.546112 0.710737 0.358176 -0.261388 0
0.10221 -0.112674 1.02157 0.606595 0.794743 0.0206238 0.223563 -0.145627 -0.963749 -0.76293 0.589216 -0.266012 98.5927 12.9184 51.5123 0.54657 0.710323 0.358396 -0.261257 0
0.101239 -0.117509 1.02028 0.606576 0.79472 0.0220116 0.22447 -0.144637 -0.963687 -0.762678 0.589491 -0.266124 98.5356 12.9717 51.5039 0.546767 0.710165 0.358786 -0.260738 0
0.101109 -0.12523 1.02932 0.604245 0.796455 0.0233772 0.226146 -0.143289 -0.963497 -0.764033 0.587475 -0.266697 98.4589 13.0703 51.6608 0.546411 0.709618 0.360265 -0.260934 0
0.101244 -0.130835 1.03723 0.602608 0.797674 0.0240843 0.228709 -0.143708 -0.962829 -0.764563 0.585717 -0.269035 98.4891 13.2211 51.7558 0.545405 0.709815 0.361496 -0.2608 1
0.10076 -0.141408 1.04857 0.599861 0.799683 0.0259495 0.232018 -0.14282 -0.962169 -0.765725 0.583189 -0.271213 98.4431 13.4159 51.9252 0.544479 0.709559 0.363501 -0.260646 0
0.10044 -0.143494 1.04813 0.599979 0.799578 0.0264362 0.232905 -0.142961 -0.961934 -0.765363 0.583298 -0.271999 98.4533 13.4682