-0.223083 0.126714 1.78744 0.608814 0.792254 0.0409685 0.188113 -0.0940022 -0.977638 -0.770687 0.602907 -0.206263 95.4922 10.8427 51.6926 0.571959 0.690847 0.35477 -0.264067 0
-0.221445 0.124179 1.7885 0.620745 0.782717 0.0450472 0.151484 -0.0633651 -0.986427 -0.769239 0.619144 -0.157902 93.6755 8.71291 51.0978 0.591498 0.678604 0.344163 -0.266795 1
-0.222456 0.120338 1.79346 0.64128 0.76706 0.019467 0.104987 -0.0625831 -0.992502 -0.760091 0.638515 -0.120665 93.6081 6.02642 49.8461 0.603745 0.675375 0.322801 -0.274153 1
-0.220694 0.118846 1.79528 0.566045 0.824369 0.00311597 -0.00790408 0.00920681 -0.999926 -0.824337 0.565978 0.0117273 89.4725 -0.452875 55.5239 0.629877 0.621512 0.328418 -0.330332 1
-0.223032 0.111861 1.80554 0.535836 0.844308 -0.00493848 -0.0385168 0.0186007 -0.999085 -0.843443 0.535535 0.042487 88.9334 -2.2074 57.5724 0.631847 0.607196 0.331767 -0.349303 1
-0.224581 0.109321 1.81289 0.468017 0.883553 -0.0171555 -0.0542556 0.00935216 -0.998483 -0.882052 0.468238 0.0523147 89.4634 -3.11015 62.0495 0.618402 0.592948 0.34965 -0.379126 1
-0.223072 0.110631 1.81897 0.411532 0.910354 -0.0435627 -0.0566669 -0.0221472 -0.998147 -0.909632 0.413238 0.0424726 91.2711 -3.24851 65.6572 0.598301 0.589747 0.361887 -0.404069 1
-0.223351 0.111239 1.82284 0.363732 0.929858 -0.0553394 -0.0551845 -0.0377941 -0.997761 -0.929868 0.365971 0.0375669 92.1693 -3.16345 68.6363 0.583846 0.583943 0.374469 -0.421791 1
-0.224494 0.111391 1.82493 0.314479 0.947676 -0.0549014 -0.0540286 -0.039873 -0.997743 -0.947726 0.316735 0.0386624 92.2885 -3.09712 71.6429 0.57299 0.573518 0.389546 -0.437052 1
-0.226485 0.11139 1.83298 0.224864 0.974065 -0.0251772 -0.0369387 -0.0172987 -0.999168 -0.97369 0.225607 0.0320908 90.9919 -2.11691 76.9961 0.556699 0.550016 0.425954 -0.454017 1
-0.227697 0.111587 1.83717 0.128768 0.991108 -0.0335158 -0.0366769 -0.0290143 -0.998906 -0.990996 0.129857 0.0326146 91.6638 -2.1019 82.5966 0.532064 0.53037 0.44989 -0.482924 1
-0.228637 0.111693 1.84101 0.090544 0.995604 -0.0239735 -0.0346357 -0.0209098 -0.999181 -0.99529 0.0913002 0.0325902 91.1988 -1.98488 84.802 0.524934 0.519342 0.462589 -0.490652 1
-0.228579 0.111989 1.84185 0.0801282 0.99618 -0.0347046 -0.0428391 -0.0313427 -0.99859 -0.995864 0.0815019 0.040164 91.7978 -2.45525 85.3998 0.521764 0.51752 0.460534 -0.49784 1
-0.22847 0.112344 1.84322 0.0901898 0.99501 -0.0426712 -0.052927 -0.0379967 -0.997875 -0.994517 0.0922566 0.049236 92.1806 -3.03391 84.8182 0.524745 0.519363 0.45348 -0.49926 1
-0.22937 0.112418 1.84913 0.0796705 0.995993 -0.0406386 -0.0517374 -0.0365816 -0.99799 -0.995478 0.0816129 0.0486156 92.0993 -2.96566 85.4242 0.522423 0.516632 0.456928 -0.50138 1
-0.230124 0.11285 1.85737 0.0842307 0.995587 -0.0413788 -0.0656482 -0.0358917 -0.997197 -0.994281 0.086711 0.0623353 92.0613 -3.76407 85.1577 0.526943 0.514244 0.45209 -0.503487 1
-0.231392 0.113973 1.86968 0.0762748 0.996165 -0.0428604 -0.0616353 -0.0381928 -0.997368 -0.99518 0.0787158 0.0584858 92.193 -3.53369 85.6172 0.523586 0.513805 0.45471 -0.505075 1
-0.231681 0.113242 1.87229 0.069086 0.996488 -0.0473064 -0.0519431 -0.0437623 -0.997691 -0.996258 0.0713837 0.0487373 92.5116 -2.97746 86.0331 0.518185 0.515779 0.457825 -0.50582 1
-0.231627 0.11269 1.87235 0.0876304 0.99434 -0.0600807 -0.0580883 -0.0551094 -0.996789 -0.994458 0.090839 0.0529302 93.1645 -3.33009 84.9642 0.520925 0.52197 0.448422 -0.505077 1
-0.232199 0.11104 1.87735 0.0885369 0.993376 -0.0732461 -0.0728919 -0.0668762 -0.995095 -0.993402 0.0934417 0.0664881 93.8448 -4.18011 84.907 0.521572 0.521758 0.44105 -0.511084 1
-0.232735 0.109346 1.88303 0.126148 0.989227 -0.0742751 -0.0734651 -0.0653518 -0.995154 -0.989287 0.130994 0.0644296 93.7572 -4.21304 82.7332 0.530383 0.530818 0.431297 -0.500907 1
-0.232686 0.10714 1.88239 0.134332 0.988693 -0.0666393 -0.0741169 -0.0570358 -0.995617 -0.988161 0.138682 0.0656172 93.2787 -4.25048 82.2586 0.534536 0.530507 0.430992 -0.497072 1
-0.23178 0.101501 1.87117 0.127988 0.989263 -0.0705586 -0.0707778 -0.0618516 -0.995573 -0.989247 0.132416 0.0621015 93.555 -4.05866 82.6281 0.531093 0.530975 0.432452 -0.49899 1
-0.240803 0.100777 1.87854 0.100861 0.994283 -0.0350367 -0.0678897 -0.0282559 -0.997293 -0.992582 0.102967 0.0646517 91.6229 -3.89279 84.1978 0.533211 0.515865 0.448952 -0.498008 1
-0.237231 0.100578 1.86879 0.012515 0.999289 -0.0355752 -0.0262162 -0.0352379 -0.999035 -0.999578 0.0134355 0.0257566 92.0201 -1.50225 89.2827 0.500758 0.505469 0.481272 -0.511976 1
-0.258948 0.100177 1.88409 0.102016 0.994782 -0.000760717 -0.046994 0.00405543 -0.998887 -0.993672 0.101938 0.0471626 89.7674 -2.69355 84.1382 0.536944 0.512542 0.462298 -0.485049 1
-0.259013 0.102402 1.8843 0.109411 0.993976 -0.00641532 -0.0384191 -0.00222046 -0.999259 -0.993254 0.109577 0.0379447 90.1273 -2.20179 83.714 0.535055 0.518094 0.461092 -0.482378 1
-0.259296 0.103742 1.88789 0.113185 0.993406 -0.0182704 -0.0308877 -0.0148616 -0.999412 -0.993094 0.113683 0.0290019 90.8519 -1.77002 83.4979 0.530878 0.524177 0.459062 -0.482358 1
-0.259607 0.103122 1.88662 0.140989 0.989967 -0.00939553 -0.0319274 -0.00493875 -0.999478 -0.989496 0.141216 0.0309108 90.2831 -1.82962 81.8907 0.54013 0.527972 0.453641 -0.472985 1
-0.259446 0.103571 1.88543 0.0967116 0.995273 -0.00886644 -0.0423755 -0.00478278 -0.99909 -0.99441 0.0969993 0.0417126 90.2743 -2.42866 84.4452 0.532363 0.514729 0.462816 -0.487284 0
-0.259302 0.104006 1.88371 0.111863 0.993629 -0.0137073 -0.039954 -0.00928553 -0.999158 -0.99292 0.112316 0.0386607 90.5325 -2.2898 83.5721 0.534144 0.520213 0.45831 -0.483757 0
-0.259723 0.104199 1.8847 0.127644 0.991652 -0.0182576 -0.0472963 -0.0123014 -0.998805 -0.990692 0.128355 0.0453313 90.7056 -2.71089 82.6583 0.538673 0.523119 0.45131 -0.48218 0
-0.26027 0.103083 1.88586 0.117139 0.990812 -0.0676071 -0.0104326 -0.0668443 -0.997709 -0.993061 0.117576 0.00250665 93.833 -0.597755 83.2726 0.513031 0.543479 0.450974 -0.487907 0
-0.260276 0.101931 1.8801 0.0546723 0.988773 -0.139063 0.0696981 -0.14271 -0.987307 -0.996069 0.0442859 -0.0767179 98.2249 3.99664 86.8583 0.456958 0.56438 0.468864 -0.502822 0
-0.259955 0.101192 1.87303 0.0122979 0.984396 -0.175537 0.0957543 -0.175903 -0.979739 -0.995329 -0.00475969 -0.0964234 100.178 5.49474 89.2921 0.430108 0.566706 0.476504 -0.516522 0
-0.259555 0.100976 1.86695 -0.0087133 0.982041 -0.188467 0.120807 -0.18606 -0.975083 -0.992638 -0.0312644 -0.117017 100.803 6.9387 90.5029 0.414792 0.56885 0.484683 -0.519075 0
-0.25899 0.10084 1.86224 -0.0107787 0.981567 -0.190817 0.134351 -0.187676 -0.972999 -0.990875 -0.0361241 -0.129852 100.917 7.72111 90.6232 0.409785 0.571566 0.488097 -0.516866 0
-0.250388 0.108218 1.82529 0.00205799 0.999224 -0.039333 0.00880047 -0.0393497 -0.999187 -0.999959 0.00171017 -0.00887462 92.2552 0.504236 89.8821 0.488322 0.512416 0.491799 -0.507054 1
-0.254126 0.116567 1.81928 -0.0361603 0.999282 0.011341 -0.00348504 0.0112222 -0.999931 -0.99934 -0.0361973 0.00307674 89.357 -0.199678 92.0723 0.494504 0.487222 0.510956 -0.506955 0
-0.26097 0.120456 1.8064 0.0618814 0.99808 0.00254567 0.0307196 0.000644738 -0.999528 -0.997611 0.0619304 -0.0306208 89.963 1.76038 86.4505 0.507914 0.52246 0.492287 -0.476144 0
-0.271112 0.130832 1.79828 0.10097 0.994859 0.0078438 0.0230024 0.00554758 -0.99972 -0.994624 0.101122 -0.022324 89.6821 1.31806 84.2034 0.520623 0.528618 0.481379 -0.466679 0
-0.281564 0.134621 1.78987 0.126081 0.99202 -0.000446939 -0.017713 0.00180078 -0.999841 -0.991862 0.126069 0.0177987 89.8968 -1.01493 82.7557 0.535182 0.525947 0.46312 -0.471677 0
-0.29387 0.133501 1.78607 0.112808 0.993605 -0.00493032 -0.0686672 0.00284573 -0.997636 -0.991241 0.11288 0.068549 89.8366 -3.93744 83.5074 0.544105 0.510248 0.45318 -0.488082 1
-0.295439 0.133656 1.78304 0.0888343 0.996009 -0.0086654 -0.0775653 -0.00175584 -0.996986 -0.993022 0.0892386 0.0770997 90.1009 -4.44863 84.888 0.539485 0.503361 0.456155 -0.497499 1
-0.293636 0.13351 1.78232 0.0862128 0.995744 -0.0325811 -0.0755714 -0.0260726 -0.996799 -0.993406 0.0883991 0.073002 91.4983 -4.33405 85.04 0.532246 0.509726 0.451307 -0.503205 1
-0.294006 0.133554 1.78648 0.0983785 0.994727 -0.0289783 -0.0591146 -0.0232266 -0.997981 -0.993392 0.0998929