0.000957135 0.00338151 0.00125815 0.610025 0.792169 0.0184036 0.212216 -0.140956 -0.967004 -0.763436 0.593802 -0.254097 98.2933 12.2522 51.3733 0.551129 0.708004 0.354654 -0.263075 0
0.00163707 0.00664882 0.000245923 0.610713 0.791659 0.0174891 0.212692 -0.142723 -0.96664 -0.762753 0.594059 -0.255542 98.399 12.2802 51.3168 0.550556 0.708692 0.354297 -0.262901 1
0.00183116 0.0099183 -0.0045188 0.612052 0.790637 0.0169093 0.212546 -0.143866 -0.966502 -0.76172 0.595143 -0.2561 98.4665 12.2716 51.2177 0.550474 0.709228 0.353618 -0.262543 1
0.00240047 0.0139949 -0.00838711 0.613225 0.789744 0.0160779 0.212174 -0.145076 -0.966403 -0.760879 0.596034 -0.256528 98.5375 12.2498 51.1332 0.550368 0.709723 0.352926 -0.262356 1
0.00379834 0.0217915 -0.0104726 0.614175 0.789043 0.014135 0.210995 -0.146922 -0.966383 -0.760441 0.596511 -0.25672 98.6447 12.1806 51.0737 0.550121 0.710249 0.352002 -0.262691 1
0.00453971 0.0248217 -0.00929825 0.614027 0.789173 0.0132811 0.210274 -0.147341 -0.966476 -0.76076 0.596235 -0.256414 98.6681 12.1384 51.0922 0.550062 0.710243 0.351797 -0.263107 1
0.00531996 0.0260932 -0.00639963 0.613556 0.789549 0.0127044 0.210455 -0.147995 -0.966337 -0.76109 0.595576 -0.256967 98.7072 12.149 51.1258 0.54968 0.710373 0.351929 -0.263378 1
0.00568241 0.0248051 -0.00242897 0.612788 0.790146 0.0126861 0.211415 -0.14845 -0.966057 -0.761443 0.59467 -0.258017 98.7361 12.2053 51.1739 0.549163 0.710502 0.352413 -0.26346 1
0.00675641 0.0261948 0.0022574 0.612073 0.790712 0.0118496 0.21197 -0.149608 -0.965757 -0.761863 0.593626 -0.259178 98.8059 12.2378 51.2219 0.548472 0.710785 0.352667 -0.263798 1
0.00823284 0.0297984 0.00727026 0.61145 0.791214 0.0104242 0.212243 -0.151302 -0.965433 -0.762287 0.592527 -0.260443 98.9069 12.2538 51.266 0.547655 0.711195 0.352736 -0.264295 1
0.0102793 0.0330101 0.0176986 0.609533 0.792712 0.00874344 0.212139 -0.152472 -0.965272 -0.76385 0.59022 -0.261102 98.9761 12.2478 51.411 0.5468 0.71118 0.353234 -0.265441 1
0.0111461 0.0367047 0.018888 0.60936 0.792857 0.00767406 0.211111 -0.152908 -0.965428 -0.764273 0.589913 -0.260557 98.9999 12.1875 51.4344 0.546785 0.71113 0.352948 -0.265985 1
0.0116625 0.0382829 0.0211423 0.60851 0.793513 0.0072585 0.209475 -0.151801 -0.965959 -0.765399 0.589316 -0.258593 98.931 12.0916 51.5145 0.547292 0.710441 0.352946 -0.266785 1
0.0110661 0.0358064 0.0226266 0.607704 0.794123 0.00796734 0.208801 -0.15009 -0.966372 -0.766223 0.588932 -0.257025 98.8282 12.0521 51.5815 0.547857 0.709722 0.353281 -0.267096 1
0.0116381 0.0356803 0.0294633 0.605879 0.79552 0.00768278 0.207698 -0.148848 -0.966802 -0.767967 0.58736 -0.255412 98.7525 11.9875 51.7287 0.548092 0.708897 0.353795 -0.268122 1
0.0120809 0.0365218 0.0324746 0.604645 0.796459 0.00753209 0.205417 -0.146795 -0.967603 -0.76955 0.586604 -0.252366 98.6266 11.8539 51.8428 0.548973 0.707779 0.35388 -0.269158 1
0.0122242 0.036326 0.0335298 0.603743 0.797141 0.00780111 0.203061 -0.144318 -0.968472 -0.770883 0.586293 -0.248999 98.4756 11.716 51.9325 0.550097 0.706587 0.353885 -0.269989 1
0.011715 0.0356451 0.0318598 0.603587 0.797254 0.00831076 0.201382 -0.142361 -0.969112 -0.771446 0.586617 -0.24648 98.3569 11.6178 51.96 0.551078 0.705767 0.353742 -0.270321 1
0.0110512 0.0323629 0.033193 0.602503 0.798061 0.0094092 0.199776 -0.139387 -0.969877 -0.772709 0.586233 -0.243414 98.1784 11.5238 52.0555 0.5522 0.704504 0.354092 -0.270864 1
0.0107336 0.0294742 0.0365566 0.601104 0.799106 0.010214 0.198361 -0.136806 -0.970534 -0.774162 0.585418 -0.240747 98.0235 11.4412 52.1722 0.553071 0.703324 0.354555 -0.271549 1
0.0101879 0.0270196 0.0362069 0.600695 0.799402 0.0110477 0.1975 -0.134989 -0.970964 -0.774699 0.585436 -0.238969 97.9149 11.3908 52.2103 0.553791 0.702612 0.354713 -0.271719 1
0.0105407 0.0286697 0.0362486 0.60045 0.79959 0.0107306 0.196055 -0.134191 -0.971368 -0.775256 0.585362 -0.237338 97.8654 11.3063 52.2415 0.554284 0.702136 0.354506 -0.272214 1
0.0101088 0.0275788 0.0353521 0.600501 0.799547 0.0111165 0.195772 -0.133527 -0.971516 -0.775289 0.585572 -0.236712 97.8258 11.2898 52.2404 0.554586 0.701915 0.354501 -0.272174 1
0.00910688 0.0223577 0.0360299 0.599797 0.800054 0.0125666 0.195647 -0.131411 -0.97183 -0.775865 0.585359 -0.235348 97.7008 11.2825 52.2935 0.555211 0.70117 0.355014 -0.272152 1
0.00814001 0.0171506 0.0368051 0.599112 0.800543 0.0139815 0.195682 -0.129467 -0.972084 -0.776385 0.585123 -0.234217 97.5863 11.2846 52.3438 0.555749 0.700499 0.355541 -0.272093 1
0.00850442 0.0151562 0.0417157 0.597728 0.801573 0.014225 0.195433 -0.128479 -0.972265 -0.777514 0.58393 -0.233449 97.5277 11.27 52.4481 0.555833 0.699939 0.356105 -0.272627 1
0.00857676 0.017478 0.0384118 0.598273 0.801173 0.0138608 0.194066 -0.128091 -0.97259 -0.777437 0.584564 -0.232114 97.5028 11.1902 52.4201 0.556342 0.699728 0.35558 -0.272812 1
0.00796888 0.0163274 0.0352443 0.59857 0.800941 0.014421 0.193213 -0.126877 -0.972919 -0.777421 0.585146 -0.230697 97.4299 11.1404 52.4058 0.557 0.699311 0.355405 -0.272768 1
0.00835821 0.0172019 0.0370054 0.59807 0.801321 0.0140435 0.192602 -0.126696 -0.973064 -0.777957 0.584665 -0.230109 97.4184 11.1047 52.448 0.55706 0.699084 0.355437 -0.273183 1
0.00879289 0.0201582 0.0356248 0.598346 0.801127 0.0133225 0.191524 -0.126861 -0.973255 -0.778011 0.584895 -0.229342 97.4265 11.0417 52.4371 0.557258 0.699026 0.355012 -0.273483 1
0.00993401 0.023489 0.0392189 0.597588 0.80171 0.0122288 0.190629 -0.127246 -0.97338 -0.778812 0.584012 -0.22887 97.4478 10.9895 52.5007 0.557107 0.698875 0.354977 -0.274221 1
0.0108584 0.0272985 0.0399969 0.597493 0.801797 0.0111506 0.189706 -0.127829 -0.973484 -0.779111 0.583765 -0.228483 97.4808 10.9356 52.5157 0.557042 0.698893 0.354669 -0.274706 1
0.0120406 0.0318944 0.0409398 0.597577 0.801752 0.00977406 0.189161 -0.129122 -0.97342 -0.779179 0.583542 -0.22882 97.5561 10.9038 52.5142 0.556694 0.6992 0.354302 -0.275102 1
0.0155067 0.0415899 0.0485001 0.596491 0.802593 0.00654535 0.18775 -0.131598 -0.973361 -0.780351 0.58183 -0.229184 97.6997 10.8215 52.6061 0.555812 0.699513 0.35394 -0.276552 1
0.0217526 0.0584082 0.0620741 0.59451 0.804088 0.00096855 0.185526 -0.135998 -0.973183 -0.782393 0.578746 -0.230032 97.9553 10.6918 52.7702 0.554184 0.700096 0.353385 -0.279042 1
0.0237831 0.0656816 0.0614739 0.595176 0.803594 -0.00108573 0.184891 -0.138253 -0.972986 -0.782036 0.578897 -0.230863 98.0871 10.6548 52.7267 0.553638 0.700766 0.352645 -0.279381 1
0.0256678 0.0716999 0.0614643 0.59547 0.803373 -0.00277371 0.18395 -0.139706 -0.972957 -0.782034 0.578856 -0.230971 98.1712 10.5999 52.713 0.553352 0.701097 0.352064 -0.27985 1
0.0281552 0.0801334 0.0628553 0.595899 0.803042 -0.00530292 0.183677 -0.142721 -0.972571 -0.781772 0.578579 -0.232548 98.3483 10.584 52.6839 0.552411 0.701991 0.3514 -0.280301 1
0.0281848 0.0824697 0.0580956 0.59723 0.80205 -0.00571948 0.183878 -0.143855 -0.972365 -0.780708 0.579674 -0.233394 98.4155 10.5957 52.5846 0.552264 0.702581 0.350824 -0.279835 1
0.0304129 0.0877137 0.0624738 0.596891 0.802287 -0.0076095 0.184346 -0.146369 -0.971902 -0.780858 0.578716 -0.235264 98.5644 10.623 52.6056 0.551194 0.7033 0.350715 -0.280274 1
0.0306626 0.0890501 0.0607653 0.597426 0.801885 -0.00790245 0.184482 -0.147021 -0.971777 -0.780415 0.579107 -0.235768 98.6031 10.631 52.5651 0.551053 0.703601 0.350471 -0.280101 1
0.0330822 0.0961971 0.0639479 0.597104 0.8021 -0.010079 0.18342 -0.148753 -0.971715 -0.780912 0.578366 -0.235942 98.7034 10.569 52.5976 0.550547 0.703882 0.35003 -0.280939 1
0.0347642 0.0982443 0.0709516 0.596015 0.802894 -0.0113033 0.184257 -0.150455 -0.971294 -0.781547 0.576823 -0.237612 98.8052 10.6178 52.6705 0.549533 0.704287 0.350408 -0.281437 1
0.0351899 0.100926 0.0691291 0.596609 0.802443 -0.0119527 0.183983 -0.151256 -0.971222 -0.781158 0.577241 -0.237877 98.852 10.6018 52.6292 0.549426 0.704582 0.350004 -0.281412 1
0.0357859 0.104969 0.065822 0.597513 0.801755 -0.0128985 0.183264 -0.152204 -0.97121 -0.780636 0.577947 -0.237877 98.9067 10.56 52.5689 0.549416 0.70491 0.349342 -0.281431 1
0.0361213 0.107589 0.0633197 0.598055 0.801343 -0.0134358 0.182246 -0.1523 -0.971386 -0.78046 0.578493 -0.237125 98.9106 10.5006 52.5376 0.549689 0.70489 0.348845 -0.281567 1
0.0379608