0.000140392 -0.000120255 2.18199e-05 0.60972 0.792372 0.0197035 0.211801 -0.138922 -0.967389 -0.763795 0.594009 -0.252529 98.1721 12.2279 51.4004 0.551876 0.707314 0.354925 -0.262999 0
0.000353049 -0.000163062 8.04409e-05 0.610157 0.792028 0.0200167 0.212037 -0.1389 -0.96734 -0.76338 0.594473 -0.25269 98.1712 12.2418 51.3653 0.551943 0.707416 0.354836 -0.262704 0
0.000591643 -0.000243961 7.7913e-05 0.610003 0.792142 0.0202126 0.212053 -0.138611 -0.967378 -0.763499 0.594389 -0.252529 98.1541 12.2427 51.3767 0.55201 0.707309 0.354935 -0.262716 1
0.000812288 -0.000153451 0.000245529 0.609574 0.792479 0.019923 0.212552 -0.13918 -0.967187 -0.763702 0.593807 -0.253283 98.1887 12.2719 51.4037 0.551614 0.707467 0.355151 -0.262832 1
0.000900583 -0.000224422 0.000215735 0.609635 0.792451 0.0191324 0.212568 -0.140182 -0.967039 -0.763649 0.593608 -0.253909 98.2481 12.2729 51.399 0.551259 0.707765 0.354997 -0.262981 1
0.000977745 -0.000349394 0.00027417 0.609612 0.792466 0.0192497 0.213592 -0.140825 -0.966719 -0.763382 0.593435 -0.255114 98.2882 12.333 51.3903 0.550834 0.708087 0.355203 -0.262726 1
0.000963134 -0.000482237 0.000450654 0.609367 0.792634 0.0200721 0.215409 -0.141135 -0.966271 -0.763066 0.593138 -0.256744 98.3099 12.4395 51.3899 0.550338 0.708387 0.355753 -0.262214 1
0.000994585 -0.000454109 0.000451109 0.609396 0.792582 0.0212376 0.21701 -0.140971 -0.965937 -0.76259 0.593247 -0.257906 98.3033 12.5335 51.3712 0.550118 0.708568 0.356209 -0.261567 1
0.000927819 -0.000490599 0.000454897 0.609467 0.792477 0.0230204 0.219271 -0.140588 -0.965482 -0.761886 0.593477 -0.25945 98.2848 12.6662 51.3421 0.54987 0.708785 0.35686 -0.26061 1
0.000815515 -0.000462 0.000525626 0.60926 0.792596 0.0243768 0.222129 -0.141076 -0.964757 -0.761224 0.593202 -0.26201 98.3194 12.8341 51.3273 0.54913 0.709286 0.357657 -0.259714 1
0.000720166 -0.000398623 0.000638235 0.609807 0.792138 0.0255397 0.224154 -0.141471 -0.964231 -0.760191 0.59372 -0.263831 98.3468 12.9531 51.2642 0.54875 0.709773 0.357964 -0.258763 1
0.000647273 -0.000284806 0.000793752 0.610644 0.791488 0.0257099 0.225016 -0.142292 -0.963909 -0.759264 0.59439 -0.264987 98.3973 13.0038 51.1918 0.54849 0.710268 0.357789 -0.258196 1
0.000533681 -0.000272575 0.000909357 0.611428 0.79089 0.0254639 0.2254 -0.143227 -0.963681 -0.758518 0.594961 -0.26584 98.4537 13.0264 51.1283 0.548261 0.710721 0.357486 -0.257856 0
0.000498867 -0.000284733 0.00101708 0.611485 0.790851 0.0253005 0.226762 -0.144519 -0.963168 -0.758067 0.5947 -0.267706 98.5333 13.1065 51.109 0.547554 0.711286 0.357667 -0.25755 1
0.000416555 -0.000232089 0.00116974 0.612271 0.790228 0.0257724 0.228332 -0.145517 -0.962647 -0.75696 0.595286 -0.26953 98.5959 13.1989 51.0322 0.547089 0.71192 0.357681 -0.256766 1
0.000410886 -0.000259976 0.00130843 0.61276 0.789829 0.0263527 0.229411 -0.145872 -0.962337 -0.756238 0.595727 -0.27058 98.6193 13.2624 50.983 0.546879 0.712252 0.357753 -0.256189 1
0.000470126 -0.000226495 0.00127792 0.613916 0.788936 0.0262084 0.22866 -0.145959 -0.962502 -0.755527 0.596888 -0.270005 98.6229 13.2182 50.9039 0.547255 0.712369 0.357117 -0.255948 1
0.000572141 -0.000233837 0.00129569 0.614739 0.788299 0.0260805 0.228121 -0.146048 -0.962617 -0.755021 0.597708 -0.269609 98.6271 13.1865 50.8475 0.547513 0.71246 0.356659 -0.255783 1
0.000679217 -0.000140221 0.0012237 0.615061 0.78809 0.0247741 0.227106 -0.14698 -0.962715 -0.755064 0.597755 -0.269382 98.6805 13.1267 50.8344 0.547426 0.71264 0.356139 -0.256192 1
0.000803049 -4.4626e-05 0.00113499 0.615687 0.787618 0.0242318 0.226966 -0.147805 -0.962622 -0.754597 0.598173 -0.269764 98.7293 13.1185 50.7885 0.547293 0.712961 0.355764 -0.256103 1
0.0010461 -0.000107348 0.00120179 0.615614 0.787697 0.0235184 0.226302 -0.148119 -0.96273 -0.754856 0.597992 -0.269441 98.7465 13.0794 50.8014 0.547278 0.712947 0.355566 -0.256449 0
0.00116868 -0.000144681 0.00129005 0.615014 0.78819 0.0226965 0.225177 -0.147971 -0.963016 -0.755681 0.597379 -0.268486 98.7354 13.0133 50.8595 0.547393 0.712648 0.355493 -0.257134 1
0.00120475 -0.000243694 0.00135251 0.614105 0.788934 0.0214202 0.223566 -0.147866 -0.963408 -0.756898 0.596422 -0.267183 98.7258 12.9185 50.946 0.547507 0.712242 0.355392 -0.258156 0
0.0013883 -0.000377523 0.00151942 0.613064 0.789779 0.0200596 0.222312 -0.148093 -0.963663 -0.75811 0.595246 -0.266367 98.7367 12.8449 51.0384 0.547404 0.711956 0.355391 -0.259163 1
0.00147519 -0.000423118 0.00166619 0.611902 0.790682 0.0199678 0.222121 -0.147559 -0.963789 -0.759104 0.594179 -0.265919 98.7045 12.8337 51.1282 0.547363 0.711579 0.355829 -0.259682 1
0.00155084 -0.000476448 0.00176145 0.611233 0.791204 0.0197469 0.221998 -0.147446 -0.963834 -0.759678 0.593511 -0.26577 98.6976 12.8264 51.18 0.54727 0.711416 0.356051 -0.260021 1
0.00166891 -0.000423418 0.00191825 0.610963 0.79141 0.0198566 0.221521 -0.146825 -0.964039 -0.760035 0.59339 -0.265018 98.6597 12.7984 51.2056 0.547522 0.711127 0.356101 -0.260213 1
0.00183581 -0.000295607 0.00192196 0.61078 0.791563 0.0193585 0.220888 -0.14686 -0.964179 -0.760365 0.593178 -0.264546 98.6605 12.7612 51.2261 0.54758 0.711018 0.355987 -0.260544 1
0.00206897 -9.54919e-05 0.0017988 0.611342 0.791137 0.0190452 0.221038 -0.147597 -0.964032 -0.759871 0.593563 -0.265104 98.7046 12.77 51.1821 0.547412 0.711344 0.355726 -0.260361 1
0.0024053 0.000167599 0.00166606 0.612463 0.790277 0.0187244 0.220424 -0.147985 -0.964113 -0.759145 0.594611 -0.264832 98.7264 12.734 51.1041 0.547642 0.711562 0.3551 -0.260139 0
0.00267954 0.000420189 0.00158333 0.613051 0.789828 0.0184273 0.21985 -0.148147 -0.964219 -0.758838 0.595167 -0.264465 98.7349 12.7002 51.0659 0.547823 0.711629 0.354707 -0.260111 1
0.0027947 0.000570763 0.00149619 0.613275 0.789648 0.0186993 0.220618 -0.148513 -0.963987 -0.758434 0.595314 -0.26529 98.7582 12.7453 51.0408 0.547602 0.711877 0.354789 -0.259783 1
0.00300627 0.000823627 0.00134358 0.614264 0.788858 0.0195682 0.221351 -0.148452 -0.963829 -0.757418 0.596377 -0.265804 98.7561 12.7884 50.958 0.547724 0.712131 0.354643 -0.259029 0
0.00320653 0.000937703 0.00118321 0.615705 0.78774 0.019342 0.221325 -0.149328 -0.963699 -0.756256 0.597635 -0.266288 98.8081 12.7869 50.8493 0.547743 0.712622 0.353997 -0.258522 1
0.00339372 0.00100253 0.00105702 0.617291 0.786493 0.0195189 0.221562 -0.149984 -0.963543 -0.754892 0.599111 -0.26684 98.8476 12.8008 50.7264 0.547829 0.713112 0.3534 -0.257804 1
0.00344498 0.00103979 0.000848432 0.618448 0.785565 0.0202333 0.221866 -0.149851 -0.963494 -0.753855 0.60036 -0.266965 98.8403 12.8186 50.6352 0.548095 0.713314 0.353081 -0.257118 1
0.00356848 0.00111059 0.000846023 0.618816 0.785269 0.0204612 0.22279 -0.150468 -0.963184 -0.75328 0.600593 -0.268062 98.8789 12.8729 50.5971 0.547788 0.713678 0.353121 -0.256705 0
0.0037781 0.00109068 0.000876959 0.619958 0.784339 0.0215476 0.223894 -0.150517 -0.962921 -0.752013 0.601795 -0.268923 98.8842 12.9378 50.4979 0.547841 0.714037 0.353004 -0.255752 1
0.00401691 0.00101061 0.00091646 0.62139 0.783163 0.023041 0.224368 -0.149692 -0.962939 -0.750689 0.60353 -0.268734 98.8361 12.9657 50.3834 0.548399 0.714111 0.352722 -0.254739 0
0.00418431 0.000872311 0.000811702 0.622662 0.782134 0.0236374 0.223659 -0.148946 -0.96322 -0.749846 0.605047 -0.267674 98.7902 12.924 50.2942 0.5491 0.714017 0.35216 -0.254269 1
0.00432344 0.000862754 0.000599965 0.623738 0.78125 0.0244951 0.223589 -0.148306 -0.963334 -0.748972 0.606345 -0.267183 98.752 12.9199 50.2128 0.549602 0.714007 0.351831 -0.253666 0
0.00450941 0.000799483 0.00038396 0.625322 0.779937 0.0259045 0.224418 -0.147938 -0.963198 -0.747401 0.608123 -0.26754 98.7318 12.9686 50.0821 0.549965 0.714283 0.351525 -0.252525 1
0.00473342 0.000806893 0.000211627 0.626462 0.778975 0.0272715 0.22579 -0.147873 -0.962888 -0.746033 0.60937 -0.268521 98.7308 13.0493 49.979 0.550015 0.714643 0.351492 -0.251441 1
0.00500643 0.000867366 0.000121578 0.627582 0.778019 0.0287778 0.227575 -0.147972 -0.962452 -0.744547 0.610566 -0.269922 98.7405 13.1544 49.8723 0.549929 0.715101 0.351557 -0.250234 1
0.00529752 0.000895271 6.93279e-05 0.628673 0.777114 0.0293998 0.228717 -0.148631 -0.96208 -0.743276 0.611557 -0.27118 98.7822 13.2216 49.775 0.549741 0.715626 0.351381 -0.249389 1
0.00549876 0.000947887 -9.31082e-05 0.629244 0.776651 0.0294233 0.229295 -0.149337 -0.961833 -0.742614 0.611974 -0.272051 98.8254 13.2556 49.7242 0.549513 0.716001 0.351237 -0.249019 1
0.00562175 0.000859126 -0.000111416 0.629148 0.776725 0.0295015 0.230559 -0.150238 -0.96139 -0.742304 0.611659 -0.273603 98.8819 13.33 49.7167 0.548933 0.716413 0.351503 -0.24874 1
0.00565779 0.000704192 -0.000145397 0.628344 0.777357 0.0299796 0.23112 -0.149741 -0.961333 -0.74281 0.610977 -0.273752 98.8535 13.363 49.7721 0.548828 0.716212 0.352018 -0.24882 0
0.00572193 0.000710011 -0.000166002 0.62717 0.778311 0.0298259 0.231185 -0.14945 -0.961363 -0.743781 0.609834 -0.273664 98.8363 13.3668 49.8618 0.548647 0.715941 0.352507 -0.249307 1
0.00580672 0.000635485 -0.000159694 0.626634 0.778764 0.0292686 0.231103 -0.149828 -0.961323 -0.744259 0.609162 -0.273862 98.8586 13.362 49.9041 0.548394 0.715948 0.352633 -0.249666 1
0.00585197 0.000566536 -9.59055e-05 0.625468 0.779738 0.0282382 0.231438 -0.150843 -0.961084 -0.745135 0.607663 -0.274809 98.9198 13.3818 49.9898 0.547681 0.716087 0.353022 -0.250283 0
0.00583961 0.000593019 -0.000142078 0.624525 0.780503 0.0280056 0.231069 -0.150401 -0.961242 -0.74604 0.606791 -0.274279 98.8927 13.36 50.0667 0.547687 0.715752 0.353325 -0.250797 1
0.00582981 0.000678192 -0.000317228 0.624593 0.780459 0.0277081 0.229711 -0.149693 -0.961678 -0.746403 0.607022 -0.272777 98.8476 13.28 50.0773 0.548207 0.715378 0.353019 -0.251159 1
0.0057548 0.000754348 -0.000503305 0.625055 0.780075 0.028116 0.22883 -0.148681 -0.962045 -0.746287 0.607764 -0.271438 98.7854 13.2282 50.052 0.548848 0.715048 0.35274 -0.251092 0
0.0057869 0.000775549 -0.000787596 0.62513 0.779987 0.0288389 0.228993 -0.147956 -0.962118 -0.746173 0.608053 -0.271103 98.7425 13.2378 50.0443 0.549106 0.714876 0.352852 -0.25086 0
0.00584524 0.000632499 -0.00110582 0.625609 0.779566 0.0298338 0.228981 -0.146934 -0.962278 -0.745775 0.608841 -0.270429 98.6816 13.2371 50.0077 0.549601 0.714663 0.352805 -0.250447 0
0.00583927 0.000417435 -0.00131303 0.625443 0.779648 0.0311504 0.229236 -0.145442 -0.962443 -0.745836 0.609095 -0.269689 98.5934 13.2521 50.0175 0.550071 0.714243 0.35313 -0.250155 1
0.00587771 0.000257761 -0.00154489 0.625205 0.779817 0.0316928 0.229767 -0.1451 -0.962368 -0.745872 0.60896 -0.269894 98.5741 13.2834 50.0296 0.550048 0.714178 0.353408 -0.250001 1
0.00589699 9.33671e-05 -0.00169751 0.624975 0.780026 0.0310681 0.229658 -0.145679 -0.962307 -0.746099 0.608553 -0.270185 98.6084 13.2769 50.0485 0.549798 0.71429 0.353387 -0.250259 1
0.00588399 -1.5296e-05 -0.0018126 0.624355 0.780521 0.0311099 0.230673 -0.146177 -0.961989 -0.746305 0.607799 -0.271311 98.6402 13.3367 50.0843 0.549287 0.714465 0.353829 -0.250255 1
0.00588212 -0.000145198 -0.00183127 0.624073 0.780702 0.0322069 0.232128 -0.145884 -0.961683 -0.746089 0.607637 -0.272265 98.6258 13.4224 50.0889 0.549073 0.714532 0.354368 -0.249773 0
0.00584955 -0.00023198 -0.00196408 0.624348 0.780483 0.0321693 0.232715 -0.146533 -0.961443 -0.745676 0.607761 -0.273118 98.6657 13.457 50.0609 0.548794 0.714842 0.354343 -0.249533 1
0.00587929 -0.000222602 -0.00196555 0.625097 0.77988 0.0322627 0.231877 -0.146072 -0.961715 -0.74531 0.608646 -0.272146 98.6365 13.4076 50.0132 0.54929 0.714723 0.353899 -0.249414 1
0.00588753 -0.000130368 -0.00197146 0.625868 0.779249 0.0325458 0.230555 -0.144988 -0.962197 -0.745073 0.609712 -0.270404 98.5691 13.3298 49.9694 0.550108 0.714363 0.353393 -0.249357 1
0.00597378 2.68616e-05 -0.00204194 0.626617 0.778654 0.0323766 0.228603 -0.143933 -0.962821 -0.745045 0.610721 -0.268194 98.5022 13.2149 49.9346 0.55102 0.713923 0.352719 -0.249561 1
0.00612052 0.000141265 -0.00214716 0.627978 0.777597 0.0314102 0.226484 -0.143994 -0.963312 -0.744546 0.612053 -0.266539 98.5015 13.0902 49.8545 0.55169 0.713882 0.351627 -0.249739 0
0.00614242 0.000190329 -0.00225749 0.628717 0.777037 0.0304634 0.225483 -0.144671 -0.963446 -0.744226 0.612603 -0.266166 98.5398 13.0313 49.8091 0.551788 0.714065 0.350991 -0.249894 1
0.00604299 0.000187818 -0.00237337 0.631535 0.774958 0.0245848 0.219373 -0.148181 -0.964322 -0.743666 0.614396 -0.263587 98.7359 12.6722 49.6615 0.552215 0.714721 0.347804 -0.251525 1
0.00604404 0.000162361 -0.00244929 0.632713 0.774038 0.0232266 0.218332 -0.149531 -0.964351 -0.742971 0.615228 -0.263607 98.814 12.6111 49.5823 0.552172 0.715166 0.346902 -0.2516 1
0.00600709 3.19977e-05 -0.00244261 0.633556 0.773351 0.0231086 0.218653 -0.150318 -0.964155 -0.742157 0.615899 -0.264331 98.8615 12.6299 49.5137 0.552021 0.715578 0.346575 -0.251213 0
0.00597608 -3.87945e-05 -0.00247743 0.633722 0.773195 0.0237767 0.21944 -0.150212 -0.963993 -0.741783 0.616121 -0.264863 98.8568 12.6761 49.492 0.551962 0.715681 0.346745 -0.250812 1
0.00597828 -0.000158005 -0.00237593 0.632614 0.774189 0.0207607 0.214161 -0.149111 -0.96535 -0.744268 0.615141 -0.26013 98.7807 12.3663 49.6361 0.553031 0.714468 0.345834 -0.253163 0
0.00607024 -0.00021447 -0.00234392 0.631284 0.775279 0.0205511 0.213017 -0.147851 -0.965797 -0.745724 0.61407 -0.258484 98.7037 12.2992 49.7508 0.553387 0.713726 0.346175 -0.25401 1
0.00620987 -0.00031258 -0.00238548 0.629947 0.776342 0.0214351 0.213294 -0.146403 -0.965956 -0.746774 0.613074 -0.257815 98.6183 12.3155 49.8504 0.553563 0.713121 0.346938 -0.254283 1
0.00625944 -0.000347955 -0.00248363 0.629295 0.776838 0.0225822 0.213272 -0.144678 -0.966221 -0.747331 0.612854 -0.256724 98.516 12.3142 49.9007 0.554052 0.712513 0.347401 -0.254293 1
0.00636628 -0.000385501 -0.00263204 0.628785 0.777205 0.0241042 0.213339 -0.142623 -0.966512 -0.74774 0.61287 -0.255488 98.3943 12.3181 49.9391 0.554679 0.711846 0.347879 -0.254141 0
0.00652835 -0.000475555 -0.00275135 0.628428 0.777459 0.0251961 0.21385 -0.141533 -0.966559 -0.747894 0.612801 -0.255203 98.3306 12.3481 49.9609 0.554908 0.711541 0.348297 -0.25392 1
0.00676655 -0.000601745 -0.00293431 0.627706 0.77803 0.0255906 0.214352 -0.141147 -0.966504 -0.748357 0.612166 -0.255372 98.3087 12.3775 50.0108 0.554794 0.711376 0.348754 -0.254003 0
0.00685724 -0.00061959 -0.003133 0.626994 0.778569 0.0266391 0.215781 -0.140711 -0.96625 -0.748544 0.611581 -0.256225 98.2855 12.4614 50.0499 0.55454 0.711325 0.349471 -0.253718 1
0.00700086 -0.000807588 -0.0033475 0.624604 0.780337 0.0307425 0.221893 -0.139591 -0.965027 -0.748755 0.609581 -0.260341 98.2307 12.8203 50.1655 0.553324 0.711431 0.352188 -0.252313 1
0.00700176 -0.000982536 -0.00359284 0.624323 0.78054 0.0312788 0.22332 -0.139968 -0.964644 -0.748565 0.609234 -0.261695 98.2559 12.9041 50.171 0.55287 0.711686 0.352634 -0.251967 1
0.00699971 -0.00117187 -0.0038555 0.623846 0.780932 0.0310011 0.22419 -0.140813 -0.964319 -0.748702 0.608536 -0.262923 98.3078 12.9553 50.1977 0.552293 0.711966 0.352939 -0.252014 0
0.00697755 -0.00133804 -0.00420024 0.628813 0.77699 0.0296639 0.223917 -0.144417 -0.963849 -0.744618 0.612723 -0.264792 98.5214 12.9392 49.8196 0.552178 0.713797 0.350558 -0.250405 0
0.00690959 -0.00152559 -0.00455884 0.629535 0.776421 0.0292526 0.224318 -0.145576 -0.963581 -0.743887 0.61317 -0.26581 98.5912 12.9628 49.7595 0.551849 0.714304 0.35025 -0.250115 1
0.00686692 -0.00164412 -0.00470482 0.63007 0.775986 0.0292782 0.225114 -0.146439 -0.963265 -0.743193 0.613516 -0.266952 98.6441 13.0096 49.7091 0.551516 0.714748 0.350158 -0.249708 1
0.00682291 -0.00173808 -0.00477252 0.630376 0.775735 0.029345 0.225741 -0.147011 -0.963031 -0.742743 0.613696 -0.267787 98.6794 13.0465 49.6783 0.551266 0.715048 0.350143 -0.249423 1
0.00690469 -0.0018007 -0.00476274 0.628442 0.777054 0.0353278 0.228844 -0.141289 -0.963155 -0.743432 0.613372 -0.266616 98.3454 13.229 49.7913 0.55239 0.713503 0.35245 -0.248108 1
0.00700208 -0.00184598 -0.00470997 0.627687 0.777597 0.0367699 0.230894 -0.140857 -0.962729 -0.743436 0.612782 -0.267956 98.3239 13.3497 49.8254 0.552013 0.71353 0.353346 -0.247595 0
0.00703098 -0.00186384 -0.00468736 0.626701 0.778376 0.0371129 0.236295 -0.144436 -0.960886 -0.74257 0.610958 -0.274445 98.5484 13.668 49.8369 0.549504 0.715119 0.354721 -0.246622 0
0.00706322 -0.00190059 -0.00461517 0.623662 0.780967 0.0337141 0.235311 -0.146436 -0.960825 -0.745436 0.607164 -0.275097 98.6655 13.61 50.0828 0.548208 0.715051 0.355316 -0.248836 1
0.00707857 -0.00193598 -0.00467477 0.622788 0.78164 0.0342581 0.235291 -0.145354 -0.960994 -0.746172 0.606557 -0.274438 98.601 13.6088 50.1501 0.548406 0.714594 0.355772 -0.249062 0
0.00705244 -0.0018357 -0.00511471 0.622451 0.7819 0.0344567 0.235191 -0.144876 -0.961091 -0.746485 0.606336 -0.274074 98.5723 13.6029 50.1772 0.548521 0.714388 0.355931 -0.249174 0
0.00721945 -0.00173309 -0.00522782 0.62125 0.782834 0.034917 0.236186 -0.144576 -0.960892 -0.747171 0.605201 -0.274712 98.5566 13.6615 50.2575 0.54817 0.714237 0.356681 -0.249306 0
0.00735451 -0.00156359 -0.00535964 0.619494 0.784162 0.0362992 0.238771 -0.144178 -0.960313 -0.747807 0.603575 -0.276552 98.5384 13.814 50.3612 0.54744 0.714182 0.358078 -0.249064 1
0.00744587 -0.00152094 -0.00544505 0.615617 0.787086 0.0388828 0.240442 -0.140615 -0.960425 -0.750469 0.600602 -0.275813 98.3294 13.9126 50.6377 0.547537 0.712749 0.36041 -0.249592 1
0.00749343 -0.00148784 -0.00560963 0.614432 0.787975 0.039604 0.240938 -0.139601 -0.960448 -0.75128 0.599672 -0.275628 98.27 13.9419 50.7221 0.547541 0.712331 0.361108 -0.24977 0
0.00795419 -0.00161088 -0.00611483 0.61509 0.78751 0.0386425 0.24102 -0.141134 -0.960203 -0.750716 0.599925 -0.276615 98.3616 13.9467 50.6709 0.547115 0.712888 0.360691 -0.249714 0
0.0080883 -0.00164026 -0.00622048 0.610769 0.79057 0.044264 0.246943 -0.13707 -0.959287 -0.752316 0.596834 -0.278944 98.1318 14.2967 50.9285 0.546524 0.711826 0.364385 -0.248675 1
0.00807674 -0.00156474 -0.00646817 0.604223 0.795786 0.0405004 0.251218 -0.142016 -0.957456 -0.756178 0.588691 -0.285724 98.4369 14.5496 51.3734 0.542329 0.712735 0.367249 -0.251032 0
0.00813438 -0.00145387 -0.00671255 0.599582 0.799175 0.0426632 0.256908 -0.141711 -0.95599 -0.757957 0.584155 -0.290282 98.4318 14.8867 51.6542 0.540275 0.712667 0.370469 -0.250922 1
0.00815017 -0.00143608 -0.00689865 0.591838 0.805593 0.0273667 0.246629 -0.148657 -0.95764 -0.7674 0.573517 -0.286663 98.8237 14.2781 52.3597 0.537707 0.711891 0.369516 -0.259883 1
0.00814072 -0.0014293 -0.00696375 0.60042 0.799372 0.022376 0.241568 -0.154629 -0.957985 -0.762326 0.580598 -0.285945 99.1691 13.9791 51.7755 0.53848 0.714317 0.364313 -0.258971 0
0.00825103 -0.00139108 -0.0070058 0.604466 0.796338 0.0216179 0.243493 -0.158851 -0.956806 -0.758507 0.58362 -0.289923 99.4264 14.0928 51.4481 0.537515 0.716457 0.362838 -0.25713 0
0.00839639 -0.00124935 -0.00704251 0.602993 0.79763 0.0136392 0.240081 -0.165139 -0.956604 -0.760763 0.5801 -0.291073 99.7945 13.8913 51.5991 0.535439 0.717497 0.361573 -0.260323 1
0.00848817 -0.00121099 -0.00721703 0.605338 0.795922 0.00859035 0.243293 -0.174739 -0.954083 -0.757875 0.579633 -0.299418 100.379 14.081 51.3845 0.531785 0.721023 0.360327 -0.259799 1
0.00834466 -0.00109702 -0.00720579 0.592017 0.805615 0.0223425 0.25174 -0.158517 -0.954725 -0.765599 0.570838 -0.296651 99.4271 14.5805 52.2862 0.533116 0.715399 0.369498 -0.259735 1
0.00815033 -0.00108417 -0.00730761 0.595039 0.803138 0.0299869 0.258416 -0.155862 -0.953377 -0.761019 0.575045 -0.300287 99.2848 14.9761 51.9783 0.533594 0.716098 0.370603 -0.255214 1
0.00799395 -0.000963243 -0.00731725 0.594041 0.803459 0.0396096 0.263085 -0.14751 -0.953429 -0.760198 0.576797 -0.299005 98.7948 15.2532 51.9949 0.535613 0.71424 0.373314 -0.252222 0
0.00804717 -0.000782319 -0.00780573 0.607075 0.793082 0.0498093 0.269172 -0.146256 -0.951922 -0.747667 0.591296 -0.302264 98.7348 15.615 50.9248 0.538181 0.716867 0.37045 -0.243371 1
0.00797928 -0.000706547 -0.00781463 0.61507 0.786111 0.0609857 0.27227 -0.139167 -0.952104 -0.739972 0.602215 -0.299632 98.3159 15.7994 50.2664 0.54228 0.716566 0.369254 -0.236889 1
0.00790851 -0.000693346 -0.00784231 0.62564 0.776549 0.0744668 0.278259 -0.132963 -0.951259 -0.728798 0.615867 -0.299269 97.957 16.1563 49.3554 0.546216 0.717264 0.36765 -0.228065 1
0.00788921 -0.000674864 -0.00796732 0.633859 0.768789 0.084765 0.285962 -0.131113 -0.949229 -0.718643 0.625917 -0.302952 97.8643 16.6164 48.587 0.547676 0.719014 0.366735 -0.220398 0
0.00782741 -0.000609912 -0.00809319 0.638648 0.763906 0.0926045 0.286799 -0.124627 -0.94985 -0.714055 0.633179 -0.29868 97.4749 16.6664 48.1907 0.551213 0.717975 0.365857 -0.21639 1
0.00779491 -0.000612934 -0.0082283 0.64918 0.754743 0.0944884 0.282972 -0.124331 -0.951036 -0.70604 0.644131 -0.294285 97.4482 16.4377 47.4025 0.554654 0.718992 0.360823 -0.212642 1
0.00791453 -0.000694713 -0.00832075 0.650926 0.753582 0.0917018 0.280995 -0.126958 -0.951275 -0.705221 0.644977 -0.294393 97.6018 16.3196 47.2927 0.554431 0.71977 0.359343 -0.213096 1
0.00804296 -0.000906372 -0.00839548 0.655964 0.74797 0.101253 0.286307 -0.122448 -0.950281 -0.698384 0.65234 -0.294471 97.3424 16.637 46.794 0.556562 0.719876 0.359186 -0.207373 1
0.00800346 -0.00110956 -0.00852872 0.66276 0.74219 0.0995189 0.283268 -0.125461 -0.950799 -0.693188 0.658342 -0.293389 97.5169 16.4553 46.2855 0.557654 0.721389 0.355376 -0.205738 0
0.00807437 -0.00137801 -0.00875418 0.661602 0.742389 0.10555 0.289991 -0.123505 -0.949027 -0.691511 0.658487 -0.296997 97.4147 16.8574 46.2663 0.557024 0.721475 0.357732 -0.203043 1
0.00818911 -0.00149064 -0.00898494 0.665119 0.737925 0.11438 0.29147 -0.115525 -0.949578 -0.687504 0.664921 -0.291921 96.9365 16.946 45.9481 0.56073 0.71982 0.357518 -0.199051 0
0.00814873 -0.00148817 -0.00909921 0.668745 0.733737 0.120047 0.284262 -0.103133 -0.953183 -0.687005 0.671561 -0.277543 96.1753 16.5147 45.7716 0.567466 0.71579 0.355551 -0.198018 1
0.0081652 -0.00158197 -0.00924567 0.669748 0.73225 0.123479 0.284494 -0.0994206 -0.953509 -0.685931 0.67374 -0.274908 95.9526 16.5286 45.6839 0.569082 0.714856 0.355577 -0.196701 1
0.00836558 -0.00155506 -0.00988127 0.672192 0.72973 0.125107 0.280809 -0.0949304 -0.955057 -0.685058 0.677113 -0.268726 95.6764 16.3085 45.5431 0.571956 0.713416 0.35412 -0.196222 1
-0.115635 -0.0831318 0.361085 -0.0789823 0.969835 0.230612 -0.889392 -0.173045 0.423129 0.450271 -0.171685 0.876231 -112.243 -62.7969 -99.9491 0.637221 -0.233362 -0.0861784 -0.729427 1
-0.115931 -0.081876 0.362774 -0.0124948 0.973045 0.230277 -0.886594 -0.117273 0.447436 0.46238 -0.198572 0.864161 -104.687 -62.4483 -91.5479 0.658482 -0.245264 -0.0881206 -0.706033 0
-0.118547 -0.0834655 0.362119 0.0134366 0.955312 0.295294 -0.848677 -0.145266 0.508572 0.528741 -0.257442 0.808799 -105.941 -58.068 -88.5443 0.647489 -0.295763 -0.0901357 -0.696532 0
-0.119847 -0.0820827 0.364423 0.0973044 0.94761 0.304248 -0.843034 -0.0840048 0.53126 0.528986 -0.308185 0.790693 -98.9854 -57.4619 -79.5772 0.671564 -0.312496 -0.0836623 -0.666595 0
-0.122562 -0.0893681 0.373276 0.142594 0.900893 0.40995 -0.845975 -0.104074 0.522967 0.513802 -0.421379 0.747293 -101.255 -57.7766 -74.4893 0.668171 -0.353332 -0.038857 -0.6536 0
-0.123401 -0.0909144 0.372401 0.201909 0.879627 0.430685 -0.818006 -0.0903725 0.568066 0.538608 -0.467 0.701293 -99.0393 -54.8857 -69.4504 0.673207 -0.384379 -0.040078 -0.630428 0
-0.129223 -0.0948424 0.370302 0.206096 0.835871 0.508767 -0.804396 -0.151339 0.574494 0.557199 -0.527651 0.641181 -104.758 -53.552 -69.7016 0.651141 -0.423159 -0.0185951 -0.629767 0
-0.13338 -0.0976851 0.368935 0.207991 0.778494 0.592189 -0.803022 -0.209774 0.557809 0.558477 -0.59156 0.581516 -110.61 -53.4196 -69.5734 0.628437 -0.457233 0.0134111 -0.629146 0
-0.131135 -0.105876 0.364766 0.285836 0.703903 0.650245 -0.798231 -0.200548 0.567985 0.530212 -0.681397 0.504553 -109.447 -52.9615 -61.671 0.630445 -0.495437 0.0475986 -0.595665 0
-0.131435 -0.102655 0.368953 0.30341 0.688499 0.65872 -0.808207 -0.180229 0.560641 0.504721 -0.702486 0.501766 -107.821 -53.9211 -58.9881 0.637367 -0.495447 0.0604041 -0.587066 0
-0.135009 -0.104758 0.369815 0.36962 0.610742 0.700268 -0.778656 -0.207646 0.592096 0.507026 -0.764118 0.398808 -109.326 -51.1377 -53.9081 0.624656 -0.542784 0.0773391 -0.556065 0
-0.135503 -0.105589 0.372584 0.399025 0.598369 0.69479 -0.77649 -0.182503 0.603122 0.487691 -0.780158 0.391804 -106.836 -50.9403 -50.7102 0.634099 -0.545373 0.081651 -0.542052 0
-0.140792 -0.109042 0.379944 0.367744 0.571578 0.733527 -0.782316 -0.236288 0.576324 0.502738 -0.78579 0.360262 -112.293 -51.4731 -53.8152 0.610679 -0.557622 0.0944805 -0.554258