6.3557e-05 -0.000102919 6.89848e-05 0.609606 0.792467 0.0194102 0.211627 -0.139099 -0.967401 -0.763933 0.593842 -0.252503 98.1823 12.2177 51.4107 0.551816 0.707321 0.354893 -0.263149 0
3.09571e-05 -0.000135094 8.51631e-05 0.609403 0.792603 0.0201805 0.212506 -0.138761 -0.967257 -0.763851 0.593738 -0.252994 98.1638 12.2692 51.417 0.551736 0.707311 0.355257 -0.262851 1
-2.37234e-05 2.41837e-06 0.000110183 0.609031 0.792867 0.0210566 0.213887 -0.138614 -0.966974 -0.763763 0.593421 -0.254004 98.1577 12.3502 51.4308 0.551456 0.707398 0.355794 -0.262478 1
7.84087e-06 -6.67605e-05 0.000168176 0.608706 0.793099 0.0217192 0.215714 -0.139093 -0.966499 -0.763508 0.592999 -0.255749 98.1895 12.4574 51.4365 0.550877 0.707734 0.356353 -0.26203 1
0.000185639 -4.74146e-05 0.000233871 0.606883 0.794496 0.0216654 0.216573 -0.139081 -0.966309 -0.764715 0.591129 -0.256472 98.1903 12.5078 51.5642 0.550302 0.707537 0.357249 -0.262548 1
0.000337054 4.73652e-05 0.000155747 0.605495 0.795527 0.022631 0.218434 -0.138777 -0.965934 -0.765285 0.589812 -0.257799 98.1758 12.6171 51.6489 0.549754 0.707473 0.358304 -0.262432 1
0.000551625 0.000135415 2.01001e-05 0.602962 0.797427 0.0233859 0.220584 -0.138477 -0.965488 -0.766668 0.587311 -0.259396 98.1621 12.7433 51.816 0.548883 0.707254 0.359846 -0.262735 1
0.000812629 0.000146927 -5.59691e-05 0.601015 0.798844 0.0250853 0.222527 -0.137109 -0.965237 -0.767634 0.585704 -0.260169 98.0846 12.8575 51.941 0.548575 0.706805 0.361263 -0.262643 1
0.000833785 8.34957e-05 -4.08247e-05 0.599344 0.800026 0.0273185 0.224015 -0.134863 -0.965209 -0.768508 0.584612 -0.260047 97.9541 12.945 52.0501 0.548733 0.70609 0.362574 -0.262427 1
0.000949482 -3.66355e-05 8.86018e-05 0.597258 0.80151 0.0294056 0.224824 -0.132113 -0.965402 -0.769894 0.583205 -0.259104 97.7924 12.9925 52.1969 0.5491 0.705067 0.363914 -0.26256 1
0.000970017 -0.000157911 0.000210191 0.596021 0.802342 0.031729 0.225976 -0.129687 -0.965462 -0.770515 0.582605 -0.258606 97.6506 13.0603 52.2768 0.549483 0.704329 0.364999 -0.262231 1
0.001041 -4.09508e-05 0.000355637 0.595757 0.802496 0.0327527 0.226562 -0.128792 -0.965444 -0.770547 0.582591 -0.258544 97.5985 13.0947 52.2902 0.549641 0.704112 0.365375 -0.261959 1
0.00110912 7.3493e-05 0.000496094 0.594321 0.803495 0.0343221 0.226843 -0.126539 -0.965676 -0.771573 0.581707 -0.257472 97.4653 13.1113 52.3939 0.55007 0.703266 0.366269 -0.262081 1
0.00127457 9.52319e-05 0.000566525 0.593239 0.804236 0.0356537 0.226696 -0.124396 -0.965989 -0.772448 0.581145 -0.256114 97.3379 13.1027 52.4758 0.55062 0.702451 0.366906 -0.262223 1
0.00143191 -1.77742e-05 0.000598075 0.592273 0.804913 0.0364407 0.225262 -0.121991 -0.966631 -0.773608 0.580718 -0.253569 97.1928 13.0183 52.5624 0.551524 0.701397 0.367187 -0.26275 1
0.0015864 -0.000160281 0.000694517 0.592064 0.805035 0.0371315 0.224078 -0.12019 -0.967132 -0.774112 0.580924 -0.251551 97.0841 12.9487 52.5902 0.552341 0.700679 0.367184 -0.262952 1
0.00178239 -0.000364295 0.000696094 0.592022 0.805033 0.0378395 0.222538 -0.118168 -0.967736 -0.774588 0.581342 -0.249109 96.9618 12.8582 52.6091 0.553341 0.699875 0.367055 -0.263172 1
0.00179486 -0.000313993 0.000609725 0.591834 0.805101 0.0393112 0.221228 -0.115343 -0.968377 -0.775107 0.581815 -0.246375 96.7924 12.7812 52.6364 0.554553 0.698847 0.367151 -0.263218 1
0.00178607 -0.000175847 0.000586361 0.591562 0.805254 0.0402479 0.220269 -0.113392 -0.968826 -0.775588 0.581986 -0.244451 96.6756 12.7248 52.6663 0.555364 0.698105 0.367252 -0.263334 1
0.00170999 -2.3311e-05 0.000536846 0.591425 0.805426 0.0387909 0.218187 -0.113533 -0.96928 -0.77628 0.581721 -0.24288 96.6807 12.6026 52.6973 0.555656 0.697825 0.366716 -0.26421 1
0.0016168 0.000149554 0.000385051 0.591869 0.805131 0.0381522 0.217005 -0.113582 -0.96954 -0.776273 0.58212 -0.241943 96.6818 12.5332 52.6763 0.555955 0.697745 0.366228 -0.264466 1
0.00159656 0.000420775 0.000267137 0.592432 0.804709 0.0383097 0.216874 -0.113506 -0.969578 -0.77588 0.582718 -0.241765 96.6771 12.5255 52.636 0.556139 0.697801 0.366001 -0.264248 1
0.0016636 0.000545272 0.000310439 0.591857 0.805115 0.0386635 0.21684 -0.112838 -0.969664 -0.776328 0.582286 -0.241365 96.6376 12.5235 52.6788 0.556249 0.697506 0.366289 -0.264394 1
0.00183838 0.000790804 0.000326801 0.590908 0.805799 0.0389327 0.217361 -0.112549 -0.969581 -0.776905 0.581396 -0.241656 96.6213 12.5541 52.7437 0.556036 0.697337 0.36681 -0.264568 1
0.00190881 0.00106727 0.000401881 0.590443 0.806088 0.0399908 0.218583 -0.112016 -0.969368 -0.776916 0.581098 -0.242337 96.5916 12.6258 52.7658 0.555898 0.69728 0.367382 -0.264214 1
0.0020099 0.00131391 0.000483715 0.589871 0.806419 0.0417071 0.219025 -0.110069 -0.969491 -0.777226 0.58101 -0.241553 96.4772 12.6518 52.8035 0.556383 0.696687 0.367971 -0.263934 1
0.00219779 0.00147013 0.000587055 0.589383 0.806696 0.0432327 0.22003 -0.108804 -0.969406 -0.777312 0.580864 -0.241625 96.404 12.7108 52.8294 0.556542 0.696386 0.368591 -0.263532 1
0.00233642 0.00154518 0.000543339 0.588715 0.807098 0.0448096 0.221495 -0.107755 -0.96919 -0.777402 0.580502 -0.242205 96.3441 12.7968 52.8639 0.556497 0.696181 0.369369 -0.263075 1
0.00245031 0.0017963 0.000476036 0.588669 0.807095 0.0454535 0.222147 -0.107451 -0.969074 -0.777251 0.580561 -0.242546 96.3271 12.8351 52.8607 0.556478 0.69618 0.369603 -0.262791 1
0.00241163 0.0019813 0.000443454 0.588853 0.806928 0.0460338 0.223097 -0.107533 -0.968847 -0.77684 0.580778 -0.243345 96.3334 12.891 52.8375 0.556321 0.696371 0.369783 -0.262362 1
0.00248893 0.00213845 0.000454865 0.588548 0.807194 0.0452571 0.22389 -0.108943 -0.968506 -0.776842 0.580145 -0.244841 96.418 12.9376 52.8519 0.5556 0.696838 0.369915 -0.262466 1
0.00247901 0.00224762 0.000495516 0.588633 0.80715 0.0449399 0.224402 -0.109739 -0.968298 -0.77663 0.580057 -0.245722 96.4658 12.9677 52.8403 0.555242 0.697154 0.369916 -0.262385 1
0.00238335 0.00240802 0.00052564 0.58881 0.807015 0.045047 0.224669 -0.109877 -0.96822 -0.776419 0.580219 -0.246008 96.4744 12.9834 52.8245 0.555186 0.697262 0.369906 -0.26223 1
0.00230699 0.00257684 0.000662249 0.589866 0.806237 0.0451777 0.225313 -0.110604 -0.967988 -0.775431 0.581162 -0.246897 96.5184 13.0213 52.74 0.55506 0.69774 0.369604 -0.261649 1
0.00237542 0.00269341 0.000687054 0.591159 0.805278 0.0453761 0.225559 -0.111046 -0.96788 -0.774374 0.582406 -0.247283 96.545 13.0357 52.6418 0.555164 0.69812 0.369147 -0.261057 1
0.0024282 0.00288704 0.000700162 0.592361 0.804413 0.0450291 0.224864 -0.111401 -0.968001 -0.773656 0.583532 -0.246873 96.5649 12.9949 52.56 0.555447 0.698326 0.36848 -0.260848 1
0.00248706 0.00300433 0.000702023 0.593829 0.80332 0.0452084 0.224841 -0.111732 -0.967968 -0.772537 0.584972 -0.246969 96.5845 12.9935 52.4515 0.555681 0.698665 0.367902 -0.260257 1
0.00259391 0.00306873 0.000524604 0.594322 0.803033 0.0438125 0.224037 -0.112995 -0.968008 -0.772392 0.585124 -0.247065 96.658 12.9462 52.4233 0.555487 0.698996 0.367337 -0.260581 1
0.00280585 0.00325949 0.000399215 0.595297 0.802379 0.0425249 0.223297 -0.114364 -0.968018 -0.771855 0.585754 -0.24725 96.7378 12.9028 52.3586 0.555357 0.699448 0.366602 -0.26068 1
0.00304777 0.00345788 0.000245379 0.597028 0.80116 0.0412228 0.222949 -0.116343 -0.967863 -0.770617 0.587032 -0.248078 96.8544 12.8823 52.2336 0.555114 0.700259 0.365618 -0.260402 1
0.00327476 0.00375749 0.000245035 0.597844 0.800609 0.0400861 0.222584 -0.117755 -0.967776 -0.77009 0.587502 -0.248602 96.9374 12.8608 52.1767 0.554862 0.70075 0.365035 -0.260437 1
0.00357584 0.00394988 0.000216858 0.598218 0.800337 0.0399588 0.222909 -0.118304 -0.967634 -0.769706 0.587763 -0.249174 96.9704 12.88 52.1455 0.554694 0.701016 0.364915 -0.260246 1
0.00383248 0.00405573 0.000238038 0.598384 0.800219 0.0398307 0.223296 -0.118819 -0.967482 -0.769465 0.587819 -0.249785 97.0016 12.9027 52.1291 0.554477 0.701247 0.364891 -0.26012 1
0.00412623 0.00418526 0.000367955 0.599182 0.799674 0.0387466 0.223343 -0.12048 -0.967265 -0.768829 0.588222 -0.250792 97.1001 12.9055 52.0691 0.554056 0.701864 0.364393 -0.260051 1
0.00449189 0.00418772 0.00035482 0.600863 0.798419 0.0386058 0.224024 -0.121838 -0.966938 -0.767318 0.589646 -0.252073 97.1817 12.9455 51.9366 0.553839 0.702633 0.36379 -0.259279 1
0.00492357 0.0042746 0.000328188 0.601864 0.797659 0.038731 0.225242 -0.123024 -0.966505 -0.766176 0.590428 -0.25371 97.2541 13.0171 51.8489 0.553428 0.703313 0.363601 -0.258578 1
0.00518882 0.0042947 0.00018799 0.602192 0.79739 0.0391639 0.227054 -0.124029 -0.965952 -0.765383 0.590581 -0.25574 97.3168 13.1237 51.8048 0.552816 0.703911 0.36384 -0.257923 1
0.00547671 0.00429406 0.000223533 0.603323 0.796539 0.0390795 0.227683 -0.125077 -0.965669 -0.764305 0.591508 -0.25682 97.3801 13.1607 51.7134 0.552591 0.704489 0.363463 -0.257359 1
0.00573718 0.0042875 0.000139476 0.605223 0.795085 0.0393133 0.228687 -0.12635 -0.965266 -0.762501 0.593192 -0.258295 97.4574 13.2198 51.5598 0.552399 0.705313 0.362878 -0.256336 1
0.00594699 0.00411082 -0.000107676 0.607203 0.793549 0.0398116 0.230164 -0.127716 -0.964735 -0.76048 0.594953 -0.260196 97.5412 13.3067 51.3945 0.552108 0.706243 0.36238 -0.255106 1
0.00600438 0.00401624 -0.000411427 0.608443 0.792671 0.0383488 0.230328 -0.130141 -0.964371 -0.759438 0.595597 -0.261758 97.6856 13.3164 51.2992 0.551485 0.707167 0.361654 -0.254922 1
0.00611231 0.00389714 -0.000509351 0.608686 0.792532 0.0373542 0.230514 -0.131599 -0.964129 -0.759187 0.595462 -0.262792 97.7726 13.3274 51.2788 0.550975 0.707651 0.361423 -0.25501 1
0.00612351 0.00383598 -0.00058291 0.609609 0.791876 0.0361803 0.230399 -0.133327 -0.963919 -0.758481 0.59595 -0.263725 97.8751 13.3206 51.2103 0.550581 0.708283 0.360828 -0.254947 1
0.00616472 0.003732 -0.000629903 0.610359 0.791336 0.0353481 0.230413 -0.13467 -0.963729 -0.757873 0.596365 -0.264531 97.9549 13.3214 51.1535 0.550263 0.708795 0.360383 -0.254843 1
0.00610542 0.00375246 -0.00051317 0.610662 0.791067 0.0361251 0.230762 -0.134126 -0.963721 -0.757523 0.596845 -0.264454 97.9233 13.3419 51.1267 0.550473 0.708739 0.360439 -0.254465 1
0.00602228 0.00372425 -0.000450873 0.610992 0.790775 0.0369346 0.231649 -0.13398 -0.963529 -0.756986 0.597264 -0.265043 97.9163 13.3942 51.0917 0.550447 0.708875 0.36058 -0.253942 1
0.00610407 0.00359553 -0.000436017 0.610172 0.791334 0.0384732 0.233482 -0.133201 -0.963195 -0.757084 0.596697 -0.266038 97.8736 13.5021 51.1329 0.550212 0.708769 0.361478 -0.253472 1
0.00615078 0.00355628 -0.000312071 0.609819 0.791564 0.0393428 0.234694 -0.132947 -0.962935 -0.756994 0.596449 -0.266849 97.8608 13.5736 51.1458 0.550005 0.708805 0.361968 -0.25312 1
0.00624826 0.00347725 -0.000228528 0.608795 0.792294 0.0404857 0.23629 -0.132375 -0.962623 -0.757321 0.595607 -0.2678 97.8299 13.6677 51.2049 0.549686 0.708691 0.362847 -0.252873 1
0.00639888 0.00344321 -0.000194553 0.608563 0.792448 0.0409469 0.237056 -0.132317 -0.962443 -0.757268 0.595414 -0.268378 97.828 13.7129 51.2136 0.549515 0.708741 0.363145 -0.252674 1
0.00650765 0.00356934 -0.000105385 0.608961 0.792113 0.0415157 0.237542 -0.13218 -0.962342 -0.756796 0.59589 -0.268652 97.8207 13.7415 51.1779 0.549575 0.708836 0.36315 -0.252273 1
0.0064827 0.00356265 7.17439e-05 0.608838 0.792234 0.0410116 0.236959 -0.132281 -0.962472 -0.757078 0.595708 -0.268265 97.8256 13.7071 51.1939 0.549612 0.708764 0.363024 -0.252576 1
0.00648943 0.00347649 9.35234e-05 0.608763 0.792302 0.0408067 0.236274 -0.131958 -0.962685 -0.757352 0.595688 -0.267532 97.8051 13.6667 51.2075 0.549835 0.708564 0.362909 -0.252816 1
0.00668093 0.00333569 8.58096e-05 0.609119 0.792044 0.0404928 0.235476 -0.131865 -0.962893 -0.757314 0.596051 -0.266829 97.798 13.6197 51.1898 0.550097 0.708487 0.362576 -0.252941 1
0.00685213 0.0032055 1.9542e-05 0.610551 0.790982 0.0396853 0.235421 -0.133418 -0.962692 -0.756178 0.597116 -0.267672 97.8903 13.6164 51.082 0.549877 0.709162 0.361837 -0.252584 1
0.00700689 0.00314276 -5.73138e-05 0.611908 0.790009 0.0381348 0.234262 -0.134976 -0.962758 -0.75544 0.598053 -0.267662 97.9807 13.5481 50.9925 0.549834 0.709673 0.360825 -0.252689 1
0.00714091 0.00321521 -0.000192782 0.61261 0.789559 0.0361157 0.232392 -0.13626 -0.96303 -0.755449 0.598355 -0.266961 98.0533 13.4379 50.9606 0.549861 0.7099 0.359893 -0.253322 1
0.00723549 0.00334601 -0.000383756 0.615546 0.787245 0.0367222 0.234322 -0.13833 -0.962267 -0.75246 0.600924 -0.269617 98.1804 13.5517 50.7153 0.549454 0.711248 0.359076 -0.251578 1
0.00733276 0.003517 -0.000576676 0.615127 0.787611 0.0358819 0.232689 -0.137871 -0.962729 -0.753309 0.60055 -0.268077 98.1498 13.4555 50.7661 0.549813 0.710823 0.358845 -0.252323 1
0.00734755 0.00359086 -0.00069397 0.614279 0.788352 0.0340981 0.230738 -0.13813 -0.963161 -0.7546 0.599518 -0.266753 98.1613 13.3405 50.8528 0.549863 0.710486 0.358589 -0.253524 1
0.00741421 0.0036776 -0.000720944 0.613645 0.788935 0.0319602 0.228515 -0.138706 -0.963608 -0.755791 0.598617 -0.2654 98.1911 13.2097 50.926 0.549895 0.710238 0.358137 -0.254785 1
0.00743004 0.00373302 -0.000677445 0.613889 0.788843 0.0294419 0.226404 -0.140216 -0.963888 -0.756228 0.598386 -0.264674 98.2767 13.0855 50.9311 0.549772 0.710419 0.357271 -0.25576 1
0.00752928 0.00384585 -0.000697455 0.614359 0.788557 0.0272178 0.223836 -0.141104 -0.964358 -0.756611 0.598555 -0.263196 98.3244 12.9344 50.9238 0.550014 0.710398 0.356277 -0.256685 1
0.00772929 0.00392073 -0.000667688 0.615178 0.787973 0.0256035 0.221394 -0.141493 -0.964865 -0.756665 0.599232 -0.261495 98.3427 12.7909 50.8885 0.550497 0.710311 0.355255 -0.257303 1
0.00784716 0.00407778 -0.000618623 0.61802 0.785573 0.0304382 0.221729 -0.13703 -0.965432 -0.754247 0.603405 -0.258871 98.0784 12.8106 50.6693 0.552747 0.709563 0.354902 -0.255019 1
0.00804578 0.00434731 -0.000940609 0.620194 0.783671 0.034926 0.221582 -0.132301 -0.966125 -0.752503 0.606924 -0.255699 97.7976 12.8019 50.5055 0.555021 0.708554 0.354685 -0.253184 1
0.00805899 0.00454696 -0.000901362 0.620546 0.783436 0.0339131 0.220917 -0.133162 -0.966159 -0.752408 0.607039 -0.255708 97.8474 12.7629 50.486 0.554905 0.708769 0.35426 -0.25343 1
0.0082134 0.00470744 -0.000859209 0.620197 0.783744 0.0331863 0.220741 -0.13377 -0.966115 -0.752748 0.606507 -0.255968 97.8831 12.7526 50.5145 0.55463 0.708861 0.35426 -0.253774 1
0.00824646 0.00495872 -0.000850195 0.615331 0.78762 0.0319742 0.219219 -0.132022 -0.966702 -0.757173 0.601852 -0.253898 97.7767 12.6632 50.9003 0.554394 0.707328 0.35586 -0.256316 1
0.00835095 0.00505885 -0.00112948 0.613599 0.788826 0.0353413 0.226229 -0.132742 -0.964987 -0.756516 0.600111 -0.259906 97.8323 13.0752 50.955 0.552483 0.70821 0.358317 -0.254576 1
-0.0774392 -0.110952 0.389903 0.84236 0.352169 0.407929 0.525165 -0.366527 -0.768023 -0.120957 0.861182 -0.493694 115.512 31.6793 8.17144 0.495515 0.821977 0.266837 0.0872808 1
-0.0735507 -0.114141 0.393243 0.847102 0.367696 0.38369 0.52024 -0.426381 -0.739966 -0.108484 0.826437 -0.552478 119.951 31.3483 7.29788 0.465898 0.84053 0.2641 0.0818548 1
-0.0747302 -0.113151 0.39397 0.860562 0.384749 0.333768 0.489511 -0.443652 -0.750701 -0.140755 0.809408 -0.570129 120.582 29.3084 9.28914 0.460104 0.847694 0.257835 0.0569228 0
-0.0688583 -0.116957 0.393443 0.869535 0.388212 0.305287 0.487945 -0.579831 -0.652462 -0.0762787 0.716302 -0.693609 131.627 29.2056 5.01335 0.386036 0.886422 0.247105 0.0645879 0
-0.0681158 -0.12026 0.390204 0.88492 0.391471 0.252324 0.457927 -0.632478 -0.62472 -0.0849699 0.668373 -0.738957 135.354 27.2534 5.48472 0.358289 0.902269 0.235351 0.0463704 0
-0.0692552 -0.119696 0.392334 0.894997 0.412238 0.170414 0.428695 -0.689294 -0.584033 -0.123295 0.595763 -0.79364 139.726 25.3848 7.84374 0.320961 0.918957 0.228774 0.0128185 0
-0.0700138 -0.119732 0.389091 0.87283 0.462103 0.156934 0.448539 -0.632888 -0.631083 -0.192304 0.621219 -0.759675 135.082 26.65 12.425 0.346506 0.90352 0.251971 -0.00978681 0
-0.0690657 -0.117614 0.389912 0.867982 0.488003 0.0919777 0.428917 -0.643371 -0.634117 -0.250275 0.589853 -0.767747 135.415 25.3988 16.0845 0.337958 0.905414 0.253177 -0.0437086 0
-0.0705851 -0.120969 0.386983 0.854979 0.516849 0.0433344 0.420593 -0.642004 -0.64104 -0.3035 0.566302 -0.766283 135.043 24.872 19.5438 0.334175 0.903226 0.25947 -0.0720101 0
-0.070963 -0.121306 0.38664 0.844145 0.536047 0.00857528 0.415888 -0.644663 -0.641441 -0.338314 0.545036 -0.767124 135.144 24.5753 21.8398 0.32877 0.90221 0.263779 -0.0913697 0
-0.0707417 -0.119725 0.389678 0.852375 0.522874 0.00775028 0.413483 -0.664827 -0.622123 -0.32014 0.533487 -0.782881 136.9 24.4238 20.5855 0.318067 0.908306 0.257721 -0.0859813 0
-0.0697138 -0.118044 0.38991 0.863887 0.503091 0.0244827 0.403682 -0.662479 -0.631001 -0.301232 0.554997 -0.775396 136.394 23.8086 19.2233 0.326348 0.908537 0.249515 -0.0761523 0
-0.0686434 -0.118147 0.388785 0.881067 0.470583 0.0476695 0.387341 -0.660007 -0.643707 -0.271455 0.585613 -0.763786 135.716 22.7891 17.124 0.33811 0.908964 0.235962 -0.0615497 0
-0.0688627 -0.118625 0.391213 0.889027 0.452924 0.0670126 0.384352 -0.658734 -0.646794 -0.248805 0.600774 -0.759715 135.524 22.6035 15.6349 0.342994 0.909323 0.230192 -0.0499802 0
-0.0685954 -0.12174 0.388091 0.893296 0.443751 0.0714668 0.382091 -0.665988 -0.640676 -0.236705 0.59962 -0.764478 136.11 22.4633 14.8411 0.340158 0.911559 0.226492 -0.0453174 0
-0.0686902 -0.119268 0.390074 0.883926 0.45654 0.101222 0.416098 -0.669098 -0.615768 -0.213395 0.586412 -0.781399 137.377 24.5885 13.5725 0.329177 0.91302 0.238943 -0.030715 0
-0.0687959 -0.120704 0.390214 0.888649 0.456031 0.0483587 0.381579 -0.67681 -0.629545 -0.254362 0.577897 -0.775458 137.072 22.4315 15.9729 0.330296 0.913909 0.229128 -0.0563522 0
-0.0683834 -0.120141 0.388593 0.887727 0.458177 0.044882 0.383577 -0.682213 -0.622458 -0.254577 0.569788 -0.781365 137.622 22.5554 16.0015 0.325633 0.915329 0.229905 -0.0572732 0
-0.0678684 -0.124275 0.392741 0.893141 0.44134 0.0867052 0.36403 -0.596092 -0.715651 -0.264161 0.670741 -0.693055 129.792 21.3479 16.4765 0.388585 0.891948 0.225733 -0.0497383 0
-0.0654188 -0.122674 0.397877 0.888914 0.445379 0.107093 0.376099 -0.576151 -0.725671 -0.261497 0.685337 -0.679656 128.448 22.0923 16.3926 0.39784 0.886668 0.231619 -0.0435349 0
-0.0626816 -0.125078 0.405458 0.883134 0.45149 0.127404 0.396797 -0.574033 -0.716267 -0.250253 0.683113 -0.686098 128.709 23.3781 15.8211 0.394653 0.886463 0.239234 -0.0346461 0
-0.0608648 -0.131452 0.401439 0.869869 0.473248 0.139155 0.422052 -0.568005 -0.706571 -0.255342 0.673355 -0.693825 128.795 24.9642 16.3591 0.389884 0.88483 0.252958 -0.0328276 0
-0.0580476 -0.131111 0.405329 0.847858 0.507616 0.153172 0.45889 -0.557787 -0.691587 -0.265624 0.656658 -0.705865 128.887 27.3155 17.3951 0.382167 0.881974 0.273961 -0.0318749 0
-0.0575124 -0.129724 0.408874 0.840181 0.506735 0.193172 0.483475 -0.53855 -0.690084 -0.245657 0.673189 -0.697473 127.969 28.9126 16.2982 0.388638 0.876956 0.282286 -0.0149622 0
-0.0566805 -0.130374 0.41052 0.836287 0.495321 0.235118 0.498269 -0.50762 -0.702887 -0.228804 0.704967 -0.671319 125.837 29.8856 15.3014 0.405385 0.86822 0.2861 0.00181801 0
-0.0569915 -0.126815 0.414002 0.821718 0.51565 0.24266 0.518799 -0.500627 -0.69298 -0.235853 0.695326 -0.678893 125.845 31.2517 16.0148 0.400686 0.866204 0.298558 0.00196448 0
-0.0579883 -0.128344 0.412574 0.829295 0.508726 0.231232 0.485868 -0.452008 -0.748079 -0.276048 0.732726 -0.622021 121.141 29.0693 18.4111 0.43453 0.851957 0.291855 -0.0131511 0
-0.0534468 -0.127691 0.412114 0.786136 0.570372 0.238049 0.54233 -0.451871 -0.708302 -0.296428 0.685922 -0.664561 122.536 32.8424 20.6599 0.409177 0.851846 0.326556 -0.0171331 0
-0.0532506 -0.128257 0.413743 0.779473 0.584272 0.225938 0.54123 -0.446518 -0.712525 -0.315423 0.677679 -0.664274 122.074 32.7674 22.0313 0.408865 0.850039 0.331015 -0.0263177 0
-0.0524117 -0.130659 0.408879 0.780238 0.594654 0.193945 0.508867 -0.423183 -0.749647 -0.363706 0.683595 -0.632784 119.445 30.5884 24.9925 0.425521 0.842052 0.327629 -0.0504011 0
-0.0529048 -0.129827 0.410873 0.768804 0.61973 0.157715 0.488838 -0.410535 -0.76974 -0.412283 0.668876 -0.618568 118.073 29.2642 28.2031 0.430029 0.836347 0.331372 -0.0760952 0
-0.0525414 -0.130199 0.411064 0.747047 0.645814 0.157623 0.489242 -0.373584 -0.788085 -0.450071 0.665852 -0.595044 115.363 29.2907 31.0676 0.44114 0.823965 0.344388 -0.0887317 0
-0.0522752 -0.130057 0.410667 0.724573 0.673823 0.144764 0.495669 -0.363543 -0.788764 -0.478859 0.643272 -0.597407 114.745 29.7139 33.4601 0.436927 0.819378 0.356823 -0.101936 0
-0.0521669 -0.129371 0.412688 0.706843 0.692122 0.146083 0.514149 -0.360855 -0.778096 -0.485823 0.6251 -0.610922 114.88 30.9406 34.5013 0.42868 0.818325 0.368519 -0.103791 0
-0.0525863 -0.128439 0.413252 0.705684 0.693159 0.146768 0.517794 -0.363136 -0.774611 -0.483632 0.622626 -0.615173 115.117 31.1844 34.4243 0.426431 0.819145 0.369579 -0.10281 0
-0.0525366 -0.12785 0.413091 0.694273 0.706953 0.134914 0.517321 -0.359865 -0.776451 -0.500364 0.608863 -0.615566 114.866 31.1527 35.7803 0.423923 0.816962 0.374642 -0.111832 0
-0.0520791 -0.128029 0.414282 0.702912 0.70127 0.118896 0.505288 -0.374672 -0.777371 -0.500599 0.6065 -0.617704 115.733 30.3505 35.4577 0.421466 0.820867 0.367464 -0.11625 0
-0.0516287 -0.12865 0.413728 0.685742 0.716856 0.125998 0.538763 -0.38354 -0.750087 -0.489379 0.582249 -0.649226 117.082 32.5995 35.5135 0.404035 0.824395 0.38077 -0.110197 0
-0.0513522 -0.126984 0.414768 0.670248 0.731422 0.125654 0.544078 -0.36913 -0.753473 -0.504725 0.57338 -0.645359 116.1 32.9617 36.9813 0.404895 0.819258 0.389224 -0.115675 0
-0.0499914 -0.12938 0.414616 0.67231 0.724474 0.152111 0.526535 -0.323558 -0.786175 -0.520346 0.608645 -0.598992 112.37 31.7717 37.7387 0.432943 0.805428 0.388305 -0.114298 0
-0.050094 -0.13054 0.414708 0.679736 0.711354 0.178703 0.515763 -0.290352 -0.80603 -0.521485 0.640056 -0.564253 109.81 31.0485 37.495 0.454184 0.795981 0.385411 -0.10766 0
-0.0502856 -0.13158 0.416359 0.691075 0.707072 0.149882 0.486939 -0.302212 -0.819486 -0.534139 0.63931 -0.553152 110.243 29.1396 37.7008 0.457086 0.797878 0.374121 -0.1204 0
-0.0503793 -0.129821 0.414451 0.67155 0.729469 0.129981 0.49482 -0.310941 -0.81146 -0.551519 0.609254 -0.569769 110.966 29.6579 39.395 0.444646 0.79879 0.38317 -0.13193 0
-0.0504124 -0.126507 0.412707 0.639911 0.762392 0.0962945 0.537802 -0.354807 -0.764775 -0.548892 0.541175 -0.637061 114.888 32.5342 40.6218 0.402506 0.811138 0.400732 -0.139495 0
-0.0487998 -0.128774 0.415475 0.65656 0.743077 0.129484 0.552658 -0.357094 -0.753029 -0.513321 0.565969 -0.645121 115.371 33.5496 38.0195 0.404458 0.815287 0.397325 -0.1177 0
-0.0487623 -0.127622 0.415648 0.650925 0.742624 0.157496 0.57446 -0.346225 -0.741704 -0.496278 0.573269 -0.651974 115.023 35.0618 37.3226 0.403958 0.813807 0.404606 -0.104073 0
-0.0481298 -0.129035 0.416376 0.66424 0.731394 0.154429 0.561854 -0.352225 -0.748504 -0.493058 0.583952 -0.644898 115.2 34.1841 36.5861 0.408386 0.815684 0.396369 -0.103787 0
-0.0484691 -0.130126 0.413385 0.673933 0.731861 0.100966 0.505241 -0.356851 -0.785741 -0.539024 0.580549 -0.610259 114.426 30.3473 38.6534 0.420364 0.812564 0.380617 -0.134776 0
-0.0501006 -0.128213 0.412836 0.6623 0.747905 0.0446918 0.474452 -0.372485 -0.79759 -0.579874 0.549448 -0.601542 115.033 28.3236 41.2037 0.414811 0.811838 0.376416 -0.164806 0
-0.0501995 -0.126991 0.411617 0.64214 0.766127 0.0265535 0.48326 -0.377676 -0.789823 -0.595076 0.520009 -0.61276 115.556 28.8985 42.8215 0.403641 0.811261 0.385014 -0.175197 0
-0.0495759 -0.127581 0.412606 0.630775 0.774276 0.0511807 0.518875 -0.371828 -0.769748 -0.576967 0.512094 -0.636293 115.783 31.2569 42.449 0.394542 0.812234 0.398023 -0.161833 0
-0.047409 -0.12999 0.415317 0.639844 0.767102 0.0464073 0.51837 -0.386217 -0.762974 -0.567356 0.512241 -0.644761 116.849 31.2229 41.5637 0.390149 0.817133 0.393287 -0.159383 0
-0.0470583 -0.13087 0.417079 0.645774 0.762399 0.0415046 0.508635 -0.389014 -0.768088 -0.569444 0.517122 -0.638998 116.861 30.5729 41.4059 0.392989 0.817586 0.388655 -0.161432 0
-0.0490812 -0.127281 0.413127 0.63169 0.773772 0.0473718 0.505236 -0.364577 -0.782189 -0.587966 0.518036 -0.621237 114.99 30.347 42.9468 0.401832 0.808935 0.395275 -0.16707 0
-0.0475851 -0.128528 0.412811 0.634095 0.772423 0.035862 0.500414 -0.374558 -0.780571 -0.589499 0.512902 -0.624037 115.634 30.0274 42.9127 0.398591 0.811278 0.392232 -0.170606 0
-0.0473077 -0.129212 0.413405 0.620923 0.783047 0.0359492 0.503094 -0.362924 -0.784336 -0.601125 0.505098 -0.619293 114.831 30.2049 44.0719 0.399595 0.806712 0.398575 -0.175148 0
-0.0468809 -0.12775 0.413997 0.613093 0.788557 0.047912 0.520827 -0.357846 -0.775039 -0.594017 0.500125 -0.630094 114.783 31.3878 44.0947 0.395333 0.806386 0.405942 -0.169306 0
-0.047458 -0.131397 0.4141 0.603496 0.793994 0.0732486 0.505965 -0.310328 -0.804796 -0.616272 0.522752 -0.589015 111.087 30.3955 45.6001 0.419569 0.791018 0.41085 -0.171622 0
-0.046164 -0.129647 0.412619 0.614987 0.786788 0.0524869 0.513192 -0.348819 -0.784193 -0.598686 0.509205 -0.618293 113.98 30.8767 44.2305 0.402454 0.803446 0.404502 -0.169955 0
-0.0472794 -0.128159 0.415462 0.613807 0.78813 0.0457329 0.525269 -0.364469 -0.768931 -0.589349 0.495998 -0.637694 115.361 31.6864 43.8354 0.391039 0.808698 0.406023 -0.168053 0
-0.0466404 -0.126691 0.412872 0.556896 0.829751 0.0371545 0.550966 -0.335573 -0.764086 -0.621533 0.445987 -0.644044 113.71 33.4333 48.1395 0.379894 0.796322 0.433467 -0.183462 0
-0.0463681 -0.129328 0.415634 0.546813 0.836563 0.0340203 0.571704 -0.343387 -0.745144 -0.611678 0.426904 -0.666035 114.742 34.8691 48.2047 0.366535 0.799411 0.440408 -0.180651 0
-0.0464863 -0.129588 0.415255 0.547928 0.835833 0.034035 0.593121 -0.359484 -0.720402 -0.589901 0.414915 -0.692721 116.519 36.3788 47.1126 0.352038 0.806246 0.443089 -0.172362 0
-0.0455496 -0.129413 0.417202 0.529477 0.847343 0.0407905 0.605598 -0.343872 -0.717637 -0.594058 0.404675 -0.695222 115.602 37.2719 48.2897 0.350137 0.801338 0.453286 -0.172607 0
-0.0458336 -0.128031 0.415759 0.5247 0.850513 0.0363158 0.611773 -0.347064 -0.710831 -0.591966 0.39519 -0.702425 116.024 37.7178 48.4473 0.344677 0.802214 0.455703 -0.173162 0
-0.0458667 -0.127845 0.411829 0.521262 0.851868 0.0510662 0.605371 -0.326926 -0.725703 -0.601508 0.409195 -0.68611 114.251 37.2556 49.0881 0.356449 0.795974 0.45769 -0.172883 0
-0.0455834 -0.128867 0.416001 0.512626 0.858073 0.0304148 0.602143 -0.334026 -0.725155 -0.612077 0.390048 -0.687914 114.732 37.0236 50.0532 0.350245 0.796016 0.458601 -0.182679 0
-0.0451591 -0.129601 0.417941 0.480705 0.876051 0.038182 0.631229 -0.315485 -0.708533 -0.608665 0.364697 -0.704644 114.002 39.1408 51.6994 0.339329 0.790701 0.476564 -0.180373 0
-0.0451185 -0.131796 0.416963 0.443738 0.894901 0.0474199 0.652382 -0.286301 -0.701733 -0.614405 0.342322 -0.71086 112.195 40.7214 54.1623 0.334132 0.781169 0.495182 -0.181454 0
-0.0452219 -0.132161 0.418355 0.424688 0.904402 0.0412 0.683613 -0.29051 -0.669535 -0.593559 0.312508 -0.741637 113.456 43.1267 54.4165 0.313265 0.783715 0.506567 -0.176199 0
-0.0455359 -0.129567 0.418416 0.465572 0.884497 0.0301193 0.652737 -0.3202 -0.686591 -0.597643 0.339317 -0.72642 115.003 40.7483 52.081 0.323632 0.792495 0.484935 -0.179031 0
-0.0454153 -0.129082 0.417282 0.496949 0.867622 0.0165574 0.635789 -0.351043 -0.687417 -0.590606 0.352138 -0.726074 117.052 39.4785 49.922 0.323972 0.802195 0.46853 -0.178899 0
-0.0457675 -0.128852 0.413754 0.514527 0.857426 0.00909021 0.607929 -0.357291 -0.70906 -0.604718 0.370356 -0.70509 116.743 37.4399 49.6071 0.336209 0.802637 0.456419 -0.185522 0
-0.0449233 -0.129395 0.414645 0.508539 0.860993 0.00890401 0.605794 -0.35042 -0.714296 -0.611884 0.368641 -0.699787 116.132 37.286 50.2699 0.338501 0.799804 0.458483 -0.188477 0
-0.0448478 -0.129309 0.414914 0.484336 0.874743 -0.0155831 0.608689 -0.349711 -0.71218 -0.628424 0.335449 -0.701824 116.153 37.4947 52.3781 0.328938 0.796221 0.465773 -0.202208 0
-0.0443317 -0.130364 0.416901 0.479236 0.877429 -0.0212484 0.636747 -0.364238 -0.679621 -0.604059 0.312169 -0.733256 118.189 39.5496 51.5729 0.308927 0.80261 0.471641 -0.194773 0
-0.0442227 -0.130556 0.417257 0.484296 0.874415 -0.0292324 0.633536 -0.373537 -0.677571 -0.603398 0.309625 -0.734877 118.867 39.3115 51.2489 0.306546 0.805095 0.468253 -0.196446 0
-0.0440837 -0.129799 0.414568 0.488206 0.872345 -0.0258718 0.628758 -0.372133 -0.682774 -0.605242 0.317067 -0.730171 118.592 38.9586 51.1094 0.310605 0.804753 0.466324 -0.196058 0
-0.0441143 -0.132925 0.415604 0.483077 0.875531 -0.0090717 0.617658 -0.348102 -0.705212 -0.620593 0.335069 -0.708938 116.272 38.1453 52.1024 0.326358 0.796887 0.468444 -0.197539 0
-0.0448071 -0.12941 0.415349 0.490067 0.871676 0.00402349 0.601045 -0.334565 -0.725817 -0.631331 0.358117 -0.687876 114.747 36.9448 52.1798 0.341916 0.792545 0.464555 -0.197878 0
-0.0447562 -0.127879 0.41238 0.515688 0.856668 0.0136116 0.576907 -0.335447 -0.744751 -0.633438 0.391912 -0.667204 114.248 35.2333 50.8506 0.358133 0.793464 0.451683 -0.195291 0
-0.0434925 -0.131004 0.415588 0.522169 0.852375 0.0282028 0.548195 -0.310127 -0.776726 -0.653316 0.421043 -0.629207 111.766 33.2433 51.3661 0.381718 0.784459 0.446349 -0.199218 0
-0.0427244 -0.129861 0.411415 0.520271 0.853754 0.0205654 0.541135 -0.310942 -0.781338 -0.660675 0.417636 -0.62377 111.701 32.7609 51.7802 0.382609 0.783419 0.445128 -0.204268 0
-0.0431176 -0.132162 0.413347 0.517855 0.855165 0.0227898 0.517557 -0.291979 -0.80429 -0.681147 0.4283 -0.5938 109.952 31.1686 52.7554 0.397516 0.775183 0.442709 -0.212323 0
-0.0430536 -0.130261 0.413266 0.519846 0.853726 0.0301962 0.531812 -0.295761 -0.793537 -0.668532 0.428576 -0.607772 110.441 32.128 52.1316 0.392528 0.77836 0.445018 -0.205026 0
-0.0429652 -0.12875 0.413837 0.506458 0.861351 0.0396902 0.559213 -0.293073 -0.775493 -0.656339 0.41495 -0.630107 110.702 34.0014 52.3448 0.381863 0.779365 0.45568 -0.197805 0
-0.0418844 -0.130552 0.414671 0.482792 0.874745 0.0416283 0.596705 -0.293798 -0.746743 -0.64098 0.385361 -0.663809 111.477 36.6343 53.0126 0.362348 0.781089 0.470961 -0.191832 0
-0.0424904 -0.130728 0.415293 0.483203 0.87513 0.0257473 0.591422 -0.304587 -0.746624 -0.645551 0.375998 -0.664748 112.193 36.2579 53.1847 0.358423 0.783029 0.46823 -0.197886 0
-0.0429588 -0.127966 0.412595 0.502957 0.863542 0.0364513 0.572085 -0.300996 -0.762968 -0.647884 0.404594 -0.645407 111.53 34.8957 52.1775 0.373013 0.782522 0.458654 -0.19534 0
-0.0421302 -0.131121 0.414256 0.473321 0.880888 -0.00200586 0.57142 -0.308769 -0.760356 -0.670407 0.358746 -0.649504 112.101 34.8493 54.7771 0.358834 0.779678 0.465675 -0.215606 0
-0.0439975 -0.128366 0.412318 0.459843 0.887926 -0.0115127 0.57301 -0.306607 -0.760034 -0.678384 0.342899 -0.649782 111.97 34.9604 55.8686 0.354772 0.777212 0.469929 -0.221914 0
-0.0418505 -0.130903 0.414749 0.462283 0.886559 0.0175404 0.594666 -0.295285 -0.747783 -0.657774 0.356118 -0.663712 111.548 36.4888 54.9005 0.354713 0.778023 0.475958 -0.205725 0
-0.0410144 -0.130257 0.414849 0.487885 0.872429 0.0289216 0.590827 -0.305654 -0.746659 -0.642567 0.381372 -0.664578 112.262 36.2157 52.7915 0.359741 0.783919 0.466647 -0.195698 0
-0.0406079 -0.130891 0.416633 0.518069 0.854629 0.0348315 0.6027 -0.33585 -0.723849 -0.606925 0.395997 -0.689079 114.89 37.0635 49.516 0.35112 0.797339 0.456935 -0.179376 0
-0.0401233 -0.132116 0.418143 0.546747 0.836357 0.0396887 0.57634 -0.341537 -0.742418 -0.607371 0.428789 -0.66876 114.704 35.1935 48.0069 0.366214 0.799538 0.441723 -0.177503 0
-0.0406963 -0.131537 0.418574 0.558923 0.828422 0.0363672 0.558643 -0.343772 -0.754811 -0.6128 0.442197 -0.654934 114.486 33.962 47.6326 0.374239 0.799629 0.433659 -0.180219 0
-0.0411844 -0.131971 0.417544 0.575018 0.818003 0.0150196 0.554915 -0.376458 -0.741855 -0.601185 0.434915 -0.670392 116.906 33.7048 46.2745 0.363376 0.809609 0.423945 -0.181003 0
-0.0430114 -0.1317 0.417252 0.604877 0.795197 -0.0422575 0.545499 -0.452432 -0.705504 -0.580134 0.403692 -0.707445 122.672 33.0588 43.8038 0.333542 0.831377 0.403155 -0.187157 0
-0.0429572 -0.130803 0.414098 0.621887 0.782364 -0.0340984 0.516406 -0.442438 -0.733194 -0.588711 0.438355 -0.679164 121.108 31.0915 43.4302 0.353654 0.828174 0.392058 -0.188007 0
-0.0434326 -0.13052 0.413444 0.613796 0.788878 -0.0304276 0.506565 -0.423115 -0.751242 -0.605513 0.445696 -0.659325 119.389 30.4353 44.6108 0.364471 0.821011 0.394466 -0.193646 0
-0.0422191 -0.129915 0.414122 0.601252 0.798807 -0.0200726 0.526542 -0.414967 -0.741995 -0.60104 0.435557 -0.670105 119.216 31.7721 44.9899 0.359228 0.819501 0.404316 -0.189479 0
-0.0415445 -0.130769 0.411534 0.619686 0.784547 0.0217735 0.476537 -0.354067 -0.804704 -0.623619 0.50904 -0.593277 113.749 28.4595 45.1812 0.409982 0.801098 0.393549 -0.187819 0
-0.0400894 -0.130691 0.41906 0.485299 0.873978 0.0254439 0.609838 -0.317489 -0.726153 -0.626564 0.367918 -0.687062 113.616 37.5778 52.2407 0.34668 0.788963 0.470179 -0.190478 0
-0.0396611 -0.131796 0.419904 0.467661 0.883151 0.0365718 0.624648 -0.300934 -0.720593 -0.625387 0.359838 -0.692393 112.666 38.6563 53.211 0.34436 0.784377 0.480572 -0.18767 0
-0.040916 -0.128756 0.416585 0.453006 0.891017 0.0295778 0.645965 -0.305191 -0.699706 -0.614422 0.336077 -0.713819 113.565 40.238 53.5991 0.329392 0.786132 0.488779 -0.185988 0
-0.0391872 -0.128464 0.413873 0.453247 0.891356 0.00725435 0.622437 -0.310657 -0.718376 -0.638075 0.330117 -0.695617 113.386 38.4943 54.6125 0.33428 0.784143 0.482626 -0.201118 0
-0.0393954 -0.127838 0.413722 0.466713 0.883993 0.0270992 0.612519 -0.300979 -0.730912 -0.637965 0.357725 -0.681934 112.381 37.7719 53.8121 0.347779 0.782564 0.47808 -0.195149 0
-0.0395472 -0.129347 0.414142 0.482397 0.875219 0.0358411 0.584874 -0.291368 -0.756986 -0.652085 0.386131 -0.652448 111.052 35.7941 53.5068 0.366941 0.778815 0.46869 -0.197815 0
-0.0398979 -0.129179 0.413336 0.487887 0.872135 0.0366999 0.551621 -0.275456 -0.787298 -0.67652 0.404357 -0.61548 109.284 33.4783 54.2019 0.386313 0.771172 0.461556 -0.207418 0
-0.0395298 -0.129602 0.412631 0.493407 0.869219 0.031738 0.516719 -0.26357 -0.814575 -0.699679 0.418317 -0.579189 107.93 31.1124 54.8089 0.403314 0.764226 0.45338 -0.218502 0
-0.039878 -0.130278 0.411184 0.487615 0.872923 0.0153977 0.537948 -0.286514 -0.792794 -0.687636 0.394861 -0.609296 109.87 32.5441 54.6589 0.384645 0.771917 0.456937 -0.217717 0
-0.0395146 -0.125794 0.40899 0.483214 0.87549 -0.00458757 0.552816 -0.309174 -0.773825 -0.678895 0.371387 -0.633382 111.779 33.5604 54.558 0.367647 0.778744 0.458529 -0.219418 0
-0.0395713 -0.127842 0.41028 0.465839 0.884642 0.0200865 0.570664 -0.283 -0.770878 -0.676266 0.370568 -0.636666 110.159 34.7966 55.4394 0.369518 0.772254 0.471123 -0.212424 0
-0.0392515 -0.127697 0.411449 0.462968 0.88542 0.0411326 0.586062 -0.270966 -0.763616 -0.664975 0.377636 -0.64436 109.537 35.878 55.1536 0.370014 0.771086 0.477081 -0.202261 0
-0.0393865 -0.127265 0.412822 0.459994 0.887505 0.0272063 0.603769 -0.290174 -0.74247 -0.651051 0.357958 -0.669326 111.347 37.1403 54.7572 0.353728 0.777736 0.479364 -0.200532 0
-0.038822 -0.1303 0.413578 0.486144 0.873343 0.0305983 0.595161 -0.30525 -0.743375 -0.639881 0.379598 -0.668175 112.324 36.5241 52.7745 0.358022 0.784151 0.468183 -0.194249 0
-0.0404201 -0.133581 0.417761 0.4934 0.869352 0.0280001 0.578485 -0.303939 -0.756952 -0.649547 0.389678 -0.65287 111.877 35.3441 52.7794 0.366262 0.782657 0.462475 -0.198537 0
-0.0399304 -0.130932 0.41653 0.509052 0.86059 0.0158405 0.565028 -0.320227 -0.760393 -0.649314 0.39603 -0.64927 112.838 34.4043 51.9041 0.367272 0.78717 0.452767 -0.201187 0
-0.0422517 -0.132244 0.416417 0.505476 0.862833 0.00367209 0.55006 -0.318958 -0.771816 -0.664777 0.392154 -0.635835 112.453 33.3711 52.7518 0.37104 0.784262 0.450389 -0.210741 0
-0.039665 -0.130724 0.41625 0.513437 0.858122 0.00299966 0.543984 -0.322773 -0.774531 -0.663674 0.399305 -0.632528 112.623 32.9553 52.2735 0.373543 0.785611 0.446183 -0.210242 0
-0.038259 -0.130992 0.415138 0.510133 0.8599 0.0183317 0.560075 -0.315936 -0.765833 -0.652748 0.400943 -0.642778 112.418 34.061 51.9918 0.371288 0.785628 0.45186 -0.201882 0
-0.0381052 -0.12743 0.410476 0.494316 0.869117 0.0169586 0.561064 -0.304087 -0.769895 -0.663972 0.390086 -0.637946 111.553 34.1294 53.3329 0.371579 0.78044 0.458133 -0.207259 0
-0.0374219 -0.129636 0.412238 0.498324 0.865999 0.0414691 0.58173 -0.298515 -0.756624 -0.642856 0.401167 -0.652534 111.531 35.5723 52.2182 0.36989 0.782524 0.462519 -0.192131 0
-0.0378607 -0.128259 0.413238 0.499513 0.866184 0.0145573 0.607253 -0.338109 -0.718975 -0.617843 0.367978 -0.694883 115.186 37.3912 51.0452 0.341512 0.795692 0.462942 -0.189547 0
-0.0370348 -0.130011 0.416798 0.515246 0.856935 -0.0135764 0.6034 -0.373962 -0.704316 -0.60863 0.354704 -0.709756 117.966 37.1138 49.7499 0.328454 0.806065 0.452921 -0.192977 0
-0.0394204 -0.129839 0.41589 0.508617 0.860691 -0.0227972 0.620148 -0.384581 -0.68375 -0.597265 0.333629 -0.72936 119.356 38.3269 49.5831 0.314116 0.809716 0.45721 -0.191445 0
-0.0375705 -0.129688 0.417318 0.499864 0.866045 -0.010105 0.629747 -0.371438 -0.682241 -0.594605 0.334664 -0.731058 118.566 39.0315 49.9474 0.315186 0.806592 0.463615 -0.187427 0
-0.0371837 -0.129772 0.417703 0.469739 0.882241 0.0315587 0.613936 -0.300777 -0.729805 -0.634372 0.362193 -0.682926 112.398 37.8746 53.4809 0.348581 0.783173 0.477601 -0.192427 0
-0.0376616 -0.129097 0.415142 0.460454 0.886808 0.0394181 0.577778 -0.265695 -0.771737 -0.67391 0.378125 -0.634719 108.998 35.2944 55.6568 0.374179 0.768256 0.476595 -0.206471 0
-0.0366377 -0.127047 0.410295 0.449004 0.89339 0.0158382 0.537876 -0.256089 -0.803186 -0.713502 0.369152 -0.595518 107.684 32.5392 57.818 0.386457 0.758388 0.471812 -0.229982 0
-0.0358316 -0.127364 0.408965 0.422465 0.906197 0.0181636 0.559128 -0.244786 -0.792121 -0.713372 0.344799 -0.610094 107.172 33.9955 59.3656 0.376691 0.754544 0.485501 -0.230341 0
-0.0359324 -0.127448 0.409476 0.391425 0.920041 0.0176025 0.58292 -0.233107 -0.778374 -0.712033 0.314936 -0.627554 106.672 35.6562 61.2011 0.364268 0.750348 0.500755 -0.23137 0
-0.0357159 -0.125668 0.411046 0.372262 0.927884 0.0212622 0.631717 -0.236525 -0.738234 -0.679967 0.288248 -0.674209 107.765 39.1769 61.3006 0.339679 0.755479 0.516097 -0.217976 0
-0.0359546 -0.12657 0.413082 0.350687 0.936019 0.0297674 0.655381 -0.222591 -0.721754 -0.66895 0.272619 -0.691509 107.14 40.9486 62.3349 0.330374 0.752461 0.528732 -0.212364 0
-0.0360619 -0.12553 0.410112 0.338281 0.940861 0.0186343 0.630856 -0.212038 -0.746364 -0.698274 0.264236 -0.665277 105.86 39.1133 64.152 0.339472 0.744244 0.527958 -0.228299 0
-0.0357419 -0.125411 0.410118 0.357111 0.933846 0.0200643 0.62655 -0.223556 -0.746631 -0.692753 0.279201 -0.664936 106.669 38.7961 62.7291 0.342279 0.749267 0.520641 -0.224449 0
-0.0358975 -0.125833 0.410541 0.353076 0.935052 0.0318548 0.634142 -0.214141 -0.742972 -0.687896 0.282526 -0.668564 106.078 39.3564 62.83 0.342918 0.747626 0.524725 -0.219375 0
-0.0357319 -0.125987 0.410539 0.343388 0.938929 0.0222954 0.633977 -0.214215 -0.743092 -0.692934 0.269303 -0.668818 106.081 39.3441 63.639 0.339247 0.74606 0.527071 -0.224727 0
-0.0361017 -0.125298 0.410975 0.330551 0.943785 0.00260132 0.617528 -0.214197 -0.756822 -0.71372 0.251774 -0.653616 105.803 38.1358 65.1494 0.340124 0.741344 0.526514 -0.239807 0
-0.0358354 -0.126204 0.410573 0.322096 0.946363 0.025536 0.60977 -0.186752 -0.770263 -0.724179 0.26367 -0.637215 103.629 37.5729 66.0217 0.352891 0.732472 0.531123 -0.238454 0
-0.0353699 -0.127572 0.411589 0.317603 0.947556 0.0355897 0.61517 -0.177341 -0.76819 -0.721591 0.265873 -0.639232 102.999 37.9643 66.2436 0.353917 0.730441 0.534857 -0.23479 0
-0.0330978 -0.128782 0.416088 0.371169 0.928561 0.0026393 0.652741 -0.258893 -0.711972 -0.660426 0.265985 -0.702203 109.983 40.7486 60.6634 0.320185 0.763588 0.517721 -0.215361 0
-0.0329873 -0.126965 0.415533 0.391496 0.920105 -0.011729 0.647133 -0.284366 -0.707357 -0.654179 0.269337 -0.706759 111.901 40.3258 59.1014 0.316374 0.771787 0.507666 -0.215703 0
