-0.223418 0.128026 1.78873 0.6272 0.778601 0.020028 0.202538 -0.138216 -0.969471 -0.752063 0.612109 -0.244386 98.1139 11.6854 50.1728 0.557808 0.708837 0.346038 -0.258181 0
-0.20329 0.13782 1.78497 0.652398 0.757171 0.0326955 0.2128 -0.141608 -0.96678 -0.727388 0.637683 -0.253511 98.3331 12.2865 48.1109 0.560642 0.715457 0.338934 -0.242744 0
-0.190886 0.134297 1.78643 0.620998 0.783021 0.0352086 0.188407 -0.105518 -0.976406 -0.760831 0.61298 -0.213053 96.1679 10.8598 50.7783 0.57062 0.696342 0.348761 -0.260512 0
-0.179043 0.133596 1.78786 0.608594 0.793208 0.020845 0.141929 -0.082974 -0.986393 -0.780686 0.603271 -0.163077 94.8083 8.15948 52.0613 0.58364 0.680927 0.343333 -0.278973 0
-0.166836 0.134564 1.79042 0.593621 0.804737 0.00354891 0.0785864 -0.0535799 -0.995466 -0.800899 0.591208 -0.0950476 93.0809 4.50732 53.4544 0.601039 0.659971 0.334607 -0.30204 0
-0.158268 0.129447 1.79736 0.5666 0.82398 0.00469541 -0.0378991 0.0317524 -0.998777 -0.823121 0.565729 0.049219 88.1791 -2.17198 55.4582 0.641789 0.609432 0.322464 -0.335733 0
-0.156377 0.129151 1.81071 0.624126 0.781193 -0.0142468 -0.0626355 0.0318499 -0.997528 -0.778809 0.623476 0.0688088 88.1712 -3.5911 51.2918 0.656655 0.617144 0.291082 -0.32126 0
-0.158218 0.131353 1.81482 0.643855 0.762802 -0.0598587 -0.0966232 0.00345196 -0.995315 -0.759022 0.646623 0.075927 89.8013 -5.54475 49.6931 0.65636 0.625395 0.266303 -0.327345 0
-0.1596 0.13216 1.82071 0.659681 0.745848 -0.0923666 -0.123796 -0.0133832 -0.992217 -0.74128 0.665981 0.0835044 90.7728 -7.11123 48.3334 0.65761 0.630389 0.246694 -0.330608 0
-0.163715 0.137312 1.83273 0.725518 0.662022 -0.188018 -0.193997 -0.0653871 -0.978821 -0.660295 0.746627 0.0809908 93.8218 -11.1861 42.3054 0.659758 0.653818 0.178958 -0.324369 1
-0.166401 0.140392 1.84172 0.756277 0.607076 -0.243933 -0.228838 -0.103842 -0.96791 -0.612926 0.787829 0.0603891 96.1235 -13.2287 39.0231 0.654375 0.67077 0.140971 -0.319356 1
-0.166779 0.134567 1.85156 0.77152 0.56396 -0.294459 -0.256027 -0.148481 -0.955198 -0.582415 0.812344 0.0298329 98.8356 -14.8344 37.0489 0.64282 0.687417 0.111989 -0.318902 1
-0.171045 0.132883 1.85771 0.791126 0.519127 -0.32346 -0.279471 -0.163607 -0.946112 -0.544073 0.838892 0.0156467 99.8109 -16.2286 34.5171 0.64093 0.696255 0.0860519 -0.3115 1
-0.171903 0.131085 1.86288 0.800525 0.481623 -0.356649 -0.318952 -0.161439 -0.93392 -0.507375 0.861381 0.0243792 99.8073 -18.5996 32.3666 0.644877 0.695986 0.0584319 -0.31036 1
-0.17762 0.126629 1.86855 0.794912 0.427626 -0.430408 -0.37349 -0.214165 -0.902573 -0.478142 0.87822 -0.0105285 103.348 -21.931 31.027 0.626542 0.710564 0.0190466 -0.319658 1
-0.175306 0.123146 1.88284 0.76103 0.470169 -0.446962 -0.407283 -0.189987 -0.893323 -0.504929 0.861885 0.0469061 102.006 -24.0343 33.5635 0.635993 0.689948 0.0227863 -0.344914 1
-0.175271 0.121999 1.88955 0.752659 0.465012 -0.46612 -0.417296 -0.210689 -0.88401 -0.509282 0.859869 0.0354704 103.405 -24.664 34.084 0.627981 0.69424 0.0171827 -0.351248 1
-0.179048 0.112683 1.89338 0.76289 0.478419 -0.434874 -0.38785 -0.1995 -0.899873 -0.517273 0.85517 0.0333583 102.5 -22.8208 34.139 0.631813 0.694448 0.0326045 -0.342771 1
-0.173554 0.0944569 1.89208 0.749427 0.458531 -0.477608 -0.430043 -0.211367 -0.877717 -0.50341 0.863177 0.038784 103.54 -25.4703 33.8903 0.627862 0.693183 0.0102741 -0.353809 1
-0.175853 0.0919411 1.89175 0.744484 0.427103 -0.513154 -0.455752 -0.236561 -0.858096 -0.487888 0.872709 0.0185371 105.413 -27.1133 33.2383 0.61775 0.700448 -0.0102251 -0.357287 1
-0.178394 0.0891249 1.89167 0.727406 0.402733 -0.555596 -0.48876 -0.264239 -0.831439 -0.481658 0.876347 0.00463017 107.631 -29.2591 33.5109 0.605763 0.704808 -0.0305143 -0.367921 1
-0.177874 0.0930187 1.89208 0.729313 0.384505 -0.565914 -0.494411 -0.275563 -0.824392 -0.472928 0.881034 -0.0108683 108.483 -29.6309 32.9617 0.6006 0.709884 -0.0387057 -0.365849 0
-0.185481 0.0709503 1.87978 0.745466 0.326804 -0.58093 -0.513597 -0.273895 -0.813142 -0.424852 0.904533 -0.0363332 108.615 -30.9037 29.6795 0.599007 0.716884 -0.0651403 -0.350748 1
-0.185789 0.0708199 1.8772 0.699051 0.368062 -0.613073 -0.559671 -0.252024 -0.789463 -0.44508 0.894994 0.029816 107.705 -34.0331 32.4846 0.607627 0.693047 -0.0691184 -0.381703 1
-0.190933 0.0779527 1.87453 0.737345 0.298467 -0.606004 -0.546034 -0.26482 -0.794806 -0.397705 0.916945 -0.0322906 108.427 -33.0954 28.3413 0.600049 0.713172 -0.0867841 -0.351847 1
-0.192819 0.0744826 1.88061 0.793395 0.269255 -0.545918 -0.502489 -0.216474 -0.837045 -0.343555 0.938425 -0.0364513 104.5 -30.1648 23.4136 0.620578 0.715248 -0.081522 -0.310897 1
-0.185317 0.072499 1.90297 0.8106 0.166923 -0.561306 -0.532936 -0.186985 -0.825237 -0.242707 0.968077 -0.0626108 102.767 -32.204 16.6686 0.624701 0.717669 -0.127501 -0.280078 1
-0.176828 0.0691517 1.90321 0.827115 0.147997 -0.542197 -0.524462 -0.143556 -0.839245 -0.202042 0.978513 -0.0411188 99.7068 -31.632 13.727 0.640789 0.709188 -0.13271 -0.262356 1
-0.17404 0.0716668 1.903 0.836014 0.12266 -0.534823 -0.526568 -0.0947374 -0.844838 -0.154295 0.987917 -0.0146131 96.3982 -31.7739 10.4569 0.657013 0.697382 -0.144795 -0.247038 1
-0.17562 0.0677828 1.90491 0.889622 0.13898 -0.435037 -0.432552 -0.0492174 -0.900265 -0.14653 0.989071 0.0163313 93.1292 -25.6296 9.35325 0.681311 0.693273 -0.105864 -0.209718 1
-0.174997 0.0646351 1.90109 0.896832 0.12179 -0.425275 -0.418461 -0.0782132 -0.904861 -0.143465 0.989469 -0.0191797 94.9402 -24.7374 9.08854 0.670716 0.706085 -0.105041 -0.201371 1
-0.172717 0.0652918 1.89911 0.890609 0.130506 -0.435641 -0.426231 -0.094457 -0.899669 -0.158561 0.986938 -0.0284987 95.9936 -25.2286 10.095 0.664766 0.709501 -0.104202 -0.209373 1
-0.173525 0.0637525 1.89601 0.882397 0.230551 -0.410148 -0.387529 -0.138229 -0.911435 -0.266827 0.963192 -0.0326272 98.6238 -22.8008 16.8247 0.654129 0.716459 -0.0547755 -0.236223 1
-0.172097 0.0645976 1.89235 0.868744 0.254166 -0.425068 -0.395975 -0.159045 -0.904383 -0.297469 0.953994 -0.037526 99.9741 -23.3268 18.9018 0.646563 0.71856 -0.0493377 -0.251384 1
-0.170241 0.0658041 1.88682 0.855576 0.269936 -0.441729 -0.40855 -0.171956 -0.896392 -0.317926 0.947399 -0.0368392 100.859 -24.1138 20.3847 0.641635 0.718396 -0.0482372 -0.264358 1
-0.171492 0.0671111 1.88472 0.854315 0.297526 -0.426174 -0.399413 -0.148873 -0.904603 -0.332589 0.943035 -0.00834872 99.3456 -23.5415 21.2712 0.651363 0.709143 -0.0359191 -0.267493 1
-0.172152 0.0646541 1.891 0.862116 0.265758 -0.431427 -0.409757 -0.13523 -0.902115 -0.298086 0.954508 -0.00768779 98.5254 -24.1896 19.0734 0.655591 0.707996 -0.0508475 -0.257598 1
-0.171573 0.0616438 1.8974 0.836229 0.287359 -0.467061 -0.439556 -0.15802 -0.884206 -0.327889 0.944698 -0.00583089 100.133 -26.0756 21.4104 0.646602 0.707121 -0.0538088 -0.281052 1
-0.16745 0.065159 1.90086 0.841373 0.300476 -0.449227 -0.431491 -0.127037 -0.893128 -0.325432 0.945291 0.0227672 98.0954 -25.5622 21.1458 0.658996 0.697432 -0.0469634 -0.277683 1
-0.167108 0.0676077 1.90058 0.891682 0.262856 -0.368523 -0.367241 -0.0558922 -0.928445 -0.264645 0.963215 0.0466933 93.445 -21.5456 16.5305 0.686018 0.689362 -0.0378558 -0.229621 1
-0.168972 0.0691441 1.9051 0.926846 0.2057 -0.314076 -0.328859 0.0412155 -0.943479 -0.181129 0.977747 0.105847 87.4986 -19.1996 11.0577 0.720054 0.667043 -0.0461587 -0.185597 1
-0.168251 0.0640683 1.901 0.933597 0.253577 -0.253172 -0.262677 0.00376509 -0.964877 -0.243718 0.967308 0.0701239 89.7764 -15.2289 14.6307 0.708429 0.681856 -0.00333626 -0.182183 1
-0.173897 0.0655539 1.90616 0.967064 0.229427 -0.110234 -0.14075 0.121166 -0.982603 -0.212079 0.965755 0.149467 82.9703 -8.09126 12.3692 0.747947 0.651236 0.0340416 -0.123731 1
-0.1729 0.0651935 1.89949 0.975404 0.198932 -0.0949359 -0.129057 0.166256 -0.977601 -0.178692 0.965808 0.187841 80.3483 -7.41512 10.3813 0.763135 0.636653 0.0274381 -0.107448 1
-0.171618 0.0633586 1.89746 0.977191 0.200403 -0.0702561 -0.113303 0.212199 -0.970636 -0.17961 0.956457 0.230065 77.6681 -6.50574 10.4148 0.77773 0.619461 0.0351516 -0.10084 1
-0.168701 0.0564097 1.88366 0.965454 0.216719 -0.144679 -0.175099 0.128376 -0.976146 -0.192976 0.967756 0.161888 82.5079 -10.0844 11.3034 0.750952 0.647146 0.0160785 -0.13044 1
-0.16929 0.0563764 1.89592 0.977142 0.188197 -0.0988711 -0.122176 0.116534 -0.985643 -0.173973 0.975193 0.136864 83.2571 -7.01769 10.0953 0.74675 0.656457 0.0251431 -0.103908 1
-0.164039 0.0560066 1.89907 0.986702 0.158992 -0.0337618 -0.0673004 0.21057 -0.97526 -0.147949 0.964563 0.21847 77.8162 -3.85894 8.52759 0.777133 0.624032 0.0367336 -0.0727972 1
-0.157627 0.0576397 1.84706 0.96946 0.18858 -0.156796 -0.208223 0.295107 -0.932499 -0.12958 0.936669 0.325361 72.439 -12.0182 7.61312 0.804663 0.58073 -0.00845582 -0.123282 1
-0.162603 0.0544958 1.83907 0.983381 0.121129 -0.135242 -0.16167 0.24525 -0.955885 -0.0826167 0.961863 0.260757 75.6101 -9.30382 4.80231 0.78889 0.607736 -0.0166771 -0.089619 1
-0.160948 0.056855 1.82483 0.977156 0.158522 -0.141552 -0.182497 0.284567 -0.941125 -0.108908 0.945459 0.306997 73.1763 -10.5152 6.35962 0.801361 0.588556 -0.0101837 -0.106387 0
-0.16438 0.0527294 1.82364 0.990787 0.0487949 -0.12633 -0.133419 0.191683 -0.972346 -0.0232303 0.980243 0.196427 78.848 -7.66718 1.34313 0.771184 0.632985 -0.0334225 -0.0590694 0
-0.149639 0.0499566 1.82255 0.985195 0.0285026 -0.169054 -0.17068 0.0702912 -0.982816 -0.0161298 0.997119 0.0741153 85.9092 -9.82734 0.937977 0.729658 0.678378 -0.0523959 -0.0682451 1
-0.140083 0.0457741 1.82711 0.987763 0.019591 -0.154729 -0.155178 0.0239257 -0.987597 -0.015646 0.999522 0.026673 88.6122 -8.9271 0.907482 0.713856 0.69591 -0.0487084 -0.0612058 1
-0.134727 0.0313987 1.83158 0.996693 0.00220125 -0.0812301 -0.0811996 -0.0115198 -0.996631 -0.00312959 0.999931 -0.011303 90.6622 -4.65752 0.179907 0.702472 0.710548 -0.0277949 -0.0296812 1
-0.132109 0.0184775 1.83286 0.999726 -0.0114934 -0.0203717 -0.0207141 -0.0305028 -0.99932 0.0108641 0.999469 -0.0307326 91.7483 -1.18692 -0.622615 0.696149 0.717803 -0.0112174 -0.00331134 1
-0.132397 0.00514471 1.83466 0.999478 -0.0308321 0.00964829 0.00827528 -0.0443533 -0.998982 0.0312286 0.99854 -0.044075 92.5422 0.474144 -1.78962 0.691204 0.722479 -0.00780535 0.0141447 1
-0.132746 -0.00829435 1.83628 0.998396 -0.0521075 0.0221356 0.0197857 -0.0451893 -0.998782 0.0530444 0.997619 -0.0440858 92.5905 1.13371 -3.04124 0.690855 0.722439 -0.011185 0.026016 1
-0.133007 -0.0190889 1.83751 0.99652 -0.0766101 0.0328562 0.0305697 -0.0308307 -0.999057 0.0775509 0.996584 -0.0283815 91.7676 1.75179 -4.44989 0.695936 0.716891 -0.0160556 0.038502 1
-0.134147 -0.0215808 1.84467 0.99268 -0.119606 0.0167855 0.0148527 -0.0170327 -0.999745 0.119861 0.992675 -0.0151315 90.9761 0.851028 -6.88487 0.700092 0.711485 -0.036808 0.0480147 1
-0.134276 -0.00670319 1.83356 0.99841 0.0506726 0.024703 0.0263732 -0.032561 -0.999122 -0.0498238 0.998184 -0.0338456 91.8666 1.51125 2.85687 0.694983 0.718473 0.0268089 -0.00874104 1
-0.133687 0.00321152 1.83118 0.998988 0.0371913 0.025299 0.0270176 -0.0464584 -0.998555 -0.0359622 0.998228 -0.0474162 92.6638 1.54818 2.06168 0.690129 0.723336 0.0221919 -0.00368543 1
-0.134643 0.0111733 1.8286 0.998841 0.0136766 0.0461492 0.0467822 -0.0502855 -0.997639 -0.0113236 0.998641 -0.050867 92.8855 2.6814 0.649522 0.688783 0.724568 0.0208603 0.012016 1
-0.136372 0.0165855 1.82622 0.998002 -0.000501323 0.0631778 0.0630376 -0.0591465 -0.996257 0.00423619 0.998249 -0.0589967 93.3976 3.61418 -0.2432 0.68554 0.727349 0.0214946 0.0231711 0
-0.138453 0.0194815 1.8241 0.998115 -0.00116809 0.0613618 0.0609937 -0.0921004 -0.99388 0.0068124 0.995749 -0.0918555 95.2943 3.49685 -0.391053 0.673454 0.738592 0.0202499 0.0230758 0
-0.133315 0.0252949 1.82729 0.998362 -0.0105277 0.0562278 0.0541149 -0.14487 -0.98797 0.0185468 0.989395 -0.144063 98.3421 3.10207 -1.06427 0.653726 0.75619 0.0144101 0.0247208 1
-0.132506 0.0265903 1.83001 0.998665 -0.0091099 0.0508528 0.0477051 -0.215211 -0.975402 0.0198299 0.976525 -0.214489 102.442 2.73434 -1.13754 0.626291 0.779161 0.0123836 0.0226791 1
-0.134489 0.0516208 1.82051 0.980429 -0.160356 0.114214 0.109161 -0.0400024 -0.993219 0.163838 0.986248 -0.0217149 92.3064 6.26695 -9.48694 0.692588 0.714518 -0.0179126 0.0972863 1
-0.137116 0.0547668 1.82511 0.978381 -0.183734 0.0949301 0.0940048 -0.01376 -0.995477 0.18421 0.98288 0.00380941 90.7919 5.39404 -10.6628 0.701504 0.705041 -0.0318172 0.09898 1
-0.137753 0.0538675 1.81677 0.967071 -0.245596 0.0667575 0.0708178 0.00772803 -0.997459 0.244456 0.969342 0.0248661 89.5561 4.06096 -14.186 0.707048 0.695427 -0.0628311 0.111878 1
-0.138046 0.0496297 1.8059 0.951121 -0.304552 0.0511526 0.0626357 0.0280484 -0.997642 0.3024 0.952083 0.0457533 88.3896 3.59111 -17.6376 0.711499 0.685077 -0.0882809 0.129019 1
-0.149136 0.0444602 1.79609 0.94033 -0.337152 0.0459118 0.0724883 0.0666594 -0.995139 0.332452 0.939087 0.0871214 86.1678 4.15692 -19.471 0.723552 0.668309 -0.0990048 0.141538 1
-0.147693 0.0365862 1.78758 0.930901 -0.353343 0.0925847 0.137678 0.104642 -0.984934 0.338331 0.929623 0.146058 83.9355 7.91348 -19.9734 0.738512 0.648113 -0.0831897 0.166219 1
-0.148856 0.0413199 1.78356 0.933157 -0.359418 -0.00607372 0.0455429 0.13497 -0.989803 0.356572 0.923365 0.142317 82.235 2.61032 -20.9126 0.743378 0.643403 -0.121959 0.136189 1
-0.14588 0.0522439 1.76777 0.842408 -0.52116 0.136901 0.133166 -0.0448271 -0.990079 0.522127 0.852281 0.0316383 92.5924 7.6526 -31.7907 0.676243 0.681101 -0.142414 0.241898 1
-0.146473 0.0553243 1.76228 0.854187 -0.501334 0.137945 0.137751 -0.0376308 -0.989752 0.501387 0.864435 0.0369155 92.1774 7.91774 -30.4119 0.680711 0.680974 -0.133479 0.234712 1
-0.150145 0.055394 1.75671 0.893512 -0.431887 0.122925 0.140818 0.00955766 -0.989989 0.426389 0.901877 0.0693574 89.4469 8.09519 -25.5107 0.702216 0.673535 -0.108038 0.203892 1
-0.15336 0.0571169 1.75068 0.739638 -0.635085 0.222716 0.184698 -0.126674 -0.974598 0.647165 0.761984 0.0236058 97.4056 10.6435 -41.1851 0.639642 0.678732 -0.165893 0.320407 1
-0.169033 0.062001 1.76056 0.922949 -0.364699 0.123123 0.148144 0.0413246 -0.988102 0.355272 0.930208 0.0921684 87.6052 8.51936 -21.0533 0.717015 0.668853 -0.0809429 0.178812 1
-0.178694 0.0679021 1.75271 0.960745 -0.239394 0.14021 0.150998 0.0272421 -0.988159 0.23274 0.97054 0.0623209 88.4208 8.68479 -13.6175 0.715945 0.683956 -0.0323105 0.136321 1
-0.162766 0.0736598 1.77599 0.928224 -0.371698 -0.0155236 0.0154408 0.0801842 -0.99666 0.371701 0.924884 0.0801682 85.4003 0.884728 -21.8233 0.722595 0.664807 -0.13397 0.13394 1
-0.153677 0.0745779 1.77727 0.922568 -0.385185 -0.0223726 0.00550793 0.071127 -0.997452 0.385795 0.920094 0.0677411 85.9212 0.315582 -22.6935 0.717885 0.667776 -0.142142 0.136057 1
-0.163541 0.0791623 1.77555 0.919665 -0.390402 -0.0424668 -0.030456 0.0369078 -0.998854 0.391522 0.919904 0.0220527 87.8839 -1.74527 -23.0606 0.703318 0.682038 -0.154265 0.127946 1
-0.159661 0.0711995 1.77451 0.921004 -0.384076 -0.0650927 -0.0433537 0.0649997 -0.996943 0.387133 0.921011 0.0432139 86.2697 -2.48476 -22.7989 0.712253 0.6732 -0.158731 0.119593 1
-0.158314 0.0614497 1.76641 0.931154 -0.360775 -0.0528572 -0.0332059 0.0604571 -0.997618 0.363112 0.930691 0.0443149 86.532 -1.90291 -21.3037 0.713429 0.675718 -0.145764 0.114787 1
-0.157957 0.0594296 1.76107 0.93165 -0.361986 -0.0315309 -0.0156288 0.0467751 -0.998783 0.36302 0.931009 0.0379206 87.3187 -0.895501 -21.2885 0.70999 0.679514 -0.138928 0.121958 1
-0.157313 0.0579897 1.75533 0.93194 -0.362395 -0.0126063 0.00586027 0.0498127 -0.998741 0.362566 0.930693 0.0485461 87.1447 0.335771 -21.2583 0.712443 0.677049 -0.13165 0.129223 1
-0.157171 0.0560204 1.75103 0.934545 -0.355845 -0.000139666 0.0165768 0.043927 -0.998897 0.355459 0.933512 0.0469506 87.482 0.949822 -20.8246 0.711587 0.678909 -0.124932 0.130842 1
-0.156745 0.0439526 1.74299 0.941797 -0.335762 0.0168244 0.031524 0.038377 -0.998766 0.334702 0.941165 0.0467279 87.7995 1.80649 -19.5646 0.711846 0.681302 -0.111638 0.128991 1
-0.129342 0.0301365 1.73119 0.906073 -0.422249 0.0271475 -0.0170131 -0.100465 -0.994795 0.422779 0.900895 -0.0982125 95.7668 -0.974825 -25.014 0.653337 0.725388 -0.151389 0.155064 1
-0.121231 0.0205303 1.74669 0.946941 -0.230229 -0.224271 -0.112007 0.417653 -0.901677 0.301259 0.878955 0.369705 65.1466 -6.43104 -17.6479 0.826786 0.53842 -0.158908 0.0357472 1
-0.106413 0.00940504 1.74881 0.948548 -0.258898 -0.182288 -0.0497623 0.446661 -0.893318 0.312699 0.856426 0.410796 63.4349 -2.85235 -18.2454 0.837557 0.522276 -0.147747 0.0624243 1
-0.104296 0.00736457 1.75146 0.951456 -0.264759 -0.156953 -0.0174469 0.462729 -0.886328 0.30729 0.84604 0.435647 62.4321 -0.999687 -17.8988 0.844072 0.513098 -0.137501 0.0732497 1
-0.0983549 0.0266601 1.75802 0.941545 -0.258165 -0.216434 -0.0606377 0.502089 -0.862687 0.331385 0.825383 0.457085 59.8003 -3.47642 -19.3899 0.851575 0.495573 -0.160825 0.0579888 1
-0.100128 0.02908 1.75993 0.943096 -0.247675 -0.221871 -0.0834115 0.469698 -0.878878 0.321889 0.847373 0.422312 61.8786 -4.78469 -18.8453 0.841889 0.512612 -0.16147 0.0487783 1
-0.0999418 0.0289248 1.76459 0.945763 -0.239287 -0.219713 -0.0813604 0.480308 -0.873318 0.314504 0.843828 0.434789 61.1901 -4.66677 -18.394 0.845704 0.507609 -0.157921 0.0466851 1
-0.102172 0.0276942 1.75955 0.954535 -0.20837 -0.21318 -0.0908943 0.477632 -0.873845 0.283905 0.853492 0.436977 61.3396 -5.21506 -16.5639 0.846927 0.509884 -0.146732 0.0346771 1
-0.103694 0.0266941 1.7522 0.966461 -0.148358 -0.209627 -0.113801 0.484342 -0.867446 0.230224 0.862208 0.451214 60.823 -6.53447 -13.3989 0.851765 0.507667 -0.1291 0.0101428 1
-0.105093 0.0261353 1.73996 0.974013 -0.085095 -0.209897 -0.138889 0.507632 -0.850305 0.178907 0.857361 0.482622 59.1628 -7.98354 -10.4081 0.860852 0.495923 -0.112912 -0.0156222 1
-0.101462 0.0280015 1.73692 0.963617 -0.162026 -0.212578 -0.123435 0.435673 -0.891601 0.237077 0.885402 0.399822 63.958 -7.0904 -13.8219 0.836527 0.531066 -0.134382 0.0115332 1
-0.101655 0.0334027 1.72033 0.986618 0.00804686 0.16285 0.119431 0.644283 -0.755404 -0.111 0.764745 0.6347 49.5392 6.85929 6.41911 0.903549 0.420605 0.0757708 0.0308187 0
-0.0922053 0.0311908 1.71095 0.994023 0.101583 0.0399949 -0.0263271 0.57858 -0.815201 -0.10595 0.809275 0.577796 54.6352 -1.50861 6.08404 0.887468 0.457615 0.0411128 -0.0360322 0
-0.0847977 0.0295193 1.69959 0.987195 0.157834 -0.0231038 -0.109284 0.563688 -0.818727 -0.1162 0.810768 0.573719 55.4529 -6.27405 6.71321 0.883827 0.46092 0.0263332 -0.0755572 1
-0.0706964 0.0274868 1.73682 0.994857 -0.100396 -0.0134154 -0.00372414 0.0961012 -0.995365 0.10122 0.990295 0.0952331 84.4853 -0.213378 -5.80947 0.739289 0.671477 -0.0387655 0.0326909 1
-0.0638323 0.0263983 1.73533 0.993589 -0.112682 -0.00912803 -0.000925768 0.0726297 -0.997359 0.113048 0.990973 0.0720597 85.835 -0.0530426 -6.49103 0.731143 0.679871 -0.0417756 0.038213 0
-0.0569416 0.018106 1.73068 0.994601 -0.0998823 0.0281414 0.0304848 0.0220128 -0.999293 0.0991922 0.994756 0.0249389 88.7381 1.74692 -5.69531 0.714415 0.697791 -0.0248633 0.0456202 0
-0.056972 0.0169464 1.72058 0.998486 -0.0472752 0.0281034 0.0265094 -0.0340132 -0.99907 0.0481871 0.998303 -0.0327084 91.9499 1.51905 -2.76296 0.69494 0.718542 -0.00722497 0.0265435 0
-0.0594359 0.0186745 1.71733 0.997981 -0.0471285 0.0425786 0.0389768 -0.0748696 -0.996431 0.0501481 0.996079 -0.0728815 94.297 2.23377 -2.87667 0.680116 0.732416 -0.00278244 0.031651 0
-0.0616361 0.0173547 1.7146 0.997499 -0.0514763 0.0484297 0.0420686 -0.118185 -0.9921 0.0567933 0.991656 -0.115724 96.7934 2.41107 -3.25866 0.664001 0.746895 -0.00314894 0.0352202 0
-0.0653177 0.0184391 1.70201 0.996875 0.0134983 0.0778317 0.0789712 -0.193682 -0.977881 0.00187489 0.980971 -0.194143 101.203 4.52943 -0.10776 0.634242 0.772124 0.02994 0.0258076 0
-0.0692188 0.0199654 1.6923 0.992905 0.0533845 0.106252 0.117026 -0.280332 -0.952743 -0.0210759 0.958417 -0.284591 106.396 6.7205 1.21601 0.597491 0.799661 0.0532759 0.0266287 0
-0.0728347 0.0213549 1.68436 0.987133 0.081165 0.137767 0.157657 -0.350283 -0.92328 -0.0266805 0.933121 -0.358573 110.776 9.07092 1.54823 0.565305 0.820973 0.0727252 0.0338277 0
-0.0742928 0.0216668 1.67901 0.988508 0.0747648 0.131388 0.15017 -0.385803 -0.910277 -0.0173666 0.919547 -0.392597 112.969 8.63678 1.0065 0.550024 0.831701 0.0676129 0.0342736 0
-0.0744324 0.0217599 1.67649 0.993575 0.06175 0.0948459 0.111815 -0.406011 -0.907002 -0.0174989 0.91178 -0.410307 114.115 6.41995 1.00899 0.542507 0.838137 0.0517711 0.0230711 0
-0.0748256 0.0213111 1.67265 0.997181 0.0370883 0.0652192 0.0748357 -0.429611 -0.899908 -0.00535711 0.902252 -0.431176 115.52 4.29178 0.307804 0.533009 0.845276 0.0331028 0.0177049 0
-0.0682133 0.0211718 1.65421 0.977763 0.150112 0.146441 0.19872 -0.440107 -0.87568 -0.0670002 0.885309 -0.460151 116.684 11.4621 3.92 0.519015 0.848237 0.102811 0.0234136 0
-0.0693557 0.0129342 1.645 0.967153 0.126808 0.220304 0.252316 -0.373802 -0.892529 -0.0308304 0.918799 -0.39352 112.725 14.6146 1.82582 0.547684 0.826812 0.114635 0.0572903 0
-0.069425 0.0133069 1.63623 0.967484 0.148225 0.20495 0.245962 -0.362414 -0.898977 -0.0589743 0.920155 -0.387088 111.956 14.2387 3.48823 0.551811 0.824164 0.119572 0.0442798 0
-0.0641231 0.00957271 1.61402 0.97438 0.141162 0.17509 0.215491 -0.36307 -0.906501 -0.0643933 0.921007 -0.384188 111.827 12.4443 3.78098 0.553878 0.824869 0.108094 0.0335496 0
-0.0649112 0.0110381 1.58398 0.977931 0.151124 0.144265 0.193635 -0.39627 -0.897483 -0.0784638 0.905611 -0.416787 113.823 11.165 4.58727 0.539647 0.835313 0.103183 0.0196935 0
-0.0636396 0.0132125 1.57497 0.977772 0.142158 0.154118 0.200719 -0.422165 -0.884019 -0.0606072 0.895303 -0.441315 115.527 11.579 3.54694 0.5278 0.842801 0.101707 0.027738 0
-0.054643 0.0165417 1.56324 0.986909 0.122943 0.104378 0.148807 -0.444649 -0.883257 -0.0621785 0.887227 -0.457123 116.722 8.55782 3.60506 0.52085 0.849806 0.0799448 0.0124146 0
-0.0441524 0.00742835 1.56718 0.943336 0.330905 0.024882 0.216536 -0.557007 -0.801783 -0.251454 0.761739 -0.597097 124.788 12.5056 14.9256 0.444194 0.879977 0.155527 -0.0643687 0
-0.0331662 0.00619191 1.56062 0.944074 0.328082 0.0329663 0.237602 -0.607556 -0.757905 -0.228626 0.723351 -0.651531 128.717 13.7451 13.6132 0.41382 0.894869 0.158036 -0.0546617 0
-0.0228734 0.0172963 1.55302 0.91397 0.165541 0.370478 0.395028 -0.571769 -0.71905 0.0927953 0.80354 -0.587973 128.491 23.2677 -5.79737 0.434232 0.8766 0.15987 0.132122 0
-0.0101876 0.0208949 1.55652 0.923345 0.229955 0.307499 0.383182 -0.603205 -0.699511 0.0246287 0.763718 -0.64508 130.772 22.5309 -1.52791 0.41081 0.890454 0.172142 0.0932467 0
0.00688418 0.0317611 1.56094 0.861728 0.247908 0.442682 0.495874 -0.5962 -0.631391 0.1074 0.763602 -0.636693 133.358 29.7274 -7.10433 0.396496 0.879577 0.211403 0.156348 0
0.0190462 0.0322166 1.56695 0.823923 0.288767 0.487611 0.553033 -0.597547 -0.580596 0.123713 0.748031 -0.652031 135.824 33.5753 -8.53927 0.378928 0.87657 0.240083 0.174351 1
0.0219606 0.0331632 1.58589 0.780262 0.288163 0.555116 0.575658 -0.677907 -0.457231 0.244559 0.676317 -0.694828 146.001 35.1457 -17.4027 0.319189 0.887834 0.243239 0.225176 1
0.0212593 0.0337713 1.58841 0.737183 0.323758 0.593078 0.627747 -0.652896 -0.423863 0.249989 0.684768 -0.684542 147.008 38.8841 -18.7325 0.316127 0.87673 0.271322 0.240401 1
0.0197693 0.0331855 1.57656 0.683241 0.369989 0.629515 0.704587 -0.560364 -0.435374 0.191674 0.741013 -0.643553 142.155 44.7962 -15.6708 0.346167 0.849582 0.316207 0.241645 0
0.0161211 0.0264348 1.58454 0.618095 0.378482 0.688992 0.733528 -0.592837 -0.332387 0.282658 0.710841 -0.644057 150.722 47.183 -24.5748 0.308707 0.844836 0.329061 0.287526 0
0.011704 0.0255012 1.57203 0.531971 0.396332 0.748283 0.802287 -0.518545 -0.295713 0.270818 0.757649 -0.593823 150.305 53.3491 -26.98 0.323884 0.813071 0.368547 0.313349 0
0.0135253 0.0292667 1.5675 0.506257 0.395996 0.766088 0.817155 -0.504183 -0.279388 0.275613 0.767455 -0.578836 151.007 54.801 -28.5644 0.325284 0.804561 0.37696 0.323686 1
0.0242695 0.0345749 1.58008 0.484566 0.455303 0.746924 0.84277 -0.471776 -0.259166 0.234382 0.755067 -0.612322 151.218 57.4337 -25.8128 0.316413 0.801353 0.404963 0.30614 0
0.0268196 0.0327626 1.58033 0.387701 0.474991 0.789982 0.905757 -0.355432 -0.23081 0.171152 0.805016 -0.568028 147.001 64.9254 -23.8192 0.340676 0.760125 0.454119 0.31611 1
0.0307054 0.0208113 1.59492 0.322323 0.40227 0.856905 0.93267 -0.289838 -0.214759 0.161973 0.868431 -0.468607 143.463 68.8548 -26.6802 0.375459 0.721243 0.462722 0.353167 1
0.027988 0.0132713 1.60325 0.277784 0.385361 0.879962 0.944305 -0.277759 -0.176457 0.176418 0.87997 -0.441056 147.573 70.7876 -32.4192 0.373821