0.099502 -0.101714 0.999597 0.609801 0.792301 0.0200158 0.212108 -0.138813 -0.967337 -0.763644 0.594129 -0.252701 98.1662 12.2459 51.3912 0.55188 0.707339 0.354995 -0.262826 0
0.0990827 -0.102061 0.996628 0.610491 0.791763 0.0203089 0.212307 -0.138889 -0.967282 -0.763037 0.594829 -0.252888 98.1711 12.2576 51.3374 0.551977 0.707508 0.354791 -0.262445 1
0.099082 -0.102624 0.997109 0.610303 0.791903 0.0204639 0.212071 -0.13844 -0.967399 -0.763253 0.594747 -0.25243 98.144 12.2437 51.3539 0.55214 0.707314 0.354855 -0.262539 1
0.0992982 -0.104912 1.00126 0.609293 0.792673 0.0207851 0.212386 -0.137885 -0.967409 -0.763973 0.59385 -0.252365 98.1117 12.2622 51.4265 0.552051 0.707026 0.355383 -0.262786 1
0.0988148 -0.107478 0.999886 0.609515 0.792482 0.021529 0.213055 -0.137586 -0.967304 -0.763609 0.594173 -0.252703 98.0953 12.3014 51.4031 0.552093 0.707072 0.355528 -0.262378 1
0.0980387 -0.110135 0.996486 0.609923 0.792141 0.0225271 0.212907 -0.136417 -0.967503 -0.763325 0.594898 -0.251856 98.0257 12.2927 51.374 0.552641 0.706788 0.355498 -0.26203 1
0.0975612 -0.111023 0.993333 0.610494 0.791686 0.0230066 0.212835 -0.136006 -0.967576 -0.762888 0.595596 -0.251529 98.0013 12.2885 51.3318 0.552937 0.706758 0.355327 -0.261717 1
0.0980346 -0.110314 0.994775 0.610406 0.791766 0.0226267 0.213242 -0.136752 -0.967381 -0.762845 0.59532 -0.252312 98.0462 12.3124 51.3342 0.552572 0.707013 0.355371 -0.261741 0
0.0977791 -0.111959 0.995754 0.610353 0.791799 0.0228959 0.214203 -0.137152 -0.967112 -0.762618 0.595184 -0.253317 98.0716 12.3688 51.3284 0.552242 0.707252 0.355602 -0.261478 1
0.0970805 -0.116385 0.996791 0.61009 0.79197 0.0239366 0.215722 -0.13696 -0.966802 -0.7624 0.595 -0.254403 98.063 12.4579 51.3324 0.55198 0.707364 0.356144 -0.260991 1
0.0965654 -0.119816 0.998203 0.609594 0.792328 0.0247457 0.216424 -0.136317 -0.966736 -0.762598 0.594672 -0.254577 98.0262 12.4991 51.3624 0.551974 0.707193 0.356604 -0.260839 1
0.0961377 -0.122325 0.997355 0.609547 0.792339 0.0255151 0.216613 -0.135507 -0.966807 -0.762582 0.594841 -0.254229 97.9786 12.5102 51.364 0.552225 0.70698 0.356783 -0.260639 1
0.0956372 -0.126125 0.998121 0.609024 0.792708 0.0265395 0.21681 -0.134198 -0.966946 -0.762944 0.594647 -0.253597 97.9014 12.5217 51.4012 0.552546 0.706544 0.357202 -0.260566 1
0.0954456 -0.128665 0.999527 0.608513 0.793079 0.0271542 0.217117 -0.133481 -0.966976 -0.763264 0.594313 -0.253416 97.8594 12.5398 51.4363 0.552634 0.706295 0.357569 -0.260553 0
0.0955764 -0.130719 1.00219 0.607867 0.793562 0.027514 0.217676 -0.133216 -0.966887 -0.763619 0.593728 -0.253718 97.8447 12.5726 51.479 0.552479 0.706187 0.357992 -0.260591 1
0.09541 -0.133384 1.00327 0.607461 0.79385 0.0281698 0.218068 -0.132557 -0.966889 -0.763831 0.59349 -0.253636 97.8064 12.5956 51.5054 0.552555 0.705984 0.358336 -0.260509 1
0.0954534 -0.134062 1.00313 0.607464 0.793841 0.0283544 0.218186 -0.132426 -0.966881 -0.763794 0.593532 -0.253649 97.7988 12.6025 51.5039 0.552582 0.705964 0.358385 -0.260438 1
0.0947631 -0.136592 1.0008 0.607736 0.793601 0.0292276 0.218334 -0.131587 -0.966962 -0.763536 0.594039 -0.25324 97.7494 12.6112 51.482 0.552926 0.705791 0.35844 -0.260101 1
0.0940059 -0.140546 1.00018 0.607767 0.793538 0.0302952 0.219541 -0.131238 -0.966736 -0.763166 0.594201 -0.253976 97.7308 12.6821 51.467 0.552846 0.705865 0.358808 -0.259565 1
0.094437 -0.142379 1.00516 0.606646 0.794389 0.0304529 0.220014 -0.130959 -0.966666 -0.763921 0.593124 -0.254222 97.7152 12.7098 51.5462 0.552599 0.705661 0.35938 -0.259851 1
0.0943373 -0.144124 1.00693 0.605872 0.79496 0.03095 0.219233 -0.129437 -0.967049 -0.764759 0.592693 -0.252703 97.6236 12.664 51.6123 0.553112 0.704984 0.359651 -0.260222 0
0.0945673 -0.142305 1.0054 0.605823 0.795003 0.0308196 0.21712 -0.127938 -0.967725 -0.7654 0.592961 -0.250119 97.5311 12.5399 51.638 0.554023 0.704251 0.35929 -0.260767 1
0.0938411 -0.14523 1.00303 0.605631 0.7951 0.0320462 0.215483 -0.125101 -0.968461 -0.766014 0.593436 -0.247096 97.3604 12.4439 51.6692 0.555301 0.703176 0.359292 -0.260947 1
0.0933585 -0.149202 1.00383 0.604729 0.795735 0.0332952 0.21426 -0.122281 -0.969093 -0.767069 0.593173 -0.24444 97.1916 12.3721 51.749 0.556329 0.702042 0.359663 -0.2613 1
0.0928138 -0.152726 1.00411 0.604047 0.796205 0.0344121 0.213302 -0.119917 -0.969599 -0.767873 0.593024 -0.242268 97.0504 12.3159 51.8096 0.557194 0.701112 0.359966 -0.261535 1
0.0927299 -0.153455 1.00458 0.603502 0.796603 0.0347691 0.211957 -0.118236 -0.9701 -0.768674 0.592827 -0.240201 96.9489 12.2371 51.8638 0.557913 0.700346 0.360022 -0.261979 1
0.0926857 -0.154847 1.00624 0.602654 0.797225 0.0352285 0.210683 -0.116373 -0.970603 -0.769689 0.592359 -0.238094 96.837 12.1624 51.9397 0.558611 0.699486 0.360232 -0.2625 1
0.0931906 -0.154455 1.00918 0.601607 0.798019 0.0351387 0.208965 -0.114771 -0.971165 -0.770975 0.591602 -0.235805 96.7399 12.0617 52.0344 0.559248 0.698603 0.360356 -0.263324 1
0.0934122 -0.154947 1.01159 0.6006 0.798771 0.0352727 0.207235 -0.11291 -0.971754 -0.772226 0.590945 -0.233347 96.6276 11.9604 52.126 0.559987 0.697649 0.360499 -0.264085 1
0.0935362 -0.153081 1.00884 0.600833 0.798603 0.0351194 0.205076 -0.111529 -0.972371 -0.772621 0.591435 -0.230784 96.5431 11.8339 52.1294 0.560919 0.696984 0.360008 -0.264533 1
0.0930045 -0.155623 1.00825 0.60034 0.798935 0.0359931 0.203687 -0.109224 -0.972924 -0.773372 0.591417 -0.228304 96.4054 11.7526 52.1791 0.561875 0.696037 0.360118 -0.264849 1
0.092321 -0.157854 1.00579 0.600491 0.798786 0.0367621 0.203038 -0.107845 -0.973214 -0.773425 0.59187 -0.226944 96.3233 11.7147 52.1741 0.562517 0.695572 0.360072 -0.264769 1
0.0911066 -0.15915 0.997405 0.60191 0.797674 0.0376848 0.202027 -0.106451 -0.973578 -0.772586 0.59362 -0.225225 96.2399 11.6555 52.0784 0.563523 0.695267 0.359466 -0.264251 1
0.0908354 -0.157082 0.992236 0.602982 0.796875 0.0374537 0.201056 -0.106367 -0.973788 -0.772003 0.594707 -0.224354 96.2337 11.5987 52.008 0.563973 0.695288 0.358819 -0.264117 1
0.0911007 -0.155012 0.994303 0.602474 0.797289 0.0368187 0.200118 -0.106241 -0.973995 -0.772644 0.594174 -0.223559 96.2251 11.5438 52.0545 0.564064 0.695031 0.358763 -0.264673 1
0.0935552 -0.145258 0.999442 0.601532 0.798126 0.0339841 0.197081 -0.107041 -0.974526 -0.774157 0.592906 -0.221684 96.2682 11.3663 52.1523 0.564094 0.694668 0.358159 -0.266376 1
0.0940941 -0.146501 1.00641 0.599637 0.799551 0.0339642 0.195946 -0.105539 -0.974919 -0.775913 0.591252 -0.219953 96.1784 11.3 52.3026 0.56439 0.693745 0.35874 -0.267371 1
0.0948209 -0.145322 1.01139 0.598295 0.800577 0.033449 0.194398 -0.104529 -0.975337 -0.777337 0.590042 -0.21817 96.1172 11.2096 52.4155 0.564711 0.693 0.358938 -0.268358 1
0.096082 -0.145456 1.02179 0.59599 0.802319 0.0328694 0.194243 -0.104331 -0.975389 -0.779144 0.587707 -0.218025 96.1053 11.2005 52.5866 0.564277 0.692522 0.359758 -0.269405 1
0.097362 -0.141278 1.02607 0.595182 0.802974 0.0314815 0.193022 -0.104823 -0.975579 -0.780065 0.586724 -0.21738 96.1327 11.1292 52.6567 0.564132 0.692348 0.359644 -0.270306 1
0.0984331 -0.136888 1.02823 0.594808 0.803301 0.0301934 0.191688 -0.10526 -0.975795 -0.780679 0.586198 -0.216593 96.1567 11.0513 52.6958 0.564127 0.692217 0.359348 -0.271044 1
0.0993768 -0.131622 1.02785 0.595066 0.803161 0.0287937 0.190349 -0.106041 -0.975973 -0.780809 0.586249 -0.215982 96.201 10.9731 52.6884 0.564146 0.692295 0.358774 -0.271566 0
0.102287 -0.122255 1.0355 0.593834 0.804175 0.0257595 0.188502 -0.107929 -0.976124 -0.782195 0.584511 -0.21568 96.3095 10.8654 52.7946 0.563521 0.692359 0.35844 -0.273137 1
0.103091 -0.117037 1.03527 0.594524 0.803715 0.0241441 0.188844 -0.110379 -0.975784 -0.781588 0.584686 -0.2174 96.4537 10.8853 52.7411 0.562749 0.693236 0.357945 -0.273155 1
0.104122 -0.113064 1.0388 0.59412 0.804054 0.0227694 0.18854 -0.111684 -0.975694 -0.781968 0.583973 -0.21795 96.53 10.8676 52.7733 0.562247 0.693497 0.357822 -0.273685 1
0.103424 -0.117198 1.04142 0.593413 0.80455 0.0236809 0.189294 -0.110901 -0.975638 -0.782323 0.583438 -0.218107 96.485 10.9116 52.8187 0.562229 0.693257 0.358397 -0.273579 1
0.102784 -0.119601 1.04141 0.593125 0.804741 0.0243808 0.188837 -0.109614 -0.975872 -0.782652 0.583418 -0.21698 96.4089 10.8849 52.8437 0.562701