0.000237295 0.000512903 0.000912041 0.609725 0.792379 0.019281 0.211919 -0.139532 -0.967275 -0.763758 0.593858 -0.252996 98.2084 12.2348 51.3988 0.551633 0.707505 0.354873 -0.263064 0
0.00264325 0.00849062 0.00505721 0.609489 0.792617 0.0167438 0.211054 -0.141861 -0.967126 -0.764185 0.592987 -0.253748 98.3448 12.1841 51.4253 0.550881 0.708007 0.3544 -0.263924 1
0.00521809 0.0174662 0.00956908 0.609231 0.792871 0.0138902 0.210104 -0.144502 -0.966941 -0.764653 0.592009 -0.25462 98.4995 12.1285 51.4542 0.550025 0.708582 0.353867 -0.264882 1
0.00599119 0.0216109 0.00721916 0.610146 0.792185 0.0128188 0.209951 -0.146062 -0.96674 -0.763965 0.592544 -0.255439 98.5917 12.1195 51.3871 0.549692 0.709163 0.353281 -0.2648 1
0.00656176 0.0249327 0.00425674 0.611152 0.791422 0.0120546 0.209851 -0.147329 -0.96657 -0.763188 0.59325 -0.256121 98.6666 12.1136 51.3127 0.549477 0.709683 0.352718 -0.264602 1
0.00749413 0.0313018 -0.00115394 0.612801 0.790166 0.0105965 0.209123 -0.149222 -0.966437 -0.762065 0.594449 -0.256685 98.7774 12.071 51.1961 0.549294 0.710406 0.351661 -0.26445 1
0.0083207 0.0363242 -0.00504918 0.614025 0.78923 0.00944746 0.2085 -0.150647 -0.96635 -0.76125 0.595333 -0.257055 98.8607 12.0345 51.1103 0.549164 0.710937 0.35085 -0.26437 1
0.00966229 0.0446212 -0.00937324 0.615499 0.788102 0.00741555 0.207296 -0.152804 -0.966271 -0.760387 0.596276 -0.257421 98.9862 11.9639 51.0114 0.548925 0.71164 0.349685 -0.26452 1
0.0116445 0.0552111 -0.0119019 0.616814 0.787095 0.00462278 0.206022 -0.155777 -0.966068 -0.759668 0.596837 -0.258245 99.16 11.8894 50.925 0.548359 0.712537 0.348444 -0.264914 1
0.0134444 0.0655524 -0.0155467 0.618245 0.785982 0.00203023 0.204349 -0.158243 -0.966023 -0.758956 0.597654 -0.258448 99.3029 11.7914 50.8337 0.548077 0.713256 0.347116 -0.265306 1
0.0151021 0.0743081 -0.0176038 0.61922 0.785218 -0.000220289 0.202923 -0.160296 -0.965985 -0.758544 0.598112 -0.258597 99.4218 11.708 50.7743 0.547797 0.713812 0.346079 -0.265744 1
0.0162886 0.0823865 -0.0233938 0.620736 0.784017 -0.00195718 0.20087 -0.161448 -0.966222 -0.757851 0.599376 -0.257702 99.486 11.5878 50.68 0.548084 0.714123 0.344789 -0.265994 1
0.018618 0.0959468 -0.0321918 0.623082 0.782141 -0.00489981 0.197512 -0.1634 -0.966587 -0.756808 0.601295 -0.256294 99.5951 11.3915 50.5353 0.548495 0.714629 0.342714 -0.26647 1
0.020696 0.10625 -0.0359238 0.624326 0.781129 -0.00736274 0.195334 -0.165235 -0.966717 -0.756348 0.602109 -0.255741 99.6995 11.2642 50.4621 0.548487 0.71507 0.341387 -0.267005 1
0.0230578 0.116117 -0.0369584 0.62499 0.78057 -0.00991964 0.19331 -0.167067 -0.966809 -0.756319 0.602328 -0.255307 99.804 11.146 50.4311 0.548319 0.715431 0.340313 -0.267754 1
0.0241406 0.123604 -0.0444817 0.626905 0.779013 -0.0113626 0.191858 -0.168499 -0.96685 -0.755103 0.603943 -0.255092 99.886 11.0612 50.2997 0.548478 0.715978 0.339002 -0.267629 1
0.0257744 0.130559 -0.0464449 0.627432 0.778562 -0.0130156 0.189944 -0.16924 -0.967098 -0.755149 0.604317 -0.25407 99.9261 10.9495 50.2777 0.548663 0.716021 0.338156 -0.268206 1
0.0274707 0.138038 -0.0490753 0.628235 0.777882 -0.0148344 0.188186 -0.170429 -0.967233 -0.754922 0.604858 -0.253456 99.9931 10.847 50.2333 0.548714 0.716261 0.337192 -0.268672 1
0.0283983 0.142554 -0.0514951 0.628785 0.777418 -0.0158388 0.186779 -0.17078 -0.967444 -0.754813 0.605356 -0.252589 100.011 10.7649 50.2045 0.548957 0.716267 0.336535 -0.268982 1
0.0295178 0.147658 -0.0534264 0.629149 0.777099 -0.0169925 0.184831 -0.170805 -0.967814 -0.754989 0.605759 -0.251094 100.009 10.6513 50.1948 0.549375 0.716074 0.335835 -0.269519 1
0.0313069 0.154512 -0.0529653 0.629189 0.777025 -0.0188026 0.182983 -0.171593 -0.968025 -0.755406 0.605631 -0.250147 100.052 10.5435 50.2086 0.54942 0.716053 0.335173 -0.270304 1
0.0326611 0.158524 -0.050266 0.628552 0.77751 -0.0200068 0.18135 -0.171524 -0.968345 -0.756329 0.605027 -0.248813 100.045 10.4484 50.2715 0.549594 0.715697 0.334939 -0.271182 1
0.0334438 0.160875 -0.0488232 0.628229 0.777753 -0.0206811 0.180455 -0.171516 -0.968513 -0.756812 0.604716 -0.248101 100.043 10.3963 50.3039 0.549684 0.715515 0.334797 -0.271655 1
0.0348398 0.16442 -0.0458659 0.62742 0.778377 -0.0217704 0.178666 -0.171115 -0.968916 -0.757907 0.604027 -0.246431 100.015 10.2921 50.381 0.549971 0.715012 0.334625 -0.27261 1
0.0365894 0.169207 -0.0427796 0.626674 0.778937 -0.0231931 0.176826 -0.171121 -0.969252 -0.758955 0.603304 -0.244973 100.012 10.1849 50.4533 0.550132 0.714627 0.334357 -0.273621 1
0.0377181 0.169599 -0.0348858 0.624802 0.780422 -0.0237431 0.176117 -0.170494 -0.969492 -0.760661 0.601559 -0.243971 99.974 10.1437 50.6005 0.550077 0.714015 0.334916 -0.274646 1
0.0377842 0.167068 -0.0284833 0.62319 0.781721 -0.0233815 0.176096 -0.169387 -0.96969 -0.761988 0.600183 -0.243218 99.9086 10.1424 50.7221 0.550133 0.713406 0.335649 -0.275218 1
0.0391542 0.167251 -0.0171769 0.620823 0.783579 -0.0241293 0.176163 -0.169432 -0.96967 -0.763901 0.597743 -0.243225 99.9113 10.1463 50.8992 0.549583 0.713001 0.336515 -0.276308 1
0.0414615 0.167852 -0.000438296 0.617602 0.78608 -0.0254317 0.177064 -0.170475 -0.969323 -0.7663 0.594152 -0.244472 99.9746 10.1988 51.1328 0.548328 0.712837 0.337785 -0.277669 1
0.0427147 0.166205 0.0110672 0.615406 0.787786 -0.0258466 0.178356 -0.17112 -0.968972 -0.767766 0.591702 -0.245814 100.015 10.274 51.2859 0.547374 0.712801 0.338854 -0.278343 1
0.0446623 0.165198 0.0264572 0.612534 0.789991 -0.0267698 0.180026 -0.172403 -0.968436 -0.769671 0.58838 -0.247822 100.094 10.3713 51.4859 0.545964 0.712874 0.340178 -0.279306 1
0.0461561 0.16384 0.0384022 0.609994 0.791937 -0.0272671 0.180722 -0.172541 -0.968281 -0.771522 0.585718 -0.24837 100.104 10.4118 51.6688 0.545225 0.712549 0.34126 -0.280258 1
0.0480837 0.1654 0.0481253 0.607932 0.793482 -0.0283881 0.180466 -0.172906 -0.968264 -0.773209 0.583515 -0.248311 100.125 10.3969 51.824 0.544682 0.712241 0.34186 -0.281364 1
0.049638 0.165527 0.0580113 0.605657 0.795193 -0.0291073 0.180157 -0.172663 -0.968365 -0.775063 0.581253 -0.247834 100.11 10.3789 51.9949 0.544325 0.711715 0.342606 -0.282476 1
0.0496065 0.162409 0.0622769 0.604296 0.796251 -0.0284881 0.179931 -0.171211 -0.968665 -0.776178 0.580234 -0.246732 100.023 10.3657 52.0973 0.544599 0.711027 0.343229 -0.282924 1
0.0487967 0.157659 0.0642679 0.60336 0.797002 -0.0272733 0.179964 -0.169397 -0.968978 -0.776898 0.579734 -0.245639 99.9163 10.3676 52.1661 0.545051 0.710351 0.343832 -0.283019 1
0.0480687 0.15279 0.0663585 0.602616 0.797605 -0.0261 0.180632 -0.168184 -0.969065 -0.77732 0.579259 -0.245423 99.8458 10.4066 52.2154 0.545208 0.709969 0.344465 -0.282907 1
0.0480866 0.149698 0.071933 0.601083 0.798776 -0.025621 0.180589 -0.166984 -0.96928 -0.778516 0.577991 -0.244621 99.7748 10.4041 52.3287 0.545316 0.709346 0.345165 -0.283408 1
0.046189 0.137891 0.0796558 0.598754 0.800604 -0.0229483 0.182459 -0.164244 -0.969398 -0.779873 0.576244 -0.244419 99.6162 10.513 52.4845 0.545456 0.708417 0.346923 -0.283316 1
0.0448761 0.134446 0.0757781 0.599067 0.800407 -0.0216194 0.181787 -0.162255 -0.969859 -0.77979 0.577081 -0.242705 99.4975 10.4738 52.467 0.546376 0.707818 0.346909 -0.283056 1
0.0430692 0.132112 0.067356 0.600428 0.799422 -0.0202726 0.180853 -0.160442 -0.970335 -0.77896 0.57895 -0.240912 99.3887 10.4195 52.3747 0.547511 0.707422 0.346425 -0.282446 1
0.0419973 0.126998 0.06913 0.599883 0.799862 -0.0190041 0.181976 -0.159532 -0.970276 -0.779118 0.578593 -0.241256 99.337 10.4849 52.4055 0.547516 0.707225 0.347074 -0.282132 1
0.0409066 0.123153 0.0678058 0.600121 0.799708 -0.017936 0.182962 -0.159058 -0.970168 -0.778704 0.578936 -0.24177 99.3108 10.5423 52.3798 0.547561 0.707275 0.347344 -0.281588 1
0.040837 0.124713 0.0651869 0.600754 0.799228 -0.0181394 0.182534 -0.159225 -0.970221 -0.778316 0.579553 -0.241541 99.3199 10.5174 52.3367 0.54772 0.707376 0.346973 -0.281483 1
0.0427788 0.131151 0.0665663 0.600655 0.799258 -0.0200131 0.180917 -0.160259 -0.970353 -0.77877 0.579227 -0.24086 99.3781 10.4232 52.3575 0.547617 0.70742 0.346391 -0.282287 1
0.0432338 0.133264 0.0654374 0.601073 0.79893 -0.0205515 0.180598 -0.160833 -0.970318 -0.778522 0.57952 -0.240957 99.4113 10.4046 52.3294 0.547559 0.707613 0.346068 -0.282313 1
0.0425095 0.131507 0.0631895 0.601337 0.798749 -0.0198471 0.180313 -0.159864 -0.970531 -0.778384 0.580037 -0.240157 99.3536 10.388 52.3123 0.548023 0.707347 0.346033 -0.282122 1
0.0421777 0.126202 0.0687976 0.599746 0.799971 -0.0187288 0.180832 -0.158297 -0.970692 -0.77949 0.578781 -0.239598 99.2621 10.4182 52.425 0.548145 0.70669 0.346971 -0.28238 1
0.0437865 0.123798 0.0851397 0.596048 0.802722 -0.0190979 0.181131 -0.157592 -0.97075 -0.782252 0.575154 -0.23933 99.2209 10.4357 52.6939 0.547523 0.705863 0.348458 -0.283819 1
0.0453635 0.124306 0.0920193 0.594669 0.803728 -0.0197383 0.181182 -0.157893 -0.970692 -0.783289 0.573664 -0.239515 99.2388 10.4386 52.7944 0.547097 0.705705 0.34891 -0.284477 1
0.0468221 0.126107 0.09945 0.592865 0.805039 -0.020569 0.179979 -0.157354 -0.971003 -0.784932 0.571972 -0.23818 99.2049 10.3685 52.936 0.547113 0.705053 0.349271 -0.285617 1
0.0469205 0.129287 0.0955955 0.593431 0.804611 -0.0209816 0.177882 -0.156529 -0.971523 -0.784983 0.5728 -0.236015 99.1527 10.2464 52.9115 0.547925 0.704623 0.348588 -0.285956 1
0.048519 0.125936 0.110803 0.58962 0.80741 -0.0209182 0.177701 -0.154946 -0.97181 -0.78789 0.569282 -0.234837 99.059 10.2359 53.1905 0.547686 0.703456 0.350097 -0.287441 1
0.0420278 0.103057 0.105242 0.58947 0.807666 -0.0141738 0.180708 -0.14895 -0.972193 -0.787318 0.570517 -0.233753 98.7106 10.411 53.1776 0.549265 0.70217 0.3519 -0.285362 1
0.0429862 0.100192 0.116565 0.58575 0.810377 -0.0136596 0.177719 -0.144864 -0.97336 -0.790767 0.567718 -0.228873 98.4651 10.2369 53.4713 0.550457 0.699908 0.352937 -0.287333 1
0.0474931 0.112043 0.127236 0.583913 0.811626 -0.0175451 0.17545 -0.147267 -0.973411 -0.79263 0.565309 -0.228391 98.603 10.1048 53.6217 0.549603 0.699923 0.352566 -0.28938 1
0.046251 0.10379 0.13065 0.583021 0.812308 -0.0155609 0.177766 -0.146231 -0.973147 -0.792771 0.564599 -0.229656 98.5456 10.2397 53.6685 0.549348 0.699805 0.353697 -0.288771 1
0.0477648 0.10476 0.138349 0.58144 0.813426 -0.0162828 0.17784 -0.146599 -0.973079 -0.793915 0.562891 -0.229898 98.5675 10.2439 53.782 0.54885 0.699632 0.35421 -0.289509 1
0.0458192 0.0947973 0.142113 0.580352 0.814248 -0.0138336 0.180311 -0.145044 -0.972857 -0.794153 0.562105 -0.230994 98.4798 10.3879 53.8414 0.548706 0.699355 0.355527 -0.288833 1
0.0457186 0.0939622 0.144459 0.579764 0.814671 -0.013607 0.180146 -0.144453 -0.972975 -0.79462 0.561645 -0.230508 98.4447 10.3782 53.885 0.548818 0.699057 0.355771 -0.289042 1
0.0471069 0.0966347 0.148793 0.57885 0.815306 -0.0144827 0.179353 -0.144623 -0.973096 -0.795466 0.560679 -0.229942 98.4535 10.3321 53.9571 0.5487 0.698823 0.355834 -0.289754 1
0.0464846 0.0908767 0.15302 0.577899 0.815999 -0.0133153 0.181206 -0.144206 -0.972815 -0.795737 0.559776 -0.2312 98.4319 10.44 54.0112 0.548291 0.698804 0.356754 -0.289442 1
0.0438871 0.0775227 0.156975 0.576499 0.817039 -0.00984657 0.184029 -0.141573 -0.972672 -0.796104 0.558932 -0.231976 98.2813 10.6046 54.0898 0.548396 0.69822 0.358435 -0.288573 1
0.0444136 0.0804588 0.156751 0.576382 0.817114 -0.0104249 0.182529 -0.141167 -0.973013 -0.796534 0.558925 -0.230513 98.255 10.5171 54.11 0.548795 0.697865 0.358107 -0.289081 1
0.045392 0.0827145 0.159601 0.575687 0.817594 -0.0111813 0.181648 -0.141211 -0.973172 -0.797238 0.558211 -0.229808 98.2562 10.4658 54.1669 0.548787 0.697622 0.358088 -0.289705 1
0.0447826 0.0785803 0.162928 0.574825 0.818211 -0.0103293 0.182766 -0.140684 -0.973039 -0.797604 0.557439 -0.23041 98.227 10.5309 54.2201 0.548573 0.697481 0.358783 -0.28959 1
0.0453811 0.0809237 0.163819 0.574878 0.818164 -0.0111082 0.182904 -0.141725 -0.972862 -0.797535 0.557245 -0.23112 98.2884 10.5389 54.2153 0.548186 0.697804 0.358649 -0.28971 1
0.0471646 0.0807374 0.173639 0.573037 0.819443 -0.0119271 0.184294 -0.14303 -0.972408 -0.798539 0.555028 -0.23298 98.3676 10.62 54.3365 0.547044 0.698041 0.359483 -0.290264 1
0.0483928 0.0797688 0.181634 0.571448 0.820545 -0.0123674 0.185323 -0.143716 -0.972112 -0.799439 0.553219 -0.234192 98.4096 10.68 54.4424 0.546246 0.698097 0.360218 -0.290721 1
0.0526502 0.0867259 0.19532 0.56854 0.822516 -0.0151642 0.183873 -0.14502 -0.972193 -0.801844 0.549942 -0.233688 98.4841 10.5954 54.6618 0.545397 0.697719 0.360599 -0.292742 1
0.0635616 0.109239 0.224737 0.563788 0.825576 -0.0238066 0.182746 -0.152804 -0.971213 -0.805448 0.543208 -0.23702 98.9412 10.5298 55.0092 0.541748 0.698858 0.360703 -0.296646 1
0.0642678 0.114457 0.223341 0.56399 0.82541 -0.0247794 0.180638 -0.152597 -0.97164 -0.805782 0.543519 -0.235164 98.9254 10.4069 55.0107 0.542271 0.698525 0.360061 -0.297255 1
0.0639772 0.107922 0.231398 0.561788 0.82695 -0.0234006 0.18182 -0.151015 -0.971666 -0.807054 0.541616 -0.235195 98.8342 10.4758 55.1583 0.54212 0.697854 0.361383 -0.297503 1
0.0655396 0.109448 0.237341 0.560191 0.828015 -0.0240032 0.180695 -0.150425 -0.971968 -0.808415 0.540151 -0.233885 98.7975 10.4102 55.28 0.54219 0.697227 0.361687 -0.298475 1
0.0687731 0.114483 0.247612 0.557796 0.829575 -0.0258527 0.179083 -0.150711 -0.972222 -0.810428 0.537672 -0.232628 98.8117 10.3163 55.4614 0.541862 0.696623 0.361981 -0.300119 1
0.0746245 0.124859 0.264671 0.553991 0.831993 -0.0296978 0.176305 -0.152108 -0.972512 -0.813641 0.533527 -0.230951 98.8895 10.1546 55.7499 0.541048 0.69589 0.362233 -0.302971 1
0.0779935 0.122993 0.284604 0.548169 0.835834 -0.0298695 0.173698 -0.148707 -0.973507 -0.818132 0.528458 -0.226699 98.685 10.0029 56.1769 0.541471 0.693465 0.363945 -0.305712 1
0.0830239 0.140239 0.288148 0.546905 0.836497 -0.0341853 0.167541 -0.149364 -0.974485 -0.820259 0.527223 -0.221835 98.7142 9.6449 56.3068 0.54215 0.692478 0.36248 -0.308474 1
0.0860422 0.145069 0.297907 0.544444 0.838027 -0.0359322 0.165893 -0.14957 -0.974735 -0.822229 0.524728 -0.220456 98.7238 9.54913 56.4892 0.541853 0.691822 0.362781 -0.310109 1
0.0812785 0.133402 0.288549 0.547124 0.836411 -0.0327404 0.171011 -0.149981 -0.973787 -0.819397 0.527183 -0.225094 98.7558 9.84658 56.2683 0.541306 0.693217 0.363314 -0.307312 1
0.0794734 0.126649 0.287892 0.547 0.836563 -0.0308856 0.172511 -0.148748 -0.973711 -0.819165 0.527292 -0.225681 98.6856 9.93384 56.2669 0.541426 0.693078 0.363983 -0.306622 1
0.08416 0.123817 0.312898 0.541284 0.840234 -0.0319203 0.173729 -0.148899 -0.973472 -0.822697 0.521379 -0.22657 98.6964 10.0047 56.6576 0.539865 0.692234 0.366192 -0.308645 1
4.49355 -2.82408 -3.39814 -0.285373 -0.371812 0.883356 0.957615 -0.148291 0.246946 0.0391763 0.916387 0.398371 -120.985 73.2588 -172.183 0.491098 0.340788 0.429741 0.676764 1
4.60796 -2.8798 -3.31918 -0.281126 -0.413328 0.866099 0.959636 -0.128742 0.250048 0.00815094 0.901435 0.432838 -117.242 73.6655 -178.339 0.50571 0.322016 0.424131 0.678731 1
4.90975 -2.91654 -3.16671 -0.332974 -0.466311 0.819563 0.941719 -0.120299 0.314156 -0.0479021 0.876403 0.47919 -110.953 70.3422 171.814 0.506438 0.27755 0.428219 0.695065 0
5.26009 -3.04845 -2.84125 -0.351844 -0.560474 0.749716 0.923189 -0.075421 0.376873 -0.154683 0.824731 0.54396 -101.317 67.3969 156.268 0.528369 0.211906 0.42792 0.702002 0
5.39432 -3.09789 -2.68875 -0.376318 -0.582106 0.720789 0.903222 -0.0572394 0.425338 -0.206335 0.811095 0.547312 -97.6645 64.5849 151.264 0.527673 0.182763 0.439251 0.703717 0
5.4203 -3.09172 -2.67821 -0.408486 -0.565263 0.716671 0.886379 -0.0582363 0.459282 -0.217879 0.822853 0.524826 -97.2265 62.4217 151.925 0.514321 0.176724 0.454264 0.705611 0
5.41941 -3.07189 -2.68888 -0.407536 -0.566225 0.716452 0.888039 -0.062873 0.455449 -0.212841 0.821849 0.528453 -97.8598 62.6279 152.424 0.514306 0.178104 0.451722 0.706906 0
5.39196 -3.06818 -2.70913 -0.396834 -0.569296 0.720017 0.894801 -0.0650978 0.441695 -0.204583 0.819551 0.53524 -98.384 63.4828 152.727 0.518003 0.182362 0.446233 0.706607 0
5.36363 -3.06728 -2.73099 -0.382716 -0.573881 0.724009 0.90293 -0.0664559 0.424619 -0.195566 0.816238 0.543608 -98.895 64.5459 152.933 0.523076 0.187171 0.439503 0.705829 0
5.33495 -3.05953 -2.75957 -0.369105 -0.577575 0.728127 0.910682 -0.0683728 0.407411 -0.185527 0.813469 0.551224 -99.5267 65.5997 153.314 0.527671 0.192382 0.432871 0.705107 0
5.31768 -3.04923 -2.77988 -0.358115 -0.581227 0.730704 0.916879 -0.0711351 0.392775 -0.176313 0.810626 0.55839 -100.265 