4.63387e-05 1.83654e-05 -0.000102557 0.608712 0.793132 0.0202913 0.211252 -0.137374 -0.96773 -0.76475 0.593355 -0.251172 98.0794 12.1958 51.4815 0.552306 0.706622 0.355347 -0.263386 0
8.12616e-05 1.28964e-05 -0.000355396 0.607688 0.793915 0.0203704 0.210235 -0.13608 -0.968134 -0.765844 0.592606 -0.249603 98.001 12.1361 51.5684 0.552722 0.705934 0.35561 -0.264003 0
0.00013111 -5.37976e-05 -0.000646587 0.606975 0.794457 0.0204686 0.209525 -0.135129 -0.968421 -0.766603 0.592096 -0.248479 97.9435 12.0945 51.6288 0.55303 0.70544 0.3558 -0.264422 0
0.000294308 -7.28791e-05 -0.000832739 0.607255 0.794265 0.0195759 0.20764 -0.134872 -0.968863 -0.766894 0.592412 -0.246823 97.925 11.9841 51.6265 0.553525 0.705151 0.35521 -0.26495 0
0.000455309 8.76415e-05 -0.000934469 0.607316 0.794225 0.0193572 0.205937 -0.133847 -0.969368 -0.767305 0.592699 -0.244848 97.8615 11.8844 51.6387 0.554216 0.704629 0.354854 -0.265369 0
0.000741237 0.000389736 -0.00109701 0.606624 0.794744 0.0197237 0.205269 -0.132616 -0.969679 -0.768031 0.59228 -0.243585 97.7876 11.8453 51.6968 0.554622 0.704064 0.355086 -0.26571 0
0.00106399 0.000620391 -0.00139544 0.606608 0.794755 0.0197843 0.20519 -0.132474 -0.969715 -0.768065 0.592296 -0.243435 97.7791 11.8406 51.6988 0.554684 0.704009 0.355089 -0.265721 0
0.00110295 0.000897777 -0.00158335 0.60669 0.794695 0.0196551 0.20452 -0.132147 -0.969901 -0.768179 0.592449 -0.242704 97.7587 11.8014 51.6991 0.554941 0.703836 0.354918 -0.265873 0
0.00120681 0.000998578 -0.0018725 0.607856 0.793786 0.0203742 0.205241 -0.132277 -0.969731 -0.767064 0.593638 -0.243323 97.7675 11.8436 51.6051 0.555035 0.704176 0.35468 -0.265094 0
0.00118295 0.00121654 -0.0018614 0.609192 0.792778 0.019731 0.204522 -0.133023 -0.969781 -0.766196 0.594818 -0.243177 97.8104 11.8015 51.5123 0.555201 0.70452 0.353893 -0.264884 0
0.00121708 0.00137283 -0.00185961 0.610304 0.791912 0.0201152 0.20499 -0.13335 -0.969637 -0.765185 0.595897 -0.243718 97.8305 11.8289 51.4245 0.555256 0.704871 0.353576 -0.264257 0
0.00129175 0.0015104 -0.00195889 0.610967 0.791374 0.0211328 0.206596 -0.133616 -0.96926 -0.764223 0.596552 -0.24513 97.849 11.923 51.359 0.555027 0.705286 0.353747 -0.2634 0
0.00145508 0.00158292 -0.00197989 0.611753 0.790745 0.0219241 0.207924 -0.133995 -0.968924 -0.763234 0.597301 -0.246387 97.8736 12.0007 51.2868 0.554836 0.705715 0.353779 -0.262609 0
0.00171294 0.00162028 -0.00194684 0.612191 0.790399 0.0221611 0.207541 -0.133577 -0.969063 -0.762986 0.597852 -0.245815 97.8483 11.9783 51.2578 0.555157 0.705617 0.35357 -0.262474 0
0.00200742 0.00160929 -0.00196517 0.613024 0.78975 0.0222676 0.20685 -0.133233 -0.969258 -0.762505 0.598785 -0.245035 97.8268 11.9378 51.2021 0.555598 0.705566 0.353121 -0.262285 0
0.00228279 0.00170113 -0.00214477 0.612797 0.789929 0.0221519 0.206685 -0.133156 -0.969304 -0.762732 0.598566 -0.244864 97.8219 11.9281 51.2208 0.555603 0.705482 0.353168 -0.262438 0
0.00238625 0.0018279 -0.00217721 0.612982 0.789821 0.0208759 0.20586 -0.134148 -0.969343 -0.762807 0.598487 -0.244823 97.8791 11.8799 51.2151 0.55543 0.705683 0.352737 -0.262842 0
0.00259313 0.00190066 -0.00228922 0.613376 0.789519 0.0207451 0.20594 -0.134526 -0.969274 -0.762469 0.598801 -0.245108 97.9016 11.8845 51.1847 0.55537 0.70587 0.352564 -0.262698 0
0.00275788 0.00194745 -0.00225076 0.61384 0.789181 0.0198635 0.205925 -0.135781 -0.969102 -0.762099 0.598964 -0.24586 97.9758 11.8837 51.15 0.555022 0.706307 0.352221 -0.262717 0
0.00307737 0.00192221 -0.00214152 0.614004 0.789062 0.0194872 0.205482 -0.135959 -0.969171 -0.762087 0.599079 -0.245617 97.9856 11.8577 51.142 0.555074 0.706325 0.352014 -0.262839 0
0.00330439 0.00182217 -0.00207077 0.614809 0.788413 0.0203602 0.205116 -0.134916 -0.969394 -0.761536 0.600168 -0.244664 97.9233 11.8363 51.0851 0.555704 0.706114 0.351759 -0.262414 0
0.00345537 0.00179915 -0.00207788 0.615675 0.787726 0.0207749 0.204167 -0.133999 -0.969722 -0.761091 0.601275 -0.243328 97.8675 11.7808 51.0293 0.556405 0.705869 0.351302 -0.262201 0
0.00359875 0.00173476 -0.00194605 0.615146 0.788136 0.0209023 0.203749 -0.133304 -0.969905 -0.761631 0.600892 -0.242583 97.8257 11.7563 51.0733 0.55661 0.70552 0.351473 -0.262476 0
0.00352782 0.00166147 -0.00185903 0.615532 0.787835 0.0208863 0.203441 -0.133232 -0.96998 -0.761401 0.601303 -0.242287 97.821 11.7382 51.0472 0.556779 0.705523 0.351256 -0.262399 0
0.00350475 0.00158725 -0.00181478 0.615131 0.788146 0.0209771 0.203571 -0.133066 -0.969975 -0.761691 0.600932 -0.242297 97.8114 11.7459 51.0761 0.556724 0.705424 0.351461 -0.262506 0
0.00339183 0.00163076 -0.00162938 0.614887 0.788344 0.0206858 0.203392 -0.133188 -0.969996 -0.761936 0.600645 -0.242238 97.8182 11.7354 51.0963 0.556655 0.705392 0.351484 -0.262708 0
0.00334788 0.00154785 -0.00143299 0.614624 0.788566 0.0200241 0.203699 -0.134141 -0.9698 -0.762066 0.600141 -0.243076 97.8751 11.7533 51.113 0.556194 0.705663 0.351537 -0.262888 0
0.00327851 0.00147229 -0.00120576 0.614423 0.788756 0.0186737 0.203006 -0.135177 -0.969802 -0.762413 0.599659 -0.243178 97.9351 11.7128 51.1349 0.555893 0.705829 0.351276 -0.263427 0
0.0033063 0.00153936 -0.000940999 0.614575 0.788688 0.0163919 0.201994 -0.137247 -0.969723 -0.762559 0.599279 -0.243658 98.0557 11.6536 51.1333 0.555354 0.706307 0.350655 -0.264108 0
0.0034191 0.00157106 -0.000691472 0.615072 0.788321 0.0153421 0.201493 -0.13834 -0.969671 -0.76229 0.599509 -0.24393 98.1194 11.6243 51.1008 0.555158 0.706637 0.350185 -0.264262 0
0.00349894 0.00153597 -0.000355217 0.614882 0.78847 0.0153382 0.201103 -0.137963 -0.969806 -0.762547 0.599401 -0.243394 98.0965 11.6015 51.1189 0.555321 0.706442 0.350196 -0.264427 0
0.00345928 0.00156693 1.72098e-05 0.615255 0.788202 0.0141049 0.199933 -0.138707 -0.969942 -0.762553 0.599582 -0.242928 98.1384 11.5331 51.1022 0.555342 0.706557 0.34963 -0.264822 0
0.00338837 0.00168906 0.000343399 0.615208 0.788263 0.012712 0.198997 -0.139666 -0.969997 -0.762837 0.599279 -0.242786 98.1935 11.4783 51.1147 0.555148 0.706693 0.349253 -0.265364 0
0.00326324 0.00195633 0.000607417 0.615762 0.787852 0.0112545 0.197745 -0.140693 -0.970104 -0.762715 0.599578 -0.242427 98.252 11.4051 51.0851 0.555122 0.706909 0.348559 -0.265756 0
0.00315134 0.00215795 0.00085847 0.616426 0.78734 0.0107208 0.196002 -0.140239 -0.970524 -0.762628 0.600358 -0.240767 98.2222 11.3033 51.0517 0.555747 0.706653 0.347887 -0.26601 0
0.00305479 0.00241627 0.00108274 0.616965 0.786924 0.0102686 0.193902 -0.139351 -0.971073 -0.76273 0.601109 -0.238561 98.1663 11.1806 51.0309 0.556564 0.706201 0.347219 -0.266377 0
0.00286142 0.00255833 0.00127009 0.616632 0.787193 0.00961126 0.192054 -0.138579 -0.971551 -0.763466 0.600935 -0.236636 98.1178 11.0727 51.0731 0.557094 0.705664 0.346924 -0.267073 0
0.00274618 0.00274911 0.00143765 0.616281 0.787468 0.0095385 0.190477 -0.137295 -0.972044 -0.764144 0.600869 -0.234607 98.0395 10.9806 51.1139 0.557759 0.705015 0.346782 -0.267585 0
0.00270526 0.00292862 0.00179267 0.615603 0.787994 0.00991503 0.18942 -0.135744 -0.972468 -0.764953 0.600532 -0.232826 97.9464 10.9189 51.1743 0.558353 0.704303 0.346944 -0.268009 0
0.00260308 0.00300562 0.00209638 0.615653 0.787966 0.00898359 0.187349 -0.135287 -0.972933 -0.765422 0.600672 -0.230914 97.9163 10.7981 51.1892 0.558894 0.703892 0.346401 -0.268663 0
0.0027059 0.00290527 0.00221471 0.615299 0.788264 0.00689519 0.184822 -0.135753 -0.973351 -0.766321 0.600176 -0.229218 97.9398 10.6508 51.2381 0.55909 0.70361 0.345748 -0.269832 0
0.00275519 0.0027938 0.00240995 0.61458 0.788844 0.00412424 0.182368 -0.136991 -0.97364 -0.767485 0.599132 -0.228052 98.0089 10.5077 51.3133 0.558913 0.703495 0.345138 -0.271274 0
0.00282153 0.00266374 0.00258204 0.614622 0.788818 0.00236443 0.181056 -0.138154 -0.973721 -0.767762 0.598898 -0.227733 98.0754 10.4313 51.3214 0.558734 0.703653 0.344586 -0.271937 0
0.00299758 0.00252979 0.00267065 0.614296 0.789074 0.00138003 0.17975 -0.138233 -0.973952 -0.768329 0.598543 -0.226752 98.078 10.3552 51.3569 0.558863 0.703435 0.344319 -0.272573 0
0.00315498 0.00251664 0.00270941 0.61351 0.789687 0.000224252 0.179175 -0.138925 -0.973959 -0.769091 0.597574 -0.226724 98.1179 10.3217 51.4203 0.558539 0.703413 0.344343 -0.273263 0
0.00333149 0.00248354 0.00266304 0.612383 0.79056 -0.00120955 0.178443 -0.139715 -0.97398 -0.770159 0.596233 -0.226629 98.1633 10.2791 51.5104 0.558131 0.703336 0.344431 -0.274182 0
0.00339091 0.0023623 0.00259638 0.61065 0.791894 -0.00312824 0.176514 -0.139963 -0.974296 -0.771978 0.594402 -0.225249 98.1749 10.1668 51.6553 0.557996 0.702827 0.344469 -0.27571 0
0.00337516 0.00215421 0.00249738 0.608407 0.793615 -0.00405483 0.176259 -0.140103 -0.974322 -0.773805 0.592069 -0.225122 98.1828 10.1519 51.8237 0.55749 0.70243 0.345185 -0.276846 0
0.00335176 0.00189641 0.0024237 0.606793 0.794841 -0.00541203 0.175694 -0.140761 -0.974329 -0.775199 0.590265 -0.225062 98.2206 10.1191 51.9477 0.556994 0.702249 0.34551 -0.277897 0
0.00332917 0.00160328 0.00242185 0.606056 0.795393 -0.00674534 0.175291 -0.141826 -0.974248 -0.775867 0.589266 -0.22538 98.2827 10.0956 52.0054 0.556518 0.702364 0.345506 -0.278564 0
0.00338953 0.0014371 0.00237035 0.605535 0.795783 -0.00753477 0.175047 -0.142423 -0.974204 -0.776329 0.588596 -0.225542 98.3174 10.0814 52.0459 0.556231 0.702406 0.345537 -0.278992 0
0.00330822 0.00130062 0.00224869 0.60487 0.796282 -0.00819354 0.174224 -0.14237 -0.97436 -0.777032 0.587933 -0.224847 98.313 10.0335 52.1015 0.556249 0.702155 0.345546 -0.279577 0
0.00320348 0.00113924 0.00215602 0.604166 0.796814 -0.00844361 0.173779 -0.14209 -0.97448 -0.777679 0.58728 -0.224315 98.2959 10.0076 52.157 0.556273 0.701885 0.345709 -0.280004 0
0.00301484 0.00111931 0.00209147 0.60339 0.797405 -0.00808798 0.174284 -0.141763 -0.974438 -0.778168 0.586557 -0.224513 98.2774 10.037 52.21 0.556128 0.701724 0.346179 -0.280116 0
0.00284732 0.00107857 0.00206188 0.602641 0.797978 -0.00744889 0.175055 -0.141299 -0.974367 -0.778576 0.585889 -0.224842 98.2513 10.0818 52.2591 0.55599 0.701566 0.346736 -0.280096 0
0.00262481 0.00106975 0.00204444 0.602088 0.798396 -0.00736232 0.175738 -0.141512 -0.974213 -0.778849 0.585268 -0.225511 98.2648 10.1216 52.2942 0.555667 0.701625 0.347099 -0.280139 0
0.00256641 0.00106313 0.00204186 0.600643 0.799484 -0.00725202 0.176503 -0.141441 -0.974085 -0.779791 0.583797 -0.226067 98.2618 10.1662 52.3943 0.555233 0.701454 0.347845 -0.280504 0
0.00257685 0.000977046 0.00208909 0.600127 0.799874 -0.00701645 0.176998 -0.141341 -0.974009 -0.780077 0.583287 -0.226399 98.2567 10.195 52.4283 0.555064 0.701403 0.348185 -0.280542 0
0.0026912 0.000918877 0.00218849 0.600001 0.79997 -0.00680902 0.177185 -0.141184 -0.973998 -0.780131 0.583193 -0.226453 98.2478 10.2058 52.436 0.555059 0.701363 0.348306 -0.280504 0
0.00282826 0.000968926 0.00234509 0.599357 0.800449 -0.00718312 0.176266 -0.140726 -0.974231 -0.780834 0.582647 -0.225437 98.2194 10.1523 52.4906 0.555246 0.700985 0.348337 -0.281039 0
0.00291006 0.00107551 0.00238279 0.599205 0.800555 -0.00813493 0.174843 -0.14077 -0.974481 -0.781271 0.582491 -0.224322 98.2199 10.0695 52.5132 0.555453 0.700767 0.347975 -0.281622 0
0.00299623 0.00122091 0.00250158 0.598708 0.800918 -0.00887968 0.174461 -0.141218 -0.974485 -0.781736 0.581883 -0.224278 98.2457 10.0473 52.5526 0.55525 0.70075 0.347977 -0.282061 0
0.00335468 0.00140953 0.00274074 0.598422 0.801125 -0.00949989 0.174612 -0.141986 -0.974346 -0.781922 0.581411 -0.224854 98.291 10.0561 52.5724 0.554883 0.700939 0.348011 -0.282272 0
0.00352842 0.00151078 0.00304835 0.597953 0.801462 -0.0105352 0.174439 -0.142952 -0.974236 -0.782319 0.58071 -0.225285 98.3476 10.046 52.6081 0.554463 0.701104 0.347987 -0.282716 0
0.00366137 0.00151323 0.00334939 0.595841 0.803001 -0.012783 0.179031 -0.148327 -0.972598 -0.782893 0.577225 -0.232141 98.6711 10.3133 52.7261 0.55122 0.702906 0.349275 -0.282995 0
0.00366221 0.00150841 0.00360408 0.594461 0.804023 -0.0127799 0.180337 -0.148788 -0.972286 -0.783642 0.575682 -0.233443 98.7004 10.3894 52.8165 0.550507 0.702975 0.350069 -0.283233 0
0.00374242 0.00154571 0.00388784 0.593219 0.804939 -0.0128161 0.181215 -0.149028 -0.972086 -0.78438 0.574338 -0.234273 98.716 10.4405 52.9001 0.549982 0.702944 0.350723 -0.283521 0
0.00385879 0.0016752 0.00416611 0.592709 0.805317 -0.0126728 0.181988 -0.149236 -0.97191 -0.784587 0.573753 -0.235011 98.7296 10.4856 52.9311 0.54965 0.703021 0.351093 -0.283512 0
0.00400282 0.00165266 0.00434471 0.592063 0.805799 -0.0122254 0.182666 -0.148959 -0.971825 -0.784917 0.573148 -0.235385 98.7143 10.5251 52.9728 0.549481 0.702924 0.351555 -0.28351 0
0.00409992 0.00162611 0.00456192 0.5921 0.80577 -0.0123745 0.183643 -0.149865 -0.971502 -0.784661 0.572953 -0.236709 98.7694 10.582 52.9621 0.548982 0.703327 0.35169 -0.283309 0
0.00426438 0.00176219 0.00470963 0.596215 0.802776 -0.00882528 0.184442 -0.147666 -0.971687 -0.78135 0.577707 -0.236107 98.641 10.6286 52.6543 0.550555 0.70356 0.350794 -0.280778 0
0.00436618 0.00181086 0.00488023 0.596133 0.802853 -0.00730008 0.186405 -0.147241 -0.971377 -0.780947 0.577709 -0.237431 98.6193 10.743 52.6438 0.550332 0.703705 0.351446 -0.280035 0
0.00443238 0.00189885 0.00511434 0.5957 0.803178 -0.00688319 0.18843 -0.148075 -0.970859 -0.780792 0.577044 -0.239551 98.6719 10.8612 52.6584 0.549562 0.704153 0.352057 -0.279653 0
0.004334 0.00206453 0.00538423 0.598271 0.801287 -0.00342537 0.18845 -0.144856 -0.971341 -0.778819 0.580479 -0.237666 98.482 10.8623 52.4694 0.551305 0.703703 0.351617 -0.277903 0
0.004314 0.00222076 0.0057049 0.597702 0.801715 -0.00237152 0.190642 -0.145001 -0.970892 -0.778722 0.579852 -0.239508 98.4942 10.9902 52.4923 0.550725 0.703955 0.352422 -0.277395 0
0.00424409 0.00244725 0.00596138 0.602736 0.797879 -0.00993639 0.187889 -0.154016 -0.97004 -0.775505 0.582811 -0.242743 99.0217 10.8296 52.145 0.549085 0.707017 0.348566 -0.27773 0
0.00417981 0.0025055 0.00618626 0.603341 0.797426 -0.00958617 0.189202 -0.154809 -0.969658 -0.774714 0.583221 -0.244277 99.0709 10.9062 52.0888 0.548693 0.707536 0.348614 -0.277124 0
0.00423917 0.00248778 0.00635186 0.603939 0.796988 -0.00830562 0.191421 -0.155154 -0.969167 -0.773703 0.583728 -0.246264 99.0953 11.0357 52.025 0.548297 0.708053 0.348988 -0.276112 0
0.00429222 0.00229799 0.00642972 0.60118 0.799095 -0.0055033 0.192452 -0.151464 -0.969547 -0.775593 0.581813 -0.244844 98.8791 11.0959 52.2199 0.548833 0.706663 0.350785 -0.276333 0
0.00430845 0.00220484 0.00650312 0.601484 0.79887 -0.0049631 0.194054 -0.152128 -0.969123 -0.774958 0.581949 -0.246527 98.9212 11.1895 52.1832 0.548368 0.707131 0.351039 -0.275734 0
0.00440856 0.00219863 0.00653026 0.601787 0.798643 -0.0046179 0.196107 -0.153369 -0.968514 -0.774206 0.581934 -0.248915 98.9983 11.3094 52.1422 0.547609 0.707826 0.35134 -0.275076 0
0.00435107 0.00222952 0.00653904 0.600183 0.799862 0.00123406 0.200209 -0.148734 -0.968398 -0.774401 0.581463 -0.249407 98.7317 11.5492 52.2233 0.548188 0.70681 0.353727 -0.273471 0
0.00444042 0.00212484 0.00653995 0.60442 0.796652 -0.00469115 0.192206 -0.151536 -0.969584 -0.773132 0.585135 -0.244712 98.8829 11.0815 51.9824 0.549584 0.707225 0.349556 -0.274956 0
0.00464722 0.00204298 0.00657479 0.60918 0.793032 5.52119e-05 0.193622 -0.148666 -0.969747 -0.769032 0.590761 -0.244112 98.7158 11.1642 51.6159 0.551453 0.707453 0.348664 -0.271741 0
0.00473152 0.00213421 0.00618819 0.60931 0.792932 0.000749284 0.194483 -0.14853 -0.969595 -0.768712 0.59093 -0.244713 98.7093 11.2146 51.5983 0.551377 0.707558 0.348881 -0.271343 0
0.00505398 0.00211766 0.00622541 0.608701 0.79335 -0.00890329 0.188653 -0.155627 -0.969634 -0.770645 0.588537 -0.244398 99.1182 10.8742 51.6962 0.549699 0.708648 0.346436 -0.275013 0
0.00532831 0.00209072 0.00633516 0.601573 0.798663 -0.0157547 0.191672 -0.163462 -0.967751 -0.775482 0.579153 -0.251416 99.5873 11.0504 52.1978 0.544678 0.710009 0.348705 -0.278601 0
0.00553055 0.00209109 0.00638031 0.600319 0.799579 -0.0170458 0.192957 -0.165489 -0.967151 -0.776135 0.57731 -0.253631 99.7098 11.1254 52.279 0.543415 0.710535 0.349222 -0.279079 0
0.00569782 0.00209756 0.0063781 0.596214 0.802698 -0.0142646 0.1995 -0.165345 -0.965847 -0.777643 0.573006 -0.25872 99.7144 11.5077 52.5228 0.541329 0.710683 0.352548 -0.278573 0
0.00589879 0.0021679 0.00626356 0.597571 0.801488 -0.0229437 0.197151 -0.174607 -0.964699 -0.7772 0.571953 -0.262354 100.259 11.3704 52.4442 0.538658 0.713185 0.350063 -0.280483 0
0.0061274 0.002262 0.00612552 0.599974 0.79992 -0.0126088 0.204044 -0.168243 -0.964396 -0.773562 0.57604 -0.26416 99.8959 11.7735 52.2029 0.540271 0.712807 0.352116 -0.27573 0
0.00635059 0.00233757 0.00611256 0.604205 0.796828 -0.000868123 0.20786 -0.158664 -0.965205 -0.76924 0.583001 -0.261494 99.335 11.997 51.8519 0.54407 0.711401 0.353067 -0.270631 0
0.00657734 0.0024928 0.00608276 0.605246 0.796012 0.00645595 0.218326 -0.158193 -0.962969 -0.765514 0.584243 -0.269536 99.329 12.6107 51.6687 0.542567 0.712912 0.355702 -0.266182 0
0.00679413 0.00253445 0.00602919 0.606419 0.795117 0.00670688 0.216661 -0.157116 -0.963521 -0.765058 0.585751 -0.267549 99.2614 12.513 51.5981 0.543543 0.712581 0.35497 -0.266058 0
0.00706657 0.00257947 0.00594659 0.607357 0.794341 0.011857 0.220957 -0.154571 -0.962957 -0.763083 0.587478 -0.269395 99.1191 12.7652 51.4829 0.543919 0.712622 0.356184 -0.263543 0
0.00729475 0.00253977 0.00559384 0.608867 0.793046 0.0189372 0.229883 -0.153546 -0.961029 -0.759233 0.589493 -0.275797 99.0776 13.2902 51.2721 0.54303 0.713829 0.358254 -0.259269 0
0.00737462 0.00260449 0.00561906 0.607996 0.793692 0.0198402 0.230942 -0.15289 -0.96088 -0.759609 0.588793 -0.276254 99.0408 13.3525 51.326 0.542875 0.713642 0.358945 -0.259153 0
0.00733221 0.00267409 0.00532819 0.615673 0.787766 0.0192813 0.224052 -0.151543 -0.962723 -0.755478 0.597042 -0.269802 98.9456 12.9472 50.8219 0.546427 0.713621 0.354466 -0.257909 0
0.00743378 0.00262235 0.00531874 0.616991 0.786501 0.0271666 0.227023 -0.144829 -0.96306 -0.753513 0.600367 -0.267912 98.5523 13.1219 50.6887 0.548692 0.712343 0.355701 -0.254914 0
0.0075385 0.00262537 0.00526593 0.61975 0.784029 0.0347662 0.237093 -0.144818 -0.960632 -0.748129 0.603595 -0.275639 98.5729 13.7151 50.3616 0.547561 0.714179 0.357446 -0.249714 0
0.007684 0.00263845 0.00522031 0.619844 0.783394 0.0456944 0.247056 -0.139547 -0.9589 -0.74482 0.605658 -0.280039 98.28 14.3034 50.2326 0.547781 0.714043 0.36078 -0.244777 0
0.00789798 0.00274892 0.00507671 0.617677 0.78527 0.0427232 0.245975 -0.141308 -0.95892 -0.746975 0.602812 -0.280439 98.3829 14.2395 50.4125 0.546793 0.714042 0.361059 -0.246572 0
0.00806258 0.00292572 0.00490097 0.618323 0.784695 0.0439406 0.253487 -0.146196 -0.956227 -0.743923 0.602396 -0.289306 98.6926 14.6839 50.2678 0.543788 0.716559 0.362211 -0.244217 0
0.00829122 0.00317467 0.00439912 0.618852 0.784231 0.0447717 0.24959 -0.142273 -0.957843 -0.7448 0.603937 -0.283782 98.4486 14.4532 50.2769 0.546076 0.715001 0.361475 -0.244765 0
0.00829989 0.00329906 0.00381773 0.624932 0.779358 0.0453931 0.248311 -0.143311 -0.958021 -0.740136 0.609969 -0.283083 98.5078 14.3776 49.824 0.547389 0.716122 0.358762 -0.242536 0
0.00824085 0.00350059 0.00380012 0.632397 0.773301 0.0455988 0.246252 -0.144874 -0.958317 -0.734461 0.617266 -0.282045 98.5966 14.2558 49.2704 0.548971 0.717516 0.355237 -0.240016 0
0.00810601 0.00364235 0.003808 0.640113 0.766204 0.0564524 0.24901 -0.137396 -0.958705 -0.726808 0.627737 -0.278742 98.1558 14.419 48.6291 0.553167 0.716982 0.353989 -0.233742 0
0.00808637 0.00371218 0.00359713 0.642368 0.763804 0.062983 0.253444 -0.134153 -0.958003 -0.723277 0.631353 -0.279757 97.9715 14.6814 48.3906 0.554179 0.716986 0.354696 -0.230232 0
0.00796516 0.00385077 0.00356584 0.639692 0.766304 0.0597676 0.249366 -0.133353 -0.959184 -0.727057 0.628486 -0.276395 97.915 14.44 48.6575 0.554514 0.715793 0.354736 -0.233059 0
0.00798386 0.00404922 0.00339583 0.63115 0.773254 0.0610538 0.248167 -0.126731 -0.960392 -0.734889 0.621303 -0.271882 97.5172 14.3691 49.3428 0.555099 0.712349 0.358469 -0.236484 0
0.00731605 0.00375821 0.00423202 0.624681 0.778407 0.0620963 0.24849 -0.122768 -0.960823 -0.740288 0.615638 -0.270117 97.2814 14.3882 49.8411 0.554932 0.710205 0.361479 -0.238731 0
-0.248063 -0.174191 0.391 0.407198 0.907034 -0.107137 -0.517492 0.132465 -0.845373 -0.75259 0.399677 0.523322 81.0945 -31.1641 61.5838 0.718155 0.43342 0.224691 -0.495898 0
-0.24892 -0.173389 0.396343 0.434439 0.894836 -0.102622 -0.497664 0.143513 -0.855415 -0.750728 0.422697 0.507675 80.4762 -29.8456 59.9424 0.722085 0.442507 0.224387 -0.482111 0
-0.25138 -0.174385 0.403015 0.482346 0.866663 -0.127426 -0.513291 0.161753 -0.842833 -0.709841 0.471945 0.522871 79.1362 -30.8833 55.8034 0.736032 0.446577 0.197822 -0.468714 0
-0.250628 -0.173198 0.410721 0.491624 0.84802 -0.197907 -0.550736 0.126744 -0.825001 -0.674534 0.514585 0.529346 81.266 -33.4175 53.9141 0.732754 0.457038 0.162615 -0.477226 0
-0.246238 -0.169714 0.413094 0.440713 0.837331 -0.323494 -0.608171 0.0134644 -0.793692 -0.660228 0.54653 0.515174 89.0281 -37.4573 56.2762 0.701668 0.477513 0.119976 -0.515024 0
-0.241963 -0.173023 0.423239 0.387891 0.81502 -0.430445 -0.679646 -0.0625385 -0.730869 -0.622593 0.576048 0.529667 94.8907 -42.816 58.076 0.680996 0.479782 0.0705394 -0.548706 0
-0.24067 -0.173124 0.426327 0.369891 0.790523 -0.488112 -0.711368 -0.0969553 -0.6961 -0.597608 0.604708 0.52649 97.9294 -45.3463 58.2444 0.670713 0.48486 0.0408135 -0.559811 0
-0.236681 -0.170952 0.427441 0.304349 0.725512 -0.617255 -0.770797 -0.19316 -0.607092 -0.559682 0.660546 0.500434 107.65 -50.4255 61.4632 0.634749 0.499268 -0.0226757 -0.589331 0
-0.219861 -0.187286 0.437505 0.432432 0.650844 -0.624023 -0.726882 -0.157873 -0.66837 -0.533521 0.742616 0.404818 103.29 -46.6257 50.9743 0.647954 0.5444 -0.0349183 -0.531568 0
-0.219497 -0.186498 0.438249 0.451998 0.61824 -0.643022 -0.709881 -0.187206 -0.678987 -0.540154 0.76337 0.35426 105.414 -45.2252 50.0776 0.63621 0.566777 -0.040422 -0.521888 0
-0.215885 -0.181402 0.429394 0.486659 0.574453 -0.658154 -0.717108 -0.167576 -0.676516 -0.498918 0.8012 0.330393 103.912 -45.8162 45.7126 0.64216 0.575292 -0.0619923 -0.502819 0
-0.214471 -0.179855 0.428747 0.484533 0.529046 -0.696662 -0.686541 -0.263561 -0.677641 -0.542116 0.806627 0.235507 111.253 -43.3569 48.2102 0.603424 0.614936 -0.064029 -0.503621 0
-0.21225 -0.177292 0.425565 0.525101 0.51708 -0.675942 -0.672142 -0.235202 -0.702072 -0.52201 0.822988 0.224046 108.521 -42.2326 44.8309 0.615212 0.619729 -0.0625524 -0.483257 0
-0.211603 -0.1764 0.429045 0.558321 0.506759 -0.656866 -0.59562 -0.306306 -0.742572 -0.577507 0.805836 0.130819 112.416 -36.5569 45.9677 0.58797 0.658371 -0.033743 -0.468723 0
-0.211092 -0.176604 0.429434 0.579993 0.496024 -0.646195 -0.552142 -0.343871 -0.759534 -0.598955 0.797316 0.0744325 114.358 -33.5141 45.9214 0.572397 0.679969 -0.0206326 -0.457797 0
-0.20834 -0.173371 0.425065 0.618628 0.459611 -0.637226 -0.555135 -0.318241 -0.768471 -0.55599 0.829144 0.0582734 112.496 -33.72 41.9475 0.582808 0.685309 -0.0348469 -0.435283 0
-0.202813 -0.169853 0.424854 0.636477 0.448121 -0.627761 -0.50791 -0.369005 -0.778372 -0.580452 0.814262 -0.00725788 115.364 -30.5247 42.3641 0.561296 0.709355 -0.0210713 -0.425814 0
-0.200425 -0.16763 0.419474 0.660369 0.435521 -0.611747 -0.482427 -0.378249 -0.790058 -0.57548 0.816853 -0.0396765 115.583 -28.844 41.0706 0.557325 0.720815 -0.0162682 -0.411766 0
-0.196294 -0.159951 0.410888 0.694481 0.466721 -0.547603 -0.413517 -0.363925 -0.834603 -0.588813 0.806058 -0.0597422 113.559 -24.4259 40.2928 0.563652 0.727693 0.0182782 -0.390417 0
-0.193611 -0.157688 0.406647 0.714778 0.465661 -0.521777 -0.377161 -0.371618 -0.848322 -0.588932 0.803156 -0.0899948 113.656 -22.158 39.4864 0.559724 0.73763 0.0299948 -0.376445 0
-0.190051 -0.154172 0.405089 0.735017 0.496912 -0.461334 -0.317364 -0.349133 -0.881695 -0.599192 0.794471 -0.0989164 111.603 -18.5036 39.1872 0.567223 0.73876 0.0607601 -0.358887 0
-0.184589 -0.151372 0.405415 0.788404 0.472673 -0.393699 -0.23362 -0.361984 -0.902435 -0.569069 0.80346 -0.174964 111.857 -13.5103 35.8217 0.559342 0.762455 0.0783824 -0.31568 0
-0.183507 -0.150855 0.407069 0.811547 0.445234 -0.378363 -0.210417 -0.381409 -0.90014 -0.545084 0.81012 -0.215846 112.963 -12.1468 33.8877 0.550975 0.776016 0.0756483 -0.297496 0
-0.182947 -0.148729 0.406781 0.82636 0.440681 -0.350613 -0.154648 -0.421082 -0.893742 -0.541492 0.792774 -0.279815 115.227 -8.89636 33.2358 0.530439 0.794867 0.0899626 -0.280583 0
-0.178291 -0.144339 0.40565 0.881727 0.401976 -0.246926 -0.075419 -0.396575 -0.914899 -0.465692 0.825314 -0.319354 113.435 -4.3253 27.8412 0.539861 0.805862 0.101307 -0.221073 0
-0.178734 -0.14409 0.407394 0.875989 0.402761 -0.265382 -0.0730439 -0.433087 -0.898388 -0.476769 0.806362 -0.34996 115.737 -4.18884 28.5578 0.522719 0.815327 0.1011 -0.227562 0
-0.179085 -0.144216 0.407139 0.881518 0.394864 -0.258861 -0.0515304 -0.464524 -0.88406 -0.469331 0.792654 -0.389139 117.719 -2.95378 28.0314 0.506916 0.826919 0.103799 -0.220152 0
-0.178477 -0.143864 0.406519 0.873252 0.415028 -0.255308 -0.018315 -0.49563 -0.868341 -0.486924 0.762957 -0.425209 119.717 -1.04943 29.144 0.487958 0.835777 0.118666 -0.222018 0
-0.177602 -0.142024 0.405388 0.876054 0.427742 -0.222634 0.0382529 -0.521882 -0.85216 -0.480693 0.738022 -0.473559 121.484 2.19226 28.7537 0.469205 0.847274 0.137498 -0.207526 0
-0.176521 -0.144236 0.409891 0.885143 0.444936 -0.136208 0.120812 -0.502429 -0.856136 -0.449361 0.741348 -0.498475 120.407 6.93897 26.9156 0.47017 0.849419 0.16651 -0.172344 0
-0.177716 -0.141902 0.410321 0.920692 0.359102 -0.152878 0.0808722 -0.558736 -0.825393 -0.381818 0.74757 -0.543465 124.095 4.6387 22.5242 0.452353 0.869323 0.126528 -0.153768 0
-0.175187 -0.144264 0.411026 0.889801 0.454213 -0.0441007 0.225004 -0.52074 -0.823531 -0.397024 0.722856 -0.565555 122.306 13.0031 24.0461 0.448193 0.862568 0.196859 -0.127852 1
-0.175695 -0.145063 0.412481 0.892518 0.450674 -0.0174702 0.24874 -0.52418 -0.814471 -0.376218 0.722584 -0.579941 122.765 14.403 22.8566 0.443958 0.86554 0.202017 -0.113712 0
-0.175844 -0.14174 0.410907 0.906195 0.4169 -0.0707377 0.194444 -0.559376 -0.805785 -0.375501 0.716444 -0.587968 124.768 11.2123 22.5077 0.43556 0.873719 0.174926 -0.127684 1
-0.175711 -0.143179 0.412215 0.897974 0.43705 -0.051275 0.220034 -0.546858 -0.807794 -0.381087 0.714096 -0.587231 124.097 12.711 22.9956 0.437003 0.870641 0.188678 -0.12415 0
-0.174633 -0.142283 0.412279 0.891062 0.451105 -0.0501242 0.218011 -0.522244 -0.824459 -0.398095 0.723717 -0.563697 122.352 12.5922 24.0734 0.448643 0.8627 0.193902 -0.129888 0
-0.174546 -0.141715 0.411312 0.887754 0.454501 -0.0729548 0.206528 -0.534908 -0.81928 -0.411387 0.712252 -0.568733 123.141 11.9189 24.8631 0.442751 0.864783 0.191097 -0.140018 0
-0.174796 -0.141609 0.412019 0.881902 0.465373 -0.0753387 0.20648 -0.52496 -0.825702 -0.423809 0.712632 -0.559054 122.447 11.9161 25.6672 0.446623 0.861092 0.195059 -0.144917 1
-0.174299 -0.141472 0.412002 0.883263 0.462788 -0.0753167 0.206248 -0.527738 -0.823987 -0.421079 0.712264 -0.56158 122.638 11.9025 25.4886 0.445518 0.862059 0.194023 -0.143957 0
-0.174069 -0.141688 0.412339 0.875426 0.478232 -0.070164 0.215152 -0.515534 -0.829418 -0.432826 0.710999 -0.554204 121.863 12.4244 26.3086 0.448801 0.858074 0.202017 -0.146546 0
-0.174926 -0.142087 0.413698 0.87542 0.481029 -0.0474409 0.236258 -0.511447 -0.826199 -0.421689 0.712063 -0.561378 121.759 13.6658 25.7201 0.447939 0.858523 0.208873 -0.13661 0
-0.174148 -0.142367 0.413789 0.883184 0.466718 -0.0464887 0.230433 -0.518102 -0.823693 -0.408518 0.71676 -0.565127 122.17 13.3226 24.823 0.447201 0.861164 0.202386 -0.132091 1
-0.174364 -0.143454 0.414589 0.882414 0.469406 -0.0316654 0.246011 -0.517739 -0.819405 -0.401028 0.715265 -0.57234 122.287 14.2416 24.4402 0.445066 0.862046 0.207476 -0.125485 1
-0.172762 -0.143205 0.412655 0.876851 0.480688 -0.00844446 0.258159 -0.485595 -0.835195 -0.405569 0.730162 -0.549888 120.174 14.9609 24.8219 0.45863 0.853278 0.216473 -0.121301 1
-0.174294 -0.142325 0.414609 0.884858 0.464647 -0.0336186 0.225633 -0.490585 -0.841675 -0.407574 0.737177 -0.538937 120.237 13.0401 24.7313 0.462422 0.853578 0.202172 -0.129219 0
-0.173901 -0.14289 0.414986 0.887927 0.459969 -0.00381654 0.264135 -0.516645 -0.814439 -0.376588 0.722154 -0.580236 122.389 15.3155 22.9828 0.444704 0.86383 0.209562 -0.110093 1
-0.174164 -0.143846 0.414754 0.897679 0.440645 0.00201958 0.264507 -0.535174 -0.802262 -0.352432 0.720709 -0.596968 123.706 15.3376 21.4352 0.437475 0.870319 0.202555 -0.100656 1
-0.173771 -0.144241 0.415363 0.885592 0.464262 -0.0136852 0.261914 -0.523507 -0.810766 -0.383572 0.714423 -0.585211 122.85 15.1837 23.4186 0.440702 0.865204 0.209828 -0.114787 1
-0.173727 -0.143416 0.41401 0.877374 0.47961 -0.0137827 0.273745 -0.523954 -0.806558 -0.394055 0.70388 -0.590994 123.008 15.8872 24.1863 0.436585 0.864916 0.217754 -0.117883 1
-0.173598 -0.142362 0.412275 0.879975 0.473746 -0.0347711 0.248399 -0.521318 -0.81641 -0.404898 0.709784 -0.576424 122.56 14.3828 24.7083 0.44222 0.862803 0.209244 -0.127396 1
-0.173749 -0.142039 0.413574 0.88183 0.469026 -0.0488829 0.226072 -0.51145 -0.829042 -0.413844 0.720023 -0.557046 121.671 13.0659 25.1407 0.450925 0.858826 0.20234 -0.134697 0
-0.173951 -0.142612 0.413424 0.883726 0.466102 -0.0421631 0.226425 -0.504661 -0.833096 -0.409586 0.726681 -0.551519 121.206 13.0867 24.8666 0.454847 0.857308 0.201948 -0.131735 1
-0.174003 -0.142029 0.413649 0.884761 0.463084 -0.0524477 0.220479 -0.515057 -0.828315 -0.410593 0.721297 -0.557802 121.874 12.7372 24.8947 0.450528 0.859887 0.198736 -0.134623 0
-0.174495 -0.142821 0.414259 0.884078 0.466284 -0.0313826 0.242217 -0.514602 -0.822506 -0.399671 0.719558 -0.56789 122.032 14.0174 24.3266 0.447657 0.861187 0.205676 -0.125134 1
-0.173193 -0.141914 0.412859 0.870643 0.490282 -0.0400467 0.25578 -0.520743 -0.814496 -0.420187 0.698892 -0.578786 122.593 14.8198 25.7627 0.439066 0.861709 0.216448 -0.133523 1
-0.173614 -0.142281 0.413067 0.855694 0.515313 -0.0473239 0.265166 -0.515166 -0.81504 -0.444381 0.684877 -0.577468 122.296 15.3768 27.4438 0.436767 0.858535 0.227271 -0.143181 0
-0.173195 -0.1428 0.413729 0.862646 0.505348 -0.0215827 0.276929 -0.507573 -0.815892 -0.423264 0.697849 -0.577801 121.886 16.077 26.1353 0.440815 0.85849 0.227806 -0.129543 1
-0.173801 -0.142418 0.412539 0.869437 0.493838 -0.0142578 0.278705 -0.514099 -0.811188 -0.407926 0.701303 -0.584612 122.365 16.1829 25.1352 0.438955 0.861416 0.224207 -0.122526 1
-0.173352 -0.143105 0.413052 0.878371 0.477876 -0.00994879 0.271792 -0.516478 -0.812022 -0.393184 0.710552 -0.583542 122.458 15.7709 24.1146 0.441121 0.862901 0.217194 -0.116796 1
-0.174063 -0.142577 0.41495 0.879467 0.475369 0.0236953 0.29615 -0.507569 -0.809116 -0.372601 0.718609 -0.587171 122.101 17.2265 22.9608 0.442924 0.862295 0.223682 -0.101156 1
-0.173421 -0.142747 0.416149 0.867843 0.493285 0.059309 0.330444 -0.483927 -0.810322 -0.371018 0.722831 -0.582976 120.846 19.2957 23.1476 0.447476 0.856555 0.240419 -0.0909777 1
-0.172761 -0.14305 0.413881 0.854089 0.520122 -0.00218857 0.303079 -0.501095 -0.810584 -0.4227 0.691648 -0.585618 121.724 17.6426 26.3314 0.438 0.857438 0.240018 -0.123883 1
-0.172919 -0.142418 0.411915 0.848322 0.528786 -0.0271093 0.288379 -0.504368 -0.81391 -0.444057 0.682641 -0.580358 121.786 16.7609 27.63 0.43692 0.856307 0.238572 -0.137558 1
-0.17329 -0.142262 0.411921 0.850899 0.524538 -0.0288157 0.29039 -0.51536 -0.806274 -0.437772 0.67769 -0.59084 122.586 16.8813 27.225 0.43148 0.859811 0.23695 -0.135666 1
-0.172803 -0.142387 0.411736 0.845347 0.532324 -0.0449415 0.284373 -0.519613 -0.805689 -0.45224 0.668306 -0.590632 122.819 16.5214 28.1457 0.42869 0.859592 0.237525 -0.144598 1
-0.173031 -0.142001 0.412125 0.842666 0.534979 -0.0609196 0.272393 -0.521159 -0.808823 -0.464453 0.664974 -0.584888 122.795 15.8067 28.8623 0.429133 0.858591 0.235086 -0.152975 1
-0.173297 -0.141053 0.409523 0.829286 0.540988 -0.140059 0.222133 -0.5491 -0.805696 -0.512778 0.637041 -0.575532 124.275 12.8343 31.73 0.419719 0.859348 0.222006 -0.189922 0
-0.173278 -0.140542 0.409587 0.83379 0.536626 -0.12972 0.224936 -0.54478 -0.807848 -0.504181 0.644397 -0.574938 123.994 12.9991 31.1608 0.422514 0.859289 0.221568 -0.184426 1
-0.173118 -0.140609 0.410165 0.83985 0.529108 -0.121232 0.229098 -0.54798 -0.804507 -0.492104 0.647891 -0.581439 124.26 13.244 30.3679 0.421435 0.861578 0.220005 -0.177969 0
-0.173345 -0.141406 0.412022 0.848106 0.514512 -0.12647 0.21247 -0.548941 -0.808406 -0.485359 0.658743 -0.574878 124.178 12.2672 29.7819 0.425525 0.861963 0.210851 -0.177452 0
-0.174272 -0.141262 0.412188 0.857409 0.503204 -0.107865 0.220093 -0.548002 -0.807002 -0.465197 0.668191 -0.580614 124.179 12.7145 28.4825 0.426847 0.864006 0.209286 -0.165815 0
-0.174228 -0.140868 0.411544 0.870069 0.479303 -0.115101 0.198128 -0.553859 -0.808694 -0.45136 0.680815 -0.576859 124.407 11.4275 27.4186 0.429928 0.866139 0.195532 -0.163502 0
-0.174484 -0.141459 0.413061 0.87286 0.478521 -0.0955661 0.200257 -0.529867 -0.824098 -0.444985 0.700185 -0.558327 122.74 11.552 27.0125 0.442907 0.860386 0.197231 -0.157067 0
-0.174583 -0.141508 0.41346 0.868485 0.48639 -0.0956967 0.217821 -0.547853 -0.80772 -0.445295 0.680648 -0.581748 124.148 12.5811 27.1454 0.429792 0.865749 0.203353 -0.156221 0
-0.173328 -0.141479 0.411478 0.854326 0.512725 -0.0850912 0.252316 -0.552284 -0.794556 -0.454383 0.65734 -0.601199 124.803 14.6146 28.0068 0.418582 0.867152 0.220562 -0.155531 0
-0.173891 -0.140319 0.409499 0.847235 0.523151 -0.0922321 0.255053 -0.552905 -0.793249 -0.465985 0.648544 -0.601871 124.877 14.7767 28.8111 0.416071 0.866315 0.224573 -0.161089 0
-0.173343 -0.141824 0.412344 0.86103 0.505117 -0.0590354 0.264377 -0.543753 -0.796516 -0.434434 0.670216 -0.601728 124.32 15.3299 26.7733 0.42295 0.866965 0.221893 -0.142298 1
-0.175077 -0.142901 0.414597 0.882323 0.469447 -0.0335545 0.261736 -0.548684 -0.794002 -0.391153 0.691784 -0.606988 124.646 15.1731 23.9088 0.426219 0.871492 0.20975 -0.121833 0
-0.174727 -0.142768 0.414495 0.875261 0.483377 0.0162653 0.313993 -0.542332 -0.779285 -0.367867 0.687185 -0.626459 124.835 18.3 22.7967 0.420259 0.872361 0.228509 -0.100762 1
-0.172671 -0.142079 0.41286 0.845314 0.523747 0.105516 0.419119 -0.527583 -0.738915 -0.331336 0.668839 -0.665485 125.527 24.779 21.4036 0.403809 0.871548 0.270457 -0.0647757 1
-0.173098 -0.143498 0.417438 0.861626 0.488681 0.137084 0.41717 -0.528043 -0.739688 -0.289085 0.694522 -0.658839 125.522 24.6561 18.5472 0.410714 0.872999 0.259408 -0.0435285 0
-0.173326 -0.143416 0.417786 0.845827 0.506881 0.16628 0.453111 -0.51813 -0.725418 -0.281546 0.688921 -0.667922 125.536 26.9434 18.4108 0.406133 0.870615 0.275665 -0.0330989 0
-0.1735 -0.145253 0.418607 0.845263 0.514297 0.145014 0.44086 -0.517852 -0.733124 -0.301948 0.683614 -0.664454 125.236 26.1588 19.6579 0.407111 0.869996 0.274472 -0.0450962 1
-0.17379 -0.144395 0.419528 0.837414 0.519276 0.170559 0.468417 -0.521035 -0.713518 -0.281645 0.677403 -0.67956 126.138 27.9316 18.5892 0.399005 0.871494 0.283333 -0.0318665 1
-0.173871 -0.145913 0.41869 0.852503 0.506113 0.130722 0.415156 -0.503604 -0.757647 -0.317623 0.700166 -0.639439 123.612 24.5291 20.4342 0.421147 0.865382 0.266145 -0.0539936 1
-0.173463 -0.144518 0.416672 0.840721 0.53189 0.101393 0.413548 -0.509871 -0.754327 -0.349522 0.676109 -0.648622 124.056 24.4279 22.5746 0.412985 0.865912 0.27296 -0.071638 1
-0.173414 -0.142938 0.419541 0.832919 0.527489 0.167339 0.457677 -0.486616 -0.744135 -0.311093 0.696391 -0.646731 123.182 27.2373 20.4805 0.418202 0.861143 0.286005 -0.0417336 0
-0.172636 -0.146256 0.4185 0.83995 0.510821 0.183154 0.452077 -0.471979 -0.756877 -0.300184 0.718538 -0.62737 121.947 26.877 19.666 0.430291 0.857219 0.28082 -0.0341307 0
-0.173048 -0.147716 0.419477 0.840461 0.503425 0.200469 0.457568 -0.461172 -0.760231 -0.290269 0.730673 -0.617949 121.242 27.2303 19.0533 0.436274 0.854339 0.281209 -0.0262775 1
-0.171665 -0.142846 0.416141 0.842122 0.494621 0.214898 0.478172 -0.500584 -0.721642 -0.249365 0.710468 -0.658067 124.748 28.5661 16.4948 0.413361 0.866137 0.280785 -0.00994864 1
-0.173008 -0.144325 0.417786 0.843847 0.516254 0.1463 0.432447 -0.4929 -0.75501 -0.317666 0.70038 -0.639184 123.138 25.6229 20.6288 0.42183 0.862544 0.274972 -0.0496689 1
-0.171905 -0.14259 0.416742 0.799278 0.539758 0.264226 0.546151 -0.468955 -0.694119 -0.250746 0.699102 -0.669614 124.043 33.1033 17.4174 0.40642 0.857007 0.316773 0.0039324 0
-0.171202 -0.143329 0.416459 0.78188 0.560981 0.271963 0.576037 -0.483244 -0.659284 -0.238421 0.672142 -0.700985 126.241 35.1723 16.9582 0.386539 0.86112 0.330099 0.00973797 1
-0.171775 -0.144538 0.41687 0.76188 0.579114 0.290113 0.603963 -0.47334 -0.641232 -0.234024 0.663759 -0.710392 126.434 37.1542 17.0752 0.38018 0.858139 0.344663 0.0163402 0
-0.171955 -0.144142 0.419329 0.775565 0.57549 0.259443 0.578996 -0.484738 -0.655586 -0.251521 0.658666 -0.709152 126.479 35.38 17.9682 0.381338 0.861605 0.334981 0.00229878 1
-0.171973 -0.144142 0.419707 0.787258 0.567192 0.241904 0.557255 -0.486471 -0.672914 -0.263993 0.664559 -0.699049 125.864 33.8661 18.5379 0.387859 0.862087 0.326083 -0.00640563 1
-0.172455 -0.144428 0.42078 0.784789 0.570405 0.242371 0.558635 -0.481696 -0.675201 -0.268389 0.665287 -0.696678 125.504 33.9615 18.8801 0.389364 0.860692 0.327946 -0.00755726 1
-0.172306 -0.144833 0.42096 0.781959 0.570425 0.251307 0.570154 -0.491601 -0.658219 -0.251922 0.657984 -0.709642 126.755 34.7609 17.8573 0.381023 0.863597 0.330182 -0.000178138 1
-0.172055 -0.144536 0.420781 0.797998 0.552667 0.240332 0.545459 -0.492764 -0.677982 -0.256271 0.672119 -0.694681 126.01 33.056 17.804 0.39069 0.863922 0.317773 -0.00461229 1
-0.172371 -0.143801 0.420697 0.794278 0.555332 0.246432 0.554669 -0.497293 -0.667115 -0.247921 0.666563 -0.703014 126.702 33.6879 17.3349 0.385347 0.865243 0.320719 -0.000430269 1
-0.170296 -0.14263 0.415373 0.805467 0.541687 0.240412 0.530944 -0.47935 -0.6988 -0.263289 0.690506 -0.673707 124.449 32.0693 18.1014 0.403859 0.860018 0.311805 -0.00665013 1
-0.170684 -0.143293 0.416125 0.813696 0.533448 0.230937 0.512621 -0.471193 -0.717773 -0.274078 0.702432 -0.656864 123.283 30.8386 18.6151 0.414017 0.857577 0.304949 -0.0125764 1
-0.171325 -0.143792 0.418411 0.81014 0.539638 0.229052 0.50636 -0.44724 -0.737276 -0.295421 0.71328 -0.635577 121.241 30.4217 20.0346 0.426416 0.850435 0.307489 -0.0195103 1
-0.173061 -0.142366 0.421492 0.819279 0.529415 0.220231 0.488617 -0.443608 -0.751309 -0.300057 0.72314 -0.62212 120.56 29.2497 20.115 0.434036 0.849266 0.29968 -0.0234987 1
-0.173619 -0.142803 0.423258 0.826248 0.516972 0.223728 0.48246 -0.444444 -0.754786 -0.290769 0.73158 -0.616639 120.491 28.8462 19.3877 0.437369 0.849607 0.294086 -0.0197269 1
-0.177353 -0.146301 0.421715 0.758451 0.585839 0.285561 0.578175 -0.402615 -0.709658 -0.300775 0.703345 -0.644081 119.568 35.3223 21.6315 0.421828 0.837429 0.347497 -0.00454186 1
-0.184996 -0.154237 0.418518 0.7112 0.624551 0.322692 0.621375 -0.343818 -0.704047 -0.328766 0.701231 -0.632604 116.028 38.4166 24.8097 0.428596 0.819698 0.379995 -0.00185266 1
-0.192279 -0.167722 0.413949 0.653594 0.661207 0.368267 0.678121 -0.295525 -0.672916 -0.336105 0.689543 -0.641532 113.71 42.697 27.2141 0.423243 0.804775 0.416057 0.00999075 1
-0.181255 -0.186021 0.420143 0.630511 0.703806 0.32728 0.685753 -0.307595 -0.659642 -0.36359 0.640345 -0.67658 115 43.2949 29.9703 0.401975 0.8085 0.429672 -0.0112275 1
-0.173408 -0.193323 0.426894 0.582737 0.735645 0.345317 0.728684 -0.284884 -0.622784 -0.359773 0.614547 -0.702065 114.581 46.7762 31.6905 0.385936 0.801512 0.45674 -0.00450876 1
-0.170454 -0.190957 0.42895 0.549325 0.768786 0.32743 0.759467 -0.29592 -0.579345 -0.348499 0.566921 -0.746424 117.057 49.4173 32.3916 0.356013 0.804933 0.474652 -0.0065437 0
-0.171778 -0.183317 0.429686 0.554456 0.7437 0.373483 0.780344 -0.308641 -0.543879 -0.28921 0.593002 -0.751469 119.574 51.2921 27.547 0.351548 0.808481 0.471268 0.0260591 0
