0.00118895 0.00444457 0.000490974 0.609835 0.792317 0.0183103 0.210543 -0.139692 -0.967552 -0.76405 0.593903 -0.252006 98.2154 12.1542 51.4045 0.551846 0.707378 0.354429 -0.263558 0
0.00138173 0.00496843 -0.000569012 0.61006 0.792145 0.0182437 0.210269 -0.139651 -0.967618 -0.763946 0.594141 -0.251759 98.2125 12.1381 51.3904 0.551962 0.707367 0.354277 -0.263549 1
0.00214245 0.0110904 -0.00630962 0.611724 0.79089 0.0169273 0.209314 -0.141187 -0.967602 -0.762877 0.595449 -0.251912 98.3017 12.0821 51.2751 0.551957 0.707959 0.3532 -0.263416 1
0.00183154 0.0128994 -0.0141518 0.613631 0.789411 0.0169295 0.209316 -0.141959 -0.967489 -0.761343 0.597225 -0.252347 98.3474 12.0823 51.1317 0.552115 0.708508 0.352405 -0.262669 1
0.00218952 0.018529 -0.0214693 0.615754 0.787779 0.0158511 0.209019 -0.143914 -0.967264 -0.759709 0.59891 -0.253277 98.4626 12.0649 50.9748 0.551943 0.709391 0.351286 -0.262147 1
0.00211771 0.0240423 -0.0307458 0.618061 0.785986 0.0150487 0.207892 -0.144954 -0.967352 -0.758144 0.60101 -0.252991 98.5222 11.9988 50.8121 0.552294 0.709931 0.349991 -0.261679 1
0.00164192 0.025308 -0.0360358 0.619481 0.784867 0.0150458 0.208243 -0.145823 -0.967146 -0.756887 0.602262 -0.253778 98.5743 12.0194 50.7011 0.552241 0.710472 0.349454 -0.261038 1
0.00188473 0.0266253 -0.0370802 0.619884 0.784555 0.0147342 0.208104 -0.146262 -0.967109 -0.756595 0.602562 -0.253935 98.6001 12.0113 50.672 0.552197 0.710648 0.349209 -0.26098 1
0.0016057 0.025374 -0.0376451 0.620012 0.784448 0.0150809 0.208327 -0.146065 -0.967091 -0.75643 0.602749 -0.253983 98.5888 12.0243 50.6601 0.55226 0.710644 0.349252 -0.260802 1
0.00208037 0.0258573 -0.0341688 0.619149 0.785135 0.0147649 0.207503 -0.145443 -0.967362 -0.757362 0.602005 -0.252969 98.5504 11.9761 50.7337 0.552435 0.710204 0.34942 -0.261403 1
0.00266053 0.0253861 -0.0286467 0.617753 0.786237 0.0145706 0.206749 -0.144512 -0.967663 -0.758706 0.600789 -0.251827 98.4939 11.9319 50.8468 0.552588 0.709594 0.349843 -0.26217 1
0.00338994 0.0264455 -0.0243723 0.616592 0.787157 0.014061 0.205436 -0.143629 -0.968074 -0.760007 0.599796 -0.250271 98.4391 11.855 50.9476 0.552877 0.708959 0.350018 -0.263043 1
0.00325057 0.0270406 -0.0268824 0.616731 0.787045 0.0142259 0.203771 -0.142168 -0.968641 -0.760342 0.60029 -0.248056 98.3497 11.7576 50.9537 0.553739 0.708335 0.349699 -0.263334 1
0.00296819 0.0255986 -0.0275266 0.616368 0.78732 0.0147818 0.202528 -0.140357 -0.969166 -0.760969 0.600356 -0.245965 98.2404 11.6848 50.9933 0.554537 0.707582 0.349729 -0.26364 1
0.00292651 0.0255901 -0.0277876 0.615944 0.787648 0.0149425 0.200839 -0.138659 -0.969761 -0.761759 0.60032 -0.243597 98.1372 11.586 51.0417 0.555358 0.706788 0.34964 -0.264158 1
0.00308162 0.0266919 -0.0291453 0.615789 0.787771 0.0148785 0.198841 -0.137103 -0.970394 -0.762408 0.600516 -0.241068 98.0419 11.4692 51.0726 0.556241 0.706038 0.349348 -0.264692 1
0.00223001 0.0251503 -0.0340468 0.616609 0.787114 0.0156735 0.198526 -0.136195 -0.970587 -0.761827 0.601584 -0.240242 97.9877 11.4508 51.014 0.556815 0.705876 0.349084 -0.264265 1
0.0017233 0.0241658 -0.0369414 0.617116 0.786706 0.0161613 0.198387 -0.13568 -0.970687 -0.761453 0.602233 -0.239802 97.9571 11.4426 50.9771 0.557143 0.705797 0.348929 -0.263989 1
0.00194243 0.0247653 -0.0369896 0.617236 0.786615 0.016015 0.198429 -0.135941 -0.970642 -0.761344 0.602293 -0.239995 97.9726 11.4451 50.9677 0.557068 0.705899 0.348862 -0.263965 1
0.00342697 0.0320591 -0.0392872 0.618217 0.785879 0.0142023 0.197439 -0.137777 -0.970585 -0.760806 0.602836 -0.240339 98.0793 11.3873 50.9033 0.556799 0.706458 0.347975 -0.264206 1
0.00499638 0.0396164 -0.0414355 0.619015 0.785283 0.0123175 0.19581 -0.139125 -0.970723 -0.760578 0.603304 -0.239887 98.1561 11.292 50.8587 0.556777 0.706758 0.34704 -0.264681 1
0.0059821 0.0443093 -0.0435492 0.619613 0.784827 0.0111965 0.194473 -0.139683 -0.970911 -0.760434 0.603767 -0.239177 98.1868 11.2139 50.8263 0.556946 0.706837 0.346367 -0.264997 1
0.00699075 0.0486184 -0.0449685 0.619979 0.784553 0.0101626 0.193047 -0.139972 -0.971154 -0.760499 0.604057 -0.238235 98.2015 11.1306 50.8122 0.557174 0.706786 0.345791 -0.265405 1
0.00695997 0.04908 -0.0473228 0.620407 0.784214 0.0101929 0.192524 -0.139685 -0.971299 -0.760282 0.604563 -0.237642 98.1838 11.1001 50.7848 0.557467 0.706706 0.345525 -0.265347 1
0.00688576 0.0474403 -0.0450674 0.619832 0.784664 0.0104924 0.192777 -0.139293 -0.971306 -0.760687 0.604069 -0.237604 98.161 11.1149 50.8258 0.557435 0.706528 0.345861 -0.265451 1
0.00782217 0.0484097 -0.0391247 0.618684 0.785579 0.00980066 0.19281 -0.139731 -0.971236 -0.761613 0.602778 -0.237916 98.1869 11.1168 50.9119 0.557009 0.706458 0.34623 -0.26605 1
0.00886134 0.0524123 -0.0379621 0.618464 0.785765 0.00870583 0.191507 -0.139969 -0.97146 -0.76212 0.60248 -0.237045 98.1988 11.0407 50.9405 0.557102 0.706307 0.345909 -0.266674 1
0.00945355 0.0555995 -0.0385518 0.618472 0.785766 0.00797912 0.190057 -0.139724 -0.97178 -0.762477 0.602535 -0.235756 98.182 10.9561 50.9533 0.557448 0.706037 0.345528 -0.267159 1
0.0103336 0.0601358 -0.0404142 0.618938 0.78541 0.00687361 0.18878 -0.140261 -0.971951 -0.762416 0.602875 -0.235083 98.2116 10.8816 50.9299 0.557583 0.706095 0.344922 -0.267507 1
0.0118669 0.0673174 -0.0414441 0.619267 0.785164 0.00505504 0.18669 -0.140985 -0.97225 -0.762663 0.603026 -0.233889 98.2509 10.7597 50.9241 0.557762 0.70607 0.344107 -0.268248 1
0.0136335 0.0747353 -0.04198 0.619735 0.784805 0.00304289 0.185271 -0.142533 -0.972296 -0.762629 0.60313 -0.233734 98.3398 10.6769 50.9016 0.557554 0.7064 0.343317 -0.268823 1
0.0155324 0.0822461 -0.0423834 0.619981 0.784616 0.00108005 0.183186 -0.14341 -0.972562 -0.762933 0.603168 -0.232642 98.3881 10.5554 50.9017 0.557658 0.706405 0.34251 -0.269623 1
0.0174626 0.0896085 -0.0427065 0.620419 0.78427 -0.000928415 0.181837 -0.144999 -0.972579 -0.7629 0.603238 -0.232569 98.4796 10.4768 50.8807 0.557416 0.706751 0.341743 -0.27019 1
0.0189484 0.0966267 -0.0462858 0.621608 0.783324 -0.0026271 0.180839 -0.146767 -0.9725 -0.762168 0.604039 -0.232887 98.5821 10.4187 50.8001 0.557215 0.70733 0.340776 -0.270311 1
0.019893 0.101602 -0.0506003 0.622826 0.782351 -0.00372671 0.180113 -0.14802 -0.972445 -0.761345 0.604993 -0.233102 98.6548 10.3764 50.7148 0.557159 0.707804 0.339947 -0.270227 1
0.0234802 0.109773 -0.0397294 0.621132 0.783677 -0.00676435 0.17928 -0.150487 -0.97222 -0.762924 0.602665 -0.233969 98.7988 10.3278 50.8494 0.55603 0.708094 0.339982 -0.271747 1
0.0244624 0.11354 -0.0403595 0.621493 0.783381 -0.00776748 0.178769 -0.151465 -0.972163 -0.762751 0.602803 -0.234179 98.8556 10.2981 50.8267 0.555844 0.708367 0.339566 -0.271935 1
0.0251772 0.117726 -0.043447 0.622452 0.782609 -0.00871393 0.178227 -0.152578 -0.972088 -0.762094 0.603526 -0.234455 98.9203 10.2665 50.7592 0.555747 0.708782 0.338904 -0.271878 1
0.0249459 0.1198 -0.0504592 0.624031 0.78135 -0.00881795 0.177797 -0.15297 -0.972105 -0.760903 0.605056 -0.23438 98.9427 10.2415 50.6442 0.556031 0.709116 0.338149 -0.271366 1
0.0252403 0.124471 -0.0593581 0.626173 0.779626 -0.00953987 0.177024 -0.154075 -0.972072 -0.759322 0.606996 -0.23449 99.0066 10.1965 50.4894 0.556239 0.709707 0.336987 -0.270838 1
0.0260981 0.128281 -0.0623332 0.627159 0.778821 -0.0104447 0.176772 -0.155383 -0.971909 -0.758566 0.607696 -0.235124 99.0833 10.1818 50.4171 0.556024 0.710223 0.336371 -0.270693 1
0.0287441 0.136993 -0.0583119 0.626964 0.778938 -0.0131164 0.17605 -0.158063 -0.971608 -0.758896 0.606854 -0.236231 99.24 10.1398 50.4381 0.555128 0.710855 0.335859 -0.271508 1
0.0298568 0.139799 -0.0546828 0.626354 0.779409 -0.0142155 0.175892 -0.15907 -0.971473 -0.759436 0.605985 -0.236726 99.2991 10.1306 50.4855 0.554653 0.711011 0.335895 -0.272025 1
0.0280818 0.126713 -0.0424494 0.623804 0.781495 -0.0115673 0.180505 -0.158451 -0.970727 -0.760451 0.603456 -0.239906 99.2706 10.3992 50.6377 0.5535 0.711013 0.33825 -0.27145 1
0.0292643 0.129837 -0.0371179 0.62327 0.7819 -0.0128971 0.181488 -0.160671 -0.970179 -0.760655 0.602343 -0.242047 99.4034 10.4565 50.6693 0.552393 0.711686 0.338418 -0.271732 1
0.0320934 0.136434 -0.0270742 0.621914 0.782931 -0.0155502 0.181925 -0.163768 -0.969579 -0.76166 0.600165 -0.244285 99.5871 10.4819