-0.000151928 -0.000242311 -0.000153171 0.608691 0.793183 0.0188346 0.211198 -0.1391 -0.967495 -0.764781 0.592884 -0.252188 98.1815 12.1926 51.4836 0.55168 0.707103 0.355104 -0.263733 0
-0.000216845 -0.000376109 -0.000170503 0.608191 0.793579 0.0183473 0.211018 -0.139354 -0.967498 -0.765229 0.592295 -0.252214 98.1963 12.182 51.5229 0.551503 0.707064 0.3552 -0.264079 1
-0.000260865 -0.000453321 -0.000325193 0.608399 0.793428 0.0179467 0.210621 -0.139618 -0.967546 -0.765173 0.592434 -0.252056 98.2112 12.1587 51.5113 0.551526 0.70712 0.354978 -0.26418 1
-0.000330416 -0.000433571 -0.000448796 0.608974 0.792999 0.017431 0.209718 -0.139779 -0.967719 -0.764964 0.592971 -0.251427 98.219 12.1058 51.4773 0.551763 0.707139 0.354498 -0.264281 1
-0.000323239 -0.000333168 -0.00052389 0.609995 0.792219 0.0171882 0.208903 -0.139852 -0.967885 -0.764373 0.593996 -0.250806 98.2219 12.058 51.409 0.552118 0.707222 0.353892 -0.264127 1
-0.000260899 -0.000270491 -0.000707681 0.609913 0.792279 0.0173306 0.209042 -0.139753 -0.967869 -0.7644 0.593939 -0.250856 98.2163 12.0662 51.4137 0.55211 0.707199 0.353974 -0.264094 1
-0.000302049 -0.000185105 -0.000902783 0.609707 0.792451 0.0166902 0.20839 -0.139947 -0.967982 -0.764743 0.593663 -0.250466 98.2266 12.028 51.4357 0.552108 0.707128 0.35384 -0.264469 1
-0.000288679 -0.000136329 -0.00108981 0.609472 0.792642 0.016198 0.208044 -0.140185 -0.968022 -0.765024 0.593352 -0.250343 98.2401 12.0077 51.4567 0.552029 0.707107 0.353796 -0.26475 1
-0.000299713 -0.000233371 -0.00125223 0.607996 0.793781 0.0159153 0.208818 -0.140539 -0.967804 -0.765987 0.591744 -0.251203 98.2624 12.0531 51.5595 0.55142 0.70706 0.354495 -0.265208 1
-0.000264895 -0.00026914 -0.00140023 0.606202 0.795158 0.0155841 0.209114 -0.140454 -0.967752 -0.767327 0.589912 -0.251422 98.2579 12.0704 51.6907 0.550982 0.706767 0.355234 -0.265909 1
-0.000136923 -0.000406132 -0.00162677 0.604329 0.796581 0.0156576 0.210079 -0.140359 -0.967557 -0.768539 0.588012 -0.252168 98.2541 12.127 51.8208 0.550409 0.706551 0.356188 -0.266393 1
-0.000118939 -0.000492592 -0.00184076 0.60293 0.797641 0.01561 0.210074 -0.139856 -0.967631 -0.769639 0.586693 -0.251887 98.2243 12.1267 51.9251 0.55027 0.706165 0.356756 -0.266945 1
-0.00018702 -0.000491236 -0.00206612 0.601226 0.798937 0.015089 0.210311 -0.139993 -0.967559 -0.770906 0.584895 -0.252193 98.2328 12.1406 52.0495 0.549782 0.705941 0.357412 -0.267663 1
-0.000223524 -0.000535709 -0.00233471 0.599816 0.80001 0.0143111 0.210177 -0.140274 -0.967548 -0.77204 0.583359 -0.252282 98.2492 12.1327 52.1555 0.549377 0.705757 0.357838 -0.26841 1
-0.00029091 -0.000547521 -0.00232724 0.598168 0.801248 0.014044 0.21054 -0.14022 -0.967477 -0.773219 0.58167 -0.25257 98.2467 12.154 52.2742 0.548949 0.705506 0.358532 -0.269018 1
-0.000351516 -0.000483633 -0.00234121 0.596382 0.802592 0.0132084 0.211282 -0.14108 -0.96719 -0.774396 0.579605 -0.253711 98.299 12.1975 52.3992 0.548085 0.705545 0.359252 -0.269716 1
-0.000498734 -0.00049548 -0.00232283 0.595106 0.803533 0.0135019 0.212235 -0.140935 -0.967002 -0.775116 0.578335 -0.25441 98.2922 12.2534 52.4842 0.547668 0.705417 0.359989 -0.269916 1
-0.00053812 -0.000555238 -0.00219949 0.59436 0.804055 0.0152268 0.213365 -0.139408 -0.966975 -0.775378 0.57798 -0.254416 98.2038 12.3197 52.5283 0.547845 0.705015 0.36078 -0.269551 1
-0.000656829 -0.00061233 -0.00216481 0.59323 0.804877 0.015877 0.214026 -0.138672 -0.966935 -0.776062 0.577012 -0.254529 98.1614 12.3584 52.6053 0.547729 0.704704 0.361465 -0.269682 1
-0.000680685 -0.000615085 -0.00196375 0.593547 0.804638 0.0161262 0.214414 -0.138787 -0.966832 -0.775712 0.577318 -0.254902 98.1689 12.3811 52.5781 0.54769 0.704847 0.361444 -0.269415 1
-0.000587068 -0.000673628 -0.00173273 0.593931 0.804341 0.0167607 0.215067 -0.138663 -0.966705 -0.775237 0.577761 -0.255344 98.1628 12.4195 52.5432 0.547705 0.704971 0.361507 -0.268974 1
-0.000486958 -0.000549637 -0.00145176 0.594681 0.803792 0.0165371 0.215256 -0.13937 -0.966561 -0.774609 0.578355 -0.255902 98.205 12.4305 52.4859 0.547588 0.705328 0.361196 -0.268695 1
-0.000383392 -0.000482276 -0.00128829 0.595031 0.80355 0.0156723 0.215238 -0.140536 -0.966397 -0.774345 0.578409 -0.256578 98.2741 12.4295 52.4602 0.547247 0.705717 0.360905 -0.26876 1
-0.000416882 -0.000494603 -0.00116509 0.595408 0.803281 0.0151144 0.215563 -0.1416 -0.966169 -0.773965 0.578523 -0.257468 98.3378 12.4486 52.4291 0.546887 0.70613 0.360714 -0.268665 1
-0.000432723 -0.000500736 -0.00121004 0.595799 0.803004 0.0144321 0.215837 -0.142783 -0.965933 -0.773587 0.578617 -0.258388 98.4085 12.4646 52.3974 0.546495 0.706571 0.360488 -0.268605 1
-0.000457553 -0.00045977 -0.00119422 0.594943 0.803639 0.0143979 0.216715 -0.143135 -0.965685 -0.774001 0.577647 -0.259318 98.4311 12.5162 52.452 0.546006 0.706646 0.360985 -0.268735 1
-0.000517202 -0.000535824 -0.00112483 0.593691 0.804578 0.013594 0.217826 -0.144423 -0.965243 -0.77465 0.576017 -0.261001 98.5097 12.5814 52.5335 0.545038 0.70695 0.361554 -0.269134 1
-0.000620167 -0.000581814 -0.00111897 0.592387 0.805551 0.0128374 0.219239 -0.145851 -0.964708 -0.775249 0.574295 -0.263009 98.5972 12.6644 52.6156 0.54395 0.707327 0.362205 -0.269469 1
-0.000774394 -0.000493242 -0.00103394 0.590546 0.806912 0.0122224 0.220088 -0.146465 -0.964422 -0.776413 0.572225 -0.264086 98.6354 12.7142 52.7431 0.543138 0.707301 0.363 -0.270108 1
-0.000860968 -0.000485667 -0.000851782 0.588989 0.808059 0.0115632 0.220626 -0.147015 -0.964215 -0.777442 0.570463 -0.264869 98.6692 12.7458 52.8525 0.542472 0.707261 0.363616 -0.27072 1
-0.000941186 -0.000492375 -0.0005821 0.588095 0.808695 0.0125016 0.221293 -0.146022 -0.964213 -0.777929 0.569815 -0.264833 98.6115 12.785 52.9116 0.542503 0.706921 0.364251 -0.270691 1
-0.00114333 -0.000386194 -0.000371832 0.587162 0.80937 0.0126659 0.220667 -0.14499 -0.964512 -0.778811 0.56912 -0.263734 98.549 12.7482 52.9866 0.542779 0.706379 0.364548 -0.271152 1
-0.0013203 -0.00023371 -0.000118092 0.585274 0.810733 0.0128768 0.221112 -0.144303 -0.964513 -0.780105 0.567352 -0.263719 98.509 12.7743 53.1209 0.542506 0.705921 0.365425 -0.271712 1
-0.00136204 -3.03016e-05 0.000115373 0.583989 0.811629 0.0146907 0.221423 -0.141857 -0.964805 -0.780979 0.566688 -0.262556 98.3644 12.7927 53.2122 0.543041 0.705054 0.366303 -0.271713 1
-0.00143346 7.30892e-05 0.000401229 0.582883 0.812393 0.0162735 0.221849 -0.139844 -0.965001 -0.781684 0.566093 -0.261741 98.2457 12.8177 53.289 0.543438 0.704356 0.367088 -0.271671 1
-0.00163181 0.00012035 0.000697626 0.582549 0.812624 0.0166889 0.222189 -0.139464 -0.964978 -0.781837 0.565855 -0.261801 98.2237 12.8376 53.3101 0.543435 0.704239 0.367351 -0.271622 1
-0.00178232 0.000114286 0.000868799 0.58287 0.812414 0.0156916 0.221808 -0.1405 -0.964915 -0.781706 0.565901 -0.262093 98.2845 12.8152 53.2904 0.543203 0.704532 0.366989 -0.271816 1
-0.00189743 -1.74332e-05 0.00112583 0.582404 0.812771 0.0144496 0.221775 -0.141765 -0.964738 -0.782062 0.565072 -0.262817 98.3596 12.8133 53.3248 0.542638 0.704803 0.366963 -0.272279 1
-0.00200769 -2.88086e-05 0.00132088 0.582288 0.812868 0.0136361 0.221895 -0.142771 -0.964562 -0.782114 0.564679 -0.263505 98.4196 12.8203 53.3321 0.542221 0.705082 0.366894 -0.272478 1
-0.00215746 -0.000159105 0.00155721 0.583269 0.812169 0.0133676 0.223559 -0.144687 -0.963892 -0.780909 0.565197 -0.265959 98.5367 12.9181 53.2436 0.541439 0.70603 0.366744 -0.271781 1
-0.0023101 -0.000175612 0.00176516 0.583679 0.811877 0.0132485 0.22464 -0.145777 -0.963476 -0.780292 0.565337 -0.267467 98.6038 12.9817 53.2026 0.540933 0.706563 0.366746 -0.2714 1
-0.00232709 -0.000254921 0.00187878 0.583646 0.811923 0.0117682 0.224934 -0.147733 -0.963109 -0.780232 0.564762 -0.268853 98.7207 12.999 53.202 0.540153 0.707148 0.366563 -0.271677 1
-0.00224598 -0.000269341 0.00205404 0.584014 0.811669 0.0110497 0.224858 -0.148681 -0.962981 -0.779979 0.564879 -0.269342 98.777 12.9945 53.1757 0.539905 0.707467 0.366281 -0.271719 1
-0.00212266 -0.000310006 0.00219568 0.584602 0.811238 0.0115364 0.224843 -0.148333 -0.963038 -0.779543 0.565588 -0.269117 98.7562 12.9936 53.1327 0.540174 0.707469 0.366122 -0.271392 1
-0.00205757 -0.000285797 0.00228458 0.584824 0.811069 0.0121623 0.224268