-0.000193015 -0.000112324 -7.46305e-05 0.610312 0.791941 0.0186943 0.21036 -0.139272 -0.967653 -0.76372 0.594502 -0.251592 98.1902 12.1434 51.3706 0.552143 0.707315 0.354263 -0.263329 0
-0.000428221 -0.000234162 -0.000195609 0.610965 0.791431 0.0189416 0.209356 -0.138451 -0.967988 -0.763474 0.595372 -0.25028 98.1398 12.0846 51.3317 0.552774 0.707053 0.353859 -0.263252 0
-0.000789724 -0.000269444 -0.000296429 0.61146 0.791037 0.0194251 0.208653 -0.137508 -0.968275 -0.76327 0.596114 -0.249133 98.0827 12.0434 51.3016 0.553358 0.706771 0.353612 -0.263114 0
-0.00107507 -0.000205937 -0.000378376 0.611767 0.79077 0.0206189 0.209386 -0.136742 -0.968225 -0.762823 0.596645 -0.249231 98.0387 12.0864 51.2712 0.553578 0.706707 0.353808 -0.262557 0
-0.00140541 -0.000193766 -0.000488903 0.611554 0.790911 0.0215038 0.209842 -0.13593 -0.96824 -0.762869 0.596643 -0.249095 97.9915 12.1131 51.2826 0.553744 0.706502 0.354123 -0.262337 0
-0.00152049 -0.000192794 -0.00044986 0.611759 0.790701 0.0233019 0.210847 -0.134597 -0.968208 -0.762427 0.597223 -0.249058 97.9144 12.172 51.257 0.554099 0.706296 0.354507 -0.26162 0
-0.00153343 -0.000361081 -0.000442869 0.612052 0.790401 0.0256684 0.211903 -0.132644 -0.968247 -0.761899 0.598057 -0.248673 97.8006 12.2339 51.2242 0.554692 0.705934 0.354957 -0.260729 0
-0.00144487 -0.000459423 -0.000383014 0.612275 0.790141 0.0282276 0.21329 -0.130688 -0.968209 -0.761332 0.598831 -0.248546 97.6873 12.3152 51.1932 0.555212 0.705604 0.355522 -0.259744 0
-0.00137899 -0.000527417 -0.00030585 0.612666 0.789746 0.0307073 0.215544 -0.129581 -0.967858 -0.760383 0.599592 -0.249615 97.6257 12.4475 51.1405 0.555308 0.705667 0.356149 -0.258506 0
-0.00142185 -0.000684563 -0.000171248 0.613073 0.789344 0.0328192 0.217173 -0.128443 -0.967646 -0.75959 0.600365 -0.250169 97.5611 12.543 51.0926 0.555532 0.705635 0.3566 -0.257488 0
-0.00155151 -0.000817329 1.53228e-05 0.613855 0.788646 0.0349224 0.218319 -0.127086 -0.967567 -0.75863 0.60157 -0.250189 97.4828 12.6103 51.0215 0.556008 0.705537 0.356808 -0.256439 0
-0.00150816 -0.000922824 0.00018874 0.614025 0.788421 0.0369538 0.218523 -0.124824 -0.967815 -0.758433 0.602338 -0.248934 97.3492 12.6223 51.0065 0.556836 0.704944 0.357101 -0.255864 0
-0.00148058 -0.00107424 0.000290207 0.614507 0.787971 0.038506 0.219252 -0.123692 -0.967796 -0.757833 0.60316 -0.248774 97.2834 12.6651 50.9623 0.557235 0.7048 0.357273 -0.255153 0
-0.00143443 -0.00118045 0.000295365 0.614188 0.788161 0.0397049 0.220368 -0.122979 -0.967633 -0.757768 0.603058 -0.249217 97.243 12.7306 50.9745 0.557223 0.704696 0.357789 -0.254742 0
-0.00150412 -0.00120235 0.000346458 0.614428 0.787908 0.0409799 0.221773 -0.12263 -0.967357 -0.757162 0.60346 -0.250084 97.2248 12.8132 50.9411 0.557161 0.70483 0.358129 -0.254027 0
-0.0015303 -0.00121173 0.000358297 0.613996 0.788158 0.0426188 0.223575 -0.121879 -0.967037 -0.756983 0.603285 -0.251045 97.1833 12.9191 50.9542 0.557017 0.704791 0.358877 -0.253396 0
-0.00164232 -0.00116886 0.000557482 0.61363 0.788357 0.0441768 0.225601 -0.121434 -0.966622 -0.756679 0.603114 -0.252369 97.1604 13.0382 50.9596 0.556738 0.704882 0.35962 -0.252703 0
-0.00175248 -0.00106424 0.000698271 0.612987 0.788761 0.0458478 0.227089 -0.120309 -0.966414 -0.756754 0.602811 -0.252867 97.0962 13.1258 50.9918 0.556734 0.704656 0.360406 -0.252217 0
-0.00197847 -0.0010706 0.000842451 0.611496 0.789813 0.0476261 0.228909 -0.118969 -0.966151 -0.757413 0.601699 -0.253544 97.0199 13.2329 51.0844 0.556548 0.704274 0.361621 -0.251957 0
-0.0019805 -0.001038 0.000958435 0.610648 0.790375 0.0491588 0.231113 -0.118497 -0.965684 -0.757427 0.601054 -0.255026 96.9957 13.3626 51.1238 0.55613 0.704303 0.362588 -0.251408 0
-0.00193511 -0.00116199 0.000934183 0.610206 0.790639 0.0503875 0.232132 -0.117623 -0.965546 -0.757471 0.600879 -0.255307 96.9456 13.4226 51.1457 0.556165 0.704119 0.363138 -0.251053 0
-0.00189969 -0.00128117 0.00106108 0.609638 0.791 0.0515697 0.233173 -0.116771 -0.965399 -0.757609 0.600569 -0.255627 96.8968 13.4839 51.1768 0.556156 0.703924 0.363737 -0.250751 0
-0.00182787 -0.0014327 0.00114141 0.608815 0.791552 0.0528181 0.234145 -0.115679 -0.965295 -0.757972 0.600053 -0.255765 96.8336 13.5412 51.228 0.556186 0.703608 0.364442 -0.250549 0
-0.00175377 -0.00154555 0.00131501 0.608288 0.791813 0.0549372 0.23513 -0.113658 -0.965296 -0.75809 0.600095 -0.255315 96.7153 13.5993 51.2566 0.556623 0.703076 0.365161 -0.250027 0
-0.00165436 -0.00165058 0.00147636 0.608027 0.791936 0.0560482 0.235082 -0.112159 -0.965483 -0.758314 0.600215 -0.254366 96.6263 13.5965 51.2769 0.557113 0.702594 0.365438 -0.249883 0
-0.00159883 -0.00185858 0.00161137 0.607886 0.792014 0.0564684 0.235116 -0.111616 -0.965537 -0.758416 0.600213 -0.254065 96.5941 13.5985 51.2871 0.557271 0.702418 0.365569 -0.249833 0
-0.00143614 -0.00201391 0.00171446 0.608065 0.791913 0.0559524 0.233654 -0.111161 -0.965945 -0.758725 0.600431 -0.252627 96.5647 13.5123 51.2903 0.557736 0.702113 0.365171 -0.250235 0
-0.00122085 -0.0022319 0.00171303 0.607887 0.792154 0.0544559 0.232085 -0.111674 -0.966264 -0.759349 0.600017 -0.251732 96.5926 13.4199 51.3214 0.557781 0.702014 0.364751 -0.251025 0
-0.00103438 -0.00218477 0.00165687 0.607939 0.792253 0.0524012 0.230703 -0.11311 -0.966427 -0.759728 0.599618 -0.251539 96.6755 13.3385 51.333 0.557514 0.702244 0.364174 -0.251809 0
-0.0010413 -0.00222308 0.00158968 0.608077 0.792246 0.0508675 0.22934 -0.113961 -0.966652 -0.76003 0.599465 -0.250991 96.7237 13.2582 51.3377 0.557477 0.702323 0.363646 -0.252434 0
-0.000989395 -0.00222782 0.00154095 0.608388 0.7921 0.0494111 0.227988 -0.114797 -0.966873 -0.760188 0.599499 -0.25043 96.7711 13.1786 51.3293 0.557486 0.702427 0.363058 -0.252972 0
-0.000829089 -0.00211656 0.00164037 0.608979 0.791675 0.0489366 0.226916 -0.114768 -0.967128 -0.760035 0.600065 -0.249535 96.7676 13.1156 51.2965 0.557825 0.702368 0.362556 -0.253108 0
-0.000723586 -0.00215038 0.00168074 0.610332 0.790595 0.0495428 0.226542 -0.114274 -0.967275 -0.759061 0.601582 -0.248848 96.7377 13.0936 51.1986 0.558393 0.702398 0.362023 -0.252534 0
-0.000761452 -0.0022122 0.00177921 0.611402 0.789791 0.0491721 0.2264 -0.115044 -0.967217 -0.758242 0.60249 -0.249147 96.7831 13.0852 51.1194 0.558393 0.702779 0.36149 -0.252238 0
-0.000828948 -0.00221829 0.00195032 0.611745 0.789546 0.0488449 0.227269 -0.116275 -0.966866 -0.757705 0.602576 -0.25057 96.8574 13.1363 51.0838 0.557876 0.703312 0.361438 -0.251972 0
-0.000869444 -0.00226198 0.0021817 0.612849 0.788664 0.04925 0.228324 -0.117067 -0.966521 -0.756495 0.603576 -0.251815 96.9061 13.1984 50.9885 0.557666 0.70387 0.361213 -0.251199 0
-0.0009826 -0.00222156 0.00236408 0.613133 0.788354 0.0506588 0.230409 -0.117122 -0.96602 -0.755632 0.603971 -0.253455 96.9129 13.3211 50.9435 0.55735 0.704221 0.361663 -0.250267 0
-0.00107229 -0.0022434 0.00246737 0.61362 0.787915 0.0515853 0.232746 -0.118059 -0.965345 -0.754519 0.604362 -0.255827 96.9725 13.4588 50.8799 0.556717 0.704895 0.36199 -0.249305 0
-0.00122385 -0.00239148 0.00235363 0.614418 0.787226 0.0525876 0.234286 -0.118398 -0.964931 -0.753392 0.605192 -0.257182 96.9953 13.5495 50.8015 0.556515 0.705337 0.362065 -0.248394 0
-0.00142797 -0.00265181 0.00224361 0.615608 0.78624 0.0534188 0.235607 -0.118942 -0.964542 -0.752008 0.606365 -0.258466 97.0299 13.6274 50.6956 0.556372 0.705871 0.36191 -0.247421 0
-0.00159194 -0.0029684 0.00218378 0.617017 0.785149 0.0532002 0.23567 -0.119857 -0.964414 -0.750832 0.607597 -0.25899 97.0844 13.6311 50.5874 0.556365 0.706375 0.361288 -0.246906 0
-0.0016788 -0.00331687 0.00210159 0.617434 0.784778 0.0538391 0.236583 -0.119988 -0.964174 -0.750202 0.608051 -0.25975 97.0938 13.685 50.5448 0.556259 0.706607 0.361361 -0.246376 0
-0.00169925 -0.00367173 0.00208704 0.617873 0.784429 0.0538964 0.236959 -0.12041 -0.964029 -0.749722 0.608418 -0.260275 97.1195 13.7071 50.5069 0.556145 0.706852 0.361245 -0.2461 0
-0.00178544 -0.0039888 0.00212825 0.618753 0.783739 0.053836 0.237254 -0.1211 -0.96387 -0.748903 0.60917 -0.260876 97.1611 13.7245 50.4361 0.556052 0.707236 0.36091 -0.245698 0
-0.00175864 -0.0041934 0.00223816 0.6191 0.783429 0.0543616 0.238606 -0.121703 -0.96346 -0.748186 0.609449 -0.262277 97.1994 13.8043 50.3934 0.55568 0.707651 0.361066 -0.245115 0
-0.00176956 -0.00425246 0.0023566 0.619428 0.783133 0.0548838 0.239459 -0.121898 -0.963224 -0.747642 0.60979 -0.263035 97.2125 13.8546 50.358 0.555539 0.707877 0.361147 -0.244661 0
-0.00183333 -0.00427614 0.00227594 0.619692 0.782918 0.0549577 0.239165 -0.121681 -0.963324 -0.747517 0.610108 -0.262652 97.1991 13.8373 50.3412 0.555734 0.707818 0.360998 -0.244611 0
-0.00197789 -0.00426244 0.00231991 0.620306 0.782416 0.0551805 0.2385 -0.121129 -0.963559 -0.74722 0.610862 -0.261744 97.1651 13.798 50.3022 0.5562 0.707669 0.360662 -0.244479 0
-0.002102 -0.00426141 0.0023328 0.620812 0.782013 0.0552154 0.237921 -0.120831 -0.963739 -0.746984 0.611438 -0.261071 97.1463 13.7639 50.2703 0.556532 0.707586 0.360357 -0.244412 0
-0.00217173 -0.00444124 0.00236194 0.621954 0.781144 0.0546487 0.237206 -0.121436 -0.96384 -0.746261 0.612427 -0.260819 97.1809 13.7217 50.1913 0.556709 0.707851 0.359663 -0.244265 0
-0.002329 -0.0045335 0.00245582 0.622343 0.780805 0.0550759 0.237077 -0.12097 -0.96393 -0.745979 0.612952 -0.260395 97.153 13.7141 50.163 0.556996 0.707762 0.359542 -0.244045 0
-0.00246326 -0.00452594 0.00240148 0.623525 0.779788 0.0561055 0.236922 -0.120079 -0.964079 -0.74504 0.61442 -0.259621 97.0998 13.7049 50.074 0.557634 0.707677 0.359172 -0.243379 0
-0.00253371 -0.00457906 0.00232003 0.624225 0.779154 0.0571163 0.238349 -0.12031 -0.963699 -0.743998 0.615179 -0.260811 97.1161 13.7891 50.0029 0.557473 0.708051 0.359262 -0.242525 0
-0.00257336 -0.00461766 0.00209489 0.624891 0.778595 0.0574475 0.238698 -0.120479 -0.963591 -0.743326 0.615852 -0.261136 97.1268 13.8097 49.9473 0.557512 0.708256 0.359084 -0.242101 0
-0.00273651 -0.00459466 0.00203 0.625322 0.77824 0.0575781 0.239141 -0.120872 -0.963432 -0.742821 0.616225 -0.261693 97.151 13.8358 49.9086 0.557395 0.7085 0.358991 -0.241794 0
-0.00293699 -0.00462405 0.00200337 0.625684 0.77792 0.0579584 0.239762 -0.121075 -0.963252 -0.742316 0.616588 -0.26227 97.1641 13.8725 49.8731 0.557301 0.708701 0.358996 -0.241413 0
-0.00303806 -0.00455914 0.00201708 0.625859 0.777758 0.0582419 0.240313 -0.121259 -0.963092 -0.74199 0.616756 -0.262796 97.1761 13.905 49.8528 0.557181 0.708857 0.359054 -0.241145 0
-0.00312221 -0.00461358 0.00202739 0.626858 0.776993 0.0577145 0.240168 -0.12223 -0.963005 -0.741194 0.617528 -0.26323 97.2336 13.8965 49.7775 0.55709 0.709281 0.358519 -0.240906 0
-0.00327748 -0.004536 0.00197601 0.628064 0.776058 0.0571847 0.239425 -0.122798 -0.963118 -0.740413 0.618591 -0.262933 97.266 13.8526 49.6933 0.5573 0.709541 0.357796 -0.240729 0
-0.00335381 -0.00453623 0.00181654 0.628088 0.776059 0.0569083 0.23831 -0.122221 -0.963468 -0.740752 0.618704 -0.261708 97.2296 13.7868 49.7052 0.557709 0.709228 0.357561 -0.241052 0
-0.00337395 -0.00446877 0.00167213 0.628423 0.77581 0.0565978 0.238083 -0.122564 -0.96348 -0.740541 0.618949 -0.261729 97.2496 13.7734 49.682 0.557703 0.709351 0.357331 -0.241045 0
-0.00327071 -0.00448095 0.00155142 0.62878 0.775555 0.0561212 0.237739 -0.123024 -0.963507 -0.740349 0.619176 -0.261735 97.2764 13.7531 49.6587 0.557678 0.709496 0.357047 -0.241096 0
-0.0032324 -0.00441859 0.0013749 0.629896 0.77471 0.0552705 0.236659 -0.123668 -0.96369 -0.739745 0.620105 -0.26124 97.3127 13.6894 49.5855 0.557895 0.709719 0.356257 -0.241108 0
-0.00313488 -0.00438491 0.00127752 0.630308 0.774432 0.0544677 0.235841 -0.124162 -0.963827 -0.739655 0.620354 -0.260904 97.3406 13.6412 49.5635 0.557952 0.709819 0.35582 -0.241325 0
-0.00306865 -0.00429161 0.00106048 0.630774 0.774118 0.0535282 0.234797 -0.12466 -0.964018 -0.739591 0.620645 -0.260393 97.3682 13.5796 49.5402 0.558059 0.709899 0.355302 -0.241606 0
-0.00315311 -0.00422475 0.000894206 0.630335 0.774577 0.05204 0.23308 -0.124882 -0.964406 -0.740507 0.620028 -0.259256 97.3783 13.4785 49.5949 0.558166 0.709661 0.354978 -0.242534 0
-0.00321344 -0.00421475 0.000887733 0.62987 0.775103 0.0497789 0.231321 -0.126024 -0.96468 -0.741454 0.619139 -0.258677 97.4429 13.3749 49.6519 0.557936 0.709678 0.354536 -0.243658 0
-0.00333559 -0.00419626 0.000767755 0.629693 0.775363 0.0479482 0.230133 -0.127233 -0.964806 -0.741975 0.618566 -0.258554 97.5125 13.3049 49.6797 0.557652 0.709838 0.354129 -0.244431 0
-0.00362449 -0.00422952 0.000600273 0.629912 0.775266 0.0466265 0.22929 -0.128271 -0.964869 -0.742049 0.618474 -0.25856 97.5726 13.2553 49.6727 0.557468 0.71006 0.353687 -0.244846 0
-0.00384389 -0.00418435 0.000621655 0.629818 0.775112 0.0503074 0.233233 -0.12694 -0.9641 -0.740899 0.618941 -0.260731 97.5008 13.4875 49.633 0.557258 0.710192 0.354955 -0.2431 0
-0.00396389 -0.00425508 0.000711518 0.629764 0.77522 0.0493052 0.23296 -0.127935 -0.964034 -0.741031 0.618601 -0.261164 97.5594 13.4714 49.6405 0.556926 0.710434 0.354776 -0.243417 0
-0.004134 -0.00432404 0.000842896 0.630601 0.774635 0.0477778 0.231978 -0.129382 -0.964078 -0.740627 0.619032 -0.261287 97.6436 13.4135 49.5876 0.556761 0.710857 0.354014 -0.243667 0
-0.00421822 -0.00436113 0.000987528 0.633211 0.772228 0.0520362 0.234636 -0.127459 -0.963691 -0.737557 0.622429 -0.261901 97.5343 13.5702 49.3531 0.55764 0.711086 0.353989 -0.241012 0
-0.00423937 -0.00442822 0.00114606 0.633629 0.771929 0.0513855 0.23303 -0.1271 -0.964128 -0.737707 0.622874 -0.260417 97.5099 13.4755 49.3402 0.558147 0.710835 0.353443 -0.241379 0
-0.00420613 -0.00446259 0.00135061 0.634194 0.771528 0.0504366 0.230896 -0.126732 -0.96469 -0.737893 0.623445 -0.258515 97.4841 13.3498 49.3221 0.558781 0.710535 0.3527 -0.24188 0
-0.0041024 -0.00450778 0.00160505 0.638078 0.768571 0.0464194 0.227548 -0.130632 -0.964965 -0.73558 0.626286 -0.25824 97.7095 13.1527 49.06 0.558839 0.711855 0.349832 -0.24203 0
-0.00399758 -0.0045566 0.00192422 0.637431 0.769486 0.0396467 0.223851 -0.135708 -0.965129 -0.737273 0.624078 -0.258755 98.004 12.9353 49.154 0.557442 0.712723 0.348431 -0.244705 0
-0.00395859 -0.00458074 0.00211528 0.636055 0.770745 0.0372338 0.223109 -0.137499 -0.965047 -0.738686 0.62213 -0.259417 98.1089 12.8917 49.2695 0.556583 0.712912 0.348519 -0.245981 0
-0.00387946 -0.00461766 0.00219128 0.633989 0.772528 0.0354749 0.22232 -0.138131 -0.965139 -0.740697 0.619774 -0.259322 98.1449 12.8454 49.4386 0.555998 0.712643 0.348999 -0.247397 0
-0.00392532 -0.00452708 0.00230826 0.632017 0.774247 0.0331173 0.221906 -0.139865 -0.964985 -0.742504 0.617235 -0.260207 98.2471 12.821 49.5957 0.554965 0.712757 0.349401 -0.248818 0
-0.00408136 -0.00453772 0.00233365 0.632688 0.773663 0.0339321 0.225598 -0.142219 -0.963784 -0.740818 0.617429 -0.264517 98.3942 13.0381 49.5014 0.553613 0.714042 0.349861 -0.247495 0
-0.00412356 -0.0045968 0.00245129 0.632612 0.773788 0.0324533 0.225202 -0.143698 -0.963657 -0.741003 0.61693 -0.265164 98.4813 13.0148 49.5118 0.553116 0.714401 0.34959 -0.247953 0
-0.00428142 -0.00452155 0.00256473 0.632708 0.773768 0.0310487 0.224873 -0.145216 -0.963506 -0.741021 0.6166 -0.265879 98.5709 12.9954 49.5082 0.552633 0.714808 0.349269 -0.248309 0
-0.00448919 -0.00445851 0.00273436 0.632868 0.773704 0.0293348 0.224141 -0.146813 -0.963435 -0.741107 0.616302 -0.266332 98.6644 12.9524 49.5044 0.552205 0.715194 0.348802 -0.248804 0
-0.00458253 -0.00438582 0.00288928 0.632734 0.773854 0.0282407 0.223603 -0.147668 -0.963429 -0.741383 0.61591 -0.266471 98.7141 12.9208 49.5208 0.55195 0.715345 0.348593 -0.24923 0
-0.00451037 -0.00423368 0.00299979 0.631138 0.775306 0.0237769 0.217799 -0.147712 -0.964751 -0.744465 0.61407 -0.262088 98.7049 12.5798 49.7096 0.552571 0.714307 0.347576 -0.252233 0
-0.00441511 -0.00405645 0.00312023 0.63088 0.775561 0.022254 0.216549 -0.148465 -0.964917 -0.745048 0.613566 -0.26161 98.7471 12.5064 49.7433 0.55245 0.71431 0.347227 -0.252969 0
-0.00448609 -0.00399171 0.00316458 0.631509 0.775051 0.0221938 0.216476 -0.148754 -0.964889 -0.744537 0.61414 -0.26172 98.7641 12.5022 49.6957 0.552502 0.71449 0.346936 -0.252748 0
-0.00448186 -0.00391094 0.00286261 0.633806 0.773148 0.0230821 0.215956 -0.148223 -0.965087 -0.742733 0.616662 -0.260911 98.7315 12.4716 49.5245 0.553325 0.714657 0.346006 -0.251747 0
-0.0857903 -0.0602141 0.340119 -0.906944 -0.191151 -0.375386 0.407618 -0.173345 -0.896549 0.106305 -0.966133 0.235131 100.943 24.0553 -173.315 0.19675 -0.0884174 -0.61206 0.760825 0
-0.0847098 -0.0609744 0.339883 -0.916939 -0.166635 -0.362567 0.390705 -0.190329 -0.900625 0.0810686 -0.967475 0.239626 101.933 22.9984 -174.947 0.181905 -0.0918755 -0.60971 0.765979 0
-0.0845535 -0.0693916 0.342711 -0.937006 -0.102939 -0.333802 0.347396 -0.174602 -0.92132 0.0365574 -0.979243 0.199363 100.731 20.3281 -177.766 0.148118 -0.0977659 -0.625108 0.760094 0
-0.0838942 -0.0732178 0.343676 -0.95305 -0.0389711 -0.300293 0.30212 -0.189359 -0.934273 -0.0204535 -0.981134 0.192242 101.458 17.585 178.771 0.111617 -0.104959 -0.626787 0.763978 0
-0.0790612 -0.0734794 0.345051 -0.959029 0.0217455 -0.282473 0.27235 -0.203859 -0.940355 -0.0780331 -0.978759 0.189584 102.232 15.8042 175.348 0.0816954 -0.117522 -0.625617 0.766888 0
-0.0779249 -0.0750047 0.345952 -0.959422 0.0678927 -0.273677 0.253803 -0.214942 -0.943072 -0.122852 -0.974264 0.188989 102.839 14.7027 172.703 0.0604657 -0.128968 -0.623597 0.76866 0
-0.0741393 -0.077519 0.348882 -0.939147 0.125286 -0.319855 0.295573 -0.179746 -0.938258 -0.175043 -0.975702 0.131777 100.845 17.1919 169.442 0.056754 -0.164941 -0.637892 0.750112 0
-0.0723678 -0.0771985 0.349582 -0.920399 0.190523 -0.341419 0.306456 -0.190735 -0.93258 -0.242799 -0.962975 0.117166 101.559 17.8458 165.222 0.0388319 -0.195685 -0.634921 0.746375 0
-0.0681107 -0.0748034 0.350891 -0.899004 0.2465 -0.361979 0.343374 -0.116272 -0.931974 -0.27182 -0.962143 0.0198876 97.1114 20.0825 163.177 0.0339528 -0.222138 -0.663861 0.713296 0
-0.0653888 -0.0726385 0.351082 -0.88625 0.27737 -0.37098 0.363209 -0.0809196 -0.928187 -0.287471 -0.957349 -0.0290283 94.9825 21.2974 162.029 0.0308292 -0.236483 -0.677193 0.696086 0
-0.058739 -0.0704722 0.35536 -0.849705 0.354281 -0.390495 0.408695 -0.0253641 -0.912319 -0.333122 -0.934795 -0.123241 91.5925 24.1229 158.593 0.0205557 -0.273359 -0.697779 0.661783 0
-0.0556538 -0.0668436 0.358231 -0.823771 0.409937 -0.391602 0.447776 0.046827 -0.892919 -0.347703 -0.910911 -0.222135 86.998 26.6011 157.116 0.0151729 -0.296453 -0.723314 0.62346 0
-0.0522895 -0.0678486 0.364525 -0.819789 0.441763 -0.364405 0.458323 0.124613 -0.880007 -0.343345 -0.888435 -0.304626 81.9403 27.2789 157.275 0.00702144 -0.300093 -0.749838 0.589608 0
-0.0511173 -0.0666541 0.368684 -0.831384 0.450011 -0.326023 0.452231 0.206961 -0.867556 -0.322936 -0.86871 -0.375573 76.5825 26.8869 158.772 0.000993535 -0.290357 -0.77684 0.55876 0
-0.0507773 -0.0665701 0.372848 -0.853101 0.413517 -0.318155 0.452075 0.281422 -0.846422 -0.260474 -0.865913 -0.427022 71.6089 26.8769 163.021 0.0180197 -0.270416 -0.800241 0.534943 0
-0.0505275 -0.0671273 0.375642 -0.859479 0.423949 -0.285592 0.445031 0.345727 -0.826087 -0.251482 -0.837102 -0.485816 67.2901 26.4253 163.691 0.0103966 -0.264863 -0.820217 0.506936 0
-0.051456 -0.0665847 0.378092 -0.879492 0.404037 -0.25149 0.428032 0.440542 -0.78912 -0.208042 -0.801671 -0.560395 60.8267 25.3428 166.691 0.0128 -0.245133 -0.848591 0.468656 0
-0.0521265 -0.0675127 0.378731 -0.893605 0.381746 -0.236093 0.414048 0.497979 -0.761959 -0.173305 -0.778644 -0.603057 56.8333 24.4594 169.024 0.0181416 -0.229931 -0.865252 0.445132 0
-0.0525159 -0.0670141 0.379757 -0.890909 0.381918 -0.245806 0.425284 0.511522 -0.746644 -0.159421 -0.769729 -0.618143 55.5851 25.1687 169.855 0.0248521 -0.232224 -0.86899 0.436246 0
-0.0509263 -0.0667345 0.378256 -0.902637 0.376664 -0.208257 0.392213 0.520585 -0.758393 -0.177244 -0.766235 -0.617632 55.5331 23.0923 168.891 0.00889235 -0.220459 -0.871902 0.437156 0
-0.0497922 -0.0663094 0.378699 -0.902869 0.391735 -0.177119 0.380852 0.537673 -0.752236 -0.199445 -0.746627 -0.634641 54.4441 22.3865 167.543 0.00636584 0.220283 0.87681 -0.427363 0
-0.0516527 -0.0661208 0.382556 -0.904051 0.390404 -0.174004 0.383949 0.56287 -0.731956 -0.187817 -0.728534 -0.658758 52.4399 22.5785 168.264 0.00390664 0.218996 0.88398 -0.413044 0
-0.0519255 -0.0660593 0.383357 -0.923472 0.347504 -0.162605 0.351923 0.598431 -0.719743 -0.152806 -0.721887 -0.674929 50.2581 20.605 170.604 0.00274035 -0.195592 -0.893984 0.403148 0
-0.050923 -0.0646297 0.384832 -0.932884 0.311637 -0.180579 0.343855 0.621375 -0.704029 -0.107194 -0.718871 -0.686829 48.5684 20.1119 173.445 0.0203812 -0.18205 -0.900151 0.395183 0
-0.0514264 -0.0644631 0.382747 -0.947357 0.287617 -0.14068 0.297044 0.62554 -0.721432 -0.119496 -0.725242 -0.678045 49.0721 17.2802 172.811 0.00587461 -0.162132 -0.901518 0.401177 0
-0.0484924 -0.0657702 0.383322 -0.923748 0.360824 -0.128433 0.333066 0.591244 -0.734505 -0.189092 -0.721275 -0.666339 51.1675 19.455 168.431 0.0170044 0.194517 0.891814 -0.408095 0
-0.0490253 -0.0667221 0.383886 -0.911792 0.38835 -0.133493 0.350941 0.568078 -0.744398 -0.213253 -0.725584 -0.654256 52.6514 20.5449 166.836 0.0225266 0.208798 0.885173 -0.415168 0
-0.0488083 -0.066683 0.385293 -0.906183 0.406164 -0.117746 0.349871 0.563678 -0.748236 -0.237535 -0.719234 -0.652901 53.0077 20.4794 165.312 0.0338937 0.213916 0.883567 -0.415212 0
-0.0487736 -0.0659325 0.388131 -0.915317 0.381332 -0.12954 0.354472 0.610136 -0.708579 -0.191167 -0.694493 -0.693639 49.2692 20.7611 168.203 0.0171739 0.205053 0.897091 -0.391006 0
-0.0483538 -0.06759 0.384487 -0.898586 0.421301 -0.122671 0.365013 0.562528 -0.741841 -0.243532 -0.711385 -0.65926 52.8275 21.4084 164.836 0.03421 0.222568 0.883229 -0.411339 0
-0.047682 -0.0678249 0.385559 -0.893843 0.430122 -0.126647 0.376022 0.565218 -0.734259 -0.244238 -0.703934 -0.666952 52.4116 22.0875 164.717 0.0332543 0.227975 0.884027 -0.406717 0
-0.045245 -0.0665921 0.385875 -0.889038 0.454608 -0.0542613 0.344412 0.585989 -0.733483 -0.30165 -0.670782 -0.677539 51.3782 20.1459 161.258 0.0696656 0.225007 0.887773 -0.395446 0
-0.0450855 -0.067048 0.385648 -0.889749 0.453426 -0.0524491 0.340488 0.582784 -0.737855 -0.303996 -0.674364 -0.672918 51.6971 19.9066 161.136 0.0709166 0.223822 0.886771 -0.398135 0
-0.0455219 -0.0677324 0.385524 -0.891212 0.449558 -0.0603313 0.339122 0.572057 -0.746824 -0.301228 -0.686038 -0.662279 52.5484 19.8234 161.325 0.0681298 0.223053 0.883961 -0.405239 0
-0.0459894 -0.0669873 0.385576 -0.899364 0.431648 -0.0694595 0.33171 0.570199 -0.75156 -0.284803 -0.698966 -0.655998 52.8129 19.3726 162.428 0.060903 0.215891 0.883963 -0.410234 0
-0.0448644 -0.0672038 0.385161 -0.881941 0.461051 -0.0980454 0.368022 0.543562 -0.754388 -0.294517 -0.701408 -0.649066 54.226 21.5937 161.534 0.0560245 0.236413 0.876722 -0.415124 0
-0.0456467 -0.0692914 0.384454 -0.881446 0.459301 -0.109978 0.370071 0.527016 -0.76505 -0.293428 -0.71505 -0.634511 55.4384 21.72 161.588 0.0525819 0.237723 0.872206 -0.42424 0
-0.0480489 -0.0666679 0.384568 -0.942397 0.322409 -0.0891087 0.278281 0.607871 -0.743675 -0.185601 -0.725635 -0.662576 50.7379 16.1576 168.858 0.0269164 0.167562 0.89622 -0.409863 0
-0.0482392 -0.0685242 0.385932 -0.940254 0.324225 -0.103928 0.288432 0.596324 -0.749136 -0.180914 -0.734354 -0.654213 51.4797 16.7641 169.109 0.0215493 0.17149 0.893139 -0.415246 0
-0.0482905 -0.0682036 0.386252 -0.940493 0.323168 -0.105046 0.29007 0.602477 -0.74356 -0.177007 -0.729784 -0.660367 50.9835 16.8622 169.341 0.020103 0.171316 0.894893 -0.411598 0
-0.0481746 -0.06792 0.386215 -0.94927 0.300468 -0.0927693 0.268777 0.622109 -0.73535 -0.163236 -0.722979 -0.671308 49.7686 15.5915 170.243 0.019566 0.158058 0.900373 -0.404923 0
-0.0501873 -0.0690915 0.389198 -0.960565 0.273547 -0.0498756 0.21893 0.633457 -0.74216 -0.171422 -0.723812 -0.668364 49.5182 12.6462 169.882 0.0336468 0.136329 0.903104 -0.405815 0
-0.0498776 -0.0689082 0.387785 -0.966083 0.252928 -0.0520715 0.206154 0.633972 -0.745372 -0.155514 -0.730826 -0.664612 49.6173 11.8971 170.855 0.0286253 0.12704 0.903419 -0.408503 0
-0.0500218 -0.0683953 0.384694 -0.971981 0.22839 -0.0555922 0.190443 0.626525 -0.755776 -0.137782 -0.745187 -0.652466 50.3419 10.9787 171.932 0.0227919 0.116146 0.901523 -0.41623 0
-0.0508968 -0.0682981 0.384429 -0.971686 0.236151 -0.0076133 0.158324 0.626856 -0.762879 -0.175382 -0.742485 -0.646496 50.5901 9.10961 169.769 0.0465664 0.109491 0.9007 -0.417832 0
-0.0511095 -0.0679277 0.385557 -0.972002 0.234638 0.0125423 0.145302 0.642156 -0.752678 -0.184661 -0.729782 -0.65827 49.5305 8.35476 169.243 0.0545065 0.105015 0.904493 -0.409749