-0.000714953 -0.00126144 -0.00257938 0.610204 0.79199 0.020071 0.211771 -0.138646 -0.967435 -0.763416 0.594584 -0.252323 98.1557 12.2261 51.3644 0.552095 0.707314 0.354779 -0.262735 0
-0.00102384 -0.000676623 -0.00558404 0.610738 0.791577 0.020138 0.211295 -0.138409 -0.967573 -0.763121 0.595188 -0.251788 98.1408 12.1983 51.3292 0.552391 0.707272 0.354486 -0.262623 1
-0.00175352 -0.00209574 -0.00876443 0.611426 0.791031 0.0206913 0.211897 -0.138479 -0.967431 -0.762403 0.595897 -0.252287 98.1461 12.2335 51.2714 0.552417 0.707494 0.354394 -0.262091 1
-0.00276105 -0.00643293 -0.00964286 0.611392 0.791025 0.0218702 0.212674 -0.137632 -0.967382 -0.762213 0.596101 -0.252378 98.0973 12.2791 51.2659 0.552581 0.707355 0.354737 -0.261659 1
-0.00345329 -0.0110947 -0.00831025 0.610719 0.791512 0.0230202 0.213054 -0.136251 -0.967494 -0.762647 0.595772 -0.251846 98.0162 12.3014 51.3126 0.552861 0.706897 0.355273 -0.261575 1
-0.00340336 -0.0134398 -0.00542507 0.609809 0.792201 0.0234434 0.212836 -0.135197 -0.967689 -0.763435 0.595095 -0.251054 97.9534 12.2886 51.3832 0.553073 0.70641 0.355685 -0.261885 1
-0.00324399 -0.0150071 -0.00284143 0.608934 0.792867 0.0236875 0.212271 -0.134109 -0.967965 -0.764291 0.594455 -0.249966 97.888 12.2555 51.4546 0.553367 0.70587 0.355993 -0.262302 1
-0.00225152 -0.011937 -0.00125957 0.60853 0.793204 0.0227614 0.210802 -0.133937 -0.96831 -0.765018 0.594044 -0.248713 97.8752 12.1693 51.4997 0.553597 0.705546 0.355755 -0.263008 1
-0.0015344 -0.00708501 -0.00404396 0.609113 0.792787 0.0216966 0.208783 -0.1339 -0.968752 -0.765109 0.594609 -0.24708 97.8695 12.0511 51.4763 0.554106 0.705353 0.354989 -0.263489 1
-0.00089156 -0.0043213 -0.00418399 0.608918 0.792954 0.0210512 0.206825 -0.133091 -0.969283 -0.765795 0.594568 -0.245044 97.8183 11.9364 51.5102 0.554703 0.704814 0.354625 -0.264163 1
-0.000469384 -0.00359377 -0.00384396 0.608574 0.793222 0.020901 0.205606 -0.132194 -0.969665 -0.766397 0.594411 -0.243541 97.7633 11.865 51.5479 0.555166 0.704328 0.354532 -0.264613 1
0.000577757 -0.000969309 -0.00191169 0.608022 0.793665 0.0201193 0.204071 -0.131747 -0.970051 -0.767245 0.593918 -0.242069 97.7343 11.7751 51.6041 0.555474 0.703889 0.354366 -0.265356 1
0.00171579 0.000724871 0.00250615 0.607081 0.794404 0.0193516 0.203421 -0.131821 -0.970177 -0.768161 0.592913 -0.241625 97.7376 11.7371 51.6805 0.555346 0.703656 0.354515 -0.266043 1
0.00325138 0.00428662 0.00741461 0.606073 0.795204 0.0180694 0.202226 -0.132079 -0.970392 -0.769273 0.591782 -0.240861 97.7508 11.6672 51.7671 0.555233 0.703387 0.35451 -0.266995 1
0.00408951 0.0045663 0.0127456 0.604958 0.796063 0.0175753 0.202366 -0.132363 -0.970324 -0.770113 0.590562 -0.24117 97.7678 11.6753 51.8488 0.554848 0.703294 0.354912 -0.267505 1
0.00551585 0.0077528 0.0176734 0.603999 0.796817 0.0163633 0.201769 -0.133017 -0.970359 -0.771022 0.589398 -0.241115 97.8054 11.6404 51.9257 0.554497 0.70323 0.355 -0.268283 1
0.005412 0.00593541 0.0198753 0.603255 0.797373 0.0167626 0.201648 -0.132155 -0.970501 -0.771636 0.58884 -0.240512 97.7544 11.6333 51.9822 0.554659 0.702837 0.355353 -0.268509 1
0.00566779 0.00829143 0.019222 0.603423 0.797256 0.0162292 0.2011 -0.13245 -0.970575 -0.771647 0.588931 -0.240252 97.7709 11.6013 51.9748 0.554689 0.702874 0.355098 -0.268689 1
0.00501915 0.00758883 0.017278 0.603798 0.796965 0.0166008 0.201308 -0.132299 -0.970552 -0.7713 0.589359 -0.240317 97.7623 11.6135 51.945 0.554793 0.702925 0.355042 -0.268414 1
0.00547673 0.0117114 0.0158188 0.60426 0.796633 0.0156562 0.200414 -0.132942 -0.97065 -0.77117 0.589663 -0.239988 97.7988 11.5612 51.9191 0.554827 0.703063 0.354537 -0.268651 1
0.00622361 0.0174004 0.0130495 0.605247 0.795909 0.0143033 0.199682 -0.134405 -0.970599 -0.770586 0.590308 -0.240277 97.884 11.5184 51.8526 0.554654 0.70355 0.353774 -0.268738 1
0.00653892 0.0204006 0.0106085 0.605897 0.795426 0.0136531 0.199028 -0.134944 -0.970658 -0.770244 0.590837 -0.240074 97.9147 11.4801 51.8103 0.554725 0.703725 0.353282 -0.268781 1
0.00648583 0.0210744 0.00898929 0.606263 0.795148 0.0135869 0.198882 -0.135052 -0.970674 -0.769994 0.591185 -0.240017 97.9208 11.4716 51.7845 0.554796 0.703799 0.353094 -0.268687 1
0.00576274 0.0183888 0.00780316 0.606451 0.794992 0.0143196 0.199718 -0.134871 -0.970527 -0.76963 0.591437 -0.240567 97.9116 11.5205 51.7627 0.554755 0.703898 0.353286 -0.26826 1
0.00552908 0.0181844 0.00778857 0.606655 0.794838 0.014245 0.200543 -0.135675 -0.970245 -0.769255 0.59146 -0.241707 97.9604 11.5687 51.7397 0.554363 0.704279 0.353333 -0.268008 1
0.00590397 0.0200689 0.00829399 0.607035 0.79456 0.0135142 0.201615 -0.137537 -0.96976 -0.768674 0.591403 -0.243685 98.0722 11.6314 51.7013 0.553582 0.705028 0.35324 -0.267777 1
0.00749291 0.0240692 0.0148667 0.6061 0.7953 0.0118771 0.201778 -0.139297 -0.969475 -0.769369 0.589996 -0.244902 98.1765 11.6409 51.7693 0.552698 0.70539 0.353378 -0.268466 1
0.00791258 0.0277823 0.0126166 0.606907 0.794697 0.0109737 0.201487 -0.140489 -0.969364 -0.768809 0.590524 -0.245385 98.2464 11.6239 51.712 0.552502 0.705829 0.352842 -0.26842 1
0.00716754 0.0221693 0.0164848 0.606127 0.795275 0.0121266 0.203573 -0.140381 -0.968943 -0.768874 0.589772 -0.246986 98.2437 11.746 51.7502 0.551987 0.705956 0.353722 -0.267987 1
0.0071988 0.0218533 0.0172208 0.606128 0.795275 0.0121237 0.204009 -0.140719 -0.968802 -0.768758 0.589692 -0.247537 98.2645 11.7715 51.7459 0.551786 0.706113 0.353797 -0.267887 1
0.00693626 0.0211628 0.0161186 0.606328 0.795118 0.0123887 0.203903 -0.140393 -0.968872 -0.768628 0.589981 -0.247251 98.245 11.7653 51.7321 0.55197 0.70604 0.353741 -0.267775 1
0.00641737 0.0212511 0.0117515 0.60733 0.794349 0.0126638 0.203776 -0.140353 -0.968905 -0.767871 0.591026 -0.24711 98.2424 11.7579 51.6586 0.552238 0.706186 0.353351 -0.267354 1
0.00775535 0.0294883 0.00854618 0.60806 0.793818 0.0108232 0.200725 -0.140535 -0.969515 -0.768097 0.591695 -0.244793 98.2478 11.5794 51.6333 0.552886 0.705937 0.352207 -0.26818 1
0.00904243 0.0332061 0.0136178 0.606765 0.794823 0.00964621 0.198624 -0.139856 -0.970046 -0.769666 0.590505 -0.242731 98.2041 11.4565 51.7496 0.553213 0.705222 0.352175 -0.269426 1
0.0105506 0.0407555 0.0127264 0.607249 0.794474 0.00769923 0.19693 -0.141119 -0.970208 -0.769719 0.590675 -0.24215 98.2758 11.3575 51.7293 0.553168 0.705429 0.351348 -0.270056 1
0.0116054 0.0491613 0.00764164 0.60864 0.793425 0.00582594 0.194916 -0.142395 -0.970428 -0.769133 0.591777 -0.241319 98.3477 11.2398 51.6443 0.553382 0.705754 0.350101 -0.270387 1
0.0125935 0.056698 0.00303041 0.609835 0.792518 0.00417866 0.192933 -0.143342 -0.970685 -0.768686 0.592764 -0.240317 98.4002 11.124 51.5734 0.553664 0.705956 0.348977 -0.270735 1
0.0123252 0.0579716 -0.000380087 0.610404 0.792079 0.0041938 0.191967 -0.142795 -0.970957 -0.768476 0.593481 -0.239216 98.3663 11.0676 51.5398 0.554164 0.705765 0.348575 -0.270729 1
0.0133983 0.0642645 -0.00314994 0.611052 0.791585 0.00283731 0.189973 -0.143165 -0.971295 -0.768457 0.594051 -0.237861 98.3848 10.9512 51.5094 0.554533 0.705705 0.347722 -0.271225 1
0.0144022 0.0710125 -0.00852125 0.612048 0.790819 0.00153885 0.187125 -0.142932 -0.971882 -0.768363 0.595126 -0.235463 98.3664 10.785 51.4605 0.55535 0.705415 0.346584 -0.271763 1
0.0150131 0.0723229 -0.00604827 0.611343 0.791365 0.00105525 0.185989 -0.142383 -0.972181 -0.7692 0.594532 -0.23423 98.3321 10.7188 51.5231 0.555592 0.704974 0.346592 -0.272402 1
0.0151084 0.0734391 -0.00632032 0.611354 0.791357 0.000768499 0.185332 -0.142232 -0.972328 -0.769349 0.594579 -0.233617 98.3222 10.6805 51.528 0.555766 0.704841 0.346422 -0.272608 1
0.0165778 0.076276 0.00217484 0.609632 0.792684 -0.000532456 0.184585 -0.142613 -0.972415 -0.770893 0.592717 -0.233259 98.3434 10.6369 51.6626 0.555374 0.70454 0.346776 -0.273734 1
0.0185821 0.0804298 0.0109223 0.608232 0.793756 -0.00229154 0.184599 -0.144259 -0.972169 -0.771996 0.590881 -0.234269 98.4405 10.6377 51.7665 0.55446 0.704762 0.347051 -0.274662 1
0.0204596 0.0852821 0.0151138 0.607555 0.794268 -0.00385218 0.183475 -0.14506 -0.972262 -0.772796 0.589997 -0.233861 98.4859 10.5723 51.8263 0.554219 0.704712 0.346859 -0.27552 1
0.0210539 0.0872101 0.0148768 0.607764 0.794105 -0.0043654 0.18323 -0.145579