0.100404 -0.0959771 0.995199 0.61079 0.791568 0.0188599 0.210073 -0.13904 -0.967749 -0.763416 0.595054 -0.251211 98.1759 12.1267 51.3376 0.55239 0.707291 0.354041 -0.263172 0
0.100459 -0.0931752 0.989956 0.612067 0.790591 0.0184454 0.209572 -0.139669 -0.967767 -0.762531 0.596203 -0.251172 98.2123 12.0973 51.2468 0.552545 0.707621 0.353354 -0.262883 0
0.100182 -0.0930806 0.986421 0.612648 0.790134 0.0187329 0.208896 -0.139022 -0.968006 -0.76225 0.59696 -0.250228 98.1728 12.0577 51.2099 0.553037 0.707442 0.353043 -0.262748 1
0.0998258 -0.0936523 0.983126 0.613265 0.789647 0.0190959 0.208923 -0.138847 -0.968025 -0.761746 0.597645 -0.250125 98.1624 12.0592 51.1632 0.553239 0.707502 0.35285 -0.26242 0
0.0989649 -0.0955264 0.979039 0.61402 0.78904 0.0198667 0.20928 -0.138486 -0.968 -0.761039 0.598529 -0.250164 98.1417 12.0802 51.1028 0.553482 0.707579 0.352724 -0.261869 0
0.0983393 -0.0957217 0.97328 0.615364 0.787983 0.0202518 0.209813 -0.138977 -0.967814 -0.759806 0.599807 -0.250851 98.1718 12.1114 50.9961 0.55352 0.708024 0.352317 -0.261133 1
0.0976065 -0.0966732 0.966744 0.616681 0.786934 0.0209493 0.209997 -0.1388 -0.9678 -0.758687 0.601223 -0.250849 98.1616 12.1222 50.8948 0.553857 0.708225 0.351912 -0.260418 1
0.096673 -0.0957404 0.955734 0.618904 0.785172 0.0215065 0.209213 -0.138395 -0.968027 -0.757091 0.603615 -0.249922 98.1362 12.0763 50.7348 0.554659 0.708382 0.350935 -0.2596 1
0.0958645 -0.0965649 0.949232 0.620114 0.784197 0.0222108 0.208926 -0.137789 -0.968176 -0.75618 0.60502 -0.249284 98.0999 12.0594 50.6462 0.555212 0.708376 0.350493 -0.259032 0
0.0953296 -0.0974645 0.945492 0.620869 0.783586 0.0227001 0.209125 -0.137652 -0.968152 -0.755506 0.605843 -0.249331 98.0921 12.0711 50.5869 0.555402 0.708493 0.350289 -0.258579 0
0.0953845 -0.0967929 0.944745 0.621171 0.783351 0.0225417 0.209353 -0.138154 -0.968032 -0.755194 0.606033 -0.249814 98.1222 12.0844 50.5616 0.555249 0.70872 0.350174 -0.258442 1
0.0952054 -0.0971302 0.943398 0.621483 0.783097 0.0227404 0.209427 -0.138096 -0.968024 -0.754916 0.606373 -0.249826 98.1189 12.0888 50.5371 0.555329 0.708767 0.350088 -0.258257 0
0.0938803 -0.100503 0.937025 0.622703 0.782087 0.0241059 0.210224 -0.137547 -0.967929 -0.753689 0.6078 -0.250064 98.0879 12.1355 50.4363 0.555673 0.708928 0.349934 -0.257284 0
0.0940184 -0.0996521 0.934812 0.623268 0.781637 0.0240768 0.210382 -0.137944 -0.967838 -0.753177 0.608288 -0.250418 98.1116 12.1447 50.3916 0.555632 0.70916 0.349717 -0.25703 0
0.0940453 -0.0997873 0.934024 0.623208 0.781679 0.0242732 0.209671 -0.137102 -0.968112 -0.753425 0.608425 -0.249339 98.0605 12.1031 50.4036 0.55605 0.70881 0.349653 -0.257175 0
0.0941315 -0.0999003 0.9334 0.623066 0.781786 0.0244924 0.208771 -0.136045 -0.968456 -0.753793 0.608525 -0.247979 97.9964 12.0503 50.4237 0.556561 0.708359 0.349595 -0.257391 0
0.0939427 -0.0984841 0.928424 0.623685 0.781286 0.0246779 0.20678 -0.134458 -0.969104 -0.75383 0.609518 -0.245414 97.8991 11.9337 50.3972 0.557632 0.707735 0.349024 -0.257565 1
0.0931422 -0.100155 0.924033 0.624132 0.780899 0.0256018 0.205776 -0.132679 -0.969563 -0.753734 0.610403 -0.2435 97.7922 11.8749 50.3734 0.558559 0.707162 0.348815 -0.257414 0
0.092271 -0.101447 0.919064 0.624903 0.780257 0.0263756 0.205369 -0.131697 -0.969783 -0.753207 0.611437 -0.242538 97.7335 11.8511 50.319 0.559166 0.706954 0.348547 -0.257029 0
0.0909123 -0.104434 0.912541 0.62582 0.779475 0.0277137 0.204898 -0.130016 -0.97011 -0.752573 0.612792 -0.241079 97.6334 11.8235 50.254 0.560072 0.706561 0.348297 -0.256475 0
0.0894187 -0.109855 0.909577 0.625927 0.779324 0.0294825 0.205039 -0.127971 -0.970352 -0.752446 0.613414 -0.239892 97.5129 11.8318 50.2444 0.560817 0.706008 0.348567 -0.256004 0
0.0868687 -0.119958 0.907352 0.625665 0.779417 0.0324557 0.206226 -0.125133 -0.97047 -0.75234 0.613882 -0.239027 97.3472 11.9013 50.2522 0.561584 0.705306 0.349367 -0.255167 1
0.0846339 -0.125504 0.897601 0.62731 0.777999 0.0346347 0.206949 -0.123661 -0.970505 -0.750769 0.615976 -0.23858 97.2615 11.9436 50.1193 0.562377 0.705257 0.349145 -0.253856 0
0.0833977 -0.127025 0.889897 0.628653 0.776871 0.0355976 0.206553 -0.122665 -0.970716 -0.749754 0.617596 -0.237579 97.2021 11.9205 50.0209 0.563118 0.705141 0.348662 -0.253196 1
0.0824822 -0.128837 0.885594 0.629304 0.776308 0.036367 0.206442 -0.121869 -0.97084 -0.749239 0.618461 -0.236956 97.1549 11.9139 49.9723 0.563578 0.705005 0.34849 -0.25279 0
0.082219 -0.12828 0.882083 0.630098 0.775663 0.0363891 0.206575 -0.122266 -0.970761 -0.748534 0.619192 -0.237272 97.1785 11.9217 49.9102 0.563595 0.705272 0.348177 -0.252436 0
0.0813222 -0.130587 0.87917 0.630644 0.775182 0.0371484 0.207384 -0.122203 -0.970597 -0.74785 0.619806 -0.237827 97.176 11.9691 49.8598 0.563608 0.705456 0.348202 -0.251859 1
0.081137 -0.12918 0.874336 0.631776 0.774265 0.0370475 0.207293 -0.122705 -0.970553 -0.746919 0.620852 -0.238021 97.2055 11.9637 49.774 0.563704 0.70578 0.347685 -0.251449 0
0.0815492 -0.125107 0.86969 0.633188 0.773153 0.0361567 0.207394 -0.124472 -0.970306 -0.745695 0.621885 -0.239161 97.3101 11.9697 49.6646 0.563373 0.706545 0.346951 -0.251059 0
0.0814494 -0.124095 0.866674 0.634132 0.772388 0.0359751 0.208099 -0.125671 -0.970001 -0.744696 0.622595 -0.240425 97.382 12.011 49.5846 0.563035 0.707147 0.346635 -0.250556 0
0.0813635 -0.12021 0.858204 0.636106 0.770786 0.0354533 0.20738 -0.126526 -0.970044 -0.743211 0.624403 -0.240329 97.4313 11.9688 49.4401 0.563305 0.70763 0.345578 -0.250045 1
0.0804586 -0.124989 0.859553 0.635591 0.771156 0.0366378 0.20834 -0.125632 -0.969954 -0.743383 0.624127 -0.240513 97.3801 12.0251 49.4696 0.563348 0.707414 0.346154 -0.249764 0
0.0797165 -0.125578 0.853378 0.636687 0.770223 0.0372453 0.20779 -0.124851 -0.970173 -0.742599 0.625435 -0.239536 97.3331 11.9929 49.391 0.563981 0.707296 0.345687 -0.249313 0
0.0800808 -0.121552 0.847506 0.637875 0.769269 0.0366187 0.205925 -0.124549 -0.970609 -0.742099 0.626668 -0.237858 97.3123 11.8836 49.3191 0.564683 0.707157 0.344759 -0.249407 0
0.0793361 -0.123532 0.841967 0.63878 0.768474 0.0375295 0.205625 -0.123511 -0.970805 -0.741403 0.627848 -0.236914 97.2505 11.8661 49.2524 0.565322 0.706966 0.344464 -0.248906 0
0.0775025 -0.132625 0.839018 0.638814 0.768312 0.0401669 0.206933 -0.121301 -0.970806 -0.74101 0.628476 -0.236478 97.1221 11.9427 49.2359 0.565914 0.706504 0.345095 -0.247997 0
0.0759994 -0.139772 0.835437 0.639008 0.768033 0.0423629 0.207554 -0.119131 -0.970943 -0.740669 0.629232 -0.235534 96.995 11.979 49.2142 0.566644 0.705987 0.345469 -0.24728 0
0.0741233 -0.149908 0.835362 0.638477 0.768318 0.0450997 0.209378 -0.117008 -0.970809 -0.740613 0.629282 -0.235576 96.8725 12.0859 49.2356 0.566986 0.705525 0.346443 -0.246453 1
0.0742435 -0.148456 0.833635 0.638677 0.768166 0.044863 0.207995 -0.116213 -0.971202 -0.74083 0.629616 -0.233998 96.8235 12.0049 49.235 0.567553 0.70514 0.346088 -0.246748 0
0.0729103 -0.154497 0.832703 0.638445 0.768255 0.0466074 0.208639 -0.114462 -0.971271 -0.740849 0.629827 -0.233366 96.7212 12.0426 49.2461 0.568026 0.704676 0.346576 -0.246298 1
0.0711949 -0.162302 0.830705 0.638448 0.768113 0.0488512 0.210113 -0.11288 -0.971139 -0.74043 0.630286 -0.233458 96.63 12.129 49.2299 0.568355 0.704412 0.347178 -0.245445 0
0.0703091 -0.166877 0.829682 0.638292 0.768157 0.0501851 0.210361 -0.111343 -0.971263 -0.740494 0.630506 -0.232659 96.5397 12.1435 49.2393 0.568834 0.70397 0.3475 -0.245149 0
0.0696986 -0.170868 0.829281 0.637952 0.76836 0.0513737 0.21018 -0.109552 -0.971505 -0.740838 0.630572 -0.231383 96.4338 12.1329 49.2675 0.569433 0.703365 0.347807 -0.24506 0
0.069815 -0.170727 0.830492 0.637653 0.768614 0.0512946 0.209932 -0.109322 -0.971585 -0.741166 0.630302 -0.231067 96.4199 12.1184 49.2934 0.569487 0.703214 0.347883 -0.245257 1
0.0699057 -0.172316 0.834788 0.636756 0.769346 0.0514694 0.210685 -0.109387 -0.971415 -0.741724 0.629398 -0.231742 96.4248 12.1625 49.3545 0.569128 0.703186 0.348425 -0.245402 0
0.0704042 -0.171579 0.840006 0.635805 0.770165 0.0509814 0.211042 -0.10993 -0.971276 -0.742438 0.628301 -0.232431 96.4573 12.1834 49.4241 0.568648 0.703237 0.348818 -0.245812 0
0.0713622 -0.167341 0.843504 0.635237 0.770716 0.0497005 0.210103 -0.110528 -0.971411