-5.59051e-05 -2.37999e-05 -7.93566e-05 0.608903 0.792997 0.0198032 0.212109 -0.138711 -0.967351 -0.76436 0.593224 -0.252664 98.1602 12.246 51.4585 0.551708 0.707156 0.355334 -0.263222 0
-8.2407e-05 -0.000154012 -0.000108829 0.608051 0.793646 0.0200144 0.212574 -0.13847 -0.967284 -0.764909 0.592412 -0.252905 98.1467 12.2732 51.5177 0.551515 0.707005 0.355804 -0.263398 0
-0.000165435 -0.000226574 -7.46475e-05 0.606846 0.79458 0.0195253 0.212379 -0.13843 -0.967333 -0.76592 0.591169 -0.252758 98.144 12.2618 51.6099 0.551284 0.706759 0.356189 -0.26402 0
-0.000235374 -0.00031838 -1.6328e-05 0.60609 0.795143 0.0200518 0.212838 -0.13784 -0.967316 -0.766391 0.590548 -0.25278 98.1099 12.2887 51.6618 0.551242 0.706525 0.356669 -0.264088 0
-0.000220019 -0.000291495 -6.23975e-06 0.605375 0.795688 0.0200536 0.213146 -0.137788 -0.967256 -0.76687 0.589826 -0.253011 98.1074 12.3068 51.7121 0.551039 0.70643 0.357018 -0.264293 0
-0.00024674 -0.000199993 -4.01623e-05 0.604265 0.796539 0.0197303 0.213391 -0.137924 -0.967182 -0.767677 0.588645 -0.253317 98.1159 12.3211 51.7925 0.550687 0.706312 0.357466 -0.264737 0
-0.000202552 -0.000195652 -5.43132e-05 0.603286 0.79729 0.0193637 0.21329 -0.1379 -0.967208 -0.768475 0.587633 -0.253247 98.1143 12.3152 51.8666 0.550486 0.706122 0.357792 -0.26522 0
-0.000148132 -0.000222338 -8.13571e-05 0.602072 0.798189 0.0200874 0.214373 -0.137364 -0.967045 -0.769125 0.586536 -0.253813 98.0845 12.3787 51.9461 0.550203 0.705912 0.358601 -0.265273 0
-0.000308341 -0.000202324 -1.19547e-05 0.600218 0.799579 0.0203087 0.216141 -0.137699 -0.966603 -0.770079 0.584562 -0.255471 98.1076 12.4825 52.0663 0.549329 0.705937 0.359706 -0.265523 0
-0.000385919 -0.000224072 9.3348e-05 0.598293 0.801013 0.0205821 0.218054 -0.138044 -0.966124 -0.771037 0.582513 -0.257255 98.1316 12.5948 52.19 0.548405 0.705973 0.360873 -0.265752 0
-0.000438612 -0.000256971 0.000169707 0.59728 0.80177 0.0205095 0.219757 -0.139008 -0.9656 -0.771339 0.581241 -0.259221 98.192 12.6947 52.2479 0.547506 0.706312 0.361571 -0.265757 0
-0.000499188 -0.000292212 0.000226227 0.596299 0.802497 0.0206273 0.220707 -0.139184 -0.965358 -0.771826 0.580195 -0.260112 98.2043 12.7506 52.311 0.547038 0.706328 0.362156 -0.265882 0
-0.000543901 -0.000267689 0.00019397 0.595007 0.803422 0.0219133 0.221889 -0.138002 -0.965257 -0.772484 0.579197 -0.260382 98.1364 12.82 52.3947 0.546951 0.705938 0.363102 -0.265806 0
-0.000530505 -0.000253369 8.84087e-05 0.593363 0.804616 0.0226629 0.222397 -0.136817 -0.965309 -0.773602 0.577819 -0.260126 98.067 12.8498 52.5113 0.546905 0.705391 0.363987 -0.266143 0
-0.000477565 -0.00019379 8.38691e-05 0.591356 0.806077 0.0231922 0.222697 -0.135599 -0.965411 -0.775051 0.576067 -0.259698 97.9953 12.8675 52.6567 0.546823 0.704743 0.364946 -0.266714 0
-0.000377015 -4.40176e-05 -3.552e-08 0.58955 0.807387 0.0236044 0.223587 -0.135041 -0.965284 -0.77617 0.574361 -0.260135 97.9639 12.9198 52.781 0.546437 0.704402 0.365904 -0.267094 0
-0.000363987 0.000169045 -0.000182836 0.588301 0.808294 0.0237158 0.224662 -0.135201 -0.965012 -0.776807 0.573045 -0.261132 97.9754 12.983 52.8622 0.545886 0.704385 0.366616 -0.267287 0
-0.000347422 0.000309578 -0.000335859 0.58748 0.808914 0.0229117 0.224549 -0.135749 -0.964961 -0.777461 0.57204 -0.261391 98.0077 12.9764 52.9239 0.545514 0.704383 0.366798 -0.267805 0
-0.000304281 0.00034021 -0.000506944 0.587447 0.80896 0.0221426 0.223153 -0.135626 -0.965302 -0.777888 0.572005 -0.260195 97.9978 12.8943 52.9405 0.545808 0.704143 0.366443 -0.268321 0
-0.000159973 0.000374243 -0.000702435 0.587356 0.809035 0.0217952 0.221994 -0.135153 -0.965636 -0.778287 0.572011 -0.258984 97.9675 12.8262 52.9589 0.546173 0.703828 0.366222 -0.268706 0
0.000107156 0.000427749 -0.000835773 0.58722 0.809148 0.0212631 0.22158 -0.135429 -0.965692 -0.778508 0.571785 -0.258818 97.9831 12.8018 52.9732 0.546116 0.703823 0.366118 -0.268976 0
0.00038447 0.000456122 -0.0009111 0.587958 0.808614 0.0211937 0.220962 -0.135351 -0.965845 -0.778127 0.572559 -0.258253 97.9773 12.7655 52.9251 0.546432 0.70384 0.3657 -0.268858 0
0.000610535 0.00060004 -0.00108668 0.588311 0.808357 0.0212019 0.220757 -0.13533 -0.965894 -0.777918 0.572926 -0.258067 97.9757 12.7535 52.9011 0.54656 0.703866 0.365522 -0.268772 0
0.000629933 0.000724107 -0.0012015 0.588453 0.808223 0.0223476 0.222201 -0.135082 -0.965598 -0.777399 0.573174 -0.259077 97.9637 12.8384 52.8761 0.546419 0.704026 0.365904 -0.268119 0
0.000592681 0.000776764 -0.00129163 0.588066 0.808467 0.0236664 0.223564 -0.134357 -0.965385 -0.777301 0.573001 -0.259755 97.9232 12.9184 52.8907 0.546341 0.703949 0.366515 -0.267645 0
0.000655978 0.000809743 -0.00147596 0.587687 0.808689 0.0254207 0.224129 -0.132528 -0.965506 -0.777425 0.573113 -0.259135 97.8157 12.9516 52.9129 0.546814 0.703447 0.367056 -0.267257 0
0.000696512 0.000875842 -0.0016151 0.587451 0.808786 0.0276885 0.225178 -0.1305 -0.965538 -0.7773 0.573441 -0.258784 97.6973 13.0134 52.9195 0.547304 0.702982 0.367706 -0.266583 0
0.000771747 0.00096615 -0.001723 0.586985 0.809065 0.0293619 0.225284 -0.128396 -0.965796 -0.777621 0.573523 -0.257637 97.5727 13.0196 52.9528 0.54794 0.702321 0.36819 -0.266352 0
0.000897468 0.0010513 -0.00160864 0.586075 0.809707 0.029857 0.22451 -0.126877 -0.966177 -0.778532 0.572955 -0.256147 97.4812 12.9741 53.0277 0.548419 0.701623 0.368509 -0.266765 0
0.000971948 0.00103549 -0.00155722 0.585904 0.809803 0.0305788 0.224344 -0.125826 -0.966353 -0.778708 0.57305 -0.255396 97.4186 12.9643 53.042 0.54879 0.701271 0.368669 -0.266705 0
0.00113742 0.00104628 -0.00147164 0.586182 0.809595 0.0307646 0.22373 -0.125261 -0.966569 -0.778675 0.573468 -0.254556 97.384 12.9282 53.0278 0.549173 0.70107 0.368481 -0.266703 0
0.00127606 0.00088456 -0.00142144 0.586274 0.809546 0.0303003 0.223851 -0.12594 -0.966452 -0.778572 0.573388 -0.255053 97.4245 12.9353 53.0198 0.548927 0.701296 0.368388 -0.266746 0
0.00141941 0.000716441 -0.0013919 0.586508 0.809397 0.0297425 0.223788 -0.126651 -0.966374 -0.778413 0.573442 -0.255416 97.4665 12.9316 53.0032 0.548735 0.70153 0.36819 -0.266799 0
0.00165261 0.000619926 -0.0013794 0.585928 0.809827 0.0294614 0.223344 -0.126433 -0.966505 -0.778977 0.572883 -0.254951 97.4528 12.9055 53.0504 0.548759 0.701305 0.368303 -0.267186 0
0.00178123 0.00051682 -0.00142407 0.586113 0.809664 0.0302555 0.223072 -0.125357 -0.966708 -0.778916 0.57335 -0.254087 97.3886 12.8895 53.0395 0.549242 0.700992 0.368312 -0.267 0
0.00182335 0.000478684 -0.00154963 0.585776 0.809883 0.0309145 0.22242 -0.123959 -0.967039 -0.779356 0.573344 -0.252746 97.3046 12.8512 53.0709 0.549789 0.700443 0.368447 -0.267132 0
0.00188042 0.000445093 -0.00164313 0.584962 0.81046 0.0312043 0.222325 -0.123229 -0.967154 -0.779994 0.572686 -0.25227 97.2612 12.8456 53.1317 0.549878 0.700082 0.368808 -0.267393 0
0.00180934 0.000400175 -0.00172173 0.583678 0.811377 0.0314362 0.222164 -0.12234 -0.967304 -0.781002 0.571578 -0.251665 97.2082 12.8361 53.2276 0.549926 0.699586 0.36934 -0.26786 1
0.00167229 0.000293737 -0.00200403 0.581886 0.812605 0.0328989 0.22294 -0.120477 -0.967359 -0.782117 0.570227 -0.251266 97.0992 12.8818 53.3512 0.550032 0.698861 0.37044 -0.268014 1
0.00137535 0.000146409 -0.00218489 0.580518 0.813552 0.0336317 0.223088 -0.119191 -0.967484 -0.78309 0.569145 -0.250686 97.0233 12.8905 53.4498 0.550146 0.698283 0.371139 -0.268322 0
0.0011419 0.000106678 -0.00237534 0.579246 0.814451 0.0338167 0.223097 -0.118494 -0.967568 -0.78403 0.568004 -0.250338 96.982 12.891 53.5428 0.550094 0.697868 0.371685 -0.268752 0
0.000991095 1.09299e-05 -0.00254976 0.579041 0.814603 0.0336717 0.222809 -0.11838 -0.967648 -0.784263 0.56781 -0.250048 96.9748 12.8741 53.5606 0.550139 0.697759 0.371694 -0.268929 0
0.000833906 -3.18652e-05 -0.00272034 0.579087 0.814579 0.0334589 0.222876 -0.118699 -0.967593 -0.784209 0.567778 -0.250287 96.9938 12.878 53.5566 0.550023 0.697867 0.371652 -0.268945 0
0.000736273 -4.13512e-05 -0.00281618 0.578394 0.815063 0.0336508 0.22285 -0.11819 -0.967662 -0.784728 0.567189 -0.249997 96.9636 12.8765 53.6075 0.550047 0.6976 0.371959 -0.269165 0
0.000724301 -1.55883e-05 -0.00282044 0.577867 0.815393 0.0346957 0.222979 -0.116844 -0.967795 -0.785079 0.566993 -0.249336