0.000217903 0.00136041 -0.000266948 0.609848 0.792285 0.0192104 0.21122 -0.139125 -0.967487 -0.763853 0.594077 -0.252192 98.183 12.1939 51.3967 0.551936 0.707313 0.35469 -0.263194 0
0.000623922 0.00377992 -0.000702216 0.609895 0.792263 0.0186301 0.210243 -0.139093 -0.967704 -0.764085 0.594115 -0.2514 98.1794 12.1366 51.403 0.552133 0.707175 0.354405 -0.263532 1
0.00209706 0.00960436 5.08293e-05 0.610032 0.792194 0.0170163 0.209218 -0.140322 -0.967749 -0.764257 0.593917 -0.251342 98.2503 12.0765 51.4031 0.551898 0.707406 0.353903 -0.264078 1
0.00305902 0.0129238 0.000462285 0.610097 0.792164 0.0160737 0.20867 -0.141073 -0.967758 -0.764355 0.59378 -0.251369 98.2938 12.0444 51.4037 0.551737 0.707556 0.353624 -0.26439 1
0.00435319 0.0176856 0.000763984 0.610275 0.792052 0.0147628 0.207858 -0.142116 -0.96778 -0.764434 0.59368 -0.251365 98.3541 11.9969 51.3984 0.551542 0.70777 0.35319 -0.2648 1
0.00663552 0.0262793 0.00295548 0.610354 0.792035 0.012231 0.206631 -0.144289 -0.967721 -0.764704 0.593179 -0.251726 98.4804 11.925 51.4047 0.550985 0.708232 0.352521 -0.265617 1
0.00818907 0.0314809 0.00480548 0.610407 0.792017 0.0105922 0.206259 -0.146024 -0.96754 -0.764762 0.592778 -0.252495 98.5825 11.9032 51.4043 0.550429 0.708683 0.352159 -0.266046 1
0.009496 0.0345419 0.00933817 0.609663 0.792605 0.00937408 0.205921 -0.14695 -0.967472 -0.765446 0.591762 -0.252804 98.6367 11.8834 51.4634 0.549979 0.708769 0.352204 -0.266685 1
0.0111862 0.0385339 0.0137713 0.609065 0.793081 0.00788319 0.205725 -0.148376 -0.967296 -0.765974 0.590768 -0.253527 98.7208 11.8719 51.51 0.549355 0.709043 0.352167 -0.267294 1
0.0115312 0.0380978 0.016002 0.608336 0.793641 0.00786366 0.205169 -0.147678 -0.967521 -0.766703 0.590191 -0.252669 98.6784 11.8394 51.5699 0.549543 0.70864 0.352369 -0.26771 1
0.0115797 0.0356121 0.0194605 0.607386 0.794364 0.0082732 0.205511 -0.147061 -0.967543 -0.767364 0.589372 -0.252573 98.6425 11.8594 51.6376 0.549489 0.708347 0.35289 -0.267909 1
0.0121901 0.0375683 0.0212512 0.606905 0.794737 0.00767607 0.204594 -0.146892 -0.967763 -0.767989 0.588911 -0.251747 98.6308 11.8057 51.6824 0.549606 0.708086 0.352828 -0.268439 1
0.0122833 0.0384998 0.0202941 0.606977 0.794684 0.00751545 0.20393 -0.146607 -0.967946 -0.768109 0.589053 -0.251047 98.6127 11.7669 51.6834 0.549846 0.707925 0.352655 -0.2686 1
0.0123052 0.0396615 0.0190795 0.60712 0.794576 0.00734969 0.20329 -0.146375 -0.968116 -0.768166 0.589256 -0.250396 98.5977 11.7294 51.6789 0.550079 0.707794 0.352456 -0.268728 1
0.0125292 0.0434552 0.0145985 0.60816 0.793787 0.00668019 0.202332 -0.146868 -0.968241 -0.767596 0.590197 -0.249928 98.6252 11.6734 51.6105 0.55031 0.707982 0.351746 -0.268692 1
0.0131213 0.0470467 0.01306 0.608536 0.793505 0.00585237 0.201381 -0.147296 -0.968375 -0.767548 0.590469 -0.249432 98.6488 11.6177 51.5915 0.550411 0.708037 0.351283 -0.268946 1
0.0135123 0.0515594 0.00924572 0.609469 0.792794 0.00496615 0.200177 -0.147821 -0.968544 -0.767122 0.591292 -0.248791 98.6776 11.5473 51.5333 0.550649 0.708181 0.350536 -0.269054 1
0.0147817 0.0580278 0.0080824 0.609885 0.792483 0.00336222 0.198473 -0.148632 -0.968771 -0.767235 0.591506 -0.247934 98.7225 11.4477 51.5184 0.550754 0.708246 0.349792 -0.269635 1
0.0166115 0.0659575 0.00801706 0.610098 0.792325 0.00127331 0.196357 -0.14964 -0.969047 -0.767609 0.591464 -0.246873 98.7782 11.324 51.5222 0.550814 0.708275 0.348976 -0.270494 1
0.0181032 0.0715752 0.00891995 0.610135 0.792297 -0.000329431 0.195196 -0.15072 -0.969114 -0.767876 0.591226 -0.246613 98.84 11.2562 51.5302 0.550636 0.708426 0.348482 -0.271096 1
0.0192439 0.0748684 0.0121289 0.609616 0.792695 -0.00145523 0.194702 -0.151513 -0.96909 -0.768413 0.59049 -0.246704 98.886 11.2273 51.5735 0.550318 0.70849 0.348416 -0.271658 1
0.0212909 0.0815901 0.0154446 0.609106 0.793082 -0.00343246 0.193039 -0.152454 -0.969275 -0.769237 0.589728 -0.245956 98.9386 11.1302 51.6267 0.550158 0.708434 0.347993 -0.272668 1
0.0231555 0.088875 0.0170483 0.608996 0.793155 -0.0054264 0.191298 -0.153514 -0.969453 -0.769759 0.589354 -0.245218 98.9981 11.0285 51.6507 0.55006 0.708472 0.347386 -0.273542 1
0.0245388 0.0945056 0.0182477 0.609015 0.793128 -0.00703136 0.190184 -0.15463 -0.969494 -0.77002 0.589099 -0.245012 99.0621 10.9635 51.6593 0.549857 0.708636 0.346903 -0.274137 1
0.0262298 0.100083 0.0218561 0.608484 0.793518 -0.00874596 0.189037 -0.155643 -0.969557 -0.770722 0.588307 -0.244711 99.1199 10.8966 51.7089 0.549575 0.708667 0.34662 -0.274976 1
0.0266795 0.0990124 0.0290956 0.606829 0.794783 -0.00891552 0.189131 -0.155281 -0.969596 -0.772003 0.586693 -0.244547 99.0987 10.9021 51.8311 0.549318 0.708283 0.347289 -0.275638 1
0.0273029 0.0997504 0.0339479 0.605813 0.795551 -0.00945623 0.189123 -0.155542 -0.969556 -0.772802 0.585581 -0.244687 99.1141 10.9016 51.9065 0.548995 0.708174 0.34761 -0.276153 1
0.028242 0.101549 0.039312 0.604912 0.796225 -0.0103775 0.189467 -0.156576 -0.969323 -0.773424 0.584389 -0.245573 99.1758 10.9217 51.9702 0.548353 0.708354 0.347881 -0.276628 1
0.0286655 0.0936018 0.05582 0.601372 0.798912 -0.009515 0.192415 -0.156376 -0.968774 -0.775453 0.580763 -0.247763 99.1694 11.0938 52.206 0.547091 0.708081 0.350005 -0.277147 1
0.029792 0.0925938 0.0654312 0.59951 0.800305 -0.0100159 0.193546 -0.157105 -0.968431 -0.776613 0.578645 -0.249082 99.2146 11.1598 52.3335 0.546196 0.708113 0.35088 -0.27772 1
0.0327791 0.0958568 0.0805331 0.596741 0.802342 -0.0121491 0.194254 -0.159134 -0.967958 -0.778566 0.57526 -0.25082 99.336 11.2012 52.5312 0.544699 0.708289 0.351762 -0.279093 1
0.0341815 0.0965058 0.0899513 0.594974 0.803637 -0.013147 0.195116 -0.160284 -0.967594 -0.779702 0.573129 -0.252168 99.4058 11.2515 52.6535 0.543719 0.708418 0.352459 -0.279795 1
0.0376211 0.0980301 0.110891 0.591069 0.806475 -0.0153413 0.196964 -0.162747 -0.966809 -0.782204 0.568429 -0.255041 99.5552 11.3595 52.9237 0.541591 0.708671 0.353986 -0.281353 1
0.0388986 0.0980489 0.121482 0.589186 0.807832 -0.0163174 0.198432 -0.164242 -0.966255 -0.783252 0.566067 -0.257069 99.6468 11.4453 53.0484 0.540341 0.70896 0.354838 -0.281952 1
0.0399218 0.0935417 0.135992 0.58639 0.809862 -0.0164482 0.201267 -0.165339 -0.965482 -0.784626 0.562838 -0.259952 99.7176 11.6111 53.2274 0.538772 0.709169 0.356449 -0.282399 1
0.0393836 0.0882764 0.142014 0.585114 0.810801 -0.0156055 0.203276 -0.165269 -0.965072 -0.78506 0.561506 -0.261518 99.7177 11.7286 53.3024 0.538128 0.709208 0.357468 -0.28224 1
0.0392988 0.0811134 0.15291 0.582454 0.812734 -0.01455 0.205076 -0.164244 -0.964867 -0.786569 0.559006 -0.262337 99.6605 11.834 53.4801 0.537558 0.708702 0.35904 -0.282601 1
0.0373747 0.0717882 0.155845 0.581291 0.813604 -0.0122222 0.206704 -0.162177 -0.964869 -0.787004 0.558343 -0.262447 99.5412 11.9293 53.55 0.537742 0.708152 0.360201 -0.282152 1
0.0367856 0.066029 0.161152 0.579755 0.814717 -0.0109973 0.207676 -0.160807 -0.964889 -0.78788 0.557115 -0.262426 99.4619 11.9862 53.6528 0.537708 0.707635 0.361201 -0.282235 1
0.0389072 0.0638172 0.177029 0.575991 0.817374 -0.0115565 0.20781 -0.160084 -0.964981 -0.7906 0.553419 -0.262065 99.4192 11.994 53.9248 0.537085 0.706778 0.362626 -0.283737 1
0.0393684 0.0617448 0.183382 0.574348 0.818531 -0.011448 0.2078 -0.159307 -0.965112 -0.791798 0.551931 -0.261589 99.3731 11.9935 54.0439 0.536994 0.706265 0.363295 -0.284329 1
0.041521 0.0662275 0.191576 0.572478 0.819814 -0.0131838 0.206048 -0.15941 -0.96547 -0.793608 0.549994 -0.26018 99.3756 11.8909 54.1948 0.536863 0.705703 0.363419 -0.285811 1
0.0416325 0.0625347 0.197776 0.570982 0.820864 -0.0127654 0.206951 -0.158965 -0.96535 -0.79445 0.548555 -0.260645 99.351 11.9438 54.2947 0.53651 0.705442 0.364245 -0.286067 1
0.041863 0.0598559 0.203955 0.569418 0.821954 -0.0124807 0.207293 -0.158263 -0.965392 -0.795483 0.547124 -0.260503 99.3101 11.9638 54.4044 0.536342 0.705015 0.364973 -0.286506 1
0.0428796 0.0563673 0.214134 0.566936 0.82367 -0.0122723 0.207993 -0.157546 -0.965359 -0.797071 0.544744 -0.260636 99.2689 12.0048 54.5768 0.5359 0.704471 0.366113 -0.287217 1
0.0433926 0.0487132 0.226132 0.563856 0.825799 -0.0110609 0.209702 -0.156113 -0.965222 -0.798806 0.541927 -0.261197 99.1873 12.1049 54.7827 0.535384 0.70377 0.367841 -0.287689