-0.499613 0.00213047 -8.65231e-05 0.609959 0.792206 0.0189335 0.211448 -0.139685 -0.967356 -0.763701 0.594051 -0.252713 98.2166 12.2072 51.386 0.551716 0.707523 0.354637 -0.26316 0
-0.500092 0.00124409 -0.0017805 0.610154 0.792048 0.0192994 0.21122 -0.139139 -0.967484 -0.763609 0.594391 -0.252193 98.1839 12.1939 51.3738 0.552001 0.707369 0.354577 -0.263055 0
-0.499945 0.00240556 -0.00236224 0.610173 0.792039 0.019052 0.210424 -0.13883 -0.967703 -0.763813 0.594475 -0.251374 98.1641 12.1472 51.3804 0.552261 0.707173 0.354391 -0.263288 0
-0.499847 -0.000179926 0.00226681 0.608969 0.792956 0.0194326 0.210603 -0.138021 -0.967779 -0.764724 0.59344 -0.25105 98.1166 12.1577 51.4688 0.552245 0.70676 0.354986 -0.26363 0
-0.499609 -0.00262239 0.00738984 0.60771 0.793915 0.019685 0.211043 -0.13755 -0.96775 -0.765604 0.592266 -0.25114 98.0895 12.1835 51.5587 0.552046 0.70647 0.355627 -0.26396 0
-0.500442 -0.00844928 0.00971284 0.606874 0.79452 0.021029 0.212188 -0.136463 -0.967654 -0.76595 0.591706 -0.251403 98.0272 12.2506 51.6097 0.552043 0.706176 0.356394 -0.263716 0
-0.500737 -0.0137354 0.0145756 0.605862 0.795268 0.0219209 0.214429 -0.136701 -0.967126 -0.766128 0.590645 -0.253351 98.0453 12.382 51.6627 0.551319 0.706384 0.357347 -0.263386 0
-0.501463 -0.0198046 0.0173498 0.605191 0.795742 0.0231831 0.216551 -0.136532 -0.966677 -0.766061 0.590045 -0.254947 98.0392 12.5065 51.6911 0.550843 0.706518 0.358198 -0.262866 0
-0.502386 -0.0258432 0.019023 0.604635 0.796123 0.0245662 0.218366 -0.136025 -0.96634 -0.765985 0.589648 -0.256092 98.0125 12.6131 51.714 0.550572 0.706532 0.358968 -0.262344 0
-0.50315 -0.0287645 0.0179972 0.604926 0.795881 0.0252535 0.219976 -0.13655 -0.965901 -0.765294 0.589854 -0.257677 98.0466 12.7077 51.6754 0.550159 0.706957 0.359236 -0.261699 0
-0.504324 -0.0320649 0.0150411 0.605644 0.795303 0.0262395 0.221709 -0.136984 -0.965443 -0.764226 0.590532 -0.25929 98.0756 12.8094 51.6034 0.549857 0.707446 0.359396 -0.260793 1
-0.505705 -0.035769 0.0109889 0.606708 0.794454 0.027355 0.22395 -0.137806 -0.964809 -0.762727 0.591483 -0.261526 98.1287 12.9412 51.4996 0.549403 0.708174 0.359518 -0.259601 0
-0.507682 -0.0412766 0.00523277 0.608092 0.793334 0.029067 0.226728 -0.138465 -0.964065 -0.760801 0.592831 -0.26407 98.1733 13.1045 51.3654 0.548989 0.708983 0.359692 -0.258023 0
-0.509184 -0.0453654 0.000378003 0.609203 0.792431 0.03041 0.228727 -0.138864 -0.963536 -0.759312 0.593945 -0.265847 98.201 13.2221 51.2596 0.548747 0.709562 0.359784 -0.256814 0
-0.510433 -0.0476158 -0.00548335 0.610624 0.791301 0.0313162 0.230508 -0.139766 -0.962981 -0.757631 0.595238 -0.267745 98.2582 13.327 51.1324 0.548432 0.710305 0.359637 -0.255635 0
-0.510458 -0.0474199 -0.00611045 0.610927 0.79107 0.0312365 0.231258 -0.140583 -0.962682 -0.757158 0.595352 -0.268827 98.3083 13.3711 51.101 0.548069 0.710693 0.359624 -0.255357 0
-0.510305 -0.046928 -0.00567845 0.611092 0.790954 0.0309629 0.232273 -0.141785 -0.962261 -0.756714 0.595222 -0.270361 98.382 13.4309 51.077 0.547482 0.711203 0.359682 -0.255114 0
-0.509306 -0.0425834 -0.00496403 0.611419 0.790749 0.0297005 0.232511 -0.143651 -0.961927 -0.756376 0.595046 -0.271689 98.4936 13.4449 51.0495 0.546827 0.711821 0.359381 -0.255217 0
-0.50826 -0.0372792 -0.0049603 0.611936 0.790403 0.0282207 0.232417 -0.145604 -0.961656 -0.755987 0.595031 -0.272804 98.6097 13.4394 51.0114 0.546244 0.712451 0.358909 -0.255374 0
-0.507626 -0.0339039 -0.00419141 0.612156 0.790269 0.0272048 0.232481 -0.146987 -0.96143 -0.75579 0.59487 -0.273701 98.6923 13.4432 50.9941 0.545772 0.712889 0.358664 -0.255504 0
-0.507081 -0.0324734 -0.000556931 0.611611 0.790714 0.0265128 0.23284 -0.14787 -0.961208 -0.75612 0.594058 -0.274549 98.7457 13.4643 51.0313 0.54525 0.713097 0.358841 -0.255788 0
-0.505522 -0.0312499 0.0112424 0.609189 0.792621 0.0253127 0.23268 -0.148135 -0.961206 -0.758122 0.591446 -0.274669 98.7612 13.4549 51.2164 0.544606 0.71274 0.359633 -0.257039 0
-0.504036 -0.0263955 0.0157876 0.608467 0.793226 0.0236915 0.231865 -0.149149 -0.961246 -0.758951 0.590379 -0.274673 98.8198 13.4069 51.2801 0.544207 0.712792 0.359534 -0.25788 0
-0.503778 -0.0234007 0.0140189 0.60909 0.792765 0.0230642 0.23168 -0.150039 -0.961152 -0.758507 0.590772 -0.275056 98.8725 13.396 51.2351 0.544058 0.713124 0.35914 -0.257824 0
-0.502954 -0.0186313 0.0152177 0.609171 0.792741 0.0217309 0.23108 -0.151224 -0.96111 -0.758626 0.590502 -0.275308 98.9418 13.3607 51.2358 0.543746 0.71339 0.358787 -0.258237 0
-0.502232 -0.0134531 0.0138864 0.609587 0.792453 0.0205375 0.22966 -0.151748 -0.961368 -0.758723 0.590754 -0.274498 98.9699 13.277 51.2203 0.543907 0.713413 0.358177 -0.258681 0
-0.501721 -0.00957959 0.0128641 0.60975 0.79235 0.0196421 0.228175 -0.151751 -0.961721 -0.759039 0.590892 -0.273325 98.9668 13.1897 51.2244 0.544214 0.713237 0.357709 -0.25917 0
-0.501637 -0.0076061 0.0114201 0.609915 0.792233 0.0192797 0.227106 -0.15143 -0.962025 -0.759228 0.591132 -0.27228 98.9454 13.1267 51.2239 0.544565 0.713026 0.357399 -0.259439 0
-0.501216 -0.00641859 0.0141874 0.609156 0.792827 0.0188227 0.226128 -0.150895 -0.962339 -0.760128 0.590472 -0.271199 98.9114 13.0692 51.2918 0.544762 0.71261 0.357473 -0.260067 0
-0.500474 -0.00276627 0.0152779 0.608784 0.793136 0.0178107 0.224274 -0.150524 -0.962831 -0.760975 0.590151 -0.269516 98.8854 12.9602 51.34 0.545148 0.712184 0.357144 -0.260875 0
-0.499725 -0.0025736 0.0223912 0.607157 0.794395 0.017236 0.223934 -0.15026 -0.962951 -0.762374 0.588522 -0.269123 98.869 12.9402 51.4661 0.544925 0.711783 0.357668 -0.261715 0
-0.499717 -0.00333407 0.0235262 0.606736 0.794713 0.0173767 0.223604 -0.149655 -0.963123 -0.762806 0.588247 -0.268502 98.8323 12.9208 51.5013 0.54511 0.711494 0.35781 -0.261924 1
-0.499817 -0.00381931 0.0236802 0.60674 0.794709 0.0174361 0.223901 -0.149813 -0.963029 -0.762716 0.588212 -0.268834 98.8423 12.9383 51.4978 0.544998 0.71158 0.357869 -0.26184 0
-0.500956 -0.00771169 0.0208381 0.607233 0.794306 0.0186121 0.224895 -0.149366 -0.962867 -0.762031 0.58887 -0.269335 98.8178 12.9967 51.45 0.545099 0.711677 0.358028 -0.26115 0
-0.501347 -0.0144263 0.0261424 0.606046 0.79518 0.0199101 0.227512 -0.149304 -0.962261 -0.762199 0.587704 -0.271398 98.8197 13.1506 51.5108 0.544367 0.71182 0.359182 -0.260701 0
-0.500851 -0.0182297 0.0347517 0.60437 0.796448 0.0201823 0.229651 -0.149898 -0.961661 -0.762888 0.585833 -0.273499 98.8596 13.2765 51.6133 0.543363 0.711998 0.360289 -0.260782 1
-0.50115 -0.0221565 0.0378259 0.603606 0.797007 0.0209667 0.230821 -0.149518 -0.96144 -0.763139 0.58517 -0.274215 98.8395 13.3454 51.6577 0.54311 0.711923 0.360934 -0.260622 1
-0.501892 -0.0232108 0.0334088 0.604321 0.796446 0.0216959 0.230388 -0.148615 -0.961684 -0.762704 0.586164 -0.273302 98.7848 13.3199 51.6088 0.543692 0.71173 0.360682 -0.260284 0
-0.50216 -0.0273493 0.0375506 0.603355 0.797156 0.0224785 0.231791 -0.14833 -0.96139 -0.763044 0.58527 -0.274269 98.7708 13.4026 51.6658 0.543313 0.71168 0.36145 -0.260147 0
-0.500721 -0.0252431 0.043599 0.602123 0.798114 0.0214848 0.231234 -0.148568 -0.961488 -0.764185 0.583902 -0.274007 98.7838 13.3697 51.7644 0.543035 0.711459 0.361703 -0.260978 0
-0.500546 -0.0244454 0.0441037 0.601804 0.798357 0.0213958 0.230141 -0.147703 -0.961883 -0.764766 0.583789 -0.272623 98.7299 13.3054 51.8003 0.543479 0.711008 0.361634 -0.261379 0
-0.500029 -0.0298971 0.055922 0.598904 0.800519 0.0219809 0.230926 -0.146354 -0.961901 -0.766804 0.581162 -0.272513 98.6512 13.3516 52.0088 0.543148 0.710241 0.363062 -0.262172 0
-0.499486 -0.0310806 0.0602023 0.598038 0.801167 0.021965 0.231522 -0.146454 -0.961743 -0.767299 0.580244 -0.273073 98.6585 13.3867 52.0669 0.542796 0.710205 0.363518 -0.262366 0
-0.500476 -0.0394704 0.0639384 0.59698 0.801902 0.0238266 0.233958 -0.145609 -0.961281 -0.767384 0.579441 -0.274537 98.6133 13.5302 52.1191 0.54241 0.710128 0.364674 -0.261769 0
-0.498448 -0.0398046 0.0762623 0.594633 0.803674 0.0228008 0.235105 -0.146693 -0.960837 -0.768854 0.576706 -0.276176 98.6804 13.5978 52.2816 0.54124 0.710194 0.365667 -0.262623 0
-0.497448 -0.0447277 0.0900101 0.59153 0.805957 0.0229262 0.236456 -0.146222 -0.960577 -0.770831 0.573631 -0.277068 98.6553 13.6775 52.4976 0.540426 0.709722