300,0,6.20152e-05,0.000213491,-1.36785e-05,0,0,0,0.60954,0.792513,0.019586,0.2108,-0.138216,-0.967709,-0.764215,0.593986,-0.25131,98.1284,12.1692,51.424,0.552271,0.706942,0.354808,-0.263327
306,1,0.00079322,0.00172055,0.00343954,0,0,0,0.608887,0.793031,0.0189442,0.210537,-0.138532,-0.967721,-0.764808,0.593221,-0.251313,98.1467,12.1538,51.4756,0.552051,0.706883,0.354927,-0.263786
312,1,0.00133833,0.000691772,0.00875369,0,0,0,0.607652,0.79398,0.0188399,0.210592,-0.138207,-0.967755,-0.765774,0.592026,-0.251188,98.1276,12.157,51.5676,0.551873,0.706585,0.355432,-0.264276
318,1,0.00197711,-0.000148563,0.0142208,0,0,0,0.606258,0.795047,0.0187244,0.210216,-0.137503,-0.967937,-0.766981,0.590756,-0.250494,98.0852,12.135,51.6755,0.551874,0.70609,0.355926,-0.264929
324,1,0.00268267,0.000438672,0.0173139,0,0,0,0.605497,0.795635,0.01837,0.209628,-0.13718,-0.96811,-0.767743,0.590039,-0.24985,98.065,12.1006,51.7381,0.551921,0.705784,0.35608,-0.26544
331,1,0.00251098,-0.0029716,0.0197918,0,0,0,0.60457,0.796321,0.0191696,0.209565,-0.135793,-0.96832,-0.76849,0.589435,-0.248977,97.9828,12.0969,51.8079,0.552223,0.70522,0.356586,-0.265634
337,1,0.00243875,-0.00466885,0.0200565,0,0,0,0.604338,0.796488,0.0195821,0.209501,-0.13515,-0.968423,-0.768691,0.589357,-0.248541,97.9447,12.0931,51.8259,0.552414,0.704987,0.35674,-0.265646
343,1,0.0023386,-0.00557864,0.0201098,0,0,0,0.604166,0.796613,0.0197904,0.209229,-0.134621,-0.968556,-0.7689,0.589309,-0.248008,97.9129,12.0772,51.8414,0.552616,0.704769,0.356799,-0.265729
349,1,0.00219244,-0.00517614,0.0182906,0,0,0,0.604323,0.796492,0.0198626,0.208157,-0.133773,-0.968904,-0.769067,0.589666,-0.246638,97.8609,12.0144,51.8402,0.553153,0.704403,0.35656,-0.2659
355,1,0.00238765,-0.00314964,0.0175548,0,0,0,0.604273,0.79654,0.0194463,0.20665,-0.133105,-0.969319,-0.769513,0.589752,-0.245036,97.8188,11.9261,51.8586,0.553654,0.703991,0.356251,-0.266362
361,1,0.00335473,-4.54511e-06,0.020244,0,0,0,0.603623,0.797057,0.0184426,0.205206,-0.13297,-0.969644,-0.770409,0.589083,-0.243825,97.8084,11.8416,51.921,0.553811,0.703636,0.356101,-0.267172
367,1,0.00546899,0.00764553,0.0251201,0,0,0,0.602746,0.797771,0.0161079,0.203038,-0.133818,-0.969984,-0.771669,0.587924,-0.242636,97.8549,11.7147,52.0068,0.55369,0.70342,0.355694,-0.268531
374,1,0.00669937,0.0109328,0.0290336,0,0,0,0.601801,0.798505,0.0150125,0.201572,-0.133674,-0.970309,-0.77279,0.586959,-0.241401,97.8439,11.6289,52.0908,0.553788,0.703007,0.355643,-0.269477
380,1,0.00765441,0.0143355,0.0305946,0,0,0,0.601412,0.798816,0.0140596,0.200189,-0.133635,-0.970601,-0.773452,0.586545,-0.240284,97.8394,11.548,52.1325,0.553961,0.702732,0.3554,-0.270157
386,1,0.00804488,0.0169213,0.0297916,0,0,0,0.601475,0.798777,0.0134953,0.198801,-0.133292,-0.970933,-0.773761,0.586675,-0.23897,97.8169,11.4668,52.1406,0.55435,0.702449,0.355036,-0.270577
392,1,0.00791419,0.0177458,0.0288002,0,0,0,0.601632,0.798661,0.0133995,0.198317,-0.1331,-0.971059,-0.773763,0.586877,-0.238465,97.8047,11.4385,52.1335,0.554542,0.702353,0.354871,-0.270649
398,1,0.00766163,0.0156094,0.0311701,0,0,0,0.600979,0.799144,0.0138535,0.19866,-0.132564,-0.971062,-0.774182,0.58634,-0.238427,97.7737,11.4586,52.1786,0.554524,0.702134,0.355276,-0.27072
404,1,0.00714817,0.0116072,0.0343239,0,0,0,0.600015,0.799852,0.0147924,0.199194,-0.131467,-0.971102,-0.774793,0.585622,-0.238208,97.7098,11.4898,52.2451,0.554603,0.701728,0.355923,-0.27076
410,1,0.00715784,0.00990977,0.0373672,0,0,0,0.599162,0.800486,0.0150936,0.199164,-0.130762,-0.971203,-0.77546,0.584914,-0.237776,97.6681,11.4881,52.3084,0.554668,0.701374,0.356319,-0.271028
416,1,0.00656812,0.00422982,0.0419055,0,0,0,0.597732,0.801528,0.0164087,0.199701,-0.129041,-0.971323,-0.776425,0.583868,-0.237198,97.5675,11.5195,52.4091,0.554863,0.700709,0.35722,-0.27116
423,1,0.00737252,0.00572589,0.0456383,0,0,0,0.596734,0.802282,0.0158706,0.198558,-0.128466,-0.971633,-0.777485,0.582957,-0.23596,97.5318,11.4527,52.4931,0.555047,0.700207,0.357337,-0.271925
429,1,0.00688879,0.00207695,0.0474884,0,0,0,0.595879,0.802897,0.0168542,0.198338,-0.126797,-0.971898,-0.778197,0.582477,-0.2348,97.433,11.4398,52.5581,0.555491,0.699549,0.357814,-0.272083
435,1,0.0067873,-0.000738274,0.0500296,0,0,0,0.594816,0.803669,0.0175979,0.197639,-0.124988,-0.972274,-0.779187,0.581802,-0.233181,97.3253,11.3989,52.6426,0.556023,0.698746,0.358252,-0.272484
442,1,0.00755049,0.000132928,0.053055,0,0,0,0.593871,0.804374,0.0172888,0.196434,-0.124122,-0.972629,-0.780212,0.581012,-0.231719,97.2725,11.3285,52.7228,0.556334,0.69816,0.358373,-0.273191
448,1,0.00826193,0.00104967,0.0548758,0,0,0,0.593224,0.804857,0.0170614,0.195343,-0.123354,-0.972946,-0.780978,0.580508,-0.2304,97.2256,11.2648,52.78,0.556657,0.697671,0.358407,-0.273738
454,1,0.00949575,0.00112711,0.0624166,0,0,0,0.591314,0.806269,0.0166821,0.194324,-0.122379,-0.973274,-0.782679,0.578752,-0.229041,97.1667,11.2052,52.929,0.556753,0.69691,0.358939,-0.274783
461,1,0.0110385,0.00200857,0.0686757,0,0,0,0.589843,0.807358,0.0160457,0.193689,-0.12216,-0.973428,-0.783945,0.577277,-0.228432,97.1529,11.1682,53.0421,0.556608,0.696497,0.359315,-0.275629
468,1,0.011384,-0.000365916,0.0736721,0,0,0,0.588724,0.808169,0.0163026,0.194382,-0.121967,-0.973314,-0.784614,0.576182,-0.228899,97.1426,11.2086,53.1178,0.556295,0.696346,0.359933,-0.275837
474,1,0.0130844,-0.0026775,0.0883715,0,0,0,0.585619,0.810432,0.0158257,0.195743,-0.122444,-0.972981,-0.786597,0.572894,-0.230342,97.1727,11.2881,53.3324,0.555165,0.696133,0.361344,-0.276805
480,1,0.0126144,-0.00930834,0.0935595,0,0,0,0.5844,0.811286,0.0171011,0.197842,-0.122012,-0.972611,-0.786979,0.571777,-0.23181,97.1503,11.4108,53.4029,0.554657,0.6961,0.362422,-0.276497
486,1,0.0119347,-0.0147207,0.0959399,0,0,0,0.58368,0.811777,0.018322,0.199032,-0.121158,-0.972475,-0.787213,0.57126,-0.232287,97.1017,11.4803,53.4449,0.55458,0.695903,0.363129,-0.276221
492,1,0.0123726,-0.0156522,0.0993885,0,0,0,0.582971,0.812287,0.0182727,0.199571,-0.121357,-0.972339,-0.787602,0.570492,-0.232856,97.1142,11.5119,53.4917,0.554247,0.695914,0.3635,-0.276374
498,1,0.013991,-0.0135285,0.107145,0,0,0,0.581509,0.81336,0.0170958,0.199821,-0.122428,-0.972154,-0.788618,0.568733,-0.233719,97.1777,11.5265,53.5958,0.55348,0.695999,0.363931,-0.277128
505,1,0.0150136,-0.0143855,0.114673,0,0,0,0.580135,0.814351,0.0166135,0.201235,-0.123534,-0.971722,-0.789271,0.567073,-0.235542,97.2451,11.6092,53.6831,0.552508,0.696278,0.364648,-0.277424
511,1,0.0173489,-0.0131423,0.127693,0,0,0,0.57756,0.816206,0.0152518,0.201785,-0.124633,-0.971468,-0.791017,0.564158,-0.236681,97.3107,11.6413,53.865,0.551418,0.696217,0.365543,-0.278564
517,1,0.0167048,-0.0215588,0.136819,0,0,0,0.575244,0.817809,0.0168486,0.203879,-0.123399,-0.971188,-0.792167,0.562105,-0.237718,97.2412,11.7639,54.0142,0.550937,0.695766,0.367109,-0.278584
523,1,0.0157763,-0.0260871,0.137083,0,0,0,0.574848,0.81806,0.0180918,0.204334,-0.122105,-0.971256,-0.792336,0.562021,-0.23735,97.1656,11.7905,54.0387,0.551224,0.695396,0.367558,-0.278347
530,1,0.0144251,-0.0341291,0.139471,0,0,0,0.573706,0.818813,0.0201564,0.205157,-0.119833,-0.971365,-0.792951,0.561414,-0.236734,97.0328,11.8387,54.114,0.55162,0.694671,0.368509,-0.278115
536,1,0.014758,-0.0384422,0.146695,0,0,0,0.571897,0.820064,0.0207241,0.206065,-0.119161,-0.971256,-0.794022,0.559728,-0.237134,96.9945,11.8919,54.2366,0.551272,0.694297,0.369485,-0.278447
543,1,0.0154482,-0.035654,0.148048,0,0,0,0.571532,0.820336,0.0200169,0.204934,-0.119073,-0.971506,-0.794578,0.559348,-0.236169,96.9876,11.8256,54.2729,0.551428,0.694041,0.369312,-0.279004
549,1,0.0136632,-0.0456036,0.148931,0,0,0,0.570765,0.820801,0.022667,0.206697,-0.116907,-0.971395,-0.794672,0.559123,-0.236384,96.8625,11.9289,54.3126,0.551696,0.693551,0.370376,-0.27828
555,1,0.0166467,-0.0447037,0.163534,0,0,0,0.56757,0.823048,0.0213522,0.206819,-0.117423,-0.971307,-0.796926,0.555701,-0.236868,96.8931,11.936,54.5416,0.550745,0.693156,0.371441,-0.279725
562,1,0.0176478,-0.0476072,0.172633,0,0,0,0.565267,0.824625,0.0216053,0.207197,-0.116581,-0.971328,-0.798463,0.553536,-0.23676,96.8441,11.9582,54.7036,0.550437,0.692569,0.372462,-0.280426
568,1,0.0170816,-0.0513607,0.173522,0,0,0,0.564542,0.825091,0.0227522,0.206915,-0.114783