108,0,-0.222627,0.139637,1.78844,-nan,-nan,-nan,0.603022,0.797684,0.00805745,0.210862,-0.149647,-0.965993,-0.769352,0.584214,-0.258441,98.806,12.1729,51.9105,0.546565,0.709068,0.355588,-0.268414
116,1,-0.230871,0.148069,1.79178,-nan,-nan,-nan,0.558348,0.829489,-0.0139931,0.19981,-0.150829,-0.968156,-0.805185,0.537773,-0.249955,98.8549,11.5258,55.261,0.537951,0.699845,0.367688,-0.292628
125,0,-0.234076,0.149387,1.79335,-nan,-nan,-nan,0.527126,0.849298,-0.0288343,0.172934,-0.140431,-0.974871,-0.832005,0.508893,-0.220897,98.1971,9.95844,57.6433,0.539861,0.687105,0.371934,-0.313212
133,1,-0.233838,0.147279,1.79019,-nan,-nan,-nan,0.502993,0.863897,-0.0260925,0.141789,-0.11226,-0.983511,-0.852581,0.490999,-0.178957,96.5117,8.15138,59.4609,0.550403,0.669741,0.375401,-0.32799
140,1,-0.233115,0.147255,1.7888,-nan,-nan,-nan,0.474675,0.88014,-0.00617844,0.141928,-0.0834683,-0.986352,-0.868643,0.467319,-0.164537,94.837,8.15943,61.3454,0.553776,0.656254,0.389356,-0.333263
149,1,-0.233526,0.146646,1.78407,-nan,-nan,-nan,0.452897,0.89153,-0.00765728,0.12974,-0.0744004,-0.988753,-0.882072,0.44681,-0.149363,94.3032,7.45459,62.8219,0.554332,0.64743,0.394356,-0.343562
157,1,-0.253476,0.141822,1.77616,-nan,-nan,-nan,0.488418,0.864182,-0.120982,0.0446029,-0.163187,-0.985586,-0.871469,0.475982,-0.118249,99.4014,2.5564,60.7314,0.549314,0.665179,0.341556,-0.373001
165,1,-0.257526,0.143502,1.77597,-nan,-nan,-nan,0.48783,0.860096,-0.149186,0.0198021,-0.18176,-0.983144,-0.872714,0.476653,-0.1057,100.474,1.13465,60.7956,0.547807,0.6662,0.330193,-0.383481
173,1,-0.252038,0.145372,1.77234,-nan,-nan,-nan,0.48001,0.860456,-0.1709,0.00338,-0.196623,-0.980473,-0.877257,0.470059,-0.0972893,101.34,0.19366,61.3138,0.544541,0.665943,0.32429,-0.393486
182,1,-0.254974,0.142388,1.7696,-nan,-nan,-nan,0.558583,0.819375,-0.128877,0.124232,-0.23627,-0.963713,-0.820092,0.522304,-0.233769,103.775,7.13638,55.7403,0.521667,0.712149,0.331253,-0.333136
190,1,-0.255571,0.141077,1.76897,-nan,-nan,-nan,0.590082,0.7949,-0.141199,0.139587,-0.27271,-0.951916,-0.795185,0.541999,-0.271879,105.986,8.02393,53.422,0.511247,0.730526,0.319799,-0.320449
198,1,-0.255765,0.139934,1.76804,-nan,-nan,-nan,0.611462,0.778609,-0.141005,0.165247,-0.299923,-0.939542,-0.773827,0.551193,-0.312054,107.704,9.51159,51.6849,0.499871,0.74556,0.316492,-0.30676
206,1,-0.255143,0.138108,1.75785,-nan,-nan,-nan,0.605115,0.777184,-0.17269,0.209499,-0.364706,-0.907249,-0.76808,0.512811,-0.383508,111.9,12.093,51.768,0.462845,0.767028,0.321593,-0.306628
213,1,-0.251964,0.141554,1.7553,-nan,-nan,-nan,0.666223,0.727181,-0.165392,0.291697,-0.45821,-0.839617,-0.686338,0.511128,-0.517387,118.623,16.9596,45.852,0.41552,0.812684,0.31343,-0.262011
221,1,-0.255857,0.140095,1.7352,-nan,-nan,-nan,0.66967,0.731996,-0.125393,0.339749,-0.452099,-0.824728,-0.660388,0.509694,-0.551452,118.731,19.8616,44.6001,0.408081,0.8175,0.327751,-0.2403
230,1,-0.258725,0.135999,1.72543,-nan,-nan,-nan,0.691859,0.712069,-0.11954,0.370078,-0.491878,-0.788098,-0.619979,0.501013,-0.603831,121.97,21.7204,41.8637,0.386054,0.8348,0.324074,-0.221466
238,0,-0.258695,0.135739,1.71752,-nan,-nan,-nan,0.717321,0.687526,-0.11295,0.385837,-0.526964,-0.757257,-0.580155,0.499617,-0.643276,124.833,22.6957,38.9652,0.369825,0.849641,0.315828,-0.203941
246,0,-0.257356,0.136194,1.7068,-nan,-nan,-nan,0.735734,0.66899,-0.105587,0.385501,-0.541839,-0.74686,-0.556853,0.508786,-0.656546,125.961,22.6748,37.1209,0.36652,0.856463,0.307804,-0.193365
252,0,-0.255813,0.135153,1.69921,-0.117322,0.112229,0.701197,0.748641,0.657147,-0.0877164,0.398013,-0.551301,-0.733248,-0.53021,0.514027,-0.67428,126.938,23.454,35.3073,0.361614,0.862297,0.305916,-0.179151
261,0,-0.254486,0.135224,1.69359,-0.117322,0.112229,0.701197,0.75064,0.657766,-0.062319,0.418127,-0.545951,-0.726021,-0.511575,0.518923,-0.684843,126.942,24.7164,34.2751,0.360502,0.863342,0.311549,-0.166184
267,0,-0.264334,0.138072,1.68786,-0.117322,0.112229,0.701197,0.702374,0.711575,-0.0182339,0.565827,-0.573686,-0.59222,-0.431869,0.405642,-0.80557,134.089,34.4597,31.5862,0.284217,0.877729,0.363837,-0.128201
275,0,-0.276345,0.137651,1.67961,-0.117322,0.112229,0.701197,0.810586,0.58281,0.0572939,0.437097,-0.536996,-0.721513,-0.389738,0.609892,-0.690026,126.659,25.9188,25.6787,0.381957,0.871437,0.292594,-0.0953725
282,0,-0.286752,0.136381,1.67314,-0.117322,0.112229,0.701197,0.824898,0.553371,0.115431,0.462255,-0.542806,-0.701201,-0.325368,0.631777,-0.703558,127.744,27.5327,21.526,0.380307,0.876251,0.289765,-0.0598963
290,0,-0.304602,0.132963,1.66957,-0.117322,0.112229,0.701197,0.829854,0.535252,0.157632,0.495389,-0.57675,-0.649576,-0.256773,0.617142,-0.743776,131.601,29.6954,17.1931,0.356836,0.887465,0.290333,-0.0279282
297,0,-0.309831,0.132843,1.66615,-0.117322,0.112229,0.701197,0.833615,0.523327,0.176675,0.507358,-0.59905,-0.619457,-0.218341,0.606026,-0.764892,134.041,30.488,14.6773,0.342664,0.894086,0.288195,-0.0116505
305,0,-0.308378,0.133915,1.66057,-0.117322,0.112229,0.701197,0.836195,0.515075,0.188352,0.518406,-0.630255,-0.577956,-0.178981,0.580927,-0.794034,137.479,31.2254,12.0814,0.320899,0.902841,0.286175,0.00259472
312,0,-0.305197,0.133325,1.65452,-0.117322,0.112229,0.701197,0.837589,0.520417,0.166167,0.510202,-0.636444,-0.578475,-0.195293,0.569303,-0.798596,137.732,30.6773,13.1246,0.317234,0.90452,0.284852,-0.00805009
319,0,-0.299804,0.133305,1.64419,-0.117322,0.112229,0.701197,0.818694,0.565105,0.101957,0.502975,-0.620047,-0.602128,-0.277047,0.544241,-0.791863,135.84,30.197,18.6959,0.318898,0.898694,0.29712,-0.0487068
326,0,-0.29381,0.134682,1.63391,-0.117322,0.112229,0.701197,0.78786,0.614046,0.047169,0.493368,-0.583468,-0.645099,-0.368599,0.531519,-0.762642,132.128,29.5622,25.0725,0.332321,0.885151,0.312775,-0.0907838
333,1,-0.289284,0.13453,1.61989,-0.117322,0.112229,0.701197,0.754229,0.6545,0.0526133,0.490742,-0.50865,-0.707423,-0.436247,0.559378,-0.70483,125.717,29.3894,30.0451,0.367678,0.861352,0.332397,-0.111346
340,1,-0.284137,0.133838,1.59974,-0.117322,0.112229,0.701197,0.712848,0.694715,0.096015,0.479804,-0.383247,-0.789246,-0.511504,0.608681,-0.606524,115.901,28.6726,35.6613,0.42517,0.821982,0.357222,-0.126368
346,0,-0.279507,0.132261,1.58172,-0.117322,0.112229,0.701197,0.669916,0.733949,0.111943,0.482681,-0.315989,-0.816804,-0.56412,0.601223,-0.56595,111.149,28.8607,40.0999,0.44384,0.798726,0.380803,-0.141531
354,1,-0.276043,0.131914,1.56888,-0.117322,0.112229,0.701197,0.639508,0.762758,0.0960692,0.471522,-0.29046,-0.832646,-0.607204,0.577783,-0.545409,109.231,28.1331,43.5157,0.44823,0.786666,0.39225,-0.162437
360,0,-0.271556,0.132112,1.55659,-0.117322,0.112229,0.701197,0.603751,0.793469,0.0767574,0.461743,-0.269593,-0.845052,-0.649829,0.545643,-0.529146,107.694,27.4996,47.1051,0.448612,0.774998,0.404908,-0.184862
368,0,-0.266913,0.1318,1.54209,-0.117322,0.112229,0.701197,0.583425,0.809689,0.0633911,0.438343,-0.248218,-0.863854,-0.683718,0.531781,-0.499738,106.031,25.9982,49.5255,0.45702,0.763443,0.408685,-0.203135
374,0,-0.262496,0.129751,1.52632,-0.117322,0.112229,0.701197,0.596094,0.801718,0.0438191,0.405097,-0.253181,-0.878519,-0.69323,0.541431,-0.475694,106.077,23.8972,49.3085,0.465623,0.762392,0.395733,-0.212952
382,0,-0.257451,0.127304,1.50452,-0.117322,0.112229,0.701197,0.560365,0.828149,0.012677,0.398411,-0.256102,-0.880727,-0.726126,0.498579,-0.473455,106.214,23.4789,52.342,0.455743,0.756624,0.405274,-0.235734
388,0,-0.256062,0.1205,1.48163,-0.117322,0.112229,0.701197,0.483327,0.875164,-0.0219543,0.452177,-0.271041,-0.849749,-0.74962,0.40078,-0.526731,107.691,26.8835,57.1876,0.413991,0.755165,0.439421,-0.255432
395,0,-0.267427,0.127066,1.50888,-0.117322,0.112229,0.701197,0.602662,0.796969,0.040488,0.517126,-0.351399,-0.780448,-0.607765,0.491284,-0.623908,114.24,31.1397,45.2416,0.396029,0.802803,0.409221,-0.176655
402,0,-0.264128,0.120673,1.46828,-0.117322,0.112229,0.701197,0.582036,0.806971,-0.100156,0.33564,-0.350599,-0.874315,-0.740661,0.475266,-0.474913,111.851,19.6115,51.8386,0.434892,0.775814,0.368198,-0.270947
410,0,-0.264456,0.118496,1.45985,-0.117322,0.112229,0.701197,0.543752,0.8209,-0.17452,0.375487,-0.423936,-0.824189,-0.750562,0.382625,-0.538754,117.22,22.0544,54.0782,0.381137,0.791587,0.377844,-0.29216
418,0,-0.27721,0.130799,1.45328,-0.117322,0.112229,0.701197,0.533044,0.838181,-0.115397,0.497952,-0.42105,-0.758129,-0.684038,0.346654,-0.641812,119.047,29.8646,52.0721,0.342849,0.805591,0.414644,-0.24809
425,0,-0.28567,0.13757,1.44872,-0.117322,0.112229,0.701197,0.536246,0.838774,-0.0943291,0.508601,-0.410288,-0.75696,-0.673621,0.357941,-0.646617,118.459,30.5707,51.4779,0.346173,0.805163,0.418355,-0.238445
433,0,-0.286992,0.133684,1.44676,-0.117322,0.112229,0.701197,0.547879,0.82655,-0.129012,0.50334,-0.448884,-0.738344,-0.668189,0.339587,-0.66197,121.298,30.2212,50.6501,0.33054,0.815281,0.407801,-0.244456
440,0,-0.284724,0.133588,1.44671,-0.117322,0.112229,0.701197,0.534029,0.836645,-0.121809,0.512038,-0.434695,-0.740849,-0.672778,0.333264,-0.660534,120.402,30.7997,51.5586,0.33121,0.810749,0.415876,-0.245016
448,0,-0.283357,0.134367,1.44137,-0.117322,0.112229,0.701197,0.52326,0.847193,-0.0919943,0.518004,-0.40193,-0.755066,-0.676662,0.347442,-0.649163,118.027,31.1984,52.2854,0.343572,0.802239,0.425433,-0.239535
455,0,-0.280341,0.137886,1.42913,-0.117322,0.112229,0.701197,0.465989,0.877435,-0.113849,0.503635,-0.368837,-0.781224,-0.727465,0.306703,-0.613781,115.273,30.2408,57.3578,0.347624,0.782401,0.441292,-0.268824
464,0,-0.276987,0.14774,1.4204,-0.117322,0.112229,0.701197,0.440358,0.892963,-0.0932868,0.522444,-0.339358,-0.782233,-0.730162,0.295725,-0.615962,113.453,31.4963,58.906,0.348223,0.773899,0.457232,-0.266007
472,0,-0.26231,0.14917,1.41042,-0.117322,0.112229,0.701197,0.467469,0.883849,-0.0168314,0.495306,-0.277644,-0.823156,-0.732219,0.376464,-0.567566,108.639,29.6899,57.4447,0.394417,0.760375,0.453446,-0.246277
479,0,-0.262203,0.178557,1.41248,-0.117322,0.112229,0.701197,0.416093,0.900163,-0.128737,0.553061,-0.362902,-0.74995,-0.721797,0.240849,-0.648846,115.822,33.5773,60.0379,0.31794,0.779077,0.466329,-0.27293
487,0,-0.251419,0.194185,1.41504,-0.117322,0.112229,0.701197,0.406699,0.903411,-0.135807,0.561631,-0.364495,-0.742774,-0.720532,0.225812,-0.655624,116.138,34.1687,60.5577,0.310878,0.778912,0.470221,-0.274851
495,1,-0.238411,0.211871,1.41779,-0.117322,0.112229,0.701197,0.393414,0.911685,-0.118555,0.541578,-0.334021,-0.771442,-0.742913,0.239289,-0.625157,113.412,32.7911,62.0963,0.329483,0.766908,0.473741,-0.280825
503,0,-0.229761,0.233479,1.42265,-0.117322,0.112229,0.701197,0.401205,0.911479,-0.0907787,0.541343,-0.315888,-0.779206,-0.738906,0.263479,-0.620159,112.067,32.7751,61.4993,0.341013,0.764404,0.475149,-0.27135
511,0,-0.229107,0.249789,1.43252,-0.117322,0.112229,0.701197,0.429796,0.901064,-0.0579496,0.557059,-0.315126,-0.768362,-0.710605,0.297958,-0.637386,112.3,33.8527,58.8331,0.345429,0.771736,0.472352,-0.248969
518,1,-0.23111,0.263057,1.44491,-0.117322,0.112229,0.701197,0.437855,0.898244,-0.0379441,0.576845,-0.313058,-0.754482,-0.689588,0.308466,-0.655222,112.535,35.229,57.5864,0.342627,0.775586,0.475476,-0.23451
525,0,-0.232062,0.268701,1.45189,-0.117322,0.112229,0.701197,0.45154,0.889848,-0.0654421,0.592291,-0.353787,-0.723897,-0.66731,0.288107,-0.686798,116.046,36.3198,55.9155,0.320529,0.789323,0.469433,-0.232082
534,0,-0.235002,0.274774,1.45563,-0.117322,0.112229,0.701197,0.45681,0.889563,0.00171433,0.587054,-0.300016,-0.751903,-0.66835,0.344483,-0.659272,111.752,35.9482,55.6478,0.352676,0.77719,0.474986,-0.214438
541,1,-0.236753,0.277445,1.45652,-0.117322,0.112229,0.701197,0.520328,0.853494,0.0283817,0.575483,-0.325898,-0.750073,-0.630934,0.406618,-0.660746,113.484,35.1335,50.4877,0.365269,0.791671,0.451254,-0.190278
548,0,-0.237709,0.281013,1.45955,-0.117322,0.112229,0.701197,0.564831,0.823442,0.053927,0.568366,-0.340821,-0.748867,-0.598269,0.453634,-0.660523,114.471,34.6363,46.6467,0.375329,0.800964,0.434416,-0.169902
556,0,-0.240326,0.282657,1.4625,-0.117322,0.112229,0.701197,0.613748,0.787841,0.0511876,0.5536,-0.383231,-0.739365,-0.562886,0.482121,-0.671356,117.399,33.6144,42.5248,0.373886,0.816752,0.410602,-0.156626
563,0,-0.241371,0.282385,1.46571,-0.117322,0.112229,0.701197,0.641753,0.765491,0.0466582,0.535145,-0.403402,-0.742217,-0.549338,0.501289,-0.668533,118.525,32.3538,40.5634,0.377431,0.823664,0.394771,-0.152574
571,0,-0.245396,0.284343,1.47826,-0.117322,0.112229,0.701197,0.664783,0.746808,0.0184486,0.498917,-0.425468,-0.755022,-0.556008,0.511131,-0.655439,119.402,29.9284,39.9082,0.382059,0.828506,0.375895,-0.162207
578,0,-0.250028,0.283457,1.48833,-0.117322,0.112229,0.701197,0.695834,0.718137,-0.00968524,0.483181,-0.478066,-0.733477,-0.531368,0.505699,-0.679645,123.096,28.8933,37.3669,0.366784,0.844622,0.355579,-0.160146
585,0,-0.255399,0.284739,1.50324,-0.117322,0.112229,0.701197,0.717469,0.696054,0.0273303,0.50112,-0.48849,-0.714322,-0.483856,0.5262,-0.699283,124.366,30.0741,33.9955,0.363901,0.852239,0.351185,-0.13392
593,0,-0.262144,0.287652,1.51597,-0.117322,0.112229,0.701197,0.730206,0.680146,0.064816,0.516975,-0.488005,-0.703269,-0.446695,0.54704,-0.707963,124.757,31.1295,31.4557,0.365458,0.855303,0.349911,-0.111621
601,0,-0.266515,0.289309,1.52798,-0.117322,0.112229,0.701197,0.76423,0.640341,0.0769108,0.50609,-0.521495,-0.686961,-0.399781,0.56392,-0.722613,127.203,30.4038,27.6148,0.360597,0.867228,0.330487,-0.0930752
608,0,-0.271954,0.294205,1.54152,-0.117322,0.112229,0.701197,0.735451,0.660354,0.151803,0.54707,-0.446516,-0.708052,-0.399782,0.603785,-0.689651,122.237,33.1662,28.528,0.387067,0.847292,0.35626,-0.0731682
616,0,-0.276223,0.294516,1.54963,-0.117322,0.112229,0.701197,0.754842,0.638454,0.1503,0.52813,-0.455731,-0.716511,-0.388963,0.620231,-0.681191,122.458,31.8792,27.2616,0.39304,0.850259,0.343008,-0.0701735
623,0,-0.280014,0.295318,1.55847,-0.117322,0.112229,0.701197,0.838052,0.53588,0.102477,0.431111,-0.535304,-0.726356,-0.334383,0.652903,-0.679636,126.389,25.5381,21.752,0.394687,0.873641,0.276713,-0.066362
631,0,-0.283214,0.295544,1.56993,-0.117322,0.112229,0.701197,0.894137,0.443287,0.0633679,0.342345,-0.585484,-0.734853,-0.28865,0.678753,-0.67526,128.546,20.0198,17.8914,0.39793,0.888099,0.221156,-0.0634169
638,0,-0.284937,0.296337,1.58031,-0.117322,0.112229,0.701197,0.930932,0.364922,0.0140599,0.257544,-0.628737,-0.733731,-0.258914,0.686674,-0.679295,130.593,14.9244,15.5425,0.39462,0.899856,0.172935,-0.068026
646,0,-0.287605,0.298155,1.59041,-0.117322,0.112229,0.701197,0.96262,0.268169,0.0380509,0.210855,-0.653773,-0.72672,-0.170007,0.707578,-0.685879,131.975,12.1725,10.0156,0.394642,0.908608,0.131802,-0.0363071
654,1,-0.287578,0.289648,1.58263,-0.117322,0.112229,0.701197,0.975994,0.21008,0.0574619,0.178607,-0.621031,-0.763165,-0.12464,0.755107,-0.643644,129.137,10.2886,7.27762,0.421699,0.900093,0.107957,-0.0186587
662,0,-0.287851,0.288197,1.58103,-0.117322,0.112229,0.701197,0.983536,0.172052,0.0552751,0.151459,-0.617965,-0.771479,-0.0985763,0.767149,-0.633849,128.695,8.71149,5.72344,0.427704,0.899354,0.0899287,-0.0120368
669,0,-0.288124,0.288228,1.58101,-0.117322,0.112229,0.701197,0.989262,0.142404,0.0329032,0.117875,-0.64426,-0.755669,-0.0864119,0.751433,-0.654127,130.45,6.76946,4.99211,0.415594,0.906594,0.0717738,-0.0147554
677,0,-0.288674,0.28829,1.57699,-0.117322,0.112229,0.701197,0.99296,0.114611,0.0299239,0.0969959,-0.641709,-0.76079,-0.0679928,0.758336,-0.648308,130.147,5.56621,3.91721,0.419208,0.905949,0.0583938,-0.0105052
686,0,-0.289074,0.287047,1.5729,-0.117322,0.112229,0.701197,0.992978,0.100249,0.0628149,0.112848,-0.643276,-0.757273,-0.0355083,0.759043,-0.650071,130.347,6.47951,2.04799,0.41822,0.906411,0.0587748,0.0075315
694,0,-0.289247,0.285907,1.5697,-0.117322,0.112229,0.701197,0.995226,0.0684537,0.0695721,0.0974228,-0.65353,-0.750605,-0.00591422,0.753799,-0.657079,131.045,5.59078,0.340481,0.413708,0.909098,0.0456157,0.0175058
702,0,-0.291051,0.286057,1.56741,-0.117322,0.112229,0.701197,0.998697,-0.00821167,0.0503703,0.0319705,-0.66865,-0.74289,0.0397805,0.743532,-0.667516,131.989,1.83209,-2.28102,0.40698,0.91308,0.00650514,0.0246832
711,0,-0.290708,0.285717,1.56447,-0.117322,0.112229,0.701197,0.999768,-0.010989,0.018511,0.00619987,-0.676477,-0.736438,0.020615,0.736382,-0.676252,132.57,0.355228,-1.18126,0.402194,0.915491,-0.00130779,0.0106844
718,0,-0.291479,0.284856,1.55956,-0.117322,0.112229,0.701197,0.999389,-0.0228931,0.0263991,0.00419162,-0.671495,-0.740997,0.0346905,0.740655,-0.670989,132.183,0.240163,-1.98804,0.405249,0.91404,-0.00511505,0.0167087
726,0,-0.291888,0.285177,1.55493,-0.117322,0.112229,0.701197,0.996617,-0.0252007,0.0782261,0.0420452,-0.661498,-0.748768,0.0706159,0.749524,-0.6582,131.459,2.40972,-4.05295,0.411375,0.910538,0.00462488,0.0408665
734,0,-0.293486,0.285304,1.55113,-0.117322,0.112229,0.701197,0.99351,-0.107804,0.0362784,-0.0409794,-0.636771,-0.769963,0.106106,0.763479,-0.637056,129.591,-2.3486,-6.09604,0.42417,0.903789,-0.0411555,0.0393855
742,0,-0.29307,0.283711,1.54489,-0.117322,0.112229,0.701197,0.996456,-0.083283,0.0117802,-0.0444647,-0.640456,-0.766707,0.0713983,0.763466,-0.641889,129.873,-2.54848,-4.09837,0.422526,0.905373,-0.0352749,0.022968
750,0,-0.292239,0.282348,1.53994,-0.117322,0.112229,0.701197,0.994862,-0.0984775,0.0235104,-0.0468675,-0.653779,-0.755233,0.0897441,0.75025,-0.655035,130.882,-2.68629,-5.15456,0.41414,0.908801,-0.0399826,0.0311549
757,0,-0.289965,0.279838,1.5354,-0.117322,0.112229,0.701197,0.996667,-0.0710435,0.0400855,-0.0173352,-0.664654,-0.74695,0.079709,0.743766,-0.663671,131.663,-0.993285,-4.57253,0.408761,0.911728,-0.0242339,0.0328482
765,0,-0.286039,0.277793,1.5285,-0.117322,0.112229,0.701197,0.998008,-0.0305694,0.0551779,0.0203142,-0.672376,-0.739931,0.0597196,0.739578,-0.670416,132.261,1.164,-3.42442,0.404727,0.913893,-0.00280538,0.0314308
774,0,-0.281662,0.27493,1.51912,-0.117322,0.112229,0.701197,0.99561,0.0591851,0.0725136,0.0933286,-0.686738,-0.720889,0.00713201,0.724491,-0.689247,133.61,5.35513,-0.410429,0.393581,0.918095,0.0415299,0.0216877
782,0,-0.275848,0.272076,1.50914,-0.117322,0.112229,0.701197,0.995594,0.0755994,0.0554689,0.0920753,-0.676395,-0.730761,-0.0177262,0.732649,-0.680376,132.787,5.28301,1.02002,0.399632,0.915473,0.0457891,0.0103069
790,0,-0.273877,0.267841,1.4988,-0.117322,0.112229,0.701197,0.994021,0.0853091,0.0681552,0.108147,-0.683076,-0.722296,-0.0150632,0.725348,-0.688218,133.401,6.20854,0.868181,0.394565,0.91724,0.0527279,0.0144706
798,0,-0.267294,0.262549,1.49025,-0.117322,0.112229,0.701197,0.996489,0.07427,0.0386454,0.0791711,-0.6858,-0.723471,-0.0272292,0.723991,-0.689272,133.469,4.54092,1.56522,0.39415,0.918091,0.0417827,0.0031087
806,1,-0.258699,0.258769,1.48355,-0.117322,0.112229,0.701197,0.996322,0.0851348,0.00975569,0.0625589,-0.644827,-0.761764,-0.0585619,0.759572,-0.647781,130.248,3.5867,3.36387,0.419438,0.90677,0.0407197,-0.0134561
813,0,-0.257927,0.257638,1.47763,-0.117322,0.112229,0.701197,0.995655,0.0919425,0.0147241,0.0716757,-0.655837,-0.751492,-0.0594374,0.749282,-0.659578,131.112,4.11024,3.41632,0.412383,0.909817,0.0449591,-0.0122864
821,0,-0.254981,0.257683,1.4738,-0.117322,0.112229,0.701197,0.991974,0.11923,0.0420942,0.110746,-0.658624,-0.744278,-0.061016,0.742966,-0.666542,131.506,6.35835,3.51981,0.408291,0.910651,0.0631352,-0.0051946
829,0,-0.251502,0.258036,1.47543,-0.117322,0.112229,0.701197,0.973043,0.213925,0.0861627,0.206561,-0.642246,-0.738141,-0.102569,0.736041,-0.669122,131.026,11.9209,6.01735,0.406717,0.906147,0.116009,-0.00452633
836,0,-0.249892,0.258224,1.47849,-0.117322,0.112229,0.701197,0.953315,0.282878,0.10569,0.263338,-0.60746,-0.74943,-0.147795,0.742275,-0.653594,129.027,15.2682,8.81257,0.416011,0.896433,0.152331,-0.0117425
844,0,-0.246686,0.257337,1.48044,-0.117322,0.112229,0.701197,0.939165,0.330551,0.0932982,0.28298,-0.590732,-0.755618,-0.194656,0.736052,-0.648334,128.018,16.4381,11.7096,0.41836,0.89138,0.172073,-0.0284272
851,1,-0.250991,0.25801,1.48433,-0.117322,0.112229,0.701197,0.899605,0.42805,0.0865146,0.337272,-0.555157,-0.760295,-0.277414,0.713144,-0.643791,126.136,19.7108,17.1384,0.418526,0.880135,0.217387,-0.0542246
860,0,-0.258009,0.25418,1.48871,-0.117322,0.112229,0.701197,0.898988,0.435875,0.0428107,0.30102,-0.543918,-0.783288,-0.31813,0.717054,-0.620183,124.776,17.5189,19.4876,0.428628,0.875084,0.210521,-0.0786552
868,0,-0.261607,0.246626,1.48926,-0.117322,0.112229,0.701197,0.866123,0.494767,0.0709652,0.34603,-0.491083,-0.799438,-0.360686,0.716968,-0.596542,121.562,20.2447,22.6087,0.441163,0.859324,0.24461,-0.0842875
876,0,-0.270511,0.242046,1.49577,-0.117322,0.112229,0.701197,0.827586,0.556817,0.0711105,0.395278,-0.488118,-0.778136,-0.398569,0.672083,-0.624057,122.1,23.2833,25.7157,0.42291,0.857287,0.277648,-0.0954928
884,0,-0.280847,0.241218,1.50197,-0.117322,0.112229,0.701197,0.779665,0.621161,0.0792576,0.442706,-0.457257,-0.771316,-0.44287,0.636456,-0.631498,120.661,26.2767,29.5977,0.415605,0.846821,0.314077,-0.107346
891,0,-0.281904,0.237585,1.51264,-0.117322,0.112229,0.701197,0.800203,0.59865,0.0359647,0.404818,-0.49492,-0.76888,-0.44249,0.629819,-0.638381,122.769,23.8797,28.9414,0.40832,0.856374,0.292941,-0.118676
899,0,-0.2894,0.234775,1.51898,-0.117322,0.112229,0.701197,0.796083,0.604984,-0.0156887,0.366811,-0.502972,-0.782603,-0.481353,0.617263,-0.622323,122.729,21.5191,31.1594,0.409508,0.854602,0.284283,-0.145402
906,0,-0.290011,0.233036,1.52385,-0.117322,0.112229,0.701197,0.771615,0.631044,-0.0799619,0.34142,-0.516943,-0.784986,-0.536696,0.578406,-0.614332,123.366,19.9634,34.8205,0.400106,0.851893,0.285383,-0.180967
914,1,-0.282215,0.235599,1.528,-0.117322,0.112229,0.701197,0.749545,0.648783,-0.131384,0.320933,-0.529762,-0.785082,-0.578951,0.54629,-0.605296,124.011,18.7193,37.6826,0.391946,0.849206,0.285477,-0.209117
922,1,-0.269491,0.235331,1.52593,-0.117322,0.112229,0.701197,0.764284,0.627297,-0.149564,0.282742,-0.534402,-0.796538,-0.579593,0.566493,-0.585797,123.858,16.4239,37.1748,0.401274,0.849188,0.267914,-0.214663
929,1,-0.252496,0.234538,1.52127,-0.117322,0.112229,0.701197,0.775141,0.612309,-0.155671,0.249294,-0.522834,-0.815167,-0.580524,0.593062,-0.557915,122.675,14.4357,36.8305,0.416651,0.844969,0.254921,-0.217817
936,1,-0.237943,0.241396,1.50896,-0.117322,0.112229,0.701197,0.795619,0.586766,-0.150653,0.217795,-0.509111,-0.832689,-0.565292,0.629692,-0.532854,121.442,12.5796,35.394,0.434066,0.842257,0.238811,-0.212508
943,0,-0.217152,0.237118,1.50313,-0.117322,0.112229,0.701197,0.787155,0.589668,-0.180771,0.189914,-0.510598,-0.838583,-0.586787,0.625764,-0.513907,121.336,10.9478,36.7028,0.436649,0.8384,0.232461,-0.228876
951,1,-0.213761,0.232359,1.49849,-0.117322,0.112229,0.701197,0.827855,0.537663,-0.159918,0.184881,-0.530689,-0.827157,-0.529598,0.6552,-0.538738,122.684,10.6542,32.608,0.435439,0.85107,0.212246,-0.202544
958,0,-0.213027,0.230263,1.49389,-0.117322,0.112229,0.701197,0.847628,0.514257,-0.130639,0.192872,-0.528003,-0.827051,-0.494295,0.675835,-0.546735,122.555,11.1204,30.2486,0.439571,0.854746,0.206824,-0.182784
965,0,-0.207251,0.222561,1.49204,-0.117322,0.112229,0.701197,0.858426,0.487898,-0.158306,0.145983,-0.528246,-0.836448,-0.491726,0.694919,-0.524684,122.274,8.39418,29.8051,0.448747,0.853135,0.18575,-0.190483
972,0,-0.199986,0.225285,1.50547,-0.117322,0.112229,0.701197,0.915757,0.37648,-0.140183,0.0602695,-0.473748,-0.878596,-0.397185,0.796132,-0.456528,118.334,3.45528,23.4475,0.496357,0.84351,0.129444,-0.159266
979,0,-0.19366,0.222658,1.50887,-0.117322,0.112229,0.701197,0.942966,0.312264,-0.115355,0.0244614,-0.410586,-0.911494,-0.33199,0.856685,-0.394807,114.249,1.40168,19.3956,0.533285,0.828909,0.101557,-0.13492
987,0,-0.187602,0.213356,1.51399,-0.117322,0.112229,0.701197,0.960682,0.268019,-0.0724979,0.00271776,-0.270177,-0.962807,-0.277637,0.924754,-0.260282,105.675,0.155717,16.1193,0.59796,0.789167,0.0857665,-0.110919
995,0,-0.192047,0.209198,1.52296,-0.117322,0.112229,0.701197,0.971781,0.235555,-0.0124867,0.0305169,-0.178035,-0.983551,-0.233903,0.955415,-0.1802,100.26,1.74876,13.5334,0.635127,0.763219,0.0871544,-0.0807074
1002,0,-0.193409,0.213778,1.52172,-0.117322,0.112229,0.701197,0.988627,0.150385,-0.00110639,0.00510512,-0.0409118,-0.99915,-0.150302,0.987781,-0.0412143,92.3448,0.292503,8.64455,0.69038,0.719506,0.0540266,-0.0526085
1010,0,-0.195686,0.214592,1.52996,-0.117322,0.112229,0.701197,0.994175,0.104314,0.0270968,0.0135184,0.128737,-0.991587,-0.106925,0.986177,0.126577,82.6027,0.774574,6.13865,0.749915,0.659329,0.044679,-0.0302687
1017,0,-0.196659,0.214857,1.53536,-0.117322,0.112229,0.701197,0.998555,0.0535347,0.00466958,-0.0082857,0.239238,-0.970926,-0.0530954,0.969484,0.239336,76.1579,-0.474741,3.04368,0.786945,0.616438,0.018351,-0.0196394
1025,0,-0.19876,0.216133,1.54126,-0.117322,0.112229,0.701197,0.999662,-0.00152692,-0.0259421,-0.0243855,0.289912,-0.956743,0.00898178,0.957052,0.289777,73.1422,-1.39732,-0.514778,0.803018,0.595813,-0.0108727,-0.00711645
1032,0,-0.200819,0.216508,1.54592,-0.117322,0.112229,0.701197,0.997745,-0.0579726,-0.0338248,-0.0152697,0.294681,-0.955474,0.0653588,0.953836,0.293131,72.8595,-0.874926,-3.74789,0.803983,0.593703,-0.0308413,0.0132785
1039,0,-0.200604,0.208437,1.54197,-0.117322,0.112229,0.701197,0.996654,-0.0724155,-0.0379169,-0.0247093,0.175261,-0.984212,0.0779176,0.981855,0.172885,79.9031,-1.41588,-4.47025,0.765637,0.641971,-0.0378229,0.0155773
1047,0,-0.200842,0.206837,1.54508,-0.117322,0.112229,0.701197,0.994416,-0.103015,-0.0228988,-0.0088317,0.134989,-0.990808,0.105159,0.985477,0.133326,82.2417,-0.506026,-6.03658,0.752119,0.656906,-0.0425658,0.0313061
1054,0,-0.199033,0.206293,1.54753,-0.117322,0.112229,0.701197,0.991727,-0.128302,-0.00392363,0.0114072,0.118537,-0.992884,0.127855,0.984626,0.11902,83.1919,0.653598,-7.34611,0.746539,0.662226,-0.0441297,0.0467858
1061,0,-0.20071,0.207001,1.55164,-0.117322,0.112229,0.701197,0.990487,-0.137423,-0.00707995,0.00951006,0.119691,-0.992766,0.137276,0.983254,0.119859,83.1254,0.544894,-7.89064,0.746665,0.661615,-0.0483337,0.0491965
1070,0,-0.198445,0.20799,1.55727,-0.117322,0.112229,0.701197,0.98534,-0.170475,-0.00659631,0.0152059,0.126269,-0.991879,0.169923,0.977238,0.12701,82.7451,0.871266,-9.7845,0.748101,0.658039,-0.0589893,0.0620507
1077,0,-0.201189,0.208877,1.56259,-0.117322,0.112229,0.701197,0.980722,-0.195342,-0.00513589,0.0207977,0.130477,-0.991233,0.1943,0.972017,0.132024,82.5012,1.19171,-11.2063,0.74887,0.655405,-0.0665788,0.0721553
1085,0,-0.201715,0.209905,1.56785,-0.117322,0.112229,0.701197,0.976905,-0.213655,-0.00277829,0.0257991,0.13085,-0.991066,0.21211,0.968106,0.13334,82.4788,1.47834,-12.2502,0.748514,0.654354,-0.0717716,0.0799765
1092,0,-0.205035,0.210693,1.57447,-0.117322,0.112229,0.701197,0.968105,-0.250501,-0.00468914,0.0283933,0.128288,-0.99133,0.248931,0.959579,0.131309,82.6263,1.62704,-14.4202,0.746274,0.65355,-0.084962,0.0934289
1100,0,-0.206654,0.211944,1.58165,-0.117322,0.112229,0.701197,0.96099,-0.276457,-0.00831496,0.0282062,0.127866,-0.99139,0.27514,0.952482,0.130675,82.6508,1.61631,-15.9769,0.744905,0.65239,-0.0951312,0.102249
1107,0,-0.209259,0.212849,1.58699,-0.117322,0.112229,0.701197,0.955669,-0.294309,-0.00891115,0.0310095,0.130697,-0.990937,0.292806,0.946732,0.134029,82.4865,1.777,-17.0345,0.74505,0.650181,-0.101241,0.10916
1115,0,-0.209379,0.214208,1.59732,-0.117322,0.112229,0.701197,0.951361,-0.307862,-0.0115505,0.0312845,0.133839,-0.990509,0.306486,0.94197,0.13696,82.3047,1.79276,-17.8566,0.745346,0.648183,-0.106674,0.113755
1121,0,-0.207146,0.21408,1.60684,-0.117322,0.112229,0.701197,0.940161,-0.340562,-0.0107479,0.036827,0.132923,-0.990442,0.338736,0.930779,0.137511,82.3563,2.11051,-19.8139,0.743403,0.64609,-0.117528,0.126913
1129,0,-0.21316,0.213893,1.61383,-0.117322,0.112229,0.701197,0.927891,-0.37276,-0.00832513,0.0443217,0.132442,-0.990199,0.370209,0.918428,0.139413,82.3817,2.54028,-21.751,0.741577,0.643435,-0.127611,0.140606
1135,0,-0.208588,0.213516,1.61963,-0.117322,0.112229,0.701197,0.909538,-0.41562,0.00102125,0.0605009,0.129968,-0.989671,0.411194,0.900205,0.143356,82.5185,3.46857,-24.3273,0.738725,0.639573,-0.138811,0.161129
1143,0,-0.20615,0.211409,1.6276,-0.117322,0.112229,0.701197,0.893176,-0.449554,0.0117348,0.0742604,0.121705,-0.989785,0.443533,0.884924,0.142088,82.9901,4.25873,-26.408,0.734331,0.638237,-0.147004,0.17833
1149,0,-0.203286,0.210007,1.63432,-0.117322,0.112229,0.701197,0.888697,-0.458355,0.0113259,0.0742205,0.119441,-0.990063,0.452447,0.880707,0.140166,83.1211,4.25644,-26.9812,0.732855,0.638179,-0.150481,0.181678
1157,0,-0.203081,0.206816,1.64034,-0.117322,0.112229,0.701197,0.880353,-0.474236,0.0088537,0.0745412,0.119893,-0.989984,0.468425,0.872196,0.140898,83.0948,4.27486,-28.0169,0.731632,0.63631,-0.157036,0.187518
1164,0,-0.201698,0.199249,1.65182,-0.117322,0.112229,0.701197,0.881007,-0.473102,0.001461,0.065541,0.11899,-0.99073,0.468542,0.872935,0.135839,83.1514,3.75791,-28.0052,0.730725,0.637608,-0.159801,0.184284
1171,0,-0.188349,0.214311,1.67248,-0.117322,0.112229,0.701197,0.843919,-0.535911,-0.0245003,0.0992738,0.200885,-0.974572,0.527206,0.820027,0.222732,78.353,5.69736,-31.9935,0.752917,0.595882,-0.18319,0.210908
1180,0,-0.190115,0.21643,1.68213,-0.117322,0.112229,0.701197,0.823572,-0.566631,-0.02567,0.104458,0.195996,-0.975025,0.557511,0.800322,0.220605,78.6341,5.99592,-34.0957,0.74836,0.593079,-0.19482,0.224186
1187,0,-0.190794,0.218262,1.68953,-0.117322,0.112229,0.701197,0.821207,-0.570296,-0.0195336,0.0945784,0.169788,-0.980932,0.562738,0.803701,0.193369,80.18,5.42705,-34.4212,0.73898,0.603749,-0.196985,0.22493
1196,0,-0.191697,0.219706,1.69957,-0.117322,0.112229,0.701197,0.824693,-0.565339,-0.0165098,0.0863487,0.154703,-0.98418,0.55895,0.810221,0.176399,81.0668,4.95358,-34.1281,0.734131,0.611063,-0.195966,0.221925
1204,0,-0.192564,0.22347,1.71081,-0.117322,0.112229,0.701197,0.850064,-0.526128,-0.0241138,0.0584233,0.139699,-0.988469,0.523429,0.838853,0.149491,81.9558,3.34932,-31.6228,0.731309,0.624675,-0.187179,0.19983
1211,0,-0.192778,0.227179,1.71977,-0.117322,0.112229,0.701197,0.869208,-0.49172,-0.0518586,0.0263379,0.150778,-0.988217,0.493745,0.8576,0.144008,81.3249,1.50922,-29.5983,0.735526,0.62738,-0.185447,0.176084
1219,0,-0.193097,0.227003,1.72677,-0.117322,0.112229,0.701197,0.869632,-0.492368,-0.0362469,0.0347505,0.134283,-0.990334,0.492476,0.859966,0.133887,82.2782,1.99146,-29.523,0.731061,0.632745,-0.180807,0.180258
1227,0,-0.194021,0.226823,1.73259,-0.117322,0.112229,0.701197,0.866504,-0.499088,-0.00907427,0.0577557,0.118297,-0.991297,0.495818,0.858438,0.13133,83.1947,3.311,-29.7784,0.727346,0.635782,-0.173539,0.191396
1235,0,-0.194719,0.227829,1.73942,-0.117322,0.112229,0.701197,0.867085,-0.498158,-0.00186679,0.0657242,0.118111,-0.990823,0.493806,0.859005,0.135154,83.2021,3.76843,-29.6616,0.728071,0.635181,-0.170201,0.193622
1242,0,-0.195496,0.229422,1.74901,-0.117322,0.112229,0.701197,0.871107,-0.491094,-0.00040385,0.0685672,0.122439,-0.990105,0.486284,0.862459,0.140331,82.9504,3.9317,-29.1719,0.73039,0.634101,-0.166585,0.191562
1250,0,-0.196297,0.230407,1.75782,-0.117322,0.112229,0.701197,0.871346,-0.490663,-0.00223826,0.0641322,0.11841,-0.990892,0.486459,0.863266,0.134643,83.1856,3.67703,-29.174,0.728766,0.636061,-0.167646,0.19032
1257,0,-0.216391,0.227041,1.74671,-0.117322,0.112229,0.701197,0.881682,-0.471709,0.0112739,0.0606434,0.08959,-0.994131,0.467931,0.877191,0.107596,84.8505,3.47674,-27.956,0.720914,0.648941,-0.15836,0.18461
1265,1,-0.220664,0.229007,1.75274,-0.117322,0.112229,0.701197,0.885733,-0.464023,0.0126498,0.0639195,0.0949283,-0.99343,0.459774,0.880722,0.113741,84.5416,3.66482,-27.4333,0.723602,0.647507,-0.154478,0.182401
1271,1,-0.210827,0.235057,1.75921,-0.117322,0.112229,0.701197,0.910164,-0.414144,-0.00926998,0.0503006,0.132703,-0.989879,0.411182,0.900486,0.141613,82.3645,2.88323,-24.3119,0.738999,0.639502,-0.142237,0.157119
1279,1,-0.230191,0.230319,1.7554,-0.117322,0.112229,0.701197,0.868581,-0.495538,0.00306642,0.0734344,0.122592,-0.989737,0.490076,0.859892,0.14287,82.9391,4.21127,-29.4328,0.730418,0.633072,-0.166689,0.194742
1286,0,-0.232631,0.231189,1.76061,-0.117322,0.112229,0.701197,0.842192,-0.539167,-0.00345321,0.0772725,0.127035,-0.988884,0.533612,0.832563,0.148651,82.6797,4.4318,-32.3583,0.727646,0.625801,-0.184521,0.211792
1293,0,-0.230666,0.232048,1.76871,-0.117322,0.112229,0.701197,0.839079,-0.543977,-0.00599753,0.0706848,0.119949,-0.990261,0.539398,0.830483,0.139097,83.0935,4.05332,-32.7347,0.724245,0.628497,-0.188263,0.212173
1300,0,-0.228301,0.232752,1.77407,-0.117322,0.112229,0.701197,0.857216,-0.51488,-0.00884594,0.0625783,0.121206,-0.990653,0.51114,0.84865,0.13612,83.0246,3.58782,-30.8067,0.727073,0.632434,-0.178794,0.198556
1307,0,-0.228571,0.232934,1.77922,-0.117322,0.112229,0.701197,0.857122,-0.515087,-0.00519055,0.0615131,0.112354,-0.991762,0.511428,0.849742,0.127986,83.5367,3.52667,-30.8237,0.724131,0.635764,-0.178358,0.199066
1315,0,-0.22804,0.234229,1.78717,-0.117322,0.112229,0.701197,0.861094,-0.508331,-0.0107824,0.056827,0.117293,-0.99147,0.50526,0.853136,0.129887,83.2531,3.2577,-30.4029,0.725995,0.635199,-0.177702,0.194615
1322,0,-0.22972,0.234569,1.79185,-0.117322,0.112229,0.701197,0.859608,-0.510882,-0.00860252,0.0561831,0.111241,-0.992204,0.507856,0.852423,0.124326,83.603,3.22075,-30.5746,0.723736,0.637189,-0.1784,0.195881
1329,0,-0.239783,0.235819,1.79337,-0.117322,0.112229,0.701197,0.849139,-0.527934,-0.0157653,0.0611404,0.1279,-0.989901,0.524618,0.8396,0.140883,82.6379,3.50527,-31.7088,0.727654,0.628561,-0.18566,0.202388
1337,0,-0.241988,0.238637,1.79329,-0.117322,0.112229,0.701197,0.85643,-0.516026,-0.015653,0.0631185,0.134752,-0.988867,0.51239,0.845907,0.147976,82.2402,3.61883,-30.8915,0.731293,0.627236,-0.180517,0.197986
1343,1,-0.243271,0.240569,1.79253,-0.117322,0.112229,0.701197,0.850456,-0.526037,-0.00313713,0.0776128,0.131372,-0.98829,0.520289,0.840254,0.152554,82.4281,4.45136,-31.4573,0.730476,0.625805,-0.179139,0.206594
1351,0,-0.244704,0.242333,1.79473,-0.117322,0.112229,0.701197,0.817949,-0.575248,0.0070223,0.106056,0.138781,-0.984628,0.565431,0.80612,0.174524,81.9771,6.08799,-34.6553,0.729941,0.613319,-0.191251,0.233342
1357,0,-0.247096,0.244226,1.7927,-0.117322,0.112229,0.701197,0.809549,-0.587024,0.00575448,0.130409,0.170269,-0.97673,0.572384,0.791461,0.214394,80.1113,7.49324,-35.2619,0.740644,0.596843,-0.191263,0.242165
1363,0,-0.250163,0.245991,1.78656,-0.117322,0.112229,0.701197,0.822098,-0.569316,0.00582456,0.158906,0.219614,-0.962558,0.546721,0.792243,0.271013,77.1476,9.14342,-33.6251,0.760382,0.576947,-0.177837,0.239426
1371,0,-0.252765,0.248849,1.77877,-0.117322,0.112229,0.701197,0.799768,-0.600262,0.00748356,0.242969,0.312274,-0.918396,0.548942,0.736322,0.395592,71.2209,14.0619,-34.4648,0.791775,0.522471,-0.170963,0.266247
1377,0,-0.251795,0.247206,1.7537,-0.117322,0.112229,0.701197,0.779047,-0.625729,-0.0393564,0.295606,0.421944,-0.857077,0.552904,0.656069,0.513683,63.7887,17.1939,-35.364,0.823813,0.45919,-0.179731,0.279595
1385,0,-0.250906,0.244289,1.73316,-0.117322,0.112229,0.701197,0.759159,-0.648037,-0.0610379,0.34276,0.477723,-0.808886,0.553347,0.593152,0.584788,59.4342,20.0451,-36.0881,0.839891,0.417327,-0.182876,0.294918
1391,0,-0.250518,0.243102,1.72515,-0.117322,0.112229,0.701197,0.732858,-0.676399,-0.0735095,0.376834,0.493479,-0.783884,0.566494,0.546775,0.61654,57.8083,22.1377,-37.7038,0.843042,0.394601,-0.18979,0.312331
1399,1,-0.251045,0.242488,1.71998,-0.117322,0.112229,0.701197,0.686401,-0.722418,-0.0834562,0.434526,0.499446,-0.749493,0.58313,0.478189,0.65673,56.3213,25.7552,-40.3494,0.842997,0.364083,-0.197683,0.343104
1405,0,-0.250593,0.241651,1.71237,-0.117322,0.112229,0.701197,0.659045,-0.74794,-0.0790281,0.462866,0.48617,-0.741211,0.592802,0.451912,0.666604,56.7386,27.5722,-41.971,0.838424,0.355763,-0.200325,0.361036
1411,1,-0.248641,0.241456,1.70377,-0.117322,0.112229,0.701197,0.632485,-0.767275,-0.106077,0.475078,0.492439,-0.729249,0.611771,0.410844,0.675976,55.9701,28.3645,-44.0463,0.836794,0.340613,-0.214464,0.371165
1419,0,-0.258949,0.230449,1.69784,-0.117322,0.112229,0.701197,0.68667,-0.712359,0.145014,0.519449,0.341238,-0.783409,0.508584,0.613271,0.604352,66.463,31.2953,-36.5256,0.811212,0.43043,-0.112045,0.37962
1426,0,-0.272523,0.227902,1.70363,-0.117322,0.112229,0.701197,0.697561,-0.69527,0.173227,0.530623,0.338793,-0.776955,0.481505,0.633892,0.605255,66.4403,32.0475,-34.6161,0.812651,0.434026,-0.0948373,0.377128
1434,0,-0.277514,0.229159,1.70721,-0.117322,0.112229,0.701197,0.706445,-0.682498,0.187437,0.52826,0.332197,-0.7814,0.471038,0.651031,0.595215,66.9682,31.888,-33.6943,0.811458,0.441314,-0.0873741,0.373019
1440,0,-0.286876,0.229725,1.7147,-0.117322,0.112229,0.701197,0.702365,-0.679538,0.211924,0.54585,0.323088,-0.773086,0.456871,0.658667,0.597852,67.319,33.0828,-33.043,0.809831,0.441991,-0.0756169,0.378285
1448,0,-0.288336,0.229986,1.71685,-0.117322,0.112229,0.701197,0.706083,-0.67873,0.201921,0.542712,0.33551,-0.769998,0.454874,0.653267,0.605253,66.4558,32.8685,-32.7905,0.813457,0.437413,-0.07774,0.375386
1454,0,-0.287267,0.231582,1.70893,-0.117322,0.112229,0.701197,0.697422,-0.707001,0.117271,0.528566,0.396939,-0.750371,0.483964,0.585311,0.650531,62.1216,31.9086,-34.7581,0.828386,0.403098,-0.110665,0.372884
1461,0,-0.28329,0.232686,1.70077,-0.117322,0.112229,0.701197,0.684967,-0.728511,-0.00957523,0.498042,0.477784,-0.723655,0.531766,0.490911,0.690095,56.5657,29.8705,-37.8236,0.844518,0.359544,-0.160251,0.363092
1468,0,-0.282669,0.233426,1.69781,-0.117322,0.112229,0.701197,0.672185,-0.736904,-0.0716863,0.488352,0.514061,-0.705162,0.556488,0.438991,0.705413,53.9081,29.2323,-39.6206,0.850244,0.336419,-0.184704,0.360266
1474,0,-0.289864,0.236105,1.70308,-0.117322,0.112229,0.701197,0.641645,-0.749225,-0.164176,0.45173,0.542128,-0.708546,0.619864,0.380471,0.686301,52.5794,26.8548,-44.0109,0.847065,0.321409,-0.231399,0.354446
1482,0,-0.291188,0.237562,1.7036,-0.117322,0.112229,0.701197,0.604478,-0.765052,-0.222041,0.457437,0.561543,-0.689507,0.652194,0.315222,0.689404,50.8402,27.2219,-47.1745,0.8449,0.297292,-0.25868,0.361726
1488,0,-0.29149,0.237273,1.70079,-0.117322,0.112229,0.701197,0.550545,-0.78403,-0.286701,0.472023,0.575624,-0.66772,0.688545,0.232281,0.686987,49.2362,28.1657,-51.3549,0.838623,0.268297,-0.290728,0.374439
1496,0,-0.290562,0.235558,1.6938,-0.117322,0.112229,0.701197,0.554242,-0.782757,-0.283033,0.468265,0.574349,-0.671455,0.688146,0.239614,0.684866,49.457,27.9217,-51.1516,0.838668,0.271582,-0.2895,0.372919
1502,0,-0.289827,0.234511,1.68811,-0.117322,0.112229,0.701197,0.577015,-0.769031,-0.275035,0.446782,0.579109,-0.681923,0.683695,0.270599,0.677744,49.6611,26.5374,-49.8368,0.841705,0.282914,-0.284758,0.361116
1509,0,-0.288744,0.233341,1.68092,-0.117322,0.112229,0.701197,0.578596,-0.765438,-0.281659,0.450208,0.587686,-0.672263,0.680103,0.262164,0.684639,48.8404,26.757,-49.6106,0.844233,0.276709,-0.284803,0.359985
1515,0,-0.287902,0.232797,1.67389,-0.117322,0.112229,0.701197,0.563924,-0.774204,-0.287399,0.471512,0.587561,-0.657608,0.677987,0.235329,0.696386,48.2198,28.1325,-50.2476,0.843782,0.264564,-0.28603,0.369087
1523,0,-0.287068,0.232598,1.66643,-0.117322,0.112229,0.701197,0.568962,-0.77231,-0.282524,0.479775,0.590759,-0.648707,0.667906,0.233541,0.706654,47.6768,28.6707,-49.5737,0.846518,0.260552,-0.280688,0.369775
1529,0,-0.286194,0.232364,1.65869,-0.117322,0.112229,0.701197,0.566938,-0.776007,-0.276394,0.48478,0.585574,-0.649686,0.66601,0.234341,0.708177,47.9711,28.9981,-49.5941,0.845679,0.261337,-0.278594,0.372715
1536,0,-0.284673,0.230297,1.64817,-0.117322,0.112229,0.701197,0.567792,-0.778824,-0.266544,0.476608,0.575041,-0.664961,0.671161,0.250523,0.697697,49.1476,28.4641,-49.7693,0.842694,0.271594,-0.278187,0.372446
1543,0,-0.283599,0.228493,1.63665,-0.117322,0.112229,0.701197,0.569824,-0.779883,-0.259003,0.471336,0.568355,-0.6744,0.673159,0.262212,0.69145,49.8772,28.1211,-49.7523,0.841075,0.278397,-0.277074,0.371911
