298,0,9.62558e-05,0.00137094,-0.00126658,0,0,0,0.610089,0.792097,0.0193222,0.211318,-0.139162,-0.96746,-0.763633,0.59432,-0.252286,98.1854,12.1996,51.3776,0.551961,0.707378,0.354625,-0.263053
305,1,-0.000713428,-0.000477737,-0.0041742,0,0,0,0.610588,0.791694,0.0200752,0.21157,-0.138639,-0.96748,-0.763165,0.594979,-0.252151,98.1549,12.2144,51.3376,0.552222,0.70735,0.354585,-0.262631
311,1,-0.000929814,0.00106155,-0.00724911,0,0,0,0.611474,0.791014,0.0199119,0.211599,-0.13922,-0.96739,-0.762447,0.595747,-0.252507,98.1894,12.2161,51.2708,0.552211,0.707672,0.354194,-0.262316
318,1,-0.00116007,0.00231767,-0.0104134,0,0,0,0.612246,0.790419,0.01983,0.211362,-0.139447,-0.967409,-0.761893,0.596484,-0.25244,98.2024,12.2022,51.2152,0.552349,0.707837,0.353817,-0.262088
324,1,-0.00178533,0.0041215,-0.0173992,0,0,0,0.614024,0.789038,0.0198384,0.211667,-0.1404,-0.967205,-0.760376,0.598086,-0.253222,98.2594,12.2201,51.0782,0.552359,0.708457,0.353128,-0.261321
331,1,-0.0019777,0.0050217,-0.0199563,0,0,0,0.614701,0.788511,0.0198151,0.211782,-0.140796,-0.967122,-0.759796,0.598688,-0.25354,98.2831,12.2268,51.0259,0.552351,0.708703,0.352861,-0.261034
337,1,-0.00184811,0.00479934,-0.0192835,0,0,0,0.614736,0.788486,0.0197674,0.212521,-0.141451,-0.966864,-0.759562,0.598567,-0.254524,98.3232,12.2701,51.0158,0.551987,0.708998,0.352965,-0.26086
344,1,-0.00167138,0.00561641,-0.0205701,0,0,0,0.615134,0.788179,0.0195947,0.212767,-0.14202,-0.966727,-0.759171,0.598835,-0.25506,98.3574,12.2846,50.9832,0.551827,0.709263,0.352812,-0.260685
351,1,-0.00168428,0.0046252,-0.0203616,0,0,0,0.615031,0.788254,0.0198389,0.212972,-0.14184,-0.966708,-0.759197,0.59878,-0.255112,98.3472,12.2966,50.9888,0.551833,0.709222,0.352931,-0.260623
357,1,-0.00217899,0.00203621,-0.0212859,0,0,0,0.614995,0.788261,0.0206227,0.213217,-0.141057,-0.966769,-0.759157,0.598955,-0.25482,98.3012,12.3109,50.989,0.552068,0.709026,0.353117,-0.260404
364,0,-0.00198013,0.0030572,-0.0220127,0,0,0,0.615382,0.787966,0.0203336,0.213715,-0.141965,-0.966526,-0.758703,0.599129,-0.255762,98.3559,12.3401,50.9546,0.551737,0.70942,0.352993,-0.260202
370,1,-0.00132781,0.00631971,-0.0229104,0,0,0,0.615942,0.787551,0.0194472,0.213846,-0.143388,-0.966287,-0.758212,0.599336,-0.256733,98.4406,12.3478,50.9109,0.551321,0.709941,0.352634,-0.26015
377,1,-0.000474886,0.00976194,-0.0223604,0,0,0,0.616349,0.787257,0.0184164,0.214489,-0.145331,-0.965854,-0.757699,0.599253,-0.258433,98.557,12.3856,50.8734,0.550587,0.710653,0.352403,-0.260072
383,1,0.000226503,0.0124911,-0.0213645,0,0,0,0.616558,0.787114,0.0175473,0.215019,-0.146904,-0.965498,-0.757379,0.599058,-0.25982,98.6514,12.4167,50.8521,0.549962,0.71121,0.352263,-0.260061
390,1,0.00165464,0.0182731,-0.020878,0,0,0,0.616775,0.786978,0.0159483,0.213984,-0.148138,-0.965539,-0.757495,0.598933,-0.259769,98.7226,12.3559,50.8465,0.549743,0.711457,0.35173,-0.260574
397,1,0.00173299,0.0158395,-0.0163989,0,0,0,0.615643,0.787858,0.0162541,0.214336,-0.147566,-0.965549,-0.758316,0.597917,-0.259714,98.6893,12.3766,50.9284,0.549628,0.711147,0.352316,-0.260868
403,1,0.00142314,0.0114521,-0.0112591,0,0,0,0.614418,0.788797,0.017024,0.215559,-0.147071,-0.965352,-0.758963,0.596799,-0.260395,98.6624,12.4483,51.0081,0.549307,0.710965,0.353166,-0.260892
409,1,0.00202086,0.0114605,-0.00655372,0,0,0,0.613479,0.789535,0.0166776,0.215718,-0.147225,-0.965293,-0.759677,0.595784,-0.260636,98.6719,12.4576,51.0773,0.549003,0.710869,0.353529,-0.2613
416,1,0.00215101,0.0107167,-0.00493521,0,0,0,0.613206,0.789745,0.0167459,0.216271,-0.147461,-0.965133,-0.75974,0.595448,-0.261223,98.687,12.4901,51.0921,0.548754,0.710966,0.35375,-0.261262
423,1,0.00252069,0.0124474,-0.00612338,0,0,0,0.613716,0.789357,0.0163417,0.21654,-0.148381,-0.964932,-0.759251,0.595733,-0.261991,98.7421,12.5059,51.0508,0.548485,0.711352,0.353516,-0.261091
429,1,0.00256997,0.011166,-0.003774,0,0,0,0.613273,0.789699,0.0164868,0.217162,-0.148504,-0.964773,-0.759432,0.59525,-0.262566,98.7506,12.5424,51.0777,0.548225,0.711397,0.353832,-0.261087
436,1,0.00187627,0.00810842,-0.00423966,0,0,0,0.613336,0.789633,0.0172741,0.218187,-0.148372,-0.964562,-0.759087,0.59537,-0.263289,98.7449,12.6025,51.0621,0.548105,0.711512,0.354112,-0.260647
442,1,0.00114587,0.00338997,-0.00262314,0,0,0,0.612677,0.790119,0.0184033,0.218832,-0.14722,-0.964593,-0.759434,0.595011,-0.263101,98.6777,12.6404,51.105,0.54826,0.711161,0.354684,-0.2605
448,1,0.000966201,-0.00222238,0.00582759,0,0,0,0.610673,0.791649,0.0192368,0.220249,-0.146464,-0.964385,-0.760637,0.593161,-0.263801,98.6357,12.7236,51.241,0.547816,0.710799,0.355902,-0.260763
455,1,-0.000417318,-0.0109649,0.00989467,0,0,0,0.609283,0.792668,0.0212538,0.22185,-0.14467,-0.964289,-0.761286,0.59224,-0.263999,98.5323,12.8177,51.3285,0.547863,0.710273,0.357087,-0.260474
462,1,-0.000642408,-0.0154117,0.0162179,0,0,0,0.607286,0.794176,0.0220928,0.221273,-0.142364,-0.964765,-0.763048,0.590776,-0.262186,98.3942,12.7838,51.4848,0.548347,0.709196,0.357958,-0.261196
469,1,-0.00183774,-0.0186017,0.0131318,0,0,0,0.607332,0.794106,0.0233087,0.220371,-0.140206,-0.965287,-0.763272,0.591386,-0.26015,98.2643,12.7308,51.4909,0.549312,0.708465,0.357985,-0.261115
475,1,-0.0025931,-0.0214981,0.0119815,0,0,0,0.60712,0.79424,0.0242579,0.219927,-0.138621,-0.965617,-0.763569,0.59158,-0.258834,98.1694,12.7047,51.5115,0.549924,0.707915,0.358153,-0.261087
481,1,-0.00325529,-0.0239948,0.0102023,0,0,0,0.60714,0.794197,0.025154,0.21973,-0.137387,-0.965838,-0.76361,0.591926,-0.257922,98.0958,12.6932,51.5121,0.550416,0.707539,0.358258,-0.260924
488,1,-0.00413185,-0.0277963,0.00930282,0,0,0,0.606746,0.794458,0.0263638,0.219227,-0.135364,-0.966238,-0.764067,0.592041,-0.256298,97.9749,12.6636,51.5469,0.551154,0.706825,0.358534,-0.260921
494,1,-0.0037707,-0.0300126,0.014468,0,0,0,0.605139,0.795672,0.026703,0.218291,-0.133576,-0.966699,-0.765608,0.590817,-0.25452,97.8672,12.6087,51.677,0.551598,0.70591,0.359098,-0.261685
500,0,-0.00354238,-0.0280816,0.0139105,0,0,0,0.604929,0.795843,0.0263544,0.216374,-0.132436,-0.967286,-0.766318,0.590842,-0.252314,97.7962,12.4962,51.7126,0.552308,0.70528,0.3588,-0.262294
507,1,-0.00269683,-0.0231573,0.0131709,0,0,0,0.605029,0.795805,0.0251903,0.214196,-0.132213,-0.967802,-0.766851,0.590944,-0.250451,97.7791,12.3684,51.7273,0.552803,0.704928,0.358193,-0.263027
513,1,-0.00220001,-0.0177587,0.00924755,0,0,0,0.605999,0.795101,0.0240799,0.212583,-0.132705,-0.96809,-0.766533,0.59178,-0.249444,97.8054,12.2738,51.6711,0.553139,0.705009,0.35733,-0.263278
520,1,-0.00229439,-0.0141073,0.00416957,0,0,0,0.607033,0.794329,0.0235266,0.21107,-0.132619,-0.968433,-0.766134,0.592836,-0.248163,97.7977,12.1851,51.6091,0.553681,0.704949,0.35655,-0.263355
526,0,-0.00280545,-0.0112732,-0.00308536,0,0,0,0.608445,0.793252,0.0233529,0.209576,-0.132229,-0.96881,-0.765423,0.594362,-0.246701,97.7721,12.0975,51.5183,0.554418,0.704872,0.355678,-0.263193
533,0,-0.00334385,-0.0150735,-9.78879e-05,0,0,0,0.607327,0.794083,0.0242057,0.209396,-0.130609,-0.969069,-0.76636,0.59361,-0.2456,97.676,12.087,51.6038,0.554778,0.70419,0.356253,-0.263478
539,0,-0.0034167,-0.0118312,-0.00468933,0,0,0,0.608136,0.793477,0.0237651,0.207625,-0.13009,-0.96952,-0.7662,0.594534,-0.243858,97.6423,11.9832,51.5608,0.55547,0.703933,0.355539,-0.263674
546,1,-0.00346542,-0.00791732,-0.0107705,0,0,0,0.609108,0.792745,0.0233076,0.205046,-0.129023,-0.970211,-0.766123,0.595742,-0.241138,97.575,11.8322,51.5135,0.55654,0.703432,0.354615,-0.263997
552,1,-0.0039186,-0.0045091,-0.0195145,0,0,0,0.610672,0.791545,0.0231543,0.202757,-0.128027,-0.970824,-0.765487,0.597549,-0.238674,97.5125,11.6982,51.4187,0.557667,0.703095,0.353545,-0.263951
558,1,-0.00284299,0.00147114,-0.0195729,0,0,0,0.610847,0.791453,0.0216419,0.201079,-0.12864,-0.971092,-0.765789,0.59754,-0.237724,97.546,11.6001,51.4217,0.557782,0.703067,0.35293,-0.264608
565,0,-0.0030745,0.00297315,-0.0234022,0,0,0,0.611547,0.790912,0.0216321,0.200119,-0.128168,-0.971352,-0.765482,0.598356,-0.236657,97.5166,11.5439,51.3785,0.558284,0.702917,0.352471,-0.264558
571,1,-0.00170075,0.00639984,-0.0171339,0,0,0,0.610459,0.791788,0.0202899,0.199814,-0.129165,-0.971283,-0.766429,0.596983,-0.237061,97.575,11.5261,51.4627,0.557726,0.702973,0.352646,-0.265351