123,0,4.12807e-05,9.82117e-07,-5.6539e-05,0,0,0,0.61051,0.791775,0.0192242,0.211367,-0.13949,-0.967402,-0.763283,0.594672,-0.252515,98.2049,12.2025,51.3455,0.55193,0.707551,0.354441,-0.262899
127,0,2.07763e-05,-3.27968e-05,-0.000112873,0,0,0,0.610529,0.79178,0.0184063,0.210677,-0.139959,-0.967485,-0.763459,0.594555,-0.252258,98.2314,12.162,51.3511,0.551886,0.707592,0.354179,-0.263235
131,0,0.000174253,2.2582e-05,-0.000166182,0,0,0,0.61031,0.791965,0.0177044,0.209504,-0.139816,-0.96776,-0.763956,0.594343,-0.251251,98.2208,12.0933,51.3793,0.552097,0.70735,0.353951,-0.263749
135,0,0.000208105,0.000124561,-0.000166695,0,0,0,0.610259,0.792037,0.0161658,0.20771,-0.14028,-0.96808,-0.764487,0.594137,-0.250121,98.2451,11.9882,51.4011,0.552236,0.707223,0.353406,-0.264528
139,0,0.000327788,0.000349292,-0.000103964,0,0,0,0.610507,0.79186,0.0154465,0.20638,-0.140225,-0.968372,-0.764649,0.594386,-0.249033,98.2394,11.9103,51.3956,0.552551,0.707065,0.352952,-0.264899
144,0,0.000400821,0.00059191,-4.43483e-06,0,0,0,0.610726,0.791709,0.0145306,0.20435,-0.139854,-0.968856,-0.76502,0.594675,-0.247198,98.2139,11.7915,51.3992,0.553099,0.706714,0.352356,-0.265485
148,0,0.000323662,0.000852325,2.38596e-05,0,0,0,0.611236,0.791322,0.0141402,0.202835,-0.139355,-0.969246,-0.765015,0.595307,-0.245687,98.1817,11.7028,51.3756,0.553668,0.706449,0.351815,-0.265722
152,0,0.000260959,0.00104049,0.000110542,0,0,0,0.610482,0.791935,0.0122981,0.201043,-0.139923,-0.969538,-0.76609,0.594358,-0.244633,98.2122,11.598,51.4493,0.553608,0.706229,0.351507,-0.266837
156,0,0.000139426,0.00104275,0.000187378,0,0,0,0.60953,0.792699,0.0100164,0.199544,-0.141183,-0.969665,-0.767238,0.593039,-0.244234,98.284,11.5103,51.5347,0.553198,0.706213,0.351255,-0.268057
160,0,6.3727e-05,0.00118575,0.000223659,0,0,0,0.608741,0.793333,0.00758137,0.198467,-0.143022,-0.969616,-0.768144,0.59175,-0.244514,98.3908,11.4473,51.6038,0.552541,0.706448,0.350981,-0.26915
164,0,-4.61731e-05,0.00135953,0.000146302,0,0,0,0.607692,0.794159,0.00459643,0.197147,-0.145246,-0.969555,-0.769314,0.590097,-0.244831,98.5199,11.3702,51.6943,0.551728,0.706712,0.350676,-0.270519
168,0,-0.000136332,0.00150447,6.17352e-06,0,0,0,0.606359,0.795183,0.00363077,0.196927,-0.145738,-0.969526,-0.770421,0.588595,-0.244963,98.5486,11.3573,51.7956,0.551284,0.706587,0.351022,-0.271301
172,0,-0.000180782,0.00160212,-0.000161407,0,0,0,0.604812,0.796364,0.00263491,0.197969,-0.147145,-0.969101,-0.771369,0.586645,-0.24665,98.6336,11.4182,51.9009,0.550231,0.70686,0.351672,-0.271883
176,0,-0.000124575,0.00169794,-0.000150831,0,0,0,0.602988,0.797748,0.00165021,0.199199,-0.148564,-0.968632,-0.77248,0.584403,-0.248493,98.7198,11.4901,52.0248,0.549075,0.707115,0.35247,-0.272526
181,0,-0.000124936,0.00178989,-0.000233815,0,0,0,0.601164,0.799124,0.00142735,0.20076,-0.149298,-0.968197,-0.773496,0.582332,-0.250185,98.7661,11.5814,52.1455,0.548106,0.707221,0.353455,-0.272923
185,0,-0.000167405,0.00181301,-0.00036147,0,0,0,0.599426,0.800429,0.00131838,0.202604,-0.150132,-0.967684,-0.774364,0.580322,-0.252163,98.8189,11.6893,52.257,0.547067,0.707411,0.354473,-0.273195
189,0,-0.000166077,0.00185252,-0.000460007,0,0,0,0.598507,0.801117,0.000939177,0.204545,-0.15168,-0.967034,-0.774565,0.578968,-0.254646,98.9143,11.8029,52.3067,0.545935,0.707961,0.355127,-0.273188
193,0,-0.000161572,0.00188739,-0.000395604,0,0,0,0.597429,0.801922,0.000478036,0.206488,-0.153257,-0.966372,-0.774882,0.577437,-0.257147,99.0115,11.9166,52.368,0.544753,0.70849,0.355831,-0.273259
197,0,-0.000165585,0.00182545,-0.000268148,0,0,0,0.59562,0.803265,0.00142008,0.209559,-0.153681,-0.965643,-0.775449,0.575454,-0.259867,99.0427,12.0965,52.4723,0.543616,0.708726,0.35727,-0.273036
201,0,-0.000163375,0.00173973,-0.00022333,0,0,0,0.594617,0.804006,0.00240266,0.210963,-0.153137,-0.965424,-0.775839,0.574564,-0.260673,99.0132,12.1788,52.5328,0.543325,0.708595,0.358092,-0.272877
205,0,-0.000214885,0.00165114,-0.000126646,0,0,0,0.594465,0.804115,0.00322961,0.212533,-0.153245,-0.965062,-0.775526,0.574382,-0.262,99.0229,12.2709,52.5287,0.542959,0.708821,0.35857,-0.272388
210,0,-0.000171548,0.00162648,-0.000120326,0,0,0,0.594397,0.804163,0.00374736,0.213846,-0.153569,-0.964721,-0.775217,0.574229,-0.263247,99.0447,12.3478,52.5208,0.542582,0.709086,0.358916,-0.271994
214,0,-0.000280546,0.00156972,-0.000103664,0,0,0,0.594323,0.804209,0.00530036,0.215328,-0.152774,-0.964517,-0.774864,0.574376,-0.263966,99.0006,12.4348,52.5117,0.542582,0.70906,0.359468,-0.271332
218,0,-0.000284,0.001549,8.59761e-06,0,0,0,0.593317,0.804942,0.0065839,0.216502,-0.151694,-0.964425,-0.775307,0.573636,-0.264274,98.9388,12.5036,52.5744,0.542529,0.708746,0.360299,-0.271156
222,0,-0.000339694,0.00146895,9.41634e-05,0,0,0,0.591127,0.806534,0.0084746,0.217546,-0.149309,-0.964562,-0.776687,0.572022,-0.263719,98.7993,12.5649,52.7257,0.542701,0.707841,0.361691,-0.271322
226,0,-0.000450231,0.00151135,0.000196487,0,0,0,0.589427,0.807764,0.00965697,0.217586,-0.147238,-0.964872,-0.777967,0.570822,-0.262544,98.6763,12.5673,52.8506,0.543057,0.706967,0.362588,-0.271692
230,0,-0.000518325,0.00163048,0.00027511,0,0,0,0.588245,0.808619,0.0101938,0.217583,-0.146119,-0.965042,-0.778862,0.569899,-0.261896,98.6099,12.5671,52.9376,0.543192,0.706445,0.363157,-0.27202
234,0,-0.000549977,0.00178593,0.000329789,0,0,0,0.587431,0.809204,0.0106637,0.217312,-0.145035,-0.965267,-0.779551,0.569345,-0.261048,98.545,12.5512,53.0001,0.543449,0.705959,0.363518,-0.272285
239,0,-0.000570993,0.00195475,0.000516566,0,0,0,0.586154,0.810138,0.0100372,0.217264,-0.145237,-0.965247,-0.780525,0.567964,-0.261145,98.5569,12.5484,53.0944,0.543086,0.705786,0.363921,-0.272918
243,0,-0.000707347,0.00200729,0.000436038,0,0,0,0.584816,0.811119,0.00871337,0.216786,-0.145934,-0.96525,-0.781661,0.566383,-0.261184,98.5973,12.5203,53.1972,0.542609,0.705679,0.364154,-0.273831
247,0,-0.000768986,0.00201523,0.000471716,0,0,0,0.583473,0.812092,0.00805558,0.215742,-0.145429,-0.96556,-0.782952,0.565116,-0.260057,98.5653,12.4591,53.3057,0.542676,0.705152,0.364402,-0.274727
251,0,-0.000961198,0.00200799,0.000466862,0,0,0,0.582354,0.812901,0.00746824,0.215252,-0.145332,-0.965684,-0.78392,0.563977,-0.259614,98.5586,12.4303,53.3923,0.542542,0.704858,0.364667,-0.275393
255,0,-0.00121835,0.00219468,0.000391385,0,0,0,0.581165,0.813761,0.00638687,0.214398,-0.145536,-0.965843,-0.785036,0.562683,-0.259049,98.569,12.3802,53.4873,0.542351,0.704583,0.364811,-0.27628
259,0,-0.00126693,0.00235438,0.000197377,0,0,0,0.580513,0.814232,0.00556253,0.214277,-0.146173,-0.965774,-0.785551,0.561836,-0.259327,98.6066,12.3731,53.536,0.54199,0.70463,0.364911,-0.276737
264,0,-0.00137506,0.00252854,-4.27446e-05,0,0,0,0.579687,0.814826,0.00461931,0.214255,-0.146952,-0.96566,-0.786167,0.560771,-0.259766,98.6527,12.3718,53.5965,0.541518,0.704699,0.365078,-0.277263
268,0,-0.00147271,0.00270352,-0.000209591,0,0,0,0.578247,0.815853,0.00373677,0.214464,-0.147582,-0.965518,-0.787169,0.55911,-0.26031,98.6905,12.3841,53.6993,0.540915,0.704652,0.365541,-0.27795
273,0,-0.0015371,0.0029107,-0.000314477,0,0,0,0.575889,0.817523,0.00290639,0.214915,-0.147961,-0.965359,-0.788773,0.556565,-0.260908,98.714,12.4106,53.8665,0.540144,0.704407,0.366421,-0.278911
277,0,-0.00147483,0.00317323,-0.000289467,0,0,0,0.573718,0.819051,0.0019788,0.215269,-0.148457,-0.965205,-0.790258,0.554181,-0.261488,98.7441,12.4313,54.0208,0.539392,0.704213,0.36719,-0.279844
281,0,-0.00155945,0.00352732,-0.000290541,0,0,0,0.571809,0.820386,0.00100641,0.215678,-0.149144,-0.965007,-0.791528,0.552017,-0.262221,98.7857,12.4553,54.1552,0.53862,0.704126,0.367855,-0.280675
285,0,-0.00152263,0.00380499,-0.000198146,0,0,0,0.56985,0.821748,0.000685062,0.21648,-0.149316,-0.964801,-0.792721,0.54994,-0.262979,98.7975,12.5023,54.2894,0.537949,0.703943,0.368719,-0.281286
289,0,-0.00152272,0.00406908,-0.000197462,0,0,0,0.569043,0.822308,0.000589535,0.215764,-0.148618,-0.965069,-0.793496,0.549293,-0.261995,98.7546,12.4604,54.3544,0.538152,0.703501,0.368895,-0.281772
293,0,-0.00151073,0.00425278,-0.000347246,0,0,0,0.569109,0.822261,0.00129118,0.215433,-0.147592,-0.965301,-0.793538,0.54964,-0.261138,98.693,12.441,54.3527,0.538605,0.703178,0.36893,-0.281666
298,0,-0.00138147,0.00448729,-0.000511992