296,0,0.0996431,-0.102035,1.00128,0,0,0,0.609207,0.792757,0.0200659,0.211431,-0.137986,-0.967604,-0.764306,0.593714,-0.251676,98.116,12.2062,51.4426,0.552165,0.706907,0.355135,-0.263203
302,1,0.0989675,-0.106602,1.00472,0,0,0,0.60816,0.793533,0.0211152,0.212058,-0.136773,-0.967639,-0.764966,0.592957,-0.251455,98.0453,12.243,51.5147,0.552253,0.706468,0.355852,-0.263229
308,1,0.0987177,-0.108767,1.00821,0,0,0,0.607363,0.794135,0.0214508,0.212675,-0.136521,-0.967539,-0.765428,0.592209,-0.25181,98.0315,12.2791,51.5682,0.552049,0.706345,0.356345,-0.263319
314,1,0.0981336,-0.1087,1.00625,0,0,0,0.607871,0.793743,0.0215696,0.212831,-0.136701,-0.967479,-0.764981,0.592694,-0.252029,98.0424,12.2883,51.5285,0.552074,0.706506,0.35618,-0.263059
320,1,0.0972304,-0.111317,1.00597,0,0,0,0.60784,0.793747,0.0222882,0.213466,-0.136305,-0.967395,-0.764829,0.592779,-0.25229,98.0201,12.3256,51.5244,0.552097,0.706476,0.356421,-0.262762
326,1,0.0964059,-0.116868,1.01039,0,0,0,0.606719,0.794572,0.0234009,0.21499,-0.135679,-0.967146,-0.765292,0.591816,-0.253144,97.9858,12.415,51.5928,0.551792,0.706318,0.357333,-0.262591
332,1,0.0962798,-0.120044,1.01676,0,0,0,0.605247,0.795682,0.0238043,0.215722,-0.135161,-0.967055,-0.766251,0.590442,-0.253452,97.9564,12.4579,51.6955,0.551506,0.706021,0.358135,-0.262898
338,1,0.096076,-0.121065,1.01838,0,0,0,0.605174,0.795737,0.0238066,0.21701,-0.136121,-0.966632,-0.765944,0.590147,-0.25506,98.0157,12.5335,51.6876,0.550907,0.706462,0.358387,-0.262625
345,1,0.0954508,-0.122035,1.01642,0,0,0,0.605901,0.795176,0.0240669,0.218421,-0.137189,-0.966163,-0.764968,0.590656,-0.256806,98.0816,12.6163,51.6187,0.550433,0.707088,0.35837,-0.261955
351,1,0.0952853,-0.123241,1.01804,0,0,0,0.605869,0.795198,0.0241172,0.220164,-0.13846,-0.965586,-0.764493,0.590329,-0.258963,98.1603,12.7187,51.6028,0.549647,0.707689,0.35869,-0.261547
357,1,0.095154,-0.123451,1.01882,0,0,0,0.60615,0.79499,0.0239593,0.221939,-0.140139,-0.964937,-0.763758,0.590214,-0.261384,98.2634,12.8229,51.563,0.548777,0.708462,0.358851,-0.261058
363,0,0.0947389,-0.124237,1.01878,0,0,0,0.606522,0.794704,0.0240271,0.223566,-0.14147,-0.964368,-0.762988,0.590281,-0.263473,98.3456,12.9185,51.5178,0.548083,0.70913,0.358985,-0.260516
369,1,0.0941318,-0.124133,1.01502,0,0,0,0.607859,0.793679,0.0240931,0.225375,-0.143356,-0.963668,-0.761389,0.591204,-0.266015,98.4613,13.0249,51.3977,0.547377,0.710146,0.358748,-0.259558
375,1,0.0938387,-0.124179,1.01228,0,0,0,0.608754,0.79299,0.0242139,0.226505,-0.144469,-0.963236,-0.760338,0.591858,-0.267562,98.5298,13.0914,51.318,0.546974,0.710771,0.358587,-0.258917
381,1,0.0948482,-0.11909,1.012,0,0,0,0.609269,0.792635,0.0228151,0.225997,-0.145993,-0.963126,-0.760077,0.591959,-0.268082,98.6194,13.0615,51.2847,0.546625,0.711222,0.358057,-0.259153
388,1,0.0956617,-0.116444,1.01368,0,0,0,0.609224,0.792697,0.0218692,0.226033,-0.147151,-0.962941,-0.760102,0.59159,-0.268823,98.6884,13.0636,51.2877,0.54618,0.711547,0.357928,-0.259376
394,1,0.0948425,-0.118942,1.01235,0,0,0,0.60967,0.792338,0.022446,0.227565,-0.147835,-0.962475,-0.759287,0.5919,-0.270439,98.7323,13.1537,51.2373,0.545755,0.712029,0.358097,-0.258712
400,1,0.0942508,-0.119362,1.00831,0,0,0,0.610776,0.791479,0.0226606,0.228596,-0.14886,-0.962073,-0.758088,0.592791,-0.271849,98.7955,13.2144,51.1423,0.545451,0.712651,0.357845,-0.25799
406,0,0.0935377,-0.122875,1.00823,0,0,0,0.610844,0.791404,0.0234511,0.230215,-0.149196,-0.961635,-0.757543,0.592807,-0.273328,98.819,13.3097,51.1191,0.54505,0.712981,0.358221,-0.257402
412,1,0.0932562,-0.125428,1.01035,0,0,0,0.610576,0.791599,0.0238146,0.231931,-0.149979,-0.961101,-0.757235,0.592349,-0.27517,98.8694,13.4108,51.1199,0.544387,0.713394,0.358683,-0.257018
419,1,0.0930312,-0.129164,1.01399,0,0,0,0.609955,0.792062,0.0243516,0.23402,-0.150686,-0.960483,-0.757093,0.59155,-0.27727,98.9162,13.5339,51.1432,0.543599,0.713777,0.359385,-0.256642
425,0,0.0926027,-0.132704,1.01581,0,0,0,0.609682,0.792252,0.0249861,0.235896,-0.151261,-0.959934,-0.75673,0.591148,-0.279111,98.9547,13.6445,51.1423,0.54298,0.714152,0.359919,-0.256158
431,1,0.0923191,-0.135628,1.01749,0,0,0,0.609338,0.7925,0.0255197,0.237183,-0.151465,-0.959585,-0.756606,0.590764,-0.280261,98.9698,13.7203,51.1535,0.542589,0.714329,0.360367,-0.255865
438,1,0.0919225,-0.138375,1.01928,0,0,0,0.608855,0.792853,0.0260709,0.238011,-0.151228,-0.959417,-0.756734,0.590351,-0.280784,98.9575,13.7692,51.1805,0.542412,0.714294,0.360798,-0.255729
444,1,0.0907103,-0.141565,1.01618,0,0,0,0.609381,0.792413,0.0271298,0.238961,-0.150924,-0.959229,-0.756011,0.591019,-0.281326,98.9416,13.8252,51.1295,0.542478,0.714428,0.360909,-0.255057
450,1,0.0898898,-0.141804,1.01008,0,0,0,0.61082,0.791288,0.0275903,0.239773,-0.151653,-0.958911,-0.754591,0.592338,-0.282363,98.987,13.8731,51.0108,0.542403,0.714989,0.360517,-0.2542
456,0,0.0895735,-0.141134,1.00677,0,0,0,0.61182,0.790516,0.0275756,0.240752,-0.152896,-0.958468,-0.753468,0.593049,-0.283864,99.0635,13.931,50.9232,0.542001,0.715643,0.360259,-0.253581
463,1,0.0900405,-0.13879,1.00684,0,0,0,0.612447,0.790058,0.0267925,0.242241,-0.155306,-0.957705,-0.752482,0.593034,-0.286501,99.2111,14.0189,50.8578,0.540981,0.716633,0.360121,-0.253159
469,0,0.0904957,-0.137601,1.00861,0,0,0,0.61263,0.789937,0.0261673,0.243713,-0.157308,-0.957005,-0.751857,0.592667,-0.288889,99.3346,14.1058,50.8261,0.540007,0.717431,0.360191,-0.252878
476,1,0.0910972,-0.137616,1.01359,0,0,0,0.611981,0.790456,0.0256519,0.245009,-0.15865,-0.956452,-0.751964,0.591616,-0.29076,99.4181,14.1824,50.8598,0.539113,0.717877,0.3606,-0.252937
482,1,0.0911164,-0.141019,1.01942,0,0,0,0.610771,0.79138,0.0259904,0.246433,-0.158793,-0.956063,-0.752482,0.59034,-0.292008,99.4302,14.2665,50.9346,0.53851,0.717909,0.361401,-0.252989
489,1,0.0903193,-0.145766,1.02004,0,0,0,0.610408,0.791621,0.0271802,0.247501,-0.158024,-0.955914,-0.752426,0.590225,-0.292386,99.3868,14.3297,50.9492,0.538516,0.717777,0.361923,-0.252601
495,1,0.0897404,-0.149346,1.0202,0,0,0,0.610175,0.791767,0.028115,0.24821,-0.157342,-0.955843,-0.752381,0.59021,-0.292531,99.3477,14.3716,50.9582,0.538587,0.717643,0.362289,-0.252307
501,1,0.0899759,-0.151148,1.02381,0,0,0,0.609603,0.792206,0.0281636,0.249564,-0.158075,-0.955369,-0.752398,0.589425,-0.294069,99.395,14.4517,50.9851,0.537926,0.717939,0.362764,-0.252192
507,1,0.0905854,-0.151099,1.02689,0,0,0,0.609361,0.792409,0.0276971,0.250919,-0.159584,-0.954763,-0.752143,0.588745,-0.296075,99.489,14.5319,50.9868,0.537053,0.718509,0.363019,-0.252066
514,1,0.091029,-0.151688,1.02915,0,0,0,0.609205,0.792537,0.0274731,0.25221,-0.16079,-0.954221,-0.751837,0.588245,-0.29784,99.5647,14.6083,50.9825,0.536324,0.718998,0.363264,-0.251866
520,1,0.0912496,-0.153911,1.03257,0,0,0,0.608478,0.793087,0.0277023,0.252976,-0.160766,-0.954022,-0.752169,0.587509,-0.298454,99.5653,14.6537,51.0284,0.536017,0.718975,0.363734,-0.25191
527,1,0.0915543,-0.153551,1.03391,0,0,0,0.608357,0.793188,0.0274755,0.253249,-0.161195,-0.953877,-0.752175,0.587256,-0.298938,99.5917,14.6699,51.0342,0.535776,0.719112,0.363795,-0.251942
534,1,0.0915608,-0.155691,1.03665,0,0,0,0.607462,0.793859,0.027899,0.252907,-0.159992,-0.95417,-0.753013,0.586678,-0.297962,99.5186,14.6496,51.1066,0.536076,0.718578,0.36418,-0.252274
540,1,0.0919543,-0.158422,1.04291,0,0,0,0.605927,0.795024,0.0280925,0.253268,-0.159311,-0.954188,-0.754128,0.585283,-0.297885,99.4787,14.671,51.2188,0.535894,0.718179,0.364913,-0.252735
547,1,0.0924812,-0.159729,1.04818,0,0,0,0.604597,0.796037,0.0280653,0.253051,-0.158547,-0.954373,-0.755266,0.584113,-0.297295,99.4322,14.6581,51.3224,0.5359,0.717711,0.365428,-0.253306
553,1,0.0926973,-0.159976,1.05016,0,0,0,0.60402,0.796476,0.0280308,0.252601,-0.157968,-0.954588,-0.755879,0.583671,-0.296606,99.3963,14.6315,51.3718,0.536061,0.71739,0.365588,-0.253644
560,1,0.0932397,-0.157627,1.05044,0,0,0,0.604083,0.796451,0.027386,0.252115,-0.158396,-0.954646,-0.755991,0.583589,-0.296482,99.4208,14.6027,51.373,0.536005,0.717454,0.365378,-0.253885
567,1,0.0952602,-0.150518,1.05318,0,0,0,0.603789,0.796742,0.0253111,0.250143,-0.159225,-0.955027,-0.75688,0.582966,-0.295438,99.4654,14.486,51.4195,0.535987,0.717365,0.364837,-0.25495
574,1,0.0964526,-0.146018,1.0531,0,0,0,0.603976,