300,0,-0.223066,0.132853,1.79219,0,0,0,0.609016,0.792937,0.0187478,0.211198,-0.139337,-0.967461,-0.764523,0.593158,-0.252325,98.1956,12.1926,51.4593,0.551669,0.707227,0.354955,-0.263627
306,1,-0.222709,0.133993,1.79342,0,0,0,0.608856,0.793069,0.0183356,0.211036,-0.139649,-0.967451,-0.764695,0.592908,-0.252392,98.2138,12.183,51.473,0.551547,0.707265,0.354925,-0.263819
312,1,-0.222359,0.13557,1.79447,0,0,0,0.608778,0.793141,0.0178331,0.210841,-0.14008,-0.967431,-0.764811,0.59271,-0.252504,98.2389,12.1716,51.4808,0.551406,0.707347,0.35484,-0.264007
319,1,-0.222701,0.134398,1.79408,0,0,0,0.608811,0.793107,0.0181733,0.211044,-0.139836,-0.967423,-0.764728,0.592813,-0.252514,98.2248,12.1835,51.4762,0.551467,0.707312,0.354918,-0.263871
325,1,-0.223686,0.130424,1.79396,0,0,0,0.608599,0.793244,0.0192484,0.211661,-0.138917,-0.96742,-0.764727,0.592845,-0.252443,98.1716,12.2197,51.4859,0.551643,0.7071,0.355291,-0.263569
331,1,-0.224859,0.126724,1.79182,0,0,0,0.608562,0.793242,0.0205003,0.211335,-0.137122,-0.967748,-0.764847,0.593266,-0.251087,98.0647,12.2006,51.492,0.552348,0.706536,0.355459,-0.263379
338,1,-0.226389,0.12152,1.78785,0,0,0,0.608778,0.793027,0.0222978,0.211109,-0.13484,-0.968117,-0.764737,0.594076,-0.249503,97.9292,12.1874,51.478,0.553271,0.70589,0.355628,-0.262944
345,1,-0.227855,0.117246,1.78262,0,0,0,0.609195,0.792658,0.0239709,0.210294,-0.132328,-0.968641,-0.764629,0.595133,-0.247305,97.7791,12.1396,51.455,0.554428,0.705129,0.355592,-0.262597
351,1,-0.228733,0.115207,1.77804,0,0,0,0.609755,0.792197,0.0249441,0.209676,-0.130878,-0.968972,-0.764352,0.596066,-0.245908,97.6923,12.1034,51.4192,0.555196,0.704723,0.355414,-0.262304
358,1,-0.229118,0.116121,1.77146,0,0,0,0.610998,0.791231,0.0251879,0.208818,-0.130398,-0.969222,-0.763594,0.597452,-0.244896,97.6625,12.0531,51.3346,0.555811,0.704679,0.354789,-0.261965
364,1,-0.228679,0.120347,1.76662,0,0,0,0.612208,0.79032,0.0243927,0.207771,-0.131028,-0.969362,-0.76291,0.59852,-0.244422,97.698,11.9918,51.2542,0.556048,0.704922,0.353972,-0.261915
371,1,-0.229153,0.119783,1.76248,0,0,0,0.612885,0.78978,0.024892,0.20712,-0.130169,-0.969617,-0.762544,0.59942,-0.243358,97.6461,11.9536,51.2098,0.556632,0.704701,0.353661,-0.26169
377,1,-0.229311,0.120195,1.75883,0,0,0,0.613633,0.789194,0.0250376,0.206683,-0.12994,-0.969741,-0.76206,0.60024,-0.242848,97.6318,11.928,51.158,0.556966,0.704702,0.353297,-0.261466
384,1,-0.229706,0.121842,1.75148,0,0,0,0.61504,0.788093,0.0252161,0.205352,-0.12922,-0.97012,-0.761286,0.601841,-0.241312,97.5871,11.8501,51.0654,0.557788,0.704552,0.35251,-0.261184
390,1,-0.22956,0.126017,1.74467,0,0,0,0.61639,0.787053,0.0247111,0.203232,-0.128688,-0.970637,-0.760763,0.603313,-0.239277,97.5523,11.726,50.9847,0.558665,0.704336,0.351496,-0.261257
397,1,-0.229035,0.131367,1.73877,0,0,0,0.617661,0.786084,0.0238129,0.201229,-0.128699,-0.971053,-0.760265,0.604573,-0.237675,97.5497,11.6089,50.9086,0.559305,0.704279,0.35047,-0.26142
404,1,-0.228699,0.137754,1.72853,0,0,0,0.619689,0.784512,0.0229313,0.198307,-0.12824,-0.971714,-0.759381,0.606708,-0.235043,97.5181,11.438,50.784,0.560447,0.70409,0.348968,-0.26149
410,1,-0.227921,0.146855,1.71667,0,0,0,0.622273,0.782508,0.021402,0.19524,-0.128668,-0.972279,-0.758062,0.609201,-0.232844,97.5385,11.2588,50.6183,0.561418,0.704235,0.347096,-0.261511
416,1,-0.226666,0.156291,1.70894,0,0,0,0.624034,0.781154,0.0194895,0.19228,-0.129335,-0.97278,-0.75737,0.610795,-0.23091,97.5733,11.0859,50.5132,0.562092,0.704322,0.345522,-0.261912
423,1,-0.225912,0.162659,1.70384,0,0,0,0.625052,0.780369,0.0182556,0.189884,-0.129324,-0.973252,-0.757135,0.6118,-0.229014,97.569,10.946,50.4586,0.562742,0.704164,0.34447,-0.262325
429,1,-0.225878,0.166412,1.69683,0,0,0,0.626347,0.77934,0.0178162,0.187966,-0.128807,-0.973693,-0.756543,0.613219,-0.227168,97.5358,10.8341,50.3784,0.563554,0.703975,0.343516,-0.262341
435,1,-0.225924,0.169463,1.69134,0,0,0,0.627427,0.778481,0.017421,0.186719,-0.128694,-0.973948,-0.755957,0.614334,-0.226103,97.5272,10.7614,50.3081,0.564055,0.703957,0.342776,-0.26228
442,1,-0.225576,0.173831,1.68696,0,0,0,0.628488,0.777642,0.016603,0.185678,-0.129268,-0.974071,-0.755332,0.615275,-0.225634,97.5595,10.7007,50.2372,0.564266,0.704164,0.342008,-0.262271
449,1,-0.225727,0.174856,1.68533,0,0,0,0.62887,0.777336,0.0164922,0.185572,-0.129463,-0.974065,-0.75504,0.61562,-0.225668,97.5708,10.6945,50.2092,0.5643,0.704273,0.341809,-0.262167
455,1,-0.225903,0.174512,1.68699,0,0,0,0.628806,0.777388,0.0164692,0.186914,-0.130562,-0.973661,-0.754762,0.615322,-0.227403,97.6375,10.7728,50.2017,0.563658,0.704764,0.342066,-0.261894
462,1,-0.225791,0.177039,1.6831,0,0,0,0.629884,0.776523,0.016055,0.187062,-0.131609,-0.973492,-0.753826,0.616191,-0.228156,97.6993,10.7814,50.1184,0.563498,0.705275,0.341563,-0.261519
468,1,-0.226877,0.176062,1.67606,0,0,0,0.631526,0.775173,0.0167897,0.188088,-0.132154,-0.97322,-0.752195,0.617772,-0.22926,97.7329,10.8412,49.984,0.563496,0.705858,0.341167,-0.260465
474,1,-0.227693,0.170227,1.68352,0,0,0,0.630083,0.776323,0.017854,0.190768,-0.132463,-0.972657,-0.75273,0.61626,-0.23156,97.7552,10.9976,50.0685,0.562597,0.706064,0.342423,-0.260202
480,1,-0.227632,0.174778,1.67507,0,0,0,0.632258,0.774567,0.017189,0.190523,-0.133937,-0.972503,-0.750966,0.618148,-0.232255,97.8417,10.9833,49.9051,0.562598,0.706833,0.341343,-0.25953
486,1,-0.22724,0.179014,1.67015,0,0,0,0.63373,0.773381,0.01635,0.19035,-0.135422,-0.972331,-0.749768,0.619308,-0.233035,97.9289,10.9732,49.7943,0.562422,0.707493,0.340544,-0.259161
493,1,-0.227122,0.182219,1.66435,0,0,0,0.635277,0.772122,0.0158403,0.190172,-0.136522,-0.972212,-0.748503,0.620637,-0.233565,97.9934,10.9628,49.6777,0.562403,0.708054,0.339767,-0.258689
499,1,-0.224278,0.190953,1.6738,0,0,0,0.633966,0.773254,0.0128305,0.189403,-0.139158,-0.971988,-0.749809,0.618638,-0.234678,98.1476,10.918,49.7853,0.561278,0.708485,0.339689,-0.260054
505,1,-0.222734,0.196756,1.67658,0,0,0,0.633867,0.773363,0.0110548,0.188943,-0.140971,-0.971817,-0.750008,0.618092,-0.235478,98.2537,10.8911,49.7973,0.560673,0.708928,0.339352,-0.260588
511,1,-0.221565,0.201425,1.67844,0,0,0,0.633757,0.773471,0.00968042,0.188142,-0.141995,-0.971823,-0.750303,0.617721,-0.235513,98.3128,10.8444,49.8133,0.560413,0.709095,0.339028,-0.261115
517,1,-0.220034,0.206056,1.68454,0,0,0,0.632532,0.774492,0.00807811,0.186673,-0.142318,-0.972059,-0.751702,0.616367,-0.234598,98.3294,10.7587,49.9205,0.560271,0.708775,0.339023,-0.262292
523,1,-0.220231,0.204622,1.68603,0,0,0,0.63193,0.77498,0.00838033,0.186151,-0.141276,-0.972311,-0.752338,0.615993,-0.23354,98.2672,10.7282,49.9712,0.560606,0.708298,0.339239,-0.262586
529,1,-0.22043,0.203877,1.68557,0,0,0,0.63164,0.775214,0.00865102,0.185027,-0.139903,-0.972724,-0.752859,0.616012,-0.231804,98.1845,10.6627,50.0037,0.561234,0.707698,0.339213,-0.262897
536,1,-0.221198,0.200711,1.68563,0,0,0,0.631024,0.775704,0.00959711,0.184116,-0.137735,-0.973206,-0.753598,0.615883,-0.229733,98.0554,10.6096,50.059,0.56204,0.70684,0.339476,-0.263143
542,1,-0.221432,0.196602,1.6932,0,0,0,0.628909,0.77741,0.0103491,0.183844,-0.135766,-0.973534,-0.75543,0.614167,-0.228306,97.9391,10.5937,50.222,0.562325,0.705865,0.340452,-0.263889
548,1,-0.221209,0.195807,1.69663,0,0,0,0.627773,0.778326,0.0104684,0.182824,-0.134361,-0.973921,-0.756621,0.613316,-0.226646,97.8549,10.5343,50.3173,0.562754,0.705121,0.340775,-0.264548
554,1,-0.220417,0.194056,1.7068,0,0,0,0.625348,0.780278,0.0103217,0.182749,-0.133578,-0.974043,-0.758645,0.611002,-0.226128,97.8087,10.5299,50.5014,0.562504,0.70446,0.341761,-0.265566
560,1,-0.220951,0.188304,1.71425,0,0,0,0.623308,0.781893,0.0114002,0.183265,-0.131891,-0.974176,-0.760198,0.609301,-0.225503,97.7102,10.56,50.6507,0.562564,0.703687,0.342893,-0.266027
567,1,-0.221006,0.182815,1.72653,0,0,0,0.620243,0.784316,0.0121559,0.183575,-0.130071,-0.974362,-0.762627,0.606572,-0.224656,97.6037,10.5781,50.8786,0.562476,0.702668,0.344363,-0.267008
573,1,-0.222282,0.178254,1.7238,0,0,0,0.620314,0.784236,0.0135783,0.183298,-0.12811,-0.974674,-0.762635,0.607093,-0.223217,97.4879,10.5619,50.8757,0.563247,0.702076,0.344526,-0.266729
579,1,-0.223042,0.173759,1.72606,0,0,0,0.619437,0.78491,0.0146694,0.18347,-0.126572,-0.974843,-0.763307