301,0,6.39185e-05,-8.06459e-05,-0.00012942,0,0,0,0.608791,0.793097,0.0192672,0.211777,-0.139062,-0.967374,-0.764542,0.593009,-0.25262,98.1803,12.2265,51.4703,0.551613,0.70719,0.355235,-0.263463
307,1,6.96709e-05,-0.000218858,-0.00022958,0,0,0,0.608433,0.793385,0.0187082,0.212121,-0.139865,-0.967183,-0.764732,0.592434,-0.253392,98.2286,12.2467,51.4937,0.551175,0.707405,0.35535,-0.263648
314,1,5.74059e-05,-0.000395775,-0.000358748,0,0,0,0.607236,0.794332,0.0173475,0.211973,-0.140925,-0.967061,-0.765723,0.590912,-0.253952,98.2911,12.238,51.5848,0.550536,0.70748,0.355595,-0.264451
320,1,-1.18819e-05,-0.000584373,-0.000442892,0,0,0,0.606332,0.795026,0.0171686,0.212613,-0.141271,-0.96687,-0.766262,0.589895,-0.25469,98.3128,12.2755,51.6459,0.550084,0.707512,0.35605,-0.264693
327,1,-9.93822e-05,-0.000745388,-0.000548408,0,0,0,0.605703,0.7955,0.0174254,0.213495,-0.141383,-0.96666,-0.766514,0.589229,-0.255471,98.321,12.3272,51.684,0.549738,0.707559,0.356506,-0.264674
333,1,-0.000233216,-0.00102096,-0.000539544,0,0,0,0.605922,0.795316,0.0182216,0.215504,-0.14205,-0.966116,-0.765779,0.589317,-0.257464,98.3644,12.4451,51.6472,0.549183,0.708067,0.356894,-0.263943
339,1,-0.000341506,-0.0011854,-0.000534852,0,0,0,0.606203,0.795075,0.0193244,0.216799,-0.141822,-0.96586,-0.765191,0.589696,-0.258344,98.3533,12.5211,51.6129,0.549098,0.708232,0.357183,-0.263285
346,1,-0.00045805,-0.00138252,-0.000493405,0,0,0,0.606152,0.795121,0.0190619,0.217244,-0.142463,-0.965665,-0.765105,0.589481,-0.25909,98.3922,12.5472,51.6121,0.548771,0.708467,0.357238,-0.263259
352,1,-0.000563785,-0.00150986,-0.000519123,0,0,0,0.605807,0.795363,0.0199171,0.218719,-0.142419,-0.965339,-0.764958,0.589165,-0.260239,98.3925,12.6338,51.6226,0.548441,0.708602,0.357776,-0.262856
359,1,-0.000715576,-0.00156561,-0.000526646,0,0,0,0.60512,0.795879,0.0201692,0.219371,-0.142331,-0.965204,-0.765315,0.588488,-0.26072,98.3885,12.6721,51.6673,0.548194,0.70855,0.358214,-0.262912
365,1,-0.000914621,-0.00159985,-0.000513126,0,0,0,0.604946,0.795988,0.0210701,0.220985,-0.142408,-0.964824,-0.764987,0.588323,-0.262051,98.3962,12.7669,51.6633,0.547834,0.708767,0.358712,-0.262398
371,1,-0.00107631,-0.00159143,-0.000388037,0,0,0,0.604241,0.79646,0.0233404,0.223649,-0.141412,-0.964357,-0.76477,0.587924,-0.263574,98.3423,12.9234,51.6879,0.547552,0.708736,0.359833,-0.261532
377,1,-0.00121735,-0.00146365,-0.000224813,0,0,0,0.603544,0.796917,0.0256467,0.226544,-0.140555,-0.963806,-0.764468,0.58751,-0.265368,98.2972,13.0937,51.7091,0.547179,0.708778,0.360995,-0.260597
383,1,-0.00114691,-0.00130912,-9.8003e-05,0,0,0,0.603441,0.796958,0.026769,0.228234,-0.140454,-0.963422,-0.764047,0.587478,-0.266648,98.2945,13.1931,51.6985,0.546886,0.708968,0.361508,-0.259983
389,1,-0.00106743,-0.00116587,2.87748e-05,0,0,0,0.603416,0.796941,0.0278197,0.230493,-0.140912,-0.962817,-0.763388,0.587392,-0.268718,98.3263,13.3261,51.6756,0.546303,0.709409,0.362074,-0.259219
396,1,-0.00108367,-0.00110888,6.16196e-05,0,0,0,0.604097,0.796383,0.0290121,0.232194,-0.141072,-0.962385,-0.762334,0.58811,-0.270137,98.3393,13.4263,51.6056,0.546097,0.709807,0.362273,-0.258282
402,1,-0.00111165,-0.000970583,2.88489e-05,0,0,0,0.604767,0.79583,0.0301941,0.233088,-0.14062,-0.962235,-0.76153,0.588965,-0.270541,98.3143,13.4789,51.5453,0.546261,0.709917,0.362337,-0.257543
408,1,-0.00116054,-0.000935924,7.07275e-05,0,0,0,0.604708,0.795878,0.0301104,0.233142,-0.140738,-0.962204,-0.76156,0.588873,-0.270658,98.3215,13.4821,51.5491,0.546194,0.709948,0.362358,-0.257571
414,1,-0.0012435,-0.00110288,0.000243782,0,0,0,0.60362,0.796703,0.0301095,0.232815,-0.140021,-0.962388,-0.762522,0.587927,-0.270004,98.2781,13.4629,51.6345,0.546259,0.709515,0.362754,-0.258068
420,1,-0.00124331,-0.00129716,0.000454262,0,0,0,0.60298,0.797179,0.0303544,0.232004,-0.138826,-0.962757,-0.763276,0.587565,-0.268658,98.2053,13.4151,51.6916,0.546693,0.708954,0.362923,-0.258452
426,1,-0.00128015,-0.00147282,0.000676399,0,0,0,0.602637,0.797418,0.0308737,0.231411,-0.137598,-0.963076,-0.763726,0.58753,-0.267453,98.131,13.3802,51.7239,0.547171,0.708464,0.363049,-0.258606
432,1,-0.00131416,-0.0016404,0.000761475,0,0,0,0.602365,0.797653,0.0301033,0.230406,-0.137641,-0.963311,-0.764244,0.587201,-0.266694,98.1316,13.321,51.7554,0.547273,0.70829,0.362866,-0.259124
439,1,-0.00146177,-0.00175862,0.000731622,0,0,0,0.60179,0.798101,0.0297266,0.229566,-0.137209,-0.963573,-0.76495,0.586693,-0.265787,98.1042,13.2715,51.8077,0.547447,0.707952,0.362901,-0.25963
445,1,-0.00155888,-0.00185033,0.000790334,0,0,0,0.602388,0.797637,0.03006,0.228242,-0.13604,-0.964053,-0.764875,0.587595,-0.264003,98.0321,13.1936,51.7773,0.548257,0.707536,0.362483,-0.259639
452,1,-0.00163629,-0.00192752,0.000880865,0,0,0,0.60286,0.797266,0.0304339,0.227148,-0.134944,-0.964466,-0.764829,0.588351,-0.262449,97.9649,13.1292,51.7538,0.548969,0.707152,0.362162,-0.259631
458,1,-0.00182713,-0.00205819,0.000916281,0,0,0,0.603355,0.79691,0.0299458,0.225564,-0.13452,-0.964896,-0.764907,0.58893,-0.260918,97.9367,13.0361,51.7338,0.549526,0.706893,0.361608,-0.259927
464,1,-0.00182699,-0.00222403,0.000927463,0,0,0,0.604203,0.796257,0.0302295,0.224019,-0.133335,-0.965421,-0.764692,0.590082,-0.258938,97.8634,12.9452,51.6868,0.550439,0.706483,0.36104,-0.259901
470,1,-0.0017768,-0.00240063,0.000910649,0,0,0,0.605509,0.795234,0.0310138,0.222202,-0.131512,-0.966091,-0.764189,0.591868,-0.256334,97.7519,12.8384,51.6083,0.551739,0.705931,0.360317,-0.259648
477,1,-0.00166904,-0.00254304,0.000924495,0,0,0,0.607094,0.793988,0.0319403,0.220438,-0.12966,-0.966745,-0.763442,0.593946,-0.253741,97.6389,12.7348,51.508,0.553103,0.705425,0.359509,-0.259242
484,1,-0.00160842,-0.00269931,0.00100081,0,0,0,0.6076,0.793532,0.0335965,0.219612,-0.127203,-0.967259,-0.763278,0.595085,-0.251558,97.4919,12.6862,51.4788,0.554265,0.704692,0.359428,-0.258865
490,1,-0.0016046,-0.00277381,0.00116819,0,0,0,0.607588,0.793492,0.0347444,0.218912,-0.125253,-0.967672,-0.763488,0.595552,-0.249807,97.3752,12.6451,51.487,0.555096,0.704033,0.359502,-0.258775
497,1,-0.00160029,-0.00287738,0.00132063,0,0,0,0.607584,0.793497,0.0347091,0.216325,-0.123277,-0.968507,-0.764229,0.595958,-0.246554,97.2539,12.4933,51.5143,0.556272,0.703103,0.359059,-0.259393
503,1,-0.0017434,-0.00301799,0.00138973,0,0,0,0.606953,0.793952,0.0353149,0.214938,-0.121209,-0.969077,-0.765121,0.595775,-0.244218,97.1293,12.4119,51.5758,0.557119,0.702207,0.359185,-0.259826
510,1,-0.00184492,-0.00309482,0.00140359,0,0,0,0.606906,0.793971,0.0356988,0.213254,-0.119411,-0.969672,-0.765629,0.596113,-0.241789,97.0204,12.3131,51.5965,0.558056,0.701446,0.358982,-0.260152
517,1,-0.00183191,-0.00314317,0.00124337,0,0,0,0.605747,0.794845,0.0359305,0.211308,-0.117171,-0.970371,-0.767085,0.595392,-0.238933,96.8851,12.199,51.7027,0.558937,0.700331,0.359171,-0.261003
524,1,-0.0019298,-0.00330223,0.000978659,0,0,0,0.604742,0.795603,0.0360791,0.209512,-0.115219,-0.970994,-0.768369,0.59476,-0.236366,96.7671,12.0938,51.7956,0.559723,0.699344,0.359307,-0.261778
530,1,-0.00191216,-0.00349942,0.000777256,0,0,0,0.603969,0.79624,0.0349867,0.20776,-0.114908,-0.971407,-0.769453,0.593969,-0.234827,96.7462,11.9911,51.8705,0.559963,0.698875,0.359149,-0.262732
536,1,-0.00194734,-0.00364997,0.000591725,0,0,0,0.60324,0.796833,0.0340299,0.206039,-0.114478,-0.971825,-0.770486,0.593255,-0.233236,96.7183,11.8903,51.9414,0.560251,0.698383,0.358998,-0.263629
543,1,-0.00189354,-0.00368755,0.000591125,0,0,0,0.60284,0.797175,0.033095,0.204001,-0.113904,-0.972322,-0.771341,0.592906,-0.23129,96.6815,11.771,51.9907,0.560724,0.69786,0.358659,-0.264468
549,1,-0.00186789,-0.00379576,0.000682709,0,0,0,0.602814,0.797221,0.0324582,0.202321,-0.11338,-0.972734,-0.771804,0.592945,-0.229641,96.6483,11.6727,52.0086,0.561203,0.697466,0.358276,-0.265012
556,1,-0.00172469,-0.00390343,0.00071769,0,0,0,0.602916,0.797157,0.0321367,0.200809,-0.112648,-0.973132,-0.772119,0.593171,-0.227994,96.6031,11.5843,52.0152,0.561755,0.697058,0.357921,-0.265395
562,1,-0.00153495,-0.00394257,0.000831614,0,0,0,0.60376,0.796521,0.0320544,0.199938,-0.112382,-0.973342,-0.771686,0.594074,-0.227106,96.5862,11.5333,51.9607,0.562199,0.697002,0.357409,-0.26529
569,1,-0.00144937,-0.00394878,0.000993808,0,0,0,0.603703