296,0,0.000719516,0.00256439,0.00100055,0,0,0,0.609847,0.792299,0.0186813,0.211653,-0.140107,-0.96725,-0.763734,0.593829,-0.253136,98.242,12.2192,51.3924,0.551499,0.707653,0.354677,-0.263213
302,1,0.00123404,0.00546481,-0.000188913,0,0,0,0.610248,0.792006,0.0179699,0.210999,-0.140629,-0.967317,-0.763594,0.594096,-0.252931,98.2717,12.1809,51.3689,0.551518,0.70778,0.354279,-0.263367
309,1,0.00139814,0.00481472,0.00109848,0,0,0,0.610031,0.792172,0.0180188,0.211416,-0.140806,-0.9672,-0.763652,0.593832,-0.253374,98.283,12.2054,51.381,0.551328,0.707851,0.354449,-0.263344
315,1,0.00149101,0.00459308,0.000844314,0,0,0,0.610181,0.792056,0.0180455,0.211817,-0.141146,-0.967063,-0.763421,0.593906,-0.253896,98.3039,12.2289,51.3656,0.551167,0.70803,0.35446,-0.263187
321,1,0.00143662,0.00318072,0.00114773,0,0,0,0.610145,0.792076,0.0183984,0.212321,-0.141093,-0.96696,-0.763311,0.593892,-0.254262,98.3017,12.2584,51.3633,0.551088,0.708078,0.354621,-0.263005
328,1,0.00124456,-0.00042649,0.00301509,0,0,0,0.609706,0.792395,0.0191774,0.213518,-0.140895,-0.966726,-0.763327,0.593514,-0.255095,98.2921,12.3286,51.3839,0.550844,0.708113,0.355139,-0.262723
334,1,0.00157954,-0.000362968,0.00268466,0,0,0,0.609766,0.79235,0.0191475,0.213524,-0.14096,-0.966715,-0.763278,0.593558,-0.255138,98.296,12.3289,51.3794,0.550833,0.708143,0.35511,-0.262705
341,1,0.00179176,-0.000189622,0.00109046,0,0,0,0.610031,0.792144,0.0192162,0.213368,-0.140863,-0.966763,-0.763109,0.593856,-0.25495,98.29,12.3198,51.3611,0.550958,0.708139,0.354984,-0.262622
347,1,0.00174458,0.00188321,-0.00514953,0,0,0,0.611218,0.79123,0.0191701,0.212264,-0.140542,-0.967053,-0.762468,0.595149,-0.253852,98.2689,12.2551,51.2833,0.551549,0.708098,0.354292,-0.262427
354,1,0.00142504,0.00370364,-0.0133272,0,0,0,0.612681,0.790093,0.0193729,0.21082,-0.139759,-0.967482,-0.761693,0.596842,-0.252195,98.2199,12.1704,51.1879,0.552433,0.707926,0.353467,-0.262146
360,1,0.00168376,0.00491075,-0.0152283,0,0,0,0.612819,0.789988,0.0192732,0.209668,-0.139034,-0.967837,-0.7619,0.59715,-0.250838,98.1748,12.1029,51.1892,0.552935,0.707582,0.353194,-0.262382
366,1,0.00241005,0.00643281,-0.0132705,0,0,0,0.612289,0.79041,0.0187964,0.208813,-0.138735,-0.968065,-0.762561,0.596661,-0.249994,98.1556,12.0528,51.2377,0.553073,0.707287,0.353189,-0.262894
373,1,0.00276524,0.00643808,-0.0108378,0,0,0,0.611257,0.791209,0.0187823,0.207085,-0.13699,-0.968684,-0.763859,0.596004,-0.247584,98.0493,11.9516,51.3324,0.553778,0.706369,0.353319,-0.263699
379,1,0.00304583,0.00845579,-0.0114431,0,0,0,0.61096,0.791447,0.0184595,0.204829,-0.135509,-0.969372,-0.764705,0.596028,-0.244901,97.9578,11.8195,51.377,0.554651,0.70558,0.352999,-0.264409
386,1,0.00318298,0.00989961,-0.0120077,0,0,0,0.610919,0.791483,0.0182163,0.203743,-0.134944,-0.96968,-0.765027,0.596108,-0.243699,97.9226,11.7559,51.3906,0.55504,0.705259,0.352787,-0.264729
392,1,0.00325756,0.0118577,-0.0135521,0,0,0,0.611104,0.791348,0.0178936,0.20253,-0.134466,-0.97,-0.765202,0.596395,-0.242445,97.8923,11.6849,51.3885,0.555471,0.704985,0.352447,-0.265009
398,1,0.00341845,0.0127777,-0.0128588,0,0,0,0.611008,0.791428,0.017637,0.202395,-0.134639,-0.970004,-0.765314,0.59625,-0.242446,97.9023,11.6771,51.397,0.55541,0.704999,0.35242,-0.265134
404,1,0.00425557,0.014678,-0.00743763,0,0,0,0.609794,0.792382,0.0168075,0.201578,-0.13455,-0.970187,-0.766497,0.595002,-0.241774,97.8957,11.6292,51.4957,0.555309,0.704648,0.352644,-0.26598
410,1,0.00607055,0.0205439,-0.00214776,0,0,0,0.608908,0.793102,0.0148628,0.200386,-0.135664,-0.970279,-0.767513,0.593788,-0.241533,97.9595,11.5595,51.5732,0.554912,0.704646,0.352478,-0.267031
417,1,0.0077684,0.0254117,0.0029881,0,0,0,0.607944,0.79387,0.0132218,0.19925,-0.136423,-0.970406,-0.768572,0.592587,-0.241116,98.0024,11.4931,51.6559,0.554618,0.704536,0.352402,-0.268031
423,1,0.00773524,0.0256179,0.00248983,0,0,0,0.607975,0.793846,0.01324,0.199053,-0.136261,-0.970469,-0.768599,0.592657,-0.240861,97.9925,11.4816,51.6554,0.554719,0.704467,0.352358,-0.26806
429,1,0.00780798,0.0277231,-1.01712e-05,0,0,0,0.608322,0.793585,0.0129247,0.197777,-0.135795,-0.970796,-0.768653,0.593113,-0.23956,97.9629,11.407,51.6414,0.555195,0.704215,0.351938,-0.268288
435,1,0.00742253,0.029847,-0.00643167,0,0,0,0.609346,0.792799,0.0129374,0.195877,-0.134701,-0.971333,-0.768329,0.594412,-0.237371,97.8952,11.296,51.5828,0.556164,0.703814,0.351185,-0.268321
441,1,0.00638412,0.0293608,-0.0118933,0,0,0,0.610198,0.792133,0.0135597,0.195028,-0.133602,-0.971656,-0.767869,0.595546,-0.236012,97.829,11.2464,51.5271,0.556908,0.703529,0.350789,-0.268045
447,1,0.00624556,0.0305403,-0.0134416,0,0,0,0.610128,0.792187,0.013545,0.193278,-0.132237,-0.972192,-0.768367,0.595779,-0.233794,97.7458,11.1442,51.5484,0.557696,0.70288,0.35051,-0.268475
454,1,0.00505239,0.0277452,-0.0165406,0,0,0,0.610335,0.792008,0.0146606,0.19266,-0.130465,-0.972554,-0.768358,0.596408,-0.232215,97.6404,11.1081,51.5386,0.558492,0.70232,0.350505,-0.268288
460,1,0.00455542,0.0258231,-0.0162469,0,0,0,0.610081,0.792193,0.0152157,0.192655,-0.129685,-0.972659,-0.76856,0.596333,-0.231739,97.5945,11.1078,51.5575,0.558717,0.702051,0.350704,-0.268265
467,1,0.00349784,0.0216629,-0.0163077,0,0,0,0.609861,0.792339,0.0163722,0.193274,-0.128664,-0.972672,-0.76858,0.596359,-0.231605,97.5353,11.1439,51.5683,0.558926,0.701807,0.351099,-0.267954
473,1,0.00271899,0.0187406,-0.0170219,0,0,0,0.609875,0.79231,0.0172259,0.193756,-0.127995,-0.972664,-0.768447,0.596541,-0.231576,97.4966,11.1721,51.5629,0.559085,0.701685,0.351321,-0.267649
480,1,0.0021705,0.0155951,-0.0147316,0,0,0,0.609493,0.792591,0.017839,0.195219,-0.128236,-0.97234,-0.76838,0.596116,-0.232888,97.5131,11.2575,51.5779,0.558652,0.701893,0.351838,-0.267327
486,1,0.00207517,0.0146678,-0.0134672,0,0,0,0.609329,0.792714,0.0179714,0.195919,-0.128556,-0.972157,-0.768332,0.595885,-0.23364,97.533,11.2984,51.5836,0.558376,0.702055,0.352049,-0.267201
493,1,0.00283234,0.0163741,-0.00937964,0,0,0,0.608403,0.79344,0.0172806,0.195151,-0.128463,-0.972324,-0.769261,0.594937,-0.232998,97.5263,11.2535,51.6598,0.558333,0.701759,0.352183,-0.267891
499,1,0.00235428,0.0144692,-0.00800094,0,0,0,0.608026,0.79372,0.0176842,0.195679,-0.128237,-0.972247,-0.769425,0.594612,-0.233285,97.5138,11.2844,51.683,0.558235,0.701703,0.352499,-0.267827
506,1,0.00118665,0.0101821,-0.00907555,0,0,0,0.608097,0.793638,0.018867,0.196741,-0.127636,-0.972112,-0.769097,0.594851,-0.233756,97.48,11.3464,51.6679,0.55828,0.701692,0.352854,-0.267293
513,1,-0.000496563,0.00598366,-0.0143091,0,0,0,0.609017,0.792896,0.0203824,0.197537,-0.126738,-0.972068,-0.768165,0.596032,-0.233812,97.4283,11.393,51.5919,0.558674,0.701706,0.352866,-0.266416
519,1,-0.00125739,0.00397793,-0.0141922,0,0,0,0.608843,0.793013,0.0209989,0.197789,-0.126114,-0.972098,-0.768238,0.596009,-0.233633,97.3919,11.4077,51.6025,0.558815,0.701532,0.353085,-0.266288
526,1,-0.00347338,-0.00309181,-0.0180758,0,0,0,0.609233,0.792651,0.0232225,0.19891,-0.124403,-0.97209,-0.767639,0.596849,-0.233456,97.2928,11.4732,51.5629,0.559324,0.701265,0.35349,-0.265383
532,1,-0.00382198,-0.00837232,-0.0120524,0,0,0,0.607839,0.793691,0.0242365,0.200609,-0.123959,-0.971797,-0.768302,0.595558,-0.234569,97.2692,11.5726,51.6509,0.558863,0.701136,0.354532,-0.265307
539,1,-0.00472371,-0.0157545,-0.00599019,0,0,0,0.606313,0.794806,0.0258404,0.202735,-0.123071,-0.971469,-0.768949,0.594253,-0.235755,97.2201,11.6969,51.7444,0.558455,0.700917,0.355799,-0.265049
545,1,-0.00468886,-0.0182285,-0.00156704,0,0,0,0.60551,0.795407,0.0261783,0.204265,-0.123538,-0.971089,-0.769177,0.593352,-0.237277,97.25,11.7865,51.7895,0.557829,0.701129,0.356451,-0.26493
552,1,-0.00221944,-0.0227686,0.0251117,0,0,0,0.600102,0.799517,0.025482,0.207239,-0.124624,-0.97032,-0.772612,0.587572,-0.240478,97.3188,11.9606,52.1628,0.555653,0.700929,0.359079,-0.266479
558,1,-0.000517817,-0.0220133,0.0349868,0,0,0,0.597974,0.801135,0.0247106,0.207126,-0.124671,-0.970338,-0.774291,0.585355,-0.240486,97.3214,11.954,52.3216,0.555161,0.700559,0.359806,-0.267494
565,1,0.000647976,-0.0271397,0.0515049,0,0,0,0.594345,0.803823,0.0249612,0.209245,-0.124597,-0.969893,-0.776512,0.581674,-0.24225,97.3204,12.0781,52.5694,0.553963,0.700213,0.3617,-0.268329
571,1,0.00274329,-0.0285913,0.0664709,0,0,0,0.59096,0.806334,0.0243442,0.209693,-0.124403,-0.969821,-0.778971,0.57823,-0.2426,97.3097,12.1044,52.8145,0.553163,0.699636,0.363055,-0.26965
578,1,0.00285462,-0.0305837,0.0686656,0,0,0,0.590172,0.806896,0.0248213,0.20955,-0.123429,-0.969976,-0.779606,0.577654,-0.24193,97.2519,12.096,52.8738,0.553356,0.699201,0.363431,-0.269874
585,1,0.00299015,-0.0320569,0.072751,0,0,0,0.588702,0.807961,0.0250877,0.208178,-0.121549,-0.970509,-0.781084,0.576563,-0.239755,97.1387,12.0156,52.9947,0.55394,0.698213,0.363835,-0.27069
591,1,0.00354188,-0.0344123,0.0815053,0,0,0,0.58619,0.809776,0.0253749,0.206759,-0.119241,-0.971099,-0.783347,0.574494,-0.237326,97.0003,11.9325,53.192,0.554442,0.696914,0.364656,-0.271903
598,1,0.00682691,-0.0289311,0.0962484,0,0,0,0.582651,0.81239,0.0232466,0.203747,-0.118319,-0.971848,-0.786768,0.570985,-0.234461,96.9414,11.7562,53.4777,0.554498,0.695599,0.365202,-0.274412
605,1,0.00750373,-0.0318131,0.106214,0,0,0,0.579669,0.814506,0.02373,0.202242,-0.115599,-0.972489,-0.789355,0.568521,-0.231736,96.7789,11.6681,53.708,0.555053,0.694083,0.36622,-0.275769
611,1,0.0080016,-0.0348792,0.112957,0,0,0,0.577639,0.81593,0.0243349,0.201574,-0.11369,-0.972853,-0.791013,0.566863,-0.230142,96.6655,11.629,53.8611,0.555384,0.693085,0.36702,-0.276545
618,1,0.0113615,-0.0302693,0.127911,0,0,0,0.574265,0.818365,0.022322,0.199974,-0.113782,-0.973172,-0.793871,0.563322,-0.228992,96.6686,11.5354,54.119,0.554863,0.692286,0.367745,-0.278624
624,1,0.0132108,-0.0268482,0.134085,0,0,0,0.573152,0.819181,0.0209806,0.199854,-0.114909,-0.973064,-0.794705,0.561907,-0.229577,96.7349,11.5284,54.2003,0.554226,0.692394,0.367939,-0.279366
631,1,0.0155988,-0.0255949,0.144802,0,0,0,0.571111,0.820634,0.0198117,0.200768,-0.116239,-0.972718,-0.795942,0.559508,-0.231142,96.8145,11.5819,54.3395,0.553112,0.692548,0.368711,-0.280172
638,1,0.0175807,-0.0213942,0.151611,0,0,0,0.569987,0.821453,0.0181724,0.200892,-0.117881,-0.972495,-0.796716,0.55796,-0.232214,96.9114,11.5891,54.4193,0.552244,0.692835,0.368899,-0.280927
644,1,0.0186073,-0.0283983,0.167703,0,0,0,0.566356,0.823947,0.0187748,0.203496,-0.117729,-0.971972,-0.798643,0.554302,-0.234347,96.9063,11.7415,54.6577,0.550972,0.692537,0.370898,-0.281526
651,1,0.0239763,-0.0213481,0.189642,0,0,0,0.560878,0.827744,0.0159639,0.199339,-0.116306,-0.973004,-0.803542,0.548919,-0.230235,96.8164,11.4983,55.0847,0.550985,0.690547,0.371837,-0.285128
657,1,0.0241067,-0.0265886,0.196147,0,0,0,0.559207,0.828856,0.0168872,0.200615,-0.115529,-0.972834,-0.804388,0.547404,-0.230886,96.7725,11.5729,55.1931,0.550634,0.690221,0.372877,-0.285235
664,1,0.0233873,-0.0292744,0.195141,0,0,0,0.559199,0.828844,0.0176979,0.200816,-0.114712,-0.97289,-0.804344,0.547593,-0.230592,96.7246,11.5847,55.192,0.550885,0.690019,0.373055,-0.285009
671,1,0.0216901,-0.0383165,0.196346,0,0,0,0.558493,0.829268,0.0200236,0.202337,-0.11278,-0.9728,-0.804453,0.547354,-0.230779,96.613,11.6737,55.2296,0.55112,0.689575,0.374001,-0.284389
678,1,0.0188014,-0.0411423,0.181989,0,0,0,0.562398,0.826594,0.0212325,0.205577,-0.114906,-0.971872,-0.800904,0.550943,-0.234552,96.7429,11.8633,54.9233,0.550668,0.691349,0.373245,-0.281938
684,1,0.0207393,-0.0384839,0.187383,0,0,0,0.561337,0.827342,0.0201409,0.204828,-0.11531,-0.971982,-0.801839,0.549735,-0.234191,96.7656,11.8194,55.0056,0.550417,0.691165,0.373344,-0.282747
691,1,0.0218215,-0.0451519,0.200709,0,0,0,0.557895,0.829644,0.0210749,0.205806,-0.113704,-0.971965,-0.803988,0.546591,-0.234181,96.6724,11.8767,55.2429,0.550002,0.69025,0.375027,-0.283562
698,1,0.02143,-0.049199,0.201942,0,0,0,0.557068,0.830168,0.0222927,0.205303,-0.111655,-0.972308,-0.80469,0.546219,-0.232636,96.5509,11.8473,55.3061,0.550631,0.689449,0.375471,-0.283704
704,1,0.0241672,-0.0438395,0.212785,0,0,0,0.554884,0.831682,0.0202387,0.204347,-0.112674,-0.972392,-0.80644,0.543701,-0.232473,96.6096,11.7913,55.4695,0.54994,0.689208,0.375804,-0.285183
711,1,0.0229909,-0.0443153,0.206622,0,0,0,0.555997,0.83092,0.02094,0.203583,-0.111712,-0.972664,-0.805867,0.545061,-0.231273,96.5518,11.7466,55.3968,0.550684,0.689018,0.375354,-0.284799
717,1,0.0219504,-0.0437039,0.199957,0,0,0,0.557263,0.83006,0.0214078,0.202575,-0.110906,-0.972966,-0.805246,0.546535,-0.229953,96.5029,11.6876,55.3152,0.551454,0.688862,0.374761,-0.284469
724,1,0.020838,-0.0458066,0.195881,0,0,0,0.557903,0.829605,0.0223614,0.2025,-0.10995,-0.97309,-0.804822,0.547418,-0.229336,96.4466,11.6832,55.2703,0.551955,0.688693,0.374661,-0.284038
730,1,0.0220108,-0.0513028,0.207925,0,0,0,0.5549,0.831599,0.0230041,0.203701,-0.109009,-0.972945,-0.806593,0.544573,-0.229887,96.3928,11.7535,55.4738,0.551363,0.688076,0.376158,-0.284703
737,1,0.0257892,-0.0557494,0.232381,0,0,0,0.548325,0.835946,0.0230997,0.202055,-0.10563,-0.973661,-0.811488,0.53855,-0.226827,96.1916,11.6572,55.953,0.551332,0.685708,0.378442,-0.287436
744,1,0.0237388,-0.0607761,0.226616,0,0,0,0.550424,0.834537,0.0241068,0.206548,-0.10814,-0.972442,-0.808932,0.540235,-0.231894,96.3455,11.9201,55.7673,0.550089,0.68747,0.378593,-0.285404
750,1,0.0248817,-0.0636483,0.235428,0,0,0,0.548555,0.835767,0.0240961,0.207983,-0.108483,-0.972098,-0.809833,0.538261,-0.233334,96.3677,12.0042,55.8875,0.549258,0.687454,0.379571,-0.285742
756,1,0.0272935,-0.0673775,0.253045,0,0,0,0.544243,0.838583,0.0240399,0.208064,-0.107163,-0.972227,-0.812717,0.53413,-0.232801,96.29,12.0089,56.1914,0.548698,0.686332,0.381246,-0.28728
762,1,0.0287286,-0.0687523,0.263298,0,0,0,0.541878,0.840122,0.0237448,0.208428,-0.106959,-0.972171,-0.814202,0.531748,-0.233064,96.2785,12.0303,56.3549,0.548146,0.685912,0.382174,-0.288105
769,1,0.027033,-0.079147,0.265982,0,0,0,0.540909,0.840672,0.0262313,0.211107,-0.10551,-0.971752,-0.814157,0.531167,-0.234544,96.1968,12.1873,56.4008,0.547918,0.685741,0.383446,-0.287253
775,1,0.0277023,-0.0870647,0.277976,0,0,0,0.537859,0.842589,0.0274256,0.212901,-0.104282,-0.971493,-0.815709,0.528365,-0.235477,96.1268,12.2924,56.6001,0.547289,0.685131,0.385141,-0.28764
781,1,0.0294881,-0.0817509,0.281789,0,0,0,0.537289,0.843005,0.0257326,0.211858,-0.105369,-0.971604,-0.816356,0.527484,-0.235211,96.1895,12.2312,56.6488,0.546971,0.685177,0.384887,-0.288474
787,1,0.0299045,-0.0881662,0.290889,0,0,0,0.534825,0.844535,0.0268922,0.212744,-0.103788,-0.97158,-0.817742,0.525347,-0.235178,96.0974,12.2832,56.8142,0.546777,0.684433,0.386188,-0.288871
793,1,0.0337438,-0.0845297,0.304802,0,0,0,0.531515,0.846675,0.0251616,0.211319,-0.103777,-0.971892,-0.820266,0.521893,-0.234078,96.0948,12.1997,57.0576,0.546274,0.683624,0.386906,-0.290768
800,1,0.0365896,-0.0809949,0.314312,0,0,0,0.529196,0.848166,0.0238007,0.209603,-0.103494,-0.972294,-0.822203,0.519523,-0.232547,96.0759,12.0991,57.2334,0.546158,0.682868,0.387252,-0.292297
806,1,0.0376436,-0.0970666,0.332506,0,0,0,0.52478,0.850828,0.0264015,0.214878,-0.102396,-0.971258,-0.823671,0.51537,-0.23656,96.0182,12.4084,57.4978,0.544478,0.682593,0.390315,-0.292
813,1,0.035454,-0.0915949,0.316988,0,0,0,0.527449,0.849156,0.0270399,0.209667,-0.0992589,-0.972722,-0.823309,0.518731,-0.230394,95.8264,12.1028,57.3545,0.547219,0.681378,0.388486,-0.292154
819,1,0.0402957,-0.0832827,0.331032,0,0,0,0.523995,0.851374,0.0243299,0.206143,-0.0990553,-0.973495,-0.826398,0.515122,-0.227409,95.81,11.8964,57.6224,0.547159,0.680158,0.388703,-0.29481
825,1,0.0415519,-0.0797397,0.332782,0,0,0,0.524035,0.851385,0.0230449,0.206394,-0.100693,-0.973274,-0.826311,0.514786,-0.228487,95.9067,11.9111,57.6177,0.546547,0.680664,0.38851,-0.29503
832,1,0.0414713,-0.0804452,0.331993,0,0,0,0.524565,0.851061,0.0229445,0.207756,-0.101826,-0.972866,-0.825633,0.515098,-0.230228,95.9751,11.9909,57.5702,0.546011,0.681289,0.388535,-0.294548
838,1,0.0435359,-0.0739517,0.335069,0,0,0,0.524529,0.851141,0.0207045,0.207763,-0.104378,-0.972594,-0.825654,0.514455,-0.231585,96.1255,11.9913,57.5727,0.545107,0.681999,0.388162,-0.29507
845,1,0.0510453,-0.0585714,0.354009,0,0,0,0.520427,0.853763,0.0156675,0.203338,-0.106086,-0.973344,-0.829343,0.50974,-0.228812,96.2202,11.7322,57.891,0.54441,0.681052,0.38804,-0.298684
852,1,0.0551729,-0.0583801,0.372597,0,0,0,0.516206,0.856346,0.0142447,0.203751,-0.106633,-0.973198,-0.831875,0.505273,-0.229526,96.2529,11.7564,58.179,0.54315,0.680508,0.38945,-0.300375
858,1,0.0588099,-0.0702697,0.397275,0,0,0,0.509274,0.86045,0.0162939,0.204005,-0.102307,-0.973609,-0.836075,0.499158,-0.227638,95.9987,11.7712,58.6534,0.542985,0.678089,0.392446,-0.302239
864,1,0.0644192,-0.038189,0.393207,0,0,0,0.509432,0.860454,0.0099103,0.190959,-0.101813,-0.976304,-0.839055,0.499252,-0.216179,95.9535,11.0088,58.736,0.545766,0.675911,0.388888,-0.306677
871,1,0.0651653,-0.036813,0.393896,0,0,0,0.509163,0.860617,0.00958366,0.190188,-0.101646,-0.976471,-0.839394,0.499005,-0.215434,95.9428,10.9638,58.7597,0.545913,0.675693,0.388788,-0.307022
877,1,0.0699665,-0.0337666,0.411149,0,0,0,0.506495,0.862218,0.00648287,0.193905,-0.106574,-0.975214,-0.840157,0.495198,-0.221168,96.2367,11.1808,58.916,0.542852,0.67717,0.389904,-0.307779
883,1,0.070841,-0.0367113,0.416198,0,0,0,0.505454,0.862827,0.00668556,0.195397,-0.106912,-0.974879,-0.840438,0.494063,-0.222633,96.2584,11.2679,58.9766,0.542197,0.677311,0.390598,-0.307744
890,1,0.0647087,-0.0247626,0.378414,0,0,0,0.515969,0.856592,0.00504401,0.196313,-0.112514,-0.974065,-0.833809,0.503578,-0.226214,96.589,11.3214,58.2504,0.542504,0.680936,0.386565,-0.304274
897,1,0.0602783,-0.0487012,0.379527,0,0,0,0.515972,0.856545,0.0101922,0.205183,-0.11203,-0.972291,-0.831669,0.503766,-0.233552,96.5728,11.8402,58.1843,0.540923,0.682194,0.389086,-0.301042
903,1,0.0635459,-0.046955,0.39103,0,0,0,0.513625,0.857971,0.00868102,0.205893,-0.113423,-0.971979,-0.832945,0.50102,-0.234907,96.6559,11.8818,58.3405,0.539744,0.682267,0.389827,-0.302031
910,1,0.0645793,-0.05689,0.403242,0,0,0,0.511935,0.858976,0.00904652,0.213164,-0.116826,-0.970007,-0.832156,0.498509,-0.24291,96.8675,12.3078,58.4005,0.536703,0.684045,0.391838,-0.300824
916,1,0.06383,-0.0602338,0.402183,0,0,0,0.512569,0.858593,0.00953662,0.215363,-0.117801,-0.969403,-0.831199,0.49894,-0.24529,96.9286,12.4368,58.3394,0.536068,0.684774,0.392084,-0.299976
923,1,0.060344,-0.060097,0.385833,0,0,0,0.517296,0.85575,0.00980167,0.218294,-0.120866,-0.968369,-0.827498,0.503073,-0.249329,97.1145,12.6089,57.9891,0.535514,0.68693,0.390886,-0.297591
929,1,0.061084,-0.0645083,0.392199,0,0,0,0.515834,0.856627,0.010251,0.220314,-0.121084,-0.967885,-0.827875,0.501526,-0.251186,97.1307,12.7275,58.0737,0.534688,0.687041,0.391876,-0.297516
936,1,0.0642677,-0.0699673,0.408006,0,0,0,0.51248,0.858639,0.0101163,0.223397,-0.121941,-0.96707,-0.829131,0.497864,-0.25431,97.1867,12.9086,58.2801,0.53297,0.687156,0.393665,-0.297973
942,1,0.0620368,-0.0480417,0.380173,0,0,0,0.519629,0.854366,0.00670688,0.217657,-0.124781,-0.968016,-0.826203,0.504469,-0.250798,97.3451,12.5714,57.8327,0.534801,0.688333,0.389355,-0.297638
949,1,0.0655541,-0.0501752,0.396683,0,0,0,0.515804,0.856686,0.00595436,0.218542,-0.124856,-0.967807,-0.828363,0.5005,-0.251623,97.3511,12.6234,58.0904,0.533696,0.687801,0.390821,-0.298927
955,1,0.0687604,-0.0579966,0.416977,0,0,0,0.510205,0.860025,0.00692535,0.218564,-0.121866,-0.968183,-0.831818,0.495485,-0.250147,97.1741,12.6247,58.4766,0.53343,0.68597,0.393089,-0.30063
961,1,0.0794087,-0.0291441,0.435791,0,0,0,0.509824,0.860268,-0.00424223,0.221491,-0.136025,-0.965629,-0.831277,0.491361,-0.25989,98.0183,12.7966,58.4791,0.527709,0.690242,0.391804,-0.302618
968,1,0.0753482,-0.000734485,0.395563,0,0,0,0.521836,0.852992,-0.00957176,0.219546,-0.145138,-0.964746,-0.82431,0.501337,-0.26301,98.5555,12.6824,57.6638,0.527657,0.694619,0.386017,-0.300122
974,1,0.070758,-0.0159474,0.390873,0,0,0,0.521943,0.852967,-0.004799,0.221502,-0.140969,-0.964917,-0.823719,0.502568,-0.262512,98.3118,12.7973,57.6399,0.528787,0.693798,0.387169,-0.298544
981,1,0.0687212,-0.027412,0.394672,0,0,0,0.52066,0.853761,-0.00210893,0.223988,-0.13898,-0.964632,-0.823858,0.501773,-0.263593,98.1985,12.9434,57.708,0.528698,0.693403,0.388572,-0.297795
988,1,0.0675317,-0.036938,0.397057,0,0,0,0.519892,0.854232,-9.5047e-05,0.226855,-0.138173,-0.964077,-0.823559,0.501195,-0.265622,98.1562,13.112,57.7368,0.528227,0.693485,0.38973,-0.296925
994,1,0.073597,-0.0603622,0.439575,0,0,0,0.507499,0.861644,0.0039537,0.227797,-0.129742,-0.965026,-0.830996,0.49065,-0.262124,97.6571,13.1674,58.5871,0.528118,0.689087,0.395248,-0.30005
1000,1,0.074356,-0.0862314,0.461024,0,0,0,0.500094,0.865914,0.00997262,0.229882,-0.121644,-0.965586,-0.834901,0.485177,-0.259892,97.1803,13.2901,59.079,0.52881,0.685863,0.399423,-0.30069
1006,1,0.0728346,-0.103647,0.467347,0,0,0,0.497557,0.867317,0.0141051,0.232878,-0.117897,-0.965333,-0.835587,0.483593,-0.260639,96.9631,13.4665,59.228,0.528919,0.684853,0.401617,-0.299875
1013,1,0.0821501,-0.0818383,0.486065,0,0,0,0.494041,0.86941,0.00703895,0.228739,-0.122161,-0.965793,-0.83881,0.478752,-0.25922,97.209,13.2228,59.5028,0.527413,0.68473,0.400942,-0.303685
1020,1,0.0981238,-0.0609296,0.530407,0,0,0,0.487308,0.873219,-0.00443056,0.233663,-0.135283,-0.96286,-0.841387,0.468175,-0.269963,97.9978,13.5128,59.9218,0.520111,0.687851,0.402297,-0.307413
1026,1,0.106892,-0.065358,0.563828,0,0,0,0.481661,0.876317,-0.0083954,0.242453,-0.142456,-0.959647,-0.842152,0.460189,-0.281081,98.4437,14.0314,60.233,0.514326,0.690145,0.405267,-0.308105
1033,1,0.107824,-0.075316,0.574301,0,0,0,0.479343,0.877597,-0.00737094,0.246594,-0.14274,-0.958549,-0.842272,0.457657,-0.284831,98.4698,14.276,60.3555,0.51278,0.690455,0.407047,-0.307638
1039,1,0.113186,-0.0719559,0.592082,0,0,0,0.47781,0.878378,-0.0122346,0.253606,-0.151261,-0.955408,-0.84106,0.4534,-0.295036,98.9965,14.691,60.3989,0.507817,0.693561,0.408033,-0.307577
1046,1,0.115755,-0.0837985,0.607982,0,0,0,0.4748,0.880012,-0.011977,0.260563,-0.153556,-0.953167,-0.840638,0.449443,-0.302207,99.1518,15.1034,60.5418,0.504737,0.694723,0.410442,-0.306818
1052,1,0.120972,-0.0987669,0.633013,0,0,0,0.469276,0.882974,-0.0116909,0.267497,-0.154759,-0.951049,-0.841561,0.443178,-0.308817,99.2424,15.5154,60.8548,0.501423,0.695135,0.413758,-0.306865
1059,1,0.118442,-0.128284,0.642148,0,0,0,0.4663,0.884607,-0.0059681,0.276432,-0.152117,-0.948918,-0.840327,0.44083,-0.315466,99.1073,16.0474,60.974,0.499679,0.695321,0.417447,-0.304282
1065,1,0.110774,-0.160371,0.635756,0,0,0,0.465124,0.885239,0.00353474,0.280655,-0.143673,-0.948995,-0.839579,0.442392,-0.315272,98.6089,16.2993,61.0137,0.501542,0.693554,0.420261,-0.301362
1072,1,0.100964,-0.195096,0.623107,0,0,0,0.46497,0.885208,0.0144833,0.284378,-0.133842,-0.949324,-0.83841,0.445526,-0.313966,98.025,16.5217,60.9879,0.504272,0.691516,0.422834,-0.29787
1079,1,0.100666,-0.158449,0.602553,0,0,0,0.472683,0.881208,0.00654979,0.278977,-0.142586,-0.949653,-0.835908,0.450712,-0.313234,98.5389,16.1991,60.513,0.504198,0.694353,0.417722,-0.298608
1085,1,0.105815,-0.127371,0.601106,0,0,0,0.474798,0.880094,-0.00132928,0.27275,-0.148581,-0.950543,-0.836764,0.450953,-0.310592,98.8841,15.828,60.4285,0.503891,0.695336,0.414491,-0.301327
1091,1,0.0980477,-0.159616,0.595144,0,0,0,0.475546,0.879669,0.00614078,0.282727,-0.146223,-0.94799,-0.833019,0.452549,-0.318242,98.7685,16.423,60.2792,0.502763,0.696421,0.417275,-0.296831
1098,1,0.0960993,-0.139001,0.5775,0,0,0,0.481935,0.876205,0.00179406,0.281015,-0.152626,-0.947489,-0.829921,0.457133,-0.319782,99.1508,16.3208,59.8563,0.502376,0.698989,0.413891,-0.296187
1105,1,0.0990582,-0.146336,0.592714,0,0,0,0.47685,0.878978,0.00331188,0.279512,-0.148062,-0.948657,-0.833359,0.453293,-0.316288,98.8709,16.2311,60.2217,0.503115,0.696635,0.415745,-0.297877
1112,1,0.0966501,-0.1499,0.586622,0,0,0,0.475797,0.879526,0.00713066,0.273322,-0.140143,-0.951659,-0.83601,0.454745,-0.307074,98.3773,15.8621,60.3546,0.507095,0.693364,0.415672,-0.298862
1118,1,0.0971675,-0.173839,0.603365,0,0,0,0.469115,0.883041,0.013001,0.274106,-0.131593,-0.952654,-0.839522,0.450468,-0.303779,97.8646,15.9087,60.804,0.508366,0.690016,0.419247,-0.299457
1125,1,0.103743,-0.165213,0.620998,0,0,0,0.466673,0.884396,0.0077928,0.2766,-0.137574,-0.951087,-0.840065,0.446002,-0.308826,98.2307,16.0574,60.947,0.505043,0.691569,0.419696,-0.300864
1131,1,0.108261,-0.166503,0.635742,0,0,0,0.462915,0.886375,0.00696616,0.276538,-0.136948,-0.951195,-0.842162,0.442249,-0.308512,98.1928,16.0537,61.2035,0.504345,0.69072,0.420906,-0.302292
1138,1,0.111372,-0.167273,0.646741,0,0,0,0.456449,0.88969,0.0103015,0.265224,-0.125001,-0.95605