285,0,-0.222322,0.12998,1.78845,0.431478,0.162204,1.77988,0.609125,0.792848,0.0189189,0.202136,-0.132141,-0.970402,-0.766882,0.594921,-0.240754,97.7543,11.6619,51.5403,0.55593,0.703921,0.353372,-0.265642
292,1,-0.222135,0.128849,1.78931,0.431478,0.162204,1.77988,0.612995,0.789871,0.0184377,0.195493,-0.129023,-0.972181,-0.765519,0.599547,-0.233505,97.5598,11.2735,51.3137,0.559122,0.702766,0.350531,-0.265764
300,1,-0.222287,0.129526,1.78969,0.431478,0.162204,1.77988,0.620049,0.784376,0.0171383,0.194077,-0.132179,-0.97204,-0.76018,0.606039,-0.234187,97.7437,11.1908,50.7972,0.55984,0.704701,0.347116,-0.263601
306,1,-0.221395,0.130343,1.78437,0.431478,0.162204,1.77988,0.613038,0.789501,0.0295554,0.225264,-0.138814,-0.964358,-0.757259,0.597846,-0.262944,98.1911,13.0184,51.0081,0.550291,0.709717,0.357454,-0.256336
313,1,-0.221445,0.130434,1.78159,0.431478,0.162204,1.77988,0.63586,0.771037,0.0344186,0.215619,-0.134644,-0.96715,-0.741074,0.622393,-0.251865,97.9256,12.4518,49.3696,0.558872,0.71105,0.346901,-0.248455
319,1,-0.221222,0.130631,1.77743,0.431478,0.162204,1.77988,0.6829,0.729398,0.0403197,0.184102,-0.118428,-0.975747,-0.706933,0.67376,-0.215158,96.9202,10.6088,45.9907,0.5808,0.710015,0.321648,-0.234718
326,1,-0.220494,0.130365,1.77228,0.431478,0.162204,1.77988,0.708918,0.703307,0.0528628,0.185628,-0.113748,-0.976014,-0.680425,0.701727,-0.211192,96.6475,10.6977,43.8251,0.588213,0.713067,0.311659,-0.220022
333,0,-0.220611,0.129381,1.77021,0.431478,0.162204,1.77988,0.737316,0.6738,0.0485769,0.182122,-0.129014,-0.974775,-0.650536,0.727564,-0.217838,97.5394,10.4934,41.4221,0.58959,0.721832,0.296441,-0.208483
340,0,-0.220224,0.129422,1.76884,0.431478,0.162204,1.77988,0.767469,0.638102,0.0617847,0.191359,-0.136036,-0.972047,-0.611861,0.757839,-0.22651,97.9667,11.0321,38.5634,0.592647,0.729728,0.284168,-0.188452
346,0,-0.22395,0.126184,1.77432,0.431478,0.162204,1.77988,0.846554,0.529282,0.0566274,0.098169,-0.0506813,-0.993878,-0.523172,0.846931,-0.0948636,92.9192,5.63374,31.7161,0.652114,0.705709,0.222277,-0.165275
353,0,-0.234015,0.122523,1.78157,0.431478,0.162204,1.77988,0.864355,0.502786,0.0098411,0.042852,-0.0541417,-0.997613,-0.501053,0.862714,-0.0683431,93.1065,2.45599,30.1002,0.6599,0.704776,0.19355,-0.174244
361,0,-0.227232,0.108749,1.76257,0.431478,0.162204,1.77988,0.914836,0.403696,-0.0102072,-0.025881,0.0333884,-0.999107,-0.402995,0.914284,0.040993,88.086,-1.48304,23.774,0.705198,0.678317,0.139247,-0.152289
368,0,-0.262141,0.122397,1.80085,0.431478,0.162204,1.77988,0.79805,0.602371,-0.0163159,-0.0416167,0.0280837,-0.998739,-0.601153,0.797722,0.0474809,88.3893,-2.38515,36.9899,0.6844,0.656217,0.213631,-0.235238
375,0,-0.278715,0.117813,1.803,0.431478,0.162204,1.77988,0.83592,0.539628,-0.100196,-0.0979353,-0.0329729,-0.994646,-0.540043,0.841257,0.025286,91.8987,-5.62029,32.8643,0.676061,0.678897,0.162651,-0.235764
383,0,-0.290987,0.112605,1.80188,0.431478,0.162204,1.77988,0.822903,0.545851,-0.157723,-0.168208,-0.0311067,-0.985261,-0.542712,0.837304,0.0662188,91.8083,-9.68365,33.4052,0.681545,0.668542,0.141219,-0.261927
390,0,-0.301733,0.110947,1.80042,0.431478,0.162204,1.77988,0.813295,0.575389,-0.0864868,-0.108547,0.00400718,-0.994083,-0.571638,0.81787,0.0657158,89.769,-6.23157,35.1021,0.686115,0.660222,0.176774,-0.249206
397,0,-0.319112,0.107331,1.80793,0.431478,0.162204,1.77988,0.801993,0.595832,-0.0423225,-0.0902191,0.0507862,-0.994626,-0.59048,0.801502,0.0944855,87.077,-5.17621,36.363,0.697722,0.643568,0.19641,-0.245818
405,0,-0.33802,0.0997319,1.81642,0.431478,0.162204,1.77988,0.800704,0.598894,-0.0140677,-0.0713911,0.0720794,-0.994841,-0.594791,0.797578,0.10047,85.856,-4.09389,36.6062,0.702363,0.637996,0.206703,-0.238582
412,0,-0.355016,0.0928633,1.83071,0.431478,0.162204,1.77988,0.788146,0.615489,-8.57368e-05,-0.0590227,0.0754411,-0.995402,-0.612652,0.784527,0.0957863,85.6659,-3.38372,37.8591,0.699888,0.635791,0.218809,-0.240935
419,0,-0.364834,0.0880139,1.83438,0.431478,0.162204,1.77988,0.785208,0.619219,0.00409903,-0.0307265,0.0455728,-0.998488,-0.618469,0.783895,0.0548105,87.3867,-1.76078,38.2257,0.686584,0.649004,0.22669,-0.236659
426,0,-0.361935,0.0618028,1.84031,0.431478,0.162204,1.77988,0.756105,0.653313,0.0385724,-0.00600252,0.065859,-0.997811,-0.654423,0.754218,0.0537179,86.2238,-0.343921,40.8768,0.684778,0.639634,0.253,-0.240704
433,0,-0.356914,0.0410872,1.84287,0.431478,0.162204,1.77988,0.740081,0.671761,0.0318942,-0.00299047,0.0507119,-0.998709,-0.672511,0.73903,0.0395398,87.0932,-0.171341,42.2614,0.676449,0.642228,0.260332,-0.249372
441,0,-0.35682,0.0267318,1.8465,0.431478,0.162204,1.77988,0.729802,0.683535,0.0130046,0.0151602,0.00283694,-0.999881,-0.683491,0.729912,-0.00829212,89.8374,0.868648,43.1232,0.656572,0.658646,0.265201,-0.254494
448,0,-0.358024,0.0127274,1.85171,0.431478,0.162204,1.77988,0.738015,0.674753,-0.006557,0.0205448,-0.0321816,-0.999271,-0.674472,0.737342,-0.0376132,91.8446,1.17721,42.4242,0.645798,0.672274,0.258562,-0.253256
455,0,-0.357113,-0.00171014,1.85843,0.431478,0.162204,1.77988,0.637561,0.770318,0.011174,0.056586,-0.0323591,-0.997873,-0.768319,0.636838,-0.0642201,91.8573,3.24387,50.3136,0.620682,0.658434,0.313966,-0.287479
462,0,-0.357272,-0.0142572,1.86223,0.431478,0.162204,1.77988,0.550482,0.834804,-0.00848222,0.0513709,-0.0440122,-0.997709,-0.833265,0.548785,-0.0671126,92.5259,2.94463,56.55,0.599866,0.644517,0.343736,-0.326503
470,0,-0.35757,-0.0266969,1.86082,0.431478,0.162204,1.77988,0.500129,0.865553,-0.0262494,0.0410523,-0.0539775,-0.997698,-0.864977,0.4979,-0.0625287,93.0968,2.35278,59.9636,0.588137,0.635735,0.356519,-0.350471
477,0,-0.358391,-0.0403337,1.86362,0.431478,0.162204,1.77988,0.452567,0.891449,-0.0223984,0.0574584,-0.0542175,-0.996875,-0.889877,0.449865,-0.0757583,93.1131,3.29394,63.0434,0.57502,0.628996,0.377152,-0.362592
484,0,-0.360041,-0.058714,1.87615,0.431478,0.162204,1.77988,0.415201,0.909089,0.034138,0.0077871,0.0339725,-0.999392,-0.909697,0.415214,0.00702626,88.0531,0.446172,65.4673,0.603365,0.586132,0.391071,-0.373448
491,0,-0.360349,-0.0615335,1.86661,0.431478,0.162204,1.77988,0.356065,0.933926,-0.0316142,0.048422,-0.052226,-0.997461,-0.933206,0.35363,-0.0638184,92.9972,2.77546,69.1156,0.556781,0.606653,0.404823,-0.3976
499,0,-0.371843,-0.0761786,1.86436,0.431478,0.162204,1.77988,0.311018,0.949683,-0.0370152,0.0676742,-0.0609775,-0.995842,-0.947992,0.30722,-0.0832342,93.504,3.88041,71.8363,0.540094,0.603164,0.421675,-0.408266
506,1,-0.376157,-0.072574,1.87379,0.431478,0.162204,1.77988,0.2796,0.960115,-0.00177741,0.0375879,-0.0127959,-0.999211,-0.959381,0.279312,-0.0396665,90.7337,2.15414,73.7519,0.553881,0.577075,0.432224,-0.416392
513,1,-0.376479,-0.0681892,1.88136,0.431478,0.162204,1.77988,0.217329,0.973641,-0.0692234,0.0405191,-0.0798562,-0.995983,-0.975257,0.213651,-0.0568061,94.5841,2.32221,77.4373,0.519776,0.581806,0.435781,-0.44881
521,1,-0.377025,-0.0679376,1.88548,0.431478,0.162204,1.77988,0.189698,0.979801,-0.0632876,0.040061,-0.0721283,-0.996591,-0.981025,0.186516,-0.0529343,94.1396,2.29594,79.0559,0.515906,0.573315,0.444721,-0.455383
526,0,-0.378129,-0.0679918,1.89048,0.431478,0.162204,1.77988,0.175121,0.982704,-0.0602094,0.0314952,-0.0667146,-0.997275,-0.984043,0.172747,-0.0426336,93.8272,1.80484,79.9093,0.516181,0.566672,0.447437,-0.460695
534,1,-0.377204,-0.0855365,1.89887,0.431478,0.162204,1.77988,0.0883112,0.993786,0.0677485,0.0400262,0.0644189,-0.99712,-0.995288,0.0907686,-0.0340886,86.3035,2.29395,84.9295,0.528829,0.514291,0.502543,-0.450883
542,1,-0.376747,-0.0831241,1.89744,0.431478,0.162204,1.77988,0.097038,0.990601,0.0964003,0.0257715,0.0943241,-0.995208,-0.994947,0.0990574,-0.0163762,84.5858,1.47676,84.4295,0.541984,0.50475,0.503404,-0.445045
549,0,-0.378623,-0.0846075,1.90225,0.431478,0.162204,1.77988,0.0964136,0.990624,0.0967904,0.0296694,0.0943399,-0.995098,-0.994899,0.0988126,-0.0202956,84.5843,1.70018,84.4649,0.540938,0.505561,0.504535,-0.444115
556,0,-0.37901,-0.105798,1.91102,0.431478,0.162204,1.77988,0.0456921,0.998588,0.0270815,0.0623806,0.0242047,-0.997759,-0.997006,0.047279,-0.0611866,88.6103,3.57647,87.376,0.502173,0.520258,0.509828,-0.466078
564,1,-0.402003,-0.102107,1.91727,0.431478,0.162204,1.77988,0.178422,0.942778,0.281664,0.0649539,0.274348,-0.959434,-0.981808,0.189479,-0.0122875,74.0422,3.72421,79.7002,0.6001,0.478634,0.526359,-0.365699
571,0,-0.418048,-0.104274,1.91859,0.431478,0.162204,1.77988,0.20162,0.933152,0.297617,0.057703,0.292013,-0.954672,-0.977763,0.209655,0.00503002,72.9923,3.30797,78.3486,0.612099,0.475546,0.520904,-0.35756
578,0,-0.409699,-0.128976,1.92245,0.431478,0.162204,1.77988,0.210788,0.891688,0.400576,0.0290263,0.403893,-0.914346,-0.977101,0.20436,0.0592533,66.1675,1.66332,77.8263,0.646903,0.432331,0.532412,-0.333381
585,0,-0.418009,-0.135755,1.92543,0.431478,0.162204,1.77988,0.154261,0.874012,0.460767,0.0562937,0.457817,-0.887263,-0.986425,0.162809,0.021422,62.7068,3.2271,81.1118,0.639042,0.410799,0.566157,-0.3199
593,0,-0.423409,-0.141512,1.92833,0.431478,0.162204,1.77988,0.162159,0.872883,0.460195,0.0580936,0.457114,-0.887509,-0.985053,0.170652,0.0234162,62.7492,3.33039,80.6518,0.640837,0.412804,0.563813,-0.317861
600,1,-0.429826,-0.162861,1.93253,0.431478,0.162204,1.77988,0.200856,0.840939,0.502472,0.123555,0.487082,-0.864572,-0.971798,0.235737,-0.0060693,60.604,7.09734,78.3223,0.648434,0.424218,0.568396,-0.276583
608,0,-0.432711,-0.161729,1.93149,0.431478,0.162204,1.77988,0.211051,0.78999,0.57565,0.199103,0.541825,-0.816568,-0.956983,0.286951,-0.0429364,56.4341,11.4845,77.5632,0.653823,0.421948,0.586027,-0.225935
615,0,-0.432621,-0.161782,1.93177,0.431478,0.162204,1.77988,0.231957,0.765804,0.599783,0.221307,0.558883,-0.79917,-0.947217,0.318109,-0.0398408,55.0338,12.7858,76.2401,0.661627,0.422171,0.584544,-0.205742
622,0,-0.433188,-0.160715,1.93367,0.431478,0.162204,1.77988,0.248301,0.759084,0.601778,0.232762,0.556279,-0.797732,-0.940302,0.338149,-0.0385611,55.1109,13.4597,75.2078,0.664458,0.427371,0.580202,-0.198027
629,0,-0.431537,-0.161157,1.93405,0.431478,0.162204,1.77988,0.242528,0.764106,0.597765,0.237676,0.550585,-0.800229,-0.94058,0.336152,-0.0480771,55.4707,13.7494,75.5413,0.660499,0.430122,0.582266,-0.199255
635,0,-0.431777,-0.161602,1.93239,0.431478,0.162204,1.77988,0.261854,0.768178,0.584239,0.243157,0.533322,-0.810212,-0.933974,0.354219,-0.047135,56.6451,14.0729,74.3383,0.661068,0.44036,0.574152,-0.19855
642,0,-0.430896,-0.159607,1.92783,0.431478,0.162204,1.77988,0.234058,0.761002,0.605057,0.27419,0.545412,-0.792051,-0.932758,0.351286,-0.0810015,55.4484,15.9138,75.9136,0.651626,0.438648,0.589991,-0.186768
649,0,-0.430536,-0.160683,1.92247,0.431478,0.162204,1.77988,0.260002,0.769796,0.582935,0.303404,0.507993,-0.806157,-0.916703,0.386467,-0.10148,57.7833,17.6622,74.1652,0.645468,0.461922,0.580834,-0.180641
656,0,-0.428821,-0.156331,1.91456,0.431478,0.162204,1.77988,0.158349,0.759742,0.630648,0.355695,0.551931,-0.754223,-0.92109,0.343749,-0.182839,53.8038,20.8361,80.2453,0.617949,0.444201,0.627778,-0.163463
662,0,-0.426252,-0.150758,1.90385,0.431478,0.162204,1.77988,0.012459,0.718476,0.69544,0.348455,0.648778,-0.67651,-0.937243,0.250758,-0.242273,46.1988,20.3928,89.2384,0.595601,0.389215,0.685309,-0.155314
669,1,-0.424512,-0.149301,1.8951,0.431478,0.162204,1.77988,-0.0723112,0.689831,0.72035,0.324225,0.699272,-0.6371,-0.943212,0.187486,-0.274226,42.3363,18.9186,94.384,0.581536,0.354486,0.715159,-0.157173
675,1,-0.423506,-0.148118,1.89031,0.431478,0.162204,1.77988,-0.105845,0.685454,0.720381,0.319686,0.709448,-0.62808,-0.941593,0.163817,-0.294222,41.5187,18.644,96.4137,0.572141,0.346023,0.726209,-0.159824
682,1,-0.423475,-0.146848,1.88427,0.431478,0.162204,1.77988,-0.150019,0.674976,0.722428,0.331796,0.722693,-0.606322,-0.931346,0.148739,-0.332372,39.9959,19.3778,99.1505,0.556844,0.338991,0.742476,-0.154073
689,1,-0.421644,-0.146322,1.87311,0.431478,0.162204,1.77988,-0.207068,0.669559,0.713312,0.342036,0.732649,-0.588419,-0.916588,0.122136,-0.380722,38.7693,20.001,102.73,0.53499,0.332041,0.761649,-0.153051
695,1,-0.418871,-0.14478,1.86192,0.431478,0.162204,1.77988,-0.250424,0.672935,0.696022,0.381611,0.729335,-0.567841,-0.889753,0.123409,-0.439442,37.9034,22.4335,105.719,0.509772,0.339,0.777689,-0.14287
701,1,-0.416896,-0.143208,1.85447,0.431478,0.162204,1.77988,-0.280495,0.671108,0.686248,0.389652,0.733002,-0.557566,-0.877208,0.111004,-0.467102,37.2588,22.9328,107.732,0.496338,0.336751,0.787496,-0.141766
708,1,-0.415894,-0.142698,1.8452,0.431478,0.162204,1.77988,-0.326,0.657585,0.679195,0.374856,0.749465,-0.545696,-0.867875,0.0767034,-0.490826,36.0589,22.0154,110.588,0.482866,0.322242,0.800982,-0.14638
715,1,-0.414827,-0.141608,1.83445,0.431478,0.162204,1.77988,-0.384234,0.640713,0.664719,0.354943,0.767169,-0.534291,-0.852279,0.0306443,-0.522189,34.8551,20.7899,114.267,0.463882,0.304461,0.817556,-0.15401
721,1,-0.411959,-0.140416,1.82059,0.431478,0.162204,1.77988,-0.411538,0.633327,0.655388,0.354386,0.773716,-0.525141,-0.839671,0.0161448,-0.542856,34.1658,20.7558,116.11,0.452582,0.298999,0.82585,-0.154083
728,1,-0.40701,-0.137795,1.803,0.431478,0.162204,1.77988,-0.432817,0.636069,0.638816,0.397937,0.770657,-0.497729,-0.808898,0.0387829,-0.586669,32.8564,23.4493,118.15,0.433351,0.309514,0.835186,-0.137378
734,0,-0.402645,-0.136035,1.78541,0.431478,0.162204,1.77988,-0.466642,0.642789,0.607509,0.443208,0.764362,-0.468313,-0.765383,0.0507188,-0.641573,31.4951,26.3088,121.37,0.405015,0.320378,0.847434,-0.123194
740,1,-0.404708,-0.135985,1.77644,0.431478,0.162204,1.77988,-0.553716,0.574594,0.602695,0.415202,0.8179,-0.398305,-0.721808,0.0296921,-0.691456,25.9654,24.532,127.493,0.378394,0.282772,0.875082,-0.105308
748,1,-0.404139,-0.141205,1.78441,0.431478,0.162204,1.77988,-0.51522,0.575233,0.635339,0.346253,0.817816,-0.459658,-0.784001,-0.0168371,-0.620531,29.3384,20.2583,123.312,0.412936,0.268093,0.859297,-0.138629
755,0,-0.405826,-0.142786,1.75994,0.431478,0.162204,1.77988,-0.703927,0.532937,0.469537,0.28893,0.818755,-0.496146,-0.648849,-0.213587,-0.730325,31.2149,16.7939,137.331,0.310041,0.227839,0.901805,-0.196754
762,1,-0.402594,-0.143007,1.75192,0.431478,0.162204,1.77988,-0.678814,0.525418,0.512979,0.342974,0.844564,-0.411193,-0.649292,-0.103185,-0.753507,25.96,20.0582,136.273,0.321031,0.239859,0.905108,-0.142076
769,1,-0.420101,-0.148581,1.7823,0.431478,0.162204,1.77988,-0.794825,0.421492,0.436576,0.0279149,0.744059,-0.66753,-0.606197,-0.518383,-0.603163,41.8968,1.59961,142.668,0.294139,0.126766,0.886291,-0.334516
776,0,-0.41687,-0.147482,1.75273,0.431478,0.162204,1.77988,-0.836878,0.456483,0.30209,0.222669,0.788043,-0.57394,-0.500053,-0.413052,-0.76114,36.0662,12.8658,149.141,0.217959,0.184539,0.920063,-0.268186
782,0,-0.413259,-0.145003,1.74248,0.431478,0.162204,1.77988,-0.848418,0.465574,0.251849,0.277778,0.796617,-0.536881,-0.450585,-0.385541,-0.80519,33.978,16.1276,152.028,0.189083,0.200097,0.928739,-0.2483
789,0,-0.41127,-0.144919,1.73821,0.431478,0.162204,1.77988,-0.850421,0.477614,0.22061,0.291348,0.776704,-0.558433,-0.438064,-0.410629,-0.799677,35.7153,16.9387,152.746,0.177908,0.207697,0.925581,-0.261744
795,0,-0.40914,-0.145187,1.73324,0.431478,0.162204,1.77988,-0.838984,0.507824,0.195502,0.30958,0.740908,-0.596,-0.447512,-0.439511,-0.778822,38.8138,18.0339,151.925,0.17543,0.223008,0.91634,-0.282513
802,0,-0.411359,-0.147211,1.72608,0.431478,0.162204,1.77988,-0.853038,0.472767,0.220946,0.259839,0.751972,-0.605823,-0.452558,-0.45938,-0.764304,38.8565,15.0605,152.053,0.183459,0.199558,0.917785,-0.290156
808,0,-0.406847,-0.146662,1.71431,0.431478,0.162204,1.77988,-0.840156,0.501774,0.205817,0.268025,0.714057,-0.64675,-0.471487,-0.488207,-0.734407,42.1684,15.5468,150.699,0.186744,0.212246,0.906728,-0.312927
816,0,-0.414432,-0.148762,1.72589,0.431478,0.162204,1.77988,-0.829876,0.447024,0.333878,0.134722,0.741243,-0.657578,-0.541438,-0.500728,-0.675364,41.5772,7.74255,146.878,0.242901,0.161435,0.9009,-0.32143
823,0,-0.411908,-0.148975,1.71916,0.431478,0.162204,1.77988,-0.815057,0.451311,0.363319,0.114185,0.739907,-0.662947,-0.568017,-0.498854,-0.6546,41.8599,6.55663,145.127,0.259928,0.157825,0.895763,-0.324249
829,0,-0.40543,-0.147589,1.70185,0.431478,0.162204,1.77988,-0.811411,0.465759,0.353102,0.111598,0.716479,-0.688625,-0.573723,-0.519353,-0.633336,43.8644,6.40742,144.737,0.260639,0.162363,0.888992,-0.339704
837,0,-0.396592,-0.146706,1.67908,0.431478,0.162204,1.77988,-0.812267,0.504934,0.291999,0.140797,0.65554,-0.741919,-0.566038,-0.561524,-0.603567,48.537,8.09397,145.129,0.244799,0.184228,0.876267,-0.371874
843,0,-0.38985,-0.146472,1.6581,0.431478,0.162204,1.77988,-0.800612,0.559766,0.213734,0.203876,0.589918,-0.781301,-0.563432,-0.581944,-0.586418,52.9456,11.7637,144.864,0.225215,0.221296,0.862692,-0.395056
851,0,-0.39821,-0.146228,1.66595,0.431478,0.162204,1.77988,-0.815354,0.467541,0.341472,0.0798357,0.674961,-0.733522,-0.573432,-0.570818,-0.587658,47.3808,4.57912,144.882,0.260743,0.156,0.877208,-0.371731
858,0,-0.393285,-0.144978,1.65441,0.431478,0.162204,1.77988,-0.785782,0.490568,0.376682,0.0549239,0.661962,-0.747523,-0.61606,-0.566701,-0.547102,48.4738,3.14849,141.903,0.286827,0.157605,0.865281,-0.37971
865,0,-0.388346,-0.144898,1.64454,0.431478,0.162204,1.77988,-0.756249,0.504372,0.41677,0.035505,0.667683,-0.743599,-0.65332,-0.547548,-0.522842,48.0791,2.03472,139.176,0.311686,0.15725,0.858308,-0.376073
872,0,-0.383604,-0.148114,1.62837,0.431478,0.162204,1.77988,-0.725323,0.540002,0.426972,-0.00399319,0.616919,-0.787017,-0.688398,-0.572546,-0.445309,51.9082,-0.228793,136.496,0.334024,0.160521,0.834798,-0.407153
878,0,-0.381568,-0.145069,1.61988,0.431478,0.162204,1.77988,-0.728359,0.498485,0.470113,0.0195763,0.700959,-0.712933,-0.684916,-0.510068,-0.520308,45.4852,1.12171,136.761,0.336263,0.150823,0.858724,-0.356052
885,0,-0.380787,-0.142546,1.61088,0.431478,0.162204,1.77988,-0.732455,0.478133,0.484663,0.0403314,0.741109,-0.670172,-0.67962,-0.471324,-0.562113,42.1225,2.31145,137.143,0.334119,0.148786,0.87116,-0.327579
891,0,-0.372389,-0.150444,1.58986,0.431478,0.162204,1.77988,-0.663286,0.666806,0.339737,0.00315242,0.456457,-0.88974,-0.748359,-0.589081,-0.304864,62.8411,0.180621,131.551,0.349395,0.215128,0.778558,-0.474859
899,0,-0.369287,-0.149003,1.58493,0.431478,0.162204,1.77988,-0.61882,0.701399,0.353696,0.0402691,0.477996,-0.877438,-0.7845,-0.528734,-0.324038,61.4201,2.30788,128.267,0.365765,0.238339,0.777955,-0.451881
905,0,-0.366675,-0.150886,1.58116,0.431478,0.162204,1.77988,-0.541437,0.773509,0.32944,0.0330012,0.411095,-0.910995,-0.840094,-0.482374,-0.248109,65.7122,1.89117,122.802,0.394192,0.271835,0.741728,-0.469636
912,0,-0.365048,-0.148181,1.57237,0.431478,0.162204,1.77988,-0.548592,0.761732,0.344689,0.0449379,0.438531,-0.897592,-0.834882,-0.476922,-0.274805,63.9615,2.57562,123.309,0.392152,0.26818,0.751985,-0.456962
919,0,-0.360486,-0.145712,1.55078,0.431478,0.162204,1.77988,-0.568985,0.7534,0.329611,0.0666553,0.441751,-0.894658,-0.819642,-0.487077,-0.301568,63.7215,3.8219,124.768,0.377888,0.269644,0.760313,-0.454331
926,0,-0.359369,-0.144204,1.54896,0.431478,0.162204,1.77988,-0.572959,0.739582,0.353181,0.0884669,0.484218,-0.870464,-0.814796,-0.467495,-0.342865,60.9139,5.07541,125.115,0.376959,0.267249,0.774603,-0.431821
933,0,-0.353453,-0.144429,1.52519,0.431478,0.162204,1.77988,-0.496652,0.816714,0.293795,0.10862,0.394317,-0.912533,-0.861126,-0.4213,-0.284549,66.6302,6.23575,119.974,0.391508,0.31368,0.737482,-0.452158
941,0,-0.351727,-0.143576,1.51765,0.431478,0.162204,1.77988,-0.497742,0.828135,0.257771,0.149971,0.374902,-0.914854,-0.854261,-0.416703,-0.310801,67.7165,8.62523,120.228,0.376284,0.330967,0.738824,-0.450566
947,0,-0.348423,-0.14514,1.50483,0.431478,0.162204,1.77988,-0.483042,0.830644,0.276948,0.094056,0.36369,-0.926759,-0.870531,-0.421616,-0.253805,68.5734,5.39699,119.025,0.395867,0.319011,0.724661,-0.465174
955,0,-0.346302,-0.1425,1.49604,0.431478,0.162204,1.77988,-0.47059,0.831973,0.29388,0.104243,0.383154,-0.917784,-0.876173,-0.401265,-0.267035,67.3406,5.98353,118.24,0.401724,0.321439,0.728145,-0.45288
961,0,-0.343825,-0.138172,1.48249,0.431478,0.162204,1.77988,-0.445422,0.818823,0.362116,0.119826,0.455335,-0.88222,-0.887266,-0.34957,-0.300932,62.7007,6.88203,116.657,0.421005,0.316297,0.741905,-0.415077
968,0,-0.338324,-0.14102,1.46337,0.431478,0.162204,1.77988,-0.425416,0.811521,0.400569,0.126577,0.491622,-0.86156,-0.896102,-0.315819,-0.311864,60.2901,7.27181,115.396,0.434265,0.314176,0.746475,-0.394313
975,0,-0.337336,-0.140474,1.4578,0.431478,0.162204,1.77988,-0.426436,0.81596,0.390336,0.152082,0.490076,-0.85831,-0.891641,-0.306651,-0.333079,60.2746,8.74762,115.56,0.427364,0.32271,0.749932,-0.388356
981,0,-0.336004,-0.139853,1.45187,0.431478,0.162204,1.77988,-0.435602,0.825303,0.359342,0.179654,0.470886,-0.863707,-0.882029,-0.311675,-0.353388,61.4011,10.3496,116.283,0.412885,0.334253,0.751644,-0.390937
989,0,-0.335103,-0.14219,1.4468,0.431478,0.162204,1.77988,-0.45821,0.819404,0.344414,0.135515,0.447357,-0.884029,-0.878453,-0.358398,-0.316025,63.1586,7.7884,117.547,0.41022,0.320335,0.74525,-0.416782
996,0,-0.333297,-0.140269,1.43994,0.431478,0.162204,1.77988,-0.441504,0.82963,0.341743,0.189479,0.458492,-0.868264,-0.877025,-0.318589,-0.359623,62.1635,10.9224,116.721,0.40539,0.338979,0.751601,-0.394775
1002,0,-0.330767,-0.137821,1.42924,0.431478,0.162204,1.77988,-0.446731,0.817597,0.363272,0.274205,0.511622,-0.814281,-0.851612,-0.264154,-0.452746,57.8584,15.9146,117.68,0.391199,0.351566,0.776386,-0.347261
1011,0,-0.330387,-0.140639,1.42929,0.431478,0.162204,1.77988,-0.405942,0.857631,0.315723,0.351303,0.465361,-0.812419,-0.843681,-0.21888,-0.490198,60.1955,20.567,115.695,0.377234,0.393349,0.768359,-0.335553
1018,0,-0.32724,-0.138832,1.42303,0.431478,0.162204,1.77988,-0.319779,0.87645,0.359967,0.448195,0.474647,-0.757516,-0.834783,-0.0809019,-0.544603,57.9294,26.628,110.96,0.390597,0.433064,0.764694,-0.274103
1024,0,-0.325254,-0.13856,1.41686,0.431478,0.162204,1.77988,-0.261669,0.889619,0.374308,0.519902,0.456667,-0.721912,-0.813161,0.00570201,-0.58201,57.6834,31.3257,107.838,0.391468,0.464671,0.758345,-0.23611
1032,0,-0.32833,-0.142791,1.41503,0.431478,0.162204,1.77988,-0.258911,0.897118,0.357973,0.47625,0.440998,-0.760728,-0.840328,-0.0264759,-0.541432,59.8989,28.4408,107.124,0.400205,0.458673,0.748555,-0.262908
1040,0,-0.325149,-0.141399,1.40835,0.431478,0.162204,1.77988,-0.218463,0.903261,0.369314,0.49929,0.428629,-0.752985,-0.838441,0.0198956,-0.544629,60.3497,29.953,104.604,0.407902,0.473692,0.740223,-0.247591
1046,0,-0.322671,-0.142948,1.40372,0.431478,0.162204,1.77988,-0.166193,0.936521,0.30872,0.594546,0.344934,-0.726317,-0.786699,0.0628391,-0.61413,64.5966,36.4802,101.929,0.375703,0.52512,0.728913,-0.227557
1054,0,-0.321777,-0.142944,1.40239,0.431478,0.162204,1.77988,-0.157961,0.948739,0.273758,0.646431,0.308929,-0.697631,-0.746442,0.0667672,-0.662093,66.115,40.2731,101.949,0.349598,0.546627,0.729552,-0.216182
1060,0,-0.320904,-0.141351,1.3969,0.431478,0.162204,1.77988,-0.127999,0.950536,0.283014,0.651034,0.295801,-0.69904,-0.748179,0.0947756,-0.656694,67.0642,40.6196,99.7082,0.357459,0.555179,0.721196,-0.209466
1068,0,-0.319214,-0.140009,1.39041,0.431478,0.162204,1.77988,-0.115119,0.94418,0.308661,0.648523,0.306805,-0.696627,-0.75244,0.119979,-0.647642,66.2306,40.4303,98.6985,0.368797,0.553561,0.719299,-0.20042
1075,0,-0.32092,-0.13832,1.38396,0.431478,0.162204,1.77988,0.0120985,0.969987,0.242857,0.690682,0.167519,-0.703489,-0.723058,0.176248,-0.667925,76.6059,43.6841,89.0414,0.357663,0.61492,0.675157,-0.195229
1082,0,-0.321399,-0.140641,1.37875,0.431478,0.162204,1.77988,0.0645991,0.985334,0.157938,0.724638,0.0624972,-0.68629,-0.686095,0.158782,-0.709973,84.7967,46.4387,84.6212,0.322925,0.654231,0.653428,-0.201823
1088,0,-0.318766,-0.140006,1.37441,0.431478,0.162204,1.77988,0.0221076,0.986653,0.161331,0.746647,0.0910194,-0.658964,-0.664853,0.135025,-0.734669,82.1358,48.3008,88.0955,0.307595,0.645321,0.671487,-0.195066
1096,0,-0.31782,-0.14165,1.37224,0.431478,0.162204,1.77988,0.0130446,0.981706,0.189955,0.759004,0.113952,-0.641037,-0.650955,0.152539,-0.743632,79.9203,49.3765,88.852,0.309582,0.640844,0.679069,-0.179841
1102,0,-0.31846,-0.14056,1.37129,0.431478,0.162204,1.77988,0.00309228,0.98042,0.196891,0.774072,0.122304,-0.621171,-0.63309,0.154329,-0.758538,78.8614,50.721,89.7201,0.302844,0.640181,0.685155,-0.170342
1109,0,-0.317554,-0.139147,1.36344,0.431478,0.162204,1.77988,-0.00299331,0.988916,0.148448,0.743728,0.101436,-0.660742,-0.668476,0.108427,-0.735788,81.2721,48.05,90.2566,0.301104,0.638623,0.678273,-0.203574
1116,0,-0.314567,-0.1425,1.35284,0.431478,0.162204,1.77988,0.0282316,0.990877