294,0,-0.000684841,-9.09786e-05,-0.00413845,0,0,0,0.610483,0.79178,0.0198875,0.211144,-0.138494,-0.967594,-0.763367,0.594899,-0.251727,98.1455,12.1894,51.3498,0.552327,0.707231,0.354524,-0.262813
301,1,-0.000583535,-0.000252087,-0.00255696,0,0,0,0.610044,0.79212,0.0198257,0.21093,-0.138226,-0.967679,-0.763777,0.594508,-0.251406,98.1293,12.1769,51.3849,0.552361,0.70705,0.35466,-0.263048
307,1,-0.00208057,-0.00637484,-0.003503,0,0,0,0.609794,0.792266,0.0215813,0.211699,-0.13658,-0.967745,-0.763764,0.594693,-0.251007,98.0332,12.2219,51.3959,0.552767,0.706644,0.355188,-0.262573
314,1,-0.00443606,-0.0149746,-0.00677952,0,0,0,0.609754,0.79222,0.0242187,0.212497,-0.133964,-0.967935,-0.763574,0.595349,-0.25003,97.8798,12.2687,51.3908,0.55357,0.706001,0.355778,-0.261811
320,1,-0.00637943,-0.0219958,-0.00956493,0,0,0,0.610035,0.791938,0.0262767,0.214156,-0.132856,-0.967722,-0.762885,0.595972,-0.250645,97.8171,12.366,51.3527,0.553745,0.705963,0.356284,-0.260852
326,1,-0.00796782,-0.0278442,-0.0109975,0,0,0,0.609949,0.791946,0.0279836,0.21506,-0.131443,-0.967715,-0.7627,0.596275,-0.25049,97.735,12.4191,51.3498,0.55408,0.70567,0.356755,-0.26029
332,1,-0.00896662,-0.0307715,-0.012654,0,0,0,0.610133,0.791771,0.0289166,0.215502,-0.130722,-0.967714,-0.762428,0.596666,-0.250386,97.6931,12.445,51.3315,0.554307,0.705557,0.356907,-0.259905
338,1,-0.00998465,-0.034014,-0.014035,0,0,0,0.610151,0.791721,0.0298996,0.215715,-0.129695,-0.967805,-0.762353,0.596957,-0.24992,97.6327,12.4575,51.3279,0.554648,0.705295,0.357097,-0.259627
344,1,-0.0107225,-0.0367977,-0.0153718,0,0,0,0.610122,0.791711,0.0307451,0.215693,-0.128632,-0.967952,-0.762383,0.5972,-0.249247,97.5697,12.4562,51.3303,0.555032,0.704982,0.357244,-0.259453
351,1,-0.0108083,-0.0391833,-0.0124447,0,0,0,0.609239,0.792372,0.031219,0.215598,-0.127626,-0.968106,-0.763116,0.596539,-0.248588,97.51,12.4506,51.3976,0.555208,0.704531,0.357674,-0.259711
357,1,-0.0108173,-0.0402401,-0.0119538,0,0,0,0.608969,0.792569,0.0314889,0.215456,-0.127078,-0.96821,-0.763371,0.596394,-0.24815,97.4773,12.4423,51.4194,0.55537,0.704307,0.357807,-0.259788
363,1,-0.0108324,-0.0400466,-0.0128657,0,0,0,0.608791,0.792702,0.0315904,0.214166,-0.125876,-0.968653,-0.763876,0.596472,-0.246401,97.404,12.3666,51.446,0.555993,0.703752,0.357678,-0.260136
369,1,-0.0107449,-0.0411185,-0.0111245,0,0,0,0.608204,0.793144,0.0317881,0.214001,-0.125274,-0.968767,-0.76439,0.596011,-0.245926,97.3682,12.3569,51.4917,0.556103,0.703456,0.357927,-0.260358
375,1,-0.0107947,-0.044613,-0.00685853,0,0,0,0.607159,0.79392,0.0323893,0.21512,-0.125002,-0.968555,-0.764906,0.595034,-0.246684,97.3539,12.4226,51.5585,0.555759,0.703357,0.358651,-0.260364
382,1,-0.0110012,-0.0481242,-0.0042062,0,0,0,0.606434,0.794445,0.0330991,0.216134,-0.124638,-0.968376,-0.765196,0.59441,-0.247291,97.3341,12.482,51.6024,0.555541,0.703272,0.359242,-0.260247
388,1,-0.0104939,-0.0473733,-0.00213386,0,0,0,0.606333,0.794543,0.032581,0.21735,-0.126174,-0.967904,-0.764931,0.593954,-0.249198,97.4271,12.5534,51.5974,0.554743,0.703865,0.359406,-0.260117
394,1,-0.011002,-0.0502165,-0.00248017,0,0,0,0.606397,0.794465,0.0332912,0.218573,-0.126284,-0.967615,-0.764532,0.594035,-0.250227,97.4357,12.6252,51.5799,0.554501,0.704079,0.359703,-0.259645
400,1,-0.0108841,-0.0537769,0.00385797,0,0,0,0.605232,0.795337,0.0336468,0.22087,-0.127168,-0.966977,-0.764794,0.592677,-0.252632,97.492,12.7601,51.6431,0.553496,0.704456,0.360635,-0.259472
406,1,-0.0109339,-0.0582221,0.00963229,0,0,0,0.604178,0.796112,0.0342535,0.223476,-0.128024,-0.966265,-0.76487,0.591451,-0.255261,97.5474,12.9133,51.6945,0.55247,0.704887,0.361614,-0.259126
412,1,-0.0104512,-0.059879,0.0158664,0,0,0,0.603156,0.796894,0.0340995,0.225433,-0.129306,-0.96564,-0.765103,0.590118,-0.257638,97.6269,13.0283,51.7501,0.55141,0.705354,0.362345,-0.259091
419,1,-0.00948155,-0.0598416,0.0221244,0,0,0,0.602241,0.797614,0.0334347,0.227112,-0.13103,-0.965014,-0.765327,0.588764,-0.260059,97.7324,13.1271,51.8006,0.550262,0.705927,0.362901,-0.259196
426,1,-0.00886403,-0.061187,0.0272476,0,0,0,0.60127,0.798353,0.0332741,0.228241,-0.131691,-0.964657,-0.765755,0.587614,-0.261398,97.7737,13.1935,51.861,0.549586,0.706109,0.363468,-0.259337
432,1,-0.00925404,-0.0643349,0.0274957,0,0,0,0.601282,0.798315,0.0339412,0.229835,-0.132115,-0.964221,-0.765268,0.58757,-0.262919,97.8019,13.2874,51.8428,0.549147,0.706455,0.363841,-0.258802
438,1,-0.00951356,-0.0672944,0.0291277,0,0,0,0.601066,0.798457,0.0344311,0.231582,-0.132774,-0.963712,-0.764911,0.587228,-0.264714,97.8444,13.3902,51.8398,0.548539,0.706851,0.364305,-0.258357
445,1,-0.00906186,-0.0661831,0.0302351,0,0,0,0.60131,0.798299,0.0338326,0.232885,-0.134599,-0.963145,-0.764324,0.587028,-0.266848,97.9555,13.467,51.8071,0.547691,0.707594,0.364328,-0.25809
451,1,-0.00912577,-0.0680296,0.0319323,0,0,0,0.601365,0.798251,0.0339848,0.235211,-0.136226,-0.962351,-0.763568,0.586718,-0.269678,98.057,13.604,51.777,0.546686,0.708391,0.364722,-0.257479
457,1,-0.0081418,-0.0662891,0.0364948,0,0,0,0.600989,0.798576,0.0329881,0.236662,-0.13838,-0.961687,-0.763415,0.58577,-0.272158,98.1883,13.6896,51.7889,0.545539,0.709142,0.364962,-0.257504
464,1,-0.00744966,-0.0634901,0.0381506,0,0,0,0.601153,0.798492,0.0320238,0.237351,-0.140141,-0.961262,-0.763072,0.585467,-0.273769,98.2946,13.7302,51.7687,0.544804,0.709765,0.364854,-0.257497
470,1,-0.00665745,-0.0579904,0.0373391,0,0,0,0.601748,0.798097,0.03067,0.236535,-0.141401,-0.961279,-0.762857,0.585702,-0.273866,98.368,13.6821,51.7333,0.544628,0.710108,0.364252,-0.257773
477,1,-0.00558427,-0.0522265,0.0382764,0,0,0,0.601854,0.798073,0.0291593,0.235264,-0.142291,-0.961459,-0.763166,0.585519,-0.273396,98.4184,13.6072,51.7397,0.544556,0.710201,0.363748,-0.25838
483,1,-0.00517867,-0.0489184,0.0377033,0,0,0,0.602179,0.797857,0.028369,0.234589,-0.142866,-0.961539,-0.763118,0.585674,-0.273199,98.4512,13.5674,51.7229,0.544544,0.710325,0.363371,-0.258596
489,1,-0.00537072,-0.0471754,0.0350845,0,0,0,0.602641,0.797512,0.0282595,0.233465,-0.142334,-0.961891,-0.763098,0.586273,-0.271967,98.4171,13.5012,51.7008,0.545055,0.710095,0.362971,-0.258711
495,1,-0.00568486,-0.0459525,0.032588,0,0,0,0.603206,0.797087,0.0281775,0.233176,-0.142454,-0.961944,-0.762739,0.586821,-0.271791,98.4237,13.4841,51.6616,0.545198,0.710185,0.362674,-0.258581
501,1,-0.00570247,-0.0460962,0.032926,0,0,0,0.603025,0.797221,0.0282668,0.232836,-0.142007,-0.962092,-0.762986,0.586747,-0.271256,98.3964,13.4641,51.679,0.545381,0.70998,0.362706,-0.258711
508,1,-0.00533441,-0.0450226,0.0345773,0,0,0,0.602527,0.797609,0.0279551,0.231954,-0.141491,-0.962381,-0.763649,0.586345,-0.270261,98.3638,13.4121,51.7262,0.545613,0.709626,0.362713,-0.259183
514,1,-0.00568698,-0.0453346,0.0320006,0,0,0,0.602796,0.797392,0.0283256,0.23109,-0.140496,-0.962735,-0.763698,0.586879,-0.268959,98.3028,13.3612,51.7155,0.546201,0.709269,0.362515,-0.259201
520,1,-0.00612729,-0.0452017,0.0272779,0,0,0,0.603534,0.796819,0.0287259,0.230171,-0.139618,-0.963083,-0.763392,0.587865,-0.267669,98.2487,13.3071,51.6703,0.546865,0.709017,0.362118,-0.259044
527,1,-0.00627993,-0.0450238,0.0248518,0,0,0,0.603841,0.796579,0.0289625,0.229243,-0.138747,-0.96343,-0.763429,0.588398,-0.266391,98.195,13.2525,51.6575,0.547426,0.708692,0.361871,-0.259092
534,1,-0.0064032,-0.0441235,0.0221371,0,0,0,0.604286,0.796239,0.0290171,0.228413,-0.138228,-0.963701,-0.763326,0.588979,-0.265401,98.1625,13.2036,51.6331,0.547872,0.708505,0.361554,-0.259105
540,0,-0.00470892,-0.0377423,0.0242003,0,0,0,0.604058,0.796476,0.0272068,0.226592,-0.13892,-0.964032,-0.764049,0.588496,-0.26439,98.2,13.0965,51.6701,0.547893,0.708408,0.361045,-0.260034
546,0,-0.00537316,-0.0394241,0.0212717,0,0,0,0.604468,0.79614,0.0279395,0.226566,-0.138184,-0.964144,-0.763732,0.589124,-0.263906,98.1563,13.095,51.6396,0.548265,0.708265,0.36099,-0.259717
552,0,-0.00715501,-0.0461224,0.0182998,0,0,0,0.604789,0.795822,0.0299654,0.228166,-0.137101,-0.963921,-0.763001,0.589806,-0.264496,98.095,13.1891,51.5981,0.54845,0.708235,0.361458,-0.258755
558,0,-0.00718526,-0.0433402,0.0140468,0,0,0,0.605846,0.795034,0.0295351,0.227549,-0.137589,-0.963997,-0.762347,0.590754,-0.264267,98.1228,13.1528,51.5254,0.548632,0.708467,0.360844,-0.258591
565