292,0,-0.220383,0.127143,1.79258,0.651869,0.285797,2.99251,0.599204,0.800314,0.0212624,0.183821,-0.111683,-0.976595,-0.779207,0.589088,-0.214035,96.524,10.5924,52.44,0.564244,0.693708,0.354665,-0.27315
298,1,-0.220375,0.126714,1.79431,0.651869,0.285797,2.99251,0.582423,0.812801,0.0117528,0.143574,-0.0886277,-0.985663,-0.800106,0.57576,-0.168316,95.138,8.25473,53.9479,0.575647,0.678116,0.352585,-0.290641
305,1,-0.221211,0.125814,1.79561,0.651869,0.285797,2.99251,0.571377,0.820686,-0.00157645,0.100501,-0.0718766,-0.992337,-0.814511,0.56684,-0.123548,94.1428,5.768,54.9505,0.586505,0.664605,0.346517,-0.306982
313,1,-0.20921,0.122327,1.78794,0.651869,0.285797,2.99251,0.515095,0.856628,0.0294089,0.00927221,0.0287399,-0.999544,-0.857083,0.515133,0.00686094,88.353,0.531266,58.9947,0.622635,0.608172,0.355944,-0.34023
320,1,-0.210532,0.114553,1.7929,0.651869,0.285797,2.99251,0.481253,0.876121,0.0284047,-0.0776413,0.0748802,-0.994165,-0.873136,0.47624,0.10406,85.6926,-4.453,61.1374,0.644242,0.570595,0.349845,-0.37011
328,1,-0.2214,0.122814,1.7936,0.651869,0.285797,2.99251,0.465638,0.884829,-0.016112,-0.0645508,0.0158007,-0.997789,-0.882618,0.465648,0.0644738,89.0928,-3.70106,62.1855,0.621674,0.588507,0.348457,-0.381784
335,1,-0.220531,0.121834,1.79261,0.651869,0.285797,2.99251,0.384888,0.92102,-0.0598714,-0.0769857,-0.0326062,-0.996499,-0.919747,0.388149,0.0583556,91.8741,-4.41532,67.2921,0.593851,0.58291,0.361991,-0.420141
343,1,-0.221526,0.1223,1.80126,0.651869,0.285797,2.99251,0.37257,0.926545,-0.0520247,-0.0626111,-0.0308358,-0.997562,-0.925889,0.374919,0.0465234,91.7705,-3.5897,68.0806,0.589122,0.582427,0.370834,-0.419759
351,1,-0.222106,0.122341,1.80268,0.651869,0.285797,2.99251,0.340196,0.93938,-0.0428066,-0.0507331,-0.0271206,-0.998344,-0.938985,0.341805,0.0384313,91.5561,-2.90804,70.0844,0.581272,0.576387,0.385439,-0.425839
359,1,-0.222588,0.122464,1.80548,0.651869,0.285797,2.99251,0.295471,0.954684,-0.0357146,-0.055094,-0.020294,-0.998275,-0.953762,0.296928,0.0466011,91.1646,-3.15826,72.7873,0.574843,0.563286,0.39926,-0.439154
366,1,-0.22316,0.1229,1.81061,0.651869,0.285797,2.99251,0.269007,0.962537,-0.0340333,-0.0568465,-0.0194068,-0.998194,-0.961459,0.270456,0.0494963,91.1138,-3.25882,74.3689,0.56989,0.556533,0.406845,-0.447185
373,1,-0.225924,0.123878,1.8279,0.651869,0.285797,2.99251,0.238125,0.970809,-0.0287558,-0.0539437,-0.0163417,-0.99841,-0.969735,0.239298,0.0484777,90.9377,-3.09225,76.2036,0.563529,0.549088,0.417449,-0.454614
382,1,-0.228584,0.124702,1.84309,0.651869,0.285797,2.99251,0.202857,0.97888,-0.0253626,-0.0468636,-0.0161662,-0.99877,-0.978086,0.203796,0.0425944,90.9273,-2.68607,78.2829,0.554366,0.542317,0.429646,-0.462575
389,1,-0.229308,0.125158,1.84857,0.651869,0.285797,2.99251,0.158765,0.986657,-0.0360756,-0.0610538,-0.0266579,-0.997778,-0.985427,0.160615,0.0560068,91.5304,-3.5003,80.8475,0.545003,0.53137,0.43548,-0.480598
396,1,-0.229336,0.125604,1.85003,0.651869,0.285797,2.99251,0.117671,0.992323,-0.0380595,-0.0671085,-0.030292,-0.997286,-0.990783,0.119906,0.0630288,91.7398,-3.84793,83.227,0.536285,0.520801,0.444131,-0.493875
404,1,-0.230177,0.125799,1.8564,0.651869,0.285797,2.99251,0.110901,0.993156,-0.0366314,-0.0577767,-0.0303535,-0.997868,-0.992151,0.112781,0.054015,91.7423,-3.3122,83.622,0.532579,0.521354,0.448534,-0.493322
412,1,-0.231125,0.126425,1.86516,0.651869,0.285797,2.99251,0.105443,0.993427,-0.0445424,-0.0622021,-0.0381154,-0.997336,-0.992478,0.107933,0.0577743,92.1886,-3.56622,83.9355,0.530354,0.521005,0.446841,-0.497606
419,1,-0.231629,0.127073,1.87096,0.651869,0.285797,2.99251,0.103319,0.993055,-0.0562704,-0.0563259,-0.0506409,-0.997127,-0.993052,0.106191,0.0507026,92.9074,-3.22895,84.0602,0.52521,0.52518,0.445909,-0.499506
426,1,-0.231407,0.126815,1.86964,0.651869,0.285797,2.99251,0.092789,0.993515,-0.0657123,-0.0561873,-0.0606671,-0.996575,-0.994099,0.0961635,0.0501937,93.4836,-3.22099,84.6675,0.520172,0.525181,0.446192,-0.504498
433,1,-0.232246,0.127262,1.87874,0.651869,0.285797,2.99251,0.0994355,0.993497,-0.0554652,-0.0624739,-0.0493981,-0.996823,-0.993081,0.102585,0.0571557,92.837,-3.58182,84.2821,0.526116,0.522417,0.445536,-0.501776
441,1,-0.233677,0.127341,1.88983,0.651869,0.285797,2.99251,0.113219,0.992065,-0.0546612,-0.0675943,-0.0471967,-0.996596,-0.991268,0.116528,0.0617144,92.7114,-3.87582,83.4841,0.530975,0.524095,0.440985,-0.498922
449,1,-0.233319,0.127809,1.88807,0.651869,0.285797,2.99251,0.0987661,0.993056,-0.0639161,-0.0603095,-0.0581387,-0.996485,-0.993281,0.102274,0.0541486,93.3391,-3.45758,84.3215,0.523158,0.525061,0.444113,-0.503369
456,1,-0.233408,0.127523,1.89017,0.651869,0.285797,2.99251,0.0918885,0.993695,-0.0642435,-0.0576286,-0.0591014,-0.996587,-0.9941,0.0952772,0.0518345,93.3939,-3.30371,84.7189,0.520726,0.524203,0.446423,-0.504739
464,1,-0.234072,0.128134,1.89742,0.651869,0.285797,2.99251,0.0870675,0.994072,-0.0651114,-0.0624111,-0.0597882,-0.996258,-0.994245,0.0908054,0.0568356,93.4344,-3.57822,84.9953,0.520604,0.52202,0.446181,-0.507335
472,1,-0.224826,0.100742,1.93257,0.651869,0.285797,2.99251,0.0529276,0.988776,0.139715,-0.069576,0.143223,-0.987242,-0.996172,0.0425315,0.0763755,81.7455,-3.98963,86.9587,0.564031,0.456434,0.503468,-0.469102
480,1,-0.223608,0.0965081,1.93578,0.651869,0.285797,2.99251,0.0714739,0.969966,0.232503,-0.062761,0.237011,-0.969478,-0.995466,0.0547002,0.0778161,76.2622,-3.5983,85.8932,0.588706,0.434927,0.521469,-0.438558
487,1,-0.222787,0.0971995,1.94153,0.651869,0.285797,2.99251,0.083488,0.957807,0.275019,-0.0689643,0.280874,-0.957264,-0.99412,0.0609536,0.0895041,73.6476,-3.9545,85.1995,0.602882,0.422229,0.52628,-0.425776
494,1,-0.223036,0.0971653,1.9514,0.651869,0.285797,2.99251,0.0762507,0.942013,0.326799,-0.0898893,0.332913,-0.938663,-0.993029,0.042198,0.110062,70.4721,-5.15724,85.6091,0.616284,0.397893,0.535397,-0.418598
502,1,-0.222416,0.095624,1.9586,0.651869,0.285797,2.99251,0.0497821,0.925343,0.375848,-0.0920107,0.378963,-0.920826,-0.994513,0.0112587,0.104007,67.6305,-5.27929,87.1343,0.619022,0.376434,0.553438,-0.410871
509,1,-0.223948,0.0876971,1.97566,0.651869,0.285797,2.99251,0.087611,0.914756,0.394392,-0.0714582,0.400666,-0.913433,-0.993588,0.0518443,0.10047,66.316,-4.09775,84.9609,0.630227,0.382908,0.550587,-0.391214
516,1,-0.224596,0.0752686,1.9913,0.651869,0.285797,2.99251,0.115909,0.894891,0.430971,-0.038846,0.437648,-0.898307,-0.9925,0.0873801,0.0854901,64.025,-2.22627,83.3389,0.640126,0.384958,0.555934,-0.364669
523,1,-0.226424,0.0648984,2.00721,0.651869,0.285797,2.99251,0.110771,0.879859,0.462145,-0.0427663,0.468796,-0.88227,-0.992925,0.077966,0.0895575,62.016,-2.45108,83.6344,0.645973,0.371624,0.563131,-0.357068
531,1,-0.227779,0.0562921,2.02003,0.651869,0.285797,2.99251,0.0952624,0.876448,0.471979,-0.0206466,0.475773,-0.879326,-0.995238,0.0740219,0.063419,61.5837,-1.18305,84.5324,0.639229,0.372851,0.573823,-0.35085
539,1,-0.222714,0.0477698,2.03393,0.651869,0.285797,2.99251,0.0898559,0.870903,0.483171,-0.0307332,0.487327,-0.872679,-0.99548,0.0635659,0.0705548,60.8199,-1.76116,84.8422,0.641821,0.364683,0.575959,-0.351202
546,1,-0.212615,0.0385433,2.04541,0.651869,0.285797,2.99251,0.0374682,0.89251,0.449468,-0.0650082,0.451008,-0.890149,-0.997181,0.00413315,0.074919,63.1302,-3.72732,87.8482,0.625179,0.35761,0.578494,-0.382898
554,1,-0.211373,0.0285274,2.05424,0.651869,0.285797,2.99251,0.0196008,0.884683,0.465781,-0.0600059,0.466072,-0.88271,-0.998006,-0.0106478,0.0622216,62.1659,-3.44015,88.8749,0.622072,0.350467,0.588271,-0.379654
561,1,-0.210287,0.0175973,2.06089,0.651869,0.285797,2.99251,0.017431,0.882654,0.469699,-0.0502507,0.469951,-0.881261,-0.998585,-0.00824144,0.0525458,61.9303,-2.88037,89,0.620469,0.351758,0.591602,-0.375887
569,1,-0.212152,0.0156323,2.06813,0.651869,0.285797,2.99251,0.0363671,0.88698,0.460374,-0.0478572,0.461696,-0.885746,-0.998192,0.0101798,0.0592389,62.4692,-2.74306,87.9135,0.623959,0.358968,0.584399,-0.374558
576,1,-0.21353,-0.0152516,2.06631,0.651869,0.285797,2.99251,-0.0210237,0.889602,0.456252,-0.0746983,0.45368,-0.888028,-0.996985,-0.0527509,0.0569138,62.9382,-4.28389,91.208,0.61024,0.342192,0.595355,-0.39505
584,1,-0.221787,-0.0220546,2.07116,0.651869,0.285797,2.99251,-0.0167237,0.885597,0.464152,-0.044888,0.463084,-0.885177,-0.998852,-0.0356383,0.0320082,62.3835,-2.57276,90.9592,0.607941,0.349351,0.601623,-0.382638
591,1,-0.221903,-0.0359541,2.08259,0.651869,0.285797,2.99251,-0.00332956,0.889899,0.456146,-0.0278692,0.455889,-0.8896,-0.999606,-0.0156744,0.0232829,62.8665,-1.597,90.1908,0.607421,0.359687,0.599153,-0.377731
599,1,-0.230281,-0.0317789,2.07762,0.651869,0.285797,2.99251,0.00317821,0.885975,0.463722,-0.0186014,0.463696,-0.885799,-0.999822,-0.00581062,0.0179541,62.3689,-1.06584,89.8179,0.609268,0.361084,0.600534,-0.371174
607,1,-0.246968,-0.0388707,2.07677,0.651869,0.285797,2.99251,0.018392,0.874961,0.483844,-0.0564789,0.484062,-0.873209,-0.998234,-0.0112669,0.0583197,60.9983,-3.23772,88.9445,0.624655,0.344967,0.593159,-0.372782
614,1,-0.255954,-0.0449477,2.07762,0.651869,0.285797,2.99251,0.0638545,0.89076,0.449966,-0.0383048,0.452742,-0.890818,-0.997224,0.0396469,0.06303,63.0589,-2.19524,86.3362,0.628416,0.370163,0.575729,-0.369606
621,1,-0.263799,-0.0495861,2.07698,0.651869,0.285797,2.99251,0.138281,0.889413,0.435687,0.0206428,0.437229,-0.899113,-0.990178,0.133324,0.0421004,64.0669,1.18283,82.0499,0.635927,0.405879,0.560546,-0.341537
629,1,-0.267239,-0.0525527,2.07611,0.651869,0.285797,2.99251,0.11408,0.896443,0.428224,0.0130628,0.429647,-0.902902,-0.993386,0.108597,0.0373041,64.5525,0.748465,83.4489,0.628695,0.402221,0.565302,-0.351275
635,1,-0.26647,-0.0501469,2.08015,0.651869,0.285797,2.99251,0.185466,0.877097,0.44306,0.0434678,0.443119,-0.895409,-0.981689,0.185327,0.0440579,63.6702,2.49131,79.3015,0.646653,0.417819,0.550816,-0.322286
643,1,-0.278157,-0.0484734,2.07983,0.651869,0.285797,2.99251,0.298835,0.830885,0.469391,0.116833,0.456313,-0.882116,-0.947126,0.318447,0.0392878,62.6478,6.70934,72.4886,0.669783,0.448117,0.528723,-0.266524
650,1,-0.280046,-0.0498322,2.08017,0.651869,0.285797,2.99251,0.313619,0.806935,0.500499,0.112671,0.491744,-0.86342,-0.942841,0.327176,0.0633022,60.3372,6.46929,71.6012,0.683496,0.43548,0.527926,-0.253939
658,1,-0.27491,-0.0480856,2.08054,0.651869,0.285797,2.99251,0.337683,0.785792,0.518171,0.128955,0.506695,-0.852426,-0.932385,0.354671,0.0697708,59.2721,7.40919,70.0911,0.691764,0.436239,0.524224,-0.237378
666,1,-0.274595,-0.0480723,2.08191,0.651869,0.285797,2.99251,0.317232,0.780609,0.538528,0.125245,0.5284,-0.839707,-0.940041,0.33383,0.0698577,57.8191,7.19492,71.3522,0.692006,0.423962,0.534161,-0.236762
673,1,-0.274384,-0.0487198,2.07995,0.651869,0.285797,2.99251,0.273273,0.785358,0.555458,0.0991962,0.551352,-0.828355,-0.956808,0.281466,0.0727649,56.3523,5.69288,74.0602,0.688729,0.402851,0.548934,-0.249068
680,1,-0.274883,-0.04783,2.08284,0.651869,0.285797,2.99251,0.210381,0.810652,0.546427,0.0653494,0.546025,-0.835216,-0.975433,0.211422,0.0618979,56.8252,3.74691,77.8289,0.674223,0.388091,0.564302,-0.276356
688,1,-0.275304,-0.0481459,2.08584,0.651869,0.285797,2.99251,0.179095,0.824512,0.536753,0.040536,0.538927,-0.841377,-0.982996,0.172444,0.0630967,57.3592,2.32318,79.6744,0.667293,0.379826,0.569371,-0.293715
695,1,-0.275961,-0.0480972,2.08783,0.651869,0.285797,2.99251,0.167345,0.823069,0.542727,0.0472997,0.543153,-0.8383,-0.984763,0.165957,0.0519632,57.0599,2.71109,80.3556,0.663789,0.378229,0.575292,-0.292175
702,1,-0.280848,-0.0471304,2.10053,0.651869,0.285797,2.99251,0.140836,0.808568,0.571299,0.0257055,0.573869,-0.818543,-0.989699,0.129966,0.0600367,54.9662,1.47298,81.9011,0.666097,0.355995,0.585875,-0.293825
710,1,-0.285181,-0.0462387,2.10631,0.651869,0.285797,2.99251,0.127244,0.699313,0.703399,0.00756985,0.708458,-0.705712,-0.991843,0.0951221,0.0848531,44.8888,0.433725,82.6894,0.69292,0.288934,0.611629,-0.249575
717,1,-0.28584,-0.0464199,2.10852,0.651869,0.285797,2.99251,0.11851,0.691131,0.712946,-0.00849793,0.718686,-0.695283,-0.992916,0.0763396,0.0910449,44.0518,-0.486901,83.1936,0.694306,0.27784,0.614233,-0.251917
724,1,-0.288158,-0.0447821,2.11232,0.651869,0.285797,2.99251,0.105036,0.696072,0.710247,-0.0271624,0.715939,-0.697634,-0.994097,0.0539846,0.0941064,44.2581,-1.55648,83.9685,0.691932,0.271565,0.615792,-0.26131
731,1,-0.285425,-0.0477697,2.1188,0.651869,0.285797,2.99251,0.0919457,0.683972,0.72369,-0.0429581,0.728817,-0.68336,-0.994837,0.0317437,0.0963937,43.1563,-2.46207,84.7196,0.692307,0.258232,0.62058,-0.262503
738,1,-0.300538,-0.050536,2.13898,0.651869,0.285797,2.99251,0.145037,0.674104,0.724257,-0.0797641,0.73758,-0.670532,-0.986206,0.0394821,0.160746,42.2739,-4.575,81.6337,0.714731,0.24835,0.598289,-0.263689
746,1,-0.302838,-0.051139,2.14691,0.651869,0.285797,2.99251,0.108181,0.66753,0.736682,-0.0943496,0.74458,-0.660832,-0.989644,0.00198353,0.14353,41.5898,-5.41389,83.7616,0.706451,0.234558,0.610915,-0.269615
753,1,-0.304102,-0.050604,2.15003,0.651869,0.285797,2.99251,0.0883335,0.679427,0.728407,-0.0899249,0.733719,-0.673477,-0.992024,-0.00601135,0.125909,42.5487,-5.15929,84.9116,0.697847,0.239116,0.616335,-0.275616
761,1,-0.309646,-0.0509267,2.1582,0.651869,0.285797,2.99251,0.0507261,0.717252,0.694965,-0.0516322,0.696814,-0.715391,-0.997377,0.000406434,0.07238,45.7537,-2.95963,87.0885,0.674522,0.265298,0.627238,-0.284974
768,1,-0.307594,-0.0498162,2.16132,0.651869,0.285797,2.99251,0.0782039,0.720228,0.689316,-0.0449167,0.693276,-0.719271,-0.995925,0.025288,0.0865672,46.0543,-2.57441,85.5101,0.681551,0.273112,0.618164,-0.280663
776,1,-0.309033,-0.049599,2.17183,0.651869,0.285797,2.99251,0.0907372,0.725354,0.68237,-0.030724,0.686909,-0.726093,-0.995401,0.0449186,0.084614,46.5885,-1.76063,84.7915,0.682323,0.282495,0.614727,-0.277023
783,1,-0.310127,-0.0501477,2.17396,0.651869,0.285797,2.99251,0.0966506,0.719782,0.68744,-0.0203918,0.69196,-0.721648,-0.995109,0.0557295,0.081556,46.2031,-1.16844,84.4525,0.68377,0.284225,0.615173,-0.270622
790,1,-0.306546,-0.0521297,2.18356,0.651869,0.285797,2.99251,0.122142,0.709654,0.693883,0.00582285,0.698593,-0.715496,-0.992496,0.0914324,0.0811953,45.6848,0.333626,82.9841,0.689552,0.292555,0.611403,-0.255177
797,1,-0.305358,-0.0579894,2.19286,0.651869,0.285797,2.99251,0.163435,0.712916,0.681938,0.0527512,0.683928,-0.72764,-0.985143,0.154895,0.0741707,46.7737,3.02382,80.5804,0.693097,0.31833,0.601316,-0.238121
805,1,-0.316283,-0.0687953,2.19567,0.651869,0.285797,2.99251,0.217584,0.690376,0.689955,0.0948417,0.688591,-0.718921,-0.971423,0.221862,0.0843499,46.2345,5.44221,77.375,0.70543,0.333408,0.588782,-0.211054
812,1,-0.314622,-0.0637664,2.19523,0.651869,0.285797,2.99251,0.211803,0.708231,0.67346,0.0788515,0.674463,-0.734086,-0.974126,0.208585,0.0870084,47.4238,4.52255,77.7332,0.702367,0.335534,0.586441,-0.224021
819,1,-0.322363,-0.0600699,2.20564,0.651869,0.285797,2.99251,0.134341,0.718634,0.682289,0.0628572,0.680964,-0.729615,-0.98894,0.140904,0.0463104,46.9754,3.60383,82.2641,0.682205,0.319009,0.612436,-0.240315
827,1,-0.322454,-0.0597279,2.20731,0.651869,0.285797,2.99251,0.124567,0.719078,0.683674,0.0518944,0.683376,-0.72822,-0.990853,0.126191,0.0478102,46.8196,2.97466,82.8345,0.68113,0.3136,0.614613,-0.244881
834,1,-0.320391,-0.0600866,2.20955,0.651869,0.285797,2.99251,0.145944,0.735407,0.661722,0.0560358,0.661665,-0.747703,-0.987705,0.146203,0.0553567,48.4934,3.2123,81.5948,0.682452,0.327461,0.604228,-0.248871
841,1,-0.320126,-0.0607768,2.213,0.651869,0.285797,2.99251,0.166422,0.750254,0.639861,0.0652098,0.639116,-0.766341,-0.983896,0.169261,0.057439,50.1724,3.7389,80.3995,0.682455,0.342734,0.594822,-0.250949
849,1,-0.322342,-0.0602639,2.21486,0.651869,0.285797,2.99251,0.139941,0.742031,0.655596,0.0388234,0.65749,-0.752462,-0.989398,0.130753,0.0632015,48.8535,2.22498,81.9495,0.682025,0.323747,0.602982,-0.257765
856,1,-0.328084,-0.0580677,2.21834,0.651869,0.285797,2.99251,0.0826872,0.743724,0.663353,-0.000852351,0.665685,-0.746232,-0.996575,0.0611385,0.0556775,48.2651,-0.0488361,85.257,0.671575,0.300551,0.617924,-0.277176
863,1,-0.333262,-0.049736,2.21376,0.651869,0.285797,2.99251,0.00912004,0.804044,0.594499,-0.0727273,0.593483,-0.801554,-0.99731,-0.0359261,0.0638886,53.4832,-4.17065,89.4761,0.645463,0.296542,0.616538,-0.33959
871,1,-0.33871,-0.0586858,2.22036,0.651869,0.285797,2.99251,0.137607,0.728802,0.670755,0.0439221,0.672041,-0.73921,-0.989513,0.131182,0.0604672,47.7249,2.51736,82.0829,0.683761,0.318237,0.607035