297,0,0.00118895,0.00444457,0.000490974,0,0,0,0.609835,0.792317,0.0183103,0.210543,-0.139692,-0.967552,-0.76405,0.593903,-0.252006,98.2154,12.1542,51.4045,0.551846,0.707378,0.354429,-0.263558
304,1,0.00138173,0.00496843,-0.000569012,0,0,0,0.61006,0.792145,0.0182437,0.210269,-0.139651,-0.967618,-0.763946,0.594141,-0.251759,98.2125,12.1381,51.3904,0.551962,0.707367,0.354277,-0.263549
310,1,0.00214245,0.0110904,-0.00630962,0,0,0,0.611724,0.79089,0.0169273,0.209314,-0.141187,-0.967602,-0.762877,0.595449,-0.251912,98.3017,12.0821,51.2751,0.551957,0.707959,0.3532,-0.263416
317,1,0.00183154,0.0128994,-0.0141518,0,0,0,0.613631,0.789411,0.0169295,0.209316,-0.141959,-0.967489,-0.761343,0.597225,-0.252347,98.3474,12.0823,51.1317,0.552115,0.708508,0.352405,-0.262669
323,1,0.00218952,0.018529,-0.0214693,0,0,0,0.615754,0.787779,0.0158511,0.209019,-0.143914,-0.967264,-0.759709,0.59891,-0.253277,98.4626,12.0649,50.9748,0.551943,0.709391,0.351286,-0.262147
330,1,0.00211771,0.0240423,-0.0307458,0,0,0,0.618061,0.785986,0.0150487,0.207892,-0.144954,-0.967352,-0.758144,0.60101,-0.252991,98.5222,11.9988,50.8121,0.552294,0.709931,0.349991,-0.261679
336,1,0.00164192,0.025308,-0.0360358,0,0,0,0.619481,0.784867,0.0150458,0.208243,-0.145823,-0.967146,-0.756887,0.602262,-0.253778,98.5743,12.0194,50.7011,0.552241,0.710472,0.349454,-0.261038
343,1,0.00188473,0.0266253,-0.0370802,0,0,0,0.619884,0.784555,0.0147342,0.208104,-0.146262,-0.967109,-0.756595,0.602562,-0.253935,98.6001,12.0113,50.672,0.552197,0.710648,0.349209,-0.26098
349,1,0.0016057,0.025374,-0.0376451,0,0,0,0.620012,0.784448,0.0150809,0.208327,-0.146065,-0.967091,-0.75643,0.602749,-0.253983,98.5888,12.0243,50.6601,0.55226,0.710644,0.349252,-0.260802
355,1,0.00208037,0.0258573,-0.0341688,0,0,0,0.619149,0.785135,0.0147649,0.207503,-0.145443,-0.967362,-0.757362,0.602005,-0.252969,98.5504,11.9761,50.7337,0.552435,0.710204,0.34942,-0.261403
362,1,0.00266053,0.0253861,-0.0286467,0,0,0,0.617753,0.786237,0.0145706,0.206749,-0.144512,-0.967663,-0.758706,0.600789,-0.251827,98.4939,11.9319,50.8468,0.552588,0.709594,0.349843,-0.26217
368,1,0.00338994,0.0264455,-0.0243723,0,0,0,0.616592,0.787157,0.014061,0.205436,-0.143629,-0.968074,-0.760007,0.599796,-0.250271,98.4391,11.855,50.9476,0.552877,0.708959,0.350018,-0.263043
374,1,0.00325057,0.0270406,-0.0268824,0,0,0,0.616731,0.787045,0.0142259,0.203771,-0.142168,-0.968641,-0.760342,0.60029,-0.248056,98.3497,11.7576,50.9537,0.553739,0.708335,0.349699,-0.263334
380,1,0.00296819,0.0255986,-0.0275266,0,0,0,0.616368,0.78732,0.0147818,0.202528,-0.140357,-0.969166,-0.760969,0.600356,-0.245965,98.2404,11.6848,50.9933,0.554537,0.707582,0.349729,-0.26364
386,1,0.00292651,0.0255901,-0.0277876,0,0,0,0.615944,0.787648,0.0149425,0.200839,-0.138659,-0.969761,-0.761759,0.60032,-0.243597,98.1372,11.586,51.0417,0.555358,0.706788,0.34964,-0.264158
392,1,0.00308162,0.0266919,-0.0291453,0,0,0,0.615789,0.787771,0.0148785,0.198841,-0.137103,-0.970394,-0.762408,0.600516,-0.241068,98.0419,11.4692,51.0726,0.556241,0.706038,0.349348,-0.264692
398,1,0.00223001,0.0251503,-0.0340468,0,0,0,0.616609,0.787114,0.0156735,0.198526,-0.136195,-0.970587,-0.761827,0.601584,-0.240242,97.9877,11.4508,51.014,0.556815,0.705876,0.349084,-0.264265
405,1,0.0017233,0.0241658,-0.0369414,0,0,0,0.617116,0.786706,0.0161613,0.198387,-0.13568,-0.970687,-0.761453,0.602233,-0.239802,97.9571,11.4426,50.9771,0.557143,0.705797,0.348929,-0.263989
411,1,0.00194243,0.0247653,-0.0369896,0,0,0,0.617236,0.786615,0.016015,0.198429,-0.135941,-0.970642,-0.761344,0.602293,-0.239995,97.9726,11.4451,50.9677,0.557068,0.705899,0.348862,-0.263965
417,1,0.00342697,0.0320591,-0.0392872,0,0,0,0.618217,0.785879,0.0142023,0.197439,-0.137777,-0.970585,-0.760806,0.602836,-0.240339,98.0793,11.3873,50.9033,0.556799,0.706458,0.347975,-0.264206
423,1,0.00499638,0.0396164,-0.0414355,0,0,0,0.619015,0.785283,0.0123175,0.19581,-0.139125,-0.970723,-0.760578,0.603304,-0.239887,98.1561,11.292,50.8587,0.556777,0.706758,0.34704,-0.264681
430,1,0.0059821,0.0443093,-0.0435492,0,0,0,0.619613,0.784827,0.0111965,0.194473,-0.139683,-0.970911,-0.760434,0.603767,-0.239177,98.1868,11.2139,50.8263,0.556946,0.706837,0.346367,-0.264997
436,1,0.00699075,0.0486184,-0.0449685,0,0,0,0.619979,0.784553,0.0101626,0.193047,-0.139972,-0.971154,-0.760499,0.604057,-0.238235,98.2015,11.1306,50.8122,0.557174,0.706786,0.345791,-0.265405
441,1,0.00695997,0.04908,-0.0473228,0,0,0,0.620407,0.784214,0.0101929,0.192524,-0.139685,-0.971299,-0.760282,0.604563,-0.237642,98.1838,11.1001,50.7848,0.557467,0.706706,0.345525,-0.265347
448,1,0.00688576,0.0474403,-0.0450674,0,0,0,0.619832,0.784664,0.0104924,0.192777,-0.139293,-0.971306,-0.760687,0.604069,-0.237604,98.161,11.1149,50.8258,0.557435,0.706528,0.345861,-0.265451
454,1,0.00782217,0.0484097,-0.0391247,0,0,0,0.618684,0.785579,0.00980066,0.19281,-0.139731,-0.971236,-0.761613,0.602778,-0.237916,98.1869,11.1168,50.9119,0.557009,0.706458,0.34623,-0.26605
460,1,0.00886134,0.0524123,-0.0379621,0,0,0,0.618464,0.785765,0.00870583,0.191507,-0.139969,-0.97146,-0.76212,0.60248,-0.237045,98.1988,11.0407,50.9405,0.557102,0.706307,0.345909,-0.266674
466,1,0.00945355,0.0555995,-0.0385518,0,0,0,0.618472,0.785766,0.00797912,0.190057,-0.139724,-0.97178,-0.762477,0.602535,-0.235756,98.182,10.9561,50.9533,0.557448,0.706037,0.345528,-0.267159
472,1,0.0103336,0.0601358,-0.0404142,0,0,0,0.618938,0.78541,0.00687361,0.18878,-0.140261,-0.971951,-0.762416,0.602875,-0.235083,98.2116,10.8816,50.9299,0.557583,0.706095,0.344922,-0.267507
478,1,0.0118669,0.0673174,-0.0414441,0,0,0,0.619267,0.785164,0.00505504,0.18669,-0.140985,-0.97225,-0.762663,0.603026,-0.233889,98.2509,10.7597,50.9241,0.557762,0.70607,0.344107,-0.268248
484,1,0.0136335,0.0747353,-0.04198,0,0,0,0.619735,0.784805,0.00304289,0.185271,-0.142533,-0.972296,-0.762629,0.60313,-0.233734,98.3398,10.6769,50.9016,0.557554,0.7064,0.343317,-0.268823
490,1,0.0155324,0.0822461,-0.0423834,0,0,0,0.619981,0.784616,0.00108005,0.183186,-0.14341,-0.972562,-0.762933,0.603168,-0.232642,98.3881,10.5554,50.9017,0.557658,0.706405,0.34251,-0.269623
496,1,0.0174626,0.0896085,-0.0427065,0,0,0,0.620419,0.78427,-0.000928415,0.181837,-0.144999,-0.972579,-0.7629,0.603238,-0.232569,98.4796,10.4768,50.8807,0.557416,0.706751,0.341743,-0.27019
503,1,0.0189484,0.0966267,-0.0462858,0,0,0,0.621608,0.783324,-0.0026271,0.180839,-0.146767,-0.9725,-0.762168,0.604039,-0.232887,98.5821,10.4187,50.8001,0.557215,0.70733,0.340776,-0.270311
510,1,0.019893,0.101602,-0.0506003,0,0,0,0.622826,0.782351,-0.00372671,0.180113,-0.14802,-0.972445,-0.761345,0.604993,-0.233102,98.6548,10.3764,50.7148,0.557159,0.707804,0.339947,-0.270227
516,1,0.0234802,0.109773,-0.0397294,0,0,0,0.621132,0.783677,-0.00676435,0.17928,-0.150487,-0.97222,-0.762924,0.602665,-0.233969,98.7988,10.3278,50.8494,0.55603,0.708094,0.339982,-0.271747
522,1,0.0244624,0.11354,-0.0403595,0,0,0,0.621493,0.783381,-0.00776748,0.178769,-0.151465,-0.972163,-0.762751,0.602803,-0.234179,98.8556,10.2981,50.8267,0.555844,0.708367,0.339566,-0.271935
529,1,0.0251772,0.117726,-0.043447,0,0,0,0.622452,0.782609,-0.00871393,0.178227,-0.152578,-0.972088,-0.762094,0.603526,-0.234455,98.9203,10.2665,50.7592,0.555747,0.708782,0.338904,-0.271878
536,1,0.0249459,0.1198,-0.0504592,0,0,0,0.624031,0.78135,-0.00881795,0.177797,-0.15297,-0.972105,-0.760903,0.605056,-0.23438,98.9427,10.2415,50.6442,0.556031,0.709116,0.338149,-0.271366
542,1,0.0252403,0.124471,-0.0593581,0,0,0,0.626173,0.779626,-0.00953987,0.177024,-0.154075,-0.972072,-0.759322,0.606996,-0.23449,99.0066,10.1965,50.4894,0.556239,0.709707,0.336987,-0.270838
548,1,0.0260981,0.128281,-0.0623332,0,0,0,0.627159,0.778821,-0.0104447,0.176772,-0.155383,-0.971909,-0.758566,0.607696,-0.235124,99.0833,10.1818,50.4171,0.556024,0.710223,0.336371,-0.270693
555,1,0.0287441,0.136993,-0.0583119,0,0,0,0.626964,0.778938,-0.0131164,0.17605,-0.158063,-0.971608,-0.758896,0.606854,-0.236231,99.24,10.1398,50.4381,0.555128,0.710855,0.335859,-0.271508
561,1,0.0298568,0.139799,-0.0546828,0,0,0,0.626354,0.779409,-0.0142155,0.175892,-0.15907,-0.971473,-0.759436,0.605985,-0.236726,99.2991,10.1306,50.4855,0.554653,0.711011,0.335895,-0.272025
568,1,0.0280818,0.126713,-0.0424494,0,0,0,0.623804,0.781495,-0.0115673,0.180505,-0.158451,-0.970727,-0.760451,0.603456,-0.239906,99.2706,10.3992,50.6377,0.5535,0.711013,0.33825,-0.27145
574,1,0.0292643,0.129837,-0.0371179,0,0,0,0.62327,0.7819,-0.0128971,0.181488,-0.160671,-0.970179,-0.760655,0.602343,-0.242047,99.4034,10.4565,50.6693,0.552393,0.711686,0.338418,-0.271732
581,1,0.0320934,0.136434,-0.0270742,0,0,0,0.621914,0.782931,-0.0155502,0.181925,-0.163768,-0.969579,-0.76166,0.600165,-0.244285,99.5871,10.4819,50.7676,0.550877,0.712384,0.338601,-0.27275
587,1,0.0337702,0.138591,-0.0183435,0,0,0,0.620428,0.784082,-0.016858,0.18238,-0.165153,-0.969259,-0.762762,0.598281,-0.245466,99.6698,10.5084,50.8752,0.549957,0.712574,0.339074,-0.273523
593,1,0.0346942,0.139409,-0.013453,0,0,0,0.619777,0.784583,-0.0175024,0.183292,-0.166404,-0.968872,-0.763073,0.597276,-0.246941,99.7455,10.5616,50.9161,0.549188,0.712938,0.339397,-0.273718
600,1,0.0344651,0.136135,-0.00927205,0,0,0,0.619113,0.785117,-0.0170533,0.185194,-0.167071,-0.968396,-0.763153,0.596388,-0.248835,99.7885,10.6725,50.9491,0.548454,0.71327,0.340092,-0.273461
606,1,0.0362712,0.138091,0.000107141,0,0,0,0.617544,0.78632,-0.0184135,0.18589,-0.168658,-0.967987,-0.764254,0.594352,-0.250323,99.8837,10.713,51.0606,0.547395,0.713534,0.340632,-0.274222
612,1,0.0394248,0.145592,0.00914786,0,0,0,0.616349,0.787186,-0.0212433,0.185761,-0.171556,-0.967503,-0.765249,0.592373,-0.251967,100.055,10.7055,51.1512,0.546083,0.71412,0.34061,-0.275336
618,1,0.0377941,0.141413,0.00480033,0,0,0,0.617383,0.786411,-0.0198864,0.187479,-0.17164,-0.967156,-0.763996,0.593378,-0.253403,100.063,10.8057,51.0584,0.545972,0.714567,0.340727,-0.274251
625,1,0.0384399,0.143136,0.00606396,0,0,0,0.617387,0.786393,-0.020492,0.187718,-0.172572,-0.966944,-0.763934,0.593132,-0.254164,100.119,10.8196,51.056,0.545585,0.714864,0.340663,-0.274327
631,1,0.0389849,0.143559,0.0104535,0,0,0,0.616659,0.78695,-0.0210109,0.188129,-0.17323,-0.966747,-0.764421,0.592201,-0.254872,100.159,10.8436,51.1068,0.545105,0.714976,0.340948,-0.274636
637,1,0.038169,0.143256,0.00574456,0,0,0,0.617739,0.786114,-0.0205955,0.188397,-0.173371,-0.966669,-0.763482,0.593269,-0.2552,100.168,10.8593,51.0234,0.545245,0.715246,0.340621,-0.274059
644,1,0.0390745,0.139612,0.02088,0,0,0,0.615134,0.788143,-0.020976,0.191584,-0.17523,-0.965707,-0.764791,0.590021,-0.258786,100.285,11.0452,51.1897,0.543396,0.715743,0.342207,-0.274459
650,1,0.0414838,0.144759,0.0314657,0,0,0,0.613674,0.789216,-0.0232883,0.192364,-0.178053,-0.965035,-0.765768,0.587737,-0.261083,100.454,11.0908,51.2919,0.54188,0.716382,0.342548,-0.275362
657,1,0.0424924,0.144753,0.0409283,0,0,0,0.612208,0.790329,-0.0240971,0.194314,-0.179921,-0.964298,-0.766448,0.585669,-0.263721,100.569,11.2046,51.3835,0.540501,0.716912,0.343363,-0.275677
663,1,0.0464307,0.151682,0.0571304,0,0,0,0.609537,0.792289,-0.0272543,0.194472,-0.182766,-0.963731,-0.768535,0.582129,-0.265481,100.738,11.2139,51.5815,0.538816,0.717249,0.34394,-0.277375
669,1,0.0491907,0.1584,0.0657865,0,0,0,0.608237,0.7932,-0.029678,0.193875,-0.184715,-0.963479,-0.769714,0.58027,-0.266133,100.853,11.179,51.6838,0.53791,0.717476,0.34394,-0.278543
675,1,0.0500859,0.159029,0.0714843,0,0,0,0.607045,0.794094,-0.030197,0.193761,-0.184759,-0.963494,-0.770684,0.579033,-0.266021,100.855,11.1723,51.7736,0.537649,0.717256,0.344317,-0.279147
682,1,0.0505044,0.150366,0.0871271,0,0,0,0.603252,0.797023,-0.0290056,0.195409,-0.182965,-0.963504,-0.773242,0.575567,-0.266119,100.752,11.2686,52.0401,0.537161,0.716299,0.346375,-0.279997
688,1,0.0522267,0.160769,0.0808551,0,0,0,0.604834,0.795744,-0.0311136,0.192303,-0.183858,-0.963958,-0.772784,0.577051,-0.264228,100.798,11.0872,51.9508,0.537761,0.716401,0.344796,-0.280534
694,1,0.0528985,0.159017,0.0891325,0,0,0,0.60336,0.796855,-0.0312894,0.193687,-0.184491,-0.96356,-0.77359,0.575313,-0.265655,100.839,11.168,52.0476,0.536939,0.716503,0.345617,-0.280836
701,1,0.0551551,0.154581,0.111571,0,0,0,0.598329,0.800622,-0.0317402,0.19458,-0.183614,-0.963548,-0.777265,0.570342,-0.265646,100.789,11.2202,52.4114,0.535973,0.71547,0.347744,-0.282683
707,1,0.0602788,0.158914,0.136208,0,0,0,0.592998,0.804458,-0.0346651,0.19344,-0.184119,-0.963681,-0.781623,0.564755,-0.264796,100.816,11.1536,52.8133,0.534809,0.714478,0.34917,-0.285624
713,1,0.0677628,0.167652,0.167373,0,0,0,0.586561,0.808943,-0.0394563,0.192026,-0.186235,-0.963557,-0.786811,0.557608,-0.264577,100.939,11.0711,53.2958,0.532858,0.713683,0.350635,-0.289438
720,1,0.0684041,0.158612,0.183888,0,0,0,0.582796,0.811715,-0.0383097,0.194596,-0.185177,-0.963245,-0.788975,0.55392,-0.265877,100.882,11.2211,53.5477,0.531917,0.713066,0.352812,-0.290045
726,1,0.0672734,0.150747,0.188865,0,0,0,0.581194,0.812948,-0.0364633,0.195748,-0.183156,-0.963399,-0.789871,0.552784,-0.265582,100.764,11.2884,53.654,0.532085,0.712378,0.353989,-0.289991
732,1,0.0667143,0.142773,0.196862,0,0,0,0.578961,0.814608,-0.0348828,0.197263,-0.181454,-0.963412,-0.791133,0.550897,-0.265747,100.666,11.3769,53.8028,0.531921,0.711717,0.355433,-0.290149
739,1,0.0692671,0.140005,0.214994,0,0,0,0.574822,0.817504,-0.0355963,0.198048,-0.1812,-0.963298,-0.79395,0.546675,-0.266063,100.653,11.4228,54.0954,0.530933,0.711,0.357086,-0.291683
745,1,0.0733572,0.136913,0.238912,0,0,0,0.570041,0.820784,-0.0369832,0.201006,-0.182962,-0.962352,-0.796649,0.541146,-0.269278,100.765,11.5958,54.4145,0.52863,0.711035,0.359261,-0.293105
752,1,0.0840205,0.148864,0.276698,0,0,0,0.564768,0.824048,-0.0445199,0.206432,-0.1933,-0.959177,-0.799014,0.532522,-0.27928,101.394,11.9133,54.7462,0.522539,0.713678,0.360975,-0.295488
758,1,0.0856706,0.136119,0.301182,0,0,0,0.559692,0.827551,-0.0436259,0.212058,-0.193913,-0.957825,-0.801109,0.526836,-0.284021,101.445,12.243,55.0601,0.520038,0.713727,0.364148,-0.295889
764,1,0.0961121,0.152452,0.330241,0,0,0,0.55399,0.830993,-0.0504491,0.209621,-0.197879,-0.95755,-0.805701,0.519898,-0.283817,101.676,12.1002,55.488,0.517758,0.713387,0.364674,-0.30003
770,1,0.0986782,0.151168,0.342956,0,0,0,0.550901,0.833003,-0.0511207,0.209697,-0.19745,-0.957622,-0.807796,0.516836,-0.283454,101.65,12.1046,55.7068,0.517203,0.712707,0.365753,-0.301287
776,1,0.100386,0.148463,0.353148,0,0,0,0.548327,0.834694,-0.0512089,0.210062,-0.196749,-0.957687,-0.809451,0.514369,-0.283221,101.609,12.126,55.886,0.516807,0.712091,0.366792,-0.302159
782,1,0.0961543,0.129683,0.356191,0,0,0,0.545736,0.836699,-0.0458993,0.211242,-0.190375,-0.958715,-0.810894,0.513509,-0.280641,101.231,12.1951,56.0592,0.518344,0.710062,0.368961,-0.301661
789,1,0.0997941,0.135732,0.363865,0,0,0,0.543707,0.837911,-0.0478349,0.208789,-0.190243,-0.959278,-0.81289,0.511578,-0.278383,101.217,12.0514,56.2232,0.51843,0.709284,0.368929,-0.303378
795,1,4.86442,-3.05046,-2.96804,0,0,0,0.401462,-0.888109,0.223808,0.858839,0.280161,-0.428842,0.318157,0.364379,0.875217,56.8436,59.1865,-38.3966,0.799506,0.248035,-0.0295023,0.546259
802,1,4.96921,-3.03466,-2.93381,0,0,0,0.386185,-0.902343,0.191411,0.858375,0.275575,-0.432725,0.337718,0.331414,0.880972,57.5095,59.1346,-41.1696,0.797297,0.239603,-0.0458757,0.55209
810,1,4.96538,-3.021,-2.94286,0,0,0,0.3858,-0.902298,0.192396,0.857674,0.273933,-0.435151,0.339932,0.332895,0.879561,57.809,59.0564,-41.3835,0.796758,0.240991,-0.0462924,0.552229
818,0,4.91396,-2.95626,-3.04585,0,0,0,0.424762,-0.895501,0.132873,0.809953,0.310342,-0.497659,0.404418,0.319007,0.857135,58.0522,54.0913,-43.5945,0.805022,0.253616,-0.0843286,0.52963
825,0,4.87422,-2.88492,-3.13232,0,0,0,0.452193,-0.888135,0.0820786,0.765116,0.338964,-0.54745,0.458388,0.310353,0.832804,58.2355,49.9173,-45.3898,0.809932,0.264776,-0.116155,0.510305
832,1,4.84283,-2.82968,-3.19577,0,0,0,0.470594,-0.881034,0.048174,0.731245,0.358868,-0.580082,0.493784,0.30821,0.813132,58.257,46.9909,-46.3775,0.812803,0.273219,-0.13706,0.495901
840,0,4.79085,-2.72891,-3.2995,0,0,0,0.498543,-0.86678,-0.0121718,0.668429,0.393323,-0.631269,0.551958,0.306579,0.775469,58.0743,41.9459,-47.9109,0.816599,0.28712,-0.172707,0.470001
848,0,4.76372,-2.66662,-3.36133,0,0,0,0.513651,-0.856394,-0.0524578,0.625623,0.415676,-0.660159,0.587162,0.306273,0.749292,57.803,38.7279,-48.8204,0.818324,0.295247,-0.195405,0.45276
856,0,4.75355,-2.6167,-3.41401,0,0,0,0.522579,-0.848075,