298,0,-0.000228577,0.000190463,-0.00188457,0,0,0,0.610043,0.792125,0.0196423,0.211151,-0.138622,-0.967574,-0.763717,0.594409,-0.251823,98.1531,12.1898,51.3828,0.552177,0.707193,0.354668,-0.263038
304,1,0.000298812,0.00274697,-0.00256858,0,0,0,0.610425,0.791847,0.0189659,0.211008,-0.139491,-0.96748,-0.763451,0.594576,-0.252234,98.2043,12.1814,51.3556,0.551974,0.707487,0.354372,-0.263074
310,1,-0.000178523,0.000196447,-0.00304241,0,0,0,0.610527,0.791752,0.0196413,0.211879,-0.139386,-0.967305,-0.763128,0.594728,-0.252854,98.1997,12.2325,51.339,0.55188,0.707596,0.354592,-0.26268
316,1,-0.000975952,-0.00338461,-0.00362035,0,0,0,0.610494,0.791752,0.0206307,0.212645,-0.138761,-0.967227,-0.762941,0.594873,-0.253075,98.1641,12.2774,51.3337,0.551964,0.707519,0.354901,-0.262294
322,1,-0.00163526,-0.00521483,-0.00586841,0,0,0,0.610874,0.791442,0.0212885,0.213083,-0.138452,-0.967175,-0.762515,0.595358,-0.253219,98.1466,12.3031,51.3007,0.552087,0.707557,0.354927,-0.261896
328,1,-0.00197644,-0.00549611,-0.00742418,0,0,0,0.611174,0.791204,0.0214972,0.213148,-0.13837,-0.967172,-0.762256,0.595693,-0.253212,98.1419,12.3069,51.2775,0.552176,0.707594,0.354848,-0.261718
335,1,-0.00219047,-0.00581378,-0.00746958,0,0,0,0.611094,0.791264,0.0215869,0.213004,-0.138115,-0.96724,-0.762361,0.595672,-0.252943,98.1265,12.2984,51.285,0.552276,0.707487,0.354871,-0.261762
341,1,-0.00225243,-0.00514074,-0.00729541,0,0,0,0.610993,0.791347,0.0213851,0.212611,-0.138014,-0.967341,-0.762551,0.595585,-0.252575,98.1198,12.2754,51.2966,0.552359,0.707387,0.354813,-0.261938
348,1,-0.00244208,-0.0063407,-0.00540362,0,0,0,0.610395,0.791804,0.021559,0.212434,-0.137422,-0.967464,-0.763079,0.595115,-0.252088,98.0844,12.265,51.3433,0.552468,0.70709,0.35506,-0.262173
354,1,-0.00207288,-0.00560291,-0.00289097,0,0,0,0.60992,0.792182,0.0210984,0.212308,-0.137695,-0.967453,-0.763494,0.594548,-0.252169,98.1003,12.2576,51.3803,0.552281,0.707069,0.35516,-0.262491
360,1,-0.00164532,-0.00485934,-4.67728e-05,0,0,0,0.609302,0.792669,0.020667,0.212091,-0.137803,-0.967485,-0.764048,0.593874,-0.252081,98.1064,12.2449,51.4288,0.552136,0.706963,0.355308,-0.262878
366,1,-0.000981044,-0.00564174,0.00718667,0,0,0,0.607472,0.794079,0.0203932,0.211438,-0.136897,-0.967757,-0.765684,0.592197,-0.25106,98.0515,12.2066,51.5725,0.552158,0.706298,0.355911,-0.263802
372,1,0.000458926,-0.00287321,0.0148576,0,0,0,0.605839,0.795358,0.0190925,0.210605,-0.137187,-0.967897,-0.767206,0.590411,-0.25062,98.0672,12.1578,51.7029,0.551822,0.705983,0.356228,-0.264919
378,1,0.00176858,-0.000524262,0.021767,0,0,0,0.604324,0.796536,0.0179481,0.20976,-0.13733,-0.968061,-0.768631,0.588787,-0.250073,98.0741,12.1083,51.8243,0.551571,0.705643,0.356518,-0.265957
385,1,0.002904,0.00136872,0.0283684,0,0,0,0.602896,0.79764,0.016933,0.209172,-0.13755,-0.968157,-0.769911,0.58724,-0.249772,98.0861,12.0738,51.9365,0.551266,0.705375,0.356835,-0.266871
391,1,0.00313417,0.000500341,0.0328421,0,0,0,0.60178,0.798484,0.0168243,0.208971,-0.13709,-0.968265,-0.770838,0.586199,-0.249358,98.0585,12.062,52.0214,0.551211,0.705023,0.357242,-0.267372
397,1,0.00321204,-0.00117819,0.036291,0,0,0,0.600826,0.799198,0.0170279,0.208806,-0.136345,-0.968406,-0.771627,0.585399,-0.248797,98.0142,12.0524,52.0939,0.55129,0.704622,0.35764,-0.267732
404,1,0.00246422,-0.00733505,0.0411267,0,0,0,0.59933,0.800291,0.018364,0.209343,-0.13455,-0.968541,-0.772644,0.58432,-0.248175,97.9089,12.0838,52.1997,0.551499,0.703927,0.358572,-0.267883
410,1,0.00139493,-0.0148771,0.0457121,0,0,0,0.597822,0.801378,0.0200831,0.210126,-0.132477,-0.968657,-0.7736,0.583304,-0.247588,97.7877,12.1297,52.3039,0.55176,0.703187,0.359614,-0.267893
417,1,0.000488674,-0.0212333,0.0504391,0,0,0,0.596522,0.802311,0.0214268,0.211358,-0.13128,-0.968552,-0.774267,0.582291,-0.247886,97.7189,12.202,52.3881,0.551669,0.702796,0.360585,-0.267802
423,1,0.000193779,-0.0256067,0.0561643,0,0,0,0.595079,0.803362,0.022156,0.212215,-0.130486,-0.968472,-0.775142,0.581019,-0.248135,97.6735,12.2522,52.4864,0.551466,0.702442,0.361445,-0.267989
429,1,0.000272118,-0.0275494,0.0606931,0,0,0,0.594181,0.804024,0.022238,0.213108,-0.130709,-0.968246,-0.775586,0.580052,-0.249009,97.6882,12.3046,52.5441,0.551013,0.702478,0.36198,-0.268104
435,1,0.00080475,-0.028185,0.0661653,0,0,0,0.593347,0.804652,0.0217862,0.214385,-0.131883,-0.967805,-0.775872,0.578915,-0.250758,97.7599,12.3795,52.5931,0.55016,0.702849,0.362466,-0.268225
441,1,0.000932075,-0.0297139,0.0695558,0,0,0,0.592761,0.805083,0.021795,0.215356,-0.132368,-0.967523,-0.776051,0.578204,-0.251842,97.7904,12.4364,52.6268,0.549671,0.703024,0.362875,-0.268218
447,1,0.000707314,-0.0294451,0.0681581,0,0,0,0.593221,0.804747,0.0217007,0.215771,-0.132971,-0.967348,-0.775585,0.578533,-0.252522,97.8268,12.4608,52.5887,0.549483,0.703334,0.362743,-0.267968
453,1,0.000916502,-0.0289838,0.0693761,0,0,0,0.593124,0.804827,0.0213741,0.216034,-0.133521,-0.967213,-0.775586,0.578295,-0.253064,97.8598,12.4762,52.5933,0.549213,0.703511,0.362774,-0.268017
459,1,0.000760777,-0.0295472,0.069706,0,0,0,0.593004,0.804914,0.0214582,0.216023,-0.133365,-0.967237,-0.775681,0.578211,-0.252965,97.8506,12.4755,52.6023,0.549243,0.703444,0.362835,-0.268046
465,1,0.000654104,-0.0300981,0.0697902,0,0,0,0.592878,0.805003,0.0215821,0.215777,-0.132983,-0.967345,-0.775845,0.578174,-0.252544,97.8275,12.4611,52.614,0.549398,0.703279,0.362864,-0.268124
472,1,0.000579854,-0.0316245,0.0717754,0,0,0,0.592121,0.80555,0.0219257,0.21516,-0.131816,-0.967642,-0.776594,0.577679,-0.251374,97.7573,12.4249,52.6759,0.549757,0.702729,0.363124,-0.268478
478,1,0.000772265,-0.0325947,0.0749337,0,0,0,0.591091,0.806302,0.0220928,0.214315,-0.130588,-0.967996,-0.777612,0.576909,-0.249992,97.6832,12.3753,52.7602,0.550116,0.702081,0.363425,-0.269028
485,1,0.00105729,-0.0323807,0.0774817,0,0,0,0.590077,0.807045,0.0220875,0.212492,-0.128855,-0.96863,-0.778882,0.576259,-0.247525,97.5775,12.2684,52.8526,0.55084,0.701152,0.363522,-0.269839
491,1,0.000771314,-0.0326423,0.0757906,0,0,0,0.590138,0.806991,0.0224039,0.211436,-0.127717,-0.969012,-0.779122,0.576588,-0.245997,97.5084,12.2065,52.8583,0.551458,0.700688,0.363367,-0.269991
497,1,4.49965e-05,-0.0355085,0.0748755,0,0,0,0.589947,0.807104,0.0233741,0.211047,-0.126192,-0.969296,-0.779373,0.576766,-0.244784,97.4176,12.1837,52.8761,0.552035,0.700165,0.36354,-0.269936
503,1,-0.000480021,-0.0369715,0.0738376,0,0,0,0.58989,0.807128,0.0239622,0.210585,-0.125122,-0.969535,-0.779541,0.576965,-0.243778,97.3536,12.1566,52.8847,0.552492,0.699784,0.363581,-0.269933
509,1,-0.000190362,-0.0388733,0.0788095,0,0,0,0.588634,0.808037,0.0242003,0.210665,-0.124425,-0.969607,-0.780468,0.575842,-0.243466,97.3125,12.1613,52.9761,0.552436,0.699379,0.364145,-0.270335
515,1,-0.000334088,-0.0377475,0.0768355,0,0,0,0.588766,0.80794,0.0242481,0.209098,-0.12326,-0.970095,-0.78079,0.57623,-0.24151,97.2412,12.0695,52.9813,0.553172,0.698845,0.363828,-0.27064
522,1,-0.000173365,-0.0348686,0.0742197,0,0,0,0.588983,0.807791,0.0239194,0.20656,-0.121862,-0.970815,-0.781301,0.576735,-0.238633,97.1547,11.9209,52.9892,0.554186,0.698119,0.363245,-0.271222
528,1,-0.000725765,-0.0330963,0.069063,0,0,0,0.589768,0.807216,0.0239973,0.204523,-0.12055,-0.97141,-0.781245,0.577815,-0.236191,97.0741,11.8016,52.9506,0.555209,0.697587,0.362585,-0.271381
534,1,-0.00139686,-0.0317009,0.0634808,0,0,0,0.590894,0.806391,0.0240633,0.20358,-0.120181,-0.971654,-0.780641,0.579043,-0.235179,97.0509,11.7464,52.8767,0.555773,0.697541,0.361975,-0.271159
540,1,-0.000654407,-0.0328839,0.0707132,0,0,0,0.589638,0.80732,0.0237107,0.205095,-0.12127,-0.9712,-0.781193,0.577519,-0.237083,97.1175,11.8351,52.9548,0.554816,0.697852,0.362689,-0.271362
547,1,-3.8998e-05,-0.0333314,0.0754664,0,0,0,0.58871,0.808004,0.023452,0.205553,-0.121581,-0.971064,-0.781773,0.576496,-0.237663,97.1365,11.8619,53.0186,0.554406,0.697846,0.363102,-0.271665
553,1,0.000536612,-0.034516,0.0808199,0,0,0,0.587757,0.808704,0.0232459,0.206707,-0.122329,-0.970725,-0.782185,0.575356,-0.239065,97.1825,11.9295,53.0777,0.553706,0.69806,0.363655,-0.271803
559,1,-3.59596e-05,-0.0373579,0.0820975,0,0,0,0.587337,0.808989,0.0239076,0.207157,-0.121712,-0.970707,-0.782382,0.575085,-0.239073,97.1467,11.9558,53.1043,0.553749