306,0,-0.222536,0.127625,1.78984,-0.31561,-0.183046,1.90306,0.616685,0.787046,0.016039,0.18546,-0.125455,-0.97461,-0.765051,0.604003,-0.223332,97.335,10.688,51.1287,0.563005,0.700977,0.34684,-0.267132
313,0,-0.222454,0.123943,1.78794,-0.31561,-0.183046,1.90306,0.635347,0.771767,-0.0266367,0.117129,-0.130405,-0.984518,-0.763292,0.622391,-0.173249,97.5452,6.72646,50.2267,0.576995,0.69624,0.319177,-0.283641
321,0,-0.222214,0.102156,1.79134,-0.31561,-0.183046,1.90306,0.665607,0.746299,0.00218929,0.0868349,-0.0745317,-0.993431,-0.741234,0.661424,-0.114414,94.2906,4.98154,48.0771,0.60759,0.68091,0.30589,-0.271344
328,0,-0.22098,0.0969858,1.79325,-0.31561,-0.183046,1.90306,0.720203,0.693694,-0.00976126,0.00209661,-0.0162463,-0.999866,-0.69376,0.720086,-0.013155,90.9309,0.120127,43.9286,0.650154,0.661363,0.263014,-0.265936
335,0,-0.223987,0.0959499,1.79272,-0.31561,-0.183046,1.90306,0.737907,0.674792,-0.0121843,-0.0355615,0.0208466,-0.99915,-0.673965,0.737713,0.0393795,88.8047,-2.03795,42.4069,0.670472,0.647627,0.246759,-0.264871
342,0,-0.225901,0.0969269,1.79117,-0.31561,-0.183046,1.90306,0.756228,0.654146,-0.0145814,-0.0396862,0.0236124,-0.998933,-0.653104,0.756,0.0438169,88.6459,-2.27445,40.815,0.675214,0.649769,0.236415,-0.256893
350,0,-0.219069,0.0978922,1.78859,-0.31561,-0.183046,1.90306,0.722847,0.690772,-0.0180357,-0.036591,0.0122,-0.999256,-0.690038,0.722969,0.0340948,89.3005,-2.09698,43.6698,0.665045,0.647409,0.252615,-0.273426
357,0,-0.215573,0.120726,1.78653,-0.31561,-0.183046,1.90306,0.814068,0.580088,-0.0281422,-0.0447248,0.0143045,-0.998897,-0.579045,0.814428,0.0375892,89.1796,-2.5634,35.4242,0.683001,0.663735,0.201648,-0.228701
365,0,-0.212537,0.133736,1.78627,-0.31561,-0.183046,1.90306,0.824258,0.565713,-0.0238146,-0.0367526,0.011484,-0.999258,-0.56502,0.824522,0.0302572,89.3416,-2.10624,34.4302,0.683008,0.667555,0.198096,-0.220519
373,0,-0.190458,0.141334,1.78787,-0.31561,-0.183046,1.90306,0.849568,0.524457,0.0563784,0.0533299,0.0209329,-0.998358,-0.524776,0.851179,-0.0101854,88.7988,3.05703,31.7035,0.681967,0.678016,0.213044,-0.172709
381,0,-0.178829,0.140861,1.7883,-0.31561,-0.183046,1.90306,0.867249,0.495507,0.0484983,0.0587004,-0.0050328,-0.998263,-0.494402,0.868589,-0.0334512,90.2889,3.36522,29.6867,0.676159,0.690241,0.20073,-0.161503
388,0,-0.167237,0.137054,1.79429,-0.31561,-0.183046,1.90306,0.896605,0.436201,0.0763433,0.0827559,0.00431327,-0.996561,-0.43503,0.899839,-0.0322309,89.752,4.74699,25.8825,0.6835,0.693636,0.187042,-0.129278
396,0,-0.16747,0.129946,1.79697,-0.31561,-0.183046,1.90306,0.91296,0.408008,0.00576126,0.0284014,-0.0494536,-0.998373,-0.407059,0.911638,-0.0567372,92.8358,1.6275,24.0305,0.672081,0.710484,0.15356,-0.141206
403,1,-0.16912,0.136269,1.80243,-0.31561,-0.183046,1.90306,0.893601,0.44746,0.0354541,0.0515328,-0.0238073,-0.998387,-0.445894,0.893987,-0.044333,91.366,2.95392,26.5186,0.675548,0.700311,0.178133,-0.146521
411,1,-0.170918,0.133584,1.80459,-0.31561,-0.183046,1.90306,0.931728,0.362518,-0.0215313,0.0227896,-0.117539,-0.992807,-0.362441,0.924535,-0.117776,96.7519,1.30586,21.256,0.651232,0.736044,0.130871,-0.130418
417,1,-0.154835,0.140357,1.80479,-0.31561,-0.183046,1.90306,0.880413,0.47394,0.0159615,0.0133429,0.00888776,-0.999871,-0.474021,0.880512,0.00150119,89.4907,0.764512,28.2984,0.687532,0.683744,0.178167,-0.167482
424,1,-0.147344,0.153983,1.79842,-0.31561,-0.183046,1.90306,0.909008,0.416664,0.00977111,-0.0492081,0.130575,-0.990216,-0.413863,0.899634,0.139197,82.488,-2.82055,24.4794,0.738035,0.640163,0.143501,-0.157808
432,1,-0.145362,0.156483,1.79286,-0.31561,-0.183046,1.90306,0.931481,0.363751,0.00524778,-0.0575588,0.161607,-0.985175,-0.359207,0.91737,0.171471,80.6842,-3.2997,21.0881,0.752423,0.63214,0.121094,-0.139985
438,1,-0.147916,0.15606,1.79064,-0.31561,-0.183046,1.90306,0.935674,0.352852,-0.00328315,-0.0656393,0.164902,-0.984123,-0.346708,0.921034,0.177455,80.4878,-3.76356,20.3319,0.754657,0.631133,0.113769,-0.138636
446,1,-0.15092,0.1548,1.78687,-0.31561,-0.183046,1.90306,0.941298,0.33753,-0.00565285,-0.0641771,0.162486,-0.984622,-0.331421,0.927185,0.174609,80.6293,-3.67961,19.3966,0.754717,0.633286,0.107911,-0.133066
452,1,-0.152008,0.153678,1.7815,-0.31561,-0.183046,1.90306,0.946635,0.322035,-0.0132708,-0.0726717,0.173145,-0.982212,-0.314008,0.93076,0.187308,80.0026,-4.16745,18.3512,0.759455,0.629718,0.0989978,-0.129931
459,1,-0.152653,0.152519,1.77418,-0.31561,-0.183046,1.90306,0.949788,0.312723,-0.0103289,-0.0754021,0.19672,-0.977556,-0.303672,0.92925,0.210422,78.622,-4.32432,17.7305,0.767615,0.621016,0.0955373,-0.126406
467,1,-0.154059,0.151309,1.76633,-0.31561,-0.183046,1.90306,0.951563,0.307365,-0.00736295,-0.0830322,0.233851,-0.96872,-0.296029,0.92241,0.248046,76.4283,-4.76288,17.2808,0.779978,0.606149,0.0925238,-0.125131
473,1,-0.155094,0.150573,1.75757,-0.31561,-0.183046,1.90306,0.936505,0.350597,0.00633273,-0.0935356,0.267174,-0.959098,-0.337949,0.897608,0.283003,74.4339,-5.36704,19.8426,0.788461,0.588712,0.109163,-0.140823
480,1,-0.15541,0.149675,1.74876,-0.31561,-0.183046,1.90306,0.913997,0.405703,-0.00383805,-0.116925,0.254335,-0.960022,-0.388508,0.877906,0.279898,75.1617,-6.71467,23.0286,0.782341,0.587317,0.122923,-0.167008
486,1,-0.151103,0.150476,1.75142,-0.31561,-0.183046,1.90306,0.949754,0.310007,-0.0431624,-0.126595,0.25435,-0.958791,-0.286254,0.916079,0.280816,75.1427,-7.27288,16.7727,0.788181,0.594682,0.0771052,-0.138484
494,1,-0.151335,0.150099,1.74669,-0.31561,-0.183046,1.90306,0.946291,0.317846,-0.0592224,-0.152388,0.276916,-0.948734,-0.285152,0.906803,0.310479,73.7285,-8.76532,16.7695,0.795878,0.582858,0.0709686,-0.147709
500,1,-0.15146,0.147492,1.73318,-0.31561,-0.183046,1.90306,0.92994,0.354764,-0.0967136,-0.20485,0.281404,-0.937469,-0.305365,0.891602,0.334362,73.2916,-11.8207,18.1786,0.797764,0.573187,0.0653863,-0.17537
507,1,-0.151482,0.145664,1.72062,-0.31561,-0.183046,1.90306,0.897216,0.420261,-0.13559,-0.281169,0.306913,-0.909257,-0.340511,0.853923,0.393531,71.3483,-16.33,20.7827,0.805863,0.546985,0.0635721,-0.217602
513,1,-0.15113,0.143962,1.70918,-0.31561,-0.183046,1.90306,0.876182,0.453155,-0.164181,-0.329753,0.315163,-0.889907,-0.351522,0.83386,0.425569,70.4983,-19.2538,21.8605,0.808844,0.532787,0.0579039,-0.241984
521,1,-0.152471,0.143773,1.70748,-0.31561,-0.183046,1.90306,0.833465,0.515282,-0.199551,-0.412461,0.33983,-0.845217,-0.367711,0.786766,0.49577,68.0968,-24.3595,23.8063,0.816864,0.499466,0.0514652,-0.283934
527,1,-0.15315,0.142628,1.70456,-0.31561,-0.183046,1.90306,0.801321,0.566106,-0.193414,-0.443495,0.345164,-0.827148,-0.401494,0.748589,0.527652,67.3495,-26.3271,26.6127,0.817639,0.481795,0.0636224,-0.308694
534,1,-0.15263,0.141773,1.70144,-0.31561,-0.183046,1.90306,0.763972,0.624814,-0.161103,-0.466946,0.363039,-0.806328,-0.445318,0.691238,0.569106,65.7609,-27.8362,30.2378,0.820993,0.456023,0.0865461,-0.332451
541,1,-0.151668,0.140344,1.69939,-0.31561,-0.183046,1.90306,0.66998,0.732327,-0.121756,-0.532253,0.359508,-0.76646,-0.517527,0.578318,0.630646,64.8711,-32.1578,37.6844,0.815496,0.412258,0.121329,-0.387672
548,1,-0.150857,0.138391,1.69392,-0.31561,-0.183046,1.90306,0.598337,0.794933,-0.100371,-0.568844,0.333223,-0.751917,-0.564277,0.506995,0.651573,66.0988,-34.6697,43.3219,0.803606,0.391644,0.14432,-0.424268
556,1,-0.151529,0.13722,1.68823,-0.31561,-0.183046,1.90306,0.554874,0.829065,-0.0690352,-0.591475,0.33478,-0.733539,-0.58504,0.447855,0.676132,65.4685,-36.2617,46.5159,0.800904,0.368769,0.16107,-0.443418
564,1,-0.149158,0.134077,1.67749,-0.31561,-0.183046,1.90306,0.567862,0.803964,-0.176562,-0.608562,0.265634,-0.747724,-0.554243,0.532053,0.640105,70.4421,-37.4856,44.3046,0.786384,0.406855,0.120069,-0.449057
570,1,-0.149901,0.129837,1.67282,-0.31561,-0.183046,1.90306,0.587035,0.78896,-0.181471,-0.613862,0.287661,-0.735136,-0.52779,0.542949,0.65318,68.6295,-37.8693,41.958,0.794965,0.401931,0.10891,-0.441159
577,1,-0.151594,0.131065,1.6763,-0.31561,-0.183046,1.90306,0.573173,0.751996,-0.325538,-0.702075,0.245802,-0.668335,-0.422568,0.611624,0.668844,69.8074,-44.5937,36.3992,0.788641,0.405748,0.0307584,-0.460942
585,0,-0.15224,0.128069,1.67117,-0.31561,-0.183046,1.90306,0.55126,0.758201,-0.348201,-0.756408,0.278057,-0.592057,-0.352078,0.58976,0.726791,64.8431,-49.1486,32.5655,0.799392,0.369599,0.00121233,-0.473675
592,0,-0.153019,0.132229,1.67173,-0.31561,-0.183046,1.90306,0.53994,0.768656,-0.342975,-0.78239,0.308081,-0.54125,-0.310371,0.560583,0.767735,60.3513,-51.4799,29.8913,0.808665,0.340633,-0.0100797,-0.479508
600,0,-0.148712,0.136836,1.67997,-0.31561,-0.183046,1.90306,0.442558,0.780198,-0.442079,-0.844991,0.197777,-0.496864,-0.300219,0.593444,0.746788,68.2949,-57.671,34.1519,0.772516,0.352843,-0.0459083,-0.52594
606,0,-0.148917,0.137898,1.68799,-0.31561,-0.183046,1.90306,0.365072,0.769472,-0.524057,-0.884798,0.111681,-0.452393,-0.289577,0.628841,0.721599,76.1328,-62.2267,38.4216,0.741342,0.36462,-0.0790728,-0.557863
614,0,-0.14752,0.136584,1.69101,-0.31561,-0.183046,1.90306,0.292554,0.762517,-0.577044,-0.916843,0.0522233,-0.395818,-0.271683,0.644857,0.714386,82.4839,-66.4688,42.8816,0.717489,0.36261,-0.106399,-0.585152
620,0,-0.147527,0.135593,1.68946,-0.31561,-0.183046,1.90306,0.258623,0.753484,-0.604463,-0.934064,0.0355473,-0.355333,-0.246251,0.656504,0.712996,84.2872,-69.0774,43.5963,0.708372,0.357099,-0.126421,-0.595572
627,0,-0.145914,0.134661,1.68647,-0.31561,-0.183046,1.90306,0.227778,0.756341,-0.613242,-0.940374,0.00748075,-0.34006,-0.252614,0.654135,0.712947,88.7398,-70.1145,47.9594,0.697891,0.356143,-0.129185,-0.607801
633,0,-0.154921,0.127604,1.69252,-0.31561,-0.183046,1.90306,0.208229,0.857623,-0.470237,-0.93755,0.0380529,-0.345763,-0.27864,0.512868,0.811989,83.7196,-69.6441,53.2291,0.717334,0.299244,-0.0667739,-0.625641
640,0,-0.165246,0.120316,1.69546,-0.31561,-0.183046,1.90306,0.213513,0.87924,-0.425851,-0.928759,0.0474793,-0.367631,-0.303016,0.474007,0.82674,82.641,-68.2422,54.8306,0.722449,0.291245,-0.0425065,-0.625649
647,0,-0.166724,0.119373,1.69976,-0.31561,-0.183046,1.90306,0.221712,0.883957,-0.41166,-0.923814,0.0552887,-0.378828,-0.312107,0.464288,0.82887,81.6965,-67.4902,54.6111,0.725581,0.290497,-0.0343012,-0.62287
655,0,-0.166335,0.122034,1.7041,-0.31561,-0.183046,1.90306,0.220907,0.891723,-0.395007,-0.91859,0.0541456,-0.391486,-0.327709,0.449331,0.831089,82.1255,-66.7208,56.0164,0.725627,0.289686,-0.0231859,-0.623706
662,0,-0.158631,0.128917,1.70584,-0.31561,-0.183046,1.90306,0.248625,0.876336,-0.412579,-0.91409,0.0714047,-0.399175,-0.320351,0.476379,0.818803,79.8582,-66.0768,52.1849,0.731237,0.29934,-0.0315313,-0.612122
669,0,-0.152458,0.135005,1.70781,-0.31561,-0.183046,1.90306,0.270772,0.857972,-0.43654,-0.913644,0.0862086,-0.39727,-0.303213,0.506412,0.807223,77.7565,-66.0138,48.2349,0.735562,0.30714,-0.0453149,-0.60213
677,0,-0.149164,0.138932,1.70921,-0.31561,-0.183046,1.90306,0.277377,0.845007,-0.457194,-0.915259,0.0876916,-0.393206,-0.29217,0.527517,0.797723,77.4278,-66.2425,46.4878,0.735322,0.313034,-0.056106,-0.598468
683,0,-0.153273,0.133308,1.71216,-0.31561,-0.183046,1.90306,0.243017,0.844012,-0.478107,-0.937012,0.0767658,-0.340757,-0.250901,0.530802,0.809505,77.3043,-69.5557,45.9145,0.729604,0.298641,-0.0778527,-0.610271
691,0,-0.150298,0.134841,1.7132,-0.31561,-0.183046,1.90306,0.24076,0.840888,-0.484708,-0.935282,0.0675378,-0.347399,-0.259387,0.536979,0.802728,78.9984,-69.2738,47.1329,0.726468,0.304342,-0.0775399,-0.611234
697,0,-0.149649,0.135153,1.71235,-0.31561,-0.183046,1.90306,0.196595,0.838075,-0.508901,-0.948419,0.0308935,-0.315511,-0.2487,0.54468,0.80092,84.4077,-71.5172,51.6739,0.712111,0.301986,-0.0913487,-0.627182
704,0,-0.157547,0.129686,1.71792,-0.31561,-0.183046,1.90306,0.187915,0.872266,-0.451486,-0.965404,0.079425,-0.248367,-0.180783,0.482538,0.857015,72.2663,-74.885,43.8918,0.728758,0.250737,-0.0928644,-0.630412
711,0,-0.155729,0.132212,1.71433,-0.31561,-0.183046,1.90306,0.188106,0.884561,-0.426812,-0.972592,0.107289,-0.206288,-0.136682,0.453918,0.880498,62.5214,-76.5545,36.0031,0.737545,0.223785,-0.0983432,-0.629504
718,0,-0.153123,0.135973,1.71296,-0.31561,-0.183046,1.90306,0.171488,0.885267,-0.432312,-0.980026,0.108436,-0.166704,-0.1007,0.452265,0.886181,56.9573,-78.5292,30.4219,0.735885,0.210281,-0.112658,-0.633691
724,0,-0.151207,0.138155,1.71365,-0.31561,-0.183046,1.90306,0.162038,0.880303,-0.445882,-0.981025,0.0949582,-0.169038,-0.106464,0.464812,0.878985,60.6746,-78.8205,33.3062,0.73075,0.216849,-0.11612,-0.636787
731,0,-0.135184,0.149532,1.70558,-0.31561,-0.183046,1.90306,0.134853,0.931794,-0.337008,-0.989296,0.107479,-0.0986951,-0.0557422,0.34671,0.936315,42.5604,-81.6095,22.4581,0.738012,0.15088,-0.0952781,-0.650765
737,0,-0.121795,0.14705,1.68877,-0.31561,-0.183046,1.90306,0.100162,0.937881,-0.332186,-0.994953,0.0924009,-0.0391217,-0.00599722,0.334428,0.942402,22.9473,-84.2412,3.4265,0.730576,0.127827,-0.11162,-0.661407
745,0,-0.131844,0.145051,1.68397,-0.31561,-0.183046,1.90306,0.171483,0.909477,-0.378742,-0.983353,0.181455,-0.00950322,0.0600818,0.374067,0.925454,2.99797,-79.531,-19.3087,0.754717,0.127058,-0.14536,-0.627
752,0,-0.132648,0.138699,1.68346,-0.31561,-0.183046,1.90306,0.235258,0.914755,-0.328447,-0.967049,0.25414,0.0151327,0.0973142,0.314064,0.944401,-3.40763,-75.2507,-22.4724,0.780032,0.0958074,-0.136456,-0.603118
760,0,-0.123543,0.143755,1.68691,-0.31561,-0.183046,1.90306,0.171496,0.968343,-0.181388,-0.981355,0.184128,0.0551321,0.0867853,0.168551,0.981865,-16.6689,-78.9185,-26.8416,0.764442,0.037092,-0.0877021,-0.637621
767,0,-0.1225,0.147342,1.6766,-0.31561,-0.183046,1.90306,0.17134,0.982631,-0.0712611,-0.982041,0.17614,0.0676033,0.078981,0.0583982,0.995164,-20.997,-79.125,-24.7478,0.765285,-0.00300707,-0.0490805,-0.641811
775,0,-0.120619,0.147508,1.67479,-0.31561,-0.183046,1.90306,0.177717,0.98326,-0.0401935,-0.980869,0.180287,0.0734386,0.0794556,0.0263732,0.996489,-22.1632,-78.7745,-24.089,0.767218,-0.0153364,-0.038988,-0.640017
783,0,-0.121056,0.14712,1.67815,-0.31561,-0.183046,1.90306,0.156388,0.987193,-0.0315202,-0.985039,0.158227,0.0682818,0.0723946,0.0203702,0.997168,-23.3423,-80.0766,-24.8402,0.760227,-0.0157557,-0.0341723,-0.648566
790,0,-0.121095,0.146726,1.68442,-0.31561,-0.183046,1.90306,0.126534,0.991696,-0.022973,-0.98989,0.127732,0.0616641,0.0640865,0.0149381,0.997833,-25.7694,-81.8458,-26.8611,0.75035,-0.0155681,-0.0290063,-0.660221
799,0,-0.121505,0.146984,1.69061,-0.31561,-0.183046,1.90306,0.0990476,0.994591,-0.0312646,-0.992773,0.100908,0.0649595,0.067763,0.0246046,0.997398,-32.7713,-83.1074,-34.3778,0.741174,-0.0136118,-0.0334023,-0.670344
806,0,-0.122911,0.146898,1.68951,-0.31561,-0.183046,1.90306,0.104071,0.992672,-0.0614139,-0.991411,0.108461,0.0730851,0.0792105,0.0532803,0.995433,-33.9737,-82.485,-37.2754,0.742961,-0.00666414,-0.0473189,-0.667627
813,0,-0.124942,0.147608,1.69212,-0.31561,-0.183046,1.90306,0.114375,0.988916,-0.0946799,-0.990236,0.121132,0.0689872,0.0796913,0.085865,0.993115,-29.6623,-81.9869,-34.8671,0.746428,0.00565285,-0.0584019,-0.662874
821,1,-0.126053,0.1484,1.69763,-0.31561,-0.183046,1.90306,0.0941803,0.990103,-0.104052,-0.990984,0.103239,0.0854013,0.0952983,0.095071,0.990898,-39.5982,-82.3001,-45.3381,0.739648,0.00326833,-0.0673802,-0.669604
828,1,-0.125832,0.148401,1.70115,-0.31561,-0.183046,1.90306,0.0789744,0.991395,-0.104398,-0.992023,0.0884792,0.0897846,0.098249,0.0964745,0.990475,-45.4196,-82.7583,-51.207,0.734494,0.00227704,-0.068975,-0.675096
835,1,-0.12605,0.148977,1.7063,-0.31561,-0.183046,1.90306,0.08538,0.991684,-0.0962923,-0.991724,0.0938869,0.0875759,0.0958882,0.0880181,0.991493,-43.0081,-82.6234,-48.3178,0.736675,0.0001501,-0.0652189,-0.673095
842,1,-0.126385,0.149847,1.71368,-0.31561,-0.183046,1.90306,0.0905266,0.99191,-0.0889873,-0.991069,0.0985125,0.0898708,0.0979102,0.0800569,0.99197,-42.3735,-82.3369,-47.2439,0.738412,-0.00332266,-0.0632768,-0.671366
850,1,-0.12635,0.150486,1.72291,-0.31561,-0.183046,1.90306,0.0991782,0.991564,-0.0834542,-0.990372,0.106502,0.0884296,0.0965716,0.0738804,0.99258,-39.7032,-82.0431,-44.2371,0.741327,-0.00490645,-0.0607107,-0.668375
857,0,-0.127906,0.151328,1.73059,-0.31561,-0.183046,1.90306,0.107463,0.989854,-0.0929598,-0.989449,0.115619,0.0873084,0.0971705,0.0825966,0.991835,-37.0579,-81.6696,-42.1205,0.74413,-0.00158302,-0.0638767,-0.664972
864,0,-0.128636,0.151975,1.73828,-0.31561,-0.183046,1.90306,0.0964408,0.990487,-0.09816,-0.990193,0.10549,0.0915965,0.10108,0.0883637,0.990946,-40.9677,-81.9691,-46.3454,0.740418,-0.00109153,-0.0672728,-0.66877
872,0,-0.12946,0.1531,1.75226,-0.31561,-0.183046,1.90306,0.0928637,0.991442,-0.091756,-0.990896,0.101046,0.0889683,0.0974785,0.0826587,0.991799,-41.3629,-82.2627,-46.3888,0.739207,-0.0021339,-0.0639992,-0.670427
879,0,-0.130243,0.154085,1.76101,-0.31561,-0.183046,1.90306,0.0945315,0.991937,-0.0844033,-0.990712,0.102061,0.0898563,0.0977461,0.0751251,0.992372,-41.3614,-82.1847,-45.9578,0.739757,-0.00497838,-0.0615571,-0.670034
886,0,-0.130362,0.154337,1.76803,-0.31561,-0.183046,1.90306,0.093053,0.992031,-0.0849492,-0.990779,0.100698,0.0906516,0.0984834,0.0757304,0.992253,-41.9945,-82.213,-46.624,0.739257,-0.00504601,-0.0620327,-0.670541
893,0,-0.123779,0.148239,1.79845,-0.31561,-0.183046,1.90306,0.143213,0.983693,-0.108806,-0.986692,0.150467,0.0616319,0.0769986,0.0985316,0.992151,-22.2742,-80.6421,-28.2647,0.755948,0.0122031,-0.0614476,-0.651627
901,0,-0.126697,0.158922,1.80307,-0.31561,-0.183046,1.90306,0.157357,0.983827,-0.085579,-0.985011,0.162563,0.0576728,0.0706521,0.075221,0.994661,-19.5332,-80.0673,-24.1797,0.760687,0.00576722,-0.0513454,-0.647059
909,1,-0.131873,0.158565,1.81189,-0.31561,-0.183046,1.90306,0.154015,0.985749,-0.0676658,-0.986421,0.157351,0.0470658,0.0570423,0.0594981,0.996597,-16.6526,-80.547,-20.323,0.759599,0.00409174,-0.0410441,-0.649082
916,1,-0.127847,0.165828,1.81621,-0.31561,-0.183046,1.90306,0.141197,0.987734,-0.0666662,-0.987347,0.145411,0.0632594,0.0721774,0.0568907,0.995768,-23.5109,-80.8758,-27.0754,0.755377,-0.00210779,-0.0459518,-0.653674
923,0,-0.122043,0.177661,1.81326,-0.31561,-0.183046,1.90306,0.155136,0.981584,-0.11147,-0.984576,0.162866,0.0639103,0.080888,0.0998363,0.991711,-21.4255,-79.9238,-27.5376,0.759887,0.0118195,-0.0632852,-0.646859
931,0,-0.118986,0.191322,1.80495,-0.31561,-0.183046,1.90306,0.158498,0.97784,-0.136775,-0.985486,0.165201,0.039056,0.0607859,0.1286,0.989832,-13.3014,-80.2264,-20.9824,0.760515,0.0294352,-0.0649432,-0.645394
937,0,-0.113506,0.199968,1.79384,-0.31561,-0.183046,1.90306,0.163085,0.974329,-0.155197,-0.9854,0.168652,0.0233175,0.0488933,0.149129,0.987608,-7.87172,-80.1973,-16.6889,0.76147,0.0413054,-0.0670055,-0.643403
945,0,-0.110319,0.200213,1.79101,-0.31561,-0.183046,1.90306,0.166038,0.958504,-0.231734,-0.985392,0.170295,-0.00165576,0.0378761,0.228624,0.972778,0.557061,-80.1945,-12.8503,0.759788,0.075771,-0.0887123,-0.639618
951,0,-0.114754,0.198988,1.78833,-0.31561,-0.183046,1.90306,0.187575,0.934187,-0.303498,-0.982248,0.177783,-0.0598454,-0.00195009,0.309335,0.950951,18.6043,-79.1881,0.595643,0.760971,0.121286,-0.0990666,-0.629602
959,0,-0.113802,0.196393,1.7879,-0.31561,-0.183046,1.90306,0.237734,0.922086,-0.305351,-0.967453,0.19672,-0.159174,-0.0867032,0.333254,0.938842,38.9777,-75.3418,20.0372,0.770275,0.159822,-0.0709643,-0.613267
966,0,-0.112931,0.19565,1.78918,-0.31561,-0.183046,1.90306,0.277852,0.912011,-0.30172,-0.947095,0.207548,-0.244817,-0.160655,0.353781,0.921428,49.7099,-71.2794,30.0366,0.775698,0.192923,-0.0454642,-0.599172
974,0,-0.115288,0.194931,1.78952,-0.31561,-0.183046,1.90306,0.330716,0.880964,-0.338423,-0.925477,0.232562,-0.299009,-0.184712,0.41209,0.892224,52.1251,-67.7404,29.1843,0.783502,0.226898,-0.0490459,-0.5764
982,0,-0.11661,0.196577,1.78956,-0.31561,-0.183046,1.90306,0.386493,0.844507,-0.370717,-0.894672,0.245666,-0.373109,-0.22402,0.475874,0.850505,56.6379,-63.4663,30.0975,0.787824,0.269408,-0.0465514,-0.551893
989,0,-0.11779,0.19565,1.79066,-0.31561,-0.183046,1.90306,0.422193,0.822823,-0.380416,-0.875421,0.261126,-0.406756,-0.235351,0.504754,0.830562,57.3006,-61.0949,29.1375,0.792761,0.287448,-0.0457466,-0.535547
996,0,-0.116711,0.19558,1.78987,-0.31561,-0.183046,1.90306,0.441776,0.814874,-0.375252,-0.863273,0.272312,-0.424977,-0.244116,0.51169,0.82376,57.3495,-59.6861,28.9241,0.796531,0.293983,-0.0411584,-0.526705
1005,0,-0.115083,0.195062,1.7883,-0.31561,-0.183046,1.90306,0.452444,0.829664,-0.327034,-0.840721,0.274499,-0.466732,-0.29746,0.486115,0.821711,59.539,-57.2163,33.323,0.798225,0.298427,-0.0092625,-0.523156
1012,0,-0.115794,0.194779,1.7899,-0.31561,-0.183046,1.90306,0.41686,0.845404,-0.333945,-0.868608,0.262228,-0.420425,-0.267859,0.465326,0.843637,58.0473,-60.2973,32.7233,0.794154,0.278834,-0.020804,-0.539571
1019,0,-0.112962,0.194798,1.78851,-0.31561,-0.183046,1.90306,0.4293,0.852158,-0.299211,-0.843915,0.260471,-0.469002,-0.321729,0.453851,0.830969,60.9534,-57.5558,36.8488,0.793842,0.290629,0.00709139,-0.534134
1026,0,-0.113443,0.194933,1.78899,-0.31561,-0.183046,1.90306,0.426918,0.853551,-0.298651,-0.846018,0.260359,-0.46526,-0.319367,0.451292,0.833271,60.7687,-57.7811,36.7993,0.793812,0.288656,0.00652418,-0.535256
1034,0,-0.114763,0.193191,1.78827,-0.31561,-0.183046,1.90306,0.436322,0.850493,-0.293743,-0.8487,0.28056,-0.448324,-0.298884,0.444914,0.844228,57.9617,-58.0705,34.4114,0.800174,0.279076,0.00160599,-0.530882
1041,0,-0.113514,0.193045,1.78859,-0.31561,-0.183046,1.90306,0.428119,0.856705,-0.287698,-0.847145,0.269568,-0.457907,-0.314737,0.439761,0.84116,59.5149,-57.9025,36.3219,0.796688,0.281687,0.00848486,-0.534667
1048,0,-0.112958,0.194048,1.78943,-0.31561,-0.183046,1.90306,0.430689,0.852977,-0.294851,-0.845208,0.266666,-0.463156,-0.316435,0.448686,0.835793,60.0685,-57.6942,36.3054,0.795793,0.286457,0.00678074,-0.533488
1055,0,-0.112734,0.194539,1.78875,-0.31561,-0.183046,1.90306,0.413911,0.863498,-0.288181,-0.857834,0.264049,-0.440907,-0.304629,0.429708,0.850031,59.0836,-59.0743,36.3522,0.794983,0.273784,0.00517233,-0.541311
1062,0,-0.113439,0.19481,1.78874,-0.31561,-0.183046,1.90306,0.412098,0.865306,-0.285343,-0.861425,0.267981,-0.431431,-0.296853,0.423594,0.855831,58.1537,-59.477,35.7669,0.796227,0.268461,0.00361394,-0.54216
1070,0,-0.112909,0.194017,1.78892,-0.31561,-0.183046,1.90306,0.392944,0.87142,-0.293637,-0.858066,0.232654,-0.457816,-0.330634,0.431856,0.839155,63.0611,-59.1001,40.0782,0.784977,0.283343,0.0117827,-0.550808
1077,0,-0.112893,0.193738,1.78798,-0.31561,-0.183046,1.90306,0.390524,0.87026,-0.300232,-0.853022,0.219436,-0.473499,-0.346185,0.441017,0.828046,65.1353,-58.5419,41.5558,0.780706,0.292849,0.0147153,-0.551835
1084,0,-0.113794,0.19243,1.78701,-0.31561,-0.183046,1.90306,0.403836,0.864331,-0.299746,-0.8635,0.251925,-0.436924,-0.302133,0.435276,0.848086,60.0328,-59.7118,36.8023,0.791177,0.275602,0.000754339,-0.545968
1093,0,-0.113064,0.193955,1.78727,-0.31561,-0.183046,1.90306,0.421008,0.854207,-0.305094,-0.859291,0.267887,-0.435724,-0.290468,0.445608,0.846795,58.4164,-59.2371,34.6032,0.796192,0.276733,-0.0045925,-0.538029
1099,0,-0.112952,0.194076,1.78838,-0.31561,-0.183046,1.90306,0.432721,0.856334,-0.28186,-0.855377,0.291235,-0.428384,-0.284752,0.426467,0.858511,55.7904,-58.8014,33.347,0.803503,0.265977,0.000899783,-0.532578
1106,0,-0.112944,0.194254,1.78933,-0.31561,-0.183046,1.90306,0.438506,0.84762,-0.298752,-0.845561,0.276466,-0.45672,-0.30453,0.452888,0.837947,58.8122,-57.7321,34.7789,0.798893,0.284646,0.00180816,-0.529852
1113,0,-0.114362,0.193494,1.78976,-0.31561,-0.183046,1.90306,0.427659,0.848304,-0.31223,-0.861769,0.278344,-0.424121,-0.272877,0.450449,0.850079,56.7238,-59.5158,32.5407,0.799388,0.273513,-0.0123072,-0.534807
1121,0,-0.113467,0.194423,1.78879,-0.31561,-0.183046,1.90306,0.41995,0.851475,-0.314058,-0.866095,0.272617,-0.418999,-0.27115,0.447963,0.851943,56.9504,-60.0079,32.8491,0.797576,0.271749,-0.0134497,-0.538372
1128,0,-0.11312,0.194516,1.78821,-0.31561,-0.183046,1.90306,0.423179,0.85688,-0.294408,-0.860329,0.27811,-0.427187,-0.28417,0.434064,0.854889,56.9348,-59.3536,33.8818,0.799403,0.269342,-0.0032017,-0.537029
1136,0,-0.112911,0.194837,1.78748,-0.31561,-0.183046,1.90306,0.430927,0.851991,-0.297343,-0.866884,0.299338,-0.398634,-0.250627,0.429544,0.86757,53.0968,-60.0985,30.1822,0.80589,0.256914,-0.014492,-0.533223
1142,0,-0.113123,0.193311,1.79007,-0.31561,-0.183046,1.90306,0.384439,0.86825,-0.313606,-0.863869,0.218583,-0.453819,-0.325479,0.44538,0.834086,64.2821,-59.7538,40.2524,0.780562,0.287997,0.00380288,-0.554767
1151,0,-0.113157,0.192444,1.78794,-0.31561,-0.183046,1.90306,0.355779,0.882187,-0.308491,-0.869748,0.191753,-0.454718,-0.341993,0.430089,0.835502,67.1351,-60.4294,43.8681,0.771854,0.286585,0.010851,-0.567444
1158,0,-0.112651,0.193679,1.7878,-0.31561,-0.183046,1.90306,0.35149,0.88779,-0.297125,-0.874559,0.198123,-0.4426,-0.334068,0.415423,0.846063,65.8851,-60.9928,43.5442,0.773899,0.277175,0.0119341,-0.569309
1165,0,-0.112236,0.193571,1.78719,-0.31561,-0.183046,1.90306,0.345311,0.893233,-0.287917,-0.874053,0.194377,-0.445252,-0.341749,0.405405,0.847853,66.416,-60.9331,44.703,0.772583,0.275264,0.0174195,-0.571875
1172,0,-0.112738,0.193736,1.78844,-0.31561,-0.183046,1.90306,0.359849,0.886413,-0.291172,-0.869195,0.205059,-0.449946,-0.339131,0.414998,0.844256,65.4993,-60.3652,43.3022,0.776074,0.278628,0.0154492,-0.565541
1180,0,-0.112866,0.194418,1.78819,-0.31561,-0.183046,1.90306,0.38391,0.875537,-0.293341,-0.860033,0.223421,-0.458723,-0.33609,0.428391,0.838764,64.0316,-59.3203,41.2002,0.782,0.283604,0.0136667,-0.55485
1188,0,-0.112593,0.193394,1.78767,-0.31561,-0.183046,1.90306,0.363914,0.884461,-0.292055,-0.862302,0.201371,-0.464635,-0.35214,0.420926,0.835953,66.5683,-59.576,44.058,0.774796,0.28574,0.0193875,-0.56362
1196,0,-0.112595,0.192923,1.78759,-0.31561,-0.183046,1.90306,0.347863,0.88935,-0.296729,-0.862285,0.179249,-0.47364,-0.368043,0.420627,0.829227,69.2709,-59.5741,46.6146,0.767519,0.291285,0.0232286,-0.570551
1203,0,-0.112309,0.19286,1.78727,-0.31561,-0.183046,1.90306,0.35279,0.887528,-0.296367,-0.862929,0.186137,-0.469793,-0.36179,0.421482,0.831541,68.3861,-59.6471,45.7216,0.769816,0.289444,0.0212463,-0.568466
1211,0,-0.112434,0.192883,1.78666,-0.31561,-0.183046,1.90306,0.351222,0.886917,-0.300035,-0.861988,0.18119,-0.473441,-0.365539,0.42491,0.82815,69.0577,-59.5406,46.1443,0.768206,0.292353,0.0213173,-0.569152
1219,0,-0.112815,0.193321,1.7867,-0.31561,-0.183046,1.90306,0.366678,0.881908,-0.296288,-0.864466,0.205261,-0.458876,-0.34387,0.42439,0.837644,65.9004,-59.8218,43.1615,0.776141,0.284505,0.0153264,-0.562518
1226,0,-0.113104,0.19344,1.7876,-0.31561,-0.183046,1.90306,0.3966,0.867405,-0.300527,-0.859019,0.235227,-0.454702,-0.323719,0.438494,0.838409,62.6465,-59.2067,39.2225,0.785849,0.28415,0.00737789,-0.549223
1233,0,-0.113893,0.193386,1.78789,-0.31561,-0.183046,1.90306,0.422289,0.855595,-0.299381,-0.854081,0.264916,-0.447621,-0.303672,0.444721,0.842619,59.3817,-58.6584,35.7202,0.795271,0.280515,0.00134895,-0.537451
1241,0,-0.112784,0.194957,1.78784,-0.31561,-0.183046,1.90306,0.421719,0.863378,-0.277004,-0.84121,0.258525,-0.4749,-0.338406,0.433293,0.835308,61.4371,-57.2681,38.7451,0.793025,0.286307,0.019357,-0.537369
1248,0,-0.112934,0.194329,1.7873,-0.31561,-0.183046,1.90306,0.408992,0.864551,-0.292022,-0.851061,0.245911,-0.463921,-0.329272,0.438269,0.836362,62.0733,-58.3273,38.8369,0.789187,0.285797,0.0118001,-0.543475
1256,0,-0.113002,0.194075,1.78787,-0.31561,-0.183046,1.90306,0.393637,0.868843,-0.300271,-0.852936,0.223373,-0.471811,-0.342857,0.441834,0.828995,64.6654,-58.5324,41.0558,0.781985,0.292091,0.0136148,-0.550451
1264,0,-0.113202,0.194201,1.78758,-0.31561,-0.183046,1.90306,0.397615,0.868795,-0.295122,-0.853994,0.232782,-0.465303,-0.335554,0.437044,0.834504,63.4221,-58.6488,40.1616,0.785,0.287371,0.0128764,-0.548659
1272,0,-0.113011,0.194133,1.78745,-0.31561,-0.183046,1.90306,0.406134,0.867088,-0.288466,-0.850496,0.243207,-0.466376,-0.334232,0.434751,0.83623,62.4587,-58.2657,39.453,0.788285,0.285787,0.0145144,-0.544722
1280,0,-0.113116,0.193899,1.78755,-0.31561,-0.183046,1.90306,0.420465,0.85863,-0.293196,-0.841618,0.248376,-0.479572,-0.338952,0.448402,0.827072,62.6198,-57.3114,38.8735,0.789923,0.293691,0.0144811,-0.538106
1288,0,-0.113348,0.194235,1.78734,-0.31561,-0.183046,1.90306,0.412195,0.862838,-0.292587,-0.844513,0.241325,-0.47808,-0.341897,0.444155,0.82815,63.2163,-57.6198,39.6742,0.787666,0.292711,0.0156508,-0.541902
1295,0,-0.11327,0.193636,1.7883,-0.31561,-0.183046,1.90306,0.394441,0.868989,-0.298789,-0.851737,0.223695,-0.473819,-0.344905,0.441383,0.828385,64.7275,-58.4011,41.1669,0.782068,0.292558,0.0147417,-0.550056
1304,0,-0.113188,0.193934,1.78803,-0.31561,-0.183046,1.90306,0.395802,0.866273,-0.304813,-0.851835,0.222318,-0.47429,-0.343099,0.447376,0.825916,64.8857,-58.4119,40.9202,0.781671,0.294774,0.012245,-0.549499
1311,0,-0.11388,0.192897,1.78877,-0.31561,-0.183046,1.90306,0.380828,0.878431,-0.288667,-0.873708,0.239673,-0.42331,-0.302663,0.413419,0.858767,60.4819,-60.8924,38.4759,0.787284,0.265701,0.00444412,-0.556387
1317,0,-0.113172,0.192963,1.78853,-0.31561,-0.183046,1.90306,0.368411,0.8836,-0.289005,-0.878789,0.229568,-0.418364,-0.30332,0.408105,0.861073,61.2452,-61.4966,39.4653,0.784068,0.263519,0.0045643,-0.561937
1325,0,-0.112679,0.192829,1.78841,-0.31561,-0.183046,1.90306,0.370584,0.878127,-0.302591,-0.885525,0.235757,-0.400331,-0.280203,0.416308,0.864971,59.5059,-62.3162,37.0934,0.78602,0.259738,-0.00712055,-0.560943
1333,0,-0.113761,0.194706,1.78843,-0.31561,-0.183046,1.90306,0.396227,0.863748,-0.311358,-0.874372,0.251507,-0.414991,-0.280139,0.436674,0.854891,58.7819,-60.9708,35.2609,0.790984,0.269179,-0.0098674,-0.549353
1340,0,-0.112572,0.194082,1.78746,-0.31561,-0.183046,1.90306,0.397627,0.866318,-0.302301,-0.857015,0.232974,-0.459617,-0.327747,0.441832,0.835085,63.1202,-58.9831,39.4973,0.785125,0.28704,0.00810259,-0.548745
1347,0,-0.112656,0.193637,1.78732,-0.31561,-0.183046,1.90306,0.371901,0.880647,-0.293512,-0.860896,0.208948,-0.463894,-0.347199,0.425206,0.835854,65.7521,-59.4174,43.0325,0.777288,0.285963,0.0172672,-0.560135
1354,0,-0.113086,0.193605,1.78753,-0.31561,-0.183046,1.90306,0.365612,0.881618,-0.29846,-0.861771,0.199477,-0.466433,-0.351679,0.427737,0.832684,66.8452,-59.516,43.8872,0.774237,0.288726,0.0171845,-0.562937
1362,0,-0.118637,0.189991,1.7845,-0.31561,-0.183046,1.90306,0.315146,0.894122,-0.318166,-0.880989,0.150954,-0.448409,-0.352904,0.421615,0.835284,71.3946,-61.7619,48.2349,0.758516,0.286752,0.0114493,-0.585061
1369,0,-0.114429,0.193677,1.78743,-0.31561,-0.183046,1.90306,0.266331,0.918374,-0.292671,-0.885207,0.112893,-0.451292,-0.381415,0.379267,0.843018,75.9554,-62.277,55.0745,0.745359,0.278577,0.0297654,-0.604937
1376,1,-0.1135,0.191919,1.78906,-0.31561,-0.183046,1.90306,0.231072,0.923308,-0.306769,-0.898104,0.0811563,-0.432229,-0.374184,0.375387,0.84798,79.3658,-63.91,58.3032,0.734882,0.274743,0.022934,-0.619627
1383,1,-0.111878,0.189813,1.78682,-0.31561,-0.183046,1.90306,0.201308,0.930955,-0.304626,-0.885773,0.0402411,-0.46237,-0.418188,0.362909,0.832716,85.026,-62.3468,64.2947,0.720115,0.286509,0.0394247,-0.630707
1391,1,-0.112322,0.190222,1.78559,-0.31561,-0.183046,1.90306,0.176201,0.938113,-0.298158,-0.867915,0.00515617,-0.496685,-0.464409,0.346292,0.815111,89.4052,-60.2173,69.2228,0.706482,0.298301,0.0588308,-0.639092
1398,1,-0.111259,0.189667,1.78623,-0.31561,-0.183046,1.90306,0.215546,0.930861,-0.295021,-0.859659,0.0375859,-0.509484,-0.46317,0.363435,0.808324,85.7808,-59.2783,65.0441,0.717889,0.303988,0.0585567,-0.623537
1405,1,-0.111546,0.189971,1.78653,-0.31561,-0.183046,1.90306,0.230584,0.932166,-0.2791,-0.857731,0.059272,-0.51067,-0.459486,0.357145,0.813216,83.3795,-59.0628,63.3511,0.725099,0.299206,0.0621938,-0.617122
1412,1,-0.111309,0.191242,1.78734,-0.31561,-0.183046,1.90306,0.258086,0.921936,-0.288835,-0.877358,0.0984787,-0.469622,-0.404518,0.374614,0.834284,78.1568,-61.3253,57.4617,0.740076,0.285186,0.0390781,-0.607807
1421,1,-0.109953,0.19252,1.78657,-0.31561,-0.183046,1.90306,0.246108,0.933351,-0.261316,-0.88521,0.10664,-0.452804,-0.394758,0.342758,0.852457,76.7477,-62.2774,58.0589,0.742497,0.267867,0.0449302,-0.612313
1428,1,-0.0989232,0.193593,1.78689,-0.31561,-0.183046,1.90306,0.199261,0.970264,-0.137417,-0.905595,0.128743,-0.404133,-0.374424,0.204972,0.904319,72.3299,-64.9035,61.979,0.747048,0.203837,0.0793145,-0.627757
1435,1,-0.0968892,0.202577,1.78539,-0.31561,-0.183046,1.90306,0.20846,0.971473,-0.113068,-0.926477,0.159109,-0.341065,-0.313345,0.175853,0.933215,64.9906,-67.8921,56.3652,0.758417,0.170394,0.0660181,-0.625629
1443,1,-0.102707,0.204308,1.78655,-0.31561,-0.183046,1.90306,0.221128,0.973827,-0.0525667,-0.939395,0.19821,-0.279731,-0.261991,0.111237,0.958638,54.6797,-69.9502,49.8346,0.771034,0.126768,0.0679036,-0.620343
1451,1,-0.118692,0.20091,1.78411,-0.31561,-0.183046,1.90306,0.176652,0.976399,-0.124255,-0.960044,0.143088,-0.240501,-0.217045,0.161775,0.962663,59.2491,-73.7489,50.858,0.755381,0.133137,0.0307099,-0.640883
1459,0,-0.12002,0.193819,1.78257,-0.31561,-0.183046,1.90306,0.221799,0.965291,-0.137911,-0.94452,0.177547,-0.276331,-0.242254,0.191549,0.951116,57.2786,-70.825,47.5239,0.766561,0.152591,0.0340298,-0.62285
1467,0,-0.119746,0.19511,1.78416,-0.31561,-0.183046,1.90306,0.301833,0.934843,-0.186993,-0.915949,0.229948,-0.32888,-0.264453,0.270542,0.925674,55.0394,-66.3408,41.2235,0.783813,0.191188,0.0247062,-0.590316
1474,0,-0.119409,0.196115,1.78342,-0.31561,-0.183046,1.90306,0.309222,0.923058,-0.22879,-0.903703,0.210297,-0.372956,-0.296146,0.322084,0.899199,60.5828,-64.6492,43.7626,0.777612,0.223453,0.0216549,-0.587299
1482,0,-0.119058,0.197098,1.78284,-0.31561,-0.183046,1.90306,0.326524,0.915009,-0.236941,-0.890089,0.213332,-0.402779,-0.317999,0.342416,0.884097,62.092,-62.8844,44.2422,0.778453,0.239319,0.0260317,-0.579707
1489,0,-0.119244,0.196891,1.78363,-0.31561,-0.183046,1.90306,0.325924,0.915935,-0.234172,-0.883882,0.207332,-0.419245,-0.33545,0.343623,0.877153,63.6859,-62.1142,45.8252,0.776274,0.245682,0.0326165,-0.579633
1496,0,-0.118672,0.19707,1.78305,-0.31561,-0.183046,1.90306,0.294002,0.929208,-0.223909,-0.891787,0.182386,-0.414067,-0.343916,0.321415,0.882278,66.2278,-63.0987,49.474,0.767897,0.239447,0.0390703,-0.592851
1503,0,-0.118228,0.19597,1.78202,-0.31561,-0.183046,1.90306,0.263264,0.939146,-0.220675,-0.89685,0.153971,-0.414672,-0.35546,0.307081,0.882808,69.6296,-63.7471,53.4752,0.758295,0.237952,0.0444369,-0.605304
1511,0,-0.118164,0.19611,1.78295,-0.31561,-0.183046,1.90306,0.275609,0.938773,-0.206748,-0.885242,0.164038,-0.435245,-0.374682,0.30298,0.876251,69.3493,-62.2813,53.6626,0.760904,0.242549,0.0551758,-0.599292
1519,0,-0.11761,0.196609,1.78119,-0.31561,-0.183046,1.90306,0.302006,0.933824,-0.191741,-0.880905,0.19648,-0.430584,-0.364416,0.298944,0.881949,65.4723,-61.7517,50.3502,0.771433,0.23642,0.0559594,-0.588103
1527,0,-0.118448,0.196607,1.78258,-0.31561,-0.183046,1.90306,0.33004,0.922239,-0.201368,-0.875427,0.21923,-0.430773,-0.35313,0.318455,0.879708,63.0275,-61.0956,46.9357,0.779259,0.240366,0.0486879,-0.576723
1534,0,-0.118791,0.195718,1.78412,-0.31561,-0.183046,1.90306,0.303485,0.92456,-0.230402,-0.88176,0.180873,-0.435642,-0.361104,0.33537,0.870133,67.4524,-61.8554,49.9551,0.767217,0.251237,0.0425895,-0.588595
1543,0,-0.117921,0.195581,1.7834,-0.31561,-0.183046,1.90306,0.29084,0.929495,-0.226829,-0.879695,0.166561,-0.445415,-0.37623,0.329085,0.866114,69.4969,-61.6055,52.2946,0.762154,0.25405,0.0490063,-0.593446
1550,0,-0.118844,0.19583,1.78439,-0.31561,-0.183046,1.90306,0.304277,0.92597,-0.223595,-0.87857,0.182082,-0.441543,-0.368143,0.330795,0.868933,67.5899,-61.4704,50.4256,0.767348,0.251626,0.0470935,-0.587915
1557,0,-0.117625,0.195642,1.78367,-0.31561,-0.183046,1.90306,0.301088,0.93411,-0.191791,-0.868537,0.185595,-0.459563,-0.393687,0.304946,0.86719,68.0086,-60.2891,52.5916,0.767117,0.24915,0.065797,-0.587475
1565,0,-0.117696,0.196053,1.78235,-0.31561,-0.183046,1.90306,0.317721,0.928837,-0.190566,-0.867062,0.203271,-0.454846,-0.383742,0.309746,0.869942,65.9201,-60.1189,50.3768,0.773132,0.247239,0.0624654,-0.580722
1572,0,-0.118076,0.19707,1.78339,-0.31561,-0.183046,1.90306,0.327232,0.923162,-0.201722,-0.877535,0.2177,-0.427247,-0.350503,0.316827,0.881345,62.9993,-61.3464,46.9665,0.778826,0.238845,0.047758,-0.578017
1580,0,-0.118283,0.19673,1.78368,-0.31561,-0.183046,1.90306,0.325093,0.922747,-0.207009,-0.882683,0.217518,-0.416602,-0.33939,0.318158,0.885206,62.4299,-61.9677,46.2326,0.779073,0.23578,0.0424804,-0.579352
1587,0,-0.118655,0.196821,1.78301,-0.31561,-0.183046,1.90306,0.329249,0.91942,-0.215088,-0.884138,0.220214,-0.412074,-0.331504,0.325843,0.885399,61.8798,-62.1457,45.1955,0.780202,0.236451,0.037303,-0.577914
1594,0,-0.11766,0.196632,1.78235,-0.31561,-0.183046,1.90306,0.329256,0.924415,-0.192477,-0.878701,0.22535,-0.420835,-0.345652,0.307692,0.886482,61.8318,-61.486,46.3916,0.781199,0.233144,0.0490192,-0.577035
1603,0,-0.11777,0.19708,1.78261,-0.31561,-0.183046,1.90306,0.332405,0.923433,-0.191775,-0.874828,0.225913,-0.428532,-0.352396,0.310217,0.88294,62.2027,-61.0246,46.6721,0.781226,0.236407,0.0514001,-0.575461
1610,0,-0.11757,0.196662,1.78246,-0.31561,-0.183046,1.90306,0.332121,0.924081,-0.189127,-0.872832,0.225079,-0.433016,-0.357574,0.30889,0.881322,62.5349,-60.7895,47.1135,0.780788,0.23755,0.0539349,-0.575353
1619,0,-0.117853,0.196511,1.78207,-0.31561,-0.183046,1.90306,0.315435,0.93006,-0.188385,-0.881046,0.213291,-0.422215,-0.352504,0.299157,0.886705,63.1983,-61.7688,48.1765,0.777083,0.232077,0.0527998,-0.582662
1625,0,-0.117897,0.196662,1.78182,-0.31561,-0.183046,1.90306,0.324783,0.925563,-0.19455,-0.880592,0.220878,-0.41925,-0.34507,0.307485,0.886781,62.2179,-61.7139,46.7347,0.779814,0.232983,0.048255,-0.579033
1634,0,-0.1185,0.196561,1.78291,-0.31561,-0.183046,1.90306,0.281398,0.933856,-0.220744,-0.891567,0.16937,-0.420026,-0.354856,0.315002,0.880256,68.0389,-63.0708,51.5859,0.763385,0.240714,0.0439205,-0.597806
1641,0,-0.118745,0.195431,1.78217,-0.31561,-0.183046,1.90306,0.263075,0.938748,-0.222583,-0.896094,0.152265,-0.416931,-0.357502,0.309139,0.881264,69.9376,-63.6492,53.6517,0.757727,0.239555,0.0445145,-0.605377
1649,0,-0.118273,0.196673,1.78148,-0.31561,-0.183046,1.90306,0.291416,0.935625,-0.199206,-0.888695,0.187737,-0.418301,-0.353974,0.298933,0.886195,65.829,-62.7098,50.5364,0.768984,0.233176,0.0503155,-0.593094
1656,0,-0.118275,0.196707,1.78251,-0.31561,-0.183046,1.90306,0.314434,0.929491,-0.192816,-0.882585,0.211457,-0.419917,-0.349537,0.302213,0.886844,63.2716,-61.9557,48.0263,0.776649,0.23245,0.0504476,-0.583299
1663,0,-0.118953,0.196798,1.78202,-0.31561,-0.183046,1.90306,0.297754,0.931171,-0.210388,-0.891939,0.192802,-0.408989,-0.340276,0.309431,0.887955,64.7603,-63.1179,48.8129,0.771121,0.232914,0.04211,-0.591058
1671,0,-0.11885,0.19602,1.78214,-0.31561,-0.183046,1.90306,0.267951,0.937366,-0.222594,-0.901096,0.162076,-0.40219,-0.340922,0.308346,0.888085,68.0513,-64.3025,51.834,0.761267,0.23334,0.038859,-0.60375
1678,0,-0.118474,0.196472,1.78223,-0.31561,-0.183046,1.90306,0.295315,0.931359,-0.212977,-0.896186,0.192784,-0.399605,-0.331117,0.308877,0.891603,64.2457,-63.6612,48.271,0.771314,0.229635,0.0382918,-0.592348
1685,0,-0.118858,0.197385,1.7818,-0.31561,-0.183046,1.90306,0.319764,0.924683,-0.20667,-0.889068,0.217409,-0.402855,-0.327581,0.312562,0.891625,61.6455,-62.7563,45.6918,0.77923,0.229527,0.0387918,-0.581905
1693,0,-0.119404,0.197242,1.78343,-0.31561,-0.183046,1.90306,0.330383,0.920303,-0.209496,-0.883777,0.22372,-0.410959,-0.331338,0.320922,0.887256,61.4368,-62.1014,45.0827,0.781242,0.234204,0.0389898,-0.577311
1700,0,-0.118777,0.196781,1.78222,-0.31561,-0.183046,1.90306,0.324477,0.91995,-0.220017,-0.882695,0.210897,-0.419966,-0.339947,0.330477,0.880466,63.3353,-61.9692,46.3338,0.777149,0.241409,0.03858,-0.579891
1708,0,-0.118584,0.196817,1.78113,-0.31561,-0.183046,1.90306,0.304926,0.928876,-0.21026,-0.892395,0.20156,-0.403738,-0.332643,0.310745,0.890385,63.4701,-63.1758,47.4893,0.774092,0.230749,0.0395249,-0.588196
