-0.336725 -0.387639 1.45743 0.826831 0.562413 0.00653508 0.179372 -0.252655 -0.950785 -0.533083 0.78731 -0.309784 104.881 10.3332 32.8111 0.562226 0.772863 0.239947 -0.170324 0
-0.336785 -0.38711 1.45804 0.830043 0.557607 0.0101437 0.161061 -0.22226 -0.961592 -0.533936 0.799797 -0.274294 103.015 9.2685 32.7516 0.577384 0.762659 0.235579 -0.171699 1
-0.336778 -0.387043 1.45778 0.835707 0.548774 0.0209977 0.158603 -0.204572 -0.965917 -0.525775 0.810554 -0.258 101.958 9.12585 32.1755 0.585904 0.758004 0.233303 -0.166482 1
-0.336328 -0.390133 1.45843 0.890939 0.448446 0.0715789 0.165505 -0.173864 -0.970762 -0.42289 0.876737 -0.229122 100.154 9.52656 25.3916 0.609908 0.757286 0.202681 -0.115977 1
-0.336032 -0.390644 1.45698 0.912733 0.403603 0.0634336 0.142773 -0.16962 -0.975113 -0.382798 0.899074 -0.212441 99.8678 8.20836 22.7531 0.618602 0.757429 0.180339 -0.105411 1
-0.335314 -0.390683 1.45454 0.918483 0.391542 0.0555396 0.132471 -0.172294 -0.976097 -0.372614 0.903886 -0.210117 100.01 7.61242 22.0816 0.619692 0.758435 0.172729 -0.104516 1
-0.334659 -0.38941 1.45015 0.916876 0.394557 0.0605207 0.143681 -0.184759 -0.972224 -0.372416 0.900105 -0.226092 100.76 8.26092 22.106 0.613601 0.762845 0.176392 -0.102215 1
-0.3347 -0.389543 1.44936 0.91463 0.400374 0.0561459 0.149957 -0.206992 -0.966782 -0.375452 0.892668 -0.24936 102.085 8.62441 22.318 0.603796 0.7699 0.178702 -0.103684 1
-0.333318 -0.389036 1.4431 0.86505 0.500714 0.031214 0.177823 -0.247845 -0.95234 -0.469114 0.829372 -0.303437 104.588 10.243 28.4709 0.573098 0.777228 0.218256 -0.140853 1
-0.330215 -0.386943 1.43746 0.870651 0.491898 -0.00159935 0.165999 -0.296873 -0.940378 -0.463045 0.818476 -0.340127 107.521 9.55526 28.0057 0.555349 0.791778 0.207728 -0.146709 1
-0.339886 -0.384389 1.45607 0.77702 0.629329 -0.0135833 0.185745 -0.249847 -0.950303 -0.601447 0.735881 -0.311031 104.73 10.7046 37.7414 0.551394 0.764509 0.266535 -0.201119 1
-0.33256 -0.362889 1.44308 0.775487 0.631361 -0.00196076 0.150297 -0.187621 -0.970675 -0.613214 0.75245 -0.240389 100.94 8.64413 38.3351 0.580404 0.742209 0.263288 -0.207211 1
-0.334662 -0.387572 1.46154 0.72777 0.683145 0.060518 0.164796 -0.0885372 -0.982346 -0.665727 0.724895 -0.177014 95.1501 9.48537 42.4507 0.604611 0.705925 0.300294 -0.214332 1
-0.329061 -0.390904 1.46537 0.70588 0.705209 0.0664432 0.152573 -0.0597744 -0.986483 -0.691704 0.706476 -0.14979 93.4675 8.77609 44.4189 0.61162 0.691998 0.309893 -0.22589 1
-0.319828 -0.397004 1.46669 0.679691 0.731049 0.0598919 0.19447 -0.100872 -0.975708 -0.707249 0.674828 -0.210729 95.9025 11.2138 46.1383 0.584827 0.705566 0.327935 -0.229375 1
-0.30994 -0.398853 1.47058 0.660582 0.749692 0.0399229 0.201774 -0.126067 -0.971285 -0.723131 0.649669 -0.234546 97.3953 11.6407 47.5882 0.570081 0.710844 0.334625 -0.240281 1
-0.310121 -0.399867 1.47922 0.626108 0.779163 0.0298902 0.214346 -0.135131 -0.967365 -0.749696 0.612082 -0.251617 97.9522 12.3772 50.1331 0.556633 0.709376 0.350135 -0.253676 1
-0.299524 -0.399308 1.48423 0.656099 0.754021 0.0313984 0.183403 -0.118951 -0.975815 -0.73205 0.645989 -0.216333 96.95 10.568 48.1318 0.574634 0.705582 0.332146 -0.248253 1
-0.2956 -0.395301 1.47611 0.606439 0.788654 -0.10127 0.177579 -0.258482 -0.949554 -0.775046 0.557864 -0.296802 105.228 10.2288 51.9584 0.51263 0.73514 0.328588 -0.29801 1
-0.296372 -0.39582 1.47651 0.616583 0.773787 -0.145188 0.14202 -0.290708 -0.946213 -0.774375 0.562799 -0.289138 107.079 8.16473 51.472 0.509101 0.741018 0.308969 -0.310237 1
-0.296704 -0.396516 1.47528 0.620453 0.769183 -0.152954 0.12674 -0.290814 -0.948348 -0.773935 0.56902 -0.277923 107.048 7.28123 51.2813 0.512766 0.739796 0.30276 -0.313225 1
-0.296746 -0.397047 1.47462 0.635876 0.754415 -0.162849 0.0942556 -0.28533 -0.953783 -0.766014 0.591139 -0.252542 106.655 5.40848 50.3036 0.523928 0.737182 0.287809 -0.315004 1
-0.291636 -0.396351 1.47294 0.60962 0.761536 -0.220061 0.135134 -0.373388 -0.91778 -0.78109 0.529759 -0.330534 112.138 7.76639 52.0289 0.475841 0.760517 0.294757 -0.329102 1
-0.289105 -0.401245 1.47669 0.441247 0.84564 -0.300325 0.0577969 -0.360751 -0.930869 -0.895523 0.393385 -0.208056 111.183 3.31336 63.7694 0.467022 0.708882 0.318613 -0.421737 1
-0.281689 -0.405333 1.48122 0.504309 0.767704 -0.395351 -0.00359985 -0.455962 -0.889992 -0.863516 0.450254 -0.227182 117.127 -0.206257 59.7143 0.453091 0.739502 0.258317 -0.425579 1
-0.270486 -0.412555 1.4828 0.28877 0.856642 -0.427523 -0.084149 -0.422108 -0.902631 -0.953693 0.296628 -0.0498065 115.063 -4.82709 73.1542 0.4519 0.663454 0.291088 -0.520464 1
-0.262853 -0.4211 1.4832 0.208076 0.856557 -0.472245 -0.120172 -0.456767 -0.881432 -0.970702 0.240156 0.00789185 117.394 -6.90204 77.9014 0.435661 0.643613 0.286035 -0.560487 1
-0.262561 -0.425444 1.48527 0.103725 0.848859 -0.518342 -0.145325 -0.502626 -0.852202 -0.983932 0.163723 0.0712253 120.532 -8.35609 83.9821 0.409977 0.619501 0.283912 -0.606244 1
-0.263637 -0.424602 1.48643 0.037564 0.833743 -0.550874 -0.152571 -0.540015 -0.827711 -0.987578 0.11514 0.10692 123.121 -8.77596 87.8217 0.388738 0.606354 0.280847 -0.634305 1
-0.265033 -0.423746 1.48614 -0.0106568 0.822457 -0.568728 -0.140835 -0.564325 -0.813451 -0.989976 0.0714277 0.121844 124.751 -8.09614 90.6167 0.369751 0.598294 0.284819 -0.651311 1
-0.266771 -0.421971 1.4835 -0.0321987 0.807878 -0.588469 -0.135936 -0.586843 -0.798208 -0.990194 0.0542929 0.128715 126.323 -7.81274 91.8625 0.356957 0.597061 0.281354 -0.661014 1
-0.263922 -0.420039 1.47032 0.028521 0.835069 -0.549405 -0.166332 -0.538001 -0.826371 -0.985657 0.114952 0.123554 123.066 -9.57461 88.3426 0.391814 0.600618 0.278354 -0.638951 1
-0.260052 -0.417064 1.45781 0.101286 0.865897 -0.489861 -0.157268 -0.472266 -0.867313 -0.982348 0.164886 0.0883436 118.569 -9.04834 84.1133 0.423487 0.609346 0.290734 -0.604012 1
-0.256032 -0.418419 1.45567 0.1476 0.872295 -0.466171 -0.124228 -0.45125 -0.883709 -0.981214 0.188346 0.0417593 117.05 -7.13618 81.4454 0.429566 0.623917 0.299746 -0.579959 1
-0.243627 -0.419318 1.45136 0.109576 0.85832 -0.501278 -0.0977328 -0.492568 -0.864769 -0.989162 0.143749 0.0299123 119.666 -5.60863 83.6787 0.402157 0.626943 0.303292 -0.594328 1
-0.229952 -0.42247 1.45188 0.136443 0.854237 -0.50166 -0.077044 -0.495712 -0.865063 -0.987648 0.156681 -0.00182244 119.814 -4.41867 82.1344 0.399659 0.639136 0.304002 -0.582548 1
-0.201413 -0.418902 1.44583 0.164619 0.823831 -0.542405 -0.120923 -0.528903 -0.840024 -0.978917 0.203873 0.012553 122.196 -6.9454 80.4542 0.402576 0.648261 0.271074 -0.586693 1
-0.175807 -0.421361 1.44595 0.193217 0.801531 -0.565875 -0.133166 -0.549983 -0.824491 -0.972077 0.234662 0.000470841 123.706 -7.65261 78.758 0.401156 0.660062 0.253145 -0.582502 1
-0.155607 -0.42727 1.44955 0.21193 0.784145 -0.583269 -0.141526 -0.565909 -0.81223 -0.966983 0.254683 -0.00895593 124.866 -8.13617 77.6382 0.399082 0.668355 0.240373 -0.579876 1
-0.144682 -0.428217 1.44649 0.22044 0.789991 -0.572119 -0.139865 -0.554885 -0.820085 -0.965321 0.260799 -0.0118272 124.083 -8.04002 77.1365 0.404267 0.668422 0.243157 -0.575026 1
-0.140324 -0.426594 1.43916 0.201498 0.798614 -0.567111 -0.181568 -0.538498 -0.822833 -0.962513 0.268768 0.0364965 123.202 -10.4611 78.1761 0.41818 0.652591 0.236383 -0.585981 1
-0.142223 -0.426568 1.43215 0.228575 0.784227 -0.576838 -0.180288 -0.548176 -0.8167 -0.956687 0.290674 0.016087 123.87 -10.3865 76.5626 0.417279 0.66345 0.227575 -0.57786 1
-0.143322 -0.422853 1.4253 0.177738 0.796264 -0.57825 -0.190639 -0.548614 -0.814051 -0.965436 0.254925 0.0542894 123.977 -10.9901 79.5686 0.413344 0.646541 0.234179 -0.596902 1
-0.145338 -0.418688 1.42032 0.0967173 0.804162 -0.586488 -0.229086 -0.555445 -0.799375 -0.968589 0.21167 0.130501 124.793 -13.2433 84.2977 0.409809 0.616778 0.233097 -0.630323 1
-0.146011 -0.416517 1.41331 0.0442557 0.815604 -0.576915 -0.249337 -0.550189 -0.796946 -0.967405 0.179116 0.179011 124.62 -14.4383 87.3807 0.410207 0.59486 0.237984 -0.649027 1
-0.145445 -0.415339 1.40753 -0.0120662 0.840867 -0.541108 -0.258625 -0.525358 -0.810625 -0.965903 0.130163 0.223808 122.947 -14.9885 90.7157 0.414241 0.567777 0.256369 -0.663557 1
-0.134869 -0.418381 1.42303 -0.00642635 0.891281 -0.453405 -0.260378 -0.439266 -0.859796 -0.965485 0.112532 0.234893 117.062 -15.0925 90.3814 0.444185 0.547254 0.288213 -0.648187 1
-0.135816 -0.417183 1.41789 -0.0268508 0.87881 -0.476416 -0.277915 -0.464361 -0.840911 -0.96023 0.109824 0.256703 118.908 -16.1358 91.6017 0.437462 0.543325 0.27649 -0.661044 1
-0.138904 -0.408661 1.39511 -0.0558852 0.81907 -0.570966 -0.316448 -0.556907 -0.767929 -0.946962 0.137765 0.290316 125.95 -18.4483 93.3774 0.411559 0.55016 0.228398 -0.689766 1
-0.139506 -0.406262 1.38591 -0.062615 0.796412 -0.601504 -0.333105 -0.584804 -0.739625 -0.940808 0.154052 0.301907 128.333 -19.4574 93.8077 0.404502 0.552332 0.209705 -0.698091 1
-0.139003 -0.404589 1.37644 -0.0728858 0.783605 -0.616969 -0.350179 -0.599336 -0.719841 -0.933843 0.163583 0.318085 129.781 -20.4982 94.4628 0.401828 0.549628 0.197145 -0.705391 1
-0.138793 -0.40244 1.36758 -0.0848607 0.754872 -0.650359 -0.352511 -0.633245 -0.689012 -0.931952 0.170788 0.319838 132.585 -20.641 95.2028 0.387857 0.554199 0.181506 -0.713783 1
-0.13819 -0.397512 1.35008 -0.0918031 0.75428 -0.650103 -0.339717 -0.637416 -0.691587 -0.936037 0.157361 0.314758 132.666 -19.8596 95.6014 0.382603 0.554719 0.186834 -0.714839 1
-0.13802 -0.392136 1.33242 -0.149862 0.730692 -0.666056 -0.325154 -0.672616 -0.664728 -0.933711 0.116954 0.338387 135.338 -18.9749 99.1183 0.359134 0.544143 0.186319 -0.734994 1
-0.136384 -0.387189 1.31708 -0.202314 0.709584 -0.674952 -0.277459 -0.702496 -0.655374 -0.939194 0.05468 0.339006 136.988 -16.1086 102.156 0.329467 0.538789 0.200507 -0.748969 1
-0.134852 -0.38356 1.30456 -0.208306 0.714219 -0.668206 -0.252837 -0.699293 -0.668628 -0.944819 0.0296683 0.326247 136.284 -14.6454 102.433 0.323515 0.539616 0.213755 -0.747303 1
-0.133894 -0.3805 1.29365 -0.214896 0.696684 -0.684434 -0.2375 -0.717049 -0.655313 -0.947319 0.0217292 0.319554 137.576 -13.7391 102.781 0.311291 0.543737 0.211124 -0.75025 1
-0.129569 -0.380577 1.28327 -0.0821962 0.849802 -0.520653 -0.487605 -0.489914 -0.722652 -0.869187 0.194474 0.454637 124.135 -29.1833 95.4022 0.469714 0.488129 0.185503 -0.711819 1
-0.126745 -0.379452 1.27558 -0.031546 0.884788 -0.464925 -0.547804 -0.404375 -0.732388 -0.836012 0.231584 0.497447 118.905 -33.2165 92.161 0.515152 0.467809 0.180086 -0.695228 1
-0.123049 -0.375334 1.25974 -0.307016 0.834887 -0.456842 -0.401063 -0.54882 -0.733448 -0.86307 -0.0419579 0.503338 126.807 -23.6446 109.582 0.402338 0.42967 0.252417 -0.76798 1
-0.122725 -0.370933 1.24807 -0.340128 0.821059 -0.458448 -0.381208 -0.566046 -0.73094 -0.859647 -0.0738492 0.505522 127.755 -22.4085 111.587 0.387088 0.424381 0.259114 -0.776482 1
-0.121243 -0.367392 1.23805 -0.325382 0.841197 -0.431872 -0.406433 -0.536801 -0.739362 -0.853779 -0.0650482 0.516556 125.981 -23.981 110.862 0.404466 0.416792 0.26078 -0.771158 1
-0.120269 -0.36246 1.22145 -0.309672 0.836376 -0.452304 -0.376519 -0.544666 -0.749381 -0.873119 -0.0617607 0.483579 126.01 -22.1183 109.528 0.396624 0.433421 0.265248 -0.764512 1
-0.118367 -0.358647 1.20808 -0.315327 0.813543 -0.488586 -0.311983 -0.575104 -0.756255 -0.896234 -0.0860371 0.435158 127.252 -18.1788 109.384 0.369028 0.454043 0.276163 -0.762494 1
-0.117858 -0.354836 1.1957 -0.328988 0.797869 -0.505145 -0.279295 -0.593201 -0.755054 -0.902087 -0.10732 0.417997 128.155 -16.2181 110.037 0.352068 0.45995 0.281865 -0.764883 1
-0.117365 -0.351049 1.18417 -0.332917 0.79319 -0.509917 -0.250745 -0.595762 -0.763017 -0.909007 -0.126162 0.397228 127.983 -14.5216 110.115 0.342253 0.465193 0.291516 -0.762546 1
-0.116233 -0.349612 1.17588 -0.336752 0.790334 -0.511831 -0.192983 -0.589971 -0.784023 -0.921605 -0.165246 0.351195 126.961 -11.1269 110.072 0.325758 0.474875 0.314478 -0.754639 1
-0.115297 -0.345702 1.1632 -0.345356 0.798033 -0.493835 -0.193065 -0.575372 -0.794779 -0.918398 -0.179139 0.35278 125.902 -11.1317 110.608 0.328653 0.468304 0.322957 -0.753908 1
-0.114738 -0.342729 1.15155 -0.362996 0.796119 -0.484179 -0.191163 -0.572197 -0.797526 -0.911971 -0.196942 0.359893 125.658 -11.0206 111.704 0.325845 0.460789 0.328217 -0.757477 1
-0.1144 -0.339567 1.13949 -0.318721 0.808345 -0.49497 -0.188042 -0.565748 -0.802851 -0.929009 -0.16281 0.332319 125.171 -10.8385 108.936 0.334608 0.478202 0.324289 -0.744444 1
-0.11386 -0.33681 1.1287 -0.240605 0.826005 -0.50973 -0.198851 -0.555967 -0.807068 -0.950036 -0.0928245 0.29802 124.562 -11.4698 104.212 0.354065 0.504317 0.310893 -0.723635 1
-0.11301 -0.333126 1.11759 -0.20998 0.825373 -0.524088 -0.177061 -0.559278 -0.809851 -0.961539 -0.0772569 0.263578 124.629 -10.1986 102.319 0.35154 0.520989 0.311096 -0.712888 1
-0.108977 -0.326448 1.10021 -0.205993 0.7678 -0.606671 -0.210964 -0.640233 -0.738644 -0.955542 -0.0241703 0.293862 130.918 -12.1788 102.166 0.334528 0.533942 0.260719 -0.731452 1
-0.10751 -0.323334 1.09147 -0.197162 0.772134 -0.6041 -0.21772 -0.635293 -0.740946 -0.95589 -0.0145615 0.293365 130.61 -12.5752 101.654 0.339452 0.534969 0.259087 -0.72901 1
-0.106553 -0.320745 1.08187 -0.176963 0.75195 -0.635023 -0.229566 -0.658945 -0.716303 -0.95707 0.0190202 0.289231 132.612 -13.2715 100.476 0.336646 0.546066 0.239158 -0.728893 1
-0.10491 -0.318219 1.06927 -0.123589 0.73249 -0.669465 -0.235844 -0.676989 -0.697183 -0.9639 0.0717251 0.256422 134.158 -13.6414 97.3065 0.337581 0.569424 0.218047 -0.717112 1
-0.103746 -0.314512 1.05289 -0.10694 0.719122 -0.686606 -0.24924 -0.687906 -0.681664 -0.962519 0.0982326 0.252799 135.261 -14.4326 96.3398 0.338361 0.576231 0.20386 -0.71548 1
-0.102611 -0.310024 1.03696 -0.113671 0.716796 -0.687955 -0.27113 -0.68854 -0.672607 -0.955807 0.110069 0.272612 135.671 -15.7315 96.7822 0.342929 0.570582 0.195268 -0.720212 1
-0.101695 -0.306188 1.02378 -0.104674 0.7368 -0.667959 -0.298525 -0.663954 -0.6856 -0.948644 0.127638 0.289452 134.081 -17.369 96.2966 0.360841 0.563433 0.194466 -0.7173 1
-0.0997856 -0.302134 1.0124 -0.108955 0.744361 -0.658829 -0.332759 -0.651849 -0.681443 -0.936697 0.144985 0.318714 133.728 -19.4363 96.6347 0.373467 0.553213 0.186005 -0.721027 1
-0.0980021 -0.299569 1.00402 -0.0732083 0.796223 -0.600558 -0.391849 -0.576711 -0.71684 -0.917112 0.182849 0.354219 128.817 -23.0696 94.5639 0.419613 0.536023 0.188599 -0.707838 1
-0.0960224 -0.296101 0.994502 -0.0435244 0.82552 -0.562692 -0.428348 -0.524249 -0.735989 -0.902565 0.208994 0.376428 125.462 -25.3628 92.7608 0.449626 0.525428 0.188976 -0.697173 1
-0.0969793 -0.294857 0.978323 0.0110312 0.853449 -0.52106 -0.369612 -0.480706 -0.795178 -0.929121 0.201362 0.310142 121.154 -21.6917 89.3198 0.458385 0.543506 0.222554 -0.667049 1
-0.0964383 -0.292636 0.970786 0.0508805 0.855946 -0.514556 -0.375195 -0.4611 -0.804124 -0.925548 0.233973 0.297686 119.831 -22.0364 86.8534 0.471027 0.550975 0.218136 -0.653434 1
-0.0958921 -0.288894 0.960664 0.0913522 0.846367 -0.524707 -0.396526 -0.45242 -0.798801 -0.913467 0.281032 0.294277 119.526 -23.3612 84.2891 0.483014 0.558904 0.201216 -0.643301 1
-0.0944476 -0.283963 0.947366 0.170004 0.836453 -0.521004 -0.402234 -0.423752 -0.811567 -0.899614 0.347535 0.264411 117.571 -23.7179 79.2988 0.502658 0.576486 0.188304 -0.616068 1
-0.0941795 -0.280036 0.932996 0.169951 0.847607 -0.502671 -0.383475 -0.413003 -0.82606 -0.907779 0.333152 0.254846 116.564 -22.5491 79.396 0.50294 0.576218 0.20137 -0.611943 1
-0.0932218 -0.276427 0.919177 0.189166 0.849676 -0.492206 -0.397013 -0.392279 -0.829758 -0.898108 0.352374 0.263127 115.303 -23.3916 78.1058 0.514785 0.57409 0.197122 -0.605442 1
-0.0919721 -0.272914 0.907187 0.21091 0.836969 -0.504975 -0.399608 -0.397632 -0.825955 -0.892093 0.375995 0.250594 115.707 -23.5536 76.6983 0.515721 0.582655 0.187659 -0.599441 1
-0.0909616 -0.267509 0.889339 0.225776 0.830259 -0.509603 -0.414993 -0.391302 -0.821379 -0.881366 0.396929 0.256205 115.473 -24.5189 75.6317 0.522178 0.583282 0.177987 -0.596182 1
-0.0886302 -0.261571 0.872744 0.220073 0.819935 -0.528464 -0.428538 -0.405407 -0.807466 -0.876312 0.404169 0.262154 116.66 -25.3748 75.9025 0.51885 0.583808 0.167605 -0.601558 1
-0.0883585 -0.257584 0.856121 0.244892 0.819958 -0.517394 -0.463584 -0.369662 -0.805257 -0.851538 0.437057 0.289592 114.658 -27.6186 73.9554 0.539635 0.575535 0.154801 -0.594635 1
-0.0894688 -0.254298 0.839518 0.34232 0.798057 -0.495906 -0.455452 -0.320698