-0.336011 -0.392479 1.45854 0.828145 0.560452 0.00836113 0.180201 -0.252087 -0.950779 -0.530758 0.788889 -0.309758 104.85 10.3814 32.6558 0.56265 0.77298 0.239545 -0.168956 0
-0.337145 -0.388949 1.46495 0.815089 0.578382 0.033244 0.183886 -0.203874 -0.961572 -0.549378 0.78988 -0.272532 101.971 10.5962 33.9804 0.578507 0.756884 0.251778 -0.17048 0
-0.337528 -0.389414 1.46899 0.812131 0.582445 0.0346664 0.177332 -0.189786 -0.965678 -0.555875 0.790404 -0.257417 101.119 10.2144 34.3903 0.584151 0.751554 0.252735 -0.173377 0
-0.336989 -0.390069 1.47354 0.80974 0.585867 0.032875 0.174815 -0.187376 -0.966607 -0.560144 0.788448 -0.254144 100.971 10.0679 34.6738 0.584855 0.75021 0.25349 -0.175707 0
-0.33587 -0.392961 1.48259 0.797206 0.602829 0.0325376 0.178946 -0.184484 -0.966408 -0.576576 0.776249 -0.254946 100.808 10.3084 35.8762 0.582618 0.747769 0.261369 -0.181887 0
-0.33372 -0.3958 1.49291 0.801343 0.597434 0.0303646 0.175596 -0.186399 -0.966655 -0.571852 0.779954 -0.254277 100.914 10.1134 35.5123 0.583238 0.748669 0.258135 -0.180817 0
-0.328416 -0.39776 1.50147 0.80217 0.596525 0.0260949 0.173048 -0.190433 -0.966328 -0.571469 0.779675 -0.255987 101.148 9.96511 35.4662 0.582183 0.749765 0.256605 -0.181848 0
-0.320477 -0.398823 1.51086 0.801065 0.598288 0.0185957 0.165151 -0.191052 -0.967587 -0.575343 0.778171 -0.251853 101.169 9.50601 35.6867 0.582701 0.748994 0.254821 -0.185832 0
-0.308592 -0.402028 1.51749 0.783732 0.620719 0.0217129 0.172758 -0.184282 -0.967572 -0.596589 0.762068 -0.251662 100.783 9.94821 37.2789 0.580472 0.744929 0.266293 -0.19293 0
-0.298292 -0.403442 1.53236 0.737597 0.675036 0.0166503 0.190108 -0.18394 -0.964378 -0.647927 0.714488 -0.264003 100.799 10.9591 41.297 0.567815 0.739179 0.292603 -0.213506 0
-0.279423 -0.40608 1.55995 0.523103 0.852041 0.01975 0.283971 -0.152399 -0.946644 -0.803569 0.500801 -0.321675 99.1455 16.4974 56.9369 0.512111 0.706608 0.401925 -0.277318 0
-0.269616 -0.405031 1.5665 0.482556 0.874322 0.0519723 0.322873 -0.122414 -0.938492 -0.814182 0.469656 -0.341367 97.4315 18.8368 59.3453 0.504672 0.697556 0.429068 -0.273171 0
-0.259147 -0.405651 1.56819 0.449331 0.891901 0.0511313 0.32717 -0.111027 -0.938421 -0.831301 0.43839 -0.341691 96.7474 19.0971 61.6081 0.499153 0.689574 0.441965 -0.282845 0
-0.249493 -0.406664 1.57346 0.417307 0.907019 0.056308 0.324703 -0.0909473 -0.941433 -0.848777 0.41115 -0.332465 95.5179 18.9476 63.8186 0.498471 0.678366 0.45393 -0.292051 0
-0.238707 -0.40118 1.5758 0.396176 0.917271 0.0407404 0.248428 -0.0643704 -0.966509 -0.883928 0.393028 -0.253378 93.8103 14.3845 65.8581 0.519237 0.654584 0.445205 -0.322032 0
-0.228731 -0.401802 1.57977 0.384259 0.922774 0.0288588 0.224191 -0.0629428 -0.97251 -0.895591 0.380166 -0.231064 93.7031 12.9553 66.7779 0.522076 0.64774 0.44268 -0.334522 0
-0.218652 -0.40358 1.58722 0.345572 0.938368 0.00670169 0.236035 -0.0800078 -0.968445 -0.908222 0.336249 -0.249136 94.7228 13.6527 69.1686 0.50409 0.647054 0.45375 -0.348317 0
-0.210873 -0.374106 1.60043 0.317735 0.948158 0.00641565 0.19338 -0.0581762 -0.979398 -0.92825 0.312429 -0.20184 93.3994 11.1501 71.1042 0.514227 0.628043 0.454403 -0.366947 0
-0.199608 -0.365717 1.61044 0.289126 0.957291 0.000724524 0.183604 -0.0547103 -0.981477 -0.939519 0.283904 -0.19158 93.1905 10.5797 72.8948 0.510597 0.61956 0.460365 -0.378815 0
-0.18881 -0.356474 1.61708 0.264344 0.964425 0.00253961 0.191559 -0.0499241 -0.980211 -0.945213 0.259599 -0.197941 92.9157 11.0438 74.3755 0.504103 0.61486 0.47002 -0.383288 0
-0.179041 -0.347345 1.6249 0.225234 0.974254 0.00995923 0.194177 -0.0348694 -0.980347 -0.954759 0.222741 -0.197031 92.0371 11.1966 76.7262 0.498331 0.603559 0.483975 -0.391345 0
-0.168181 -0.33831 1.63222 0.189575 0.981841 0.00699507 0.203795 -0.0323778 -0.978478 -0.960484 0.18692 -0.206232 91.8952 11.759 78.8348 0.487587 0.597533 0.496054 -0.398927 0
-0.172579 -0.328669 1.64082 0.140308 0.990096 0.0047733 0.189137 -0.0220701 -0.981703 -0.971875 0.138644 -0.19036 91.2879 10.9024 81.785 0.481632 0.581536 0.506947 -0.415753 0
-0.181589 -0.319121 1.65047 0.098981 0.995082 0.00376989 0.178048 -0.0139828 -0.983923 -0.979031 0.0980608 -0.178556 90.8142 10.2561 84.227 0.476036 0.568225 0.516138 -0.429082 0
-0.189063 -0.310564 1.66317 -0.022228 0.999711 0.00918748 0.162408 0.0126784 -0.986642 -0.986473 -0.020439 -0.162643 89.2638 9.34671 91.2908 0.45492 0.530975 0.547163 -0.460138 0
-0.196042 -0.300443 1.67021 -0.0846602 0.996306 0.0143953 0.158004 0.0276878 -0.98705 -0.983802 -0.0812893 -0.159765 88.3932 9.09108 94.9184 0.442511 0.511717 0.56394 -0.473605 1
-0.196821 -0.289519 1.67325 -0.100571 0.99458 0.0263968 0.154752 0.0418458 -0.987067 -0.982821 -0.0951855 -0.158121 87.5725 8.9024 95.8427 0.44248 0.503911 0.570206 -0.474501 0
-0.196582 -0.27817 1.6758 -0.0960654 0.995099 0.0234358 0.145805 0.0373586 -0.988608 -0.984638 -0.0915539 -0.148679 87.8359 8.38388 95.5724 0.445144 0.503799 0.56615 -0.476977 0
-0.197061 -0.266751 1.67582 -0.10634 0.994104 0.0211766 0.14873 0.0369603 -0.988187 -0.983144 -0.101934 -0.151784 87.858 8.55335 96.1733 0.441259 0.502116 0.569009 -0.478956 0
-0.203887 -0.263553 1.69914 -0.0534568 0.998448 0.0156305 0.15408 0.0237128 -0.987774 -0.986611 -0.0503949 -0.155108 88.6248 8.86343 93.1014 0.451428 0.519119 0.55504 -0.46761 0
-0.207752 -0.254318 1.68489 -0.14428 0.988326 0.0489427 0.140503 0.0694201 -0.987643 -0.979511 -0.13562 -0.148879 85.9794 8.07697 98.3793 0.440528 0.483523 0.583648 -0.481139 0
-0.20689 -0.255327 1.68695 -0.141235 0.98728 0.073009 0.125997 0.091075 -0.987841 -0.981925 -0.130319 -0.137258 84.7325 7.23835 98.185 0.450717 0.475644 0.585143 -0.47773 0
-0.206742 -0.255981 1.68752 -0.147775 0.986225 0.0743087 0.133782 0.0943758 -0.986507 -0.979931 -0.13584 -0.145886 84.5353 7.68821 98.5757 0.447413 0.475325 0.589075 -0.476318 0
-0.206357 -0.256363 1.68733 -0.15069 0.985303 0.0804443 0.14855 0.103018 -0.983524 -0.977356 -0.136257 -0.161891 84.0204 8.54292 98.7649 0.444533 0.476493 0.594895 -0.47058 0
-0.206883 -0.256419 1.68731 -0.144115 0.987223 0.0679893 0.144634 0.0889827 -0.985476 -0.978934 -0.132188 -0.15561 84.8405 8.31609 98.3747 0.444201 0.480238 0.589217 -0.474216 0
-0.204666 -0.254238 1.67959 -0.0150014 0.993002 0.117138 0.111012 0.118081 -0.986779 -0.993706 -0.00179938 -0.112006 83.1763 6.37365 90.8649 0.497763 0.494703 0.557918 -0.442977 0
-0.20391 -0.253924 1.67711 0.00616261 0.993331 0.115136 0.105385 0.113852 -0.987893 -0.994412 0.0182217 -0.103981 83.4258 6.04937 89.6449 0.503993 0.499072 0.55038 -0.440456 0
-0.203551 -0.253567 1.67625 0.0261591 0.993234 0.113144 0.115661 0.109416 -0.987244 -0.992944 0.0389118 -0.112016 83.6758 6.64172 88.4909 0.505855 0.507139 0.546643 -0.433708 1
-0.203982 -0.253097 1.67431 0.0464326 0.99343 0.104602 0.126806 0.0980058 -0.987074 -0.99084 0.0590965 -0.121422 84.3297 7.28504 87.317 0.505721 0.517167 0.541524 -0.42841 0
-0.204433 -0.252102 1.67314 0.0638344 0.994236 0.0861375 0.125649 0.0776195 -0.989034 -0.990019 0.0739575 -0.11997 85.5126 7.21824 86.3108 0.505342 0.525877 0.53239 -0.429702 0
-0.205139 -0.248152 1.67389 0.0954451 0.993126 0.0677578 0.022505 0.0658984 -0.997573 -0.99518 0.0967383 -0.0160607 86.2206 1.28955 84.5217 0.535089 0.511275 0.496617 -0.453485 0
-0.205189 -0.247495 1.67292 0.0946358 0.99359 0.0618356 -0.0066082 0.06274 -0.998008 -0.99549 0.0940387 0.0125033 86.4028 -0.378625 84.5695 0.540805 0.504825 0.488774 -0.462366 1
-0.205239 -0.24746 1.67133 0.0879695 0.994618 0.0547346 -0.0196831 0.0566725 -0.998199 -0.995929 0.0867337 0.0245626 86.7505 -1.12783 84.9522 0.540649 0.501681 0.485834 -0.46902 0
-0.205024 -0.247064 1.66937 0.0842006 0.994745 0.0582507 -0.0235338 0.0604272 -0.997895 -0.996171 0.0826525 0.0284981 86.5347 -1.34851 85.1686 0.541555 0.498817 0.486757 -0.470072 0
-0.204527 -0.246565 1.66553 0.0767191 0.995277 0.059478 -0.0159089 0.0608682 -0.998019 -0.996926 0.0756209 0.0205035 86.5099 -0.911553 85.5994 0.538073 0.498835 0.490827 -0.469818 0
-0.203455 -0.246908 1.66803 0.056614 0.992906 0.104561 -0.0269653 0.106212 -0.993978 -0.998032 0.0534536 0.0327871 83.9008 -1.54518 86.7533 0.54672 0.478961 0.504185 -0.466359 0
-0.202854 -0.246241 1.66399 0.0443786 0.991939 0.118693 -0.0407333