-0.336864 -0.387302 1.45989 0.823407 0.566796 0.0272827 0.208616 -0.257652 -0.943448 -0.527713 0.782533 -0.330395 105.275 12.0413 32.6554 0.555734 0.776443 0.249668 -0.161129 0
-0.338008 -0.380378 1.46434 0.824271 0.563838 0.0516235 0.222986 -0.239464 -0.944952 -0.520438 0.790407 -0.323111 104.22 12.8845 32.268 0.561626 0.772471 0.254645 -0.151726 0
-0.340137 -0.366923 1.46878 0.816252 0.572317 0.0786471 0.230775 -0.198232 -0.9526 -0.529599 0.795712 -0.293884 101.755 13.3427 32.9762 0.575356 0.759666 0.264291 -0.148405 0
-0.345768 -0.351928 1.46782 0.801046 0.575158 0.16589 0.261333 -0.0866924 -0.961348 -0.538545 0.813436 -0.219752 95.1529 15.1492 33.913 0.611269 0.72586 0.288103 -0.128349 0
-0.357724 -0.342073 1.4639 0.81153 0.527167 0.25202 0.327414 -0.0530244 -0.943392 -0.483962 0.848106 -0.215632 93.217 19.1119 30.81 0.621062 0.721143 0.296259 -0.0804078 0
-0.367117 -0.329135 1.46358 0.804244 0.51832 0.290751 0.349563 -0.01692 -0.93676 -0.480622 0.855019 -0.194793 91.0348 20.4606 30.8628 0.630977 0.709922 0.305626 -0.0668631 0
-0.370341 -0.319505 1.4682 0.791795 0.550276 0.265058 0.325295 -0.0126245 -0.945528 -0.516956 0.834887 -0.188998 90.765 18.9834 33.1401 0.63051 0.705942 0.310072 -0.0892061 0
-0.36925 -0.315912 1.46728 0.788166 0.572779 0.225208 0.287938 -0.0197607 -0.957445 -0.543954 0.819472 -0.1805 91.1824 16.7346 34.6116 0.630061 0.705058 0.305194 -0.113021 0
-0.368953 -0.315304 1.46839 0.794385 0.585175 0.162861 0.238164 -0.053417 -0.969755 -0.558776 0.809146 -0.181801 93.1528 13.7782 35.1229 0.624333 0.712321 0.288964 -0.138953 0
-0.36731 -0.315975 1.46687 0.82097 0.565183 0.0810926 0.1776 -0.117793 -0.977028 -0.542648 0.816513 -0.197081 96.8745 10.23 33.464 0.613616 0.730726 0.254125 -0.15791 0
-0.367287 -0.317682 1.46593 0.800064 0.59521 0.0749858 0.221596 -0.177055 -0.95893 -0.557488 0.783822 -0.273551 100.461 12.8028 34.869 0.580831 0.750112 0.272228 -0.16081 0
-0.36834 -0.314064 1.46597 0.827268 0.561613 0.0147719 0.146809 -0.190724 -0.970604 -0.542286 0.805118 -0.24023 101.117 8.44206 33.2454 0.590829 0.751369 0.23571 -0.175518 0
-0.368864 -0.313076 1.46675 0.842859 0.538113 -0.00480996 0.12555 -0.205328 -0.970607 -0.523284 0.817481 -0.240622 101.945 7.21251 31.8338 0.590955 0.75644 0.219337 -0.174533 0
-0.368646 -0.314232 1.46727 0.74297 0.669215 0.012152 0.185864 -0.188838 -0.964259 -0.643001 0.718674 -0.264684 101.08 10.7115 40.8745 0.567769 0.741028 0.288477 -0.212829 0
-0.369262 -0.313174 1.46856 0.939538 0.342179 -0.0134588 0.0652812 -0.217551 -0.973863 -0.336164 0.914104 -0.226735 102.593 3.743 19.687 0.611403 0.771982 0.131953 -0.113222 0
-0.369917 -0.312282 1.4671 0.936119 0.348319 -0.0485231 0.0389572 -0.239831 -0.970033 -0.349518 0.906176 -0.23808 103.887 2.23265 20.4741 0.603782 0.776857 0.124629 -0.128093 0
-0.36754 -0.31261 1.46689 0.938074 0.341538 -0.0580321 0.0279735 -0.241642 -0.969962 -0.345302 0.908273 -0.236233 103.989 1.60298 20.2085 0.604194 0.777166 0.118865 -0.129745 0
-0.368487 -0.313878 1.46773 0.953797 0.297714 -0.0404618 0.0348531 -0.243396 -0.9693 -0.298422 0.923106 -0.242527 104.096 1.99734 17.3738 0.605779 0.78098 0.106458 -0.10848 0
-0.368908 -0.312842 1.46804 0.959166 0.281002 -0.0322388 0.0350565 -0.231208 -0.972273 -0.280664 0.93144 -0.231618 103.377 2.009 16.3101 0.611625 0.778137 0.101543 -0.100529 0
-0.366718 -0.313238 1.46342 0.962845 0.270054 0.000707419 0.0722357 -0.255022 -0.964233 -0.260215 0.928458 -0.265054 104.814 4.14241 15.1232 0.600577 0.787864 0.108613 -0.0823451 0
-0.364559 -0.313568 1.46182 0.951575 0.300987 0.0625504 0.137301 -0.234061 -0.962478 -0.275052 0.924458 -0.264052 103.668 7.89172 16.1219 0.602798 0.782574 0.140015 -0.0678856 0
-0.364756 -0.314029 1.46195 0.946624 0.315784 0.0646773 0.133301 -0.20082 -0.970516 -0.293485 0.927336 -0.232196 101.691 7.66041 17.2252 0.615144 0.771304 0.14556 -0.0741627 0
-0.365798 -0.312463 1.46277 0.945605 0.323239 0.0367005 0.106749 -0.201741 -0.973604 -0.307303 0.924563 -0.225273 101.707 6.12794 18.0031 0.616156 0.770166 0.139576 -0.087839 0
-0.366577 -0.312398 1.46223 0.943348 0.331669 0.00955092 0.0812586 -0.20302 -0.975797 -0.321702 0.921292 -0.218469 101.753 4.66091 18.8305 0.616818 0.768901 0.134259 -0.101493 0
-0.365099 -0.307808 1.4628 0.924703 0.377762 0.0471236 0.127148 -0.189793 -0.973556 -0.358829 0.906242 -0.223534 101.031 7.30481 21.2086 0.61469 0.764531 0.165104 -0.101927 0
-0.364089 -0.311944 1.46208 0.904484 0.419506 0.0769676 0.156771 -0.159175 -0.974723 -0.396651 0.893688 -0.209738 99.2747 9.01955 23.6793 0.619591 0.753889 0.191102 -0.106011 0
-0.364831 -0.312252 1.46222 0.893664 0.44415 0.0639953 0.147384 -0.155816 -0.976729 -0.423843 0.882299 -0.204708 99.0639 8.47535 25.3738 0.6191 0.750698 0.196995 -0.119838 0
-0.364198 -0.31391 1.46153 0.872112 0.485563 0.0604144 0.159654 -0.165668 -0.973173 -0.462527 0.858361 -0.222003 99.6611 9.1868 27.9394 0.609188 0.751629 0.214606 -0.133747 0
-0.367911 -0.312096 1.45933 0.880078 0.474796 -0.00563665 0.107574 -0.210932 -0.971563 -0.462483 0.854445 -0.236713 102.249 6.17549 27.722 0.598421 0.762844 0.190855 -0.153413 0
-0.369015 -0.309864 1.45827 0.850236 0.526358 0.00683919 0.122215 -0.184746 -0.975158 -0.512018 0.82995 -0.221406 100.728 7.01996 31.0567 0.60085 0.751064 0.215885 -0.168155 0
-0.369547 -0.311486 1.45923 0.858745 0.512326 -0.0089374 0.116068 -0.211479 -0.970466 -0.499085 0.832346 -0.241071 102.293 6.66522 30.1643 0.592915 0.760147 0.206668 -0.16708 0
-0.367348 -0.311142 1.46009 0.820229 0.571756 -0.0178784 0.123026 -0.20684 -0.970609 -0.558649 0.793922 -0.239997 102.03 7.06675 34.2583 0.585959 0.752839 0.23072 -0.191451 0
-0.367276 -0.311731 1.45995 0.834585 0.55072 -0.0132433 0.124324 -0.211717 -0.969391 -0.536667 0.807393 -0.245163 102.32 7.14169 32.7424 0.586879 0.756879 0.222969 -0.181637 0
-0.367322 -0.310231 1.45938 0.852275 0.522941 -0.0126604 0.107184 -0.198273 -0.974269 -0.511995 0.828988 -0.225034 101.503 6.15302 30.9949 0.597697 0.754252 0.208858 -0.173899 0
-0.368847 -0.309627 1.45885 0.850983 0.52516 -0.00591293 0.100534 -0.173937 -0.979612 -0.515481 0.833038 -0.200814 100.068 5.76991 31.2053 0.607501 0.745945 0.209698 -0.174743 0
-0.368787 -0.310897 1.45912 0.817045 0.576516 0.00813606 0.120871 -0.157468 -0.980099 -0.563762 0.801769 -0.198342 99.1274 6.94235 34.6057 0.604408 0.73703 0.236553 -0.188468 0
-0.367494 -0.311188 1.4597 0.819273 0.573384 -0.00463008 0.114766 -0.171883 -0.978409 -0.561801 0.801053 -0.206624 99.9638 6.59014 34.4396 0.60016 0.741246 0.232093 -0.19104 0
-0.368395 -0.312429 1.45946 0.837176 0.546852 -0.00939409 0.114531 -0.192079 -0.974673 -0.534807 0.814898 -0.223436 101.148 6.57659 32.5713 0.596167 0.750448 0.220329 -0.181292 0
-0.368107 -0.310476 1.45666 0.815838 0.577837 -0.0226543 0.103887 -0.184989 -0.977234 -0.568873 0.794911 -0.210951 100.719 5.96304 34.8876 0.595797 0.743602 0.229196 -0.198872 0
-0.366414 -0.311075 1.45655 0.838758 0.544069 -0.0217515 0.116517 -0.218363 -0.968887 -0.531891 0.810127 -0.246547 102.701 6.69114 32.3805 0.586056 0.758892 0.217615 -0.182385 0
-0.36675 -0.312593 1.45652 0.894515 0.447038 -6.36678e-05 0.125372 -0.251004 -0.959833 -0.429098 0.858577 -0.280573 104.655 7.20225 25.627 0.583725 0.778796 0.183749 -0.137765 0
-0.367781 -0.312338 1.45621 0.81889 0.573844 -0.0110469 0.155902 -0.240918 -0.957942 -0.552371 0.782727 -0.286749 104.117 8.96914 34.0011 0.56816 0.765924 0.238192 -0.183901 0
-0.366482 -0.31269 1.45736 0.866426 0.499297 -0.00295465 0.136727 -0.242943 -0.960356 -0.480221 0.831673 -0.27876 104.196 7.85847 28.9977 0.579811 0.772679 0.205785 -0.156331 0
-0.366813 -0.312974 1.45732 0.87056 0.49205 -0.00342388 0.137106 -0.249245 -0.958686 -0.472575 0.834124 -0.284446 104.573 7.8804 28.4949 0.578115 0.775282 0.20288 -0.153492 0
-0.368897 -0.308071 1.45764 0.932307 0.361496 0.0111203 0.0752711 -0.163869 -0.983606 -0.353747 0.91786 -0.179986 99.4586 4.3168 20.7784 0.630169 0.754348 0.14475 -0.113551 0
-0.366672 -0.309837 1.45538 0.931389 0.363583 -0.0179678 0.0732745 -0.235598 -0.969084 -0.356576 0.901277 -0.246074 103.664 4.20208 20.949 0.602021 0.776701 0.140613 -0.120556 0
-0.368735 -0.311434 1.45576 0.942414 0.334334 -0.0088179 0.0775576 -0.244112 -0.966641 -0.325333