-0.335708 -0.396168 1.45687 0.814305 0.579692 0.0293881 0.206089 -0.241423 -0.948284 -0.542618 0.778249 -0.316061 104.283 11.8933 33.6778 0.56054 0.770031 0.255114 -0.166626 0
-0.336536 -0.397466 1.46086 0.805621 0.591304 0.0365256 0.189706 -0.199074 -0.961447 -0.561237 0.781491 -0.272552 101.698 10.9356 34.863 0.577493 0.754528 0.258775 -0.173854 0
-0.337625 -0.397835 1.46433 0.792251 0.609566 0.0276949 0.173543 -0.181576 -0.967943 -0.584996 0.77166 -0.24964 100.625 9.99388 36.4421 0.583317 0.745565 0.262589 -0.186872 0
-0.338671 -0.398653 1.46662 0.784168 0.620076 0.0241986 0.175792 -0.184576 -0.966969 -0.595128 0.76252 -0.253744 100.807 10.1248 37.1959 0.580053 0.745401 0.266926 -0.191484 0
-0.34019 -0.400769 1.47494 0.803115 0.595404 0.0223478 0.168351 -0.190783 -0.967088 -0.571545 0.780446 -0.253457 101.16 9.69194 35.4379 0.582854 0.749559 0.254735 -0.183173 0
-0.34124 -0.403047 1.48334 0.807207 0.589491 0.0302971 0.17431 -0.18902 -0.966378 -0.563945 0.785348 -0.255333 101.067 10.0385 34.9396 0.583707 0.75026 0.254512 -0.177821 0
-0.341833 -0.405955 1.49298 0.811004 0.583796 0.0381423 0.179227 -0.185861 -0.966092 -0.556911 0.790341 -0.255365 100.89 10.3247 34.4771 0.585188 0.750372 0.254215 -0.172837 0
-0.341217 -0.408788 1.50173 0.794106 0.606608 0.037716 0.184636 -0.181652 -0.965874 -0.579055 0.77397 -0.256253 100.651 10.6399 36.0992 0.58228 0.746996 0.264809 -0.181172 0
-0.341652 -0.41074 1.51023 0.804693 0.592451 0.0383416 0.185256 -0.189216 -0.964302 -0.564047 0.78307 -0.262015 101.102 10.676 35.0284 0.581692 0.750987 0.258895 -0.175005 0
-0.340761 -0.41253 1.518 0.813709 0.580059 0.0375484 0.179471 -0.189271 -0.965384 -0.552873 0.79228 -0.258115 101.093 10.3389 34.1941 0.584449 0.751847 0.252555 -0.171353 0
-0.345948 -0.417051 1.53391 0.879171 0.471568 0.0684262 0.183116 -0.20178 -0.962161 -0.439917 0.858434 -0.263751 101.844 10.5513 26.5824 0.594483 0.765621 0.213776 -0.121304 0
-0.364183 -0.426227 1.56909 0.953921 0.268976 0.132992 0.192919 -0.21031 -0.958411 -0.22982 0.939905 -0.25251 102.377 11.1232 13.5456 0.610553 0.777293 0.148559 -0.0311425 0
-0.369348 -0.425692 1.57603 0.97082 0.230469 0.0662693 0.122234 -0.237825 -0.963586 -0.206317 0.943569 -0.259057 103.864 7.02107 11.9979 0.607029 0.785446 0.112262 -0.0445757 0
-0.372132 -0.426819 1.58727 0.99205 0.124963 0.0148351 0.0473249 -0.261244 -0.964112 -0.116603 0.95715 -0.265081 105.161 2.71253 6.70363 0.605336 0.79347 0.0542831 -0.0320642 0
-0.374498 -0.429284 1.59731 0.981658 0.188637 0.0276183 0.0756401 -0.252391 -0.964664 -0.175001 0.94906 -0.26203 104.662 4.338 10.108 0.605648 0.789949 0.0836374 -0.0466431 0
-0.376994 -0.433107 1.611 0.989778 0.139904 0.027681 0.0612993 -0.242086 -0.968317 -0.12877 0.960115 -0.248187 104.037 3.51439 7.41255 0.612271 0.787409 0.0638815 -0.0320955 0
-0.380345 -0.436237 1.62455 0.993266 0.111481 0.0315407 0.0571502 -0.234643 -0.9704 -0.100781 0.965668 -0.239434 103.593 3.27625 5.79364 0.616277 0.785389 0.0536778 -0.0220401 0
-0.383216 -0.439511 1.63618 0.994706 0.0961151 0.0363494 0.0583223 -0.236819 -0.969802 -0.0846043 0.966788 -0.241171 103.723 3.34352 4.86157 0.615775 0.78624 0.0491063 -0.0153436 0
-0.385582 -0.442446 1.64689 0.995836 0.0837515 0.0360096 0.0548957 -0.235536 -0.970314 -0.0727837 0.96825 -0.239152 103.644 3.14687 4.1802 0.616674 0.785895 0.0441049 -0.0116981 0
-0.387683 -0.445125 1.65654 0.99632 0.0757255 0.0401533 0.0573393 -0.240646 -0.968918 -0.0637091 0.967654 -0.244103 103.948 3.2871 3.65876 0.61473 0.78757 0.042239 -0.00747736 0
-0.389406 -0.448012 1.66671 0.996298 0.0770396 0.0381596 0.0557264 -0.240701 -0.968998 -0.0654662 0.967537 -0.244103 103.95 3.19455 3.75947 0.614714 0.787576 0.0421439 -0.00866792 0
-0.390287 -0.450548 1.67461 0.994579 0.096116 0.0396862 0.0625601 -0.248209 -0.966684 -0.0830633 0.963926 -0.252877 104.4 3.58677 4.77404 0.611043 0.789884 0.0502213 -0.013729 0
-0.390801 -0.45332 1.68545 0.993574 0.105673 0.0405488 0.0658712 -0.248523 -0.966384 -0.0920434 0.962844 -0.253887 104.422 3.77688 5.2927 0.610566 0.789934 0.0542907 -0.0162971 0
-0.390374 -0.456762 1.6976 0.988797 0.144163 0.0386983 0.0728084 -0.239497 -0.968163 -0.130305 0.960135 -0.24731 103.894 4.17531 7.50725 0.612779 0.786703 0.0689495 -0.0291109 0
-0.391194 -0.458482 1.70405 0.987382 0.153002 0.0408223 0.0786965 -0.250405 -0.964937 -0.137416 0.955975 -0.259286 104.548 4.51364 7.92306 0.607802 0.790107 0.0733126 -0.0305634 0
-0.393915 -0.463417 1.74376 0.983861 0.177696 -0.0210317 0.0196857 -0.224313 -0.974318 -0.17785 0.958179 -0.224191 102.965 1.12798 10.2466 0.619548 0.779802 0.0632795 -0.0637604 0
-0.39669 -0.464229 1.75784 0.983527 0.177968 -0.0316651 0.00662429 -0.210543 -0.977562 -0.180641 0.961249 -0.208253 102.154 0.379547 10.4073 0.625446 0.774971 0.059548 -0.0684885 0
-0.399984 -0.458705 1.77432 0.973427 0.228926 -0.00581356 0.0497591 -0.236227 -0.970423 -0.223528 0.944346 -0.241341 103.681 2.85217 12.9326 0.611526 0.782783 0.0890046 -0.0732456 0
-0.40654 -0.451929 1.79052 0.970944 0.23861 0.0182315 0.0772424 -0.240381 -0.9676 -0.226496 0.940894 -0.251828 103.952 4.43008 13.1308 0.608016 0.784722 0.100626 -0.0663499 0
-0.41769 -0.441442 1.79821 0.965681 0.259728 -0.00111647 0.0731504 -0.276097 -0.958342 -0.249216 0.925371 -0.285621 106.072 4.19495 14.4707 0.592445 0.79489 0.104693 -0.0787318 0
-0.430968 -0.429705 1.80307 0.959835 0.280487 -0.00669206 0.078837 -0.29252 -0.953004 -0.269262 0.914199 -0.302884 107.064 4.52172 15.6704 0.584044 0.799256 0.112393 -0.0863161 0
-0.442031 -0.416227 1.80258 0.94315 0.332228 0.00958331 0.106781 -0.275581 -0.955329 -0.314746 0.902042 -0.29539 106.091 6.1298 18.4548 0.5857 0.792799 0.138437 -0.0962295 0
-0.448314 -0.410755 1.8006 0.934285 0.354256 0.0401836 0.134879 -0.246868 -0.959616 -0.33003 0.901975 -0.278427 104.427 7.75164 19.4554 0.593504 0.784152 0.155944 -0.0924076 0
-0.447267 -0.408793 1.79782 0.941245 0.33755 0.0108645 0.0990306 -0.245102 -0.964426 -0.322879 0.908837 -0.264129 104.259 5.68335 18.9337 0.598334 0.7827 0.139447 -0.0996597 0
-0.44417 -0.409791 1.79776 0.941407 0.336633 0.0207565 0.104036 -0.231298 -0.967304 -0.320826 0.912787 -0.252767 103.448 5.97163 18.8188 0.603602 0.778696 0.141477 -0.096337 0
-0.441898 -0.411853 1.79874 0.936981 0.347379 0.0373565 0.123905 -0.230416 -0.965171 -0.326672 0.908976 -0.258937 103.427 7.11755 19.2208 0.601587 0.778835 0.151279 -0.0928682 0
-0.444765 -0.412929 1.79968 0.93789 0.337693 0.0795363 0.163546 -0.228166 -0.959788 -0.305966 0.913184 -0.269222 103.372 9.41276 18.0678 0.600105 0.780269 0.160598 -0.0725486 0
-0.442603 -0.41335 1.79943 0.94324 0.312211 0.11324 0.176001 -0.180757 -0.967652 -0.281643 0.932658 -0.225447 100.581 10.1369 16.6251 0.619886 0.766395 0.159256 -0.0549335 0
-0.442839 -0.415983 1.79799 0.941345 0.306811 0.140486 0.198296 -0.166098 -0.965966 -0.273035 0.937165 -0.217195 99.7566 11.4374 16.1747 0.62411 0.762338 0.165644 -0.0434678 0
-0.443584 -0.418138 1.7962 0.926628 0.322586 0.193129 0.241514 -0.11702 -0.963316 -0.288152 0.939279 -0.186343 96.9262 13.9759 17.274 0.637037 0.746658 0.188875 -0.0318159 0
-0.444427 -0.417738 1.79615 0.92544 0.320204 0.20256 0.250053 -0.11449 -0.961439 -0.284665 0.940405 -0.186021 96.7909 14.4806 17.0979 0.637363 0.745981 0.19111 -0.0275159 0
-0.443798 -0.41683 1.79682 0.91958 0.343478 0.190775 0.237819 -0.10009 -0.966139 -0.312753 0.933812 -0.173727 95.9147 13.7579 18.7834 0.641436 0.740506 0.19625 -0.0411805 0
-0.443231 -0.416823 1.79688 0.880247 0.437897 0.182786 0.242563 -0.0841691 -0.966477 -0.407833 0.895076 -0.180307 94.9772 14.0379 24.8591 0.635565 0.732244 0.23232 -0.0768347 0
-0.443842 -0.41867 1.79358 0.782916 0.598763 0.168895 0.282653 -0.100504 -0.953943 -0.554211 0.794595 -0.247928 96.0143 16.4186 35.2939 0.59885 0.729957 0.301873 -0.131965 0
-0.443235 -0.413954 1.79571 0.880316 0.442114 0.171986 0.220978 -0.0613606 -0.973346 -0.419777 0.894857 -0.151714 93.6072 12.7665 25.4941 0.645608 0.723428 0.22915 -0.0856308 0
-0.443863 -0.415 1.79664 0.877496 0.444153 0.18091 0.22354 -0.0450574 -0.973653 -0.424299 0.894817 -0.138824 92.6496 12.917 25.8053 0.650695 0.717875 0.232524 -0.0847604 0
-0.444134 -0.41659 1.79592 0.851446 0.481339 0.208214 0.267723 -0.0575403 -0.961776 -0.450959 0.874644 -0.177858 93.4238 15.5288 27.9075 0.635619 0.722296 0.259264 -0.0840188 0
-0.444524 -0.41817 1.79499 0.839543 0.504518 0.201566 0.275648 -0.0758449 -0.958262 -0.468173 0.860063 -0.202745 94.5254 16.0006 29.1463 0.624691 0.72769 0.268028 -0.0915933 0
-0.443623 -0.419071 1.79713 0.83548 0.5136 0.195417 0.281376 -0.094376 -0.954945 -0.472017 0.852824 -0.223364 95.6441 16.3424 29.4649 0.615983 0.733693 0.270882 -0.0942491 0
-0.44351 -0.417243 1.79177 0.834319 0.507031 0.216405 0.294491 -0.0780673 -0.95246 -0.466032 0.858385 -0.214449 94.6857 17.127 29.1868 0.620847 0.729184 0.274801 -0.0855846 0
-0.443553 -0.417387 1.79226 0.821031 0.527221 0.218967 0.290634 -0.0558827 -0.955201 -0.491366 0.847888 -0.19911 93.3482 16.8959 30.8995 0.625707 0.720421 0.283812 -0.0945279 0
-0.44311 -0.415401 1.79058 0.769715 0.605614 0.201918 0.263576 -0.013407 -0.964545 -0.581435 0.795646 -0.169945 90.7964 15.2824 37.067 0.629754 0.698761 0.310976 -0.135782 0
-0.443879 -0.415372 1.79237 0.720193 0.663331 0.203258 0.26117 0.0122038 -0.965216 -0.642738 0.748226 -0.164453 89.2756 15.1395 41.7474 0.626088 0.684186 0.337811 -0.160585 0
-0.443976 -0.415814 1.79273 0.683556 0.700939 0.203558 0.268517 0.017836 -0.96311 -0.678711 0.712999 -0.176022 88.939 15.576 44.7962 0.617529 0.678554 0.357177 -0.175061 0
-0.44365 -0.414891 1.792 0.671787 0.714864 0.194091 0.249574 0.0282682 -0.967943 -0.697434 0.698692 -0.159422 88.3272 14.4523 46.0731 0.620611 0.671368 0.359132 -0.187432 0
-0.443529 -0.415286 1.79197 0.68956 0.698204 0.192403 0.262375 0.00678117 -0.964942 -0.675031 0.715867 -0.178515 89.5974 15.211 44.39 0.616 0.682146 0.352043 -0.176879 0
-0.443292 -0.417371 1.79291 0.691334 0.695196 0.196873 0.278525 -0.00499707 -0.960416 -0.666694 0.718803 -0.197084 90.2981 16.1722 43.9605 0.610175 0.688007 0.353819 -0.170718 0
-0.444228 -0.416699 1.79226 0.679805 0.710616 0.181356 0.265071 -0.00750491 -0.9642 -0.683815 0.70354 -0.193466 90.446 15.3712 45.1685 0.608037 0.685707 0.355723 -0.18319 0
-0.443912 -0.416873 1.79259 0.68255 0.709328 0.17601 0.262296 -0.0129678 -0.9649 -0.682148 0.704759 -0.194905 90.77 15.2064 44.9832 0.607181 0.687463 0.353337 -0.18406 0
-0.443011 -0.415789 1.79007 0.674708 0.715108 0.182729 0.261665 -0.000258586 -0.965159 -0.690146 0.699014 -0.187293 90.0154 15.1689 45.648 0.609745 0.682323 0.357885 -0.185915 0
-0.445775 -0.41442 1.79058 0.747265 0.647701 0.148585 0.237327 -0.0512707 -0.970076 -0.620701 0.760167 -0.19203 93.0254 13.7289 39.7141 0.613181 0.705437 0.313646 -0.167314 0
-0.447082 -0.41113 1.79088 0.859081 0.499959 0.10964 0.209067 -0.147234 -0.966754 -0.467194 0.853442 -0.231011 98.6595 12.0677 28.5387 0.608448 0.747885 0.23701 -0.119522 0
-0.44308 -0.413588 1.78897 0.75448 0.625723 0.198069 0.246292 0.00980578 -0.969146 -0.608359 0.779984 -0.146712 89.4203 14.2582 38.8802 0.635919 0.687638 0.317032 -0.149166 0
-0.444258 -0.413244 1.78931 0.76896 0.614731 0.175515 0.220039 0.0032713 -0.975485 -0.600236 0.78873 -0.13275 89.8079 12.7113 37.9749 0.640211 0.688919 0.302928 -0.154126 0
-0.443253 -0.413826 1.79101 0.754227 0.626346 0.197058 0.243254 0.0122214 -0.969886 -0.609893 0.779449 -0.143144 89.2781 14.0787 38.9601 0.637045 0.686504 0.316677 -0.15034 0
-0.444068 -0.416145 1.79132 0.730725 0.651218 0.204832 0.262853 0.00852011 -0.964798 -0.630039 0.758843 -0.164949 89.494 15.2394 40.7683 0.627355 0.686869 0.332695 -0.154763 0
-0.443665 -0.417177 1.79005 0.693979 0.694861 0.188578 0.272038 -0.0105546 -0.962229 -0.666625 0.719066 -0.196354 90.6284 15.7856 43.8483 0.609727 0.689363 0.35065 -0.173365 0
-0.442802 -0.417921 1.78999 0.662914 0.726255 0.181927 0.293572 -0.0286126 -0.955509 -0.688738 0.686829 -0.232176 91.7152 17.0719 46.0945 0.592057 0.693488 0.367644 -0.182703 0
-0.44376 -0.417691 1.7902 0.638722 0.743429 0.198363 0.305506 -0.00842223 -0.952153 -0.706187 0.668762 -0.232501 90.5068 17.7886 47.8717 0.591143 0.685501 0.382543 -0.185202 0
-0.44299 -0.416992 1.79047 0.669553 0.712795 0.208859 0.288665 0.00937401 -0.957384 -0.684376 0.70131 -0.199483 89.439 16.7781 45.6273 0.608162 0.681847 0.367186 -0.174349 0
-0.442656 -0.416442 1.79044 0.676788 0.70912 0.197753 0.272624 0.00810386 -0.962087 -0.683838 0.705041 -0.187839 89.5174 15.8205 45.2968 0.611771 0.681271 0.360262 -0.178374 0
-0.442603 -0.413122 1.78936 0.678658 0.709913 0.188273 0.260419 0.00709367 -0.96547 -0.686735 0.704254 -0.180061 89.579 15.0949 45.3389 0.613533 0.680372 0.356545 -0.183158 0
-0.4433 -0.413209 1.78805 0.735229 0.65231 0.184201 0.267193 -0.0291655 -0.963202 -0.622934 0.757391 -0.195736 91.7344 15.4973 40.2735 0.614477 0.700023 0.328383 -0.156685 0
-0.443741 -0.414548 1.7876 0.768006 0.617894 0.168448 0.248544 -0.0451512 -0.967568 -0.590248 0.784964 -0.18825 92.6718 14.3914 37.544 0.619396 0.707355 0.306224 -0.149077 0
-0.441883 -0.416493 1.78698 0.810995 0.559729 0.170266 0.267062 -0.0952379 -0.958962 -0.520543 0.823185 -0.22672 95.6716 15.4895 32.6947 0.610131 0.730232 0.283058 -0.11992 0
-0.442685 -0.416587 1.78795 0.867357 0.458399 0.193811 0.268163 -0.102396 -0.957916 -0.419262 0.882828 -0.211739 96.1014 15.555 25.7981 0.623142 0.738494 0.245961 -0.0763213 0
-0.443561 -0.415061 1.78802 0.903901 0.38439 0.187638 0.245132 -0.106019 -0.963675 -0.350533 0.917063 -0.190057 96.2782 14.1896 21.1963 0.634 0.741616 0.212213 -0.0549122 0
-0.444533 -0.409664 1.78913 0.92754 0.331193 0.173151 0.221065 -0.112653 -0.968731 -0.301331 0.936814 -0.177705 96.6331 12.7716 17.9975 0.639762 0.74463 0.185413 -0.0430349 0
-0.442273 -0.413878 1.78678 0.939312 0.298136 0.169728 0.211979 -0.1154 -0.970437 -0.269736 0.947522 -0.171595 96.7815 12.2384 16.0221 0.642713 0.746041 0.170941 -0.033513 0
-0.442809 -0.413937 1.78708 0.947426 0.26401 0.180785 0.218238 -0.11998 -0.968492 -0.234001 0.957028 -0.171289 97.062 12.6056 13.8736 0.643459 0.748113 0.161155 -0.0177835 0
-0.442539 -0.415154 1.78874 0.957092 0.23197 0.173681 0.20627 -0.124377 -0.970558 -0.203538 0.964739 -0.166888 97.3026 11.9038 12.0058 0.645335 0.749726 0.146133 -0.00995607 0
-0.440857 -0.414848 1.7899 0.950122 0.272895 0.150985 0.189963 -0.122425 -0.974128 -0.247351 0.954222 -0.168159 97.1632 10.9506 14.5922 0.644115 0.748449 0.154606 -0.0321883 0
-0.440014 -0.414726 1.78716 0.952499 0.266808 0.14683 0.186193 -0.128661 -0.974053 -0.240994 0.955123 -0.172228 97.5246 10.7307 14.1986 0.642575 0.750564 0.150887 -0.0313642 0
-0.442965 -0.415017 1.78555 0.954066 0.256301 0.155139 0.197992 -0.150755 -0.968541 -0.22485 0.954769 -0.194575 98.8472 11.4195 13.2612 0.63418 0.758188 0.149795 -0.0229861 0
-0.44192 -0.414514 1.78694 0.955345 0.240173 0.172141 0.212088 -0.151688 -0.965406 -0.205752 0.958805 -0.195852 98.9295 12.2447 12.1541 0.633996 0.758763 0.149012 -0.0110745 0
-0.441518 -0.4144 1.78628 0.952485 0.243344 0.183182 0.226836 -0.165369 -0.959791 -0.203266 0.955739 -0.21271 99.7759 13.1109 12.0466 0.627377 0.763309 0.153994 -0.00657813 0
-0.441013 -0.416095 1.78714 0.946086 0.265914 0.184963 0.234212 -0.167135 -0.957711 -0.223755 0.949398 -0.220404 99.8993 13.5452 13.3063 0.624209 0.76381 0.163694 -0.0126968 0
-0.441986 -0.415764 1.78425 0.948083 0.250364 0.196104 0.244568 -0.179818 -0.952813 -0.203287 0.951306 -0.231713 100.687 14.1563 12.1021 0.619789 0.768052 0.1611 -0.00233791 0
-0.43998 -0.415268 1.78808 0.926798 0.34874 0.139376 0.203345 -0.153965 -0.966926 -0.315746 0.924487 -0.213609 99.0473 11.7326 18.8132 0.624345 0.757359 0.18224 -0.0582189 0
-0.441797 -0.414639 1.7892 0.949883 0.262899 0.169136 0.208366 -0.129129 -0.969489 -0.233037 0.956143 -0.177436 97.5867 12.0266 13.7843 0.64096 0.751074 0.156863 -0.02127 0
-0.441585 -0.414671 1.78724 0.948461 0.258545 0.183239 0.222741 -0.132614 -0.965816 -0.225407 0.956853 -0.183367 97.8182 12.8701 13.3686 0.638843 0.752403 0.159916 -0.0140111 0
-0.442009 -0.415469 1.7881 0.953688 0.23058 0.193162 0.229309 -0.141721 -0.962981 -0.194669 0.962678 -0.188032 98.3721 13.2564 11.5369 0.637169 0.755553 0.15217 -0.000498715 0
-0.441416 -0.416351 1.78787 0.908482 0.375969 0.182505 0.241197 -0.115051 -0.963632 -0.341298 0.919462 -0.195205 96.8085 13.9572 20.5902 0.632105 0.744771 0.207166 -0.0533026 0
-0.440443 -0.416167 1.78727 0.877572 0.448236 0.17015 0.248232 -0.121166 -0.961093 -0.41018 0.885665 -0.217599 97.1854 14.3729 25.0515 0.620243 0.744368 0.233912 -0.0806153 0
-0.442031 -0.415779 1.78737 0.860874 0.474658 0.183292 0.255631 -0.0920004 -0.962387 -0.439941 0.875349 -0.200538 95.4607 14.811 27.0689 0.626166 0.733726 0.248829 -0.0874474 0
-0.442114 -0.41617 1.7854 0.848559 0.495765 0.184834 0.275958 -0.116633 -0.954067 -0.451436 0.860589 -0.23578 96.9697 16.0191 28.0131 0.611585 0.741784 0.260091 -0.0898514 0
-0.442089 -0.416802 1.78711 0.841844 0.503602 0.194123 0.260915 -0.0648814 -0.963179 -0.472464 0.861496 -0.186017 93.8537 15.1244 29.3022 0.630663 0.723316 0.26424 -0.0962028 0
-0.442643 -0.415213 1.78617 0.838344 0.512984 0.184464 0.264593 -0.087052 -0.960423 -0.476624 0.853972 -0.208711 95.1791 15.3428 29.6196 0.621003 0.730429 0.266137 -0.0999961 0
-0.441206 -0.411584 1.79114 0.829248 0.535443 0.160153 0.253761 -0.105414 -0.961506 -0.497949 0.837967 -0.223289 96.2566 14.7002 30.9841 0.612484 0.734498 0.26862 -0.114975 0
-0.442838 -0.417059 1.78806 0.891398 0.411798 0.189293 0.257397 -0.116212 -0.959292 -0.373037 0.903835 -0.209586 96.9073 14.9156 22.7086 0.62562 0.744513 0.224709 -0.0616996 0
-0.442208 -0.417423 1.78622 0.90733 0.373074 0.193824 0.256474 -0.125876 -0.958319 -0.333126 0.919223 -0.209895 97.483 14.861 20.1607 0.626809 0.748849 0.210172 -0.0465052 0
-0.44361 -0.416243 1.78851 0.919798 0.356923 0.163027 0.224249 -0.137204 -0.964825 -0.322 0.924003 -0.206239 98.0935 12.9587 19.294 0.627765 0.752204 0.193156 -0.052836 0
-0.441966 -0.415834 1.78817 0.904806 0.383842 0.184368 0.247176 -0.120868 -0.961403 -0.346743 0.915454 -0.204238 97.1656 14.3104 20.968 0.628431 0.746644 0.211285 -0.0543682 0
-0.443288 -0.414996 1.78869 0.908435 0.376948 0.180709 0.242316 -0.12259 -0.962421 -0.340629 0.918086 -0.202706 97.2591 14.0233 20.5542 0.629114 0.747284 0.207172 -0.0535005 0
-0.442381 -0.415966 1.78615 0.901429 0.393494 0.180519 0.251643 -0.136942 -0.958083 -0.352279 0.90907 -0.222464 98.1344 14.5747 21.3456 0.620891 0.751804 0.21453 -0.0571161 0
-0.441021 -0.415386 1.78611 0.906819 0.384656 0.17239 0.228415 -0.104695 -0.967918 -0.354268 0.917103 -0.182801 96.1734 13.2037 21.3391 0.636263 0.740661 0.206934 -0.0613904 0
-0.44299 -0.415533 1.7875 0.901071 0.399902 0.167776 0.223768 -0.0973411 -0.969769 -0.371481 0.911374 -0.177197 95.7319 12.9304 22.4047 0.637678 0.737497 0.211414 -0.0690527 0
-0.441596 -0.415117 1.78737 0.893817 0.421012 0.154404 0.22118 -0.114376 -0.968503 -0.390091 0.899815 -0.19535 96.7352 12.7783 23.578 0.629303 0.742217 0.216309 -0.0793861 0
-0.442037 -0.412943 1.78854 0.917428 0.393435 0.059446 0.145883 -0.193587 -0.970176 -0.370193 0.89874 -0.234998 101.285 8.38841 21.9747 0.610091 0.765835 0.176055 -0.101441 0
-0.439876 -0.41028 1.79082 0.896731 0.440281 -0.0450166 0.0630075 -0.22768 -0.971695 -0.438068 0.868513 -0.231909 103.187 3.61245 26.0363 0.599404 0.767515 0.163934 -0.157353 0
-0.440733 -0.409494 1.79253 0.891074 0.452132 -0.0395403 0.103045 -0.286387 -0.952557 -0.442005 0.844724 -0.301782 106.733 5.91452 26.3831 0.570724 0.787281 0.176296 -0.152914 0
-0.440904 -0.410565 1.79366 0.871164 0.490121 -0.0292508 0.133595 -0.293942 -0.946441 -0.472468 0.820597 -0.321549 107.254 7.67736 28.4728 0.560284 0.788456 0.197765 -0.159083 0
-0.440534 -0.411496 1.79398 0.862157 0.506641 -0.000569453 0.170172 -0.290641 -0.941578 -0.477208 0.811691 -0.336794 107.154 9.79779 28.9647 0.55559 0.788922 0.214474 -0.151402 0
-0.439838 -0.409927 1.79268 0.85259 0.522201 0.0199135 0.192043 -0.277652 -0.941291 -0.486014 0.80636 -0.337008 106.434 11.0721 29.6851 0.556312 0.785374 0.227358 -0.148369 0
-0.439594 -0.409526 1.79287 0.851457 0.523811 0.0253418 0.192426 -0.267107 -0.94426 -0.487845 0.808873 -0.328225 105.795 11.0944 29.8107 0.560385 0.782111 0.228944 -0.147838 0
-0.439777 -0.410095 1.7921 0.845206 0.53399 0.0219291 0.201684 -0.280692 -0.938369 -0.494924 0.797538 -0.34494 106.653 11.6354 30.3518 0.552172 0.785945 0.234009 -0.150454 0
-0.439876 -0.411085 1.79251 0.840316 0.541586 0.0235314 0.214086 -0.291667 -0.932254 -0.498033 0.788425 -0.361038 107.373 12.3619 30.6541 0.544888 0.789465 0.239299 -0.15026 0
-0.439958 -0.410752 1.79238 0.846825 0.531716 0.0128945 0.19566 -0.288887 -0.937156 -0.494576 0.79613 -0.348673 107.132 11.2833 30.2865 0.549833 0.788096 0.230738 -0.152799 0
-0.44052 -0.409972 1.79247 0.860853 0.508692 -0.0128492 0.159885 -0.294372 -0.942222 -0.483083 0.80906 -0.334743 107.35 9.20024 29.2997 0.554918 0.788982 0.211848 -0.157143 0
-0.439912 -0.41116 1.79189 0.780812 0.624721 0.0075112 0.21859 -0.261905 -0.940013 -0.585278 0.735615 -0.341056 105.569 12.6262 36.8544 0.542644 0.771974 0.273102 -0.187107 0
-0.43955 -0.410974 1.79181 0.718948 0.69446 0.028978 0.262146 -0.232306 -0.93665 -0.643734 0.680999 -0.349066 103.929 15.1974 41.8407 0.533286 0.75834 0.315362 -0.202665 0
-0.439047 -0.41133 1.79153 0.654715 0.754821 0.0399219 0.291274 -0.203203 -0.934809 -0.697501 0.623661 -0.3529 102.264 16.9343 46.8123 0.524073 0.743441 0.351775 -0.221127 0
-0.439283 -0.411466 1.79258 0.62282 0.781686 0.0326111 0.28316 -0.186363 -0.940792 -0.729326 0.595178 -0.337413 101.205 16.4489 49.5038 0.524176 0.732563 0.363397 -0.237766 0
-0.439328 -0.411513 1.79253 0.613747 0.789063 0.0263641 0.254384 -0.166031 -0.952745 -0.747398 0.59145 -0.302625 99.8854 14.7371 50.6079 0.535044 0.721527 0.361541 -0.249829 0
-0.439426 -0.410176 1.79237 0.62303 0.78166 0.0290048 0.249083 -0.16311 -0.954648 -0.741479 0.601999 -0.296321 99.6959 14.4232 49.9612 0.539351 0.721537 0.357134 -0.24686 0
-0.439911 -0.410181 1.79398 0.639757 0.768317 0.0200164 0.26025 -0.192051 -0.946248 -0.723174 0.610578 -0.322821 101.473 15.0849 48.5024 0.530303 0.733933 0.350361 -0.239517 0
-0.440755 -0.409769 1.79307 0.617666 0.785895 -0.0292839 0.232642 -0.218159 -0.947779 -0.751243 0.578598 -0.317582 102.962 13.4527 50.5732 0.520078 0.733724 0.347044 -0.265947 0
-0.439948 -0.41068 1.79302 0.687242 0.726392 0.00736597 0.255997 -0.232686 -0.938255 -0.679827 0.646694 -0.345866 103.928 14.8327 44.6892 0.526472 0.752628 0.32632 -0.223371 0
-0.440076 -0.412035 1.79403 0.637919 0.76997 0.0143454 0.273917 -0.209451 -0.938669 -0.719742 0.602725 -0.344521 102.579 15.8975 48.4489 0.520564 0.740252 0.352544 -0.238229 0
-0.439729 -0.410731 1.79327 0.643218 0.76508 0.0303725 0.28907 -0.205913 -0.9349 -0.709019 0.610125 -0.353609 102.421 16.8023 47.7859 0.520504 0.742082 0.355133 -0.228629 0
-0.439141 -0.41037 1.79271 0.662442 0.747409 0.0505089 0.288034 -0.191887 -0.938198 -0.691525 0.63605 -0.342393 101.559 16.7403 46.2305 0.531075 0.741067 0.349308 -0.216248 0
-0.439715 -0.410325 1.79348 0.687088 0.726304 0.0197947 0.258924 -0.219306 -0.940672 -0.678873 0.65145 -0.33874 103.123 15.0062 44.6554 0.531282 0.749189 0.328765 -0.219931 0
-0.440749 -0.411355 1.79447 0.689897 0.723865 -0.00786246 0.250053 -0.248484 -0.935804 -0.679349 0.643643 -0.352433 104.871 14.4806 44.5586 0.521771 0.756772 0.321734 -0.227021 0
-0.440279 -0.410516 1.79404 0.700978 0.713151 0.00673955 0.25203 -0.238865 -0.937776 -0.667167 0.659059 -0.347174 104.29 14.5976 43.5843 0.527953 0.756144 0.319113 -0.218354 0
-0.439952 -0.411014 1.79308 0.680992 0.731998 0.0207198 0.280715 -0.234813 -0.930624 -0.67635 0.639564 -0.365389 104.161 16.3029 44.804 0.519805 0.755181 0.335255 -0.217044 0
-0.440441 -0.411675 1.79456 0.678078 0.734873 0.0130963 0.268208 -0.230811 -0.935302 -0.684306 0.63772 -0.353607 103.862 15.5577 45.2619 0.522891 0.75208 0.333436 -0.223118 0
-0.44004 -0.410989 1.79265 0.679352 0.733724 0.0114065 0.256898 -0.223243 -0.940301 -0.687375 0.641725 -0.340153 103.356 14.8861 45.3363 0.528194 0.74879 0.330741 -0.225687 0
-0.440303 -0.41067 1.79209 0.696967 0.71692 -0.0161906 0.230288 -0.245147 -0.941738 -0.67912 0.652632 -0.335957 104.591 13.314 44.257 0.528172 0.754664 0.313785 -0.230338 0
-0.441056 -0.410553 1.79384 0.687825 0.725599 -0.0200921 0.23601 -0.249728 -0.939114 -0.686437 0.641204 -0.343018 104.891 13.6512 44.9422 0.52323 0.755078 0.318381 -0.233926 0
-0.439833 -0.410278 1.79183 0.687756 0.725929 0.00437984 0.251746 -0.23284 -0.939367 -0.680893 0.647158 -0.342887 103.921 14.5808 44.7127 0.527264 0.752244 0.324919 -0.224832