-0.337462 -0.389147 1.46469 0.829067 0.558234 0.0319875 0.202881 -0.247016 -0.947535 -0.521044 0.792059 -0.318048 104.611 11.7055 32.1482 0.562139 0.773649 0.24595 -0.158036 0
-0.339055 -0.389008 1.47054 0.832078 0.553367 0.0378336 0.184211 -0.211363 -0.959892 -0.523176 0.805674 -0.277807 102.418 10.6151 32.16 0.579419 0.761782 0.242057 -0.159279 0
-0.338653 -0.390233 1.47639 0.834813 0.549324 0.0364867 0.166627 -0.188947 -0.967747 -0.524712 0.813967 -0.249267 101.048 9.59179 32.151 0.590889 0.753828 0.237439 -0.161915 0
-0.325392 -0.394694 1.49196 0.855042 0.517243 0.03691 0.161651 -0.198236 -0.966732 -0.492718 0.832564 -0.253113 101.588 9.30271 29.9527 0.592388 0.75934 0.223514 -0.150067 0
-0.316149 -0.397074 1.49967 0.86249 0.50486 0.0350362 0.155762 -0.198954 -0.967551 -0.481508 0.83996 -0.250234 101.62 8.96101 29.1736 0.594412 0.76021 0.21725 -0.146825 0
-0.306955 -0.399278 1.50707 0.858621 0.511837 0.0281527 0.154919 -0.206744 -0.966052 -0.488641 0.833834 -0.256808 102.08 8.91207 29.6442 0.590565 0.761934 0.218771 -0.151092 0
-0.29803 -0.400555 1.51452 0.860097 0.509337 0.0284366 0.155438 -0.208573 -0.965576 -0.485872 0.834909 -0.258563 102.189 8.94218 29.4623 0.590119 0.762764 0.217884 -0.149927 0
-0.292524 -0.40287 1.52572 0.869463 0.493247 0.0272192 0.150569 -0.212128 -0.965573 -0.470492 0.843628 -0.258705 102.391 8.65988 28.4191 0.591318 0.764902 0.210424 -0.144879 0
-0.297587 -0.399167 1.55085 0.870067 0.491307 0.0400014 0.157062 -0.199394 -0.967251 -0.467241 0.847856 -0.250652 101.648 9.03643 28.2366 0.595823 0.761596 0.212832 -0.140245 0
-0.279022 -0.388876 1.55532 0.883177 0.467479 0.0382322 0.11099 -0.129096 -0.985401 -0.455718 0.874527 -0.165901 97.4638 6.37239 27.2937 0.630115 0.737932 0.195976 -0.141438 0
-0.269193 -0.39145 1.56085 0.90062 0.433906 0.0246596 0.0729519 -0.0949974 -0.992801 -0.42844 0.895936 -0.117211 95.4658 4.18355 25.4412 0.649695 0.726779 0.174351 -0.138894 0
-0.259605 -0.393761 1.5688 0.902489 0.430136 0.0222875 0.0658276 -0.0866085 -0.994065 -0.425653 0.8986 -0.106478 94.9794 3.77437 25.2506 0.653721 0.723805 0.171304 -0.139321 0
-0.249765 -0.395231 1.57532 0.909918 0.414341 0.0192578 0.0711573 -0.110189 -0.99136 -0.40864 0.903427 -0.129746 96.3423 4.08046 24.1846 0.646139 0.733119 0.165559 -0.132783 0
-0.240045 -0.393986 1.58216 0.913167 0.406878 0.0240035 0.0942799 -0.153566 -0.98363 -0.396532 0.900482 -0.178592 98.8735 5.40988 23.4723 0.628691 0.74922 0.167227 -0.124305 0
-0.229376 -0.394141 1.58926 0.921088 0.388583 0.0244927 0.113105 -0.206848 -0.971813 -0.372564 0.897896 -0.234476 102.016 6.49436 22.0225 0.608228 0.768507 0.163202 -0.11323 0
-0.220476 -0.394138 1.60061 0.939335 0.342781 0.0122729 0.0936842 -0.221977 -0.970541 -0.329959 0.912813 -0.240624 102.883 5.37559 19.3548 0.607605 0.774909 0.140812 -0.102491 0
-0.209897 -0.376123 1.6062 0.938888 0.344126 0.00816273 0.0923252 -0.228907 -0.96906 -0.33161 0.910593 -0.24669 103.291 5.29739 19.4529 0.604833 0.776931 0.140441 -0.104079 0
-0.199627 -0.367253 1.61072 0.942101 0.334923 0.0164825 0.0965439 -0.223839 -0.969833 -0.32113 0.915272 -0.243214 102.996 5.54019 18.8225 0.607258 0.776072 0.138991 -0.0981376 0
-0.188813 -0.356992 1.61537 0.953167 0.302233 0.0112921 0.0791386 -0.2132 -0.973798 -0.291906 0.929086 -0.227134 102.349 4.53905 17.0271 0.614987 0.773547 0.123254 -0.0906907 0
-0.178962 -0.346756 1.62058 0.964598 0.263443 0.0121567 0.0669683 -0.200098 -0.977485 -0.255079 0.943694 -0.210657 101.569 3.83988 14.8123 0.623266 0.770609 0.107192 -0.0788086 0
-0.168277 -0.336772 1.62342 0.96847 0.248912 0.0104238 0.0616773 -0.199016 -0.978053 -0.241375 0.947858 -0.208094 101.502 3.53609 13.9949 0.624772 0.770646 0.100756 -0.0749213 0
-0.15797 -0.328215 1.63027 0.972712 0.231618 0.013602 0.0591133 -0.190711 -0.979865 -0.22436 0.95393 -0.199199 101.014 3.38892 12.9884 0.629047 0.768541 0.0945724 -0.0685578 0
-0.156822 -0.324943 1.63664 0.976037 0.217306 0.0113929 0.0523489 -0.183664 -0.981594 -0.211214 0.958669 -0.190639 100.598 3.00074 12.2105 0.632798 0.766541 0.0879453 -0.0651696 0
-0.157084 -0.337119 1.63865 0.922864 0.385018 0.00908309 0.0795131 -0.167405 -0.982677 -0.376828 0.907599 -0.185106 99.6679 4.56058 22.2114 0.626569 0.754217 0.153978 -0.121896 0
-0.157835 -0.337636 1.63785 0.913825 0.405968 0.0106629 0.0905585 -0.17811 -0.979835 -0.395882 0.896363 -0.199525 100.302 5.19574 23.423 0.619716 0.756878 0.164005 -0.12724 0
-0.158124 -0.331103 1.63796 0.946551 0.322283 0.0132271 0.0763328 -0.183972 -0.979963 -0.313392 0.928595 -0.198739 100.633 4.37781 18.3191 0.625268 0.763096 0.130592 -0.0983378 0
-0.158164 -0.32924 1.63884 0.960192 0.279051 0.012693 0.0679452 -0.189236 -0.979578 -0.270951 0.941446 -0.200663 100.934 3.89598 15.7582 0.626557 0.7665 0.113176 -0.0842327 0
-0.158169 -0.327572 1.63948 0.973117 0.229981 0.0123091 0.057929 -0.192687 -0.979549 -0.222906 0.953929 -0.20083 101.129 3.32095 12.9018 0.628411 0.769193 0.0935752 -0.0684472 0
-0.158421 -0.325578 1.64064 0.978344 0.20683 0.00797391 0.0475975 -0.187319 -0.981145 -0.201437 0.960278 -0.193107 100.809 2.72817 11.6344 0.632044 0.767914 0.0828308 -0.0629833 0
-0.158125 -0.325358 1.63727 0.97814 0.207865 0.00581762 0.0462265 -0.190079 -0.98068 -0.202743 0.959511 -0.195533 100.969 2.64953 11.7101 0.630977 0.768725 0.0826339 -0.0640428 0
-0.158153 -0.322813 1.63844 0.991848 0.127313 0.00541513 0.0294408 -0.187602 -0.981804 -0.12398 0.973959 -0.189821 100.818 1.68708 7.12498 0.6353 0.769622 0.0509191 -0.0385141 0
-0.158367 -0.319407 1.64284 0.992776 0.11987 0.00513084 0.026622 -0.178385 -0.983601 -0.116989 0.976632 -0.180287 100.279 1.52551 6.72077 0.63916 0.766722 0.0477659 -0.036473 0
-0.158039 -0.318233 1.63915 0.992041 0.125861 -0.00359093 0.0190113 -0.177918 -0.983862 -0.124469 0.975963 -0.178895 100.25 1.08933 7.15138 0.63938 0.766299 0.0472637 -0.0417787 0
-0.158689 -0.317116 1.63614 0.993203 0.116342 -0.00340384 0.0190149 -0.191041 -0.981398 -0.114828 0.974663 -0.191955 101.016 1.08954 6.59491 0.63447 0.770746 0.0439045 -0.0383498 0
-0.158476 -0.317279 1.63805 0.996782 0.0797768 -0.00780031 0.00804827 -0.196429 -0.980485 -0.0797522 0.977267 -0.196439 101.329 0.461137 4.57447 0.633229 0.772925 0.0284068 -0.0283186 0
-0.158611 -0.31697 1.63955 0.997711 0.0667725 -0.0106664 0.00291588 -0.20008 -0.979775 -0.0675562 0.977502 -0.199817 101.542 0.167068 3.87365 0.632023 0.774211 0.022503 -0.0252588 0
-0.158698 -0.316588 1.63757 0.99418 0.107536 -0.00644893 0.0146159 -0.19395 -0.980903 -0.106733 0.9751 -0.194393 101.185 0.837457 6.12768 0.633608 0.771771 0.0395687 -0.0366631 0
-0.158056 -0.317036 1.63981 0.997436 0.07143 0.00428064 0.018438 -0.198743 -0.979878 -0.0691419 0.977445 -0.199551 101.465 1.05648 3.96538 0.632286 0.773907 0.0290306 -0.0209525 0
-0.158973 -0.318889 1.64775 0.999251 0.0386093 0.00260092 0.0101102 -0.195603 -0.980631 -0.0373528 0.979923 -0.195847 101.281 0.579282 2.14076 0.633996 0.773095 0.0157547 -0.0112379 0
-0.15952 -0.319706 1.64958 0.999969 -0.00323845 0.00724048 0.00643152 -0.203178 -0.979121 0.00464194 0.979136 -0.203151 101.723 0.368502 -0.26597 0.631197 0.775612 0.00102921 0.00383001 0
-0.159678 -0.319681 1.65208 0.99984 0.0178744 -0.000786444 0.00271013 -0.194752 -0.980849 -0.0176853 0.98069 -0.194769 101.23 0.155279 1.01335 0.634492 0.772878 0.00665842 -0.00597498 0
-0.15918 -0.319562 1.65632 0.998095 0.0611184 -0.00844269 0.0033592 -0.190465 -0.981688 -0.0616072 0.97979 -0.190307 100.98 0.192468 3.53209 0.63587 0.771179 0.0209023 -0.0227087 0
-0.159182 -0.319672 1.65405 0.999778 0.0210694 -0.000485256 0.00366747 -0.196609 -0.980475 -0.0207534 0.980256 -0.196643 101.339 0.210131 1.18918 0.633744 0.773471 0.00799541 -0.00686473 0
-0.160097 -0.320841 1.65882 0.999216 0.0392545 0.00519684 0.0127289 -0.194154 -0.980888 -0.0374953 0.980185 -0.194501 101.196 0.729333 2.149 0.634539 0.772637 0.0168201 -0.0104507 0
-0.161161 -0.32243 1.6676 0.999295 -0.0366201 0.00823739 0.000872479 -0.196737 -0.980456 0.037525 0.979772 -0.196567 101.346 0.0499894 -2.15053 0.633639 0.773401 -0.0115553 0.0147926 0
-0.160665 -0.321046 1.66229 0.99962 -0.0274895 0.00190989 -0.00324401 -0.186225 -0.982502 0.0273641 0.982122 -0.186244 100.733 -0.185868 -1.56805 0.637799