-0.335863 -0.387511 1.45668 0.832206 0.554396 0.00886612 0.179223 -0.253831 -0.950499 -0.524703 0.7926 -0.3106 104.952 10.3245 32.2313 0.562978 0.774054 0.236941 -0.166602 0
-0.33715 -0.378742 1.46436 0.817316 0.575198 0.0337815 0.202149 -0.23135 -0.951637 -0.539565 0.784617 -0.305361 103.664 11.6626 33.4314 0.565819 0.767142 0.253326 -0.164827 0
-0.338305 -0.369948 1.46797 0.800727 0.59834 0.0287173 0.189462 -0.207486 -0.959715 -0.568278 0.773911 -0.279503 102.199 10.9214 35.3634 0.573092 0.75626 0.260427 -0.178365 0
-0.339361 -0.36376 1.47143 0.78545 0.618469 0.0237614 0.171866 -0.181065 -0.968337 -0.594584 0.764664 -0.248512 100.591 9.89635 37.1257 0.58221 0.744148 0.265517 -0.191771 0
-0.338957 -0.363027 1.47626 0.769918 0.637656 0.0249032 0.16519 -0.161455 -0.972957 -0.616391 0.753211 -0.229642 99.422 9.50825 38.6805 0.587116 0.73502 0.27307 -0.201181 0
-0.337124 -0.347082 1.48459 0.761947 0.646847 0.0320156 0.155105 -0.134263 -0.978732 -0.628791 0.750708 -0.20263 97.8111 8.92289 39.5309 0.596878 0.724369 0.276776 -0.205964 0
-0.343106 -0.326103 1.49176 0.758956 0.649603 0.0447393 0.181236 -0.144752 -0.972728 -0.625412 0.746366 -0.227592 98.4641 10.4418 39.49 0.588773 0.729948 0.284554 -0.198874 0
-0.332071 -0.323744 1.49329 0.725255 0.688092 0.0231171 0.150147 -0.125309 -0.98069 -0.671908 0.714722 -0.194196 97.2816 8.63545 42.8134 0.592822 0.714976 0.293101 -0.226858 0
-0.321678 -0.322512 1.49268 0.744202 0.6677 0.0184483 0.169558 -0.162127 -0.972093 -0.646076 0.726561 -0.233869 99.4687 9.76213 40.9628 0.580561 0.731471 0.286156 -0.214509 0
-0.322023 -0.323598 1.49049 0.743465 0.667952 0.0331679 0.18749 -0.160567 -0.969054 -0.641956 0.726676 -0.24461 99.4081 10.8064 40.8095 0.578422 0.732912 0.291796 -0.207661 0
-0.32322 -0.324426 1.49024 0.74945 0.661346 0.0307501 0.184195 -0.163671 -0.969167 -0.635922 0.732006 -0.24448 99.5855 10.6142 40.3152 0.579073 0.734439 0.287819 -0.205998 0
-0.322936 -0.325053 1.48927 0.751618 0.659069 0.026447 0.171931 -0.157049 -0.97251 -0.636797 0.735503 -0.231355 99.1734 9.90009 40.2725 0.583784 0.731441 0.284028 -0.208612 0
-0.323484 -0.324259 1.49165 0.753989 0.656355 0.0264429 0.169093 -0.155033 -0.973331 -0.634751 0.738351 -0.227878 99.0501 9.73509 40.0926 0.585465 0.730907 0.282337 -0.208066 0
-0.324379 -0.325596 1.49542 0.753641 0.656588 0.0302717 0.167328 -0.147115 -0.974863 -0.635631 0.739763 -0.220737 98.5817 9.63247 40.1447 0.588598 0.728267 0.282834 -0.207808 0
-0.323833 -0.325713 1.49477 0.76704 0.641181 0.023162 0.157962 -0.153733 -0.975405 -0.62185 0.751833 -0.219201 98.9567 9.0886 39.0322 0.590361 0.731432 0.273143 -0.204629 0
-0.325025 -0.325764 1.50041 0.740884 0.671314 0.0207103 0.158146 -0.144401 -0.9768 -0.652749 0.726971 -0.21315 98.4091 9.09931 41.3814 0.588076 0.724299 0.286298 -0.218155 0
-0.325687 -0.327249 1.50324 0.729053 0.68407 0.0230227 0.162596 -0.140419 -0.97665 -0.664864 0.715773 -0.2136 98.1817 9.35764 42.3634 0.586309 0.721643 0.293312 -0.222354 0
-0.324931 -0.325455 1.49929 0.748037 0.663291 0.022055 0.159968 -0.147955 -0.975971 -0.64409 0.73359 -0.216781 98.6203 9.20506 40.7298 0.588069 0.726769 0.283192 -0.213973 0
-0.328273 -0.327389 1.51413 0.692379 0.720898 0.0302953 0.163471 -0.115832 -0.979724 -0.702772 0.683293 -0.198046 96.7427 9.40845 45.4268 0.587048 0.708212 0.312184 -0.237385 0
-0.333733 -0.332224 1.5414 0.82982 0.555439 0.053728 0.147817 -0.125947 -0.980963 -0.538098 0.821964 -0.186616 97.3163 8.50041 32.9615 0.615885 0.731844 0.240234 -0.165462 0
-0.336704 -0.336198 1.56414 0.947045 0.314949 0.0625494 0.126079 -0.185577 -0.974508 -0.295313 0.930789 -0.215458 100.782 7.24305 17.3188 0.621693 0.766172 0.143906 -0.0759501 0
-0.335812 -0.346633 1.57196 0.949925 0.308264 0.0511392 0.118223 -0.203058 -0.972003 -0.289249 0.929377 -0.229334 101.8 6.78955 16.9353 0.615941 0.771738 0.138158 -0.0771344 0
-0.337239 -0.349882 1.57881 0.964845 0.258202 0.0490499 0.10435 -0.205062 -0.97317 -0.241217 0.944077 -0.224796 101.899 5.98971 14.0365 0.619473 0.773741 0.117143 -0.0620901 0
-0.337755 -0.349598 1.58335 0.968593 0.244936 0.0428375 0.0943457 -0.202619 -0.974702 -0.23006 0.948131 -0.219364 101.743 5.41366 13.3613 0.621814 0.773074 0.109718 -0.0605446 0
-0.338763 -0.349632 1.5868 0.973889 0.22462 0.0329474 0.0774353 -0.192242 -0.978288 -0.213409 0.955295 -0.204616 101.117 4.44116 12.3599 0.6279 0.769862 0.0980876 -0.058602 0
-0.33934 -0.350326 1.5897 0.979457 0.200007 0.0257173 0.0650585 -0.192705 -0.979098 -0.19087 0.960657 -0.201759 101.135 3.73021 11.0272 0.629483 0.770377 0.086018 -0.0535948 0
-0.340103 -0.35116 1.59324 0.984101 0.17414 0.034949 0.0694261 -0.196034 -0.978136 -0.163481 0.965011 -0.205007 101.333 3.98102 9.43199 0.629098 0.772195 0.078855 -0.0416126 0
-0.342092 -0.353586 1.60121 0.982096 0.184939 0.0358488 0.0744241 -0.20609 -0.975699 -0.173057 0.960898 -0.216164 101.927 4.26814 9.99358 0.624468 0.775298 0.0836333 -0.0442435 0
-0.343927 -0.355869 1.61183 0.982457 0.183297 0.0343629 0.0733369 -0.210318 -0.974879 -0.171465 0.960296 -0.220071 102.174 4.20567 9.89996 0.62291 0.776667 0.0826076 -0.0441317 0
-0.345894 -0.357235 1.61984 0.978577 0.20372 0.029757 0.0707406 -0.196972 -0.977854 -0.193347 0.95901 -0.207163 101.389 4.05653 11.1766 0.627384 0.771802 0.0889026 -0.0529897 0
-0.347006 -0.358309 1.62451 0.978079 0.205858 0.0313582 0.0735339 -0.200563 -0.976917 -0.194817 0.957808 -0.211304 101.602 4.21699 11.265 0.625742 0.772973 0.090363 -0.0528671 0
-0.348609 -0.36004 1.6314 0.972689 0.229517 0.0346227 0.0814475 -0.197815 -0.97685 -0.217354 0.952991 -0.211106 101.448 4.67177 12.5962 0.625253 0.771623 0.10075 -0.0592037 0
-0.362029 -0.361645 1.64198 0.982161 0.18741 0.0154117 0.0548583 -0.207171 -0.976765 -0.179863 0.960186 -0.213756 101.975 3.14472 10.3776 0.624747 0.775095 0.0781415 -0.0530423 0
-0.371303 -0.364495 1.64986 0.981386 0.190515 0.0242024 0.06471 -0.209387 -0.975689 -0.180816 0.959094 -0.217818 102.112 3.7102 10.4394 0.623334 0.775982 0.0822265 -0.0504565 0
-0.368346 -0.36835 1.66913 0.981919 0.187215 0.0280451 0.063556 -0.186478 -0.980401 -0.178316 0.964457 -0.195004 100.769 3.64394 10.2927 0.632542 0.768668 0.0815601 -0.0488737 0
-0.369295 -0.370145 1.67586 0.982464 0.184523 0.0267465 0.0656541 -0.20811 -0.9759 -0.17451 0.960542 -0.216575 102.038 3.76441 10.0721 0.624055 0.775749 0.0806243 -0.0476195 0
-0.370533 -0.371171 1.67994 0.984071 0.175716 0.0269953 0.0657396 -0.21859 -0.9736 -0.165176 0.959866 -0.22666 102.654 3.76932 9.52828 0.620246 0.779314 0.0774578 -0.0443278 0
-0.371501 -0.372708 1.68514 0.981884 0.187536 0.0270815 0.0663395 -0.20636 -0.976225 -0.177489 0.960336 -0.215063 101.936 3.80377 10.2463 0.624592 0.77513 0.0818817 -0.0485104 0
-0.37276 -0.373874 1.69224 0.981271 0.191551 0.0203789 0.0589466 -0.197873 -0.978454 -0.183391 0.96133 -0.205458 101.433 3.37935 10.586 0.62808 0.772108 0.0811083 -0.0527816 0
-0.37427 -0.37575 1.69847 0.983157 0.181406 0.0222162 0.0599628 -0.205346 -0.976851 -0.172644 0.96173 -0.212765 101.871 3.43768 9.9597 0.625509 0.774801 0.0778808 -0.0485376 0
-0.379168 -0.388625 1.72807 0.947054 0.317705 0.0463883 0.112905 -0.194285 -0.974426 -0.300568 0.928071 -0.219869 101.276 6.48282 17.6079 0.619052 0.768311 0.140116 -0.0827072 0
-0.381631 -0.394314 1.74082 0.93141 0.358092 0.0651613 0.141176 -0.190421 -0.971499 -0.335477 0.914062 -0.227914 101.09 8.11587 19.8081 0.615036 0.766444 0.162852 -0.0881722 0
-0.384594 -0.393632 1.75071 0.928965 0.369805 0.0164003 0.0991424 -0.205874 -0.973543 -0.356645 0.906013 -0.227913 101.94 5.68979 21.0026 0.611387 0.768562 0.15254 -0.110676 0
-0.387368 -0.395356 1.76026 0.932312 0.361642 0.00309484 0.0854213 -0.211884 -0.973554 -0.351422 0.907921 -0.228434 102.278 4.90025 20.6532 0.610736 0.770167 0.145119 -0.113069 0
-0.389298 -0.397466 1.76928 0.934879 0.354963 -0.00149621 0.0809688 -0.217351 -0.97273 -0.345608 0.909263 -0.231938 102.596 4.64425 20.2885 0.609424 0.772037 0.141163 -0.112399 0
-0.402521 -0.400382 1.78791 0.888398 0.45892 -0.0118899 0.077911 -0.176246 -0.981258 -0.452414 0.870821 -0.192332 100.182 4.4685 26.9873 0.616405 0.751162 0.178667 -0.154529 0
-0.406508 -0.403797 1.80323 0.859688 0.510591 0.0152622 0.109298 -0.154677 -0.981901 -0.498989