-0.336157 -0.395455 1.45814 0.803499 0.595065 0.0169361 0.207169 -0.252838 -0.945068 -0.558095 0.76287 -0.326434 104.978 11.9565 34.7831 0.553224 0.771811 0.259854 -0.175288 0
-0.336373 -0.407057 1.45742 0.75695 0.653423 0.00808472 0.205427 -0.226194 -0.952174 -0.620344 0.722409 -0.305448 103.363 11.8545 39.3357 0.553468 0.756405 0.283859 -0.202358 0
-0.336252 -0.416109 1.45726 0.721374 0.692497 0.00821488 0.194027 -0.190702 -0.962282 -0.66481 0.695759 -0.271931 101.209 11.1879 42.6633 0.560968 0.738919 0.299939 -0.222147 0
-0.336167 -0.417722 1.45836 0.680898 0.731023 0.0445323 0.204821 -0.131692 -0.9699 -0.703155 0.669524 -0.239398 97.7323 11.819 45.9213 0.572234 0.716238 0.326653 -0.22989 0
-0.340473 -0.423513 1.47014 0.60383 0.796869 0.0197555 0.0636134 -0.0234689 -0.997699 -0.794571 0.603697 -0.0648627 91.3475 3.64724 52.7672 0.615528 0.650416 0.330743 -0.297816 0
-0.34441 -0.425702 1.47981 0.568679 0.822392 0.0166014 0.0495718 -0.0141187 -0.998671 -0.821064 0.568746 -0.0487965 90.81 2.84142 55.2931 0.613548 0.638669 0.34132 -0.314898 0
-0.346873 -0.425447 1.48658 0.486873 0.873432 0.00851469 0.0554174 -0.0211597 -0.998239 -0.871713 0.486487 -0.0587054 91.2143 3.17681 60.8156 0.593087 0.625847 0.371037 -0.344812 0
-0.349171 -0.426806 1.4905 0.429433 0.902793 -0.0234906 0.0130226 -0.0321987 -0.999397 -0.903005 0.428868 -0.0255839 91.8453 0.746162 64.5661 0.585587 0.609757 0.375484 -0.379863 0
-0.349892 -0.426539 1.49423 0.384446 0.922638 -0.0306523 -0.0150169 -0.0269493 -0.999524 -0.923025 0.384723 0.00349464 91.5444 -0.860439 67.388 0.583308 0.593275 0.382462 -0.40187 0
-0.353406 -0.425912 1.50363 0.307012 0.945478 -0.108694 -0.154375 -0.063223 -0.985987 -0.939102 0.31949 0.126548 93.6689 -8.88057 71.8963 0.585307 0.557604 0.354689 -0.469776 0
-0.351514 -0.420195 1.51053 0.228697 0.958078 -0.172583 -0.337617 -0.0882204 -0.93714 -0.913079 0.272588 0.303287 95.3779 -19.7317 75.9385 0.600784 0.503396 0.308138 -0.539168 0
-0.350057 -0.413368 1.52219 0.130316 0.985352 -0.109997 -0.43306 -0.0432315 -0.900328 -0.891895 0.164963 0.421082 92.7491 -25.6619 81.6872 0.614037 0.433724 0.318343 -0.577494 0
-0.347278 -0.410149 1.53093 0.06439 0.987444 -0.14425 -0.523647 -0.089617 -0.847209 -0.849498 0.130088 0.511302 96.0382 -31.5772 85.6654 0.609523 0.400844 0.289262 -0.619784 0
-0.34674 -0.404026 1.53066 0.0332729 0.969818 -0.241549 -0.631942 -0.166825 -0.756848 -0.774301 0.177828 0.607318 102.43 -39.1935 87.5394 0.606994 0.384961 0.219422 -0.65971 0
-0.348861 -0.402236 1.53646 0.0119578 0.960931 -0.276529 -0.714347 -0.185302 -0.674812 -0.699689 0.205607 0.684223 105.355 -45.5897 89.0209 0.614589 0.358133 0.172132 -0.681463 0
-0.352802 -0.391251 1.54311 -0.0139086 0.949049 -0.314822 -0.783543 -0.205944 -0.586214 -0.621182 0.238523 0.746485 109.357 -51.5861 91.2827 0.617785 0.333748 0.123975 -0.701131 0
-0.347768 -0.378259 1.55149 0.0400522 0.942218 -0.332596 -0.857127 -0.13868 -0.496086 -0.513546 0.304946 0.802046 105.618 -58.9955 85.5404 0.652575 0.306874 0.0693214 -0.689325 0
-0.346551 -0.363388 1.55781 0.00219081 0.938508 -0.345251 -0.900115 -0.148557 -0.40954 -0.435646 0.311663 0.84444 109.938 -64.1732 89.7119 0.651551 0.276726 0.0346845 -0.70548 1
-0.346319 -0.358064 1.55954 -0.0646563 0.940256 -0.334273 -0.942433 -0.167664 -0.289324 -0.328085 0.296323 0.896969 120.092 -70.4642 101.149 0.645106 0.226958 -0.00239805 -0.729604 1
-0.344669 -0.354321 1.56308 -0.0988285 0.943967 -0.314896 -0.965171 -0.167961 -0.200586 -0.242237 0.284104 0.927689 129.941 -74.8337 112.195 0.644379 0.188045 -0.0281896 -0.740689 1
-0.34433 -0.353777 1.56127 -0.140029 0.929541 -0.341095 -0.955849 -0.216789 -0.198383 -0.258351 0.298256 0.918857 137.538 -72.9109 118.458 0.624908 0.198685 -0.0331027 -0.754267 1
-0.342213 -0.352884 1.55707 -0.164728 0.919693 -0.356413 -0.951555 -0.243297 -0.188014 -0.259629 0.308175 0.915216 142.304 -72.0927 122.394 0.613838 0.202085 -0.0394173 -0.762109 1
-0.342022 -0.352355 1.55603 -0.18916 0.91469 -0.357158 -0.947163 -0.265913 -0.179367 -0.259038 0.304358 0.91666 145.999 -71.2916 126.138 0.604481 0.200058 -0.0405804 -0.770022 1
-0.344232 -0.355309 1.55475 -0.255824 0.888981 -0.379824 -0.922126 -0.342357 -0.180207 -0.290236 0.304145 0.907336 152.239 -67.2389 131.394 0.572091 0.211658 -0.0391494 -0.791441 1
-0.344271 -0.353702 1.55579 -0.274833 0.884052 -0.378045 -0.910829 -0.36533 -0.192159 -0.30799 0.291523 0.905625 152.256 -65.6202 131.744 0.562464 0.214984 -0.031138 -0.797776 1
-0.342275 -0.349968 1.55739 -0.325431 0.872329 -0.364879 -0.90822 -0.395746 -0.136094 -0.263119 0.287101 0.921055 161.022 -65.2605 141.044 0.547695 0.193171 -0.0464495 -0.812747 1
-0.343052 -0.350398 1.556 -0.340681 0.87037 -0.355518 -0.90896 -0.401547 -0.112032 -0.240266 0.284985 0.927931 164.411 -65.3621 144.806 0.54445 0.182302 -0.0529211 -0.817031 1
-0.342586 -0.350738 1.55637 -0.338011 0.878556 -0.337472 -0.912638 -0.393558 -0.110471 -0.22987 0.27065 0.934831 164.321 -65.8725 145.782 0.548467 0.173721 -0.049047 -0.816456 1
-0.340883 -0.350188 1.55619 -0.375356 0.876471 -0.301508 -0.897265 -0.425172 -0.118926 -0.232428 0.225893 0.946018 164.373 -63.8009 148.233 0.535138 0.161089 -0.0322721 -0.828635 1
-0.342449 -0.352358 1.55538 -0.364058 0.886254 -0.286384 -0.893307 -0.419273 -0.161905 -0.263562 0.196886 0.944336 158.886 -63.2918 144.097 0.53875 0.166492 -0.0105904 -0.825783 1
-0.34069 -0.351309 1.5563 -0.354572 0.890279 -0.2858 -0.903175 -0.405204 -0.141719 -0.241977 0.207878 0.947752 160.723 -64.5786 145.689 0.544972 0.160374 -0.0201037 -0.822728 0
-0.341654 -0.350055 1.55598 -0.328629 0.888445 -0.320418 -0.919805 -0.37808 -0.104952 -0.214388 0.260232 0.941444 164.486 -66.8976 146.881 0.555593 0.164322 -0.0477107 -0.813657 1
-0.34025 -0.35192 1.5571 -0.370485 0.892188 -0.258342 -0.898273 -0.41492 -0.144731 -0.236319 0.178441 0.955151 160.77 -63.932 147.468 0.540774 0.149402 -0.0101814 -0.827731 1
-0.340616 -0.352873 1.55591 -0.407578 0.887682 -0.214244 -0.878954 -0.444978 -0.171564 -0.247628 0.118385 0.961595 158.916 -61.5165 148.719 0.526555 0.137663 0.0158503 -0.838772 1
-0.340035 -0.350954 1.55572 -0.3669 0.893869 -0.25765 -0.907589 -0.404729 -0.111701 -0.204125 0.192857 0.95976 164.571 -65.1742 150.911 0.545007 0.139704 -0.0245524 -0.826346 1
-0.340672 -0.351038 1.55615 -0.347273 0.892476 -0.287902 -0.910567 -0.394319 -0.124016 -0.224207 0.219086 0.949596 162.541 -65.5839 147.153 0.549546 0.156085 -0.0289763 -0.820242 1
-0.343234 -0.351975 1.55564 -0.333867 0.890076 -0.310317 -0.908952 -0.391195 -0.144124 -0.249676 0.233945 0.939644 159.775 -65.361 143.21 0.55104 0.171525 -0.027512 -0.816196 1
-0.343292 -0.351988 1.55531 -0.346059 0.884404 -0.313166 -0.902407 -0.405096 -0.146832 -0.256721 0.231791 0.938279 160.076 -64.4762 143.43 0.544776 0.173752 -0.0259029 -0.819975 1
-0.34252 -0.353042 1.55734 -0.332688 0.879033 -0.341496 -0.893929 -0.409294 -0.182676 -0.30035 0.244499 0.92196 155.948 -63.3711 137.924 0.543134 0.196625 -0.0189392 -0.816079 1
-0.342508 -0.351833 1.55609 -0.33373 0.876604 -0.346684 -0.901765 -0.404034 -0.153546 -0.274671 0.261385 0.925329 159.192 -64.3911 140.544 0.544877 0.190378 -0.033041 -0.815949 1
-0.343537 -0.35258 1.55461 -0.335628 0.872113 -0.356053 -0.892741 -0.415103 -0.175221 -0.300611 0.259054 0.917891 157.115 -63.2198 138.15 0.540176 0.200988 -0.0256592 -0.816796 0
-0.343916 -0.352319 1.55526 -0.374409 0.844169 -0.383662 -0.862208 -0.46919 -0.19094 -0.341196 0.259307 0.903518 157.856 -59.5654 137.657 0.514762 0.218668 -0.0206242 -0.828722 1
-0.345719 -0.354501 1.55303 -0.403868 0.837188 -0.368792 -0.832196 -0.503636 -0.23195 -0.379923 0.21323 0.900107 155.272 -56.325 136.75 0.498147 0.223418 0.00558598 -0.837796 1
-0.345375 -0.355133 1.55382 -0.417326 0.833158 -0.362886 -0.822582 -0.516056 -0.238839 -0.38626 0.19883 0.900705 155.165 -55.3442 137.214 0.491763 0.2225 0.0118827 -0.841737 1
-0.344982 -0.355487 1.55317 -0.428419 0.826326 -0.365573 -0.807509 -0.531674 -0.255445 -0.405446 0.185766 0.895044 154.338 -53.8533 136.578 0.483465 0.228151 0.0206185 -0.844857 1
-0.345718 -0.356603 1.55352 -0.44365 0.819999 -0.361631 -0.787122 -0.549455 -0.280246 -0.428501 0.160316 0.889205 152.976 -51.9174 135.995 0.473313 0.232701 0.0353204 -0.848868 1
-0.344786 -0.356383 1.55262 -0.455632 0.809313 -0.370692 -0.773436 -0.566076 -0.285227 -0.440677 0.156748 0.883874 153.258 -50.6635 135.956 0.464265 0.237997 0.0376863 -0.852288 1
-0.344942 -0.356251 1.55306 -0.45826 0.802865 -0.381321 -0.772871 -0.571815 -0.275133 -0.43894 0.168629 0.882551 154.305 -50.6124 136.234 0.461648 0.240314 0.0312029 -0.853321 1
-0.34417 -0.356153 1.55255 -0.442672 0.801547 -0.40195 -0.765805 -0.571137 -0.295543 -0.46646 0.176987 0.866655 152.64 -49.9786 133.501 0.461748 0.255837 0.0349271 -0.848596 1
-0.344788 -0.35729 1.55206 -0.436293 0.805781 -0.400458 -0.752075 -0.570891 -0.329344 -0.493996 0.157484 0.855083 150.02 -48.7704 131.451 0.460407 0.264346 0.0507914 -0.845912 1
-0.34481 -0.357675 1.55205 -0.461106 0.800187 -0.383513 -0.744673 -0.58399 -0.323138 -0.482538 0.136591 0.865159 151.043 -48.131 133.699 0.452787 0.253833 0.0546756 -0.852973 1
-0.344619 -0.357628 1.55144 -0.461773 0.795394 -0.392574 -0.743529 -0.588441 -0.317651 -0.483665 0.145207 0.863124 151.639 -48.0329 133.674 0.450808 0.256683 0.0505152 -0.853425 1
-0.34638 -0.357637 1.55301 -0.404002 0.809043 -0.426885 -0.770645 -0.552443 -0.317668 -0.492837 0.200638 0.846673 150.1 -50.4118 129.343 0.471759 0.274667 0.0349501 -0.837126 1
-0.347473 -0.357383 1.5517 -0.387428 0.808591 -0.44281 -0.779121 -0.543947 -0.311595 -0.492818 0.224282 0.840731 150.194 -51.1802 128.173 0.476801 0.280975 0.026221 -0.832482 1
-0.34584 -0.355983 1.55162 -0.406224 0.808857 -0.425126 -0.791381 -0.544014 -0.278862 -0.456834 0.223157 0.861106 152.86 -52.3148 131.644 0.477197 0.263004 0.0166116 -0.838353 1
-0.346433 -0.355244 1.55193 -0.434976 0.803419 -0.406589 -0.790948 -0.556718 -0.253903 -0.430346 0.211149 0.877621 155.484 -52.2742 135.307 0.470619 0.247043 0.0126202 -0.846953 1
-0.345868 -0.355418 1.55194 -0.45064 0.791577 -0.412711 -0.774051 -0.576785 -0.261083 -0.444713 0.201805 0.872643 155.646 -50.7191 135.379 0.459679 0.251745 0.0174045 -0.851479 1
-0.347205 -0.356091 1.55213 -0.479413 0.76052 -0.437919 -0.740026 -0.618561 -0.26409 -0.471726 0.197463 0.85935 156.88 -47.7336 135.463 0.436284 0.26448 0.0193718 -0.859844 0
-0.34643 -0.353009 1.55233 -0.56677 0.697694 -0.438172 -0.694168 -0.69085 -0.202132 -0.443737 0.189602 0.87587 163.691 -43.9609 141.942 0.393144 0.249103 0.003539 -0.885083 1
-0.347337 -0.3569 1.55324 -0.489252 0.7665 -0.416065 -0.730463 -0.620785 -0.284693 -0.476504 0.164634 0.86362 155.364 -46.9252 135.756 0.434046 0.258801 0.0348113 -0.862215 1
-0.346342 -0.356539 1.55189 -0.482147 0.773875 -0.410671 -0.736702 -0.611821 -0.288003 -0.474136 0.163682 0.865103 154.792 -47.4512 135.48 0.439071 0.257182 0.0361357 -0.860098 1
-0.345061 -0.355509 1.55145 -0.485183 0.765722 -0.422217 -0.731169 -0.620096 -0.284381 -0.479572 0.170735 0.860733 155.363 -46.9845 135.333 0.434584 0.261811 0.0329943 -0.861106 1
-0.345302 -0.355634 1.55127 -0.450704 0.776485 -0.440382 -0.743043 -0.599733 -0.296997 -0.494725 0.193365 0.847264 153.655 -47.9913 132.334 0.446326 0.274666 0.0304392 -0.851132 1
-0.346571 -0.356153 1.5523 -0.401985 0.799278 -0.446725 -0.781754 -0.553599 -0.287034 -0.476727 0.233845 0.847377 152.594 -51.4215 130.138 0.472174 0.275788 0.0158849 -0.837102 1
-0.345119 -0.356161 1.55188 -0.471579 0.768358 -0.432711 -0.721023 -0.618477 -0.312429 -0.50768 0.16466 0.845665 153.199 -46.139 132.889 0.434629 0.274423 0.0431219 -0.856697 1
-0.344554 -0.356151 1.55165 -0.496187 0.761997 -0.416125 -0.707167 -0.632764 -0.315476 -0.503701 0.137734 0.852828 153.501 -45.0048 134.569 0.425405 0.266341 0.0514663 -0.863391 1
-0.345036 -0.355641 1.55118 -0.517782 0.75266 -0.406699 -0.709091 -0.643533 -0.288192 -0.478635 0.139166 0.866915 155.876 -45.161 137.25 0.42 0.25438 0.042819 -0.870091 1
-0.345976 -0.354723 1.55023 -0.537 0.748957 -0.388195 -0.727319 -0.644182 -0.236721 -0.427362 0.155223 0.890656 159.823 -46.6621 141.486 0.421152 0.232662 0.0232498 -0.876333 1
-0.3456 -0.353747 1.55076 -0.54191 0.740715 -0.397083 -0.72928 -0.649268 -0.215873 -0.417713 0.172601 0.892034 161.609 -46.8261 142.374 0.418586 0.232016 0.0123217 -0.877954 1
-0.344988 -0.354259 1.55089 -0.518072 0.757228 -0.397752 -0.738275 -0.630698 -0.239102 -0.431917 0.169778 0.88579 159.238 -47.5847 140.182 0.429249 0.238137 0.0198978 -0.870999 1
-0.345983 -0.354865 1.55082 -0.470549 0.773244 -0.42506 -0.758538 -0.600582 -0.252826 -0.45078 0.203457 0.869139 157.17 -49.3355 136.229 0.446656 0.255389 0.0143956 -0.857361 1
-0.346438 -0.355779 1.55093 -0.466945 0.789433 -0.398445 -0.764118 -0.586992 -0.267515 -0.445069 0.179545 0.877313 155.499 -49.8286 136.374 0.4537 0.246341 0.0256908 -0.856045 1
-0.346177 -0.355715 1.5508 -0.441278 0.781171 -0.44164 -0.76495 -0.584764 -0.270004 -0.469174 0.218686 0.8556 155.216 -49.9026 133.245 0.4554 0.268275 0.0151155 -0.84877 1
-0.346234 -0.354483 1.55103 -0.489328 0.771542 -0.406548 -0.763956 -0.604067 -0.226881 -0.42063 0.199565 0.885011 159.414 -49.8142 139.317 0.444864 0.23965 0.00791375 -0.862903 1
-0.34718 -0.354189 1.55164 -0.491174 0.759504 -0.426499 -0.756756 -0.614539 -0.222852 -0.431357 0.213297 0.876604 160.068 -49.179 138.71 0.439002 0.248375 0.00276655 -0.863469 1
-0.34762 -0.354007 1.55029 -0.506058 0.742175 -0.43941 -0.740506 -0.635076 -0.219837 -0.442217 0.214136 0.870971 160.906 -47.7746 138.852 0.427152 0.253992 0.00164266 -0.867771 1
-0.345834 -0.353554 1.54883 -0.51031 0.739072 -0.439722 -0.733094 -0.641169 -0.226881 -0.449618 0.206578 0.869005 160.513 -47.1464 138.618 0.423534 0.255858 0.00584122 -0.868977 1
-0.345853 -0.355237 1.54833 -0.481731 0.770664 -0.417148 -0.744167 -0.611139 -0.269676 -0.462765 0.180516 0.867907 156.19 -48.0876 136.15 0.440181 0.255686 0.025908 -0.860345 1
-0.345921 -0.354696 1.54819 -0.457565 0.765163 -0.452946 -0.753095 -0.604316 -0.260097 -0.472739 0.222099 0.852754 156.713 -48.8592 134.066 0.444655 0.271107 0.0111286 -0.853615 1
-0.345141 -0.355098 1.54864 -0.435235 0.777213 -0.454434 -0.760166 -0.587691 -0.277068 -0.482408 0.224856 0.846595 154.758 -49.4789 132.057 0.453781 0.276523 0.0154112 -0.846983 1
-0.345499 -0.354602 1.54856 -0.463447 0.765802 -0.44583 -0.755048 -0.604614 -0.25366 -0.463809 0.219065 0.858424 157.24 -49.0296 134.978 0.444512 0.265868 0.0101114 -0.855349 1
-0.347053 -0.355523 1.54769 -0.482497 0.757799 -0.439246 -0.731837 -0.624321 -0.273197 -0.481259 0.18964 0.855819 156.366 -47.0407 135.074 0.432724 0.267397 0.0242724 -0.860616 1
-0.346851 -0.355507 1.54911 -0.472382 0.770482 -0.428034 -0.747421 -0.607556 -0.268771 -0.467138 0.192959 0.862872 156.136 -48.3674 135.32 0.442418 0.260913 0.0220966 -0.857731 1
-0.34585 -0.352303 1.54969 -0.471447 0.789305 -0.393364 -0.799629 -0.570704 -0.18679 -0.371929 0.226483 0.900208 161.877 -53.0947 141.73 0.463157 0.223074 -0.0115701 -0.857665 1
-0.341175 -0.349278 1.54972 -0.425594 0.812742 -0.397893 -0.846969 -0.512583 -0.141076 -0.318612 0.276962 0.90652 164.612 -57.8835 143.18 0.492022 0.212408 -0.0402836 -0.843312 1
-0.341462 -0.348217 1.55092 -0.384078 0.831315 -0.401745 -0.8821 -0.458911 -0.106298 -0.272733 0.313553 0.909561 166.959 -61.8968 144.622 0.516375 0.203269 -0.0624608 -0.829541 1
-0.340908 -0.348459 1.5505 -0.374582 0.84853 -0.373745 -0.889648 -0.442467 -0.112911 -0.261178 0.290207 0.920633 165.684 -62.8291 145.114 0.525258 0.191867 -0.0535769 -0.827297 1
-0.340041 -0.348417 1.55089 -0.329833 0.873965 -0.356925 -0.915316 -0.388614 -0.105718 -0.2311 0.29183 0.928131 164.782 -66.2506 144.983 0.549928 0.180727 -0.0572008 -0.813415 1
-0.339861 -0.349903 1.55103 -0.241373 0.909234 -0.339165 -0.939775 -0.30616 -0.151947 -0.241994 0.282063 0.928374 153.605 -70.0139 134.926 0.587546 0.184671 -0.0413461 -0.786751 1
-0.339605 -0.350267 1.55082 -0.202547 0.921416 -0.331612 -0.950128 -0.266909 -0.161298 -0.237133 0.282404 0.929525 148.855 -71.8286 130.502 0.604166 0.183601 -0.0390949 -0.774432 1
-0.340161 -0.349988 1.5518 -0.172636 0.920818 -0.349701 -0.960705 -0.235756 -0.146512 -0.217355 0.310666 0.925334 148.141 -73.8846 128.459 0.615821 0.185597 -0.0537276 -0.763827 1
-0.341923 -0.349631 1.55172 -0.161071 0.914581 -0.370941 -0.967042 -0.221348 -0.125839 -0.197197 0.338447 0.920091 150.381 -75.249 129.242 0.620014 0.187208