-0.339052 -0.396286 1.45379 0.84741 0.530896 0.00673102 0.160106 -0.24343 -0.956613 -0.506224 0.811721 -0.291285 104.277 9.21303 30.8531 0.572865 0.771707 0.223855 -0.161814 0
-0.338781 -0.403517 1.45244 0.866926 0.498425 -0.00340416 0.120767 -0.21667 -0.968746 -0.483585 0.83942 -0.24803 102.607 6.93637 29.1535 0.592078 0.763483 0.202752 -0.159463 0
-0.33937 -0.413319 1.45047 0.887347 0.46017 0.0292918 0.143398 -0.215024 -0.966024 -0.438237 0.861399 -0.256789 102.549 8.24455 26.2835 0.594881 0.767978 0.19648 -0.133124 0
-0.339542 -0.416131 1.45553 0.882759 0.46472 0.0690741 0.171646 -0.182145 -0.968174 -0.437349 0.866521 -0.240558 100.655 9.88356 26.3554 0.604164 0.759188 0.209555 -0.121273 0
-0.338917 -0.418088 1.45043 0.908581 0.412889 0.0632722 0.133367 -0.143201 -0.980666 -0.395846 0.899453 -0.185176 98.3079 7.66423 23.5415 0.628531 0.747823 0.182615 -0.11118 0
-0.338624 -0.416402 1.4469 0.935094 0.351334 0.0465133 0.0993735 -0.133952 -0.985993 -0.340182 0.926618 -0.160171 97.7366 5.70309 19.9911 0.640502 0.746528 0.150934 -0.0983448 0
-0.339852 -0.416144 1.44795 0.940606 0.333785 0.0620262 0.107847 -0.120531 -0.986834 -0.321915 0.934911 -0.14937 96.9636 6.1912 18.8931 0.646279 0.743389 0.14852 -0.0873999 0
-0.338225 -0.415221 1.4448 0.958354 0.278542 0.0630167 0.107152 -0.146178 -0.983438 -0.264717 0.949235 -0.169937 98.4545 6.15118 15.4413 0.64075 0.754067 0.127871 -0.0668709 0
-0.337147 -0.41375 1.44021 0.97067 0.231346 0.0654122 0.101188 -0.146325 -0.984048 -0.218084 0.961805 -0.165443 98.4578 5.8076 12.6626 0.643992 0.755387 0.110054 -0.0505276 0
-0.335711 -0.411953 1.43493 0.979706 0.18841 0.0683976 0.0966993 -0.145374 -0.98464 -0.175573 0.971271 -0.160643 98.3986 5.54913 10.1601 0.646856 0.75593 0.0942909 -0.0354449 0
-0.335869 -0.411189 1.43256 0.95888 0.271092 0.0840155 0.125626 -0.139967 -0.982154 -0.254495 0.952323 -0.168268 98.1106 7.2169 14.8641 0.642387 0.752847 0.131739 -0.0566116 0
-0.333746 -0.408751 1.42511 0.937881 0.334603 0.0917576 0.146734 -0.142875 -0.978803 -0.314401 0.931465 -0.183097 98.3047 8.4377 18.5324 0.634805 0.752305 0.159954 -0.0739871 0
-0.331173 -0.406748 1.4141 0.992172 0.0104975 0.124438 0.124813 -0.115787 -0.985401 0.0040641 0.993219 -0.116191 96.7017 7.16998 -0.234692 0.663361 0.745679 0.045365 0.0430821 0
-0.330533 -0.40685 1.40978 0.987873 -0.0992919 0.119364 0.108849 -0.105325 -0.988463 0.110718 0.989468 -0.0932403 96.0822 6.24899 -6.39489 0.668825 0.739331 0.00323179 0.0778011 0
-0.329502 -0.406756 1.40548 0.988903 -0.125269 0.0798657 0.0684457 -0.0929643 -0.993314 0.131856 0.987758 -0.0833586 95.3467 3.92472 -7.59478 0.67316 0.735735 -0.0193083 0.0719423 0
-0.32789 -0.406434 1.39999 0.991538 -0.119558 0.0505842 0.0393708 -0.094359 -0.994759 0.123705 0.988333 -0.0888534 95.4186 2.25637 -7.11151 0.67237 0.737352 -0.0271877 0.0590929 0
-0.326622 -0.405492 1.39474 0.99619 -0.0753896 0.0438481 0.0369044 -0.0911508 -0.995153 0.079021 0.992979 -0.0880213 95.2334 2.11494 -4.53539 0.673984 0.737455 -0.0130466 0.0416531 0
-0.325599 -0.403257 1.39004 0.998322 -0.0198175 0.0544181 0.0521442 -0.101279 -0.993491 0.0251999 0.994661 -0.100076 95.8208 2.989 -1.44597 0.670255 0.741565 0.0108982 0.0268412 0
-0.32475 -0.401437 1.38715 0.998121 0.0207307 0.0576596 0.0595488 -0.106524 -0.992525 -0.0144336 0.994094 -0.107558 96.1259 3.41392 0.828485 0.66784 0.743674 0.0269875 0.0145312 0
-0.323998 -0.400604 1.38533 0.997626 0.0329706 0.0604586 0.0634459 -0.0987034 -0.993092 -0.0267754 0.994571 -0.100561 95.676 3.63763 1.5374 0.670515 0.741096 0.032525 0.0113626 0
-0.322298 -0.399341 1.3775 0.995244 0.0709254 0.0667741 0.0734893 -0.0967255 -0.992594 -0.0639414 0.992781 -0.101478 95.5657 4.21443 3.67603 0.670269 0.740515 0.0487549 0.000956317 0
-0.31791 -0.39474 1.35994 0.996897 -0.0502549 0.0605835 0.054381 -0.116739 -0.991673 0.0569089 0.99189 -0.113644 96.7139 3.11734 -3.26724 0.664551 0.746204 0.00138236 0.0393634 0
-0.314521 -0.390167 1.34744 0.993349 -0.0894861 0.0724589 0.0609648 -0.125098 -0.99027 0.0976798 0.988101 -0.118811 97.1999 3.49519 -5.61606 0.661332 0.747873 -0.00953415 0.0568742 0
-0.311212 -0.385856 1.33515 0.996078 -0.0210292 0.0859474 0.0829706 -0.115497 -0.989837 0.0307421 0.993085 -0.113299 96.6553 4.75933 -1.76777 0.664696 0.7458 0.0207634 0.0391155 0
-0.309006 -0.383642 1.32587 0.993944 0.0304963 0.105568 0.108161 -0.10205 -0.988882 -0.0193841 0.994312 -0.10473 95.8919 6.20931 1.11725 0.668424 0.741742 0.0467337 0.0290476 0
-0.308141 -0.382708 1.32142 0.992311 0.0108732 0.123295 0.123764 -0.0989349 -0.987367 0.00146229 0.995035 -0.0995198 95.722 7.10941 -0.0844323 0.669675 0.740062 0.0454819 0.0421441 0
-0.306445 -0.380557 1.31072 0.988751 -0.0444856 0.1428 0.138712 -0.0843785 -0.986732 0.0559446 0.99544 -0.0772586 94.8876 7.97333 -3.23841 0.675854 0.73321 0.032128 0.0677653 0
-0.304956 -0.37871 1.30369 0.987236 -0.0517795 0.150612 0.146084 -0.0822741 -0.985845 0.063438 0.995264 -0.0736597 94.7706 8.40007 -3.67667 0.676628 0.731978 0.0322089 0.0731066 0
-0.302765 -0.376296 1.29474 0.985997 -0.0474303 0.159878 0.155903 -0.0781819 -0.984674 0.0592029 0.99581 -0.0696925 94.5397 8.96915 -3.43613 0.677887 0.730389 0.0371283 0.0749878 0
-0.299829 -0.372022 1.28171 0.985611 -0.0480281 0.16206 0.158266 -0.0744106 -0.984589 0.0593469 0.99607 -0.0657388 94.3219 9.10624 -3.44581 0.679239 0.728999 0.0378044 0.0759283 0
-0.294902 -0.365937 1.2592 0.973761 0.110895 0.198726 0.211155 -0.114608 -0.97071 -0.0848713 0.987202 -0.135017 96.7335 12.1901 4.98121 0.656532 0.745551 0.107991 0.0381781 0
-0.292871 -0.362577 1.24693 0.963793 0.176676 0.199719 0.221246 -0.11178 -0.968791 -0.148838 0.977901 -0.146821 96.5817 12.7822 8.77878 0.652915 0.745385 0.133462 0.0170656 0
-0.288823 -0.359383 1.23305 0.967026 0.192352 0.166918 0.197224 -0.15093 -0.968671 -0.161133 0.96965 -0.18389 98.8561 11.3747 9.46011 0.638789 0.758592 0.128388 0.00190666 0
-0.286989 -0.35662 1.22489 0.963907 0.204077 0.170987 0.206104 -0.165412 -0.964448 -0.168538 0.964879 -0.201502 99.7321 11.8941 9.91785 0.631861 0.763351 0.134335 0.000802094 0
-0.285482 -0.355698 1.21867 0.965245 0.203704 0.163725 0.199438 -0.169277 -0.965179 -0.168896 0.964287 -0.20402 99.9476 11.5041 9.92498 0.630862 0.764615 0.131812 -0.00169075 0
-0.282269 -0.351395 1.20425 0.96006 0.241953 0.140515 0.185712 -0.175413 -0.96682 -0.209277 0.9543 -0.21334 100.283 10.7027 12.2971 0.626759 0.766292 0.139524 -0.0224331 0
-0.280094 -0.348947 1.19549 0.939587 0.314592 0.134937 0.191077 -0.154942 -0.969269 -0.284017 0.936496 -0.205693 99.0822 11.0157 16.8189 0.628282 0.758324 0.166706 -0.049148 0
-0.276576 -0.344799 1.18178 0.94265 0.301452 0.143312 0.207268 -0.192107 -0.959237 -0.261633 0.933928 -0.243571 101.325 11.9623 15.512 0.613794 0.771091 0.164935 -0.0383613 0
-0.274132 -0.344152 1.17479 0.929891 0.343809 0.130762 0.210828 -0.206854 -0.955386 -0.301422 0.915973 -0.264836 102.217 12.1709 17.96 0.60378 0.774852 0.178949 -0.055062 0
-0.2729 -0.341997 1.16782 0.946366 0.300415 0.118925 0.187 -0.209114 -0.959845 -0.263483 0.930603 -0.254076 102.291 10.7778 15.558 0.608928 0.776137 0.157 -0.0465634 0
-0.271941 -0.338722 1.15493 0.941143 0.330834 0.0692659 0.152656 -0.2332 -0.960372 -0.301571 0.914421 -0.269979 103.649 8.78091 17.7671 0.599576 0.781716 0.154625 -0.0742934 0
-0.269217 -0.336641 1.14706 0.938782 0.339665 0.0575829 0.144585 -0.236736 -0.960755 -0.312703 0.910265 -0.271355 103.842 8.31328 18.4226 0.598057 0.782124 0.154787 -0.0815473 0
-0.267276 -0.335834 1.14192 0.924575 0.373642 0.074514 0.169237 -0.227537 -0.95895 -0.341349 0.899232 -0.273609 103.348 9.74346 20.2639 0.596538 0.778736 0.174282 -0.0856628 0
-0.265099 -0.332669 1.13081 0.902976 0.421107 0.0854572 0.200517 -0.237062 -0.950576 -0.380035 0.875483 -0.298501 104.003 11.5672 22.8247 0.584682 0.780791 0.199037 -0.0943204 0
-0.264094 -0.332687 1.12808 0.91158 0.403347 0.0795845 0.184796 -0.229074 -0.955707 -0.367251 0.88591 -0.283356 103.479 10.6492 21.9432 0.591428 0.778462 0.18888 -0.092383 0
-0.259993 -0.329331 1.11211 0.883896 0.459633 0.0864004 0.213556 -0.232306 -0.948909 -0.416078 0.857188 -0.303492 103.756 12.3308 25.2079 0.580538 0.777768 0.216385 -0.105969 0
-0.258421 -0.32605 1.10226 0.871737 0.482047 0.0877797 0.215729 -0.216751 -0.952092 -0.439927 0.848911 -0.292941 102.825 12.4583 26.778 0.583533 0.771594 0.226082 -0.114097 0
-0.257257 -0.325059 1.098 0.880472 0.465716 0.0887574 0.211722 -0.218739 -0.952537 -0.424197 0.857474 -0.291196 102.933 12.2233 25.724 0.58535 0.773047 0.21908 -0.10848 0
-0.257195 -0.324009 1.09499 0.886479 0.452356 0.0976223 0.200578 -0.185472 -0.961961 -0.417042 0.872339 -0.255149 100.913 11.5708 25.1946 0.601219 0.762742 0.214009 -0.104695 0
-0.253438 -0.321123 1.08379 0.876057 0.474094 0.0880838 0.204917 -0.200669 -0.957988 -0.436501 0.857302 -0.272948 101.831 11.8247 26.4851 0.592123 0.766432 0.221485 -0.113649 0
-0.250797 -0.318307 1.06984 0.872182 0.48432 0.0687902 0.185505 -0.197338 -0.962624 -0.452643 0.852345 -0.261958 101.585 10.6905 27.4283 0.594325 0.763459 0.219339 -0.125695 0
-0.25666 -0.325365 1.07807 0.91305 0.407756 0.00864032 0.0248156 -0.0343965 -0.9991 -0.407092 0.912443 -0.0415244 91.9718 1.42198 24.0302 0.677704 0.705154 0.153361 -0.141264 0
-0.254864 -0.324646 1.07509 0.908139 0.418403 0.0149356 0.0186744 -0.00484263 -0.999814 -0.418253 0.908249 -0.0122112 90.2775 1.07003 24.7289 0.687584 0.693757 0.157504 -0.145338 0
-0.25355 -0.322873 1.06876 0.920478 0.390619 0.0117078 0.0148381 -0.00499678 -0.999877 -0.390513 0.920539 -0.0103955 90.2863 0.850193 22.9891 0.690124 0.695678 0.145706 -0.136128 0
-0.252144 -0.321722 1.06259 0.926924 0.374752 0.0193156 0.0237742 -0.00727745 -0.999691 -0.374496 0.927096 -0.0156551 90.4171 1.36229 21.9997 0.689926 0.698186 0.142701 -0.12718 0
-0.249116 -0.319987 1.05281 0.914037 0.405367 0.0146611 0.0263526 -0.0232758 -0.999382 -0.404775 0.913858 -0.0319574 91.3342 1.51007 23.8858 0.68169 0.701653 0.153822 -0.138998 0
-0.244206 -0.316423 1.03399 0.896324 0.443227 -0.0123907 -0.0263983 0.0254475 -0.999328 -0.442613 0.896048 0.0345096 88.5413 -1.51268 26.2806 0.699336 0.677563 0.153797 -0.167883 0
-0.242898 -0.314024 1.02716 0.888009 0.45976 -0.00779004 -0.0260257 0.033339 -0.999105 -0.459089 0.887417 0.0415709 88.0888 -1.49133 27.3384 0.700521 0.673257 0.161058 -0.173366 0
-0.241842 -0.311479 1.02054 0.870529 0.491037 0.032587 0.0175572 0.0351861 -0.999227 -0.491804 0.870428 0.0220093 87.9833 1.00601 29.4642 0.694213 0.6733 0.188844 -0.17051 0
-0.239146 -0.308399 1.00719 0.870879 0.49055 0.0305103 0.0182998 0.0296705 -0.999392 -0.491157 0.870908 0.0168625 88.2995 1.04856 29.4221 0.692353 0.675342 0.188368 -0.170524 0
-0.235536 -0.304 0.990454 0.921292 0.388767 0.00905775 -0.000113443 0.023561 -0.999722 -0.388873 0.921035 0.0217507 88.6499 -0.0064998 22.8844 0.701178 0.684832 0.141879 -0.138653 0
-0.23351 -0.301588 0.983716 0.92661 0.375395 0.0217297 0.0250211 -0.0038948 -0.999679 -0.37519 0.926857 -0.0130017 90.2232 1.43375 22.0433 0.690962 0.697049 0.143611 -0.12677 0
-0.232749 -0.29988 0.979281 0.9189 0.385703 0.0827959 0.0873189 0.00580982 -0.996163 -0.384704 0.922605 -0.0283405 89.6658 5.00939 22.717 0.688544 0.696676 0.169742 -0.108339 0
-0.226581 -0.294908 0.953921 0.95153 0.288513 0.106543 0.112663 -0.00463839 -0.993622 -0.286179 0.957465 -0.0369183 90.2675 6.46884 16.739 0.691009 0.705884 0.142083 -0.0636207 0
-0.224359 -0.290354 0.940968 0.971373 0.187738 0.145561 0.150333 -0.0113579 -0.98857 -0.183939 0.982153 -0.0392562 90.6583 8.64625 10.7226 0.692957 0.710983 0.118875 -0.0134947 0
-0.2222 -0.287658 0.933216 0.979585 0.148782 0.135196 0.139091 -0.0160486 -0.99015 -0.145146 0.98874 -0.0364152 90.9286 7.99527 8.42827 0.694104 0.71275 0.100973 -0.00349024 0
-0.218874 -0.283462 0.920525 0.98793 0.0373565 0.150327 0.152277 -0.0564257 -0.986726 -0.0283783 0.997708 -0.0614332 93.2729 8.75893 1.64537 0.683753 0.725567 0.06534 0.0420185 0
-0.216253 -0.279665 0.909565 0.986376 0.0513577 0.156286 0.158399 -0.040024 -0.986564 -0.0444125 0.997878 -0.0476137 92.3232 9.114 2.57806 0.688974 0.720072 0.0728251 0.038841 0
-0.21232 -0.276546 0.894256 0.982498 0.104916 0.153919 0.15819 -0.0336365 -0.986836 -0.0983575 0.993912 -0.0496444 91.9522 9.10186 5.71682 0.68906 0.718641 0.0915291 0.0193286 0
-0.209021 -0.272691 0.880615 0.983805 0.106203 0.144393 0.15084 -0.0553667 -0.987007 -0.096829 0.992802 -0.0704897 93.2107 8.6756 5.62112 0.681533 0.726234 0.0884851 0.0163735 0
-0.206428 -0.269942 0.870315 0.984402 0.0930571 0.14931 0.154271 -0.0485735 -0.986834 -0.0845794 0.994475 -0.0621719 92.8179 8.87452 4.91077 0.684408 0.723731 0.0854351 0.0223601 0
-0.204941 -0.269467 0.866018 0.983695 0.0549693 0.171237 0.172889 -0.0268287 -0.984576 -0.0495274 0.998128 -0.0358949 91.5609 9.95585 2.88231 0.692996 0.715265 0.0796413 0.04254 0
-0.203716 -0.269445 0.861849 0.983018 0.0483356 0.177031 0.177649 -0.00877166 -0.984055 -0.046012 0.998793 -0.0172095 90.5107 10.2328 2.67988 0.699471 0.708696 0.0797184 0.0462183 0
-0.200819 -0.265964 0.851877 0.984356 0.0359127 0.172491 0.173556 -0.0289982 -0.984397 -0.0303504 0.998934 -0.0347775 91.6873 9.99463 1.76603 0.692925 0.715565 0.0731829 0.0496602 0
-0.194981 -0.254141 0.821011 0.980477 0.140395 0.137675 0.156321 -0.131792 -0.978874 -0.119285 0.981285 -0.151166 97.668 8.99342 6.93652 0.651444 0.752236 0.0986115 0.00611173 0
-0.191373 -0.249376 0.804893 0.977732 0.166754 0.127409 0.154398 -0.160407 -0.974901 -0.142131 0.972863 -0.182581 99.3435 8.88186 8.27104 0.639286 0.761695 0.105407 -0.00483205 0
-0.18636 -0.244482 0.787204 0.977004 0.176893 0.119048 0.153494 -0.195957 -0.968525 -0.147997 0.964526 -0.218603 101.438 8.82948 8.61371 0.624989 0.773234 0.10682 -0.00935975 0
-0.180801 -0.239292 0.769328 0.979825 0.146021 0.13646 0.16633 -0.217241 -0.961842 -0.110805 0.965134 -0.237145 102.727 9.57451 6.45197 0.617543 0.780098 0.1001 0.0082216 0
-0.178318 -0.239929 0.75873 0.980934 0.127134 0.14699 0.179639 -0.30455 -0.935403 -0.0741559 0.943974 -0.321581 108.034 10.3487 4.32318 0.58198 0.80732 0.0949974 0.0225544 0
-0.176938 -0.236245 0.749841 0.983878 0.145541 0.103929 0.141331 -0.27667 -0.950515 -0.109585 0.94988 -0.292779 106.229 8.12489 6.35545 0.594649 0.798957 0.0897647 -0.00176994 0
-0.17362 -0.230199 0.735319 0.976433 0.148419 0.156685 0.18369 -0.1904 -0.964368 -0.113297 0.970422 -0.213176 101.169 10.5848 6.61855 0.627068 0.771364 0.107637 0.0140621 0
-0.170308 -0.227785 0.721373 0.971366 0.154352 0.180618 0.206377 -0.171521 -0.963322 -0.117711 0.973014 -0.198465 100.096 11.9101 6.90946 0.632728 0.765074 0.117874 0.020556 0
-0.167812 -0.223927 0.710492 0.972742 0.153747 0.173596 0.19868 -0.166527 -0.965813 -0.119583 0.973977 -0.192534 99.7828 11.4598 7.00841 0.635154 0.763512 0.115397 0.0176859 0
-0.16501 -0.219463 0.698978 0.977062 0.138578 0.161697 0.185709 -0.182866 -0.965439 -0.10422 0.973322 -0.204407 100.725 10.7025 6.08854 0.630434 0.76882 0.10545 0.0186899 0
-0.163368 -0.217869 0.686537 0.97327 0.162559 0.162238 0.19444 -0.207277 -0.958764 -0.122227 0.964682 -0.233345 102.199 11.212 7.15797 0.619001 0.776835 0.114889 0.012876 0
-0.161151 -0.216082 0.677667 0.974019 0.158875 0.161388 0.192067 -0.201939 -0.96038 -0.11999 0.966426 -0.227208 101.875 11.0735 7.02291 0.621464 0.775107 0.113191 0.0133524 0
-0.156853 -0.210632 0.654957 0.965215 0.181367 0.188326 0.223207 -0.196487 -0.954762 -0.136159 0.963586 -0.230135 101.629 12.8975 8.02948 0.6202 0.773278 0.130798 0.0168657 0
-0.152848 -0.206769 0.640166 0.957707 0.208311 0.198506 0.237913 -0.185216 -0.953463 -0.161851 0.960365 -0.226943 100.993 13.7634 9.59226 0.6216 0.769718 0.144931 0.0119053 0
-0.149484 -0.20373 0.626246 0.948187 0.242568 0.205187 0.252735 -0.184514 -0.949779 -0.192526 0.952426 -0.236259 100.994 14.6394 11.4777 0.617943 0.769571 0.160902 0.00411319 0
-0.145602 -0.196716 0.606957 0.952842 0.177953 0.245813 0.273864 -0.155302 -0.949147 -0.130728 0.971707 -0.196713 99.2925 15.8943 7.8121 0.632619 0.759088 0.148803 0.0379023 0
-0.143697 -0.193443 0.591736 0.951448 0.177863 0.25122 0.277748 -0.144293 -0.949756 -0.132676 0.973419 -0.186689 98.6387 16.1258 7.93853 0.636488 0.755386 0.150787 0.0392329 0
-0.136561 -0.186559 0.569137 0.955136 0.138612 0.261728 0.280219 -0.136879 -0.950127 -0.0958741 0.980842 -0.16958 98.1979 16.2733 5.732 0.642004 0.75193 0.139252 0.0551426 0
-0.132407 -0.182884 0.552689 0.959317 0.12732 0.251993 0.270132 -0.154384 -0.950365 -0.0820964 0.979773 -0.182497 99.227 15.6721 4.89134 0.636874 0.757661 0.131144 0.0560597 0
-0.125619 -0.177032 0.529466 0.965097 0.109866 0.237735 0.253078 -0.157686 -0.954509 -0.0673802 0.981359 -0.179987 99.3806 14.6597 3.99374 0.637853 0.758744 0.119587 0.0561306 0
-0.121346 -0.172403 0.511284 0.967424 0.103336 0.231111 0.245761 -0.164231 -0.955316 -0.060763 0.980994 -0.184277 99.7545 14.2268 3.59397 0.636183 0.760909 0.114697 0.0559687 0
-0.115009 -0.165949 0.486485 0.97045 0.126383 0.20556 0.22473 -0.163095 -0.960675 -0.0878873 0.978482 -0.186677 99.6353 12.987 5.17479 0.636529 0.761614 0.115253 0.0386262 0
-0.10922 -0.160716 0.465453 0.954713 0.182791 0.234758 0.262352 -0.145022 -0.954013 -0.14034 0.972397 -0.18641 98.6435 15.2096 8.36241 0.63704 0.756 0.147203 0.0312228 0
-0.104111 -0.154328 0.442204 0.954752 0.206516 0.214008 0.246834 -0.148856 -0.957557 -0.165894 0.967054 -0.193095 98.8361 14.2903 9.8571 0.634981 0.757744 0.149572 0.0158739 0
-0.101725 -0.15196 0.434085 0.947297 0.188266 0.259199 0.289042 -0.153396 -0.944947 -0.138141 0.970065 -0.199729 99.2206 16.8006 8.29679 0.631303 0.758357 0.15735 0.0399079 0
-0.0993105 -0.151863 0.43017 0.915399 0.235981 0.326125 0.361218 -0.123959 -0.924205 -0.177669 0.963819 -0.198713 97.6392 21.175 10.9839 0.631016 0.748009 0.199596 0.0496171 0
-0.0994788 -0.151979 0.429328 0.909086 0.257845 0.327229 0.366196 -0.120023 -0.922765 -0.198655 0.958702 -0.203533 97.4108 21.4812 12.3266 0.629589 0.747101 0.208821 0.0430245 1
-0.0973872 -0.150079 0.423809 0.896436 0.300477 0.325754 0.37119 -0.107498 -0.922314 -0.242116 0.947712 -0.207899 96.648 21.789 15.1142 0.628697 0.743612 0.225812 0.0281187 0
-0.0950396 -0.147817 0.415171 0.869682 0.382413 0.312113 0.374418 -0.0990285 -0.921957 -0.32166 0.91867 -0.229305 96.1307 21.9883 20.2974 0.620755 0.741285 0.255243 -0.00321976 0
-0.0934549 -0.145561 0.40552 0.840793 0.44958 0.301572 0.384168 -0.103018 -0.917498 -0.381421 0.88728 -0.259331 96.4064 22.5921 24.4012 0.607956 0.742149 0.280856 -0.0268981 0
-0.092103 -0.143625 0.398665 0.80306 0.520421 0.29027 0.407585 -0.12436 -0.90466 -0.434706 0.844806 -0.311984 97.8272 24.0532 28.4272 0.584533 0.748232 0.310066 -0.0482589 0
-0.0919798 -0.143732 0.396283 0.762778 0.581418 0.283058 0.427294 -0.124621 -0.895483 -0.485375 0.804004 -0.343495 97.9228 25.2959 32.4696 0.568916 0.746809 0.337674 -0.0677273 0
-0.0923326 -0.14465 0.402386 0.749118 0.58222 0.315977 0.437409 -0.0765274 -0.896 -0.497488 0.809422 -0.311997 94.8818 25.9387 33.5881 0.583223 0.731034 0.348694 -0.0620735 0
-0.0902365 -0.14336 0.398449 0.740572 0.585195 0.330303 0.457208 -0.0785815 -0.885882 -0.492458 0.807076 -0.325751 95.0691 27.2071 33.6227 0.577979 0.732275 0.355878 -0.05536 0
-0.0904066 -0.143749 0.399832 0.745937 0.581475 0.324754 0.441834 -0.0671776 -0.894578 -0.498359 0.810786 -0.307025 94.2945 26.2209 33.7468 0.585605 0.728035 0.351394 -0.0596142 1
-0.0902218 -0.142733 0.39767 0.74159 0.582851 0.33216 0.43667 -0.0435134 -0.898569 -0.509278 0.811413 -0.286783 92.7724 25.8916 34.4789 0.593989 0.719702 0.354147 -0.0615249 1
-0.0905448 -0.142687 0.399927 0.744513 0.585494 0.320775 0.419975 -0.0372456 -0.906771 -0.518962 0.80982 -0.273623 92.3521 24.833 34.8784 0.598674 0.71683 0.350665 -0.0691192 0
-0.0905419 -0.142721 0.399972 0.776852 0.542727 0.319293 0.394033 -0.0234737 -0.918797 -0.49116 0.839581 -0.232088 91.4635 23.2057 32.3029 0.616703 0.712814 0.328543 -0.0602778 1
-0.0906088 -0.142541 0.400073 0.779012 0.541881 0.315444 0.378935 -0.00605778 -0.925403 -0.499548 0.840433 -0.210057 90.3751 22.2678 32.6704 0.625079 0.706245 0.325955 -0.0651701 1
-0.090096 -0.142129 0.400099 0.769051 0.555019 0.317039 0.378378 0.00445293 -0.92564 -0.51516 0.831826 -0.206583 89.7244 22.2333 33.8167 0.625884 0.701994 0.332409 -0.0705566 1
-0.0901489 -0.142342 0.399606 0.778498 0.542003 0.316502 0.375819 0.00133885 -0.926692 -0.502694 0.840375 -0.202653 89.9172 22.075 32.8513 0.62793 0.703529 0.32615 -0.0661635 1
-0.0902177 -0.142751 0.401159 0.770879 0.53817 0.340762 0.398279 0.0102656 -0.917207 -0.497111 0.842774 -0.206428 89.3588 23.4706 32.8165 0.627439 0.701256 0.333847 -0.055739 1
-0.08991 -0.144131 0.403799 0.747915 0.565948 0.34688 0.426411 -0.00913839 -0.904483 -0.50872 0.824391 -0.248161 90.5789 25.24 34.2229 0.610454 0.708028 0.350395 -0.0571445 1
-0.0899541 -0.141701 0.399615 0.787493 0.511246 0.344213 0.399116 0.00255685 -0.916897 -0.46964 0.859431 -0.202033 89.8402 23.5229 30.8107 0.630083 0.704799 0.322915 -0.0444901 1
-0.0899189 -0.14212 0.400174 0.77769 0.520166 0.353024 0.406983 0.0114066 -0.913364 -0.479128 0.853989 -0.202828 89.2845 24.0155 31.6369 0.629736 0.701625 0.330358 -0.0449327 1
-0.0899314 -0.14031 0.397878 0.751831 0.560207 0.347731 0.386469 0.0528844 -0.920785 -0.53422 0.826662 -0.176743 86.7129 22.735 35.396 0.63796 0.684779 0.345614 -0.0680836 1
-0.0897337 -0.139797 0.397637 0.762927 0.54423 0.348936 0.372507 0.0710668 -0.925304 -0.528376 0.835921 -0.148511 85.6081 21.8703 34.7051 0.649131 0.678301 0.33788 -0.0661356 1
-0.0906258 -0.142893 0.406088 0.742549 0.572681 0.347356 0.354484 0.104006 -0.92926 -0.568297 0.813154 -0.125776 83.6138 20.7618 37.428 0.655892 0.664138 0.349011 -0.0831683 1
-0.0890097 -0.143412 0.405509 0.731213 0.570654 0.37374 0.411709 0.0676557 -0.9088 -0.543897 0.818399 -0.185473 85.7425 24.3122 36.6429 0.635098 0.679895 0.361219 -0.0625673 1
-0.088678 -0.143204 0.403501 0.734686 0.547748 0.400261 0.466371 0.0206902 -0.884347 -0.49268 0.836388 -0.240253 88.6598 27.799 33.8458 0.615452 0.698972 0.362718 -0.0330555 1
-0.087702 -0.142777 0.401341 0.733248 0.542315 0.410171 0.493741 -0.00990072 -0.869553 -0.467511 0.840117 -0.275023 90.6523 29.5868 32.5211 0.601732 0.710312 0.364648 -0.0201811 1
-0.0870697 -0.143583 0.402257 0.719917 0.560762 0.408981 0.509173 -0.026269 -0.860263 -0.47166 0.82756 -0.304436 91.749 30.6087 33.2311 0.589324 0.716 0.373581 -0.021885 1
-0.0853119 -0.141405 0.395254 0.731383 0.524849 0.435444 0.532539 -0.0406855 -0.845427 -0.426006 0.850222 -0.309259 92.7552 32.1772 30.2193 0.587673 0.72134 0.366466 0.00327127 1
-0.0861479 -0.141417 0.398542 0.714018 0.569934 0.406637 0.499621 -0.00790567 -0.866208 -0.490467 0.821652 -0.290396 90.5229 29.9749 34.4856 0.594919 0.709281 0.376986 -0.0295472 1
-0.0867704 -0.140466 0.400098 0.696034 0.596215 0.40008 0.469894 0.0430676 -0.881672 -0.542896 0.801669 -0.250181 87.2035 28.0274 37.9537 0.610107 0.689773 0.386398 -0.0517619 1
-0.086773 -0.141137 0.399181 0.692271 0.596526 0.4061 0.463121 0.0643227 -0.883958 -0.553425 0.800012 -0.231735 85.8381 27.5887 38.64 0.617426 0.681851 0.388518 -0.0540166 1
-0.0856004 -0.140828 0.402047 0.696957 0.577747 0.424805 0.444808 0.116364 -0.888034 -0.562491 0.807879 -0.175886 82.5348 26.4111 38.9058 0.639812 0.662661 0.385776 -0.0519443 1
-0.0852727 -0.140477 0.402787 0.691389 0.581 0.429442 0.428589 0.148689 -0.891181 -0.581629 0.800207 -0.146208 80.5277 25.378 40.0721 0.650744 0.64979 0.388429 -0.0585525 1
-0.0847786 -0.141029 0.401559 0.680194 0.565693 0.466185 0.444961 0.186766 -0.875858 -0.582534 0.803188 -0.124674 77.9627 26.4209 40.5775 0.659978 0.636023 0.397255 -0.045733 1
-0.0844375 -0.140237 0.401319 0.670841 0.575549 0.46767 0.464689 0.165239 -0.86992 -0.577959 0.800899 -0.156602 79.2449 27.6901 40.7464 0.647973 0.644632 0.403423 -0.0427721 1
-0.0841302 -0.14032 0.401625 0.692554 0.53946 0.478906 0.485004 0.143222 -0.862704 -0.533985 0.829741 -0.162451 80.574 29.0127 37.6335 0.646785 0.654176 0.39151 -0.021049 1
-0.0844876 -0.139201 0.400527 0.707023 0.520872 0.478342 0.484804 0.135452 -0.86407 -0.514863 0.84282 -0.156753 81.0908 28.9997 36.0626 0.649177 0.657329 0.382486 -0.0138898 1
-0.0841598 -0.139937 0.402641 0.734041 0.492279 0.467809 0.464425 0.138697 -0.874684 -0.495472 0.859316 -0.126817 80.9897 27.673 34.0191 0.660667 0.656156 0.364511 -0.0105401 1
-0.084444 -0.140533 0.401763 0.740704 0.483743 0.466208 0.447299 0.162682 -0.879464 -0.501279 0.859957 -0.0958787 79.52 26.5705 34.0886 0.672218 0.646897 0.359811 -0.0135537 1
-0.0844274 -0.139935 0.400546 0.731864 0.492372 0.471111 0.469571 0.136622 -0.87226 -0.49384 0.859596 -0.131215 81.0981 28.0065 34.0103 0.659028 0.656974 0.366051 -0.00864932 1
-0.0846027 -0.139298 0.400593 0.727056 0.497084 0.4736 0.487337 0.112257 -0.865968 -0.483624 0.86041 -0.160631 82.6138 29.1657 33.6311 0.64782 0.666226 0.369402 -0.00376163 1
-0.084894 -0.138987 0.400903 0.735422 0.479332 0.478953 0.491864 0.108547 -0.863879 -0.466074 0.870895 -0.155938 82.8383 29.4632 32.3645 0.649621 0.66761 0.363684 0.00482309 1
-0.0844759 -0.138819 0.400292 0.747552 0.462345 0.476869 0.499472 0.0819551 -0.862445 -0.437829 0.882905 -0.169663 84.5717 29.9651 30.3568 0.644175 0.677359 0.354988 0.014409 1
-0.0852088 -0.139701 0.403769 0.757136 0.448624 0.474848 0.490965 0.0887151 -0.86665 -0.430927 0.889306 -0.153089 84.1552 29.404 29.6465 0.650531 0.674817 0.348091 0.0162716 1
-0.0849342 -0.139997 0.404243 0.768741 0.431433 0.472126 0.481113 0.0962793 -0.871356 -0.421387 0.896993 -0.133554 83.6948 28.7581 28.7294 0.657926 0.67194 0.339519 0.0188776 1
-0.0846721 -0.14038 0.404925 0.778162 0.410659 0.475208 0.472081 0.116607 -0.873809 -0.41425 0.904302 -0.103125 82.399 28.1694 28.0283 0.669261 0.664206 0.332253 0.0229437 1
-0.0838044 -0.140777 0.402377 0.794392 0.380194 0.473701 0.469067 0.111483 -0.876098 -0.385897 0.918163 -0.0897751 82.7481 27.9738 25.9094 0.673814 0.665711 0.31893 0.0329738 1
-0.084279 -0.139112 0.402767 0.762753 0.417845 0.493572 0.497252 0.109016 -0.86073 -0.413459 0.901954 -0.124622 82.7816 29.8184 28.4604 0.660898 0.666776 0.343105 0.0300376 1
-0.0844106 -0.139385 0.403361 0.754177 0.434063 0.492755 0.50193 0.102802 -0.858777 -0.423419 0.894998 -0.140339 83.1738 30.1278 29.3112 0.655103 0.669275 0.34963 0.0258996 1
-0.0836953 -0.139056 0.402247 0.755852 0.449321 0.476234 0.494235 0.0855208 -0.865111 -0.429441 0.889268 -0.157429 84.3544 29.6193 29.6033 0.648834 0.675973 0.348962 0.0173057 1
-0.0837379 -0.138873 0.402772 0.762304 0.443439 0.471439 0.483107 0.0948706 -0.870406 -0.430698 0.891269 -0.141908 83.7796 28.8885 29.4662 0.654841 0.672559 0.344411 0.0151442 1
-0.0837046 -0.138903 0.402683 0.757454 0.453407 0.469771 0.486817 0.087237 -0.869137 -0.435054 0.887024 -0.154648 84.2683 29.1316 29.8715 0.650008 0.675438 0.348005 0.0128499 1
-0.0833828 -0.138487 0.400619 0.747254 0.461357 0.478289 0.487563 0.108424 -0.866329 -0.451545 0.880565 -0.14392 82.8663 29.1806 31.1434 0.654171 0.667598 0.355348 0.0100152 1
-0.0837091 -0.139279 0.403874 0.736583 0.478254 0.478245 0.491574 0.107108 -0.864224 -0.464543 0.871666 -0.156203 82.935 29.4441 32.2385 0.649517 0.668146 0.36288 0.00512696 1
-0.0840204 -0.139943 0.405787 0.711092 0.51609 0.477493 0.488352 0.126045 -0.863496 -0.505828 0.847209 -0.162403 81.6951 29.2323 35.4257 0.647057 0.660956 0.37992 -0.0107172 1
-0.0839744 -0.138734 0.402005 0.700319 0.534698 0.472917 0.47776 0.141148 -0.867077 -0.530376 0.833172 -0.156609 80.7542 28.5392 37.1379 0.64901 0.654939 0.38647 -0.0219327 1
-0.0834296 -0.138452 0.400868 0.6897 0.547432 0.473953 0.47536 0.151435 -0.866661 -0.546211 0.823034 -0.155783 80.0886 28.3828 38.3776 0.649106 0.650778 0.392911 -0.0277583 1
-0.0834636 -0.139362 0.401817 0.67046 0.577793 0.465445 0.455805 0.174231 -0.872861 -0.585428 0.79737 -0.146546 78.7116 27.1167 41.1266 0.651564 0.640854 0.403211 -0.046806 1
-0.0826292 -0.139174 0.398955 0.689697 0.530921 0.492383 0.491692 0.155795 -0.856718 -0.531561 0.832977 -0.153598 79.6933 29.4519 37.622 0.650364 0.649519 0.393604 -0.0150796 1
-0.0823874 -0.138723 0.400273 0.712092 0.49833 0.494562 0.504008 0.127561 -0.854227 -0.488774 0.857552 -0.160327 81.5068 30.2655 34.4654 0.647944 0.660465 0.379406 0.00219091 1
-0.0822574 -0.138594 0.400933 0.727213 0.479853 0.490817 0.516006 0.0893714 -0.85191 -0.452657 0.872785 -0.182615 84.0112 31.0647 31.9004 0.639134 0.674622 0.369044 0.0141414 1
-0.0822741 -0.138056 0.400463 0.748948 0.45416 0.48251 0.518395 0.051966 -0.853561 -0.412727 0.889403 -0.196515 86.516 31.2247 28.8581 0.633324 0.688022 0.353388 0.0253563 1
-0.0820029 -0.139389 0.40238 0.75916 0.448752 0.471484 0.496251 0.0696973 -0.865377 -0.421201 0.890934 -0.169783 85.3953 29.7523 29.0226 0.644025 0.681771 0.346525 0.0184383 1
-0.0828472 -0.139034 0.404355 0.743835 0.463329 0.481702 0.503193 0.0861356 -0.859871 -0.439894 0.88199 -0.169073 84.2796 30.2114 30.5995 0.644379 0.675791 0.357552 0.015466 1
-0.082333 -0.139101 0.403023 0.739627 0.468736 0.482948 0.505662 0.086514 -0.858383 -0.444137 0.879092 -0.173034 84.2448 30.3753 30.9843 0.642866 0.675675 0.360528 0.0143601 1
-0.0827922 -0.139087 0.403786 0.714216 0.507894 0.4816 0.506136 0.100489 -0.856579 -0.483447 0.855538 -0.185292 83.3089 30.4068 34.0937 0.638242 0.670638 0.37801 -0.000688408 1
-0.0825654 -0.139348 0.403875 0.70119 0.524887 0.482521 0.502935 0.115562 -0.856564 -0.50536 0.843291 -0.182953 82.3164 30.1944 35.781 0.639101 0.66494 0.386434 -0.00858716 1
-0.0826686 -0.138706 0.403413 0.698908 0.53696 0.472442 0.484102 0.13108 -0.865138 -0.526472 0.833362 -0.168331 81.3845 28.9537 36.9899 0.644526 0.658817 0.38746 -0.0205024 1
-0.0831495 -0.138721 0.404349 0.693421 0.542613 0.474067 0.469686 0.158545 -0.868481 -0.54641 0.824885 -0.144919 79.6543 28.0139 38.2378 0.65327 0.648034 0.390526 -0.0279084 1
-0.0825609 -0.137568 0.402299 0.695534 0.548407 0.4642 0.44726 0.175158 -0.877085 -0.562308 0.817661 -0.123452 78.7063 26.568 38.954 0.660916 0.641059 0.38829 -0.0382601 1
-0.0821951 -0.137889 0.400625 0.695277 0.54894 0.463955 0.444248 0.179222 -0.877795 -0.565008 0.816422 -0.119257 78.4604 26.3752 39.0986 0.662428 0.639397 0.38833 -0.0395108 1
-0.0821684 -0.137616 0.400038 0.705081 0.540207 0.459388 0.435614 0.181227 -0.881701 -0.559555 0.821786 -0.107542 78.3851 25.8244 38.4357 0.666852 0.638631 0.381997 -0.0392117 1
-0.0815273 -0.139757 0.401272 0.713424 0.502689 0.48819 0.456994 0.194366 -0.867974 -0.531208 0.842334 -0.0910604 77.3779 27.1933 36.671 0.673931 0.634452 0.378154 -0.0169508 1
-0.0817335 -0.138249 0.39935 0.700916 0.513258 0.495261 0.482289 0.170506 -0.859259 -0.525466 0.841127 -0.128028 78.7764 28.835 36.8584 0.660188 0.643902 0.386529 -0.0117274 1
-0.0816551 -0.13721 0.398785 0.714542 0.505664 0.48346 0.47384 0.158603 -0.866211 -0.51469 0.848027 -0.126275 79.6241 28.2839 35.7655 0.660846 0.648501 0.377603 -0.0120391 1
-0.0795665 -0.138705 0.398354 0.687589 0.513106 0.513754 0.535881 0.118837 -0.835889 -0.489952 0.850059 -0.193253 81.9086 32.4037 35.4724 0.635054 0.663703 0.395127 0.00896571 1
-0.0793751 -0.13943 0.400942 0.688342 0.508965 0.516856 0.553637 0.0917625 -0.827687 -0.468691 0.855882 -0.218618 83.6737 33.6169 34.2509 0.624797 0.673646 0.394347 0.0178747 1
-0.0788074 -0.138909 0.398564 0.656089 0.536665 0.530602 0.59142 0.0711179 -0.803222 -0.468796 0.840793 -0.270734 84.9402 36.2578 35.547 0.603422 0.681121 0.414054 0.0226853 1
-0.0786307 -0.139641 0.400007 0.646382 0.54044 0.538624 0.592594 0.0891083 -0.800557 -0.480649 0.836651 -0.262663 83.6487 36.3413 36.6345 0.6068 0.674525 0.419937 0.0214874 1
-0.0786764 -0.139369 0.399955 0.625769 0.563035 0.539819 0.59016 0.110763 -0.799652 -0.510024 0.818977 -0.262969 82.1139 36.1683 39.1813 0.606952 0.666704 0.432424 0.0111723 1
-0.0788157 -0.139729 0.404827 0.626059 0.586835 0.513493 0.560618 0.118975 -0.819483 -0.541995 0.800918 -0.254505 81.7393 34.0985 40.8836 0.610436 0.663624 0.432268 -0.0107373 1
-0.078864 -0.139618 0.403983 0.618098 0.599753 0.508184 0.546392 0.136994 -0.826249 -0.565164 0.788371 -0.243025 80.5859 33.1199 42.4385 0.614831 0.65653 0.43644 -0.0216973 1
-0.0784883 -0.139323 0.403167 0.607225 0.599977 0.520871 0.558544 0.1439 -0.816898 -0.565073 0.786969 -0.247734 80.0096 33.9551 42.9407 0.613064 0.654037 0.442834 -0.0168959 1
-0.0784787 -0.139475 0.402441 0.62882 0.581596 0.516073 0.554541 0.129799 -0.821971 -0.545041 0.803056 -0.240898 81.0264 33.6791 40.9177 0.615979 0.65953 0.430662 -0.0109805 1
-0.0784335 -0.138891 0.401987 0.648871 0.55861 0.516644 0.548901 0.126581 -0.826247 -0.526948 0.819714 -0.224487 81.29 33.2917 39.08 0.622689 0.660828 0.418986 -0.00389803 1
-0.0781908 -0.138377 0.401075 0.660609 0.545385 0.515899 0.543124 0.127218 -0.829959 -0.518279 0.828475 -0.21217 81.2854 32.8965 38.1159 0.627626 0.660599 0.41194 -0.000900774 1
-0.0760428 -0.139156 0.401641 0.663227 0.555198 0.501881 0.615585 -0.0232852 -0.787726 -0.425658 0.831392 -0.357215 91.6932 37.9945 32.6923 0.566288 0.714795 0.409482 0.0266592 1
-0.0727324 -0.140144 0.399821 0.65163 0.568368 0.50233 0.673355 -0.128528 -0.728062 -0.349244 0.812673 -0.466466 100.012 42.3265 28.1893 0.513964 0.749437 0.414219 0.0510669 1
-0.0727973 -0.140551 0.399538 0.661639 0.539704 0.520532 0.683677 -0.149133 -0.714384 -0.307927 0.828541 -0.467655 101.792 43.1317 24.9573 0.51109 0.754723 0.405242 0.070425 1
-0.0730752 -0.139242 0.398417 0.685089 0.498048 0.531603 0.674467 -0.157965 -0.721208 -0.275222 0.85264 -0.444137 102.354 42.4128 21.8869 0.520333 0.756173 0.387648 0.0847627 1
-0.0736817 -0.139249 0.400411 0.689192 0.42503 0.586824 0.683976 -0.114319 -0.720491 -0.239145 0.897931 -0.369499 99.0159 43.1551 19.1364 0.548948 0.737057 0.376161 0.117928 1
-0.0735116 -0.14045 0.402622 0.718747 0.378793 0.583025 0.671292 -0.159748 -0.723773 -0.181023 0.91159 -0.369099 102.447 42.1669 14.1365 0.545413 0.749599 0.350216 0.134072 1
-0.0729531 -0.140177 0.402896 0.745479 0.347395 0.568839 0.655705 -0.229057 -0.719433 -0.119631 0.909313 -0.398546 107.661 40.9731 9.1168 0.528648 0.770241 0.32558 0.145801 1
-0.0698162 -0.141156 0.402952 0.703745 0.375565 0.60307 0.700908 -0.228344 -0.675713 -0.116067 0.898226 -0.423932 108.672 44.4999 9.36535 0.512706 0.767467 0.350658 0.15864 1
-0.0702318 -0.141171 0.405002 0.702273 0.345573 0.622408 0.710741 -0.290291 -0.640764 -0.040751 0.892362 -0.449476 114.372 45.2952 3.32099 0.490537 0.781351 0.337976 0.186106 1
-0.0698924 -0.140238 0.401462 0.71263 0.309509 0.629573 0.701354 -0.334995 -0.629191 0.016163 0.889934 -0.455803 118.032 44.5357 -1.29929 0.480061 0.791111 0.319444 0.20406 1
-0.0697851 -0.140584 0.400876 0.716841 0.27426 0.641031 0.694458 -0.362853 -0.621342 0.0621906 0.890573 -0.45057 120.284 43.984 -4.95837 0.475242 0.79534 0.304498 0.221044 1
-0.0699514 -0.140273 0.402437 0.727106 0.265756 0.633001 0.684468 -0.351954 -0.638461 0.0531126 0.897498 -0.437809 118.866 43.1938 -4.17784 0.484082 0.793232 0.299478 0.21624 1
-0.0692893 -0.141079 0.402635 0.728947 0.210347 0.651452 0.672906 -0.395083 -0.625385 0.125829 0.894239 -0.429538 122.282 42.2918 -9.79376 0.47548 0.798994 0.276364 0.243206 1
-0.0684543 -0.140225 0.401811 0.744531 0.128432 0.655118 0.625223 -0.478158 -0.616815 0.234031 0.868833 -0.436302 127.783 38.6985 -17.4497 0.455541 0.815321 0.231092 0.272638 1
-0.0684321 -0.140544 0.403349 0.760325 0.0732362 0.645401 0.576561 -0.533693 -0.618667 0.299138 0.842501 -0.448005 130.783 35.2091 -21.4764 0.441199 0.827953 0.196206 0.285203 1
-0.0679414 -0.140462 0.402987 0.769546 0.0174978 0.638352 0.53377 -0.566368 -0.627946 0.350554 0.823967 -0.445186 132.048 32.2606 -24.4909 0.435314 0.833831 0.165282 0.296495 1
-0.0674711 -0.140514 0.404202 0.748781 -0.00877993 0.66276 0.543656 -0.563863 -0.621688 0.379164 0.825821 -0.417437 132.208 32.9329 -26.8565 0.43803 0.826148 0.161859 0.315296 1
-0.0671541 -0.140844 0.404879 0.739666 -0.0317673 0.672223 0.527673 -0.592576 -0.608617 0.417677 0.804888 -0.421545 134.235 31.8484 -29.4527 0.425895 0.829727 0.149418 0.328391 1
-0.0666568 -0.140402 0.403764 0.724388 -0.0518689 0.687438 0.50632 -0.636716 -0.581577 0.467869 0.769352 -0.434968 137.591 30.419 -32.8577 0.403951 0.836073 0.135889 0.345456 1
-0.0655325 -0.140315 0.402076 0.711093 -0.0520761 0.701167 0.489597 -0.679063 -0.546963 0.50462 0.732231 -0.457381 141.15 29.3141 -35.361 0.379028 0.843732 0.129639 0.357278 1
-0.0647331 -0.140201 0.402211 0.708676 -0.042454 0.704256 0.473641 -0.711195 -0.519486 0.522918 0.701712 -0.483899 143.854 28.2709 -36.4229 0.358323 0.852023 0.126519 0.360077 1
-0.0643423 -0.139947 0.402485 0.716351 -0.0427245 0.696431 0.458088 -0.724086 -0.515612 0.526305 0.688385 -0.499128 144.546 27.2638 -36.3048 0.351119 0.857258 0.121131 0.356583 1
-0.0610311 -0.139652 0.402127 0.730546 -0.0897731 0.676937 0.350758 -0.801216 -0.484791 0.585894 0.591603 -0.553837 148.823 20.5337 -38.7294 0.306388 0.878294 0.0742874 0.359456 1
-0.0602257 -0.139687 0.400599 0.731767 -0.0818412 0.676623 0.322642 -0.832881 -0.449679 0.600349 0.547367 -0.58307 151.635 18.8228 -39.3658 0.280988 0.887091 0.0678625 0.359876 1
-0.0596088 -0.139625 0.401293 0.731956 -0.0860109 0.675901 0.299113 -0.850737 -0.432178 0.612186 0.518506 -0.596975 153.069 17.4043 -39.9081 0.266573 0.891581 0.0597538 0.361181 1
-0.0590827 -0.139029 0.400008 0.729603 -0.100696 0.676417 0.286634 -0.853 -0.436156 0.620903 0.512105 -0.593488 152.918 16.6566 -40.3983 0.266043 0.89108 0.0521665 0.363974 1
-0.0594546 -0.138656 0.399752 0.717309 -0.0982051 0.689799 0.297565 -0.852012 -0.430732 0.630018 0.514228 -0.581934 153.181 17.3114 -41.293 0.266159 0.887589 0.0561522 0.371742 1
-0.05894 -0.138556 0.399698 0.70325 -0.126141 0.699663 0.270768 -0.862442 -0.427644 0.657362 0.490187 -0.572357 153.625 15.71 -43.0684 0.259061 0.885727 0.0408217 0.383026 1
-0.0593018 -0.13862 0.400672 0.700854 -0.0852701 0.70819 0.346298 -0.827302 -0.442323 0.623603 0.555249 -0.550289 151.868 20.2611 -41.6619 0.284281 0.877275 0.0743861 0.379526 1
-0.0587635 -0.138926 0.401148 0.689148 -0.0771194 0.720505 0.32838 -0.853121 -0.405403 0.645942 0.515982 -0.562602 154.583 19.1705 -43.1465 0.26145 0.881032 0.0712973 0.38774 1
-0.058842 -0.138931 0.40207 0.678731 -0.113668 0.725537 0.321651 -0.842136 -0.432836 0.660201 0.527149 -0.535022 152.798 18.7628 -44.2071 0.274578 0.874055 0.0594879 0.396353 1
-0.0584835 -0.138231 0.400961 0.681356 -0.106921 0.7241 0.296495 -0.864159 -0.406595 0.669211 0.491729 -0.557099 154.803 17.2472 -44.4848 0.254999 0.880712 0.053813 0.395507 1
-0.0581596 -0.138378 0.401295 0.67873 -0.137668 0.721369 0.259476 -0.873962 -0.410929 0.68702 0.466088 -0.557463 154.818 15.039 -45.3478 0.248649 0.881782 0.0345347 0.399302 1
-0.0581881 -0.138515 0.40176 0.668293 -0.154257 0.727729 0.243839 -0.878793 -0.410202 0.702799 0.451584 -0.549678 154.978 14.1132 -46.4416 0.244858 0.879881 0.0254528 0.406455 1
-0.0580868 -0.138324 0.400982 0.667826 -0.157558 0.72745 0.246784 -0.875185 -0.416113 0.702215 0.457414 -0.545588 154.571 14.2873 -46.4379 0.248522 0.87872 0.025385 0.406747 1
-0.0579937 -0.138969 0.401832 0.661107 -0.163582 0.732242 0.24828 -0.873264 -0.419247 0.708021 0.458968 -0.536707 154.355 14.3758 -46.9625 0.250568 0.876225 0.0241656 0.410929 1
-0.0565198 -0.140556 0.408556 0.607958 -0.125083 0.784054 0.299017 -0.878732 -0.372046 0.735511 0.460634 -0.49683 157.053 17.3986 -50.4236 0.241037 0.863644 0.0503488 0.43987 1
-0.0554351 -0.140341 0.409403 0.603899 -0.1205 0.787899 0.316724 -0.870834 -0.375943 0.731431 0.476579 -0.487731 156.65 18.4649 -50.4555 0.247656 0.860591 0.0570028 0.441363 1
-0.0565297 -0.138092 0.403267 0.611842 -0.105809 0.783871 0.316969 -0.875164 -0.365539 0.724693 0.472115 -0.501924 157.331 18.4797 -49.8264 0.242257 0.864426 0.0610693 0.436291 1
-0.05584 -0.138261 0.403074 0.618828 -0.0845191 0.780966 0.331755 -0.873058 -0.357364 0.712033 0.480236 -0.512233 157.74 19.3753 -49.0061 0.241629 0.86662 0.0713219 0.430696 1
-0.0570527 -0.136716 0.399572 0.651672 -0.0489027 0.756922 0.335366 -0.876502 -0.345361 0.680333 0.478908 -0.554792 158.494 19.5948 -46.2326 0.234723 0.877919 0.0815744 0.409279 1
