-0.334972 -0.397169 1.45443 0.794965 0.605871 0.0308581 0.224194 -0.246139 -0.942949 -0.56371 0.756529 -0.331504 104.63 12.9555 35.3405 0.551662 0.770164 0.269444 -0.172967 0
-0.334767 -0.40574 1.45443 0.75179 0.658432 0.0357724 0.220255 -0.199611 -0.9548 -0.62153 0.725688 -0.295089 101.808 12.724 39.5817 0.5606 0.749415 0.293124 -0.195405 0
-0.335959 -0.414215 1.45439 0.722466 0.689382 0.0528702 0.214432 -0.150712 -0.965041 -0.657314 0.708547 -0.25671 98.8763 12.3822 42.2965 0.573377 0.729707 0.30965 -0.207084 0
-0.336001 -0.425262 1.45651 0.687885 0.723245 0.0610925 0.236619 -0.143884 -0.96089 -0.686168 0.675437 -0.270109 98.5162 13.6871 44.9284 0.564334 0.724893 0.331036 -0.215575 0
-0.335735 -0.424149 1.45515 0.604853 0.794529 0.0536384 0.225393 -0.106205 -0.968462 -0.763774 0.597867 -0.24332 96.2583 13.026 51.6234 0.560207 0.698995 0.364781 -0.253984 0
-0.336518 -0.424768 1.45883 0.604734 0.79401 0.0620078 0.233216 -0.102101 -0.96705 -0.761516 0.599269 -0.24692 96.0269 13.4865 51.5463 0.560293 0.698884 0.367452 -0.250223 0
-0.337191 -0.425542 1.46114 0.604787 0.793704 0.065328 0.23717 -0.101194 -0.966183 -0.760252 0.599828 -0.249444 95.9791 13.7196 51.4975 0.559944 0.699182 0.3686 -0.248477 0
-0.340179 -0.427268 1.47196 0.567584 0.81934 0.0808119 0.20284 -0.0440315 -0.978221 -0.797938 0.571615 -0.191186 92.5772 11.7031 54.5752 0.577141 0.671342 0.380648 -0.267049 0
-0.341808 -0.429864 1.47976 0.549899 0.831674 0.0770053 0.168733 -0.0203219 -0.985452 -0.81801 0.554893 -0.151506 91.1814 9.71416 56.0894 0.586956 0.656073 0.38121 -0.282364 0
-0.342943 -0.431594 1.48543 0.554561 0.830074 0.0586386 0.135247 -0.0203783 -0.990602 -0.821078 0.55728 -0.123566 91.1785 7.77293 55.9647 0.593847 0.651634 0.370347 -0.292511 0
-0.347054 -0.430167 1.49736 0.5499 0.830544 0.0883511 0.0290279 0.0867124 -0.99581 -0.834726 0.550161 0.0235742 85.0234 1.66341 56.6239 0.644241 0.59992 0.358203 -0.311031 0
-0.349325 -0.427762 1.50519 0.569289 0.817374 0.0883749 -0.0664128 0.152864 -0.986013 -0.819451 0.555457 0.141308 81.1875 -3.80798 55.2115 0.682543 0.564605 0.332516 -0.323711 0
-0.34815 -0.428046 1.51538 0.607175 0.793909 0.0323652 -0.206786 0.197215 -0.958304 -0.767188 0.575165 0.283913 78.3711 -11.9341 51.6409 0.722548 0.530577 0.276644 -0.346238 0
-0.353785 -0.426043 1.52129 0.638501 0.76935 -0.0204056 -0.346989 0.264106 -0.899915 -0.68696 0.581677 0.435588 73.6442 -20.3033 47.0938 0.764558 0.484461 0.217954 -0.365028 0
-0.357581 -0.420221 1.52707 0.67355 0.73695 -0.0568753 -0.426574 0.324727 -0.844148 -0.603626 0.592838 0.533084 68.9592 -25.2503 41.8663 0.795513 0.451591 0.171824 -0.365652 0
-0.369476 -0.409734 1.53814 0.662048 0.741082 -0.111759 -0.565974 0.39662 -0.722749 -0.49129 0.541747 0.682015 61.2435 -34.47 36.5783 0.82775 0.381907 0.114627 -0.394762 0
-0.374163 -0.39816 1.54466 0.678416 0.71571 -0.165862 -0.626373 0.445491 -0.639684 -0.383939 0.537863 0.750529 55.1458 -38.783 29.507 0.847708 0.347274 0.0643137 -0.395798 0
-0.382966 -0.381736 1.54631 0.71188 0.67755 -0.184803 -0.639852 0.517247 -0.56837 -0.28951 0.522858 0.80175 47.6961 -39.7808 22.1308 0.870471 0.313402 0.030072 -0.378359 1
-0.390799 -0.372418 1.54894 0.736641 0.643749 -0.207236 -0.64578 0.578582 -0.498208 -0.200818 0.50083 0.841927 40.7313 -40.2242 15.249 0.888419 0.281128 -0.00180609 -0.362872 1
-0.395711 -0.371233 1.54812 0.747848 0.631693 -0.204175 -0.647306 0.625573 -0.435493 -0.147371 0.457846 0.876732 34.8437 -40.3388 11.1479 0.901409 0.247762 -0.0157541 -0.354722 1
-0.395255 -0.372893 1.54667 0.760296 0.605848 -0.234303 -0.644266 0.657292 -0.391008 -0.0828858 0.448236 0.890064 30.7474 -40.1107 6.22169 0.909348 0.230727 -0.041628 -0.343684 1
-0.394802 -0.373904 1.55025 0.83767 0.522387 -0.159437 -0.540833 0.752618 -0.375586 -0.0762059 0.400846 0.91297 26.521 -32.7404 5.1981 0.93585 0.207414 -0.0222341 -0.284025 1
-0.391852 -0.373177 1.5522 0.872766 0.468044 -0.138614 -0.484652 0.796983 -0.36046 -0.0582383 0.381777 0.922418 24.3363 -28.9897 3.81759 0.947651 0.19581 -0.0212039 -0.251331 1
-0.390496 -0.371842 1.55057 0.896905 0.422753 -0.129772 -0.440322 0.826554 -0.350606 -0.0409561 0.371602 0.927488 22.9856 -26.1244 2.61453 0.955373 0.188986 -0.0232412 -0.225848 1
-0.393182 -0.373447 1.54889 0.907822 0.383087 -0.170597 -0.419355 0.82925 -0.36944 -5.95775e-05 0.406927 0.913461 24.0135 -24.7939 0.00376014 0.955318 0.20317 -0.0446285 -0.209993 1
-0.395964 -0.3738 1.54402 0.92329 0.316243 -0.218005 -0.379867 0.835856 -0.39629 0.0568971 0.448704 0.891868 25.3662 -22.3254 -3.52636 0.955381 0.221114 -0.0719353 -0.182155 1
-0.39557 -0.372643 1.5439 0.934514 0.232649 -0.269367 -0.327315 0.859027 -0.393621 0.139818 0.456011 0.878922 24.618 -19.1059 -8.50923 0.958184 0.221678 -0.106761 -0.1461 1
-0.397298 -0.373568 1.54443 0.924793 0.174746 -0.337967 -0.311918 0.856868 -0.410469 0.217865 0.485017 0.846931 25.596 -18.1748 -13.2562 0.952443 0.23505 -0.145897 -0.127741 1
-0.396169 -0.371463 1.54382 0.915401 0.15002 -0.373544 -0.314052 0.846658 -0.429583 0.251817 0.510553 0.822146 26.9026 -18.3036 -15.381 0.9466 0.248293 -0.16516 -0.122563 1
-0.396142 -0.368736 1.54211 0.854745 0.160041 -0.493759 -0.392084 0.822431 -0.412162 0.34012 0.545888 0.765719 26.6177 -23.0842 -21.6986 0.927752 0.258164 -0.224704 -0.14878 1
-0.397011 -0.36824 1.542 0.810549 0.157636 -0.564058 -0.434119 0.808186 -0.397965 0.39313 0.567439 0.723507 26.2165 -25.7293 -25.8742 0.91409 0.264034 -0.261787 -0.161843 1
-0.395436 -0.369043 1.54359 0.781022 0.167269 -0.601686 -0.462659 0.802115 -0.377569 0.419466 0.573265 0.703858 25.2071 -27.5588 -28.239 0.906504 0.262226 -0.281618 -0.173724 1
-0.396144 -0.367374 1.54244 0.710926 0.195951 -0.675417 -0.516835 0.796886 -0.312816 0.476934 0.571468 0.667801 21.4324 -31.1202 -33.8562 0.891013 0.248112 -0.323326 -0.199993 1
-0.39441 -0.363631 1.54168 0.673315 0.210788 -0.708672 -0.546983 0.786907 -0.285635 0.49745 0.579954 0.645133 19.9501 -33.1603 -36.4573 0.881101 0.245599 -0.34222 -0.215007 1
-0.390124 -0.367145 1.5428 0.663408 0.165849 -0.729646 -0.526399 0.796463 -0.297576 0.531783 0.581499 0.615683 20.4868 -31.7625 -38.7154 0.876863 0.250631 -0.359643 -0.197365 1
-0.391723 -0.364214 1.54236 0.689805 0.25824 -0.676374 -0.548228 0.796503 -0.255009 0.47288 0.546713 0.691006 17.753 -33.2455 -34.4317 0.891251 0.224887 -0.322371 -0.226218 1
-0.392071 -0.363945 1.54305 0.696774 0.272652 -0.663451 -0.550342 0.796417 -0.250688 0.460033 0.539798 0.704974 17.4724 -33.3905 -33.4341 0.894171 0.221011 -0.314114 -0.2301 1
-0.391869 -0.366747 1.54197 0.673824 0.279978 -0.683794 -0.631656 0.698422 -0.336479 0.38337 0.65865 0.647463 25.7234 -39.1724 -29.6376 0.868865 0.28633 -0.307057 -0.262306 1
-0.391377 -0.367031 1.54222 0.664395 0.29145 -0.688212 -0.65207 0.676023 -0.343217 0.365217 0.676794 0.639192 26.9169 -40.6979 -28.7975 0.863077 0.295458 -0.305138 -0.273301 1
-0.393072 -0.367248 1.54286 0.660363 0.331551 -0.673791 -0.669699 0.665947 -0.328661 0.339741 0.668273 0.661806 26.2675 -42.0438 -27.2247 0.864308 0.288362 -0.293163 -0.28961 1
-0.393912 -0.366559 1.54193 0.633406 0.373977 -0.67745 -0.705779 0.638168 -0.307602 0.31729 0.672966 0.668164 25.7344 -44.8925 -26.6075 0.857283 0.285952 -0.290085 -0.314877 0
-0.393317 -0.364435 1.54243 0.626711 0.392318 -0.673291 -0.709262 0.645064 -0.284322 0.322771 0.655727 0.682525 23.7862 -45.1749 -27.2496 0.859404 0.27346 -0.289754 -0.320449 1
-0.388615 -0.375931 1.54139 0.682058 0.313774 -0.660563 -0.650542 0.672942 -0.352057 0.334055 0.669847 0.663108 27.6168 -40.5825 -26.0944 0.868635 0.294112 -0.286259 -0.277537 1
-0.38591 -0.383137 1.53942 0.670658 0.331326 -0.663657 -0.659813 0.675258 -0.329656 0.338916 0.658976 0.671481 26.0213 -41.2856 -26.8097 0.868533 0.284569 -0.288582 -0.285291 1
-0.384294 -0.385275 1.53861 0.659233 0.332145 -0.674604 -0.664744 0.676768 -0.316387 0.351465 0.657012 0.66694 25.0559 -41.6627 -28.0639 0.86645 0.280858 -0.296056 -0.287636 1
-0.382382 -0.385294 1.53547 0.64569 0.290525 -0.706173 -0.650167 0.694166 -0.308896 0.400459 0.658581 0.637105 23.9885 -40.5542 -31.8073 0.862694 0.280365 -0.320691 -0.272603 0
-0.380531 -0.384451 1.53105 0.625891 0.266065 -0.733123 -0.655994 0.688006 -0.310353 0.421819 0.675172 0.605154