-0.336641 -0.388956 1.45976 0.838438 0.544086 0.0314872 0.176663 -0.216675 -0.960126 -0.515569 0.810569 -0.277788 102.717 10.1755 31.588 0.57965 0.763692 0.235942 -0.158468 0
-0.337035 -0.387437 1.46378 0.849367 0.52691 0.030681 0.151996 -0.188519 -0.970236 -0.505443 0.82875 -0.24021 100.996 8.74261 30.7561 0.595953 0.754668 0.224902 -0.157275 0
-0.338023 -0.38894 1.46796 0.859804 0.510012 0.0250045 0.146258 -0.199061 -0.969011 -0.48923 0.836817 -0.245747 101.609 8.41014 29.64 0.594768 0.759047 0.216149 -0.152897 0
-0.34015 -0.390887 1.47529 0.870071 0.492034 0.0296366 0.146003 -0.19982 -0.968894 -0.470807 0.847334 -0.245696 101.653 8.39537 28.4184 0.596774 0.760853 0.209645 -0.144959 0
-0.34322 -0.392296 1.47999 0.874312 0.483513 0.0423544 0.161245 -0.207043 -0.964952 -0.457798 0.850499 -0.258984 102.11 9.27915 27.637 0.593356 0.764908 0.21073 -0.135782 0
-0.326246 -0.392792 1.47898 0.818133 0.573558 0.0411098 0.195683 -0.210474 -0.957815 -0.54071 0.791664 -0.284431 102.393 11.2846 33.461 0.575158 0.760434 0.252896 -0.164248 0
-0.312625 -0.394089 1.48409 0.803002 0.595042 0.033345 0.191248 -0.204288 -0.960047 -0.564457 0.777297 -0.277844 102.013 11.0256 35.1046 0.574646 0.755833 0.260074 -0.175671 0
-0.303454 -0.395648 1.49051 0.805022 0.592627 0.0270841 0.179782 -0.200199 -0.963119 -0.565348 0.780201 -0.267708 101.743 10.3571 35.0795 0.578168 0.753812 0.256168 -0.178514 0
-0.294214 -0.397048 1.49759 0.797713 0.602342 0.0289635 0.177334 -0.188405 -0.965948 -0.576374 0.775686 -0.257109 101.037 10.2145 35.8494 0.58142 0.74887 0.260284 -0.182745 0
-0.286563 -0.390987 1.50927 0.791571 0.610989 0.0104033 0.151579 -0.17983 -0.971949 -0.591979 0.770943 -0.234961 100.482 8.71844 36.7911 0.586681 0.742691 0.256691 -0.195766 0
-0.286046 -0.37462 1.5215 0.774805 0.632083 0.0121978 0.126716 -0.136367 -0.982521 -0.619371 0.762807 -0.185752 97.9018 7.27984 38.6385 0.602637 0.724038 0.262002 -0.209648 0
-0.287312 -0.366118 1.53334 0.75318 0.657434 0.0223576 0.161557 -0.151925 -0.975099 -0.637667 0.738037 -0.22064 98.8558 9.29729 40.2523 0.587498 0.728997 0.280862 -0.211012 0
-0.289257 -0.3599 1.54813 0.730422 0.682037 0.0361799 0.168934 -0.129084 -0.977138 -0.661774 0.719835 -0.209505 97.5254 9.72582 42.1771 0.58988 0.719203 0.295803 -0.217461 0
-0.293993 -0.355034 1.56439 0.724087 0.689673 -0.00705056 0.13362 -0.150301 -0.979569 -0.676642 0.708351 -0.200985 98.7232 7.67882 43.06 0.585833 0.720308 0.285743 -0.237292 0
-0.295823 -0.348581 1.57861 0.73879 0.673723 -0.0169502 0.133627 -0.171091 -0.976152 -0.660555 0.718906 -0.216427 99.9413 7.67921 41.8 0.581221 0.729093 0.276833 -0.232311 0
-0.298019 -0.34486 1.58896 0.755991 0.65444 -0.0136279 0.131743 -0.172513 -0.976157 -0.641188 0.736171 -0.216636 100.022 7.57033 40.3027 0.58456 0.732315 0.26839 -0.223543 0
-0.308724 -0.353431 1.60161 0.799588 0.600411 0.0128829 0.150915 -0.180123 -0.971998 -0.581278 0.779142 -0.234635 100.499 8.67997 36.0161 0.588394 0.744034 0.25245 -0.190984 0
-0.31063 -0.355436 1.60924 0.810535 0.584638 0.0350926 0.168579 -0.175496 -0.969939 -0.560905 0.792085 -0.240803 100.256 9.70521 34.684 0.590389 0.746129 0.252375 -0.17618 0
-0.311941 -0.356984 1.61663 0.843363 0.535982 0.0382498 0.151777 -0.169325 -0.973803 -0.515464 0.827075 -0.224152 99.864 8.72989 31.4333 0.602056 0.747803 0.229926 -0.159539 0
-0.314085 -0.364186 1.62425 0.870515 0.491522 0.0246852 0.12522 -0.172706 -0.976981 -0.475945 0.853568 -0.211892 100.025 7.19347 28.6672 0.609491 0.750852 0.205348 -0.150249 0
-0.314232 -0.37281 1.63134 0.891913 0.451915 0.0162589 0.11651 -0.194909 -0.973877 -0.436941 0.870507 -0.226494 101.317 6.69072 26.0999 0.606323 0.760479 0.186864 -0.138295 0
-0.315434 -0.378707 1.63725 0.902157 0.430851 0.021916 0.119399 -0.200547 -0.972381 -0.414556 0.879857 -0.232368 101.653 6.8574 24.6795 0.606062 0.764047 0.180044 -0.128474 0
-0.317712 -0.383837 1.64755 0.897677 0.44053 0.0105061 0.102664 -0.185895 -0.977192 -0.428529 0.878281 -0.2121 100.771 5.89257 25.5187 0.612307 0.757574 0.179254 -0.137948 0
-0.317311 -0.376343 1.64528 0.911779 0.410095 0.0219238 0.112679 -0.198474 -0.973608 -0.394921 0.890185 -0.227173 101.522 6.46976 23.419 0.609535 0.764432 0.170968 -0.121985 0
-0.319894 -0.3888 1.6606 0.888684 0.458279 0.0148348 0.112913 -0.187371 -0.975778 -0.444399 0.868834 -0.21826 100.87 6.48326 26.568 0.608903 0.75735 0.18855 -0.141799 0
-0.321093 -0.390676 1.66718 0.887438 0.460778 0.0117017 0.110759 -0.188535 -0.975801 -0.447422 0.867259 -0.218348 100.935 6.35904 26.756 0.60839 0.757351 0.188663 -0.14383 0
-0.323019 -0.391589 1.67616 0.875391 0.483205 0.0142789 0.117 -0.183116 -0.976104 -0.469044 0.856143 -0.216833 100.625 6.71897 28.1829 0.607339 0.754211 0.198951 -0.150742 0
-0.325431 -0.396283 1.68632 0.879918 0.474776 0.0182137 0.121084 -0.187011 -0.974867 -0.459437 0.860009 -0.222042 100.859 6.95468 27.5707 0.606396 0.756467 0.196922 -0.145817 0
-0.326727 -0.39826 1.69425 0.88622 0.462645 0.0239337 0.128132 -0.19514 -0.97237 -0.445192 0.8648 -0.232216 101.348 7.36163 26.6726 0.603917 0.760522 0.194201 -0.138477 0
-0.328066 -0.398632 1.7017 0.892922 0.449411 0.0268372 0.135555 -0.21153 -0.967926 -0.429319 0.86792 -0.249799 102.328 7.79071 25.6784 0.598246 0.767178 0.190622 -0.131157 0
-0.333989 -0.39834 1.73581 0.803459 0.595272 -0.0101928 0.158738 -0.230692 -0.959991 -0.573808 0.769696 -0.279845 103.512 9.13367 35.5333 0.568534 0.760591 0.247837 -0.191956 0
-0.336331 -0.402727 1.75269 0.772328 0.630497 -0.077349 0.0943139 -0.234234 -0.967595 -0.628183 0.740006 -0.24037 103.608 5.41183 39.1236 0.569588 0.749489 0.241768 -0.235338 0
-0.339222 -0.404912 1.76185 0.757567 0.645798 -0.0950706 0.0766666 -0.232664 -0.969531 -0.64824 0.727195 -0.22577 103.494 4.39699 40.5532 0.569898 0.744312 0.242662 -0.249664 0
-0.336851 -0.409857 1.77372 0.722085 0.691103 -0.0311554 0.128333 -0.178068 -0.975614 -0.679797 0.700478 -0.217271 100.344 7.37328 43.2722 0.575922 0.727568 0.281567 -0.244291 0
-0.338892 -0.411735 1.7816 0.699448 0.714598 0.0110371 0.159207 -0.140739 -0.977162 -0.696725 0.685231 -0.212208 98.1958 9.16084 44.8883 0.580194 0.716309 0.304968 -0.239313 0
-0.341656 -0.413161 1.78756 0.676719 0.736082 0.0153165 0.168525 -0.134615 -0.976462 -0.716694 0.663372 -0.215145 97.8493 9.70206 46.6433 0.575969 0.711772 0.31773 -0.246349 0
-0.344598 -0.41436 1.79333 0.624152 0.780887 0.0254909 0.17126 -0.104907 -0.979625 -0.762302 0.6158 -0.199213 96.1125 9.86108 50.6903 0.574463 0.694311 0.342839 -0.265303 0
-0.353952 -0.416743 1.80302 0.605953 0.79502 0.0276361 0.169173 -0.0948398 -0.981013 -0.777304 0.599123 -0.191964 95.5219 9.73974 52.0615 0.574271 0.687888 0.350418 -0.272453 0
-0.355336 -0.418077 1.80926 0.576671 0.81652 0.0272996 0.178795 -0.0935285 -0.979431 -0.797172 0.569691 -0.199925 95.4548 10.2996 54.1181 0.566396 0.683763 0.363911 -0.281484 0
-0.356303 -0.419692 1.81448 0.54469 0.838044 0.03155 0.200097 -0.0933355 -0.97532 -0.814416 0.537561 -0.218529 95.4664 11.5426 56.225 0.555164 0.681277 0.380954 -0.287279 0
-0.361127 -0.424914 1.83022 0.532717 0.844592 0.0536372 0.245048 -0.0932763 -0.965014 -0.81004 0.527222 -0.256655 95.5209 14.1847 56.6694 0.54378 0.686048 0.397071 -0.275638 0
-0.364827 -0.427409 1.84387 0.533136 0.844594 0.0492642 0.255799 -0.105417 -0.960965 -0.806432 0.524927 -0.272248 96.2603 14.8209 56.5311 0.537464 0.691159 0.398025 -0.273876 0
-0.375158 -0.429267 1.85265 0.581106 0.812062 0.0535838 0.254469 -0.118767 -0.95976 -0.773021 0.571358 -0.275661 97.0543 14.7421 53.0666 0.544674 0.702768 0.379403 -0.25593 0
-0.390191 -0.428512 1.85953 0.620249 0.78246 0.055204 0.245625 -0.126903 -0.961022 -0.744956 0.609633 -0.270903 97.5224 14.2188 50.2193 0.552821 0.710291 0.361853 -0.242771 0
-0.404172 -0.420154 1.86642 0.665559 0.743661 0.0632377 0.261568 -0.15306 -0.952972 -0.699009 0.6508 -0.296389 99.1246 15.1631 46.4042 0.551387 0.727153 0.345604 -0.218582 0
-0.425326 -0.415994 1.86953 0.684601 0.723015 0.0925802 0.256691 -0.120258 -0.958983 -0.682225 0.680285 -0.26792 97.1477 14.8738 44.9004 0.569303 0.719857 0.340243 -0.204778 0
-0.439336 -0.413988 1.86668 0.69541 0.715489 0.0669358 0.215798 -0.119075 -0.96915 -0.685446 0.688401 -0.237207 97.0046 12.4623 44.5866 0.578603 0.716186 0.325086 -0.215904 0
-0.442242 -0.41202 1.8617 0.733037 0.677255 0.0631086 0.166181 -0.0883513 -0.982129 -0.659576 0.730424 -0.177312 95.1404 9.56587 41.9804 0.605676 0.706877 0.298297 -0.210952 0
-0.436912 -0.40884 1.85975 0.764762 0.64428 0.0065125 0.0935866 -0.101076 -0.990467 -0.637479 0.758081 -0.137595 95.8268 5.36997 39.8134 0.617675 0.707713 0.260651 -0.222889 0
-0.436194 -0.408038 1.85938 0.791466 0.609277 -0.0486083 0.0315742 -0.120178 -0.99225 -0.610397 0.783797 -0.114354 96.9058 1.80937 37.6403 0.623886 0.711688 0.225117 -0.231494 0
-0.434621 -0.408008 1.86087 0.80788 0.582456 -0.0898574 0.00202838 -0.155217 -0.987878 -0.589343 0.797905 -0.126578 98.9294 0.116218 36.1105 0.617674 0.722785 0.202164 -0.234925 0
-0.435862 -0.409093 1.86101 0.806673 0.587072 -0.0680073 0.0328342 -0.159413 -0.986666 -0.590085 0.793684 -0.14787 99.1778 1.8816 36.1856 0.612248 0.726973 0.213181 -0.226313 0
-0.433867 -0.410056 1.86176 0.818191 0.571827 -0.0598109 0.045999 -0.1688 -0.984576 -0.573103 0.802821 -0.164414 99.7285 2.63648 35.0094 0.609298 0.733383 0.210608 -0.215751 0
-0.432264 -0.410224 1.86173 0.825609 0.560693 -0.0631895 0.0412336 -0.171645 -0.984296 -0.562734 0.810038 -0.164831 99.892 2.36318 34.2783 0.61015 0.735201 0.204681 -0.212841 0
-0.43535 -0.410325 1.86263 0.843891 0.533061 -0.0607792 0.0370573 -0.170927 -0.984587 -0.535234 0.828631 -0.163998 99.8486 2.12371 32.3847 0.6142 0.738041 0.193119 -0.20189 0
-0.433219 -0.409951 1.86134 0.845302 0.531876 -0.0507185 0.0337768 -0.147934 -0.98842 -0.53322 0.8338 -0.143014 98.5121 1.93563 32.2439 0.623369 0.730796 0.193506 -0.199761 0
-0.437326 -0.407442 1.86029 0.843889 0.535067 -0.0394409 0.0170962 -0.100293 -0.994811 -0.536246 0.838835 -0.0937839 95.7569 0.979589 32.4338 0.642225 0.713787 0.193392 -0.201631 0
-0.43834 -0.407654 1.86038 0.841406 0.53733 -0.057557 0.0146239 -0.129108 -0.991523 -0.540206 0.833431 -0.11649 97.4189 0.837916 32.7016 0.631626 0.722323 0.191034 -0.206889 0
-0.436644 -0.409156 1.86047 0.845379 0.533209 -0.0319853 0.0474502 -0.134603 -0.989763 -0.532056 0.835207 -0.139091 97.7444 2.71972 32.1851 0.626834 0.727852 0.199443 -0.193735 0
-0.436979 -0.409497 1.85854 0.846254 0.530339 -0.0509425 0.0461638 -0.168246 -0.984663 -0.530777 0.830923 -0.166861 99.6963 2.64593 32.0963 0.614643 0.738472 0.195168 -0.196934 0
-0.436772 -0.407974 1.8604 0.869356 0.491709 -0.0494185 0.0150481 -0.126293 -0.991879 -0.493957 0.861552 -0.117193 97.2563 0.862224 29.6047 0.637548 0.726781 0.174315 -0.186912 0
-0.435679 -0.408002 1.86128 0.889732 0.451844 -0.0649092 -0.0123961 -0.118226 -0.992909 -0.456314 0.884228 -0.0995882 96.7902 -0.710264 27.1518 0.646513 0.72587 0.151352 -0.179517 0
-0.438581 -0.407524 1.86114 0.907626 0.413804 -0.070585 -0.028207 -0.107648 -0.993789 -0.418832 0.903979 -0.086032 96.1822 -1.61635 24.7714 0.654589 0.724794 0.133002 -0.168812 0
-0.438009 -0.407156 1.85878 0.911429 0.403493 -0.0805644 -0.0334287 -0.12254 -0.9919 -0.410098 0.90674 -0.0981981 97.0427 -1.91568 24.2254 0.650133 0.730097 0.126718 -0.168013 0
-0.438157 -0.407492 1.85996 0.907831 0.414343 -0.0645222 -0.0091612 -0.134234 -0.990907 -0.419236 0.900167 -0.118066 97.7146 -0.524905 24.7875 0.643337 0.734869 0.137841 -0.164573 0
-0.435737 -0.408758 1.86166 0.937556 0.345682 -0.0386347 0.0025432 -0.117882 -0.993024 -0.347825 0.930918 -0.1114 96.7699 0.145715 20.3544 0.653505 0.736009 0.118281 -0.131269 0
-0.439299 -0.407071 1.86041 0.936053 0.347415 -0.0557385 -0.0171697 -0.113123 -0.993433 -0.351439 0.930863 -0.0999245 96.4964 -0.983799 20.5785 0.656317 0.732991 0.112636 -0.138875 0
-0.438621 -0.406883 1.85919 0.942651 0.327285 -0.0655296 -0.0277007 -0.118939 -0.992515 -0.33263 0.93741 -0.103052 96.8335 -1.58734 19.4362 0.65587 0.735636 0.101811 -0.135311 0
-0.438101 -0.407852 1.85995 0.950758 0.30063 -0.0753753 -0.0367205 -0.132222 -0.99054 -0.307752 0.944531 -0.114672 97.6032 -2.1044 17.9363 0.652661 0.741224 0.0890114 -0.129221 0
-0.438521 -0.407625 1.8604 0.971699 0.224399 -0.0737948 -0.0471655 -0.121801 -0.991433 -0.231465 0.966856 -0.10777 97.0039 -2.70339 13.3985 0.659949 0.741834 0.0597281 -0.102873 0
-0.436365 -0.408365 1.86128 0.990206 0.129276 -0.0527206 -0.0387356 -0.108403 -0.993352 -0.134131 0.985666 -0.102333 96.2279 -2.21994 7.71421 0.666984 0.741779 0.0305145 -0.0629742 0
-0.437023 -0.40829 1.86117 0.995582 0.0752566 -0.0561508 -0.0479656 -0.106475 -0.993158 -0.0807204 0.991463 -0.102395 96.1192 -2.74928 4.63532 0.66834 0.74237 0.00919052 -0.0460927 0
-0.438367 -0.407605 1.85986 0.997051 0.0463477 -0.0611665 -0.0562598 -0.100646 -0.99333 -0.0521947 0.993842 -0.0977417 95.7856 -3.22515 2.99665 0.670571 0.740851 -0.00334483 -0.0382538 0
-0.43743 -0.407607 1.86153 0.993887 0.081775 -0.0741728 -0.0661405 -0.0969047 -0.993094 -0.088398 0.991929 -0.0909036 95.5732 -3.79234 5.08261 0.671952 0.738528 0.00529246 -0.055032 0
-0.437866 -0.407638 1.85955 0.99286 0.0965047 -0.0701161 -0.0588429 -0.115075 -0.991612 -0.103764 0.988658 -0.108575 96.6195 -3.3734 5.96633 0.665058 0.744397 0.0126484 -0.0583962 0
-0.438745 -0.407741 1.86032 0.996471 0.0596972 -0.0590101 -0.0517125 -0.117161 -0.991766 -0.0661193 0.991317 -0.11366 96.7373 -2.96423 3.79621 0.664389 0.746206 0.00267511 -0.0419219 0
-0.438118 -0.40835 1.86048 0.997726 -0.00287951 -0.067334 -0.0671636 -0.125306 -0.989842 -0.00558709 0.992114 -0.125214 97.2148 -3.85109 0.320843 0.66091 0.749708 -0.0233568 -0.0243165 0
-0.438613 -0.407836 1.86071 0.99579 -0.0580739 -0.0709167 -0.0765993 -0.102314 -0.991799 0.0503418 0.993055 -0.106332 95.8898 -4.39312 -2.8941 0.66842 0.742367 -0.0453526 -0.0069288 0
-0.438284 -0.408217 1.86023 0.99765 0.00839543 -0.0679932 -0.0664933 -0.120348 -0.990502 -0.0164985 0.992696 -0.119507 96.9276 -3.8126 0.947436 0.662909 0.747915 -0.0194199 -0.0282424 0
-0.434646 -0.408155 1.85992 0.986187 0.148958 -0.0724327 -0.0556739 -0.113754 -0.991948 -0.155998 0.982279 -0.10389 96.542 -3.19153 8.98873 0.664933 0.742265 0.0314187 -0.076937 0
-0.435905 -0.407193 1.85981 0.970137 0.229552 -0.0783577 -0.0540234 -0.110446 -0.992413 -0.236465 0.96701 -0.0947465 96.3503 -3.09682 13.6984 0.664256 0.73745 0.0595053 -0.106727 0
-0.436103 -0.407898 1.86042 0.963383 0.259165 -0.068746 -0.0383761 -0.120477 -0.991974 -0.265367 0.95829 -0.106119 96.9247 -2.19933 15.4004 0.658936 0.739929 0.0745981 -0.112887 0
-0.43742 -0.408287 1.86183 0.943989 0.323014 -0.0674307 -0.0299577 -0.119612 -0.992369 -0.328615 0.938805 -0.103236 96.8728 -1.71671 19.1937 0.655961 0.736009 0.0995424 -0.134525 0
-0.437649 -0.408078 1.86108 0.926474 0.367768 -0.0799512 -0.0313892 -0.136187 -0.990186 -0.375047 0.919891 -0.11463 97.8311 -1.79877 22.0387 0.647236 0.737782 0.113983 -0.154178 0
-0.43672 -0.408077 1.85979 0.88164 0.46564 -0.0767466 -0.0112119 -0.141913 -0.989816 -0.471789 0.873522 -0.119895 98.1591 -0.642407 28.1524 0.636363 0.732026 0.155195 -0.187335 0
-0.438862 -0.408126 1.85993 0.870441 0.488246 -0.0628296 0.00397167 -0.134593 -0.990893 -0.492256 0.862265 -0.119095 97.7352 0.22756 29.4892 0.635758 0.72872 0.168864 -0.190432 0
-0.438525 -0.407448 1.85992 0.846137 0.52924 -0.0629011 -0.00334206 -0.11275 -0.993618 -0.532955 0.840947 -0.0936332 96.4739 -0.191487 32.2055 0.640264 0.716331 0.183539 -0.207954 0
-0.437774 -0.40776 1.86106 0.851429 0.520021 -0.0681652 -0.00959053 -0.114511 -0.993376 -0.524381 0.846443 -0.0925107 96.5757 -0.549505 31.6282 0.641172 0.717365 0.177884 -0.206501 0
-0.436838 -0.407619 1.86184 0.849339 0.525002 -0.0547331 -0.000505378 -0.102882 -0.994693 -0.527847 0.84486 -0.0871168 95.9052 -0.028956 31.8601 0.644077 0.714027 0.18364 -0.203977 0
-0.436614 -0.407764 1.8609 0.839707 0.539144 -0.0649251 0.000729704 -0.120679 -0.992691 -0.543039 0.833523 -0.101728 96.9313 0.041809 32.8908 0.635866 0.718003 0.187978 -0.211686 0
-0.438246 -0.407484 1.862 0.867654 0.491856 -0.0724871 -0.0130692 -0.123185 -0.992298 -0.496997 0.861918 -0.100454 97.0766 -0.748833 29.8043 0.641096 0.723065 0.165541 -0.196899 0
-0.439487 -0.407728 1.86069 0.844142 0.531609 -0.0693941 -0.00292438 -0.12487 -0.992169 -0.536111 0.837734 -0.103853 97.1733 -0.167555 32.4195 0.635496 0.719872 0.183604 -0.210282 0
-0.438402 -0.406691 1.85938 0.82812 0.553508 -0.0885825 -0.00198723 -0.155128 -0.987892 -0.560548 0.818269 -0.127364 98.9242 -0.11386 34.0938 0.621616 0.726397 0.189814 -0.223408 0
-0.439208 -0.407699 1.85962 0.88895 0.451942 -0.0742696 -0.0135139 -0.136206 -0.990588 -0.457805 0.881587 -0.114973 97.8291 -0.774313 27.2482 0.639877 0.731459 0.149847 -0.181854 0
-0.43993 -0.407273 1.85792 0.919937 0.382402 -0.0865176 -0.0348507 -0.14004 -0.989532 -0.390515 0.913322 -0.115501 98.0551 -1.9972 23.0013 0.645057 0.737475 0.117818 -0.161711 0
-0.43836 -0.407534 1.85994 0.947208 0.308881 -0.0859627 -0.0482151 -0.127838 -0.990622 -0.316974 0.94247 -0.106197 97.3533 -2.76359 18.5023 0.654441 0.738452 0.0882474 -0.136413 0
-0.438792 -0.407438 1.85922 0.959484 0.273102 -0.0693234 -0.0356327 -0.126449 -0.991333 -0.279501 0.953638 -0.111594 97.2691 -2.04204 16.241 0.656018 0.741203 0.080096 -0.117655 0
-0.43863 -0.407304 1.85918 0.973799 0.219223 -0.0604752 -0.0345653 -0.120156 -0.992153 -0.224769 0.968248 -0.109431 96.9053 -1.98084 12.9972 0.660343 0.74219 0.0622003 -0.096082 0
-0.438684 -0.407547 1.85816 0.98128 0.182899 -0.060315 -0.0369882 -0.128369 -0.991036 -0.189002 0.974715 -0.119201 97.3805 -2.11975 10.9021 0.658352 0.746467 0.0488671 -0.0834991 0
-0.438392 -0.408437 1.85969 0.990215 0.12026 -0.0707975 -0.0526887 -0.147593 -0.987644 -0.129223 0.98171 -0.139813 98.4994 -3.02024 7.4351 0.652459 0.754589 0.0223868 -0.0662681 0
-0.436714 -0.409167 1.86179 0.990322 -0.118501 -0.0722414 -0.0867275 -0.122032 -0.98873 0.10835 0.985427 -0.131128 97.036 -4.97537 -6.24382 0.659007 0.748913 -0.0685089 0.0120536 0
-0.437978 -0.408862 1.86175 0.995104 -0.0732978 -0.0663052 -0.0745246 -0.115774 -0.990476 0.0649232 0.990567 -0.12067 96.6669 -4.27391 -3.73284 0.663072 0.746918 -0.0494774 -0.000462552 0
-0.437738 -0.408198 1.86062 0.997355 0.0364568 -0.0628725 -0.0583151 -0.114869 -0.991668 -0.0433751 0.992711 -0.112439 96.6073 -3.34311 2.49023 0.665216 0.745765 -0.00732749 -0.035617 0
-0.437181 -0.408052 1.86047 0.995696 0.0674525 -0.0635568 -0.0553116 -0.117758 -0.991501 -0.0743635 0.990749 -0.11352 96.7731 -3.17074 4.2712 0.664157 0.746152 0.00406782 -0.0462105 0
-0.434988 -0.407941 1.86068 0.996379 0.0747707 -0.0404873 -0.0321502 -0.10952 -0.993464 -0.0787162 0.991168 -0.10672 96.2909 -1.84239 4.51712 0.667109 0.743744 0.0143263 -0.0400687 0
-0.436166 -0.408271 1.86123 0.996369 0.0705424 -0.0476712 -0.0389636 -0.12004 -0.992004 -0.0757008 0.99026 -0.116855 96.8997 -2.23301 4.34479 0.663226 0.747205 0.0105656 -0.0412778 0
-0.438314 -0.408702 1.86136 0.993973 0.0898131 -0.0628579 -0.0512157 -0.126515 -0.990642 -0.0969251 0.98789 -0.121152 97.2778 -2.93573 5.56946 0.660739 0.748605 0.0128898 -0.0533602 1
-0.437405 -0.415734 1.86205 0.999203 0.0175769 -0.0358363 -0.0318261 -0.191008 -0.981072 -0.0240893 0.981431 -0.190296 101.017 -1.82381 1.38105 0.635983 0.771445 -0.00461768 -0.0194199 1
-0.438782 -0.419466 1.86207 0.999868 0.01336 -0.00925036 -0.00576771 -0.240415 -0.970653 -0.0151918 0.970578 -0.240306 103.911 -0.330467 0.870476 0.616268 0.787494 0.00241026 -0.00775949 1
-0.441035 -0.419238 1.86126 0.999847 0.010123 0.0142366 0.0163452 -0.254583 -0.966913 -0.00616368 0.966998 -0.254709 104.751 0.936554 0.353202 0.610442 0.792013 0.00835474 0.00254824 1
-0.442382 -0.417505 1.86178 0.999708 0.0218254 -0.0103884 -0.00491952 -0.237067 -0.971481 -0.0236657 0.971248 -0.236891 103.714 -0.281869 1.35609 0.617606 0.786395 0.00537448 -0.010826 1
-0.441164 -0.417519 1.86285 0.999853 0.00483298 0.0164657 0.0171323 -0.226264 -0.973915 -0.000981317 0.974054 -0.226313 103.079 0.981656 0.0562336 0.621948 0.783012 0.00701307 0.00494387 1
-0.439342 -0.411219 1.86088 0.991001 -0.125759 0.0458526 0.023089 -0.176818 -0.983973 0.131851 0.976176 -0.172323 100.187 1.32302 -7.57862 0.640675 0.764876 -0.0335579 0.0580826 1
-0.438847 -0.409117 1.85985 0.991537 -0.126597 0.0287797 0.0109824 -0.139092 -0.990218 0.129362 0.982154 -0.136525 97.9958 0.629255 -7.43319 0.654965 0.752854 -0.0383923 0.0525142 1
-0.438869 -0.408349 1.85979 0.992281 -0.117711 0.0390283 0.0260458 -0.109878 -0.993604 0.121247 0.98695 -0.105964 96.3105 1.49248 -6.96644 0.666415 0.742988 -0.0308436 0.0539292 1
-0.43578 -0.407994 1.86104 0.995455 -0.0932239 0.0194566 0.0104806 -0.0958237 -0.995343 0.0946542 0.991023 -0.0944111 95.499 0.600503 -5.43172 0.671792 0.739204 -0.0279839 0.0385925 1
-0.436744 -0.407129 1.85948 0.997031 -0.0762536 0.0107032 0.00440764 -0.0822555 -0.996602 0.0768748 0.99369 -0.0816752 94.7183 0.25254 -4.40899 0.67696 0.735011 -0.024437 0.029788 1
-0.437287 -0.406607 1.85952 0.993435 -0.109476 -0.0332046 -0.0410955 -0.0706288 -0.996656 0.106764 0.991477 -0.074664 94.0535 -2.35526 -6.13403 0.679732 0.731219 -0.0514795 0.0251497 1
-0.437689 -0.407091 1.86016 0.99672 -0.0725398 -0.0358815 -0.0419387 -0.0837811 -0.995601 0.0692145 0.99384 -0.0865485 94.8102 -2.40362 -3.97237 0.67572 0.736045 -0.038883 0.0113217 1
-0.438834 -0.407753 1.8601 0.996096 -0.0629299 -0.0619002 -0.0676781 -0.0942608 -0.993244 0.05667 0.993557 -0.0981518 95.4212 -3.88063 -3.25616 0.671506 0.739681 -0.0441434 -0.00176775 1
-0.439232 -0.406438 1.85995 0.988643 -0.12613 -0.0817035 -0.0898045 -0.0599274 -0.994155 0.120497 0.990202 -0.0705739 93.4496 -5.15236 -6.94898 0.681568 0.727864 -0.0741672 0.0133243 1
-0.437704 -0.405925 1.86038 0.967387 -0.234903 -0.094777 -0.110146 -0.0531628 -0.992493 0.228101 0.970564 -0.0773026 93.0661 -6.32372 -13.2675 0.677665 0.724198 -0.119114 0.0460247 1
-0.438407 -0.407402 1.86095 0.959406 -0.269658 -0.0826134 -0.104073 -0.0662534 -0.99236 0.262124 0.960674 -0.0916279 93.8196 -5.97375 -15.2811 0.671104 0.727545 -0.128422 0.0616838 1
-0.440646 -0.407931 1.86193 0.952197 -0.30327 -0.0367166 -0.0633975 -0.0786032 -0.994888 0.298834 0.949657 -0.0940723 94.5174 -3.63485 -17.4237 0.666994 0.728847 -0.12577 0.0899082 1
-0.437134 -0.40769 1.86106 0.93135 -0.362867 -0.0302545 -0.0635282 -0.0801148 -0.994759 0.358541 0.928391 -0.0976672 94.6045 -3.64235 -21.0552 0.662112 0.726143 -0.146802 0.113024 1
-0.439315 -0.407381 1.86032 0.927813 -0.370372 -0.044592 -0.0763985 -0.0716489 -0.9945 0.36514 0.926116 -0.0947726 94.1208 -4.38158 -21.4821 0.663587 0.723573 -0.154363 0.110752 1
-0.439251 -0.407394 1.86014 0.9153 -0.40064 -0.0414051 -0.0761008 -0.0710738 -0.994564 0.395519 0.913475 -0.0955429 94.0875 -4.36448 -23.3701 0.661189 0.721442 -0.165204 0.12271 1
-0.439434 -0.406455 1.86068 0.900532 -0.433269 -0.0363335 -0.0631041 -0.0475625 -0.996873 0.430186 0.900009 -0.0701726 92.7316 -3.618 -25.5339 0.667607 0.710329 -0.174698 0.138616 1
-0.439353 -0.406366 1.85934 0.884278 -0.465194 -0.0405734 -0.0622702 -0.0313623 -0.997566 0.46279 0.884653 -0.0567008 91.8007 -3.57013 -27.6254 0.670115 0.7022 -0.18779 0.150319 1
-0.437937 -0.406529 1.86022 0.882237 -0.469759 -0.0313787 -0.0554254 -0.0374444 -0.99776 0.467532 0.882 -0.0590714 92.1492 -3.17727 -27.9209 0.668154 0.703341 -0.186675 0.155029 1
-0.43791 -0.406417 1.86107 0.865376 -0.501121 0.00133578 -0.0243506 -0.0447128 -0.998703 0.50053 0.864222 -0.050896 92.5635 -1.39533 -30.0449 0.665163 0.700176 -0.187621 0.179193 1
-0.439699 -0.406073 1.85873 0.787909 -0.615579 -0.0162072 -0.0435901 -0.0295012 -0.998614 0.614248 0.787523 -0.0500774 91.6921 -2.49832 -37.9397 0.653515 0.68328 -0.241178 0.218812 1
-0.439388 -0.406407 1.85975 0.846072 -0.532123 -0.0317315 -0.067216 -0.0474433 -0.99661 0.528814 0.845337 -0.0759077 92.7255 -3.8541 -32.0063 0.656262 0.701681 -0.213537 0.177104 1
-0.439353 -0.405698 1.85893 0.7559 -0.653882 -0.0324434 -0.0601637 -0.0200337 -0.997987 0.651916 0.756331 -0.0544835 91.15 -3.44921 -40.7757 0.648341 0.676465 -0.263889 0.228938 1
-0.438354 -0.405826 1.8611 0.931157 -0.363127 -0.0329381 -0.0491056 -0.0353797 -0.998167 0.361296 0.931068 -0.0507756 92.03 -2.81467 -21.2066 0.679154 0.710161 -0.145119 0.115593 1
-0.439269 -0.405804 1.85892 0.940763 -0.337386 -0.033708 -0.0491269 -0.0372657 -0.998097 0.335488 0.940628 -0.0516329 92.1382 -2.8159 -19.6269 0.680416 0.712331 -0.135651 0.105913 1
-0.440429 -0.407187 1.8592 0.914083 -0.403643 -0.0390362 -0.0771527 -0.0785974 -0.993916 0.39812 0.911534 -0.102987 94.5215 -4.42492 -23.535 0.658122 0.723821 -0.166062 0.124024 1
-0.44009 -0.409819 1.8636 0.924747 -0.379137 -0.0331505 -0.0870043 -0.125803 -0.988233 0.370505 0.916749 -0.149322 97.2548 -4.99129 -21.8338 0.642188 0.741598 -0.157141 0.113726 1
-0.439063 -0.410944 1.86615 0.905702 -0.420805 -0.0512578 -0.115892 -0.129479 -0.984786 0.407766 0.897863 -0.166037 97.4902 -6.65507 -24.2383 0.634465 0.741825 -0.18087 0.120146 1
-0.440486 -0.4103 1.865 0.87711 -0.476043 -0.0637344 -0.134398 -0.115869 -0.98413 0.461103 0.871756 -0.165609 96.715 -7.7238 -27.7312 0.631591 0.734607 -0.207744 0.135232 1
-0.440382 -0.410518 1.86329 0.877333 -0.478469 -0.0367926 -0.106788 -0.11991 -0.987025 0.467849 0.869879 -0.156295 96.9267 -6.13017 -28.0693 0.632679 0.733747 -0.199407 0.146868 1
-0.440665 -0.409615 1.86294 0.828365 -0.559178 -0.0336319 -0.105003 -0.0960182 -0.989826 0.550259 0.823469 -0.138253 95.5406 -6.02734 -33.5949 0.631287 0.718094 -0.23123 0.17986 1
-0.439848 -0.409192 1.86251 0.833751 -0.551697 -0.0221417 -0.0935298 -0.101597 -0.990419 0.544162 0.827834 -0.136307 95.8569 -5.36671 -33.1312 0.631634 0.719662 -0.224142 0.181342 0
-0.440701 -0.406802 1.86222 0.741936 -0.66955 -0.035116 -0.0803872 -0.0368363 -0.996083 0.665634 0.741853 -0.0811535 92.1179 -4.61082 -41.8971 0.637171 0.681896 -0.274946 0.231164 1
-0.439476 -0.406578 1.86125 0.669024 -0.741906 -0.04452 -0.0752505 -0.00802262 -0.997132 0.739422 0.670456 -0.0611961 90.461 -4.31561 -47.8614 0.632417 0.659212 -0.309899 0.263535 1
-0.441838 -0.408031 1.8632 0.62488 -0.777056 -0.0755624 -0.11862 0.00116524 -0.992939 0.771657 0.629431 -0.0914464 89.9328 -6.81248 -50.9998 0.619395 0.654821 -0.341955 0.265758 1
-0.44189 -0.406279 1.86286 0.668966 -0.74134 -0.0538362 -0.0766048 0.00328015 -0.997056 0.739335 0.671121 -0.0545959 89.8115 -4.39344 -47.8605 0.635934 0.655798 -0.311813 0.261322 1
-0.441368 -0.406558 1.86299 0.664308 -0.74587 -0.0487063 -0.0748879 -0.00158099 -0.997191 0.743698 0.666089 -0.056907 90.0908 -4.29478 -48.2272 0.633605 0.656277 -0.312657 0.264748 1
-0.44122 -0.40717 1.86364 0.654424 -0.755088 -0.0396323 -0.0744329 -0.0121725 -0.997152 0.752455 0.65551 -0.0641694 90.6994 -4.26864 -48.9859 0.628109 0.657793 -0.315267 0.270915 1
-0.439933 -0.407002 1.86149 0.660224 -0.750122 -0.0376841 -0.078289 -0.0188324 -0.996753 0.746977 0.661031 -0.0711599 91.0824 -4.49022 -48.5278 0.626545 0.661479 -0.313091 0.268071 1
-0.440967 -0.40785 1.8626 0.661394 -0.748917 -0.0410112 -0.104546 -0.0379069 -0.993797 0.742717 0.661579 -0.103368 92.1844 -6.001 -48.3148 0.616466 0.671317 -0.317831 0.261317 1
-0.441069 -0.407632 1.86232 0.639766 -0.767581 -0.0389724 -0.0914401 -0.0256703 -0.99548 0.763111 0.640438 -0.0866107 91.4772 -5.24646 -50.0247 0.617957 0.661825 -0.32449 0.273539 1
-0.441056 -0.407126 1.86358 0.623865 -0.779937 -0.0499147 -0.0840535 -0.00346211 -0.996455 0.776999 0.625849 -0.0677163 90.1991 -4.8216 -51.2385 0.623034 0.650969 -0.331809 0.279232 1
-0.441438 -0.407243 1.86376 0.593141 -0.803723 -0.0470463 -0.085985 -0.00513824 -0.996283 0.800494 0.594981 -0.0721558 90.2955 -4.93267 -53.4627 0.615599 0.646226 -0.344194 0.29148 1
-0.441279 -0.407477 1.86357 0.601018 -0.797759 -0.04855 -0.0920382 -0.00874279 -0.995717 0.793918 0.602913 -0.078679 90.5031 -5.28088 -52.8733 0.615142 0.6497 -0.342388 0.286812 1
-0.440475 -0.40825 1.86388 0.591482 -0.804922 -0.0474248 -0.100272 -0.0150679 -0.994846 0.800059 0.593189 -0.0896233 90.8677 -5.75481 -53.5245 0.60967 0.651186 -0.347517 0.288947 1
-0.442931 -0.406823 1.86216 0.542035 -0.835829 -0.0871095 -0.108409 0.0332438 -0.99355 0.833334 0.547982 -0.0725922 88.0836 -6.22361 -56.9584 0.612921 0.628765 -0.375434 0.296702 1
-0.444405 -0.409014 1.86163 0.581092 -0.809132 -0.0873913 -0.155438 -0.00493808 -0.987833 0.798856 0.587606 -0.128639 90.2864 -8.94219 -53.9677 0.601563 0.654727 -0.36831 0.271665 1
-0.443032 -0.409493 1.86364 0.544774 -0.833015 -0.0964686 -0.217422 -0.0292038 -0.975641 0.809906 0.552479 -0.197025 91.7145 -12.5577 -56.0737 0.57414 0.665395 -0.394667 0.26805 1
-0.4419 -0.410483 1.86297 0.549049 -0.832335 -0.0759171 -0.207562 -0.0478013 -0.977053 0.809607 0.552208 -0.199006 92.8009 -11.9795 -55.8561 0.570579 0.670048 -0.387994 0.273745 1
-0.443216 -0.409714 1.86175 0.519743 -0.85013 -0.0845339 -0.19881 -0.0241244 -0.979741 0.830868 0.52602 -0.181553 91.4105 -11.4674 -57.9723 0.573163 0.656776 -0.399276 0.28409 1
-0.443411 -0.409176 1.86207 0.501372 -0.860035 -0.0946838 -0.192143 -0.0039726 -0.981359 0.843627 0.510219 -0.167242 90.2319 -11.0779 -59.2768 0.576662 0.646643 -0.406785 0.289551 1
-0.441467 -0.409486 1.86289 0.472356 -0.878323 -0.0736857 -0.161352 -0.00398038 -0.986889 0.866514 0.478052 -0.1436 90.2311 -9.2854 -61.4042 0.575494 0.636383 -0.408431 0.311458 1
-0.441414 -0.40893 1.86437 0.457316 -0.888274 -0.0427855 -0.123706 -0.0158973 -0.992192 0.880658 0.459038 -0.117155 90.9179 -7.10602 -62.5576 0.575383 0.630549 -0.40123 0.3322 1
-0.441292 -0.408986 1.8654 0.438393 -0.898095 -0.0351824 -0.118702 -0.0190525 -0.992747 0.890911 0.439389 -0.114958 91.0995 -6.81722 -63.7995 0.571048 0.626978 -0.405436 0.341212 1
-0.440944 -0.409436 1.86546 0.440915 -0.896953 -0.0327101 -0.122799 -0.024183 -0.992137 0.889109 0.441464 -0.120808 91.3963 -7.05368 -63.6229 0.569193 0.629664 -0.40488 0.340022 1
-0.441447 -0.409346 1.86547 0.460919 -0.886689 -0.0365575 -0.130581 -0.0270176 -0.991069 0.877783 0.461577 -0.128237 91.5616 -7.50315 -62.2963 0.571328 0.635644 -0.400094 0.330855 1
-0.441507 -0.410094 1.86453 0.459068 -0.887712 -0.0349741 -0.140962 -0.033915 -0.989434 0.877147 0.459147 -0.140703 91.9632 -8.10354 -62.374 0.566668 0.639079 -0.402405 0.329448 1
-0.441068 -0.409192 1.86452 0.46987 -0.881663 -0.0434986 -0.133152 -0.022076 -0.99085 0.872635 0.471363 -0.127768 91.2763 -7.65177 -61.6998 0.574462 0.63634 -0.398692 0.325744 1
-0.441236 -0.409911 1.86494 0.484026 -0.87387 -0.0455046 -0.146713 -0.0297768 -0.988731 0.862667 0.485247 -0.142621 91.725 -8.43649 -60.7041 0.572632 0.643511 -0.39649 0.317463 1
-0.441599 -0.410006 1.86589 0.51175 -0.8581 -0.0421368 -0.13766 -0.0334878 -0.989913 0.848034 0.512389 -0.135264 91.9375 -7.91248 -58.8909 0.579439 0.648171 -0.384066 0.310835 0
-0.442135 -0.412279 1.86707 0.470154 -0.88185 -0.0359851 -0.195223 -0.064147 -0.978659 0.860722 0.467146 -0.202317 93.7501 -11.2578 -61.3552 0.548564 0.658904 -0.408661 0.31292 1
-0.44106 -0.413377 1.86824 0.371629 -0.927972 -0.0275801 -0.229022 -0.0628469 -0.97139 0.899689 0.367313 -0.235882 93.7018 -13.2395 -67.5563 0.517904 0.646212 -0.447606 0.337393 1
-0.440448 -0.411016 1.86785 0.439744 -0.896919 -0.0465006 -0.207296 -0.0509842 -0.976949 0.873873 0.439247 -0.208348 92.9874 -11.964 -63.2879 0.543234 0.651743 -0.423562 0.317369 1
-0.440582 -0.411372 1.86744 0.479954 -0.875229 -0.0601506 -0.191352 -0.0375265 -0.980804 0.856171 0.482251 -0.185488 92.1911 -11.0317 -60.7258 0.560567 0.652489 -0.408658 0.304994 1
-0.440999 -0.411902 1.86857 0.479513 -0.87639 -0.0448086 -0.183242 -0.0500626 -0.981792 0.85819 0.478993 -0.184597 92.919 -10.5587 -60.8057 0.557865 0.654632 -0.404667 0.310625 1
-0.440387 -0.410931 1.86745 0.527472 -0.848353 -0.0455039 -0.15394 -0.0427649 -0.987154 0.835509 0.527701 -0.153153 92.4806 -8.85533 -57.7351 0.576965 0.65639 -0.381745 0.30089 0
-0.440846 -0.408132 1.86751 0.526423 -0.847337 -0.0699909 -0.146189 -0.00911228 -0.989215 0.837561 0.530977 -0.128668 90.5278 -8.40614 -57.8499 0.589203 0.64502 -0.385076 0.297498 0
-0.442436 -0.409528 1.8647 0.46261 -0.883457 -0.0741348 -0.17754 -0.0103898 -0.984059 0.868603 0.468397 -0.161656 90.6049 -10.2265 -61.9607 0.568015 0.639268 -0.414927 0.310695 0
-0.441604 -0.409478 1.86595 0.567367 -0.822617 -0.0373649 -0.123369 -0.0400503 -0.991552 0.814171 0.567184 -0.124208 92.313 -7.08656 -55.1287 0.592264 0.657956 -0.359441 0.295159 0
-0.440999 -0.411078 1.86589 0.483356 -0.875003 -0.0271537 -0.148408 -0.0513335 -0.987593 0.862753 0.481388 -0.15467 92.9755 -8.53467 -60.7404 0.5651 0.649877 -0.393694 0.321445 0
-0.44104 -0.410883 1.86735 0.480658 -0.875648 -0.0469873 -0.154325 -0.0317215 -0.987511 0.863222 0.481907 -0.150381 91.8399 -8.87763 -60.8901 0.569771 0.64474 -0.399375 0.316497 0
-0.44112 -0.410537 1.86867 0.473448 -0.878301 -0.0665946 -0.150152 -0.00597837 -0.988645 0.867929 0.478071 -0.134709 90.3465 -8.63575 -61.3879 0.577226 0.635243 -0.404748 0.315365 0
-0.440834 -0.410977 1.86828 0.433307 -0.900179 -0.0438505 -0.154562 -0.0262887 -0.987633 0.887894 0.434726 -0.150524 91.5247 -8.89138 -63.9868 0.560467 0.634453 -0.41561 0.332587 0
-0.441036 -0.411437 1.86883 0.396667 -0.917024 -0.0414951 -0.16479 -0.0266664 -0.985968 0.90305 0.397939 -0.161694 91.5492 -9.48501 -66.2864 0.549615 0.629489 -0.429639 0.342164 0
-0.441937 -0.411715 1.87034 0.392225 -0.918802 -0.0443029 -0.16728 -0.023885 -0.98562 0.904531 0.393996 -0.163065 91.3882 -9.6297 -66.5573 0.548925 0.628326 -0.432133 0.34227 0
-0.442129 -0.411777 1.86894 0.400397 -0.915184 -0.0460607 -0.178993 -0.0288148 -0.983428 0.89869 0.402006 -0.175349 91.6783 -10.3111 -65.9854 0.546862 0.633356 -0.431896 0.336552 1
-0.441839 -0.410367 1.86812 0.412044 -0.910121 -0.0435881 -0.149895 -0.0205212 -0.988489 0.89875 0.413834 -0.144878 91.1893 -8.62081 -65.3703 0.558266 0.627981 -0.421993 0.340441 1
-0.441874 -0.411093 1.86725 0.39057 -0.919601 -0.0423062 -0.166199 -0.0252373 -0.985769 0.905446 0.392043 -0.162694 91.4665 -9.56689 -66.6667 0.548325 0.628192 -0.432113 0.343502 1
-0.44618 -0.410501 1.86611 0.503192 -0.863822 -0.0246783 -0.150011 -0.0591894 -0.986911 0.851055 0.500307 -0.159367 93.4322 -8.62757 -59.406 0.566709 0.656077 -0.386324 0.314893 0
-0.445149 -0.410801 1.86502 0.46951 -0.882925 0.00213668 -0.121701 -0.067113 -0.990295 0.8745 0.464693 -0.138963 93.877 -6.99027 -61.7691 0.562013 0.647222 -0.388053 0.338615 0
-0.441685 -0.410507 1.86756 0.387556 -0.921386 -0.0291275 -0.140329 -0.0277381 -0.989716 0.911103 0.387658 -0.140048 91.6054 -8.0669 -66.9566 0.552216 0.623567 -0.425662 0.353601 0
-0.441383 -0.409828 1.86664 0.370003 -0.92771 -0.0495213 -0.134452 -0.000728889 -0.99092 0.91925 0.373302 -0.125002 90.0421 -7.72695 -68.0749 0.557735 0.611501 -0.434244 0.355571 0
-0.440863 -0.409838 1.86708 0.437445 -0.897176 -0.0609727 -0.189843 -0.0258619 -0.981474 0.878978 0.440916 -0.181635 91.5094 -10.9436 -63.5416 0.554515 0.641277 -0.423771 0.318897 0
-0.442655 -0.411194 1.86668 0.411446 -0.910024 -0.0506852 -0.179847 -0.0265454 -0.983336 0.893514 0.413706 -0.174587 91.5463 -10.3609 -65.2748 0.550071 0.634937 -0.429126 0.331855 0
-0.441708 -0.41061 1.86598 0.408375 -0.911117 -0.055635 -0.183036 -0.0220234 -0.98286 0.894275 0.411559 -0.175761 91.2836 -10.5466 -65.4559 0.550134 0.633672 -0.431672 0.330865 0
-0.442258 -0.408744 1.86548 0.436273 -0.896284 -0.079622 -0.181545 -0.00100933 -0.983382 0.88131 0.443479 -0.163157 90.0588 -10.4598 -63.6633 0.563939 0.632542 -0.425991 0.316851 0
-0.442903 -0.40971 1.8667 0.466892 -0.881017 -0.0763006 -0.164233 -0.0016059 -0.98642 0.86893 0.473083 -0.145442 90.0933 -9.45271 -61.7501 0.574422 0.635205 -0.411383 0.311958 0
-0.4417 -0.410296 1.86707 0.45696 -0.885844 -0.0804262 -0.166323 0.00372784 -0.986064 0.873799 0.463969 -0.145633 89.7834 -9.57412 -62.3923 0.573379 0.632231 -0.416053 0.313719 1
-0.444673 -0.410327 1.86619 0.416967 -0.906029 -0.0724538 -0.164401 0.00322043 -0.986388 0.89393 0.423203 -0.147609 89.8129 -9.46244 -64.9937 0.564043 0.624771 -0.428329 0.328711 1
-0.442779 -0.410591 1.86649 0.386297 -0.920974 -0.0508022 -0.157808 -0.0117253 -0.9874 0.908775 0.389447 -0.149867 90.6804 -9.0797 -66.9709 0.553332 0.622071 -0.433545 0.344805 0
-0.441755 -0.410211 1.86507 0.328635 -0.943683 -0.0382312 -0.158306 -0.0151323 -0.987274 0.931095 0.330505 -0.154363 90.8781 -9.10856 -70.5593 0.538317 0.611991 -0.450166 0.364738 0
-0.441696 -0.411588 1.86679 0.323133 -0.945514 -0.0398515 -0.17334 -0.0177364 -0.984702 0.930343 0.325098 -0.169626 91.0319 -9.98205 -70.8465 0.532863 0.614511 -0.45518 0.362276 0
-0.441609 -0.41139 1.86744 0.301651 -0.952646 -0.0383604 -0.182584 -0.018231 -0.983021 0.935772 0.303534 -0.179438 91.0625 -10.5203 -72.133 0.525353 0.612234 -0.463561 0.36645 0
-0.441806 -0.41096 1.86665 0.302464 -0.951828 -0.050392 -0.17923 -0.00487003 -0.983795 0.936158 0.306595 -0.17207 90.2836 -10.3249 -72.0948 0.530454 0.608154 -0.464956 0.364121 0
-0.445934 -0.41133 1.8672 0.221795 -0.974933 -0.0176777 -0.199768 -0.0276869 -0.979452 0.954411 0.220769 -0.200901 91.6192 -11.5234 -76.9173 0.498299 0.602159 -0.487704 0.388906 1
-0.445308 -0.417202 1.86851 0.199094 -0.979938 0.00916465 -0.155166 -0.0407561 -0.987047 0.967618 0.195093 -0.160167 92.3645 -8.9264 -78.3733 0.499542 0.591612 -0.479666 0.412764 1
-0.442778 -0.414986 1.86436 0.268746 -0.963119 0.0133182 -0.166725 -0.0601317 -0.984168 0.948672 0.262271 -0.176736 93.4964 -9.59744 -74.1833 0.507907 0.613517 -0.460396 0.391998 1
-0.4439 -0.416628 1.8672 0.335831 -0.941511 0.0278395 -0.206918 -0.102576 -0.972966 0.918914 0.320991 -0.229264 96.0182 -11.9418 -69.9244 0.500997 0.645692 -0.444651 0.366566 1
-0.445231 -0.41652 1.86891 0.399438 -0.915454 0.0489242 -0.219522 -0.147324 -0.96442 0.89009 0.374486 -0.259809 98.6853 -12.681 -65.8313 0.498072 0.672044 -0.422211 0.349313 1
-0.443472 -0.41343 1.86822 0.398267 -0.917193 0.0118083 -0.216992 -0.106715 -0.970323 0.891234 0.383885 -0.241525 96.2761 -12.5324 -65.9215 0.512354 0.660777 -0.42911 0.341659 1
-0.443192 -0.411894 1.8679 0.398024 -0.91716 -0.0198483 -0.174887 -0.0546218 -0.983072 0.90055 0.394758 -0.18214 93.1802 -10.0721 -66.1556 0.538809 0.639294 -0.427052 0.344404 1
-0.441877 -0.410255 1.86663 0.34334 -0.937851 -0.0505389 -0.169949 -0.0091151 -0.985411 0.923707 0.34692 -0.162516 90.53 -9.78484 -69.61 0.541227 0.615421 -0.450017 0.354704 1
-0.442344 -0.410021 1.86658 0.341652 -0.936551 -0.0783987 -0.16132 0.0237406 -0.986617 0.925878 0.349726 -0.142973 88.6216 -9.2835 -69.7458 0.552815 0.604335 -0.454165 0.350583 1
-0.44156 -0.409504 1.86672 0.34212 -0.937581 -0.0624085 -0.135924 0.0163383 -0.990585 0.929773 0.347382 -0.12185 89.0551 -7.81206 -69.7984 0.556014 0.601588 -0.446113 0.360448 1
-0.445202 -0.408779 1.86539 0.373241 -0.924658 -0.0754882 -0.136909 0.0255795 -0.990253 0.917577 0.379938 -0.117047 88.5203 -7.86904 -67.8651 0.566077 0.605126 -0.438573 0.347898 1
-0.442231 -0.408558 1.86704 0.345325 -0.935009 -0.0806771 -0.136324 0.0350774 -0.990043 0.928529 0.352885 -0.115351 87.9708 -7.83519 -69.5996 0.562373 0.596992 -0.448638 0.355052 1
-0.441629 -0.409021 1.86553 0.34511 -0.935057 -0.0810435 -0.1384 0.0347048 -0.989768 0.928302 0.352796 -0.117435 87.9918 -7.95528 -69.6066 0.561778 0.597461 -0.449174 0.354524 1
-0.44112 -0.409593 1.86512 0.321773 -0.944205 -0.0702832 -0.156514 0.0201656 -0.98747 0.933791 0.328741 -0.141293 88.8301 -9.00463 -70.9867 0.54787 0.600604 -0.458172 0.359433 1
-0.441783 -0.410368 1.8654 0.32207 -0.945 -0.0569667 -0.17378 0.000138238 -0.984785 0.930629 0.32707 -0.164177 89.992 -10.0077 -70.9104 0.538059 0.60953 -0.45887 0.358334 1
-0.441619 -0.411678 1.86641 0.306315 -0.950625 -0.0498345 -0.197909 -0.0123892 -0.980142 0.93113 0.310094 -0.191932 90.7242 -11.4147 -71.7903 0.524879 0.61454 -0.467233 0.358519 1
-0.44109 -0.411703 1.86787 0.359916 -0.931419 -0.05402 -0.187246 -0.0153903 -0.982193 0.914002 0.363622 -0.179944 90.8977 -10.7921 -68.5064 0.539579 0.623548 -0.448508 0.344794 1
