-0.337813 -0.388478 1.45859 0.842343 0.537815 0.0348293 0.19019 -0.236171 -0.952917 -0.504267 0.809308 -0.301224 103.92 10.9639 30.9068 0.571172 0.77132 0.235961 -0.152154 0
-0.337052 -0.389089 1.46032 0.848016 0.528741 0.0360779 0.168058 -0.203728 -0.964495 -0.502618 0.823971 -0.261624 101.927 9.67494 30.6551 0.587934 0.760488 0.229063 -0.153369 0
-0.336646 -0.389775 1.46309 0.850317 0.52551 0.0282852 0.147733 -0.186767 -0.971233 -0.50511 0.830034 -0.236446 100.885 8.49556 30.7114 0.597307 0.753912 0.22325 -0.158117 0
-0.3379 -0.391234 1.46729 0.863447 0.504024 0.0204701 0.135574 -0.192784 -0.97183 -0.48588 0.841899 -0.234791 101.22 7.79182 29.3674 0.599139 0.756806 0.211282 -0.153741 0
-0.34075 -0.391008 1.47769 0.862926 0.50473 0.0246242 0.140318 -0.192516 -0.97121 -0.485458 0.841537 -0.236949 101.212 8.06623 29.3609 0.598636 0.757032 0.213019 -0.152184 0
-0.341773 -0.393053 1.48465 0.871561 0.489845 0.0208147 0.136491 -0.201639 -0.969903 -0.470905 0.848171 -0.2426 101.744 7.84482 28.3824 0.597353 0.760888 0.205791 -0.147883 0
-0.339829 -0.395148 1.4926 0.875794 0.482089 0.0239737 0.136888 -0.200439 -0.970096 -0.462867 0.852886 -0.241536 101.674 7.86783 27.8569 0.598711 0.761211 0.203287 -0.144143 0
-0.318448 -0.398321 1.50549 0.880273 0.474322 0.0117702 0.125702 -0.20922 -0.969756 -0.457514 0.855129 -0.243793 102.175 7.22128 27.4627 0.59734 0.763755 0.196406 -0.145905 0
-0.307052 -0.40064 1.51104 0.880961 0.472998 0.013435 0.132543 -0.219407 -0.966588 -0.454246 0.853308 -0.255982 102.789 7.61657 27.2768 0.592784 0.76752 0.197239 -0.143583 0
-0.29831 -0.402268 1.51972 0.885574 0.46423 0.0157768 0.134124 -0.223044 -0.965537 -0.444712 0.857171 -0.259786 103.007 7.70796 26.6646 0.592188 0.769481 0.194402 -0.139359 0
-0.29877 -0.395534 1.54386 0.885475 0.464494 0.0133625 0.116057 -0.193215 -0.974268 -0.44996 0.864241 -0.224995 101.217 6.66461 26.9377 0.605654 0.758895 0.191249 -0.143827 0
-0.300383 -0.37942 1.55815 0.882586 0.468433 0.040158 0.151811 -0.203104 -0.967317 -0.444967 0.859837 -0.25037 101.858 8.73189 26.7555 0.597727 0.764209 0.202904 -0.132427 0
-0.302861 -0.369684 1.57176 0.879167 0.474939 0.0387136 0.155001 -0.208205 -0.965725 -0.450601 0.855034 -0.256662 102.166 8.91683 27.1366 0.594622 0.765512 0.205725 -0.134514 0
-0.305359 -0.361416 1.58399 0.877019 0.478909 0.0385118 0.150291 -0.197322 -0.96875 -0.456344 0.8554 -0.245031 101.513 8.64377 27.4896 0.598888 0.761474 0.206573 -0.137179 0
-0.308083 -0.35176 1.59821 0.858683 0.511589 0.0306615 0.128961 -0.157781 -0.979017 -0.496016 0.844619 -0.201459 99.1552 7.40957 30.0128 0.612259 0.744635 0.215055 -0.156236 0
-0.310352 -0.343456 1.60982 0.85061 0.525391 0.020668 0.112729 -0.143833 -0.98316 -0.513571 0.838616 -0.181572 98.3231 6.47266 31.1222 0.617496 0.737566 0.216292 -0.167071 0
-0.312425 -0.33536 1.62159 0.834341 0.550886 0.0199624 0.118782 -0.144302 -0.982379 -0.538299 0.82201 -0.185832 98.3564 6.8218 32.8292 0.613231 0.735608 0.22759 -0.176159 0
-0.313936 -0.326747 1.63314 0.817548 0.575419 0.0225418 0.123098 -0.136388 -0.982978 -0.56255 0.806406 -0.182336 97.8993 7.07092 34.5316 0.612132 0.7308 0.238956 -0.184732 0
-0.30219 -0.317263 1.64257 0.797612 0.602273 0.0328989 0.133926 -0.123653 -0.983247 -0.588115 0.788655 -0.179287 97.1679 7.69649 36.403 0.611284 0.724664 0.253979 -0.191542 0
-0.285605 -0.308223 1.64976 0.780653 0.624051 0.0337685 0.142567 -0.125215 -0.981833 -0.608486 0.771285 -0.186719 97.2678 8.19643 37.9349 0.605954 0.723289 0.264977 -0.198647 0
-0.274518 -0.298565 1.6558 0.770673 0.636657 0.0270322 0.138835 -0.126355 -0.982221 -0.621923 0.760725 -0.185769 97.3304 7.98046 38.9031 0.603852 0.721595 0.268673 -0.206103 0
-0.264146 -0.290364 1.6631 0.767933 0.640259 0.0186251 0.124987 -0.121266 -0.98472 -0.628217 0.758527 -0.173148 97.0205 7.18003 39.2853 0.606943 0.718044 0.266434 -0.21224 0
-0.254048 -0.28184 1.66999 0.766338 0.642082 0.0213516 0.118849 -0.10903 -0.986908 -0.631348 0.758843 -0.159865 96.3043 6.82568 39.4834 0.61185 0.713308 0.266691 -0.213791 0
-0.243802 -0.276018 1.67386 0.767463 0.640933 0.0143101 0.113992 -0.114462 -0.986866 -0.630877 0.759015 -0.160907 96.6159 6.5455 39.4212 0.610757 0.714638 0.264093 -0.215692 0
-0.233196 -0.266686 1.67826 0.762445 0.646897 0.0142155 0.106772 -0.104114 -0.988817 -0.638183 0.755436 -0.148452 96.0106 6.12927 39.9301 0.614386 0.709755 0.265468 -0.219783 0
-0.223414 -0.263943 1.6877 0.755777 0.654643 0.0155911 0.107206 -0.100209 -0.989174 -0.645994 0.749266 -0.145917 95.7847 6.15426 40.5219 0.614339 0.707443 0.269226 -0.222775 1
-0.21661 -0.268768 1.72797 0.711214 0.702971 0.00267308 0.116277 -0.113888 -0.986666 -0.693293 0.702041 -0.162738 96.5844 6.67727 44.269 0.598871 0.704954 0.290532 -0.244917 1
-0.213081 -0.270134 1.73419 0.733077 0.680138 -0.003294 0.111839 -0.125318 -0.985793 -0.670888 0.722294 -0.167933 97.2448 6.42132 42.4637 0.599964 0.711746 0.278181 -0.236806 1
-0.209105 -0.271416 1.74203 0.739154 0.673536 0.000737476 0.114262 -0.124314 -0.985642 -0.663774 0.728626 -0.168847 97.1885 6.56104 41.9244 0.601247 0.712796 0.276305 -0.232548 1
-0.211739 -0.272524 1.75778 0.668837 0.743408 0.00117419 0.107786 -0.095411 -0.989585 -0.735554 0.661998 -0.143943 95.5072 6.18771 47.7199 0.597805 0.690686 0.308097 -0.265815 1
-0.213202 -0.273938 1.76841 0.63487 0.772541 0.0109835 0.100836 -0.0687556 -0.992524 -0.766011 0.631231 -0.121551 93.9627 5.78733 50.348 0.60095 0.675495 0.323236 -0.279435 1
-0.21468 -0.275817 1.78016 0.612256 0.790591 0.010419 0.103617 -0.0671664 -0.992347 -0.783841 0.60865 -0.123042 93.8721 5.94752 52.0067 0.596248 0.671279 0.333024 -0.28804 0
-0.21551 -0.277701 1.78786 0.588241 0.808585 0.0127565 0.123139 -0.07397 -0.989629 -0.799256 0.583711 -0.14308 94.2746 7.07329 53.6475 0.585489 0.671806 0.346724 -0.292681 1
-0.216869 -0.279709 1.79937 0.584851 0.811061 0.0113567 0.124028 -0.0755821 -0.989396 -0.801602 0.580058 -0.144798 94.3685 7.12462 53.8854 0.584053 0.671795 0.347982 -0.29408 0
-0.218433 -0.281783 1.81146 0.582581 0.812623 0.0156102 0.134417 -0.0773884 -0.987898 -0.801581 0.577629 -0.154316 94.4792 7.72493 53.9907 0.581136 0.673477 0.351549 -0.291759 0
-0.219311 -0.28331 1.81979 0.563842 0.825718 0.0164737 0.140328 -0.076128 -0.987174 -0.813874 0.558922 -0.158795 94.4098 8.06681 55.2862 0.576394 0.67059 0.360148 -0.297275 0
-0.220319 -0.284792 1.82738 0.548711 0.835855 0.0162265 0.144032 -0.0753974 -0.986696 -0.823512 0.543748 -0.161761 94.3697 8.28124 56.3242 0.572615 0.668182 0.366624 -0.302045 0
-0.221276 -0.285715 1.83471 0.511136 0.859306 0.0182701 0.150521 -0.0685649 -0.986226 -0.846217 0.506846 -0.16439 93.9769 8.65712 58.867 0.565284 0.66032 0.382325 -0.313464 1
-0.222168 -0.287058 1.84242 0.515365 0.856781 0.0180314 0.154248 -0.0720438 -0.985402 -0.842975 0.510623 -0.169286 94.1815 8.87319 58.5599 0.564366 0.662702 0.381404 -0.311205 0
-0.223083 -0.288528 1.85047 0.530259 0.847623 0.0189906 0.145481 -0.0688981 -0.986959 -0.835261 0.526107 -0.159847 93.9933 8.36512 57.5909 0.57042 0.663137 0.374396 -0.30773 0
-0.224025 -0.289319 1.85714 0.506361 0.862218 0.0133409 0.143657 -0.0690914 -0.987213 -0.850271 0.501803 -0.158849 94.0034 8.2595 59.225 0.565336 0.658464 0.381902 -0.317758 0
-0.225242 -0.291235 1.86667 0.497299 0.867496 0.0119765 0.149613 -0.0721527 -0.986109 -0.854581 0.492183 -0.16567 94.1848 8.60448 59.804 0.561132 0.65862 0.386076 -0.319837 0
-0.227316 -0.29691 1.88414 0.393474 0.919291 0.00912138 0.15703 -0.0574291 -0.985923 -0.905826 0.389367 -0.166953 93.3337 9.03453 66.5208 0.540623 0.635975 0.423099 -0.352492 1
-0.227637 -0.296825 1.88894 0.357717 0.933793 0.00828704 0.150582 -0.0489222 -0.987386 -0.921609 0.354452 -0.158113 92.8365 8.66066 68.7866 0.536349 0.62545 0.433438 -0.365066 0
-0.228495 -0.296418 1.89677 0.312381 0.949877 0.0123172 0.160816 -0.040099 -0.986169 -0.936246 0.310041 -0.165282 92.3284 9.25428 71.5486 0.52607 0.615987 0.450778 -0.374979 0
-0.228909 -0.297548 1.90285 0.283808 0.958783 0.0136839 0.167163 -0.0354194 -0.985293 -0.944198 0.281922 -0.170325 92.0588 9.62289 73.2702 0.519149 0.610236 0.461275 -0.381211 1
-0.230182 -0.30007 1.9115 0.239283 0.970902 0.00961631 0.165414 -0.0310038 -0.985737 -0.956756 0.237461 -0.168019 91.8015 9.52127 75.9584 0.509966 0.599647 0.473744 -0.394874 1
-0.230453 -0.299718 1.91717 0.212376 0.977126 0.0109982 0.167331 -0.0252756 -0.985577 -0.962755 0.211153 -0.168871 91.4691 9.63265 77.5602 0.504537 0.592985 0.482499 -0.401257 1
-0.209444 -0.328746 1.94732 0.0553253 0.99836 0.014678 0.260556 -0.000244687 -0.965459 -0.963872 0.0572387 -0.260142 90.0145 15.103 86.7149 0.445797 0.573522 0.548765 -0.413756 1
-0.203931 -0.331755 1.94884 0.0680269 0.997522 0.017971 0.27284 -0.00127445 -0.962059 -0.959651 0.070349 -0.272251 90.0759 15.8333 85.9453 0.445674 0.579127 0.548395 -0.406509 0
-0.185448 -0.333567 1.95181 0.0628018 0.998021 -0.00312188 0.213477 -0.0164889 -0.976809 -0.974927 0.0606789 -0.214091 90.9671 12.3262 86.3143 0.456131 0.568635 0.532635 -0.429999 0
-0.171449 -0.333598 1.95423 0.0797806 0.996812 0.000964668 0.191207 -0.0143536 -0.981445 -0.978302 0.0784847 -0.191742 90.8379 11.0232 85.3378 0.467355 0.566982 0.523834 -0.430938 0
-0.155652 -0.328435 1.97451 0.14272 0.989695 -0.0115641 0.170294 -0.0360636 -0.984733 -0.975003 0.138572 -0.173686 92.0974 9.80491 81.6722 0.482952 0.581479 0.498724 -0.424163 0
-0.146261 -0.328793 1.98088 0.19048 0.98169 -0.00116306 0.176504 -0.0354129 -0.983663 -0.965693 0.187163 -0.180018 92.0618 10.1662 78.8418 0.493723 0.592856 0.488397 -0.407712 0
-0.134475 -0.330261 1.98493 0.218337 0.975861 -0.00482768 0.163964 -0.0415608 -0.98559 -0.962 0.214399 -0.16908 92.4146 9.43706 77.2127 0.50192 0.597699 0.476755 -0.404396 0
-0.126625 -0.331109 1.98973 0.211873 0.977296 0.00140149 0.171024 -0.0356652 -0.984621 -0.962217 0.208854 -0.174698 92.0745 9.84736 77.582 0.500377 0.596288 0.481446 -0.402832 0
-0.118585 -0.331416 1.99338 0.210138 0.977672 0.000385897 0.163598 -0.0347741 -0.985914 -0.963887 0.207241 -0.167252 92.02 9.4158 77.7013 0.502024 0.594173 0.480193 -0.405396 0
-0.116329 -0.332324 1.99854 0.205732 0.978601 0.00385959 0.165072 -0.0308153 -0.9858 -0.964586 0.203448 -0.16788 91.7904 9.50143 77.96 0.501756 0.592543 0.482528 -0.40534 0
-0.115074 -0.332459 2.0012 0.204681 0.978805 0.0068474 0.165311 -0.027672 -0.985853 -0.964768 0.202918 -0.167471 91.6078 9.51529 78.022 0.502379 0.591571 0.483507 -0.404821 0
-0.116111 -0.333838 2.00917 0.218511 0.975828 0.00355414 0.161292 -0.0325247 -0.986371 -0.962412 0.216106 -0.164501 91.8886 9.28192 77.2081 0.505343 0.594882 0.477877 -0.402962 0
-0.125225 -0.332173 2.0338 0.159125 0.987229 0.00758516 0.0841171 -0.00590241 -0.996438 -0.983668 0.159197 -0.0839821 90.3394 4.82526 80.811 0.517021 0.558796 0.479311 -0.436691 0
-0.126967 -0.332538 2.04837 0.107681 0.994184 0.00195823 0.0238505 -0.000614147 -0.999715 -0.993899 0.107697 -0.0237779 90.0352 1.36666 83.8166 0.520406 0.531995 0.478404 -0.466143 1
-0.127779 -0.332763 2.05941 0.0615971 0.998096 -0.00312208 0.00147421 -0.00321899 -0.999994 -0.9981 0.0615921 -0.00166969 90.1844 0.0844662 86.4685 0.513982 0.516354 0.483956 -0.484756 0
-0.129364 -0.313839 2.07394 0.0152298 0.999884 -0.000742269 0.0100518 -0.000895423 -0.999949 -0.999833 0.0152216 -0.0100643 90.0513 0.575938 89.1273 0.501066 0.506505 0.498482 -0.493863 1
-0.129575 -0.300346 2.08335 -0.0485188 0.99882 0.00224879 0.00863578 0.00267085 -0.999959 -0.998785 -0.0484974 -0.00875518 89.847 0.4948 92.7811 0.486158 0.489276 0.514768 -0.509189 1
-0.129773 -0.29168 2.09452 -0.0660797 0.997801 -0.00511233 0.0429267 -0.00227603 -0.999076 -0.996891 -0.0662381 -0.0426819 90.1305 2.46027 93.7924 0.471424 0.494691 0.525948 -0.506378 0
-0.130651 -0.290888 2.10302 -0.105267 0.994402 0.00915829 0.0814026 0.0177951 -0.996522 -0.991107 -0.104155 -0.0828201 88.977 4.66919 96.0627 0.455442 0.489836 0.549063 -0.501162 0
-0.131115 -0.287964 2.11557 -0.135295 0.990761 0.0093729 0.0747186 0.0196354 -0.997011 -0.987984 -0.13419 -0.0766849 88.8717 4.28506 97.7976 0.449348 0.48004 0.554891 -0.509651 1
-0.131876 -0.286358 2.1305 -0.164036 0.98639 0.0113025 0.0441596 0.018789 -0.998848 -0.985465 -0.163348 -0.0466406 88.9224 2.53098 99.4506 0.449475 0.464708 0.554406 -0.524072 1
-0.132668 -0.288608 2.14501 -0.201088 0.979504 0.0116156 0.0386387 0.0197798 -0.999057 -0.978811 -0.20045 -0.0418242 88.8658 2.21438 101.609 0.4407 0.453033 0.561848 -0.533733 1
-0.132385 -0.294982 2.13726 -0.176559 0.98429 -0.000781194 0.148246 0.0258074 -0.988614 -0.973062 -0.174664 -0.150474 88.5047 8.52531 100.284 0.417964 0.486854 0.581558 -0.500069 1
-0.133256 -0.299161 2.15109 -0.168422 0.985708 -0.0037511 0.150164 0.0218963 -0.988419 -0.97421 -0.167035 -0.151706 88.7309 8.63644 99.8084 0.418858 0.490252 0.579229 -0.498703 0
-0.134556 -0.296256 2.16455 -0.217553 0.976042 -0.00359173 0.00421221 -0.00274098 -0.999987 -0.97604 -0.217565 -0.00351499 90.157 0.241343 102.565 0.440509 0.444045 0.551889 -0.551538 0
-0.134538 -0.290496 2.17248 -0.205203 0.978701 -0.00606677 0.0302024 0.000136538 -0.999544 -0.978253 -0.205293 -0.0295871 89.9922 1.73073 101.847 0.43742 0.45394 0.555636 -0.542098 0
-0.135226 -0.296408 2.1778 -0.16319 0.986574 -0.00631303 0.135545 0.0160816 -0.990641 -0.977239 -0.162519 -0.13635 89.07 7.79014 99.4804 0.423244 0.489152 0.573503 -0.502683 1
-0.135888 -0.302765 2.18915 -0.18284 0.983121 -0.00657079 0.139327 0.0192947 -0.990058 -0.97322 -0.181938 -0.140503 88.8835 8.0089 100.64 0.417119 0.484347 0.579361 -0.505728 1
-0.136309 -0.302999 2.196 -0.199336 0.979881 -0.00992458 0.129374 0.0162765 -0.991462 -0.971354 -0.198918 -0.130016 89.0595 7.43342 101.597 0.414405 0.478122 0.580006 -0.51309 0
-0.136395 -0.302354 2.2011 -0.210685 0.977512 -0.00903896 0.123944 0.0175398 -0.992134 -0.969665 -0.210148 -0.124852 88.9872 7.11978 102.258 0.412917 0.473452 0.581609 -0.516791 0
-0.136545 -0.310751 2.20391 -0.223441 0.974714 -0.00272237 0.09384 0.0187314 -0.995411 -0.97019 -0.222671 -0.0956525 88.9219 5.38456 102.969 0.418222 0.46192 0.578322 -0.526559 0
-0.13593 -0.303984 2.19936 -0.149901 0.988591 -0.0147673 0.0970884 -0.000145614 -0.995276 -0.983923 -0.150626 -0.0959589 90.0084 5.57153 98.6624 0.434164 0.486365 0.558058 -0.513344 0
-0.136168 -0.304148 2.20721 -0.189048 0.981933 -0.00831286 0.0246551 -0.00371641 -0.999689 -0.981658 -0.189194 -0.0235071 90.213 1.41278 100.901 0.442642 0.45776 0.549736 -0.540661 0
-0.136071 -0.302287 2.2129 -0.207008 0.978339 -3.70437e-05 -0.0442746 -0.00940593 -0.998975 -0.977337 -0.206794 0.0452627 90.5395 -2.53758 101.959 0.455206 0.435068 0.536735 -0.561622 0
-0.136894 -0.30243 2.21176 -0.208426 0.978026 0.0049375 -0.0349862 -0.00241054 -0.999385 -0.977412 -0.20847 0.0347199 90.1382 -2.00497 102.038 0.45384 0.435679 0.541132 -0.558022 0
-0.137021 -0.301872 2.21019 -0.240856 0.970508 0.0101522 -0.0310285 0.00275513 -0.999515 -0.970065 -0.241054 0.0294498 89.8421 -1.77809 103.944 0.444789 0.426304 0.550945 -0.562928 1
-0.136891 -0.302714 2.20571 -0.243664 0.969821 0.00865073 -0.0353125 4.22264e-05 -0.999376 -0.969217 -0.243817 0.0342365 89.9976 -2.02368 104.112 0.444583 0.42487 0.549879 -0.565212 1
-0.136517 -0.304613 2.20599 -0.245773 0.969327 0.00108175 -0.0911827 -0.0220083 -0.995591 -0.965029 -0.244788 0.0937949 91.2664 -5.23165 104.288 0.454426 0.41305 0.5315 -0.583433 1
-0.135504 -0.305507 2.20581 -0.223215 0.974662 -0.0144675 -0.10785 -0.0394449 -0.993384 -0.968785 -0.220178 0.113922 92.2739 -6.19137 102.975 0.461319 0.419019 0.517167 -0.586639 1
-0.135806 -0.304325 2.19927 -0.261138 0.965298 0.00277753 -0.0214262 -0.00291961 -0.999766 -0.965064 -0.261136 0.021445 90.1673 -1.22772 105.141 0.43514 0.424363 0.556051 -0.5669 0
-0.137402 -0.307935 2.21064 -0.220078 0.975237 0.0218799 -0.00956808 0.0202706 -0.999749 -0.975435 -0.220232 0.00487003 88.8384 -0.548219 102.714 0.448626 0.434391 0.55576 -0.548789 1
-0.137526 -0.308649 2.21443 -0.235003 0.971756 0.021549 -0.0348953 0.0137209 -0.999297 -0.971368 -0.23559 0.0306853 89.2133 -1.99976 103.6 0.449834 0.424438 0.551824 -0.559457 1
-0.136856 -0.305948 2.22209 -0.180191 0.983609 -0.00660933 -0.222667 -0.0473343 -0.973745 -0.958097 -0.173989 0.227547 92.783 -12.8657 100.651 0.500005 0.399874 0.475739 -0.603132 0
-0.134285 -0.31176 2.19496 -0.094631 0.993547 -0.0625254 0.101608 -0.0528397 -0.99342 -0.990313 -0.100361 -0.0959523 93.0447 5.83179 95.4584 0.434907 0.513362 0.533325 -0.512718 0
-0.134729 -0.300334 2.17531 -0.651606 0.757349 0.0428 0.0670871 0.113738 -0.991243 -0.755585 -0.643028 -0.124921 83.4543 3.8467 130.774 0.29035 0.299824 0.687434 -0.594337 0
-0.134504 -0.301164 2.16928 -0.735892 0.676668 0.0241391 0.0613095 0.102095 -0.992884 -0.674317 -0.729175 -0.116617 84.1291 3.51498 137.5 0.249793 0.263927 0.699036 -0.615869 0
-0.134547 -0.300057 2.16882 -0.761913 0.647275 0.0228766 0.0823289 0.131824 -0.987848 -0.642425 -0.750772 -0.153728 82.3991 4.72245 139.863 0.232477 0.254946 0.715448 -0.607528 1
-0.135296 -0.305458 2.18868 -0.738101 0.674466 0.0174046 -0.0349679 -0.0124798 -0.999311 -0.673783 -0.738201 0.032796 90.7155 -2.00392 137.608 0.26562 0.245755 0.650543 -0.667716 0
-0.134628 -0.315253 2.27619 -0.632338 0.774368 0.0224078 -0.658211 -0.521782 -0.54268 -0.408542 -0.357906 0.839641 133.875 -41.1636 147.134 0.413981 0.111583 0.260247 -0.865124 0
-0.133533 -0.310742 2.28226 -0.662782 0.748134 0.0318665 -0.676593 -0.580083 -0.45357 -0.320846 -0.322179 0.890651 141.978 -42.578 154.169 0.402426 0.0816246 0.219116 -0.885087 1
-0.137127 -0.306485 2.27677 -0.68045 0.732604 0.0167217 -0.663733 -0.606491 -0.437752 -0.310558 -0.308967 0.89894 144.179 -41.5852 155.468 0.391152 0.0823114 0.209176 -0.892452 1
-0.126971 -0.300549 2.28108 -0.633601 0.773276 0.0243752 -0.752873 -0.609017 -0.249561 -0.178135 -0.176474 0.968052 157.717 -48.8399 164.297 0.425862 0.0429057 0.118882 -0.895917 1
-0.128011 -0.295892 2.27897 -0.622498 0.78176 0.0367112 -0.772461 -0.606205 -0.189261 -0.125702 -0.146172 0.98124 162.661 -50.5754 168.584 0.433745 0.0248351 0.093611 -0.895816 1
-0.13025 -0.294978 2.27633 -0.618772 0.78458 0.039432 -0.779549 -0.607052 -0.154245 -0.0970803 -0.126182 0.987245 165.743 -51.2193 171.083 0.436297 0.0160804 0.0782221 -0.896252 1
-0.13717 -0.297823 2.26577 -0.562154 0.82692 -0.0136591 -0.81879 -0.558801 -0.131619 -0.116471 -0.0628064 0.991206 166.746 -54.9639 168.295 0.466436 0.0368823 0.0551052 -0.882066 1
-0.137532 -0.292468 2.27117 -0.572577 0.818953 -0.0383765 -0.812171 -0.572983 -0.109855 -0.111955 -0.0317319 0.993207 169.147 -54.3086 168.937 0.460339 0.0424268 0.0399588 -0.885828 1
-0.14039 -0.284846 2.27804 -0.602782 0.792981 -0.0885169 -0.785324 -0.609238 -0.109974 -0.141135 0.00322383 0.989985 169.768 -51.7507 166.822 0.441011 0.0641697 0.0298283 -0.894707 1
-0.141589 -0.284956 2.2847 -0.581256 0.808814 -0.0892268 -0.800011 -0.588061 -0.119021 -0.148737 0.00220059 0.988874 168.558 -53.1312 165.647 0.452647 0.0669516 0.0328678 -0.888565 1
-0.14314 -0.285468 2.29095 -0.573158 0.816303 -0.0716954 -0.808102 -0.577563 -0.11572 -0.135871 -0.00838874 0.990691 168.67 -53.9109 166.664 0.458249 0.0585552 0.0350115 -0.886201 1
-0.142956 -0.286294 2.2979 -0.548735 0.833545 -0.0639699 -0.825675 -0.552358 -0.114726 -0.130964 -0.010136 0.991335 168.266 -55.6569 166.577 0.471763 0.0554252 0.0355019 -0.879265 1
-0.147405 -0.291672 2.30646 -0.557148 0.826833 -0.0770248 -0.816415 -0.562354 -0.131241 -0.151829 -0.0102363 0.988354 166.864 -54.7275 164.756 0.466061 0.064908 0.040126 -0.881456 1
-0.145069 -0.289962 2.31319 -0.536701 0.840985 -0.0685366 -0.831107 -0.540919 -0.129107 -0.14565 -0.0123308 0.989259 166.576 -56.2126 164.817 0.477399 0.0611525 0.040382 -0.875625 1
-0.143938 -0.289639 2.318 -0.529697 0.84588 -0.0625102 -0.83651 -0.533171 -0.126407 -0.140254 -0.0146669 0.990007 166.662 -56.7734 165.17 0.48144 0.0580237 0.0403702 -0.873624 1
-0.146387 -0.29228 2.32494 -0.509771 0.857635 -0.0677893 -0.849178 -0.514245 -0.120204 -0.137952 -0.00371138 0.990432 166.843 -58.1224 164.858 0.491532 0.0592498 0.0356855 -0.868108 1
-0.143563 -0.293799 2.31845 -0.519548 0.85167 -0.068765 -0.842776 -0.524046 -0.122904 -0.14071 -0.00590119 0.990033 166.801 -57.4344 164.846 0.486426 0.0601341 0.0369763 -0.870866 1
-0.144426 -0.287286 2.3254 -0.484647 0.872531 -0.0616982 -0.863359 -0.488493 -0.126437 -0.140459 -0.00800973 0.990054 165.489 -59.6958 163.837 0.504211 0.0587192 0.0390518 -0.860697 1
-0.146528 -0.293298 2.3364 -0.513247 0.855557 -0.0678285 -0.848395 -0.517708 -0.110472 -0.129631 0.000845815 0.991562 167.954 -58.0375 165.825 0.490053 0.0567888 0.0315283 -0.869269 1
-0.144453 -0.29646 2.33842 -0.535383 0.842497 -0.0597057 -0.835334 -0.538626 -0.109996 -0.12483 -0.00901572 0.992137 168.458 -56.6506 166.875 0.479095 0.0526932 0.0339831 -0.875521 1
-0.14516 -0.297469 2.33727 -0.509617 0.858217 -0.0612734 -0.852015 -0.513287 -0.102991 -0.11984 -0.000280072 0.992793 168.654 -58.4315 166.767 0.492415 0.0521466 0.0297341 -0.868288 1
-0.144647 -0.299311 2.33465 -0.506882 0.859535 -0.0653428 -0.853933 -0.511041 -0.098166 -0.11777 0.00603983 0.993023 169.126 -58.642 166.92 0.493736 0.0527639 0.0265461 -0.867604 1
-0.143174 -0.301679 2.33558 -0.517411 0.852167 -0.0780906 -0.848849 -0.52266 -0.0792587 -0.108356 0.0252778 0.993791 171.377 -58.0867 168.172 0.488293 0.0535214 0.0154958 -0.870899 1
-0.140461 -0.298106 2.34026 -0.569787 0.818079 -0.0780374 -0.810902 -0.575103 -0.108136 -0.133344 0.00166609 0.991068 169.351 -54.1842 166.828 0.45994 0.059683 0.0300617 -0.885432 1
-0.139208 -0.298494 2.33246 -0.532071 0.842698 -0.0822261 -0.833065 -0.538386 -0.127052 -0.151336 0.000899144 0.988482 166.722 -56.4149 164.123 0.479068 0.0667707 0.0360646 -0.874491 1
-0.137763 -0.297077 2.31228 -0.422723 0.90605 -0.0194471 -0.890566 -0.419283 -0.176337 -0.167924 -0.0572225 0.984138 157.19 -62.9444 158.335 0.534353 0.0557281 0.0694656 -0.840557 1
-0.135879 -0.293197 2.2993 -0.351279 0.935656 0.0339162 -0.915164 -0.335486 -0.223435 -0.19768 -0.109527 0.974129 146.336 -66.2291 150.632 0.56731 0.0501967 0.102059 -0.815612 1
-0.142203 -0.301147 2.2975 -0.359681 0.932627 -0.0289042 -0.91718 -0.359078 -0.172753 -0.171493 -0.0356258 0.984541 154.308 -66.5173 154.509 0.562535 0.0609418 0.063369 -0.822086 1
-0.145824 -0.299864 2.33243 -0.58764 0.798999 -0.127593 -0.8 -0.597358 -0.056244 -0.121158 0.0690233 0.990231 174.621 -53.1301 168.35 0.448674 0.0697987 -0.00358583 -0.890958 1
-0.14507 -0.303121 2.32136 -0.628724 0.762407 -0.153109 -0.773542 -0.633336 0.0227613 -0.0796162 0.132747 0.987947 -177.942 -50.6731 172.783 0.425995 0.0645464 -0.0431302 -0.901389 1
-0.142538 -0.300232 2.32653 -0.666154 0.730969 -0.148064 -0.741065 -0.671105 0.020978 -0.0840323 0.1237 0.988755 -178.21 -47.8222 172.81 0.403577 0.0636321 -0.0396652 -0.911868 1
-0.144226 -0.303712 2.3154 -0.709011 0.692236 -0.134584 -0.705188 -0.694956 0.140522 0.00374429 0.194539 0.980888 -168.569 -44.8447 -179.697 0.379777 0.0355583 -0.0910592 -0.919899 1
-0.143482 -0.290897 2.33021 -0.67301 0.731628 -0.108527 -0.723875 -0.681669 -0.106452 -0.151863 0.00691648 0.988377 171.124 -46.3754 167.284 0.398026 0.0712069 0.0272193 -0.914201 1
-0.143754 -0.289896 2.33002 -0.624124 0.77456 -0.102594 -0.768713 -0.632231 -0.0967741 -0.13982 0.0184662 0.990005 171.297 -50.2384 167.373 0.428267 0.0672713 0.0217309 -0.900883 1
-0.147566 -0.274991 2.35373 -0.919692 0.389114 -0.052503 -0.383042 -0.918538 -0.097808 -0.0862845 -0.0698424 0.993819 173.922 -22.5223 174.64 0.197224 0.0354491 0.0428212 -0.978781 1
-0.143495 -0.272287 2.34466 -0.937261 0.345304 -0.0480227 -0.338574 -0.934398 -0.110764 -0.0831197 -0.087556 0.992686 173.24 -19.79 174.932 0.173944 0.0333561 0.0504428 -0.982897 1
-0.142464 -0.279367 2.33856 -0.937652 0.341348 -0.0654977 -0.331185 -0.934615 -0.129655 -0.105473 -0.0998798 0.989394 172.102 -19.3407 173.582 0.171118 0.0435015 0.0584026 -0.982555 1
-0.14363 -0.276448 2.3389 -0.966747 0.252174 -0.0425249 -0.24327 -0.958106 -0.151173 -0.0788653 -0.135801 0.987592 171.034 -14.0796 175.336 0.125239 0.0306852 0.0725421 -0.988995 1
-0.144815 -0.285748 2.34333 -0.932392 0.361359 -0.00806578 -0.355982 -0.921927 -0.152734 -0.0626278 -0.139536 0.988234 170.593 -20.8536 176.157 0.182972 0.0180318 0.0745495 -0.980122 1
-0.141529 -0.287446 2.33281 -0.937079 0.347199 0.0365565 -0.348158 -0.921603 -0.171565 -0.0258768 -0.173498 0.984494 169.455 -20.3747 178.418 0.177351 -0.00272386 0.0880082 -0.980201 1
-0.146007 -0.29537 2.34161 -0.895829 0.444371 -0.00487084 -0.437567 -0.883922 -0.164976 -0.077616 -0.145659 0.986286 169.428 -25.9488 175.048 0.22723 0.0212526 0.0800346 -0.970314 1
-0.144437 -0.292424 2.34106 -0.976843 0.213681 0.0108474 -0.211481 -0.956612 -0.200425 -0.0324503 -0.198078 0.979649 168.167 -12.2092 178.097 0.107464 0.00546036 0.100726 -0.989078 1
-0.144967 -0.292237 2.35144 -0.943786 0.330488 0.00669419 -0.325901 -0.926917 -0.18605 -0.0552823 -0.177773 0.982518 168.65 -19.0202 176.648 0.167194 0.0123762 0.0926718 -0.981481 1
-0.137259 -0.296735 2.3779 -0.956448 0.290612 -0.0274046 -0.282409 -0.945004 -0.164961 -0.0738371 -0.150037 0.985919 170.098 -16.404 175.586 0.145316 0.0256745 0.0798822 -0.985821 1
-0.141255 -0.278388 2.34524 -0.933431 0.357153 -0.0338906 -0.347926 -0.924237 -0.15727 -0.0874924 -0.135009 0.986974 170.343 -20.3605 174.645 0.179796 0.0309528 0.0745314 -0.980388 1
-0.148125 -0.281305 2.34853 -0.990771 0.116596 -0.0691224 -0.107356 -0.986336 -0.124964 -0.0827481 -0.11639 0.989751 172.779 -6.16291 175.226 0.0562213 0.0381259 0.0605899 -0.995849 1
-0.146425 -0.282368 2.34425 -0.9961 0.0428882 -0.0771024 -0.0335417 -0.992367 -0.118673 -0.0816036 -0.115624 0.989935 173.181 -1.92216 175.317 0.0191593 0.0397841 0.0587328 -0.997297 1
-0.151352 -0.293833 2.37223 -0.96394 0.253319 -0.0815396 -0.24476 -0.964204 -0.101996 -0.104458 -0.0783604 0.991437 173.962 -14.1677 173.815 0.125791 0.046974 0.0455493 -0.989897 1
-0.151846 -0.295391 2.37654 -0.961699 0.263598 -0.0751713 -0.256122 -0.961849 -0.0961682 -0.0976531 -0.0732319 0.992523 174.29 -14.8401 174.202 0.131315 0.0436667 0.0428014 -0.989453 1
-0.152253 -0.303912 2.37832 -0.968066 0.236984 -0.0817786 -0.23028 -0.969528 -0.0835892 -0.0990959 -0.0620878 0.993139 175.072 -13.3136 174.155 0.117841 0.0456153 0.0367387 -0.991304 1
-0.151546 -0.297475 2.38163 -0.969853 0.227519 -0.0872919 -0.221496 -0.972386 -0.0735205 -0.101609 -0.0519693 0.993466 175.676 -12.7969 174.019 0.113167 0.0476094 0.0316277 -0.991931 1
-0.14945 -0.296932 2.3816 -0.971124 0.220748 -0.0904901 -0.216608 -0.974797 -0.0533971 -0.0999968 -0.0322543 0.994465 176.865 -12.5099 174.121 0.110163 0.0479806 0.0215742 -0.99252 1
-0.149885 -0.285402 2.38844 -0.971106 0.226999 -0.073651 -0.218808 -0.970109 -0.104937 -0.0952702 -0.0857897 0.991748 173.826 -12.639 174.397 0.112398 0.0425887 0.0480863 -0.991585 1
-0.151181 -0.283855 2.3831 -0.97058 0.230746 -0.0687788 -0.222822 -0.969016 -0.106575 -0.0912396 -0.0881145 0.991923 173.724 -12.8748 174.63 0.114375 0.0403515 0.0490945 -0.991403 1
-0.150036 -0.284995 2.38341 -0.970016 0.234997 -0.0620146 -0.227025 -0.967194 -0.114 -0.0867698 -0.096503 0.991543 173.278 -13.122 174.888 0.116548 0.0375319 0.0531008 -0.991054 1
-0.151556 -0.291878 2.38512 -0.975454 0.211544 -0.0611435 -0.203997 -0.97268 -0.110812 -0.0829148 -0.0956194 0.991959 173.501 -11.7708 175.141 0.104672 0.0362873 0.0519988 -0.992483 1
-0.148943 -0.286986 2.38874 -0.981839 0.182166 -0.0529958 -0.174953 -0.977424 -0.11846 -0.0733789 -0.107037 0.991544 173.09 -10.0759 175.726 0.089834 0.0317898 0.0567243 -0.993832 1
-0.146618 -0.291416 2.38794 -0.972933 0.227732 -0.0392296 -0.22169 -0.967741 -0.119713 -0.0652265 -0.107776 0.992033 172.948 -12.8083 176.165 0.113313 0.0263365 0.0573566 -0.991553 1
-0.146281 -0.292205 2.38451 -0.965196 0.258096 -0.0422169 -0.252923 -0.962267 -0.100355 -0.0665252 -0.0861848 0.994056 174.046 -14.6506 176.057 0.129027 0.0274562 0.0470993 -0.990141 1
-0.142785 -0.28431 2.3895 -0.998497 -0.0096773 -0.0539424 0.0170097 -0.9904 -0.137179 -0.0520971 -0.13789 0.989076 172.114 0.974632 177.013 0.0066902 -0.0265832 -0.0689574 0.997243 1
-0.143794 -0.283345 2.3878 -0.99734 -0.0576411 -0.0446077 0.062808 -0.990198 -0.124753 -0.0369795 -0.127223 0.991185 172.819 3.60101 177.877 0.0301927 -0.0204513 -0.0631622 0.997337 1
-0.150093 -0.288946 2.38976 -0.996725 -0.0702452 -0.0400577 0.074248 -0.991241 -0.109216 -0.0320349 -0.111832 0.993211 173.712 4.25802 178.159 0.0362086 -0.0180657 -0.0553926 0.997644 1
-0.150031 -0.290736 2.3917 -0.996926 -0.0558314 -0.0549742 0.060477 -0.994386 -0.0868239 -0.0498181 -0.0898816 0.994706 175.01 3.46719 177.139 0.029128 -0.026244 -0.0442538 0.998251 1
-0.148597 -0.284856 2.39126 -0.995857 -0.0615855 -0.0669012 0.0674864 -0.993666 -0.0898543 -0.0609437 -0.0939969 0.993705 174.833 3.86963 176.498 0.0323358 -0.0320284 -0.0460595 0.997901 1
-0.154988 -0.277055 2.42615 -0.989761 0.0921855 -0.108976 -0.0790114 -0.989676 -0.11958 -0.118874 -0.109745 0.986826 173.111 -4.53175 173.151 0.0429809 0.0572042 0.0575745 -0.995774 1
-0.152999 -0.279236 2.4198 -0.99388 0.0452149 -0.100792 -0.0312227 -0.990174 -0.136311 -0.105964 -0.132329 0.985525 172.162 -1.78922 173.914 0.0191825 0.0518867 0.0674169 -0.99619 1
-0.153454 -0.284356 2.42067 -0.996743 0.0444573 -0.0672847 -0.0334745 -0.987134 -0.156349 -0.0733699 -0.153587 0.985407 171 -1.91831 175.79 0.0195582 0.0352995 0.0777832 -0.996153 1
-0.151935 -0.284206 2.42347 -0.996776 0.0338268 -0.0727573 -0.0216879 -0.986621 -0.161581 -0.0772496 -0.159482 0.984174 170.699 -1.24272 175.568 0.0139353 0.0376547 0.0805933 -0.995938 1
-0.154985 -0.280293 2.42629 -0.995826 0.0649292 -0.0641442 -0.0543962 -0.986551 -0.154134 -0.0732894 -0.150002 0.985966 171.12 -3.11821 175.791 0.0299501 0.0344952 0.0763367 -0.996035 1
-0.150644 -0.287796 2.43266 -0.995007 0.0760458 -0.0646451 -0.0669979 -0.988962 -0.132154 -0.0739813 -0.127163 0.989119 172.389 -3.84157 175.748 0.0358818 0.0347738 0.0650483 -0.99663 1
-0.149415 -0.304405 2.44154 -0.991643 0.118923 -0.0500065 -0.113996 -0.989218 -0.0919429 -0.0604014 -0.0854741 0.994508 174.69 -6.54572 176.514 0.05841 0.0276874 0.0444914 -0.996916 1
-0.155564 -0.306535 2.4279 -0.99573 -0.00242761 -0.0922766 0.0120595 -0.994508 -0.103967 -0.0915174 -0.104636 0.990291 174.032 0.690975 174.749 0.00363063 -0.0460607 -0.0522782 0.997563 1
-0.153972 -0.30187 2.44663 -0.994676 0.0952269 -0.0393962 -0.091627 -0.992173 -0.0848391 -0.0471668 -0.0807776 0.995616 175.113 -5.25722 177.285 0.0468162 0.0216884 0.0414952 -0.997806 1
-0.155166 -0.295469 2.45281 -0.9926 0.121426 0.0010483 -0.121135 -0.989547 -0.0782542 -0.00846472 -0.0778021 0.996933 175.478 -6.9576 179.511 0.0607993 0.00185897 0.0391165 -0.997382 1
-0.158724 -0.310519 2.45061 -0.988916 0.135915 -0.0597601 -0.127331 -0.983377 -0.129448 -0.0763607 -0.120404 0.989784 172.501 -7.31542 175.585 0.0661259 0.0341927 0.0627613 -0.995248 1
-0.157048 -0.310749 2.44955 -0.987547 0.145232 -0.0604819 -0.135613 -0.980724 -0.140677 -0.0797469 -0.130723 0.988206 171.837 -7.79408 175.383 0.0705965 0.0352495 0.0682224 -0.994545 1
-0.158543 -0.308318 2.46198 -0.979071 0.189135 -0.0751496 -0.181713 -0.978682 -0.0957209 -0.0916517 -0.080062 0.992567 174.414 -10.4695 174.652 0.0932931 0.0419617 0.0442212 -0.993771 1
-0.152903 -0.293791 2.4647 -0.972976 0.215178 -0.083768 -0.203935 -0.970929 -0.125332 -0.108301 -0.104862 0.988572 172.645 -11.7672 173.649 0.105674 0.0484279 0.0580404 -0.991524 1
-0.158406 -0.295681 2.47495 -0.997195 -0.0362063 -0.0655021 0.0441317 -0.991312 -0.123907 -0.0604468 -0.12645 0.99013 172.875 2.52938 176.531 0.0201383 -0.0315716 -0.0627569 0.997326 1
-0.161749 -0.292918 2.48389 -0.98544 -0.158828 -0.0606794 0.166963 -0.971392 -0.16888 -0.0321207 -0.176552 0.983767 170.138 9.61126 178.133 0.0820592 -0.0233742 -0.0870064 0.992547 1
-0.163172 -0.291827 2.49101 -0.977719 -0.201751 -0.0579902 0.209565 -0.954137 -0.213789 -0.0121986 -0.221178 0.975157 167.371 12.0969 179.285 0.104045 -0.0177548 -0.110028 0.988308 1
-0.161736 -0.293514 2.49564 -0.976977 -0.203986 -0.0624884 0.213037 -0.948465 -0.234585 -0.011416 -0.242496 0.970085 166.108 12.3004 179.331 0.105645 -0.0187222 -0.120859 0.986855 1
-0.159124 -0.295993 2.49821 -0.9781 -0.199386 -0.0597057 0.20808 -0.943292 -0.258657 -0.0047471 -0.265416 0.964122 164.666 12.0098 179.722 0.103356 -0.0163489 -0.132935 0.985585 1
-0.162752 -0.3018 2.49748 -0.983156 -0.176055 -0.0490758 0.182065 -0.919897 -0.347337 0.0160057 -0.350421 0.936456 159.314 10.4901 -179.067 0.091382 -0.00843853 -0.178048 0.979733 1
-0.160259 -0.316632 2.49905 -0.972636 -0.229832 -0.0340152 0.229498 -0.92759 -0.2948 0.0362024 -0.29454 0.954953 162.369 13.2675 -177.868 0.116969 0.000556966 -0.150077 0.981731 1
-0.159914 -0.314506 2.49868 -0.976342 -0.216086 -0.00795394 0.213227 -0.956009 -0.201445 0.0359254 -0.198376 0.979467 168.101 12.3115 -177.893 0.108531 0.00707125 -0.101076 0.988916 1
-0.160222 -0.311155 2.49881 -0.978434 -0.206143 -0.0130793 0.204608 -0.95857 -0.198188 0.0283178 -0.196591 0.980077 168.318 11.8065 -178.342 0.103769 0.00384972 -0.0997339 0.989581 1
-0.159823 -0.308221 2.50517 -0.971855 -0.232972 -0.0349486 0.235348 -0.953594 -0.187802 0.0104259 -0.190742 0.981585 168.859 13.6121 -179.385 0.118465 -0.0062032 -0.0957553 0.988311 1
-0.156842 -0.313339 2.51468 -0.966466 -0.245786 -0.0743866 0.255112 -0.952083 -0.16869 -0.0293606 -0.18201 0.982858 169.953 14.7802 178.26 0.126797 -0.0262625 -0.088776 0.987599 1
-0.1579 -0.313881 2.51682 -0.964997 -0.252387 -0.0712903 0.26085 -0.951834 -0.161152 -0.0271838 -0.174107 0.984351 170.391 15.1205 178.386 0.129924 -0.0249284 -0.0848697 0.98757 1
-0.160882 -0.31909 2.51695 -0.972395 -0.223429 -0.0672913 0.231154 -0.961753 -0.146965 -0.0318814 -0.158462 0.98685 171.312 13.365 178.122 0.114785 -0.0250417 -0.0771222 0.990076 1
-0.159028 -0.319865 2.51948 -0.971968 -0.225241 -0.0674118 0.232574 -0.963123 -0.135289 -0.0344534 -0.147174 0.98851 172.004 13.4487 177.97 0.115563 -0.025713 -0.0713 0.990404 1
-0.162186 -0.313371 2.52072 -0.983414 -0.172069 -0.0573504 0.178946 -0.972038 -0.152055 -0.0295828 -0.159795 0.986707 171.109 10.3084 178.277 0.0883954 -0.0218922 -0.0785323 0.992744 1
-0.165338 -0.312632 2.5216 -0.982823 -0.172774 -0.0648655 0.180293 -0.973946 -0.137567 -0.0394075 -0.146899 0.988366 171.96 10.3868 177.704 0.0888782 -0.0262489 -0.0716092 0.993118 1
-0.164936 -0.30527 2.52524 -0.979077 -0.194735 -0.0590511 0.201614 -0.967629 -0.151806 -0.0275775 -0.160535 0.986645 171.084 11.6314 178.387 0.0999235 -0.0218399 -0.0787442 0.991634 1
-0.160336 -0.306771 2.52974 -0.970282 -0.234905 -0.0580799 0.240737 -0.961366 -0.133495 -0.0244775 -0.14351 0.989346 172.094 13.9301 178.555 0.120103 -0.0208462 -0.0699453 0.990075 1
-0.165093 -0.300397 2.52658 -0.975205 -0.210236 -0.0691015 0.218987 -0.961797 -0.164291 -0.0319217 -0.175349 0.983989 170.307 12.6495 178.125 0.108382 -0.025509 -0.0857612 0.990075 1
-0.165122 -0.297137 2.532 -0.969618 -0.235037 -0.0678183 0.242395 -0.960469 -0.136905 -0.0329597 -0.149184 0.98826 171.888 14.028 178.053 0.120595 -0.0254557 -0.0722636 0.989741 1
-0.165327 -0.301631 2.53696 -0.961415 -0.265618 -0.0716053 0.272028 -0.956703 -0.103534 -0.0410044 -0.119018 0.992045 173.823 15.785 177.558 0.135947 -0.028474 -0.0562737 0.988707 1
-0.166141 -0.305747 2.54262 -0.943774 -0.32236 -0.0733136 0.327737 -0.941407 -0.0796275 -0.0433493 -0.099178 0.994125 175.165 19.1315 177.37 0.165033 -0.0296159 -0.0453914 0.984798 1
-0.165945 -0.312497 2.54751 -0.945678 -0.31505 -0.0802306 0.31953 -0.946219 -0.0506884 -0.0599464 -0.073571 0.995487 176.934 18.6345 176.373 0.160927 -0.0355482 -0.0315116 0.985822 1
-0.166605 -0.30433 2.54338 -0.931593 -0.357689 -0.0647596 0.362519 -0.92731 -0.0931456 -0.0267351 -0.11025 0.993544 174.264 21.255 178.356 0.183468 -0.0233076 -0.0518137 0.981383 1
-0.166697 -0.306903 2.54498 -0.930659 -0.359469 -0.0682341 0.364542 -0.926947 -0.0887607 -0.0313427 -0.10748 0.993713 174.53 21.3794 178.071 0.184463 -0.0253702 -0.0499983 0.981239 1
-0.164729 -0.308819 2.54526 -0.931543 -0.357911 -0.0642367 0.361959 -0.929595 -0.0695639 -0.0348163 -0.0880529 0.995507 175.72 21.2206 177.86 0.183282 -0.0252193 -0.0401299 0.981917 1
-0.16635 -0.311443 2.54475 -0.927494 -0.368464 -0.0631595 0.372413 -0.925416 -0.0701004 -0.0326194 -0.0885391 0.995538 175.668 21.8645 177.986 0.188831 -0.0244116 -0.0404332 0.980873 1
-0.165734 -0.304624 2.55364 -0.917757 -0.393777 -0.0515904 0.396544 -0.915738 -0.06463 -0.0217935 -0.0797725 0.996575 175.963 23.3623 178.64 0.201916 -0.0187485 -0.0368928 0.978528 1
-0.164104 -0.306228 2.55055 -0.890455 -0.451349 -0.0580946 0.454434 -0.888687 -0.0610355 -0.0240796 -0.0807495 0.996444 176.071 27.0286 178.451 0.233078 -0.0211453 -0.0364845 0.971543 1
-0.161751 -0.308517 2.54777 -0.876483 -0.4771 -0.0644521 0.480543 -0.875124 -0.0568829 -0.0292647 -0.0808289 0.996298 176.281 28.7209 178.088 0.247332 -0.0242043 -0.035567 0.967975 1
-0.16263 -0.305021 2.54805 -0.888478 -0.450372 -0.0881576 0.456194 -0.887656 -0.0628754 -0.0499363 -0.0960804 0.99412 175.948 27.1418 176.783 0.233445 -0.0355598 -0.0409318 0.970857 1
-0.16013 -0.304972 2.54414 -0.878214 -0.467281 -0.101921 0.473878 -0.878972 -0.0533648 -0.0646495 -0.0951639 0.99336 176.526 28.2863 175.79 0.242988 -0.0430052 -0.0383472 0.968316 1
-0.158311 -0.305361 2.54071 -0.860008 -0.497509 -0.113453 0.505562 -0.860895 -0.0571568 -0.0692355 -0.106513 0.991898 176.202 30.3687 175.397 0.260286 -0.0474058 -0.0424705 0.963431 1
-0.163586 -0.310976 2.54632 -0.906993 -0.416604 -0.0616773 0.421009 -0.900652 -0.107599 -0.0107235 -0.123558 0.992279 173.187 24.8983 179.323 0.214845 -0.0185706 -0.0592912 0.97467 1
-0.160574 -0.30695 2.54161 -0.826869 -0.557762 -0.0720353 0.562232 -0.8229 -0.0820381 -0.0135201 -0.108335 0.994022 174.307 34.2103 179.063 0.293365 -0.0224099 -0.0498654 0.954436 1
-0.163778 -0.311435 2.54525 -0.908852 -0.412948 -0.0588365 0.416237 -0.907028 -0.0636125 -0.0270977 -0.0823043 0.996239 175.988 24.5973 178.292 0.212343 -0.0220066 -0.0373673 0.976232 1
-0.166488 -0.304214 2.5711 -0.96256 -0.267905 -0.0412974 0.263137 -0.96007 0.0949978 -0.0650988 0.0805742 0.994621 -174.349 15.2563 176.131 0.134155 -0.0268785 0.0443542 0.989602 1
-0.165905 -0.301023 2.56405 -0.920821 -0.386825 -0.0495557 0.38513 -0.921974 0.0404882 -0.0613509 0.018197 0.99795 -177.485 22.6518 176.188 0.196949 -0.0282956 0.0149724 0.979891 1
-0.167284 -0.295267 2.55637 -0.86716 -0.495839 -0.0466719 0.491227 -0.866987 0.0838446 -0.0820373 0.0497802 0.995385 -174.476 29.4213 174.596 0.255558 -0.0333236 0.0345963 0.9656 1
-0.167225 -0.298156 2.55946 -0.872454 -0.486038 -0.0508946 0.478007 -0.870395 0.117992 -0.101647 0.0786144 0.991709 -172.28 28.5553 173.355 0.24943 -0.0394674 0.0508683 0.96625 1
-0.16598 -0.302175 2.56087 -0.865199 -0.498574 -0.0534212 0.485682 -0.859749 0.157935 -0.124671 0.1107 0.986003 -169.591 29.0572 171.8 0.255468 -0.0462246 0.0697253 0.963192 1
-0.164079 -0.30362 2.56113 -0.872686 -0.485475 -0.0522816 0.46674 -0.860841 0.202746 -0.143434 0.152532 0.977835 -166.747 27.8229 170.666 0.247137 -0.050796 0.0922085 0.963245 1
-0.15828 -0.318588 2.57347 -0.899648 -0.435457 -0.0318038 0.42918 -0.895362 0.118879 -0.0802424 0.0932993 0.992399 -172.437 25.4155 174.903 0.222143 -0.028787 0.0545129 0.973063 1
-0.165811 -0.323286 2.58312 -0.94678 -0.315606 -0.0632504 0.316687 -0.9485 -0.00760093 -0.0575941 -0.027227 0.997969 179.541 18.4627 176.519 0.160226 -0.0306225 -0.00882555 0.986566 1
-0.164876 -0.32236 2.57943 -0.957201 -0.281381 -0.0677572 0.282687 -0.959157 -0.0103192 -0.0620862 -0.0290316 0.997648 179.384 16.4206 176.289 0.142558 -0.0328155 -0.0099452 0.989192 1
-0.163372 -0.319611 2.57415 -0.979628 -0.193234 -0.0546697 0.195835 -0.979508 -0.0470296 -0.0444617 -0.0567778 0.997396 177.251 11.2935 177.401 0.0978003 -0.0249186 -0.026094 0.994552 1
-0.165237 -0.319029 2.57041 -0.972328 -0.222429 -0.0714435 0.226136 -0.972876 -0.0487356 -0.0586654 -0.0635429 0.996253 177.132 13.0697 176.547 0.112971 -0.0327679 -0.0282773 0.992655 1
