-0.335677 -0.387923 1.45786 0.817778 0.574273 0.0380711 0.208871 -0.234497 -0.949412 -0.536294 0.784361 -0.311716 103.874 12.0562 33.2566 0.563819 0.768764 0.254676 -0.162021 0
-0.336187 -0.386965 1.45832 0.807463 0.588823 0.0359418 0.189806 -0.201631 -0.960895 -0.55855 0.782709 -0.274572 101.851 10.9415 34.6729 0.576901 0.75559 0.257623 -0.172914 0
-0.336846 -0.386922 1.46106 0.797035 0.603371 0.0260655 0.171555 -0.184816 -0.967684 -0.579055 0.775749 -0.250816 100.813 9.87827 35.9988 0.583396 0.747106 0.25931 -0.185044 0
-0.337953 -0.388388 1.46608 0.777265 0.628555 0.0278845 0.181017 -0.180959 -0.966688 -0.602571 0.756421 -0.254433 100.603 10.429 37.7845 0.579196 0.74375 0.272125 -0.193172 0
-0.338872 -0.389989 1.4711 0.775476 0.630808 0.0268087 0.180235 -0.180476 -0.966925 -0.605106 0.754659 -0.253649 100.573 10.3835 37.965 0.579083 0.743236 0.272808 -0.19452 0
-0.339989 -0.390977 1.47505 0.76654 0.641747 0.0240379 0.178656 -0.177145 -0.967833 -0.616846 0.746177 -0.250441 100.372 10.2915 38.8241 0.578566 0.740629 0.276928 -0.200103 0
-0.341666 -0.392265 1.482 0.755086 0.655124 0.0256359 0.177308 -0.166406 -0.969985 -0.631195 0.736968 -0.24181 99.7346 10.213 39.8931 0.580274 0.735408 0.282983 -0.205858 0
-0.342589 -0.392995 1.49392 0.751762 0.658272 0.0391381 0.193446 -0.163401 -0.967408 -0.630422 0.734832 -0.250179 99.5871 11.1539 39.983 0.578399 0.735755 0.289402 -0.200911 0
-0.335961 -0.382773 1.51646 0.756119 0.648817 0.0855556 0.230113 -0.141202 -0.962866 -0.612643 0.747729 -0.256067 98.3428 13.3037 39.016 0.582849 0.733721 0.299477 -0.179594 0
-0.334704 -0.374464 1.52671 0.747775 0.660143 0.0710261 0.219029 -0.144279 -0.964992 -0.626785 0.737153 -0.252479 98.5035 12.652 39.9698 0.581166 0.732211 0.300177 -0.189754 0
-0.32401 -0.364798 1.53727 0.7912 0.608459 0.0614892 0.190178 -0.149236 -0.970341 -0.581236 0.779427 -0.233791 98.7434 10.9632 36.302 0.593332 0.737263 0.270812 -0.176242 0
-0.323393 -0.360146 1.55628 0.786695 0.617136 0.0159509 0.152393 -0.169095 -0.973747 -0.598237 0.768473 -0.227074 99.8514 8.76563 37.2509 0.589603 0.738726 0.260424 -0.197057 0
-0.322808 -0.343414 1.56288 0.748369 0.662381 0.034565 0.147554 -0.11545 -0.982293 -0.646662 0.740218 -0.184136 96.7033 8.48518 40.8301 0.601827 0.715534 0.282983 -0.21386 0
-0.325064 -0.336104 1.57342 0.748439 0.662904 0.0199506 0.149912 -0.139798 -0.978766 -0.646039 0.735537 -0.204008 98.1286 8.62182 40.8002 0.592586 0.72323 0.280967 -0.216421 0
-0.326787 -0.327737 1.5804 0.751281 0.659362 0.0286216 0.176039 -0.158406 -0.971554 -0.636072 0.734949 -0.235081 99.2603 10.1391 40.2529 0.582622 0.732251 0.285216 -0.207391 0
-0.327941 -0.318008 1.58575 0.742789 0.667725 0.0490708 0.184893 -0.134131 -0.973562 -0.64349 0.732224 -0.223089 97.8445 10.6549 40.9029 0.588551 0.72457 0.294181 -0.205094 0
-0.328757 -0.307571 1.59008 0.741037 0.67049 0.0361398 0.1656 -0.130334 -0.977543 -0.650723 0.73038 -0.207616 97.5944 9.5321 41.2871 0.59226 0.720935 0.289933 -0.21312 0
-0.329349 -0.29677 1.59448 0.732375 0.680563 0.021461 0.135808 -0.115117 -0.984024 -0.66722 0.72359 -0.176735 96.6725 7.80537 42.3346 0.600109 0.711377 0.286898 -0.22694 0
-0.330268 -0.286237 1.59754 0.734337 0.678242 0.0271592 0.134701 -0.106392 -0.985158 -0.665286 0.727096 -0.169488 96.1638 7.74132 42.1756 0.603833 0.708911 0.286687 -0.225038 0
-0.329135 -0.28453 1.59276 0.79214 0.609109 0.0387357 0.131673 -0.108578 -0.985329 -0.595967 0.785619 -0.166212 96.2883 7.56626 36.956 0.615904 0.718841 0.257631 -0.193795 0
-0.330321 -0.276316 1.59775 0.767943 0.640116 0.0227022 0.108105 -0.0945956 -0.989629 -0.631329 0.762433 -0.141844 95.4601 6.20612 39.4238 0.61877 0.707881 0.264247 -0.214947 0
-0.334236 -0.256673 1.61772 0.710374 0.703669 0.0147586 0.0970514 -0.0771643 -0.992284 -0.697101 0.706325 -0.123108 94.4466 5.5694 44.4597 0.614431 0.691131 0.289642 -0.246821 0
-0.335645 -0.24678 1.62478 0.71012 0.703815 0.0193266 0.106473 -0.0802122 -0.991075 -0.695983 0.70584 -0.131898 94.6271 6.11203 44.424 0.611966 0.693223 0.292218 -0.244026 0
-0.337584 -0.239374 1.63416 0.704674 0.709344 0.0162956 0.103906 -0.0804489 -0.991328 -0.701882 0.700257 -0.130396 94.6395 5.96417 44.8862 0.611112 0.692011 0.293799 -0.247679 0
-0.339513 -0.230297 1.64276 0.690568 0.723049 0.017763 0.104844 -0.0757741 -0.991598 -0.715628 0.686628 -0.128135 94.3698 6.0182 46.0209 0.609643 0.6882 0.300746 -0.253511 0
-0.34182 -0.222456 1.65499 0.669375 0.742679 0.0191022 0.110087 -0.0737273 -0.991184 -0.734723 0.665576 -0.131111 94.254 6.32034 47.6647 0.60509 0.684509 0.311452 -0.261363 0
-0.344479 -0.215817 1.66827 0.683331 0.729978 0.0137716 0.0990872 -0.0740344 -0.992321 -0.723353 0.679449 -0.122922 94.2668 5.68661 46.6297 0.609585 0.685618 0.302306 -0.258738 0
-0.35233 -0.208267 1.70871 0.676102 0.736168 -0.0307078 0.0754984 -0.110675 -0.990985 -0.73293 0.667688 -0.130407 96.3725 4.32986 47.3096 0.598961 0.692312 0.2931 -0.275756 0
-0.355056 -0.199014 1.73585 0.70288 0.711053 -0.0190454 0.0825209 -0.108108 -0.990708 -0.706505 0.694778 -0.134664 96.2276 4.73348 45.1474 0.604175 0.697433 0.284462 -0.260079 0
-0.355524 -0.18921 1.74948 0.722928 0.690924 0.000101927 0.0887476 -0.0927121 -0.99173 -0.6852 0.716958 -0.128342 95.3408 5.09156 43.4653 0.612755 0.697134 0.279599 -0.245684 1
-0.359184 -0.1801 1.7624 0.733794 0.679354 0.00493386 0.0799004 -0.0790868 -0.993661 -0.674657 0.729537 -0.112314 94.5507 4.58284 42.5957 0.620966 0.693757 0.273602 -0.241339 1
-0.349748 -0.165168 1.78022 0.69784 0.716135 0.0130232 0.0347415 -0.0156818 -0.999273 -0.715411 0.697785 -0.035823 90.8991 1.99094 45.7123 0.641548 0.661314 0.283858 -0.265527 1
-0.351472 -0.154537 1.79073 0.68608 0.726839 0.0316069 0.0493011 -0.00310405 -0.998779 -0.725854 0.686801 -0.0379636 90.1781 2.82589 46.6136 0.64129 0.657105 0.295288 -0.264131 1
-0.353316 -0.147967 1.80003 0.686687 0.726827 0.0135542 0.0547182 -0.0330861 -0.997954 -0.724891 0.686024 -0.0624905 91.8989 3.13669 46.5503 0.630696 0.667507 0.29271 -0.266415 1
-0.356452 -0.131736 1.8144 0.682061 0.731253 0.00789578 0.0433082 -0.029612 -0.998623 -0.730012 0.681463 -0.0518665 91.6985 2.48215 46.9449 0.632571 0.663992 0.291631 -0.271885 1
-0.358623 -0.12103 1.82497 0.679085 0.733944 0.0129886 0.050479 -0.0290389 -0.998303 -0.732322 0.678589 -0.0567687 91.6662 2.89346 47.1601 0.631126 0.664246 0.295231 -0.270733 1
-0.362267 -0.112491 1.84217 0.667083 0.744918 0.00984233 0.0611717 -0.0416036 -0.99726 -0.742467 0.665857 -0.0733209 92.3889 3.50707 48.0613 0.622928 0.667459 0.301925 -0.274408 1
-0.365456 -0.101388 1.87403 0.643746 0.764758 -0.0271509 0.0813266 -0.103651 -0.991283 -0.760906 0.635926 -0.12892 95.9693 4.66482 49.7679 0.593964 0.684894 0.308838 -0.287657 1
-0.378681 -0.107794 1.88397 0.634715 0.758792 0.146188 0.13939 0.0736522 -0.987495 -0.76007 0.647155 -0.0590196 85.7345 8.01253 50.1356 0.642135 0.636412 0.35283 -0.24115 1
-0.382187 -0.11119 1.88867 0.62449 0.757228 0.191359 0.121597 0.147758 -0.98152 -0.771509 0.636218 0.000196523 81.439 6.98428 51.0119 0.665666 0.607564 0.361618 -0.23872 0
-0.383284 -0.110826 1.89124 0.602787 0.764275 0.229196 0.13542 0.185087 -0.973347 -0.786326 0.617759 0.00806956 79.2335 7.78294 52.5267 0.670064 0.593639 0.37889 -0.234625 1
-0.392412 -0.0991668 1.89491 0.543356 0.720765 0.430419 0.239853 0.358052 -0.902369 -0.804509 0.593545 0.021672 68.3573 13.8779 55.9653 0.693376 0.539359 0.445259 -0.173395 0
-0.395508 -0.100652 1.89422 0.494634 0.718208 0.489402 0.260199 0.414907 -0.871865 -0.829237 0.558596 0.0183501 64.551 15.0819 59.1842 0.694243 0.515116 0.474848 -0.164931 0
-0.400827 -0.101188 1.89494 0.472614 0.668364 0.574392 0.340914 0.462375 -0.818527 -0.812658 0.582666 -0.0093294 60.5385 19.9326 59.8192 0.693841 0.504868 0.499773 -0.117985 0
-0.401673 -0.102698 1.89432 0.444695 0.661732 0.60362 0.351919 0.490638 -0.797137 -0.82365 0.566908 -0.0146918 58.3877 20.6047 61.635 0.692936 0.492125 0.514936 -0.111775 0
-0.403245 -0.105601 1.89559 0.441377 0.619912 0.648765 0.341442 0.552587 -0.760306 -0.829821 0.557097 0.0322349 53.9905 19.9648 61.9918 0.711723 0.462751 0.519369 -0.0978154 0
-0.40274 -0.106898 1.89343 0.477442 0.57349 0.665701 0.358229 0.564758 -0.743452 -0.802322 0.593429 0.0641987