-0.335947 -0.387122 1.45804 0.825869 0.563295 0.0252957 0.186946 -0.231213 -0.954773 -0.53197 0.793246 -0.296257 103.613 10.7746 32.787 0.569737 0.76703 0.244528 -0.165142 0
-0.336153 -0.38643 1.45874 0.825016 0.564447 0.0273407 0.16919 -0.200554 -0.964963 -0.539187 0.800736 -0.260959 101.741 9.74074 33.1665 0.583846 0.756064 0.242585 -0.169247 0
-0.336344 -0.386518 1.45935 0.814319 0.579616 0.0304938 0.165526 -0.181554 -0.96935 -0.556314 0.794408 -0.243785 100.608 9.52779 34.3395 0.589275 0.748274 0.248953 -0.175678 0
-0.33707 -0.38703 1.46214 0.797282 0.602871 0.029801 0.169307 -0.175968 -0.969727 -0.579376 0.778191 -0.242367 100.285 9.74751 36.0055 0.587143 0.744247 0.259382 -0.184608 0
-0.336253 -0.385121 1.45841 0.783229 0.620667 0.036397 0.170512 -0.158138 -0.972583 -0.597895 0.767961 -0.22969 99.2352 9.81762 37.3571 0.590635 0.736725 0.268479 -0.190538 0
-0.337116 -0.383729 1.46059 0.764652 0.642703 0.0473339 0.166539 -0.126116 -0.977936 -0.622553 0.755664 -0.20347 97.3484 9.58667 39.1513 0.598971 0.723574 0.279599 -0.198742 0
-0.337374 -0.382891 1.46185 0.766644 0.640043 0.0510136 0.163497 -0.117769 -0.979489 -0.620907 0.75926 -0.194932 96.856 9.40996 39.0041 0.602898 0.720997 0.278621 -0.197606 0
-0.337513 -0.38218 1.46261 0.777415 0.627398 0.044702 0.147377 -0.112602 -0.98265 -0.611479 0.770514 -0.180003 96.537 8.47495 38.187 0.609264 0.719378 0.269252 -0.196968 0
-0.337113 -0.381095 1.46128 0.791321 0.609784 0.0444275 0.140002 -0.109988 -0.984023 -0.595155 0.784899 -0.172407 96.3777 8.04798 36.947 0.614192 0.72002 0.260335 -0.19122 0
-0.336071 -0.379963 1.45572 0.825394 0.562294 0.050499 0.146583 -0.127067 -0.981003 -0.545195 0.817117 -0.187303 97.3803 8.42894 33.4458 0.614619 0.731397 0.242302 -0.169093 0
-0.336243 -0.379939 1.45724 0.840826 0.539494 0.0442533 0.137329 -0.133525 -0.981484 -0.523596 0.831335 -0.18636 97.7472 7.89332 31.9112 0.616632 0.734968 0.230222 -0.163049 0
-0.337053 -0.380819 1.46119 0.858309 0.511929 0.0351427 0.120357 -0.13427 -0.983608 -0.498819 0.848469 -0.17686 97.7733 6.91272 30.1637 0.621928 0.736451 0.21464 -0.157402 0
-0.337245 -0.38177 1.46181 0.884785 0.464635 0.0356189 0.110628 -0.135183 -0.984625 -0.452677 0.875123 -0.17101 97.8175 6.35152 27.0953 0.62821 0.740098 0.19432 -0.140879 0
-0.329147 -0.376545 1.4401 0.887388 0.461005 0.00410152 0.0933817 -0.171024 -0.980832 -0.451467 0.870761 -0.194814 99.891 5.35818 26.9651 0.616756 0.750538 0.184663 -0.149015 0
-0.320156 -0.370494 1.41499 0.899042 0.436865 -0.0295378 0.0775648 -0.22529 -0.971199 -0.430938 0.870858 -0.23643 103.06 4.44861 25.6098 0.599442 0.768239 0.167406 -0.149848 0
-0.319747 -0.368315 1.40852 0.897746 0.440443 -0.00791113 0.10909 -0.239684 -0.964702 -0.426793 0.865194 -0.263224 103.953 6.26288 25.4267 0.590516 0.774702 0.177337 -0.140281 0
-0.318676 -0.366727 1.40196 0.887866 0.459952 0.0117744 0.13337 -0.23279 -0.963339 -0.440348 0.856886 -0.26803 103.585 7.6644 26.3797 0.588864 0.772769 0.191947 -0.138649 0
-0.317497 -0.364891 1.39422 0.887971 0.458704 0.0331465 0.164894 -0.250267 -0.954032 -0.429323 0.852618 -0.297868 104.699 9.4911 25.8032 0.578756 0.780401 0.199768 -0.126914 0
-0.315118 -0.360332 1.38341 0.910681 0.405534 0.0787579 0.212428 -0.296189 -0.931207 -0.354309 0.864763 -0.35588 107.644 12.2647 21.259 0.560939 0.80043 0.193009 -0.0860634 0
-0.312835 -0.357879 1.37851 0.920829 0.382066 0.0780982 0.209977 -0.317016 -0.924884 -0.328608 0.868059 -0.372142 108.92 12.121 19.6395 0.554903 0.807773 0.183233 -0.0775312 0
-0.31158 -0.356636 1.37585 0.926005 0.36678 0.0893719 0.213488 -0.313535 -0.925267 -0.311348 0.875882 -0.368638 108.719 12.3268 18.584 0.557636 0.807493 0.179651 -0.0687238 0
-0.31048 -0.354572 1.37047 0.923826 0.374516 0.0792651 0.209494 -0.321304 -0.923513 -0.320402 0.869771 -0.375288 109.184 12.0927 19.1276 0.553903 0.809385 0.180387 -0.0744816 1
-0.308562 -0.352164 1.35944 0.911747 0.409405 0.0332423 0.176545 -0.317518 -0.931673 -0.370877 0.855319 -0.361774 108.819 10.1686 22.1353 0.55508 0.804835 0.182009 -0.104877 0
-0.307487 -0.350181 1.35356 0.880689 0.472959 0.0264044 0.1769 -0.27667 -0.944542 -0.439425 0.836519 -0.327326 106.326 10.1892 26.5172 0.564954 0.788144 0.206136 -0.13101 0
-0.30583 -0.347213 1.34558 0.840734 0.541381 0.00859888 0.148409 -0.215139 -0.965241 -0.520713 0.812787 -0.26122 102.565 8.53472 31.7722 0.584032 0.7611 0.226576 -0.168215 0
-0.304766 -0.345345 1.34132 0.850654 0.525713 0.00361538 0.12272 -0.191876 -0.973716 -0.511202 0.82874 -0.227735 101.148 7.04909 31.0038 0.598131 0.75337 0.215177 -0.168439 0
-0.302701 -0.342939 1.33001 0.860912 0.508747 -0.00254219 0.103793 -0.180528 -0.978078 -0.498053 0.841775 -0.208224 100.458 5.95764 30.0502 0.606663 0.749944 0.204195 -0.166878 0
-0.301321 -0.340591 1.32237 0.877716 0.47918 -0.00114088 0.101939 -0.189048 -0.976662 -0.468213 0.857116 -0.214777 100.955 5.85084 28.0774 0.60702 0.755239 0.192363 -0.155366 0
-0.299598 -0.338452 1.31333 0.907202 0.420518 -0.012199 0.0779298 -0.196476 -0.977407 -0.413414 0.885755 -0.211014 101.366 4.46958 24.4989 0.612314 0.760706 0.163811 -0.139874 0
-0.298662 -0.336228 1.30488 0.903798 0.427958 0.00128325 0.0962197 -0.200282 -0.975002 -0.417002 0.881328 -0.222192 101.608 5.52152 24.7681 0.608548 0.762606 0.171837 -0.136282 0
-0.299618 -0.336745 1.30281 0.891222 0.451781 0.0402071 0.156522 -0.223142 -0.962137 -0.425704 0.863772 -0.269583 103.057 9.0051 25.5321 0.59129 0.772002 0.196989 -0.124837 0
-0.299174 -0.335644 1.29914 0.888676 0.455656 0.0513167 0.171365 -0.226226 -0.958883 -0.425311 0.86093 -0.279125 103.275 9.86718 25.5753 0.588074 0.773632 0.202622 -0.120857 0
-0.298774 -0.334159 1.29303 0.854018 0.519021 0.0356407 0.17669 -0.224933 -0.95822 -0.489319 0.824635 -0.283803 103.21 10.177 29.811 0.579931 0.768563 0.226303 -0.147574 0
-0.296048 -0.330847 1.28281 0.846634 0.531361 0.029433 0.174096 -0.22428 -0.958848 -0.502893 0.816917 -0.282391 103.165 10.0261 30.71 0.578784 0.767024 0.229933 -0.154317 0
-0.29307 -0.327704 1.27129 0.854359 0.518807 0.0301753 0.163791 -0.213712 -0.963068 -0.493197 0.827748 -0.267562 102.512 9.42699 29.9966 0.585893 0.764139 0.223322 -0.151485 0
-0.291972 -0.325763 1.26332 0.840795 0.540413 0.031898 0.165815 -0.200995 -0.965456 -0.515334 0.81704 -0.258605 101.76 9.5446 31.5047 0.587621 0.758353 0.232817 -0.159371 0
-0.289048 -0.322864 1.25132 0.802074 0.59587 0.040198 0.189985 -0.19076 -0.963077 -0.566201 0.780096 -0.26621 101.204 10.9519 35.2191 0.579893 0.751506 0.261427 -0.174983 0
-0.286184 -0.319522 1.24061 0.765192 0.643421 0.022153 0.172008 -0.171161 -0.970112 -0.620398 0.746133 -0.241644 100.006 9.90459 39.0343 0.581461 0.737902 0.276266 -0.202685 0
-0.283279 -0.315204 1.22961 0.735515 0.677159 0.0217666 0.174958 -0.158801 -0.971685 -0.654529 0.718497 -0.235275 99.2817 10.0762 41.6656 0.579102 0.729656 0.291958 -0.216802 0
-0.28106 -0.311713 1.22139 0.712492 0.699982 0.0487884 0.201202 -0.137196 -0.969894 -0.672215 0.700859 -0.238589 98.0514 11.6072 43.3339 0.57808 0.722544 0.311809 -0.215705 0
-0.278502 -0.305528 1.20701 0.709246 0.699747 0.085584 0.20033 -0.0836599 -0.97615 -0.675898 0.709475 -0.199516 94.8985 11.5563 43.6208 0.597091 0.705766 0.31883 -0.209104 0
-0.271286 -0.298557 1.18269 0.71911 0.688201 0.0962293 0.183828 -0.0548543 -0.981427 -0.67014 0.723444 -0.165957 93.1991 10.5928 42.9812 0.612025 0.696405 0.313046 -0.206026 0
-0.266968 -0.293725 1.16623 0.720738 0.687617 0.0878612 0.180309 -0.0635749 -0.981553 -0.669347 0.723285 -0.169804 93.7059 10.3878 42.8828 0.609787 0.698949 0.31044 -0.207986 0
-0.263751 -0.291398 1.15815 0.722745 0.688534 0.0596772 0.165313 -0.0883909 -0.982272 -0.671053 0.719797 -0.177708 95.142 9.51544 42.876 0.603458 0.705132 0.302726 -0.216759 0
-0.260767 -0.288758 1.14697 0.682428 0.72851 0.0597061 0.184552 -0.0926888 -0.978442 -0.707271 0.678736 -0.197702 95.4115 10.635 46.0241 0.589923 0.702285 0.325032 -0.23052 0
-0.258103 -0.284199 1.13848 0.69601 0.717456 0.0287536 0.141078 -0.0973765 -0.985198 -0.704036 0.689764 -0.168992 95.6448 8.1102 45.3285 0.597838 0.700425 0.306433 -0.241026 0
-0.254492 -0.280114 1.12103 0.628914 0.77736 0.0133747 0.180407 -0.12918 -0.975072 -0.756255 0.615649 -0.221484 97.5467 10.3935