-0.336718 -0.387801 1.4592 0.835039 0.54952 0.0271428 0.190163 -0.241971 -0.951466 -0.516282 0.799673 -0.306553 104.269 10.9623 31.7274 0.567123 0.77194 0.239553 -0.158412 0
-0.336823 -0.387453 1.46086 0.837455 0.5455 0.033159 0.174088 -0.208764 -0.962347 -0.518037 0.811694 -0.269796 102.24 10.0256 31.7403 0.582858 0.760923 0.236419 -0.159306 0
-0.337051 -0.386819 1.46194 0.845952 0.532545 0.0276016 0.155954 -0.197574 -0.967803 -0.509945 0.823019 -0.250191 101.538 8.97215 31.0818 0.591225 0.757251 0.227302 -0.159242 0
-0.337762 -0.387497 1.46461 0.850686 0.524753 0.0310999 0.149878 -0.185414 -0.971163 -0.503854 0.830817 -0.236378 100.809 8.61988 30.6379 0.597682 0.753737 0.223762 -0.156803 0
-0.338547 -0.388817 1.46861 0.868546 0.494707 0.0298672 0.145717 -0.197303 -0.969453 -0.473702 0.846367 -0.243454 101.504 8.37879 28.6079 0.597451 0.759819 0.210716 -0.146033 0
-0.338519 -0.389508 1.4718 0.860104 0.509568 0.0237034 0.142875 -0.196033 -0.970133 -0.489702 0.837802 -0.241413 101.424 8.21426 29.6551 0.596376 0.757884 0.215219 -0.153717 0
-0.337277 -0.392007 1.47972 0.883507 0.467664 0.0265732 0.140646 -0.210739 -0.967372 -0.446805 0.858417 -0.251964 102.29 8.0852 26.8265 0.595987 0.765867 0.198569 -0.137175 0
-0.328258 -0.396427 1.49615 0.921615 0.384581 0.0521889 0.144971 -0.216391 -0.965483 -0.360013 0.89737 -0.255183 102.633 8.33561 21.3373 0.602088 0.773497 0.171155 -0.0994912 0
-0.336834 -0.400147 1.5096 0.944512 0.325314 0.0454646 0.127196 -0.234613 -0.963731 -0.302849 0.916039 -0.262973 103.682 7.30761 17.778 0.601441 0.781361 0.144783 -0.0823513 0
-0.350305 -0.388919 1.53758 0.970189 0.233501 0.0648847 0.119764 -0.229192 -0.965985 -0.210687 0.944959 -0.250325 103.347 6.87851 12.2522 0.610465 0.782577 0.112853 -0.0465777 0
-0.363542 -0.380039 1.54702 0.976599 0.203659 0.0691156 0.116466 -0.23064 -0.966044 -0.180802 0.951488 -0.248962 103.428 6.68818 10.4887 0.611759 0.783614 0.102131 -0.0356319 0
-0.378262 -0.372612 1.55877 0.983637 0.166679 0.0683847 0.106934 -0.234659 -0.966178 -0.144994 0.957681 -0.248643 103.651 6.13862 8.38537 0.612441 0.785325 0.0871019 -0.0243879 0
-0.400037 -0.368285 1.56431 0.98705 0.151909 0.0515401 0.0887096 -0.249207 -0.964379 -0.133653 0.956462 -0.259455 104.489 5.08938 7.71135 0.607945 0.789891 0.0761556 -0.0259888 0
-0.413693 -0.356588 1.5727 0.99095 0.134165 -0.00429572 0.0312465 -0.261676 -0.96465 -0.130546 0.955785 -0.263499 105.177 1.79059 7.50484 0.605346 0.793115 0.0521398 -0.0425039 0
-0.417343 -0.349333 1.57618 0.988075 0.139553 -0.0650667 -0.0268871 -0.259709 -0.965312 -0.151611 0.95555 -0.25286 105.058 -1.5407 8.72346 0.607352 0.790671 0.0356235 -0.0685106 0
-0.41558 -0.344115 1.57817 0.985565 0.149528 -0.079393 -0.0330675 -0.2899 -0.956486 -0.166037 0.945304 -0.280771 106.861 -1.89497 9.56278 0.594747 0.799412 0.0364207 -0.0767535 0
-0.412272 -0.349767 1.57261 0.985886 0.107143 -0.128646 -0.0895034 -0.312083 -0.94583 -0.141487 0.943994 -0.298088 108.261 -5.13504 8.16692 0.586454 0.805614 0.00547398 -0.0838285 0
-0.411528 -0.353067 1.57038 0.987585 0.0949423 -0.125147 -0.0870842 -0.332149 -0.939198 -0.130737 0.938436 -0.319757 109.476 -4.99589 7.54101 0.577858 0.812326 0.00241838 -0.0787506 0
-0.412818 -0.353196 1.56791 0.993575 0.0838422 -0.0760163 -0.043427 -0.337816 -0.94021 -0.104509 0.93747 -0.332005 109.763 -2.48897 6.00455 0.575273 0.815996 0.0123822 -0.0553082 0
-0.414394 -0.353503 1.56757 0.994152 0.105683 -0.0222119 0.0153468 -0.341853 -0.939628 -0.106896 0.933792 -0.341475 109.992 0.879341 6.13712 0.572456 0.81815 0.0369827 -0.0394511 0
-0.4124 -0.352583 1.5707 0.993287 0.104179 0.0502767 0.0780592 -0.282899 -0.955968 -0.085369 0.953475 -0.289133 106.485 4.47702 4.91227 0.596082 0.800831 0.0568905 -0.010955 0
-0.412559 -0.354087 1.57121 0.992942 0.0928073 0.0738505 0.0994626 -0.312383 -0.944735 -0.0646087 0.945412 -0.319408 108.297 5.70822 3.72288 0.583342 0.810051 0.0593388 0.00285221 0
-0.414075 -0.35303 1.56728 0.99091 0.087536 0.10215 0.123544 -0.29166 -0.94851 -0.0532358 0.952508 -0.299823 107.092 7.09666 3.07521 0.591487 0.803491 0.0656758 0.0152192 0
-0.412814 -0.352649 1.56598 0.994857 0.0525407 0.0866025 0.0983479 -0.296313 -0.950014 -0.0242529 0.953645 -0.299956 107.323 5.64404 1.3965 0.591309 0.804849 0.0468686 0.0193669 0
-0.413607 -0.352586 1.56583 0.99752 0.0227712 0.0665943 0.0703778 -0.329998 -0.941355 0.000540213 0.943707 -0.330782 109.318 4.03569 -0.0310289 0.578087 0.815215 0.0285658 0.020588 0
-0.412075 -0.352966 1.567 0.997255 -0.015352 0.0724379 0.0629399 -0.33959 -0.938465 0.0390065 0.940448 -0.337691 109.893 3.60857 -2.23992 0.574451 0.8177 0.0145493 0.0340725 0
-0.412578 -0.353504 1.56948 0.99603 -0.0745655 0.0486205 0.0187215 -0.358508 -0.933339 0.0870257 0.930544 -0.355688 111.012 1.07272 -4.9934 0.566091 0.823138 -0.0169607 0.0411979 0
-0.413322 -0.353029 1.56928 0.991706 -0.120167 0.0456037 0.0003932 -0.351974 -0.93601 0.128529 0.928264 -0.349007 110.608 0.0225287 -7.38458 0.56805 0.82047 -0.0364954 0.0530587 0
-0.412719 -0.352924 1.56784 0.985212 -0.163664 0.0507128 -0.0110177 -0.355878 -0.934467 0.170986 0.92009 -0.352419 110.849 -0.631282 -9.84574 0.565003 0.820596 -0.0532178 0.067542 0
-0.412577 -0.352603 1.56678 0.97996 -0.192231 0.0522153 -0.0193653 -0.352825 -0.935489 0.198253 0.91573 -0.349477 110.664 -1.10962 -11.437 0.565167 0.818881 -0.0645993 0.0764667 0
-0.412773 -0.353244 1.56873 0.978757 -0.196075 0.0599125 -0.0108111 -0.341174 -0.939938 0.204739 0.919323 -0.336046 109.95 -0.619443 -11.8149 0.570425 0.814858 -0.0634729 0.0811954 0
-0.409965 -0.352034 1.56374 0.986742 -0.143604 0.0756127 0.0241936 -0.330538 -0.943483 0.16048 0.932804 -0.322681 109.307 1.38633 -9.23751 0.577391 0.812398 -0.0367462 0.0726532 0
-0.410172 -0.351611 1.56337 0.99668 -0.0105814 0.0807234 0.0725064 -0.335584 -0.939216 0.0370277 0.941951 -0.333703 109.662 4.15796 -2.12762 0.576063 0.81639 0.0189631 0.0360585 0
-0.410745 -0.351517 1.56271 0.997476 0.021848 0.0675648 0.070974 -0.336807 -0.938895 0.00224333 0.94132 -0.337508 109.734 4.06993 -0.128859 0.575144 0.817281 0.0283936 0.0213538 0
-0.41055 -0.351333 1.56272 0.997317 0.00634696 0.0729234 0.0710027 -0.326091 -0.942668 0.0177966 0.945317 -0.325667 109.082 4.07158 -1.0223 0.579991 0.813799 0.0237619 0.0278693 0
-0.410849 -0.351693 1.56371 0.997409 0.0112036 0.0710671 0.0708309 -0.326061 -0.942692 0.0126107 0.945282 -0.326009 109.08 4.06171 -0.724378 0.579944 0.813861 0.0251992 0.0257039 0
-0.410751 -0.351823 1.56271 0.997164 -0.0219301 0.0719959 0.0608233 -0.328593 -0.942511 0.0443267 0.944217 -0.326327 109.22 3.48707 -2.54528 0.579276 0.814261 0.0119413 0.0357142 0
-0.410744 -0.35125 1.56208 0.996899 -0.0419798 0.0665574 0.0488767 -0.332542 -0.941821 0.0616706 0.942154 -0.329459 109.447 2.80154 -3.53995 0.577689 0.815307 0.0021148 0.039319 0
-0.41024 -0.351841 1.5627 0.997179 0.0103613 0.074346 0.0736026 -0.32948 -0.941289 0.0147425 0.944106 -0.329314 109.292 4.22093 -0.847013 0.578443 0.814858 0.0257603 0.0273325 0
-0.410779 -0.351774 1.56296 0.997097 0.025242 0.0718424 0.0761465 -0.324912 -0.942674 -0.000452589 0.945407 -0.32589 109.018 4.3671 0.0260069 0.58015 0.813618 0.0311536 0.0219359 0
-0.410924 -0.351988 1.56313 0.992877 0.0969353 0.0692796 0.0973844 -0.325223 -0.940609 -0.0686469 0.940656 -0.332346 109.073 5.58857 3.9551 0.577777 0.81401 0.0596798 0.000194302 0
-0.410528 -0.351494 1.56314 0.997513 0.0233957 0.066486 0.0704817 -0.33469 -0.939689 0.000267528 0.942038 -0.335507 109.604 4.04166 -0.0153664 0.576046 0.816656 0.0287384 0.020435 0
-0.411705 -0.35138 1.56305 0.993053 0.106734 0.049532 0.0825986 -0.332515 -0.939474 -0.0838038 0.937039 -0.339022 109.491 4.73795 4.82377 0.574786 0.816179 0.0579937 -0.0104977 0
-0.411203 -0.351636 1.5635 0.990698 0.124055 0.0559365 0.0940576 -0.327171 -0.940272 -0.0983442 0.936787 -0.335796 109.186 5.39708 5.66905 0.576136 0.814504 0.0669463 -0.0130164 0
-0.410714 -0.351493 1.56317 0.989997 0.125281 0.0648868 0.102471 -0.322339 -0.941062 -0.096982 0.938297 -0.331953 108.908 5.88146 5.59495 0.577864 0.813064 0.070029 -0.00986861 0
-0.411231 -0.352003 1.56481 0.987749 0.144556 0.0587879 0.103567 -0.325442 -0.939873 -0.116733 0.934447 -0.336427 109.099 5.9446 6.73998 0.575734 0.813882 0.0762159 -0.0177989 0
-0.411368 -0.352118 1.56396 0.985408 0.155196 0.0698899 0.117861 -0.325928 -0.938019 -0.122798 0.932569 -0.339463 109.16 6.76865 7.10338 0.57446 0.814064 0.0838562 -0.0162482 0
-0.410975 -0.351705 1.56286 0.980874 0.186734 0.0549229 0.114972 -0.328153 -0.937602 -0.157059 0.925984 -0.343346 109.29 6.60203 9.09708 0.572139 0.814306 0.092627 -0.0313569 0
-0.411519 -0.351775 1.56281 0.978817 0.200669 0.0406092 0.108449 -0.339942 -0.934172 -0.173654 0.918788 -0.354503 109.996 6.22591 10.0603 0.566651 0.817506 0.0945307 -0.0406863 0
-0.410659 -0.351164 1.56184 0.982777 0.179366 0.0444768 0.104062 -0.338254 -0.935284 -0.152713 0.923803 -0.351093 109.883 5.97312 8.83253 0.568645 0.817332 0.0866929 -0.0331067 0
-0.410452 -0.35158 1.56211 0.983184 0.173399 0.0572931 0.113616 -0.33518 -0.935279 -0.142973 0.92606 -0.349244 109.716 6.52378 8.27387 0.569816 0.816641 0.0878645 -0.0262294 0
-0.410801 -0.35135 1.56222 0.983024 0.171397 0.0654681 0.119552 -0.3277 -0.937187 -0.139177 0.929105 -0.342628 109.273 6.86624 8.05839 0.572865 0.814456 0.0893076 -0.0226251 0
-0.410691 -0.351377 1.56172 0.987186 0.149114 0.0568289 0.103722 -0.32895 -0.938634 -0.121269 0.9325 -0.340201 109.313 5.95352 7.00333 0.574029 0.814914 0.0775651 -0.0197691 0
-0.410946 -0.351139 1.56131 0.989503 0.133124 0.056232 0.0974187 -0.327062 -0.939968 -0.106741 0.935579 -0.336598 109.185 5.59055 6.15687 0.575726 0.814427 0.0707683 -0.0155044 0
-0.411636 -0.351917 1.56334 0.99383 0.0964571 0.0547536 0.0846202 -0.340259 -0.936517 -0.0717033 0.935371 -0.346322 109.967 4.85418 4.12665 0.571675 0.818598 0.055301 -0.00517644 0
-0.410984 -0.351776 1.56286 0.994958 0.0746914 0.066931 0.0884149 -0.338199 -0.936912 -0.0473433 0.938106 -0.343098 109.848 5.07242 2.72426 0.573075 0.817963 0.0498514 0.00598674 0
-0.411528 -0.351445 1.56226 0.99656 0.0498864 0.0661756 0.0791641 -0.33685 -0.938225 -0.0245134 0.940236 -0.33964 109.75 4.54052 1.40908 0.574472 0.817473 0.0394663 0.0127412 0
-0.410949 -0.351333 1.56091 0.997955 -0.0266524 0.0581068 0.0453639 -0.345194 -0.937434 0.0450431 0.938153 -0.343279 110.215 2.60005 -2.58431 0.572163 0.819516 0.00570807 0.0314667 0
-0.411113 -0.350983 1.56096 0.995356 -0.0809036 0.0521565 0.0215186 -0.341108 -0.939778 0.0938224 0.936536 -0.337783 109.949 1.23302 -5.3848 0.573687 0.817656 -0.0181571 0.0446333 0
-0.411503 -0.351022 1.56106 0.989295 -0.139271 0.0435849 -0.00801767 -0.350088 -0.936683 0.145711 0.926306 -0.347457 110.493 -0.459384 -8.37874 0.568276 0.819579 -0.0449281 0.0577419 0
-0.410982 -0.35107 1.56197 0.992768 -0.11123 0.045165 0.00410608 -0.344539 -0.938763 0.119979 0.932159 -0.34159 110.154 0.235262 -6.89097 0.571542 0.818367 -0.0327248 0.0504494 0
-0.411455 -0.3512 1.5609 0.992731 -0.112545 0.0426525 0.00070852 -0.348914 -0.937155 0.120354 0.930372 -0.346297 110.421 0.0405952 -6.91256 0.569544 0.819747 -0.0341071 0.0497125 0
-0.411253 -0.351105 1.56047 0.992149 -0.108455 0.0622662 0.0208748 -0.347289 -0.937526 0.123304 0.931466 -0.342298 110.326 1.19613 -7.08437 0.570649 0.8188 -0.0267405 0.0566592 0
-0.410011 -0.351148 1.56082 0.996077 -0.0606167 0.0644657 0.0392379 -0.350417 -0.935772 0.0793133 0.93463 -0.346664 110.529 2.24875 -4.55261 0.569868 0.820542 -0.00651362 0.0438061 0
-0.410735 -0.350955 1.56029 0.996841 -0.055269 0.0570449 0.0343787 -0.347209 -0.937157 0.0716022 0.936158 -0.344212 110.329 1.97015 -4.10845 0.571275 0.819796 -0.00637057 0.0392314 0
-0.411596 -0.350793 1.56027 0.997256 -0.0547272 0.0498503 0.0280505 -0.343827 -0.938614 0.0685076 0.937437 -0.341348 110.118 1.60739 -3.92982 0.572731 0.818906 -0.00814401 0.0361329 0
-0.411868 -0.350349 1.55762 0.995477 -0.0880136 0.0357537 0.00295099 -0.347529 -0.937664 0.0949527 0.933529 -0.345698 110.336 0.16908 -5.44862 0.570581 0.819864 -0.025938 0.0398561 0
-0.411647 -0.350338 1.55776 0.99262 -0.114734 0.0392589 -0.00300398 -0.346912 -0.937893 0.121227 0.930854 -0.344696 110.299 -0.172116 -6.96297 0.57031 0.819181 -0.0359315 0.0489776 0
-0.411464 -0.350528 1.55838 0.982591 -0.183223 0.0307387 -0.035107 -0.345592 -0.937728 0.182436 0.920324 -0.346008 110.231 -2.0119 -10.5183 0.568109 0.817648 -0.0667555 0.0651794 0
-0.411095 -0.350833 1.55924 0.979238 -0.200192 0.0318691 -0.0428529 -0.358094 -0.932701 0.198131 0.911971 -0.359239 111.003 -2.45604 -11.4384 0.561673 0.821062 -0.0740032 0.0700314 0
-0.410771 -0.35055 1.55959 0.978508 -0.200304 0.0490035 -0.0222494 -0.338803 -0.940594 0.205007 0.919288 -0.335978 109.809 -1.2749 -11.8329 0.570904 0.814446 -0.0683142 0.0779703 0
-0.410419 -0.350609 1.55971 0.994303 -0.0855341 0.0636001 0.0314825 -0.334396 -0.941907 0.101833 0.938543 -0.329798 109.546 1.80411 -5.84763 0.576652 0.815245 -0.0165753 0.0507311 0
-0.410754 -0.350564 1.55918 0.996607 0.0471688 0.0674466 0.0794246 -0.336317 -0.938394 -0.0215794 0.940567 -0.338922 109.717 4.55549 1.24043 0.574754 0.817289 0.0387236 0.0140303 0
-0.41131 -0.350688 1.55965 0.988383 0.142653 0.0524367 0.0985881 -0.33919 -0.935538 -0.115671 0.929839 -0.349313 109.929 5.65787 6.67499 0.570061 0.81806 0.0737235 -0.0193245 0
-0.410799 -0.35102 1.56043 0.98226 0.181314 0.0478697 0.107763 -0.336849 -0.935371 -0.153471 0.923936 -0.350412 109.805 6.18639 8.88026 0.56899 0.816933 0.0884641 -0.0323164 0
-0.409468 -0.351151 1.55943 0.978079 0.198022 0.0644094 0.127269 -0.323653 -0.937577 -0.164815 0.925222 -0.341761 109.045 7.31182 9.56497 0.572858 0.812941 0.100035 -0.0308772 0
-0.409947 -0.350717 1.55825 0.971087 0.229163 0.0668875 0.138007 -0.310278 -0.940575 -0.194791 0.922611 -0.332933 108.257 7.93255 11.3425 0.576167 0.80844 0.113543 -0.0395527 0
-0.410713 -0.3504 1.55768 0.966004 0.250492 0.0639579 0.142267 -0.308499 -0.940526 -0.215863 0.91765 -0.333648 108.16 8.17905 12.5964 0.575295 0.807488 0.121599 -0.0470302 0
-0.410057 -0.35054 1.55833 0.957802 0.281474 0.0582039 0.149842 -0.31617 -0.936794 -0.245281 0.905985 -0.345005 108.65 8.61776 14.364 0.569348 0.809163 0.13326 -0.0577997 0
-0.409522 -0.35065 1.5592 0.944735 0.320394 0.0694487 0.171982 -0.30401 -0.937017 -0.279102 0.897176 -0.342311 107.975 9.90309 16.4587 0.56974 0.804838 0.152943 -0.0651228 0
-0.411891 -0.350564 1.55786 0.930545 0.360999 0.0613723 0.174212 -0.289033 -0.941334 -0.322082 0.886645 -0.331848 107.069 10.0328 19.0919 0.572203 0.798659 0.167534 -0.0816086 0
-0.411588 -0.351183 1.55997 0.924673 0.377899 0.0466172 0.170403 -0.301219 -0.938206 -0.340505 0.875477 -0.342924 107.8 9.81123 20.2159 0.565803 0.801376 0.17105 -0.0916821 0
-0.411219 -0.350454 1.55915 0.911953 0.405563 0.0621305 0.188846 -0.280469 -0.941103 -0.364251 0.869975 -0.332364 106.595 10.8855 21.7727 0.569895 0.794479 0.187044 -0.0950687 0
-0.410365 -0.350678 1.559 0.899417 0.431675 0.0685965 0.203362 -0.274362 -0.939877 -0.386901 0.859292 -0.334552 106.273 11.7336 23.2759 0.568001 0.791886 0.200483 -0.10049 0
-0.410031 -0.350321 1.55763 0.910091 0.409498 0.0636045 0.19257 -0.281991 -0.939892 -0.366948 0.867636 -0.335495 106.701 11.1028 21.9593 0.568464 0.794918 0.189349 -0.095401 0
-0.41081 -0.350293 1.55776 0.909717 0.41121 0.0576296 0.189281 -0.287148 -0.938999 -0.369577 0.865131 -0.339058 107.004 10.9108 22.1097 0.566461 0.796229 0.188542 -0.0979452 0
-0.410453 -0.350349 1.55748 0.906868 0.415456 0.0706107 0.2 -0.276824 -0.939877 -0.370931 0.866467 -0.334134 106.411 11.5369 22.2457 0.56919 0.793383 0.193934 -0.0946328 0
-0.41102 -0.350202 1.55749 0.900164 0.432343 0.0527612 0.190866 -0.282677 -0.940034 -0.391502 0.856255 -0.336975 106.737 11.0033 23.5053 0.565798 0.793697 0.196299 -0.106697 0
-0.409919 -0.35039 1.5573 0.890999 0.45039 0.057179 0.199107 -0.274456 -0.940761 -0.408016 0.849602 -0.334215 106.264 11.4847 24.6045 0.5662 0.790517 0.205402 -0.110952 0
-0.409775 -0.350553 1.55782 0.862267 0.503121 0.0580099 0.215997 -0.261725 -0.940662 -0.458084 0.823632 -0.334349 105.548 12.474 27.9797 0.562626 0.783955 0.229324 -0.127582 0
-0.409772 -0.350229 1.55738 0.837239 0.543659 0.0588722 0.236659 -0.263177 -0.93527 -0.492974 0.796977 -0.349004 105.716 13.6894 30.49 0.553412 0.782531 0.249293 -0.138685 0
-0.41023 -0.350325 1.55726 0.839714 0.53981 0.0590419 0.23067 -0.256152 -0.93871 -0.491602 0.801867 -0.339613 105.263 13.3365