-0.336708 -0.387473 1.45693 0.821053 0.570727 0.0119426 0.186102 -0.247833 -0.95076 -0.539665 0.782847 -0.309697 104.61 10.7254 33.3163 0.562033 0.771133 0.245363 -0.171087 0
-0.337751 -0.386678 1.4625 0.799846 0.600205 0.00087525 0.140714 -0.1861 -0.972402 -0.583477 0.777895 -0.233309 100.834 8.08916 36.1103 0.58746 0.744858 0.248678 -0.195541 1
-0.343433 -0.390095 1.47162 0.784859 0.619224 0.0236293 0.123798 -0.119321 -0.985107 -0.607183 0.776095 -0.170308 96.9063 7.11132 37.7263 0.611398 0.720154 0.257938 -0.202579 0
-0.351545 -0.38817 1.48814 0.767077 0.638074 0.0667412 0.129974 -0.0526872 -0.990117 -0.628251 0.76817 -0.123348 93.046 7.46808 39.3182 0.630682 0.696978 0.275492 -0.201409 1
-0.363911 -0.389251 1.49808 0.734827 0.67327 0.0820787 0.134486 -0.0260207 -0.990574 -0.664788 0.738939 -0.109666 91.5047 7.7289 42.1352 0.632286 0.683834 0.295304 -0.21303 0
-0.37839 -0.390262 1.50618 0.71739 0.692981 0.0716169 0.129502 -0.0316395 -0.991074 -0.684529 0.720262 -0.11244 91.8285 7.44079 43.6572 0.627158 0.682178 0.301418 -0.224616 0
-0.390204 -0.391649 1.50647 0.68455 0.717906 0.126499 0.224333 -0.0423571 -0.973592 -0.693589 0.69485 -0.190045 92.4911 12.9636 45.3758 0.602525 0.69227 0.340271 -0.204794 1
-0.402891 -0.388108 1.50714 0.666835 0.725166 0.171655 0.277381 -0.0277411 -0.96036 -0.691658 0.688015 -0.219646 91.6546 16.1039 46.0468 0.595703 0.691777 0.362308 -0.187923 0
-0.410963 -0.387659 1.50017 0.663481 0.727003 0.176804 0.309621 -0.0516645 -0.949455 -0.681123 0.684687 -0.259374 93.1147 18.0364 45.7517 0.581473 0.702588 0.368859 -0.179451 1
-0.416503 -0.386193 1.49011 0.634598 0.757894 0.151269 0.354496 -0.111529 -0.928382 -0.686744 0.642774 -0.339447 96.8503 20.7626 47.26 0.543972 0.722076 0.385136 -0.185394 0
-0.416678 -0.385451 1.4861 0.610184 0.78367 0.11635 0.372184 -0.153897 -0.915311 -0.699396 0.601812 -0.385574 99.5442 21.8504 48.8971 0.517376 0.733085 0.394174 -0.198833 1
-0.416633 -0.385278 1.48713 0.594701 0.79746 0.101922 0.376546 -0.164282 -0.911715 -0.710312 0.580576 -0.397979 100.215 22.1199 50.0626 0.508045 0.73433 0.399686 -0.207124 0
-0.416408 -0.384121 1.48698 0.585632 0.808565 0.0570811 0.344883 -0.184827 -0.920269 -0.733546 0.558625 -0.387101 101.356 20.1747 51.3976 0.503414 0.734432 0.392633 -0.230268 1
-0.416013 -0.382842 1.48403 0.585469 0.809997 0.0336316 0.332704 -0.202236 -0.921091 -0.739279 0.55046 -0.387892 102.383 19.433 51.6227 0.498834 0.737495 0.387359 -0.239204 0
-0.417284 -0.380403 1.47614 0.626329 0.778127 0.04722 0.325893 -0.206329 -0.922617 -0.708171 0.59325 -0.382816 102.606 19.0197 48.5094 0.509211 0.744223 0.370863 -0.222027 1
-0.423177 -0.379986 1.47461 0.657158 0.750915 0.0653432 0.299195 -0.180303 -0.937002 -0.691827 0.635309 -0.343158 100.892 17.4093 46.4722 0.532376 0.738346 0.355562 -0.212124 0
-0.429099 -0.384923 1.48844 0.573952 0.817258 -0.051662 0.221298 -0.215537 -0.951089 -0.78842 0.534446 -0.304566 102.769 12.7853 53.9463 0.513286 0.723542 0.358844 -0.290267 1
-0.432787 -0.386373 1.49466 0.579576 0.812169 -0.0668791 0.184514 -0.210722 -0.959974 -0.793754 0.544038 -0.271986 102.381 10.6328 53.8642 0.523657 0.718033 0.347019 -0.29965 1
-0.438055 -0.388953 1.50606 0.586348 0.808446 -0.0511001 0.171176 -0.185314 -0.967656 -0.791767 0.558636 -0.247045 100.841 9.85621 53.478 0.537119 0.710406 0.34474 -0.296615 0
-0.446108 -0.389832 1.51199 0.573009 0.818902 0.0325615 0.191806 -0.0953731 -0.976788 -0.796788 0.565954 -0.21172 95.5767 11.0582 54.2782 0.562565 0.685584 0.368557 -0.278677 0
-0.458335 -0.391988 1.52148 0.568445 0.820973 0.0536128 0.196128 -0.0719369 -0.977936 -0.799002 0.566418 -0.201908 94.2071 11.3106 54.5703 0.568902 0.678655 0.374675 -0.274583 0
-0.466177 -0.393926 1.52773 0.563639 0.823712 0.0617208 0.201441 -0.0646052 -0.977368 -0.801082 0.563316 -0.202343 93.7818 11.6212 54.8699 0.569362 0.676496 0.378847 -0.273232 0
-0.478415 -0.396164 1.54025 0.597473 0.799034 0.0676047 0.221261 -0.0832366 -0.971656 -0.770759 0.595496 -0.226527 94.8963 12.7831 52.2181 0.567386 0.690514 0.369397 -0.254577 0
-0.494238 -0.398856 1.55683 0.689059 0.722512 0.0563422 0.216268 -0.130805 -0.967532 -0.691684 0.678871 -0.246389 97.6994 12.4899 45.1089 0.572683 0.718723 0.326544 -0.220997 0
-0.505803 -0.401487 1.57252 0.638274 0.769806 -0.00220695 0.199658 -0.168311 -0.965302 -0.743467 0.615686 -0.261127 99.8907 11.517 49.3536 0.549735 0.718977 0.337099 -0.259283 1
-0.512703 -0.404559 1.58549 0.620737 0.783998 -0.00568235 0.197985 -0.163761 -0.966429 -0.758609 0.598773 -0.256872 99.6174 11.4191 50.708 0.547746 0.714383 0.343648 -0.267466 0
-0.50894 -0.40816 1.60322 0.625317 0.780367 0.00268624 0.190467 -0.149284 -0.970277 -0.75677 0.607242 -0.241984 98.7468 10.9801 50.4332 0.555439 0.710032 0.341827 -0.26551 1
-0.499593 -0.411138 1.61093 0.597828 0.799269 0.0614057 0.219661 -0.0896659 -0.971447 -0.770941 0.594247 -0.229173 95.2735 12.6891 52.2081 0.565462 0.692219 0.367994 -0.256254 0
-0.491947 -0.413833 1.62419 0.57382 0.81666 0.0616119 0.228273 -0.087238 -0.969681 -0.786525 0.570487 -0.23648 95.1408 13.1954 53.8869 0.55904 0.688756 0.379283 -0.263124 0
-0.484239 -0.417141 1.63506 0.549646 0.833541 0.0556723 0.228099 -0.0856337 -0.969865 -0.803654 0.545781 -0.237198 95.0458 13.1852 55.6305 0.553808 0.684193 0.387917 -0.273308 0
-0.476134 -0.419412 1.64528 0.535227 0.843034 0.0531595 0.220928 -0.0789661 -0.972088 -0.815305 0.532032 -0.228515 94.6441 12.7636 56.7161 0.554019 0.678732 0.391893 -0.280724 0
-0.475526 -0.422987 1.65852 0.579357 0.813143 0.0560746 0.205872 -0.0794216 -0.975351 -0.788646 0.57662 -0.213417 94.6553 11.8806 53.6982 0.567124 0.684141 0.37237 -0.267697 0
-0.482243 -0.424969 1.66766 0.619806 0.783051 0.0516941 0.195273 -0.0900925 -0.976602 -0.760072 0.615398 -0.208749 95.2707 11.2607 50.8042 0.574666 0.692576 0.353147 -0.255704 0
-0.495998 -0.428333 1.67727 0.640665 0.766767 0.0402057 0.186867 -0.104918 -0.976767 -0.744734 0.633293 -0.210501 96.1308 10.77 49.2959 0.575597 0.6993 0.340924 -0.251869 0
-0.510356 -0.429157 1.68912 0.695783 0.717759 0.0266011 0.152593 -0.111527 -0.981976 -0.701856 0.687301 -0.187124 96.4796 8.77722 45.2489 0.591002 0.706122 0.308145 -0.239071 0
-0.524367 -0.423515 1.69905 0.72752 0.686087 0.000122189 0.137113 -0.145219 -0.979853 -0.672246 0.712879 -0.199721 98.4301 7.88082 42.7387 0.587916 0.719802 0.285912 -0.233441 0
-0.540857 -0.414862 1.70863 0.757982 0.652181 0.0111078 0.149572 -0.157211 -0.976173 -0.634895 0.741583 -0.216711 99.1488 8.60214 39.9499 0.58823 0.730052 0.274553 -0.21361 0
-0.553654 -0.40422 1.70972 0.774894 0.629681 0.0551484 0.187552 -0.145729 -0.971384 -0.603625 0.763063 -0.231022 98.532 10.8099 37.9178 0.591216 0.733424 0.278567 -0.186958 0
-0.559088 -0.391912 1.71399 0.766004 0.638234 0.0767739 0.200244 -0.123415 -0.971942 -0.610852 0.759885 -0.222339 97.2366 11.5512 38.5707 0.595871 0.726595 0.288496 -0.183761 0
-0.563747 -0.376632 1.71903 0.755401 0.651531 0.0698323 0.196438 -0.123499 -0.972708 -0.625125 0.748502 -0.221277 97.2358 11.3288 39.6091 0.593849 0.724599 0.292565 -0.191586 1
-0.571343 -0.351055 1.72104 0.708361 0.693588 0.130997 0.273595 -0.0987193 -0.956766 -0.65067 0.713575 -0.259691 95.8909 15.8783 42.5692 0.580937 0.718813 0.336382 -0.18074 0
-0.572227 -0.332389 1.72736 0.687371 0.714677 0.129449 0.310692 -0.12823 -0.941821 -0.656499 0.6876 -0.310187 97.7532 18.101 43.684 0.558783 0.729004 0.351634 -0.180743 1
-0.568297 -0.311051 1.73665 0.693314 0.696519 0.184868 0.329698 -0.0784718 -0.940819 -0.640792 0.713234 -0.284047 94.7679 19.2505 42.7455 0.576801 0.716909 0.357862 -0.158989 1
-0.566249 -0.295113 1.74563 0.679599 0.711178 0.179922 0.341268 -0.0893884 -0.935706 -0.64937 0.697306 -0.30345 95.4569 19.9541 43.697 0.567177 0.719798 0.365535 -0.163049 1
-0.565014 -0.282653 1.75252 0.688419 0.715587 0.118385 0.297036 -0.129241 -0.946079 -0.661702 0.686463 -0.301527 97.7789 17.2797 43.8664 0.560725 0.727871 0.347803 -0.186611 0
-0.561198 -0.268995 1.75659 0.672719 0.738492 0.0456014 0.227476 -0.147782 -0.962505 -0.704063 0.657868 -0.267404 98.7289 13.1485 46.3042 0.560699 0.722479 0.334254 -0.227848 0
-0.560153 -0.258352 1.76227 0.674733 0.738025 0.00736435 0.199855 -0.173092 -0.964416 -0.710488 0.652195 -0.264289 100.175 11.5285 46.4786 0.556182 0.726656 0.32267 -0.241904 0
-0.561337 -0.247205 1.76637 0.658121 0.752908 0.00260982 0.17827 -0.152457 -0.972099 -0.731503 0.640224 -0.234556 98.9132 10.269 48.0228 0.563717 0.715041 0.325568 -0.254843 0
-0.562651 -0.242698 1.76722 0.647828 0.761557 0.0186883 0.140337 -0.0951949 -0.985517 -0.748748 0.641068 -0.168544 95.5173 8.06733 49.1332 0.588237 0.691297 0.32616 -0.264018 0
-0.571915 -0.240606 1.76241 0.662059 0.747825 0.049364 0.0967496 -0.0199664 -0.995108 -0.743181 0.663596 -0.0855707 91.1495 5.55203 48.3039 0.623803 0.664755 0.317626 -0.26093 1
-0.582591 -0.240033 1.7522 0.664034 0.744997 0.0635531 0.0923479 0.0026298 -0.995723 -0.741978 0.667063 -0.0670526 89.8487 5.2987 48.173 0.632379 0.657354 0.318453 -0.258013 1
-0.589908 -0.245893 1.74378 0.681589 0.725532 0.0950803 0.110441 0.0264492 -0.993531 -0.723353 0.68768 -0.0621012 88.4751 6.34075 46.7027 0.64147 0.655218 0.318968 -0.239719 0
-0.58847 -0.251902 1.74591 0.678714 0.727705 0.0989573 0.0873761 0.0537742 -0.994723 -0.729186 0.683779 -0.0270867 86.9056 5.01267 47.0531 0.652955 0.642656 0.317075 -0.245166 0
-0.5789 -0.253089 1.75059 0.691434 0.713861 0.111004 0.0895541 0.0677736 -0.993673 -0.716868 0.697 -0.0170683 86.0982 5.13796 46.0347 0.659951 0.640455 0.313611 -0.236498 1
-0.563962 -0.252018 1.75851 0.699174 0.706583 0.109065 0.0894825 0.0648651 -0.993874 -0.709329 0.704651 -0.0178748 86.2659 5.13383 45.4131 0.660713 0.642687 0.309663 -0.233498 1
-0.546838 -0.25519 1.76529 0.700555 0.704794 0.111747 0.0913148 0.066769 -0.993581 -0.707732 0.706262 -0.0175828 86.1555 5.23925 45.292 0.661389 0.642528 0.309757 -0.231891 0
-0.524869 -0.254953 1.77448 0.708361 0.69871 0.100143 0.0691561 0.0724934 -0.994968 -0.702454 0.711722 0.00303144 85.8328 3.96552 44.7601 0.667811 0.638912 0.300458 -0.235678 1
-0.499057 -0.257999 1.78535 0.715634 0.690717 0.103818 0.0451316 0.102597 -0.993699 -0.697016 0.71581 0.042249 84.1052 2.58673 44.2449 0.681997 0.626655 0.293562 -0.236652 0
-0.472014 -0.255844 1.7917 0.730746 0.675674 0.0973359 0.0175208 0.123975 -0.992131 -0.682424 0.726701 0.0787558 82.8773 1.00392 43.0416 0.695248 0.618065 0.280389 -0.236661 0
-0.455345 -0.25386 1.7912 0.742879 0.664309 0.0826135 -0.0033052 0.127048 -0.991891 -0.669418 0.736582 0.0965768 82.7009 -0.189374 42.0224 0.70116 0.61629 0.268138 -0.238039 0
-0.451416 -0.246596 1.79451 0.752752 0.658303 -0.000705759 -0.0293032 0.0324363 -0.999044 -0.657651 0.752053 0.0437069 88.1404 -1.67919 41.1425 0.676183 0.64742 0.242887 -0.254223 0
-0.450207 -0.235935 1.79763 0.729186 0.681793 -0.058703 -0.0312023 -0.0525686 -0.99813 -0.683603 0.729654 -0.0170589 93.0148 -1.78805 43.152 0.644119 0.670599 0.242541 -0.276732 0
-0.45193 -0.222559 1.79748 0.701488 0.705123 -0.103521 -0.0176759 -0.127997 -0.991617 -0.712462 0.697437 -0.0773249 97.355 -1.0128 45.4447 0.611589 0.690436 0.248918 -0.295459 1
-0.447264 -0.217148 1.79987 0.702221 0.6865 -0.188691 -0.0564003 -0.210558 -0.975953 -0.709722 0.695977 -0.109139 102.175 -3.23321 45.3044 0.587904 0.710971 0.221563 -0.315911 0
-0.4302 -0.206173 1.80341 0.678412 0.719211 -0.149974 -0.0266047 -0.179952 -0.983316 -0.7342 0.671083 -0.102947 100.371 -1.52452 47.2616 0.590659 0.700234 0.247277 -0.315671 0
-0.412007 -0.202758 1.81145 0.627729 0.761554 -0.161222 -0.00957253 -0.199544 -0.979842 -0.778373 0.616618 -0.117969 101.511 -0.548474 51.1151 0.572323 0.69736 0.269582 -0.33684 1
-0.389894 -0.199243 1.82101 0.591137 0.798641 -0.112825 0.0341864 -0.164566 -0.985774 -0.805846 0.57887 -0.124584 99.4776 1.95912 53.7377 0.570523 0.685618 0.303678 -0.33498 0
-0.366132 -0.199485 1.82722 0.583721 0.808754 -0.0720187 0.0563076 -0.128805 -0.99007 -0.81 0.573869 -0.120725 97.4124 3.22789 54.2219 0.577536 0.676988 0.319452 -0.325714 1
-0.343439 -0.203339 1.82344 0.595976 0.802492 -0.0286372 0.0848663 -0.0984093 -0.991521 -0.798505 0.588492 -0.126754 95.6681 4.86834 53.2637 0.585409 0.674748 0.328774 -0.306463 1
-0.332678 -0.210819 1.822 0.562602 0.826708 0.00584643 0.109335 -0.0673925 -0.991718 -0.819467 0.558581 -0.128303 93.8876 6.27697 55.5286 0.584574 0.663004 0.352955 -0.306793 1
-0.320571 -0.219887 1.82124 0.535007 0.8445 0.0242306 0.121399 -0.0484623 -0.99142 -0.83608 0.533359 -0.128449 92.7985 6.97283 57.3848 0.582687 0.654202 0.369114 -0.310244 0
-0.307796 -0.22302 1.82287 0.534474 0.845046 0.0153379 0.128496 -0.0633077 -0.989687 -0.83536 0.530933 -0.142421 93.6601 7.38268 57.3884 0.576356 0.659584 0.368998 -0.310811 0
-0.296456 -0.222765 1.82954 0.519493 0.854337 0.0153092 0.133311 -0.0633388 -0.989048 -0.844011 0.515845 -0.146797 93.6642 7.66098 58.3875 0.572136 0.657577 0.375488 -0.315059 0
-0.284716 -0.220921 1.83621 0.521575 0.853122 0.0119525 0.133091 -0.0675148 -0.988802 -0.842761 0.517325 -0.148757 93.9061 7.64825 58.2471 0.571249 0.659137 0.374054 -0.315112 0
-0.27455 -0.207885 1.84815 0.506134 0.862441 0.00489645 0.125382 -0.0679627 -0.989778 -0.853292 0.501574 -0.142533 93.928 7.20283 59.3255 0.569131 0.655101 0.376974 -0.323765 0
-0.263313 -0.192529 1.85138 0.497688 0.867349 0.00357952 0.117447 -0.0633012 -0.99106 -0.859368 0.493659 -0.133371 93.6546 6.74476 59.9235 0.57031 0.650838 0.37828 -0.328726 0
-0.249321 -0.177769 1.85207 0.497028 0.867711 0.00640042 0.114908 -0.0585052 -0.991652 -0.860093 0.493614 -0.128786 93.3764 6.59834 59.9774 0.572219 0.648907 0.378567 -0.328896 0
-0.236353 -0.174878 1.85122 0.493567 0.869589 0.0143805 0.103974 -0.0425818 -0.993668 -0.86347 0.491937 -0.111432 92.4538 5.96805 60.2473 0.578695 0.641791 0.379237 -0.33075 0
-0.223784 -0.158545 1.85528 0.473111 0.880996 0.00347359 0.0842406 -0.0413133 -0.995589 -0.876966 0.471316 -0.0937614 92.3762 4.83236 61.6538 0.578367 0.634071 0.380571 -0.344399 0
-0.21117 -0.150109 1.85565 0.453317 0.891287 0.0105264 0.0743514 -0.0260422 -0.996892 -0.888243 0.452691 -0.0780738 91.4964 4.26395 62.9624 0.580776 0.623986 0.386883 -0.351657 0
-0.200196 -0.15459 1.86512 0.429342 0.903026 0.0144654 0.0823717 -0.0232034 -0.996332 -0.899378 0.428959 -0.084346 91.3341 4.72491 64.4813 0.574846 0.619857 0.397429 -0.356902 0
-0.187316 -0.144297 1.8693 0.433775 0.900966 0.0100091 0.0776662 -0.0263209 -0.996632 -0.897668 0.433091 -0.0813919 91.5128 4.45443 64.2091 0.575774 0.620783 0.394112 -0.357475 0
-0.174952 -0.138078 1.87536 0.427821 0.9038 0.0106641 0.0918332 -0.0317266 -0.995269 -0.899186 0.426776 -0.0965722 91.8258 5.26908 64.5555 0.569983 0.623723 0.399069 -0.356137 0
-0.163144 -0.138105 1.88492 0.382539 0.923909 0.00751249 0.0900772 -0.0292013 -0.995507 -0.919538 0.381497 -0.0943938 91.6802 5.16805 67.4121 0.561013 0.613623 0.413114 -0.371574 1
-0.150767 -0.135491 1.89182 0.381823 0.9242 0.00811383 0.0900718 -0.0284721 -0.995528 -0.919836 0.380846 -0.0941157 91.6382 5.16774 67.4567 0.561078 0.613272 0.413467 -0.371663 0
-0.139433 -0.152786 1.90788 0.229776 0.973157 0.0129499 0.113676 -0.0136207 -0.993425 -0.966582 0.229737 -0.113754 90.7855 6.52724 76.6278 0.524977 0.582484 0.466465 -0.409295 1
-0.127916 -0.147277 1.93698 0.0292344 0.999572 -0.00115248 0.0962697 -0.0039632 -0.995347 -0.994926 0.0289874 -0.0963444 90.2281 5.5244 88.3169 0.481904 0.5314 0.515545 -0.468611 0
-0.123553 -0.149888 1.96227 -0.162773 0.986534 0.0159601 0.0589953 0.0258782 -0.997923 -0.984898 -0.161493 -0.0624132 88.5145 3.38215 99.3844 0.447407 0.467376 0.559255 -0.518286 1
-0.115916 -0.150143 1.9652 -0.190152 0.981751 -0.00253747 0.0627007 0.00956486 -0.997987 -0.97975 -0.189928 -0.0633753 89.4509 3.59485 100.984 0.434752 0.464666 0.561937 -0.528491 0
-0.106385 -0.150406 1.96458 -0.20608 0.978519 -0.00568364 0.0738882 0.00976893 -0.997219 -0.975741 -0.205927 -0.0743141 89.4387 4.23734 101.926 0.427017 0.463267 0.567927 -0.529622 1
-0.0968574 -0.150998 1.97124 -0.242291 0.970198 -0.00322083 0.0744078 0.015272 -0.997111 -0.967346 -0.241831 -0.0758905 89.1225 4.26719 104.062 0.41746 0.452307 0.577376 -0.536453 1
-0.0778952 -0.15217 1.98156 -0.215373 0.976528 0.00258697 0.0802595 0.0203413 -0.996566 -0.973228 -0.214426 -0.0827567 88.8307 4.60348 102.478 0.424915 0.460174 0.574124 -0.527322 1
-0.0686349 -0.152047 1.9848 -0.223735 0.974638 0.00475233 0.0725458 0.0215154 -0.997133 -0.971946 -0.222749 -0.0755197 88.7639 4.16022 102.963 0.42493 0.455596 0.574624 -0.530731 0
-0.0511367 -0.152368 1.98817 -0.220955 0.975284 -0.000737622 0.071468 0.0154371 -0.997323 -0.972662 -0.220416 -0.0731125 89.1132 4.09831 102.798 0.424667 0.457362 0.572168 -0.532073 0
-0.0350418 -0.152697 1.99052 -0.225059 0.974343 -0.00187323 0.0753878 0.0154966 -0.997034 -0.971424 -0.224532 -0.0769413 89.1095 4.32351 103.044 0.422344 0.457271 0.573911 -0.532123 0
-0.0227068 -0.153058 1.99327 -0.204754 0.978814 8.86868e-05 0.0828417 0.0174196 -0.99641 -0.975302 -0.204011 -0.0846533 88.9984 4.75193 101.856 0.426618 0.464349 0.571583 -0.525043 1
-0.0184179 -0.153474 1.99856 -0.211621 0.977349 -0.00242193 0.0879756 0.0165809 -0.995985 -0.973384 -0.210985 -0.0894917 89.0462 5.04715 102.266 0.422927 0.464028 0.573954 -0.525725 1
-0.0131021 -0.15325 1.99513 -0.192138 0.981353 0.00542686 0.0835954 0.0218764 -0.99626 -0.977801 -0.190966 -0.0862399 88.7421 4.79526 101.117 0.431132 0.466965 0.570144 -0.520582 0
0.00616326 -0.153128 1.98559 -0.211843 0.977256 0.00967599 0.0938547 0.0301982 -0.995128 -0.972787 -0.209903 -0.0981173 88.2618 5.3854 102.285 0.424334 0.462622 0.578826 -0.520463 0
-0.0191952 -0.154006 2.01016 -0.180886 0.983385 0.0152961 0.0754354 0.0293793 -0.996718 -0.980607 -0.179139 -0.0794964 88.3116 4.32624 100.451 0.438462 0.466163 0.567838 -0.51769 0
-0.0195665 -0.154414 2.0132 -0.196773 0.980413 0.00841063 0.075871 0.0237791 -0.996834 -0.977509 -0.195512 -0.079064 88.6335 4.35127 101.382 0.432418 0.46328 0.570004 -0.522955 0
-0.0201647 -0.154363 2.0153 -0.225976 0.974128 0.00292519 0.0731002 0.0199519 -0.997125 -0.971386 -0.225113 -0.0757176 88.8537 4.19207 103.096 0.423751 0.455464 0.574814 -0.531579 1
-0.0139698 -0.154573 2.02427 -0.395728 0.918362 0.00336063 0.0770791 0.0368598 -0.996343 -0.915128 -0.394021 -0.085373 87.8813 4.42069 113.385 0.372746 0.403976 0.616028 -0.564246 1
-0.0138557 -0.156446 2.03007 -0.401796 0.915729 -4.30125e-05 0.0772521 0.0338492 -0.996437 -0.912465 -0.400368 -0.0843424 88.0544 4.43063 113.766 0.370037 0.402709 0.616439 -0.566481 0
-0.0138918 -0.156572 2.03669 -0.394832 0.918751 -0.00189358 0.0808304 0.0326836 -0.996192 -0.915191 -0.393481 -0.0871676 88.1209 4.6363 113.336 0.37104 0.406095 0.615362 -0.564575 1
-0.0140781 -0.157368 2.04259 -0.382613 0.923908 0.0010782 0.083591 0.0357793 -0.995858 -0.920119 -0.380938 -0.09092 87.9424 4.795 112.579 0.374915 0.410039 0.61427 -0.560338 1
-0.015508 -0.157265 2.04827 -0.376519 0.9264 0.00414275 0.0708394 0.0332496 -0.996933 -0.923696 -0.375071 -0.0781447 88.0898 4.0622 112.177 0.380324 0.408771 0.6099 -0.562389 1
-0.0141781 -0.157466 2.05646 -0.392666 0.919675 -0.00336235 0.0459714 0.0159763 -0.998815 -0.918532 -0.392355 -0.0485521 89.0836 2.6349 113.146 0.379064 0.399972 0.603572 -0.576224 1
-0.014132 -0.157597 2.0622 -0.413528 0.910478 -0.00492714 0.0501232 0.0173613 -0.998592 -0.909111 -0.413193 -0.0528154 89.004 2.87305 114.459 0.371153 0.394312 0.609037 -0.579515 1
-0.0142571 -0.157619 2.06649 -0.431946 0.901899 -0.00112156 0.0480366 0.0217643 -0.998608 -0.90062 -0.431398 -0.0527251 88.7515 2.75335 115.623 0.366433 0.38698 0.613685 -0.58255 1
-0.0136256 -0.144152 2.07071 -0.325852 0.945287 -0.0158966 0.0379632 -0.00371807 -0.999272 -0.944658 -0.326218 -0.0346745 90.2132 2.17565 109.031 0.398671 0.422061 0.582411 -0.568967 1
-0.0100762 -0.134118 2.078 -0.325573 0.945245 -0.0226755 0.0492494 -0.00699627 -0.998762 -0.944233 -0.326287 -0.0442749 90.4013 2.82292 109.024 0.394701 0.42594 0.583706 -0.567515 1
-0.00491292 -0.129495 2.08333 -0.336869 0.941549 -0.00198363 0.0561285 0.0179786 -0.998262 -0.939877 -0.336395 -0.0589042 88.9682 3.21762 109.719 0.3944 0.41954 0.594507 -0.561246 1
-0.00129603 -0.130684 2.08836 -0.338638 0.940551 0.0262477 0.0564294 0.0481468 -0.997245 -0.939223 -0.336224 -0.069379 87.2359 3.23488 109.827 0.400041 0.413096 0.603358 -0.55252 1
-0.00328901 -0.132643 2.09264 -0.329478 0.943104 0.0447139 0.0473635 0.0638082 -0.996838 -0.942974 -0.326319 -0.0656921 86.3375 2.71475 109.26 0.408851 0.410002 0.603941 -0.547718 1
-0.00135939 -0.132677 2.09484 -0.289093 0.956694 0.0340913 0.0625214 0.0544046 -0.99656 -0.955257 -0.285967 -0.0755419 86.8752 3.58455 106.838 0.415262 0.427798 0.595617 -0.538318 1
-0.00172167 -0.134639 2.10767 -0.299869 0.952806 0.0473238 0.0604518 0.0684856 -0.995819 -0.952063 -0.295754 -0.0781356 86.0658 3.46575 107.483 0.415476 0.421243 0.601351 -0.536947 1
-0.00210245 -0.134314 2.11442 -0.293286 0.954293 0.0575222 0.0618448 0.0789802 -0.994956 -0.954022 -0.288249 -0.0821818 85.4613 3.54571 107.088 0.419378 0.421283 0.603002 -0.532006 1
-0.00242394 -0.134876 2.11689 -0.292805 0.95357 0.0704938 0.0601015 0.0919338 -0.99395 -0.954282 -0.286796 -0.0842297 84.7156 3.44564 107.058 0.422759 0.418178 0.606005 -0.528356 1
-0.00277998 -0.135023 2.12033 -0.293503 0.952706 0.0787926 0.0522019 0.0982724 -0.993789 -0.954532 -0.287567 -0.0785762 84.3526 2.99231 107.092 0.426085 0.414367 0.60629 -0.528359 1
-0.00315184 -0.1357 2.12831 -0.253126 0.963396 0.0882902 0.0593634 0.106558 -0.992533 -0.96561 -0.245994 -0.084163 83.8722 3.40328 104.689 0.43854 0.425582 0.600801 -0.515365 1
-0.00344331 -0.135917 2.13641 -0.229774 0.968591 0.0950571 0.0531025 0.110002 -0.992512 -0.971794 -0.223006 -0.0767102 83.6756 3.04398 103.303 0.448196 0.429224 0.595081 -0.510652 1
-0.0032407 -0.137028 2.14143 -0.200041 0.97553 0.0912422 0.0520988 0.103583 -0.993255 -0.978401 -0.193938 -0.0715448 84.0463 2.98639 101.555 0.45607 0.438155 0.586338 -0.50619 1
-0.00306054 -0.137542 2.14767 -0.254239 0.962761 0.0919481 0.0495585 0.107916 -0.992924 -0.965871 -0.247884 -0.0751495 83.7972 2.84066 104.747 0.441171 0.422195 0.599438 -0.517488 1
-0.00305152 -0.137354 2.14559 -0.257084 0.961851 0.093541 0.0574687 0.111839 -0.992063 -0.964679 -0.249668 -0.0840285 83.568 3.29453 104.922 0.438955 0.422819 0.602692 -0.515077 1
-0.00276827 -0.13679 2.13921 -0.282534 0.955119 0.0890081 0.0654833 0.111776 -0.991574 -0.95702 -0.274325 -0.0941249 83.5684 3.75461 106.448 0.428695 0.418275 0.610007 -0.518805 1
-0.00317652 -0.136693 2.14114 -0.262497 0.960335 0.0940825 0.0640479 0.114627 -0.991342 -0.962805 -0.254198 -0.0915966 83.4043 3.67219 105.25 0.436043 0.422632 0.605954 -0.513876 1
-0.00323213 -0.138033 2.13525 -0.246913 0.963549 0.102989 0.0598889 0.12125 -0.990814 -0.967185 -0.238476 -0.0876441 83.0232 3.43344 104.321 0.443479 0.424111 0.603284 -0.509416 1
-0.00375271 -0.138449 2.15263 -0.151562 0.981881 0.113748 0.0562554 0.12346 -0.990754 -0.986846 -0.143762 -0.0739479 82.8969 3.2249 98.7314 0.473801 0.446913 0.580726 -0.488404 1
-0.00255377 -0.136176 2.15716 -0.25066 0.962826 0.100679 0.0447631 0.115415 -0.992308 -0.96704 -0.244226 -0.0720291 83.3657 2.56559 104.531 0.445176 0.420105 0.599605 -0.515562 1
-0.00361384 -0.138226 2.16365 -0.220723 0.969861 0.103209 0.0682902 0.120926 -0.99031 -0.972943 -0.211536 -0.0929232 83.0381 3.91579 102.782 0.449244 0.43338 0.598868 -0.501715 1
-0.00509289 -0.138677 2.16481 -0.24442 0.963645 0.107922 0.05671 0.125313 -0.990495 -0.96801 -0.235977 -0.0852773 82.7895 3.25099 104.171 0.445986 0.422949 0.603119 -0.508387 1
-0.00391641 -0.138931 2.16337 -0.242906 0.963727 0.110578 0.052936 0.126992 -0.99049 -0.968604 -0.234743 -0.0818629 82.6939 3.03443 104.078 0.447834 0.42189 0.602445 -0.508442 1
-0.00365268 -0.13779 2.15853 -0.242815 0.964548 0.103381 0.0564978 0.120451 -0.99111 -0.968426 -0.234815 -0.0837421 83.0708 3.23881 104.076 0.445504 0.424404 0.601458 -0.509564 1
-0.00475983 -0.137329 2.15329 -0.283515 0.952338 0.112567 0.0518994 0.13245 -0.98983 -0.957562 -0.274789 -0.0869772 82.3785 2.97495 106.493 0.436451 0.409577 0.612973 -0.515773 1
-0.00393075 -0.138337 2.1572 -0.345266 0.932132 0.109184 0.044034 0.132299 -0.990231 -0.937471 -0.337085 -0.086724 82.3901 2.52378 110.218 0.418423 0.390243 0.625358 -0.530623 1
-0.00543364 -0.137645 2.15691 -0.377214 0.920683 0.100256 0.0346734 0.122217 -0.991898 -0.925477 -0.370682 -0.0780252 82.9757 1.98704 112.175 0.408343 0.380327 0.627984 -0.542442 1
-0.00705323 -0.136895 2.14819 -0.369781 0.925685 0.0798043 0.0472525 0.104518 -0.9934 -0.927917 -0.363569 -0.0823896 83.9939 2.70837 111.728 0.40384 0.389901 0.623837 -0.5438