-0.3379 -0.386436 1.4615 0.81575 0.57814 0.0174941 0.205339 -0.261191 -0.943194 -0.540729 0.773003 -0.331781 105.479 11.8493 33.5388 0.552897 0.776003 0.252408 -0.168567 0
-0.340552 -0.378563 1.46904 0.818537 0.57391 0.0250037 0.206898 -0.253924 -0.944836 -0.535902 0.778556 -0.326587 105.043 11.9406 33.2131 0.556333 0.774443 0.252055 -0.164924 0
-0.347485 -0.369114 1.47257 0.824935 0.563981 0.037514 0.210288 -0.244628 -0.946539 -0.524653 0.788722 -0.3204 104.491 12.1392 32.4561 0.561228 0.772975 0.250418 -0.157553 0
-0.346355 -0.358372 1.47302 0.834216 0.551019 -0.0214837 0.173193 -0.298797 -0.938469 -0.523533 0.779166 -0.344694 107.661 9.97353 32.1114 0.545602 0.787037 0.230044 -0.173123 0
-0.349737 -0.342205 1.48018 0.863942 0.501839 0.0419862 0.185501 -0.239619 -0.952981 -0.468182 0.831108 -0.300109 104.114 10.6904 28.4539 0.575372 0.775189 0.221669 -0.137449 0
-0.346585 -0.323841 1.48592 0.853874 0.512072 0.0931774 0.213873 -0.181992 -0.959759 -0.474508 0.839441 -0.264917 100.737 12.3494 29.0615 0.593078 0.758416 0.239296 -0.1257 0
-0.348015 -0.319484 1.47994 0.851281 0.519272 0.0753481 0.182303 -0.158047 -0.970457 -0.492022 0.839868 -0.229207 99.2499 10.5039 30.027 0.604985 0.748087 0.234456 -0.139247 0
-0.347476 -0.317669 1.48021 0.848918 0.521763 0.0842686 0.15472 -0.0928759 -0.983583 -0.505371 0.84802 -0.159571 95.3942 8.90054 30.7658 0.631758 0.724804 0.233333 -0.145247 0
-0.346675 -0.319319 1.48023 0.850508 0.519817 0.0801652 0.13059 -0.0610606 -0.989554 -0.509492 0.852093 -0.119816 93.531 7.50371 30.9235 0.646071 0.712633 0.228171 -0.150613 0
-0.347026 -0.318738 1.4791 0.851077 0.519366 0.0769831 0.125902 -0.0595328 -0.990255 -0.509722 0.852476 -0.116056 93.4404 7.23284 30.918 0.647203 0.711805 0.226631 -0.151986 0
-0.346059 -0.319258 1.47926 0.857592 0.510075 0.0660255 0.124512 -0.0813387 -0.988879 -0.499032 0.856275 -0.133266 94.7022 7.15255 30.1951 0.640895 0.719756 0.220417 -0.1504 0
-0.347426 -0.319973 1.47943 0.842891 0.527583 0.105787 0.170825 -0.0759407 -0.982371 -0.510248 0.846103 -0.154134 94.4204 9.83579 31.1888 0.634984 0.71989 0.24254 -0.140459 0
-0.347422 -0.319124 1.47897 0.848944 0.515479 0.116513 0.193558 -0.0981277 -0.976169 -0.491762 0.851265 -0.18308 95.7403 11.1605 30.0821 0.626046 0.729752 0.242903 -0.128553 0
-0.347118 -0.318204 1.47963 0.858919 0.50021 0.10976 0.182134 -0.0980631 -0.978372 -0.478628 0.860333 -0.175333 95.7237 10.4941 29.1285 0.629588 0.730123 0.23364 -0.126304 0
-0.347596 -0.318884 1.47778 0.871579 0.470447 0.137947 0.196348 -0.0771384 -0.977495 -0.449219 0.87905 -0.159603 94.5121 11.3235 27.2669 0.639304 0.726003 0.229612 -0.107187 0
-0.347749 -0.318938 1.47777 0.88285 0.446871 0.144505 0.195899 -0.0707443 -0.978069 -0.426848 0.891797 -0.149998 94.137 11.2973 25.8032 0.644614 0.725188 0.221587 -0.0973342 0
-0.347762 -0.318989 1.47782 0.894367 0.431639 0.117451 0.167443 -0.0795565 -0.982667 -0.414814 0.898531 -0.143428 94.6286 9.63916 24.8822 0.64641 0.727556 0.205854 -0.102179 0
-0.347882 -0.318668 1.47708 0.899522 0.422765 0.110134 0.156154 -0.0756936 -0.984828 -0.408014 0.903073 -0.134104 94.3951 8.98372 24.3985 0.649947 0.726175 0.199304 -0.102551 0
-0.347461 -0.31863 1.47835 0.888729 0.442662 0.119212 0.167352 -0.0711749 -0.983325 -0.426795 0.89386 -0.137336 94.14 9.6339 25.6518 0.648116 0.724092 0.210613 -0.106196 0
-0.346951 -0.319342 1.4789 0.848477 0.516138 0.117 0.187052 -0.0856599 -0.978608 -0.495075 0.852211 -0.169225 95.0025 10.7808 30.263 0.631188 0.725149 0.242429 -0.130344 0
-0.345882 -0.320121 1.48082 0.834418 0.537321 0.122607 0.218163 -0.117731 -0.968785 -0.506113 0.83512 -0.215461 96.9289 12.6012 31.2388 0.612623 0.73614 0.256569 -0.130242 0
-0.34577 -0.320836 1.48155 0.826459 0.550396 0.118445 0.224897 -0.129883 -0.965687 -0.516127 0.824739 -0.231125 97.6602 12.9968 31.9849 0.605279 0.739504 0.262099 -0.134442 0
-0.348144 -0.321045 1.47843 0.810292 0.573474 0.120647 0.232824 -0.126098 -0.964309 -0.537792 0.809461 -0.235695 97.45 13.4634 33.5723 0.601768 0.7369 0.273544 -0.14152 0
-0.348397 -0.319923 1.47778 0.818695 0.562667 0.114649 0.221024 -0.124501 -0.967289 -0.529987 0.817255 -0.226291 97.3343 12.7692 32.9172 0.605785 0.736459 0.266033 -0.140992 0
-0.34863 -0.320141 1.47696 0.795696 0.59174 0.12927 0.225126 -0.0907977 -0.97009 -0.562304 0.800999 -0.205464 95.3471 13.0103 35.2481 0.612257 0.72318 0.282387 -0.149698 0
-0.348932 -0.320319 1.47705 0.78605 0.600051 0.148542 0.232546 -0.0643937 -0.970451 -0.572755 0.797366 -0.190156 93.7963 13.447 36.0789 0.618769 0.714248 0.291424 -0.148482 0
-0.348777 -0.32031 1.47673 0.769104 0.620488 0.153214 0.24419 -0.063745 -0.96763 -0.590636 0.781621 -0.200544 93.7691 14.134 37.5226 0.613355 0.712985 0.303189 -0.153377 0
-0.348132 -0.320175 1.47709 0.76297 0.630149 0.144181 0.23552 -0.0632653 -0.969808 -0.602002 0.773892 -0.196682 93.7324 13.6222 38.2743 0.612989 0.711147 0.304322 -0.160945 0
-0.348805 -0.31991 1.47697 0.748873 0.648096 0.138424 0.227963 -0.0557898 -0.97207 -0.622272 0.759512 -0.189521 93.2848 13.1772 39.7247 0.613099 0.706078 0.310185 -0.171315 0
-0.348767 -0.319354 1.4771 0.743568 0.654365 0.137522 0.215409 -0.0397155 -0.975716 -0.633013 0.755135 -0.170487 92.3309 12.4395 40.4084 0.619146 0.698887 0.311128 -0.177243 0
-0.348522 -0.319067 1.47692 0.730082 0.667115 0.148117 0.217255 -0.0210892 -0.975887 -0.647905 0.744656 -0.160331 91.238 12.5479 41.5872 0.622226 0.691285 0.319828 -0.180746 0
-0.346492 -0.318266 1.4743 0.732968 0.667778 0.129732 0.212044 -0.0430723 -0.97631 -0.646371 0.743113 -0.173169 92.5261 12.2422 41.4076 0.615777 0.69807 0.315091 -0.185024 0
-0.347206 -0.317651 1.47173 0.714096 0.689074 0.123465 0.204061 -0.0361867 -0.978289 -0.669646 0.723787 -0.166454 92.1184 11.7746 43.1601 0.614706 0.692231 0.322557 -0.197254 0
-0.346893 -0.317317 1.47189 0.69398 0.71078 0.11482 0.191859 -0.0288535 -0.980998 -0.693961 0.702823 -0.156393 91.6847 11.0613 44.9992 0.614153 0.685425 0.329226 -0.211234 0
-0.346965 -0.317794 1.47299 0.720793 0.68638 0.0966444 0.190316 -0.0619037 -0.979769 -0.666511 0.724604 -0.175249 93.6152 10.9712 42.7593 0.609024 0.699633 0.31327 -0.203631 0
-0.347296 -0.317249 1.47212 0.704439 0.701335 0.109065 0.198871 -0.047526 -0.978873 -0.681334 0.711246 -0.172955 92.7796 11.471 44.0448 0.609089 0.693707 0.324419 -0.206236 0
-0.346785 -0.317589 1.47288 0.714516 0.691708 0.104916 0.202416 -0.0608397 -0.977408 -0.669697 0.71961 -0.183483 93.5618 11.6783 43.1455 0.606258 0.699793 0.319424 -0.201767 0
-0.34785 -0.318072 1.47141 0.688979 0.71773 0.100853 0.18481 -0.0394218 -0.981983 -0.700823 0.695205 -0.159804 92.2989 10.6501 45.4883 0.610277 0.68706 0.328407 -0.218311 0
-0.347417 -0.317257 1.47111 0.686094 0.719756 0.105953 0.178421 -0.0252797 -0.983629 -0.705295 0.693767 -0.145764 91.4722 10.2778 45.7906 0.615437 0.681384 0.329541 -0.219899 0
-0.347028 -0.317895 1.47096 0.705059 0.702411 0.0975203 0.189415 -0.0540124 -0.98041 -0.683384 0.709719 -0.171129 93.1533 10.9187 44.1056 0.608259 0.694658 0.320959 -0.210846 0
-0.346867 -0.316702 1.47116 0.679325 0.726174 0.105778 0.191865 -0.0366287 -0.980737 -0.708311 0.686535 -0.16421 92.1389 11.0617 46.1967 0.607965 0.685595 0.33476 -0.219712 0
-0.347466 -0.317187 1.47165 0.626517 0.768539 0.129707 0.209341 -0.00562671 -0.977826 -0.750768 0.639778 -0.164412 90.3297 12.0837 50.155 0.603423 0.670178 0.364784 -0.231677 0
-0.346156 -0.317273 1.47225 0.581188 0.803888 0.126434 0.205914 0.0050351 -0.978557 -0.787287 0.59476 -0.162606 89.7052 11.883 53.5647 0.596577 0.65931 0.382901 -0.250585 0
-0.34482 -0.317842 1.47355 0.556792 0.825652 0.0910051 0.228246 -0.0467325 -0.972481 -0.798678 0.562241 -0.214472 92.7512 13.1938 55.118 0.569119 0.674166 0.390816 -0.262425 0
-0.347794 -0.318338 1.47104 0.543504 0.830468 0.122172 0.207088 0.00838818 -0.978286 -0.81346 0.557003 -0.167421 89.5087 11.9518 56.2516 0.588318 0.652407 0.397588 -0.264899 0
-0.346131 -0.319589 1.47281 0.495831 0.858031 0.133919 0.230027 0.0189379 -0.973 -0.8374 0.513249 -0.18798 88.885 13.2986 59.3699 0.575932 0.64515 0.42163 -0.272604 0
-0.346303 -0.318961 1.47281 0.510532 0.849759 0.131398 0.24294 0.0040389 -0.970033 -0.824825 0.527155 -0.204378 89.7614 14.0601 58.2442 0.572318 