-0.336069 -0.386919 1.45636 0.833183 0.550689 0.0504759 0.204005 -0.221245 -0.953642 -0.513993 0.804855 -0.29668 103.062 11.7712 31.6706 0.573423 0.766666 0.246096 -0.151147 0
-0.336308 -0.386625 1.45944 0.846183 0.530894 0.0461175 0.179385 -0.202286 -0.962757 -0.501793 0.822941 -0.266405 101.866 10.3339 30.6683 0.586833 0.760736 0.233418 -0.149748 0
-0.337502 -0.387686 1.46377 0.863775 0.502484 0.037454 0.158419 -0.200258 -0.966851 -0.478326 0.841075 -0.252581 101.702 9.11516 28.976 0.593914 0.761021 0.217111 -0.144829 0
-0.338403 -0.388405 1.46748 0.877405 0.478834 0.0296393 0.142557 -0.201231 -0.969115 -0.458081 0.854531 -0.244822 101.73 8.19583 27.5684 0.598196 0.762145 0.20383 -0.140538 0
-0.339434 -0.389787 1.47219 0.893674 0.448078 0.0239417 0.129998 -0.207469 -0.969565 -0.429474 0.869587 -0.243659 102.078 7.46946 25.6676 0.60053 0.765637 0.188757 -0.132417 0
-0.33461 -0.392896 1.48411 0.918181 0.395363 0.0251304 0.117315 -0.210763 -0.970472 -0.378392 0.894018 -0.2399 102.253 6.73715 22.3971 0.605706 0.769552 0.16655 -0.114762 0
-0.323491 -0.39347 1.4836 0.918357 0.394119 0.035918 0.138964 -0.23616 -0.961726 -0.370552 0.8882 -0.271647 103.796 7.98788 21.9738 0.593833 0.778807 0.171122 -0.107419 0
-0.314011 -0.394778 1.49294 0.931597 0.362944 0.0199447 0.113267 -0.237719 -0.964707 -0.345394 0.900978 -0.262568 103.843 6.5037 20.3425 0.598187 0.779725 0.152686 -0.104347 0
-0.312821 -0.376054 1.49116 0.899699 0.435313 0.0323143 0.158194 -0.256165 -0.953601 -0.406837 0.863066 -0.299335 105.036 9.10208 24.3321 0.579698 0.783454 0.189388 -0.11951 0
-0.31412 -0.367424 1.49744 0.888536 0.457543 0.0340293 0.164714 -0.248885 -0.954424 -0.428221 0.853645 -0.296507 104.616 9.48061 25.7313 0.57947 0.780053 0.199428 -0.126335 0
-0.315694 -0.363314 1.50297 0.881871 0.470421 0.0317417 0.154623 -0.22495 -0.962023 -0.445416 0.853289 -0.271115 103.161 8.89494 26.7974 0.588601 0.771028 0.202666 -0.134131 0
-0.316141 -0.36779 1.50561 0.884153 0.465634 0.0381746 0.150699 -0.206896 -0.966687 -0.442225 0.860453 -0.253099 102.081 8.66743 26.5727 0.596691 0.765531 0.201277 -0.131951 0
-0.31693 -0.36838 1.5084 0.876173 0.481014 0.0307646 0.138389 -0.18991 -0.971999 -0.461703 0.855897 -0.232961 101.055 7.95462 27.7872 0.602765 0.75813 0.204254 -0.142106 0
-0.317373 -0.368793 1.51145 0.873726 0.485856 0.0233752 0.131034 -0.188818 -0.973231 -0.468437 0.8534 -0.228639 100.98 7.52935 28.1974 0.60338 0.756833 0.203774 -0.147015 0
-0.319489 -0.37158 1.52074 0.864989 0.500424 0.037014 0.149351 -0.186329 -0.971069 -0.479049 0.845492 -0.235912 100.862 8.58931 28.9786 0.600572 0.75618 0.214822 -0.146141 0
-0.33095 -0.379828 1.55671 0.806018 0.577056 0.131685 0.241503 -0.117508 -0.963259 -0.540381 0.808207 -0.234074 96.9552 13.9752 33.8392 0.603 0.734439 0.278634 -0.139118 0
-0.334128 -0.378598 1.56272 0.772068 0.633122 0.0553846 0.197877 -0.156657 -0.967628 -0.60395 0.758034 -0.24623 99.1963 11.4128 38.0343 0.58506 0.737386 0.281738 -0.185983 0
-0.335489 -0.379758 1.57193 0.751913 0.657714 0.0451576 0.18436 -0.144011 -0.972251 -0.63296 0.739374 -0.22954 98.4255 10.6238 40.0906 0.587018 0.728949 0.288797 -0.201592 0
-0.336744 -0.381795 1.5772 0.734123 0.677622 0.0434933 0.20227 -0.157091 -0.966649 -0.64819 0.718436 -0.252386 99.2305 11.6697 41.4427 0.575466 0.732052 0.300488 -0.206507 0
-0.339087 -0.382305 1.5885 0.73181 0.681113 0.0232432 0.165069 -0.144059 -0.975704 -0.661216 0.717867 -0.217854 98.3988 9.50123 42.0989 0.585213 0.723485 0.292398 -0.220451 0
-0.341246 -0.385041 1.59852 0.727683 0.685435 0.0255999 0.158059 -0.131249 -0.978668 -0.667454 0.716207 -0.203847 97.6384 9.09423 42.528 0.59004 0.718119 0.293647 -0.22345 0
-0.343187 -0.387124 1.60764 0.717421 0.696028 0.0291983 0.168453 -0.132657 -0.976742 -0.675967 0.705654 -0.212419 97.7343 9.69791 43.2959 0.585736 0.71807 0.300974 -0.225176 0
-0.344692 -0.389313 1.61471 0.714503 0.698758 0.0349729 0.179348 -0.134614 -0.974532 -0.676254 0.702578 -0.221503 97.8646 10.3318 43.4247 0.582749 0.719482 0.305117 -0.222827 0
-0.346548 -0.391456 1.62229 0.721323 0.691757 0.0341309 0.188626 -0.148794 -0.970711 -0.666418 0.706635 -0.237812 98.7147 10.8726 42.7343 0.57765 0.725936 0.303189 -0.217749 0
-0.348676 -0.393843 1.63181 0.737682 0.674382 0.0321601 0.185659 -0.156827 -0.970019 -0.64912 0.721536 -0.240893 99.1838 10.6995 41.346 0.578784 0.730651 0.294272 -0.211099 0
-0.351128 -0.397064 1.64441 0.756003 0.653719 0.0333328 0.179586 -0.158178 -0.970942 -0.629451 0.740021 -0.236982 99.2528 10.3457 39.7809 0.583276 0.733342 0.284078 -0.20322 0
-0.353339 -0.399298 1.65386 0.766512 0.641367 0.0332732 0.173502 -0.156917 -0.972252 -0.61835 0.751016 -0.231557 99.1682 9.99147 38.8933 0.58695 0.733993 0.277546 -0.199278 0
-0.36328 -0.403636 1.68236 0.865409 0.501059 -0.00284339 0.123298 -0.218449 -0.968028 -0.48566 0.837389 -0.250827 102.717 7.08249 29.3008 0.59079 0.763984 0.20431 -0.159854 0
-0.378656 -0.406997 1.68935 0.870722 0.491725 -0.00701442 0.117628 -0.222097 -0.967903 -0.4775 0.84195 -0.251226 102.923 6.75524 28.7402 0.591058 0.765514 0.199002 -0.158232 0
-0.397192 -0.412039 1.69729 0.873529 0.486335 -0.0206412 0.0972867 -0.215976 -0.97154 -0.476951 0.84666 -0.235975 102.533 5.58295 28.6348 0.59615 0.762476 0.191357 -0.16315 0
-0.418158 -0.414063 1.69935 0.890665 0.454653 -0.00255164 0.110943 -0.222773 -0.968537 -0.440917 0.862359 -0.248857 102.953 6.36968 26.3374 0.595616 0.768488 0.183996 -0.144267 0
-0.433179 -0.413672 1.70072 0.891683 0.452519 0.0113552 0.126682 -0.225385 -0.965999 -0.434573 0.862803 -0.258298 103.133 7.27789 25.9829 0.593296 0.770611 0.187903 -0.137299 0
-0.437764 -0.404422 1.70013 0.893801 0.447532 -0.0288899 0.115997 -0.292932 -0.949071 -0.433203 0.844929 -0.313735 107.153 6.66111 25.8583 0.56726 0.790643 0.178187 -0.146113 0
-0.438727 -0.397355 1.7008 0.896228 0.442289 -0.0339881 0.120443 -0.316368 -0.940959 -0.426929 0.839221 -0.336809 108.584 6.91769 25.4713 0.557461 0.798343 0.176219 -0.144335 0
-0.438028 -0.397982 1.70164 0.881929 0.471377 0.00224693 0.172941 -0.319124 -0.9318 -0.438512 0.82217 -0.362965 108.905 9.95885 26.4375 0.547686 0.800628 0.201192 -0.136226 0
-0.4377 -0.39731 1.70225 0.908752 0.417058 0.0152228 0.15509 -0.30362 -0.940086 -0.387449 0.856666 -0.340597 107.899 8.92199 23.0911 0.562258 0.798901 0.179042 -0.116481 0
-0.437574 -0.395679 1.6997 0.945652 0.321234 0.0504969 0.143488 -0.272861 -0.951293 -0.291809 0.906838 -0.304125 106.005 8.24973 17.1492 0.58495 0.794141 0.146297 -0.0759665 0
-0.437632 -0.395671 1.70064 0.962719 0.266641 0.0455446 0.115403 -0.252578 -0.96067 -0.244651 0.930111 -0.273933 104.731 6.62689 14.2585 0.59921 0.788865 0.121074 -0.063099 0
-0.438974 -0.394902 1.7009 0.977835 0.207474 0.0281656 0.0811611 -0.251591 -0.964425 -0.193007 0.945334 -0.262853 104.621 4.65531 11.1656 0.604854 0.789348 0.0914158 -0.0522081 0
-0.438534 -0.394743 1.70057 0.984461 0.171971 0.0355257 0.0791918 -0.254217 -0.9639 -0.156732 0.951735 -0.263886 104.775 4.54211 9.0459 0.605466 0.790975 0.0793841 -0.0383091 0
-0.439334 -0.394812 1.6996 0.986134 0.159812 0.0447222 0.0857026 -0.259657 -0.961891 -0.142109 0.952386 -0.269753 105.107 4.91643 8.2003 0.603474 0.793023 0.0773983 -0.0307012 0
-0.43941 -0.393883 1.69755 0.983912 0.177513 0.0201547 0.0671244 -0.262771 -0.962521 -0.165564 0.948388 -0.270459 105.27 3.84884 9.55172 0.602221 0.793275 0.0770972 -0.0458255 0
-0.438227 -0.394198 1.69918 0.984227 0.17591 0.0187902 0.0639599 -0.254794 -0.964878 -0.164944 0.950861 -0.262026 104.792 3.66714 9.51365 0.605683 0.790735 0.0758377 -0.0462083 0
-0.437518 -0.393862 1.69927 0.978562 0.204537 0.0240971 0.0736687 -0.238364 -0.968378 -0.192325 0.949393 -0.248322 103.828 4.22473 11.1191 0.610712 0.785055 0.0885943 -0.0535721 0
-0.437738 -0.393729 1.69826 0.984016 0.176502 0.0236601 0.0686895 -0.25361 -0.964865 -0.1643 0.951067 -0.26168 104.727 3.93872 9.47919 0.605955 0.79046 0.0775472 -0.0444806 0
-0.438123 -0.393738 1.69699 0.984883 0.171151 0.0267059 0.0694585 -0.248962 -0.966019 -0.158686 0.953271 -0.257086 104.452 3.98288 9.15294 0.608037 0.789134 0.0762257 -0.0418117 0
-0.438948 -0.394441 1.69651 0.984461 0.16957 0.0456359 0.0908955 -0.269709 -0.958642 -0.150249 0.947894 -0.280931 105.714 5.21513 8.67753 0.598711 0.7961 0.0817942 -0.0328516 0
-0.437869 -0.394285 1.69665 0.986985 0.156525 0.0368775 0.0796404 -0.276546 -0.957695 -0.139705 0.948168 -0.285413 106.107 4.5679 8.05654 0.596872 0.798271 0.0739617 -0.0322032 0
-0.437808 -0.39461 1.69746 0.985935 0.160876 0.0452873 0.0878373 -0.268258 -0.959334 -0.142185 0.949819 -0.278616 105.623 5.0392 8.20624 0.599804 0.79574 0.0781389 -0.0304426 0
-0.435297 -0.39319 1.69702 0.984676 0.174035 0.01116 0.0548115 -0.248099 -0.967183 -0.165555 0.952974 -0.253836 104.387 3.14204 9.54394 0.608839 0.78845 0.0725621 -0.0489552 0
-0.431505 -0.393288 1.6988 0.941017 0.338226 0.0094708 0.0935612 -0.233204 -0.967916 -0.325166 0.911712 -0.251094 103.546 5.36851 19.0624 0.603473 0.778671 0.138629 -0.101357 0
-0.429427 -0.392754 1.69783 0.993179 0.116393 0.00700281 0.0344133 -0.235207 -0.971336 -0.11141 0.964951 -0.237608 103.612 1.97213 6.40038 0.616515 0.785174 0.0480168 -0.0332432 0
-0.43049 -0.39129 1.69726 0.964632 0.263555 0.00479256 0.0571107 -0.191211 -0.979886 -0.257338 0.945504 -0.1995 101.042 3.27398 14.9371 0.62728 0.767356 0.104471 -0.0822777 0
-0.433982 -0.392864 1.69615 0.998327 -0.0574932 0.00612635 -0.00806932 -0.243466 -0.969876 0.0572528 0.968204 -0.243522 104.092 -0.462343 -3.28225 0.614683 0.788244 -0.0207938 0.0201014 0
-0.435017 -0.392667 1.69659 0.997798 -0.065292 0.0117078 -0.00464434 -0.24483 -0.969555 0.0661706 0.967365 -0.244594 104.172 -0.266102 -3.79411 0.614079 0.788547 -0.0221726 0.0246905 0
-0.432542 -0.393531 1.69771 0.999104 -0.0416361 0.00756022 -0.00352962 -0.260028 -0.965595 0.0421695 0.964703 -0.259942 105.072 -0.202233 -2.41687 0.608098 0.79358 -0.0142285 0.0156663 0
-0.430419 -0.393264 1.69841 0.997152 -0.0745927 0.0111515 -0.00796365 -0.251159 -0.967913 0.0750001 0.965067 -0.251038 104.547 -0.456288 -4.30136 0.611342 0.790467 -0.02611 0.0272471 0
-0.429958 -0.393773 1.69759 0.996149 -0.0831764 0.0277453 0.00498982 -0.262142 -0.965016 0.0875398 0.961438 -0.260717 105.197 0.285897 -5.02215 0.606896 0.793569 -0.0246313 0.0363185 0
-0.431527 -0.393209 1.69613 0.997617 -0.0671772 0.0157379 -0.002213 -0.259135 -0.965838 0.0689605 0.963502 -0.258667 105.019 -0.126796 -3.9543 0.608238 0.793004 -0.0218757 0.0267018 0
-0.435124 -0.393649 1.69561 0.998817 -0.0412845 0.0256838 0.0135343 -0.271284 -0.962404 0.0467 0.961613 -0.270405 105.742 0.775484 -2.67693 0.603558 0.796948 -0.00870514 0.0227065 0
-0.43075 -0.393715 1.69563 0.996844 -0.0782561 0.0133704 -0.00789561 -0.265302 -0.964133 0.0789965 0.960984 -0.265083 105.385 -0.45239 -4.53103 0.605487 0.794863 -0.0270964 0.0290512 1
-0.428418 -0.391684 1.69425 0.99436 -0.105368 0.0120782 -0.0126783 -0.23116 -0.972833 0.105297 0.967193 -0.231192 103.366 -0.72643 -6.04477 0.618871 0.783695 -0.0376568 0.0374429 1
-0.423337 -0.390924 1.69018 0.994651 -0.0969863 -0.035526 -0.0556805 -0.213788 -0.975292 0.0869949 0.972054 -0.218045 102.364 -3.19191 -4.99852 0.625064 0.778859 -0.0490034 0.0165206 1
-0.421428 -0.392533 1.69134 0.994587 -0.0987373 -0.0323788 -0.0560767 -0.247686 -0.967216 0.0874805 0.963796 -0.251882 104.364 -3.21465 -5.02661 0.611355 0.789645 -0.0490138 0.0174451 1
-0.427812 -0.392774 1.69271 0.997189 -0.0707784 -0.0245926 -0.0426221 -0.265872 -0.963066 0.0616258 0.961406 -0.268142 105.433 -2.44281 -3.53635 0.604809 0.795488 -0.0356387 0.0116385 1
-0.4275 -0.392532 1.69389 0.998193 -0.0576413 -0.0169726 -0.0302609 -0.238199 -0.970745 0.0519122 0.969504 -0.239513 103.787 -1.73408 -2.97705 0.616539 0.78675 -0.027932 0.0111025 1
-0.425946 -0.39261 1.69312 0.997599 -0.0671901 -0.0167779 -0.0330086 -0.248349 -0.968108 0.0608805 0.966338 -0.249971 104.388 -1.8916 -3.49226 0.612225 0.789924 -0.0317115 0.0139579 1
-0.427156 -0.392882 1.69375 0.999324 -0.0363982 0.00522123 -0.00401475 -0.249149 -0.968457 0.0365509 0.967781 -0.249127 104.427 -0.230029 -2.0947 0.612586 0.79019 -0.0127858 0.0132159 1
-0.423792 -0.392498 1.69045 0.998476 0.0258481 0.0487595 0.0540526 -0.279817 -0.95853 -0.0111324 0.959705 -0.280788 106.274 3.0985 0.638787 0.599556 0.799856 0.0249734 0.0117606 1
-0.422909 -0.392168 1.68779 0.99932 0.0201311 0.0308795 0.035286 -0.280092 -0.959325 -0.0106631 0.959762 -0.280612 106.276 2.02216 0.611346 0.599712 0.800004 0.0173178 0.00631758 1
-0.424382 -0.391663 1.68903 0.999298 -0.0250261 0.0278608 0.0201834 -0.266764 -0.963551 0.0315462 0.963437 -0.266072 105.475 1.1565 -1.80813 0.605488 0.795634 -0.00152164 0.0186665 1
-0.42349 -0.390871 1.68932 0.998871 0.027732 0.038575 0.0438661 -0.226549 -0.973012 -0.0182445 0.973605 -0.227509 103.107 2.51415 1.0464 0.621452 0.783091 0.0228575 0.00649047 1
-0.42315 -0.390884 1.68888 0.998825 0.0180074 0.0449917 0.0479716 -0.23571 -0.970639 -0.00687366 0.971657 -0.236297 103.649 2.74962 0.394288 0.617822 0.785944 0.0209872 0.0121249 1
-0.425482 -0.391631 1.69079 0.999989 -0.000743115 0.0047064 0.00435887 -0.256231 -0.966606 0.00192422 0.966615 -0.256225 104.847 0.249746 -0.110251 0.609822 0.792535 0.00114057 0.00209159 1
-0.424252 -0.392011 1.68925 0.99957 0.0114759 0.0269876 0.0290662 -0.265405 -0.963699 -0.00389665 0.964069 -0.265625 105.398 1.66561 0.223356 0.605917 0.795393 0.0127428 0.00725773 1
-0.424475 -0.393076 1.69042 0.996068 0.0793496 0.0394019 0.0599469 -0.276191 -0.959231 -0.0652322 0.957822 -0.279861 106.063 3.43676 3.74693 0.600003 0.798768 0.0435973 -0.00808442 1
-0.424477 -0.393125 1.68995 0.99393 0.106886 0.0260496 0.0571524 -0.299337 -0.952434 -0.0940042 0.948142 -0.303629 107.447 3.27638 5.40287 0.589696 0.805744 0.0508965 -0.0210844 1
-0.427463 -0.392879 1.69391 0.98905 0.147579 -0.00066525 0.0379715 -0.25883 -0.965176 -0.142612 0.954582 -0.2616 105.012 2.17613 8.20495 0.605933 0.792067 0.0585652 -0.0452224 1
-0.433122 -0.394818 1.69674 0.987613 0.156854 0.00410203 0.0516224 -0.300125 -0.952502 -0.148172 0.940915 -0.304505 107.489 2.95906 8.53248 0.588001 0.805022 0.0647423 -0.0447411 1
-0.431611 -0.394655 1.69743 0.981693 0.187529 0.0333472 0.0852913 -0.276261 -0.95729 -0.170307 0.942609 -0.287198 106.097 4.89278 9.84188 0.595448 0.797677 0.0855046 -0.0429246 0
-0.431659 -0.394804 1.69768 0.966608 0.255254 0.0226944 0.0954155 -0.276298 -0.956324 -0.237835 0.926555 -0.291427 106.115 5.47524 13.8231 0.591372 0.795979 0.110138 -0.0675712 0
-0.434428 -0.393502 1.6968 0.974939 0.222031 0.0140316 0.0738055 -0.263292 -0.961889 -0.209875 0.938818 -0.273081 105.308 4.23259 12.1487 0.599701 0.792356 0.0933409 -0.0617915 0
-0.433954 -0.395558 1.69792 0.953551 0.298328 0.0417359 0.130285 -0.283517 -0.950076 -0.271601 0.911383 -0.309216 106.616 7.48606 15.8986 0.58327 0.797854 0.134302 -0.0720261 0
-0.43346 -0.395501 1.69731 0.962639 0.267168 0.044124 0.12273 -0.285222 -0.950571 -0.241377 0.920473 -0.307355 106.702 7.04971 14.0764 0.585248 0.799252 0.121957 -0.0616991 0
-0.434378 -0.394511 1.69752 0.96303 0.267257 0.0338788 0.106891 -0.263644 -0.958679 -0.247282 0.926858 -0.282464 105.377 6.13615 14.401 0.595172 0.792013 0.1181 -0.0673609 0
-0.430762 -0.39468 1.69845 0.942969 0.332492 0.0160835 0.109496 -0.264186 -0.958236 -0.314357 0.905348 -0.285526 105.414 6.28627 18.4368 0.590182 0.789411 0.139974 -0.0944606 0
-0.430363 -0.393227 1.69755 0.874796 0.484313 0.0131434 0.1416 -0.229635 -0.962921 -0.463337 0.844221 -0.269463 103.413 8.14046 27.908 0.586451 0.770372 0.20312 -0.146096 0
-0.429784 -0.393462 1.69759 0.831796 0.554677 0.0211903 0.157795 -0.199685 -0.967071 -0.532181 0.807749 -0.253623 101.667 9.07895 32.611 0.587045 0.755828 0.23566 -0.169017 0
-0.43008 -0.394027 1.69864 0.821542 0.569968 0.0143221 0.165409 -0.214227 -0.962677 -0.545627 0.793249 -0.270274 102.546 9.52097 33.5901 0.578152 0.759283 0.242128 -0.174936 0
-0.432258 -0.394481 1.69767 0.808035 0.588912 0.0162226 0.181769 -0.223019 -0.957717 -0.560393 0.776817 -0.287253 103.109 10.4728 34.7423 0.569597 0.761299 0.253081 -0.178698 0
-0.432268 -0.393833 1.69784 0.803328 0.595482 0.00810341 0.16751 -0.212878 -0.962613 -0.571493 0.774651 -0.27076 102.47 9.64307 35.4283 0.574389 0.756136 0.252267 -0.186273 0
-0.431508 -0.395313 1.69864 0.759934 0.649335 0.0293928 0.218248 -0.212305 -0.95252 -0.612264 0.730268 -0.303054 102.565 12.6062 38.8577 0.557803 0.754204 0.287582 -0.193208 0
-0.431052