-0.33755 -0.396917 1.45683 0.83112 0.555743 0.019741 0.182192 -0.238587 -0.953878 -0.525401 0.796383 -0.299546 104.043 10.4975 32.2994 0.568548 0.769619 0.239708 -0.164257 0
-0.335987 -0.405904 1.45688 0.828598 0.559266 0.0254288 0.166251 -0.202433 -0.965081 -0.53459 0.803892 -0.260714 101.846 9.56989 32.829 0.584263 0.756926 0.239626 -0.168167 0
-0.337521 -0.417848 1.4661 0.85637 0.516301 0.00801488 0.139118 -0.215747 -0.966488 -0.49727 0.828786 -0.256586 102.584 7.99682 30.1425 0.588226 0.763004 0.21475 -0.160305 0
-0.339077 -0.428237 1.47193 0.877774 0.47905 0.00482981 0.122063 -0.213888 -0.969202 -0.463263 0.85133 -0.24622 102.445 7.0112 27.8237 0.595329 0.764507 0.196569 -0.149911 0
-0.341331 -0.430426 1.48265 0.891609 0.452716 0.00902041 0.117771 -0.212618 -0.970012 -0.437222 0.865934 -0.242889 102.363 6.76346 26.1221 0.599188 0.766015 0.186187 -0.13975 0
-0.344005 -0.428052 1.49356 0.899547 0.436416 0.01884 0.119081 -0.203499 -0.971806 -0.420278 0.87643 -0.235026 101.827 6.83909 25.0425 0.604364 0.764538 0.181645 -0.131268 0
-0.346143 -0.428522 1.50152 0.904305 0.426218 0.0238928 0.126269 -0.2136 -0.968727 -0.407785 0.879041 -0.246978 102.435 7.25404 24.2724 0.600776 0.768909 0.179633 -0.124817 0
-0.347874 -0.430816 1.50849 0.909472 0.414943 0.0261335 0.130582 -0.225402 -0.965475 -0.394727 0.881485 -0.259181 103.141 7.50322 23.4617 0.596843 0.773637 0.176286 -0.119111 0
-0.349003 -0.432911 1.51627 0.906672 0.421084 0.0251714 0.130922 -0.224172 -0.965715 -0.401005 0.878883 -0.25838 103.069 7.5229 23.8589 0.596683 0.772856 0.178561 -0.121573 0
-0.35024 -0.435094 1.52317 0.903156 0.428553 0.0255412 0.13423 -0.225371 -0.964982 -0.40779 0.874957 -0.26107 103.146 7.71408 24.3 0.595129 0.772916 0.182032 -0.123638 0
-0.353242 -0.439161 1.54383 0.933079 0.357323 0.0410364 0.12895 -0.225836 -0.965593 -0.335761 0.906266 -0.2568 103.164 7.40895 19.7909 0.602172 0.777129 0.156433 -0.094812 0
-0.357177 -0.445946 1.57129 0.94917 0.309118 0.0593564 0.137799 -0.238534 -0.961308 -0.282999 0.920624 -0.269005 103.936 7.92052 16.6022 0.60034 0.783695 0.142567 -0.0713424 0
-0.359698 -0.449268 1.5821 0.93849 0.340101 0.0597331 0.14617 -0.234554 -0.961051 -0.312843 0.910668 -0.269839 103.716 8.40501 18.4357 0.598769 0.781486 0.155559 -0.0809708 0
-0.364349 -0.451585 1.59851 0.910782 0.411789 0.0301004 0.135993 -0.230352 -0.963558 -0.389849 0.881685 -0.265801 103.445 7.81604 23.1727 0.594691 0.775715 0.176541 -0.115941 0
-0.366262 -0.455939 1.61262 0.888806 0.457666 0.0237868 0.149074 -0.239646 -0.959347 -0.43336 0.856219 -0.281225 104.026 8.57326 25.9927 0.584794 0.776157 0.195431 -0.131923 0
-0.368707 -0.458921 1.62329 0.867216 0.496924 0.0316853 0.166476 -0.229381 -0.958994 -0.469279 0.83693 -0.281649 103.452 9.583 28.4193 0.582277 0.771078 0.215088 -0.141877 0
-0.372135 -0.463181 1.63778 0.848438 0.528176 0.0343988 0.174169 -0.217225 -0.960457 -0.499818 0.82088 -0.276294 102.744 10.0303 30.5025 0.582005 0.765173 0.229473 -0.152063 0
-0.374636 -0.466527 1.65 0.843994 0.535199 0.0351569 0.172145 -0.208221 -0.962814 -0.507977 0.818661 -0.26787 102.203 9.91257 31.0426 0.584787 0.761591 0.232193 -0.155208 0
-0.377513 -0.469636 1.66144 0.840288 0.540965 0.0356789 0.174406 -0.20742 -0.96258 -0.513322 0.815066 -0.26864 102.16 10.0441 31.4203 0.584001 0.760978 0.235017 -0.156918 0
-0.379656 -0.472329 1.67139 0.831288 0.55478 0.0343289 0.174737 -0.2022 -0.96363 -0.527661 0.807052 -0.265028 101.851 10.0634 32.4054 0.583965 0.758043 0.240592 -0.162699 0
-0.382091 -0.474925 1.68105 0.823449 0.566378 0.0338949 0.175108 -0.196857 -0.964668 -0.539694 0.80029 -0.261279 101.534 10.085 33.2411 0.584233 0.755246 0.245445 -0.167429 0
-0.384436 -0.478206 1.69219 0.817368 0.574979 0.0361701 0.17967 -0.194753 -0.964256 -0.547383 0.794651 -0.262491 101.419 10.3505 33.8098 0.583122 0.754091 0.250185 -0.16948 0
-0.38727 -0.480595 1.70024 0.810848 0.584395 0.0317595 0.181762 -0.199869 -0.962816 -0.556317 0.78647 -0.268284 101.727 10.4724 34.4537 0.579373 0.754818 0.253755 -0.173736 0
-0.388373 -0.482577 1.70634 0.821325 0.569461 0.033759 0.177306 -0.198584 -0.963912 -0.542206 0.797671 -0.264071 101.641 10.2129 33.4312 0.58281 0.755642 0.247064 -0.168217 0
-0.391245 -0.486038 1.71902 0.844643 0.533736 0.0412824 0.176511 -0.204867 -0.962743 -0.505393 0.820461 -0.26725 102.013 10.1666 30.8942 0.585774 0.761045 0.233313 -0.152458 0
-0.394061 -0.487229 1.73169 0.849672 0.52599 0.0373146 0.174216 -0.213225 -0.961345 -0.497701 0.823329 -0.272807 102.506 10.033 30.3599 0.583875 0.76415 0.22908 -0.15062 0
-0.400662 -0.492087 1.74466 0.882663 0.464148 0.0739774 0.19087 -0.210148 -0.958857 -0.429506 0.860467 -0.274082 102.362 11.0036 25.9477 0.591277 0.769236 0.21288 -0.115546 0
-0.404953 -0.499009 1.7716 0.833294 0.538548 0.12485 0.242813 -0.153653 -0.957827 -0.496652 0.828467 -0.258804 99.1136 14.0526 30.7954 0.595994 0.749292 0.2607 -0.124051 0
-0.410669 -0.501516 1.7848 0.808242 0.578575 0.109526 0.232124 -0.142111 -0.962249 -0.541169 0.803153 -0.249161 98.4011 13.4222 33.8048 0.595183 0.741538 0.273317 -0.145523 0
-0.415413 -0.503413 1.80224 0.771302 0.635894 0.0270734 0.187394 -0.186235 -0.964469 -0.608257 0.74897 -0.262806 100.929 10.8007 38.2597 0.574948 0.745041 0.276256 -0.195018 0
-0.41903 -0.507715 1.81598 0.766087 0.641173 0.0448154 0.195661 -0.166227 -0.966481 -0.612232 0.749177 -0.252797 99.7589 11.2833 38.6307 0.580315 0.739106 0.283056 -0.191927 0
-0.421837 -0.510856 1.82793 0.763167 0.644434 0.0477502 0.202639 -0.168498 -0.964648 -0.613606 0.745864 -0.25918 99.9081 11.6913 38.8002 0.577817 0.740075 0.286144 -0.191148 0
-0.424255 -0.513747 1.83922 0.760444 0.647496 0.0497328 0.203188 -0.164495 -0.965223 -0.616798 0.744103 -0.256653 99.6715 11.7235 39.0456 0.57864 0.738511 0.287973 -0.191962 0
-0.427644 -0.516572 1.8526 0.77271 0.632354 0.0552132 0.196784 -0.155945 -0.967965 -0.603486 0.758821 -0.244937 99.1521 11.349 37.9898 0.585625 0.737155 0.281195 -0.185942 0
-0.429215 -0.518098 1.85841 0.751479 0.657554 0.053873 0.204212 -0.154179 -0.966709 -0.627357 0.737463 -0.250143 99.0617 11.7833 39.8562 0.580335 0.734132 0.293464 -0.195293 0
-0.429751 -0.511765 1.86441 0.763551 0.644874 0.0335786 0.191538 -0.176515 -0.965482 -0.616687 0.743627 -0.258296 100.361 11.0426 38.9263 0.576355 0.741344 0.282059 -0.196639 0
-0.431546 -0.498789 1.87182 0.76947 0.637961 0.0303636 0.199446 -0.194853 -0.96034 -0.606744 0.745009 -0.277172 101.47 11.5046 38.2565 0.569527 0.748581 0.279665 -0.192491 0
-0.432221 -0.484042 1.87739 0.762045 0.645716 0.0483448 0.224274 -0.193163 -0.95519 -0.607444 0.738741 -0.292017 101.432 12.9602 38.5591 0.564992 0.749537 0.290176 -0.186481 0
-0.425093 -0.463111 1.88491 0.75981 0.649929 -0.0167829 0.166499 -0.219471 -0.961307 -0.628464 0.727616 -0.274969 102.861 9.5843 39.5953 0.562443 0.750708 0.271886 -0.214879 0
-0.417854 -0.440895 1.89084 0.785286 0.618408 -0.0299396 0.141345 -0.226148 -0.963783 -0.602782 0.752614 -0.265 103.205 8.12571 37.5097 0.568801 0.754393 0.251777 -0.209679 0
-0.415338 -0.421662 1.89669 0.799592 0.599681 -0.0321726 0.119139 -0.210908 -0.970218 -0.588607 0.771946 -0.240086 102.264 6.84243 36.358 0.580646 0.750098 0.239575 -0.206899 0
-0.414844 -0.416425 1.89628 0.822269 0.568631 -0.0230698 0.0649495 -0.134039 -0.988845 -0.56538 0.811599 -0.147148 97.7194 3.72396 34.5118 0.620702 0.725165 0.218426 -0.202868 0
-0.416055 -0.415318 1.89481 0.834206 0.551442 -0.00351638 0.0454719 -0.0751406 -0.996136 -0.549575 0.830822 -0.0877579 94.3138 2.60625 33.3769 0.646395 0.706595 0.211194 -0.195689 0
-0.414798 -0.416655 1.89687 0.814947 0.579535 -0.000667976 0.0527572 -0.0753354 -0.995762 -0.577129 0.811458 -0.091969 94.3265 3.02417 35.3054 0.641803 0.703962 0.224548 -0.205195 0
-0.414828 -0.416234 1.8954 0.803185 0.595721 -0.00310877 0.0527776 -0.0763539 -0.995683 -0.593387 0.799554 -0.092767 94.3851 3.02534 36.4567 0.639153 0.702194 0.230883 -0.212368 0
-0.415161 -0.416443 1.89478 0.797107 0.603697 0.0130188 0.0667316 -0.0666419 -0.995543 -0.600139 0.794423 -0.0934064 93.8297 3.82628 36.9759 0.639738 0.699492 0.239613 -0.209838 0
-0.41468 -0.415867 1.89357 0.728748 0.68462 0.0149274 0.0719951 -0.0549213 -0.995892 -0.680987 0.726828 -0.089313 93.1565 4.12859 43.0596 0.629387 0.684285 0.276425 -0.243342 0
-0.415763 -0.415339 1.89328 0.730076 0.682719 0.0297346 0.0768237 -0.038761 -0.996291 -0.679034 0.729652 -0.0807475 92.228 4.40602 42.9255 0.634541 0.679997 0.279245 -0.238714 0
-0.41619 -0.414265 1.89192 0.746519 0.664326 0.0371697 0.0630187 -0.0149821 -0.9979 -0.662374 0.747293 -0.0530493 90.8602 3.6131 41.5821 0.647782 0.673526 0.269976 -0.232064 0
-0.415158 -0.414714 1.89276 0.748963 0.661812 0.0325583 0.0652757 -0.024796 -0.997559 -0.659389 0.74926 -0.0617715 91.4239 3.74268 41.3608 0.64467 0.677409 0.268334 -0.231334 0
-0.415645 -0.414867 1.89308 0.732639 0.679701 0.0352912 0.0692824 -0.0228952 -0.997334 -0.677082 0.733131 -0.0638653 91.3151 3.97277 42.7431 0.641459 0.674426 0.277638 -0.237903 0
-0.414527 -0.415454 1.89439 0.792731 0.609338 0.0168581 0.0737917 -0.0684753 -0.99492 -0.605088 0.789948 -0.0992466 93.9372 4.2318 37.3543 0.637379 0.700081 0.243947 -0.210058 0
-0.413212 -0.414842 1.88983 0.815443 0.578684 0.0133557 0.0721945 -0.0787844 -0.994274 -0.574318 0.811738 -0.106022 94.5305 4.14004 35.1571 0.638482 0.707151 0.230106 -0.198318 0
-0.414202 -0.415276 1.88936 0.82812 0.559514 0.034081 0.088514 -0.0704864 -0.993578 -0.553518 0.825818 -0.107896 94.0579 5.07812 33.7589 0.642211 0.708255 0.228741 -0.183351 0
-0.413493 -0.414872 1.88978 0.84242 0.538005 0.0296661 0.0782219 -0.0676362 -0.994639 -0.533114 0.840224 -0.0990619 93.8902 4.48637 32.3271 0.647248 0.708717 0.217374 -0.177591 0
-0.413112 -0.415171 1.88959 0.849104 0.528166 0.00790841 0.0585325 -0.0791989 -0.995139 -0.524973 0.845439 -0.098163 94.5503 3.35558 31.7271 0.646479 0.71177 0.20607 -0.181612 0
-0.413639 -0.413892 1.89056 0.814729 0.579276 0.0256057 0.066833 -0.0499492 -0.996513 -0.575977 0.8136 -0.0794098 92.8695 3.8321 35.2586 0.649109 0.697153 0.231696 -0.197364 0
-0.414294 -0.413875 1.89031 0.827894 0.560474 0.0214369 0.057788 -0.0472194 -0.997212 -0.557899 0.826824 -0.0714814 92.711 3.31285 33.9751 0.653681 0.697602 0.221567 -0.192252 0
-0.414396 -0.41425 1.89011 0.793556 0.607832 0.028446 0.0693602 -0.0439122 -0.996625 -0.604531 0.792851 -0.0770062 92.5229 3.97724 37.3001 0.646652 0.691823 0.244713 -0.208177 0
-0.414972 -0.414496 1.89167 0.775788 0.630147 0.0326768 0.0812785 -0.0484404 -0.995514 -0.625737 0.774963 -0.0887969 92.7857 4.66206 38.8891 0.640029 0.691561 0.257181 -0.214392 0
-0.414934 -0.414755 1.89099 0.814516 0.579614 0.0247378 0.0709127 -0.0571494 -0.995844 -0.575791 0.812885 -0.0876511 93.2845 4.06641 35.2569 0.646087 0.699878 0.232371 -0.196839 0
-0.413975 -0.414032 1.88959 0.81879 0.574068 0.00539316 0.0559783 -0.070485 -0.995941 -0.571358 0.815768 -0.0898478 94.0482 3.209 34.9076 0.643905 0.703406 0.223927 -0.201151 0
-0.412957 -0.412378 1.88837 0.832401 0.554171 -0.0014913 0.0325965 -0.0516481 -0.998133 -0.553214 0.830799 -0.061056 92.9621 1.86797 33.608 0.655686 0.697335 0.210361 -0.198866 0
-0.413385 -0.412556 1.88992 0.835434 0.54959 -0.000502446 0.0269211 -0.041836 -0.998762 -0.54893 0.834386 -0.0497469 92.3986 1.54265 33.3073 0.660275 0.694085 0.207651 -0.197898 0
-0.413396 -0.413499 1.8902 0.847426 0.530914 0.000706609 0.0333304 -0.0518723 -0.998097 -0.529867 0.845837 -0.0616535 92.9751 1.91004 32.0164 0.658388 0.70017 0.201467 -0.18894 0
-0.413596 -0.414071 1.88981 0.861629 0.507309 0.01525 0.052164 -0.0586289 -0.996916 -0.504851 0.859767 -0.0769796 93.3657 2.99013 30.3671 0.656891 0.706618 0.19794 -0.17322 0
-0.413928 -0.414523 1.88947 0.836297 0.547546 0.0282963 0.0615444 -0.0424664 -0.997201 -0.544812 0.835697 -0.0692129 92.4385 3.52846 33.0825 0.656623 0.69785 0.218203 -0.185038 0
-0.414021 -0.41441 1.88936 0.816916 0.576273 0.0236232 0.0636942 -0.0494324 -0.996744 -0.573229 0.815761 -0.0770873 92.8392 3.65188 35.0573 0.650076 0.697036 0.229532 -0.197123 0
-0.413473 -0.41379 1.88902 0.819911 0.572163 0.0193747 0.052889 -0.0420052 -0.997717 -0.570043 0.819064 -0.0647017 92.4108 3.03173 34.8089 0.654447 0.694013 0.225158 -0.198364 0
-0.413314 -0.415157 1.88927 0.841994 0.539476 0.00340574 0.0604943 -0.0881404 -0.994269 -0.536084 0.837375 -0.106849 95.0659 3.46818 32.4842 0.641678 0.713615 0.210187 -0.186613 0
-0.413565 -0.416132 1.8909 0.869729 0.4927 0.0285924 0.0806976 -0.0848171 -0.993123 -0.486887 0.866056 -0.113528 94.8815 4.62867 29.2407 0.64641 0.71904 0.199362 -0.159342 0
-0.413384 -0.415406 1.89015 0.880052 0.474239 0.0246139 0.0756419 -0.0888223 -0.993171 -0.468814 0.875904 -0.114041 95.1105 4.33811 28.0448 0.647532 0.721615 0.190503 -0.153891 0
-0.413729 -0.415264 1.89021 0.890506 0.454709 0.0154377 0.0608543 -0.0854139 -0.994485 -0.450883 0.886535 -0.103733 94.9089 3.48885 26.8541 0.652181 0.72105 0.178754 -0.150976 0
-0.41349 -0.415085 1.8898 0.876947 0.480313 0.0162401 0.0645512 -0.0842361 -0.994353 -0.476232 0.873043 -0.104875 94.8422 3.70109 28.5045 0.649584 0.718689 0.189534 -0.160011 0
-0.413259 -0.414575 1.88886 0.824124 0.566209 0.015099 0.0664723 -0.0702094 -0.995315 -0.562496 0.821266 -0.0954984 94.035 3.81139 34.315 0.643897 0.705307 0.224257 -0.194028 0
-0.413497 -0.414169 1.88955 0.769685 0.637958 0.0243683 0.0746142 -0.0519817 -0.995857 -0.634048 0.768315 -0.0876103 92.988 4.27905 39.4809 0.638376 0.690883 0.257848 -0.220616 0
-0.413594 -0.414151 1.88972 0.746768 0.665001 0.0105958 0.062623 -0.0544445 -0.996551 -0.66213 0.744856 -0.0823018 93.1271 3.59039 41.5622 0.634433 0.686206 0.265089 -0.237368 0
-0.413406 -0.413944 1.89011 0.729071 0.684437 0.00158501 0.0531388 -0.0542951 -0.99711 -0.682373 0.727048 -0.0759551 93.1168 3.04606 43.105 0.632222 0.681785 0.270458 -0.249634 0
-0.412953 -0.414938 1.88903 0.709529 0.704378 0.020474 0.0790455 -0.0506851 -0.995582 -0.700229 0.708013 -0.0916405 92.9144 4.5337 44.622 0.62594 0.680414 0.287848 -0.249758 0
-0.413197 -0.414441 1.8883 0.686556 0.726767 0.0212333 0.0879632 -0.0540362 -0.994657 -0.721737 0.684755 -0.101028 93.1096 5.04644 46.431 0.618767 0.678531 0.300182 -0.258095 0
-0.413147 -0.415323 1.88928 0.676684 0.73583 0.0255743 0.098397 -0.0559555 -0.993573 -0.729669 0.674851 -0.110268 93.2233 5.64687 47.1577 0.614504 0.678769 0.307257 -0.259328 0
-0.413495 -0.415577 1.88887 0.675581 0.736417 0.0357898 0.116324 -0.0585284 -0.991485 -0.728052 0.673992 -0.125204 93.3783 6.68001 47.1408 0.610706 0.681783 0.312688 -0.253842 0
-0.413015 -0.415802 1.88875 0.639891 0.767765 0.0327986 0.119136 -0.0569482 -0.991243 -0.759174 0.638196 -0.127909 93.2881 6.84225 49.8732 0.603124 0.675416 0.32828 -0.268862 0
-0.413866 -0.415758 1.89047 0.613895 0.788949 0.0263301 0.112334 -0.0542965 -0.992186 -0.781354 0.612055 -0.121958 93.1323 6.4499 51.844 0.599508 0.668982 0.336811 -0.282154 0
-0.413321 -0.415108 1.88993 0.610929 0.791683 0.00175925 0.0762098 -0.0565978 -0.995484 -0.788009 0.608305 -0.0949113 93.254 4.37074 52.2142 0.604032 0.663784 0.326873 -0.296124 0
-0.413161 -0.414306 1.88948 0.573231 0.819273 0.0141068 0.0876542 -0.0441946 -0.99517 -0.814692 0.571698 -0.0971464 92.5428 5.02867 54.8692 0.598308 0.654708 0.34631 -0.305703 0
-0.412895 -0.415442 1.88853 0.538397 0.84251 0.0174906 0.0981047 -0.0420512 -0.994287 -0.836961 0.537037 -0.105294 92.4218 5.63004 57.2478 0.589714 0.649181 0.362231 -0.315579 0
-0.41325 -0.415352 1.88924 0.513988 0.857424 0.0253238 0.0954146 -0.0278083 -0.995049 -0.852474 0.513859 -0.0961039 91.6008 5.47518 58.9127 0.589507 0.639902 0.372259 -0.323155 0
-0.413598 -0.415069 1.88963 0.484933 0.874074 0.0288832 0.103138 -0.0243622 -0.994369 -0.868448 0.485181 -0.101964 91.4035 5.91989 60.8214 0.582796 0.634677 0.384925 -0.330706 0
-0.413336 -0.416073 1.89003 0.440592 0.89717 0.031069 0.120717 -0.0249171 -0.992374 -0.889554 0.440983 -0.119282 91.4383 6.93348 63.651 0.569296 0.629442 0.404281 -0.34097 0
-0.413288 -0.41609 1.88967 0.421217 0.906481 0.029478 0.125634 -0.0261284 -0.991733 -0.898216 0.421438 -0.12489 91.5092 7.21737 64.8758 0.563515 0.626944 0.411566 -0.346418 0
-0.412746 -0.415281 1.88789 0.44124 0.897065 0.0241084 0.11666 -0.0307031 -0.992697 -0.889774 0.44083 -0.118199 91.7715 6.69938 63.6232 0.568405 0.630504 0.40195 -0.343244 0
-0.412706 -0.415563 1.88873 0.44236 0.896788 0.0093912 0.13008 -0.053797 -0.990043 -0.887354 0.439177 -0.140452 93.1103 7.47422 63.503 0.558594 0.63965 0.40134 -0.343142 0
-0.413396 -0.415796 1.88997 0.4035 0.914707 0.0223348 0.121577 -0.0294051 -0.992146 -0.906866 0.403046 -0.123073 91.6976 6.98315 66.0139 0.559246 0.623694 0.415382 -0.354553 0
-0.413421 -0.416323 1.88994 0.406114 0.913317 0.0303953 0.129007 -0.0243718 -0.991344 -0.904671 0.40652 -0.127722 91.4083 7.41219 65.8243 0.559915 0.624141 0.417503 -0.350192 0
-0.413883 -0.416725 1.89205 0.395619 0.917874 0.0315218 0.131086 -0.0224629 -0.991117 -0.909012 0.396236 -0.129207 91.2983 7.53233 66.4804 0.557662 0.62195 0.421641 -0.352717 0
-0.413937 -0.415042 1.89093 0.390491 0.920395 0.0197716 0.101454 -0.0216776 -0.994604 -0.915 0.390389 -0.101843 91.2486 5.82292 66.8889 0.562799 0.615226 0.415233 -0.36378 0
-0.414038 -0.414729 1.89063 0.39431 0.918636 0.0250619 0.0858431 -0.00966718 -0.996262 -0.914959 0.394988 -0.0826704 90.5559 4.92451 66.6859 0.57052 0.609641 0.411914 -0.364927 0
-0.413765 -0.414703 1.89099 0.384793 0.922784 0.0200829 0.100216 -0.0201397 -0.994762 -0.917546 0.38479 -0.100227 91.1598 5.75159 67.2482 0.562234 0.613425 0.416921 -0.365759 0
-0.413351 -0.415217 1.88976 0.404936 0.914345 0.000872057 0.100808 -0.043697 -0.993946 -0.908771 0.402572 -0.109868 92.5173 5.78572 65.9829 0.559323 0.6242 0.406582 -0.363625 0
-0.413697 -0.414654 1.89105 0.416112 0.909177 0.0157732 0.0929397 -0.0252684 -0.995351 -0.904551 0.415643 -0.0950131 91.4542 5.33275 65.2966 0.569173 0.619757 0.404238 -0.358519 0
-0.413876 -0.415345 1.89116 0.431043 0.902071 0.021701 0.0957508 -0.0218127 -0.995166 -0.897237 0.431037 -0.0957762 91.2556 5.49454 64.3399 0.57303 0.62222 0.400912 -0.351779 0
-0.413571 -0.415387 1.89002 0.436729 0.899349 0.0209382 0.104211 -0.0274594 -0.994176 -0.893537 0.436368 -0.105714 91.5821 5.98169 63.9522 0.570867 0.626479 0.400476 -0.348215 0
-0.413299 -0.413797 1.89046 0.451649 0.892193 -0.00225404 0.0821481 -0.0441007 -0.995644 -0.888406 0.449496 -0.09321 92.5362 4.71205 63.0521 0.573223 0.63027 0.386478 -0.353285 0
-0.413473 -0.414468 1.88989 0.475746 0.879582 0.00121207 0.0739259 -0.0386116 -0.996516 -0.876471 0.474178 -0.0833931 92.2189 4.23951 61.507 0.581752 0.632011 0.377172 -0.34622 0
-0.413358 -0.414505 1.88999 0.444116 0.895731 0.0206644 0.103847 -0.028553 -0.994183 -0.889931 0.443679 -0.1057 91.6451 5.96072 63.4787 0.572246 0.628166 0.397816 -0.345954 0
-0.413619 -0.415916 1.89159 0.442082 0.896675 0.0231608 0.112491 -0.0298066 -0.993206 -0.889893 0.441684 -0.114045 91.719 6.45893 63.5827 0.5697 0.629669 0.400673 -0.344122 0
-0.413258 -0.416989 1.89028 0.438982 0.898256 0.0207414 0.14107 -0.0461064 -0.988925 -0.887352 0.437047 -0.146957 92.6694 8.10975 63.6779 0.558104 0.638758 0.406776 -0.339178 0
-0.413766 -0.416293 1.89147 0.432155 0.901679 0.0147004 0.119382 -0.0410443 -0.992 -0.893862 0.430453 -0.125382 92.3693 6.85645 64.1976 0.562523 0.632175 0.403789 -0.347673 0
-0.413163 -0.416898 1.88982 0.405362 0.913658 0.0301732 0.155984 -0.0366076 -0.987081 -0.90075 0.404831 -0.157356 92.1239 8.9739 65.771 0.550318 0.632322 0.422903 -0.344198 0
-0.413126 -0.416098 1.88896 0.385923 0.922298 0.020745 0.137209 -0.0351472 -0.989918 -0.91227 0.384879 -0.140111 92.0334 7.88636 67.0699 0.550151 0.624736 0.423981 -0.356761 0
-0.413494 -0.414319 1.88953 0.377439 0.92603 -0.00271979 0.0846316 -0.0374193 -0.995709 -0.922159 0.37559 -0.092495 92.1522 4.85484 67.7407 0.558463 0.613872 0.411593 -0.376658 0
-0.413768 -0.415065 1.88975 0.3088 0.950941 0.0187858 0.118627 -0.0189099 -0.992759 -0.9437 0.308793 -0.118646 91.0912 6.81285 71.8807 0.54112 0.601323 0.444673 -0.384533 0
-0.413113 -0.415877 1.88918 0.292304 0.956235 0.0131928 0.130774 -0.0263018 -0.991063 -0.947342 0.291417 -0.132739 91.5202 7.51431 72.8523 0.532274 0.602359 0.451147 -0.387705 0
-0.413769 -0.414405 1.88703 0.379044 0.925361 -0.00575405 0.0909816 -0.0434542 -0.994904 -0.920895 0.376589 -0.100662 92.5009 5.22008 67.6277 0.555637 0.617082 0.411753 -0.375416 0
-0.412466 -0.415227 1.88664 0.190105 0.981729 0.00822477 0.127319 -0.0163459 -0.991727 -0.973473 0.18958 -0.1281 90.9443 7.31468 78.95 0.511287 0.577614 0.480013 -0.417774 0
-0.413901 -0.415603 1.88877 0.315961 0.948715 0.0103854 0.120743 -0.0293503 -0.99225 -0.941058 0.314766 -0.123824 91.6943 6.93499 71.4405 0.539163 0.60604 0.441167 -0.383916 0
-0.414673 -0.417184 1.89011 0.19505 0.980789 0.00296325 0.15318 -0.0274785 -0.987816 -0.968758 0.193128 -0.155597 91.5934 8.81125 78.6162 0.502985 0.586968 0.482977 -0.411349 0
-0.413766 -0.413499 1.88664 0.290394 0.956907 0.000741517 0.0969483 -0.0286501 -0.994877 -0.951983 0.288978 -0.10109 91.6495 5.56347 73.0361 0.538668 0.595847 0.442167 -0.399113 0
-0.413043 -0.414248 1.8885 0.304398 0.95251 -0.00821561 0.101056 -0.0408687 -0.994041 -0.947169 0.301754 -0.108697 92.3543 5.79997 72.1838 0.537316 0.602902 0.436873 -0.396161 0
-0.413574 -0.414447 1.88765 0.337037 0.941477 0.00524951 0.110707 -0.0340935 -0.993268 -0.93496 0.33535 -0.115719 91.9659 6.35607 70.1766 0.544799 0.609682 0.431448 -0.381227 0
-0.41323 -0.414956 1.88834 0.321696 0.946691 -0.016948 0.110005 -0.0551473 -0.9924 -0.940431 0.317387 -0.121882 93.1806 6.31562 71.1156 0.534946 0.612112 0.431578 -0.391015 0
-0.413045 -0.414201 1.88678 0.355263 0.934576 -0.0188507 0.0921741 -0.055092 -0.994218 -0.930211 0.351471 -0.105716 93.1717 5.2887 69.0973 0.546456 0.615644 0.416942 -0.385394 0
-0.414033 -0.414703 1.88904 0.360603 0.932449 -0.022456 0.0848507 -0.056771 -0.994775 -0.928852 0.356813 -0.0995907 93.2663 4.86744 68.7826 0.54869 0.615826 0.412982 -0.386192 0
-0.412281 -0.414546 1.88748 0.348244 0.937001 -0.0274892 0.093515 -0.0639043 -0.993565 -0.932728 0.343432 -0.109878 93.6801 5.36585 69.5263 0.541863 0.616852 0.417651 -0.38916 0
-0.412851 -0.414828 1.88672 0.37373 0.927199 -0.0250414 0.097181 -0.0659917 -0.993077 -0.922432 0.368709 -0.114769 93.8018 5.57686 67.9443 0.546116 0.623396 0.410806 -0.379965 0
-0.414662 -0.414146 1.88822 0.406229 0.913664 -0.014019 0.078401 -0.0501355 -0.99566 -0.910402 0.403367 -0.0919987 92.8826 4.49666 65.9531 0.56216 0.622166 0.398633 -0.371452 0
-0.413543 -0.415231 1.89024 0.439651 0.89776 -0.0270964 0.0876006 -0.0728854 -0.993486 -0.893887 0.434413 -0.110688 94.1959 5.02559 63.8101 0.560374 0.637029 0.386702 -0.361437 0
-0.411529 -0.413788 1.88667 0.465333 0.884033 -0.044169 0.074762 -0.0889773 -0.993224 -0.881973 0.458878 -0.107496 95.1191 4.28755 62.1837 0.563218 0.644555 0.371882 -0.359217 0
-0.412526 -0.414822 1.88588 0.474099 0.879609 -0.0389682 0.0907919 -0.0928623 -0.991531 -0.875778 0.466546 -0.123887 95.3505 5.20916 61.5713 0.560658 0.650163 0.373137 -0.351737 0
-0.412235 -0.416677 1.88946 0.50074 0.865358 -0.0203542 0.121261 -0.0934114 -0.988216 -0.857062 0.492371 -0.151709 95.3999 6.96486 59.7043 0.560272 0.660655 0.373349 -0.332025 0
-0.413162 -0.416735 1.88966 0.509439 0.860387 -0.0143968 0.147704 -0.103914 -0.983558 -0.847736 0.498936 -0.18002 96.031 8.49387 58.9966 0.553513 0.669584 0.376387 -0.321891 0
-0.413148 -0.415722 1.88893 0.521024 0.853469 -0.0111461 0.121203 -0.0869051 -0.988816 -0.844893 0.513846 -0.148722 95.0227 6.96151 58.3389 0.566877 0.662694 0.367693 -0.322939 0
-0.412765 -0.414624 1.8879 0.546636 0.837352 -0.00552655 0.100012 -0.071839 -0.992389 -0.831377 0.541923 -0.123015 94.1404 5.73986 56.6748 0.581331 0.659828 0.355155 -0.317092 0
-0.413253 -0.414265 1.88707 0.578233 0.815847 0.0064161 0.0899976 -0.0559659 -0.994368 -0.810893 0.575554 -0.105786 93.2214 5.16347 54.508 0.59508 0.659542 0.343361 -0.304938 0
-0.413735 -0.413893 1.8867 0.623424 0.781795 0.0118029 0.0836358 -0.0516694 -0.995156 -0.777398 0.621392 -0.0975979 92.9722 4.79758 51.2726 0.607074 0.665712 0.325002 -0.28751 0
-0.414406 -0.413338 1.8867 0.647153 0.762318 0.00793739 0.0700395 -0.0490845 -0.996336 -0.759136 0.645338 -0.0851576 92.8204 4.01626 49.5528 0.615002 0.667345 0.311817 -0.281413 0
-0.413336 -0.413684 1.88734 0.666238 0.745681 0.0093085 0.0693035 -0.0494822 -0.996368 -0.742512 0.664463 -0.0846452 92.8431 3.97398 48.0991 0.618892 0.670889 0.303696 -0.273221 0
-0.413138 -0.413918 1.88748 0.71199 0.702188 0.00156216 0.0573303 -0.055913 -0.996788 -0.699845 0.709793 -0.0800661 93.2105 3.28659 44.5072 0.627696 0.6797 0.279358 -0.256835 0
-0.413751