-0.335056 -0.388567 1.46202 0.825813 0.56351 0.0221289 0.190537 -0.241867 -0.951418 -0.530781 0.78991 -0.307106 104.263 10.9841 32.7304 0.564987 0.770517 0.244656 -0.165036 0
-0.32896 -0.388569 1.46761 0.824795 0.564573 0.0311487 0.171182 -0.196822 -0.96538 -0.538896 0.801573 -0.258983 101.524 9.85658 33.1594 0.585019 0.755083 0.243601 -0.16811 0
-0.32395 -0.391202 1.47759 0.82621 0.561984 0.0393822 0.172813 -0.186287 -0.967178 -0.536202 0.805898 -0.25103 100.902 9.95142 32.9832 0.589256 0.752251 0.244199 -0.165111 0
-0.321959 -0.393622 1.4868 0.849785 0.525618 0.0398996 0.158808 -0.183103 -0.970182 -0.502639 0.830782 -0.239071 100.688 9.1377 30.6039 0.597413 0.753651 0.227037 -0.153499 0
-0.323035 -0.394118 1.49126 0.85394 0.519607 0.0281898 0.144066 -0.184014 -0.972308 -0.500031 0.834355 -0.231995 100.717 8.28322 30.3514 0.599569 0.753318 0.22025 -0.156588 0
-0.32393 -0.389834 1.49272 0.856007 0.516551 0.0206803 0.140165 -0.1934 -0.971056 -0.4976 0.834129 -0.237954 101.264 8.05741 30.1696 0.596794 0.756201 0.21711 -0.15767 0
-0.323836 -0.380806 1.49501 0.864126 0.502836 0.0210384 0.141768 -0.203094 -0.968842 -0.482895 0.840184 -0.246785 101.839 8.15019 29.1976 0.594611 0.760593 0.211876 -0.151808 0
-0.324969 -0.368422 1.50138 0.878374 0.47741 0.0231981 0.135464 -0.202106 -0.96995 -0.458376 0.855121 -0.242196 101.77 7.78547 27.5576 0.598764 0.762016 0.20107 -0.142772 0
-0.327483 -0.363057 1.5109 0.886606 0.462025 0.0215105 0.131789 -0.207771 -0.969259 -0.443352 0.862186 -0.245101 102.099 7.57297 26.5676 0.598693 0.764768 0.194116 -0.137899 0
-0.330308 -0.360806 1.52325 0.88279 0.469095 0.0251214 0.131293 -0.195029 -0.97197 -0.451047 0.861344 -0.233758 101.346 7.54432 27.064 0.60291 0.760194 0.197446 -0.140072 0
-0.330591 -0.361674 1.52993 0.891336 0.452354 0.029926 0.127021 -0.185829 -0.974337 -0.435185 0.872263 -0.223095 100.798 7.29751 26.0234 0.608772 0.75833 0.191004 -0.133602 0
-0.335168 -0.365465 1.55887 0.947792 0.318822 0.00648727 0.0788313 -0.21454 -0.973529 -0.308991 0.923214 -0.228473 102.428 4.52139 18.0565 0.613347 0.773111 0.128589 -0.0978202 0
-0.339341 -0.367636 1.57011 0.942348 0.33463 -0.00160626 0.0728896 -0.209944 -0.974993 -0.326599 0.918666 -0.222231 102.152 4.17998 19.1153 0.614445 0.770474 0.13223 -0.106495 0
-0.347646 -0.369798 1.578 0.930362 0.366609 0.00488805 0.0867898 -0.207258 -0.974429 -0.356222 0.906996 -0.224643 102.008 4.97895 20.9511 0.612058 0.768483 0.147498 -0.114295 0
-0.35001 -0.3723 1.58859 0.915336 0.402557 0.0104059 0.104324 -0.212096 -0.971665 -0.388943 0.890485 -0.236135 102.313 5.98823 23.0216 0.605621 0.768695 0.164851 -0.12311 0
-0.352082 -0.374707 1.59781 0.894994 0.445537 0.0219698 0.119508 -0.192034 -0.974085 -0.429772 0.874425 -0.225115 101.152 6.86371 25.6501 0.607833 0.760287 0.1858 -0.134095 0
-0.35426 -0.377233 1.60745 0.897517 0.439431 0.0369239 0.137543 -0.199402 -0.970217 -0.418981 0.875865 -0.239408 101.614 7.90572 25.0242 0.603885 0.764252 0.188738 -0.124977 0
-0.356145 -0.379248 1.61541 0.903295 0.427943 0.0303821 0.130065 -0.205678 -0.969938 -0.408829 0.880092 -0.241448 101.972 7.47335 24.3514 0.603359 0.766554 0.181986 -0.123425 0
-0.358139 -0.38038 1.62324 0.910535 0.412771 0.023368 0.113779 -0.195845 -0.974012 -0.397468 0.889531 -0.225288 101.369 6.53321 23.5823 0.610205 0.76349 0.172416 -0.122497 0
-0.358949 -0.381348 1.62837 0.914972 0.402593 0.0273079 0.113075 -0.190844 -0.975086 -0.387352 0.895264 -0.22014 101.074 6.49259 22.9453 0.613186 0.762554 0.169059 -0.118039 0
-0.360561 -0.381238 1.63807 0.853576 0.520838 -0.0116468 0.0911929 -0.171388 -0.980974 -0.512925 0.836274 -0.193789 99.9102 5.23224 31.0022 0.61 0.744774 0.205442 -0.176084 0
-0.362379 -0.383835 1.6438 0.850317 0.5262 -0.00863899 0.0883331 -0.158887 -0.983337 -0.518804 0.835385 -0.181585 99.1785 5.06772 31.3886 0.614379 0.740066 0.207594 -0.178175 0
-0.363622 -0.385553 1.64878 0.845783 0.533508 0.00447834 0.103507 -0.155846 -0.982343 -0.52339 0.831313 -0.187034 99.0147 5.94115 31.7502 0.612965 0.739707 0.215293 -0.175378 0
-0.364671 -0.387124 1.65339 0.841543 0.539797 0.0206168 0.127152 -0.160847 -0.978755 -0.525013 0.826285 -0.203995 99.3325 7.30502 31.9588 0.607598 0.742695 0.224503 -0.169786 0
-0.36597 -0.388819 1.6596 0.838787 0.543787 0.0270607 0.14144 -0.169635 -0.975305 -0.525767 0.8219 -0.2192 99.8668 8.13115 32.0803 0.60207 0.746261 0.229553 -0.167068 0
-0.371396 -0.392117 1.68633 0.828049 0.5578 -0.0565124 0.0370505 -0.155019 -0.987216 -0.55943 0.81537 -0.14903 98.9241 2.12332 34.0429 0.617252 0.730085 0.203692 -0.210914 0
-0.377376 -0.393912 1.6991 0.821401 0.56004 -0.107962 -0.0121162 -0.172114 -0.985003 -0.570222 0.81039 -0.134589 99.9115 -0.694226 34.7686 0.615365 0.729401 0.187799 -0.232446 0
-0.390524 -0.393962 1.70815 0.81583 0.565696 -0.120036 -0.0313184 -0.164046 -0.985955 -0.577443 0.808132 -0.116117 99.4465 -1.79471 35.2908 0.61961 0.723877 0.184554 -0.240883 0
-0.406904 -0.392396 1.72027 0.821415 0.5506 -0.148718 -0.0579372 -0.178852 -0.982169 -0.56738 0.815384 -0.115012 100.32 -3.32142 34.6342 0.617971 0.7272 0.16937 -0.246184 0
-0.427957 -0.390352 1.72673 0.822564 0.533575 -0.196687 -0.106 -0.195947 -0.974869 -0.558706 0.822741 -0.10462 101.365 -6.08477 34.1853 0.616846 0.728548 0.146722 -0.259212 0
-0.447754 -0.386001 1.72581 0.813158 0.532653 -0.234637 -0.129983 -0.226759 -0.965238 -0.567343 0.81539 -0.115155 103.221 -7.46862 34.9036 0.606474 0.734008 0.137147 -0.273151 0
-0.457317 -0.391225 1.72197 0.814866 0.51329 -0.269309 -0.160855 -0.246118 -0.955799 -0.556883 0.822168 -0.117988 104.44 -9.25652 34.3489 0.602237 0.738067 0.119378 -0.27985 0
-0.457216 -0.395347 1.71832 0.825351 0.491583 -0.277744 -0.16698 -0.257395 -0.95177 -0.539364 0.831922 -0.130357 105.133 -9.61228 33.1645 0.599499 0.743825 0.109099 -0.27463 0
-0.455936 -0.398155 1.71535 0.844766 0.466144 -0.262832 -0.142358 -0.277698 -0.950062 -0.515853 0.839996 -0.168231 106.293 -8.18431 31.4102 0.591362 0.756752 0.106966 -0.257246 0
-0.455636 -0.399384 1.71574 0.870343 0.43019 -0.239664 -0.100296 -0.321629 -0.941539 -0.482124 0.8435 -0.236781 108.86 -5.75621 28.9841 0.572698 0.779223 0.105841 -0.231573 0
-0.456738 -0.40324 1.71494 0.891679 0.412717 -0.185941 -0.0370169 -0.342909 -0.938639 -0.451153 0.843847 -0.290487 110.069 -2.12139 26.8375 0.560866 0.794524 0.118215 -0.200464 0
-0.456477 -0.400252 1.71561 0.910745 0.39804 -0.110031 0.019869 -0.308364 -0.951061 -0.41249 0.863988 -0.28875 107.964 1.13849 24.3665 0.573069 0.791811 0.131947 -0.164976 0
-0.455806 -0.400241 1.71578 0.931981 0.361936 -0.0203437 0.0962767 -0.301235 -0.948677 -0.349489 0.88219 -0.315591 107.616 5.52481 20.5558 0.573401 0.798249 0.143506 -0.115826 0
-0.455902 -0.401466 1.71479 0.940214 0.340499 -0.00762588 0.105445 -0.312308 -0.944111 -0.32385 0.886862 -0.32954 108.304 6.0528 19.0059 0.569729 0.80344 0.138761 -0.103143 0
-0.455217 -0.401799 1.7168 0.896856 0.442207 -0.0101192 0.141481 -0.308468 -0.940655 -0.419085 0.8422 -0.339215 108.156 8.13353 25.0459 0.558832 0.79758 0.182956 -0.134533 0
-0.455397 -0.400493 1.71603 0.933572 0.358018 0.016304 0.125385 -0.283662 -0.950692 -0.33574 0.889584 -0.309709 106.614 7.203 19.78 0.578835 0.794818 0.152048 -0.100474 0
-0.455681 -0.3995 1.71491 0.944871 0.327034 0.0163828 0.11229 -0.27662 -0.954396 -0.307588 0.903621 -0.298092 106.164 6.44735 18.0318 0.585269 0.79366 0.138385 -0.0917286 0
-0.452891 -0.399512 1.71614 0.948878 0.315635 -0.00213558 0.0883446 -0.272069 -0.958214 -0.303027 0.90904 -0.286045 105.851 5.06838 17.7111 0.589653 0.791674 0.127571 -0.0963663 0
-0.458333 -0.401476 1.71551 0.965696 0.259631 0.00480452 0.0811477 -0.28415 -0.95534 -0.24667 0.922958 -0.295471 106.564 4.65454 14.3288 0.588658 0.797703 0.1068 -0.0758007 0
-0.456324 -0.402313 1.71645 0.976948 0.211553 -0.028594 0.0468757 -0.343263 -0.938069 -0.208266 0.915104 -0.345267 110.099 2.68676 12.0342 0.567543 0.816315 0.0791449 -0.0725395 0
-0.455023 -0.402047 1.71612 0.988605 0.15044 0.00534454 0.0565424 -0.338192 -0.939377 -0.139512 0.928975 -0.342845 109.8 3.24137 8.03256 0.571745 0.816952 0.0633398 -0.0410574 0
-0.458926 -0.401512 1.71541 0.99274 0.112621 0.0422301 0.0776645 -0.332113 -0.940037 -0.0918427 0.936492 -0.338448 