-0.336627 -0.387788 1.45738 0.843774 0.535863 0.0299334 0.180449 -0.230726 -0.95614 -0.505454 0.812168 -0.291376 103.567 10.3959 30.9233 0.57482 0.76907 0.23285 -0.154576 0
-0.336059 -0.38614 1.45828 0.857927 0.513071 0.0268266 0.150192 -0.200524 -0.968108 -0.491329 0.834595 -0.249094 101.702 8.63806 29.7995 0.593361 0.75953 0.218314 -0.152891 0
-0.336532 -0.385958 1.45939 0.866421 0.498743 0.0238628 0.135458 -0.188783 -0.972632 -0.480588 0.845941 -0.231124 100.984 7.78511 29.0163 0.601356 0.756031 0.209714 -0.151028 0
-0.338224 -0.388212 1.4679 0.901053 0.432881 0.0267797 0.120698 -0.190972 -0.974147 -0.416575 0.88099 -0.224324 101.092 6.93239 24.8121 0.609458 0.760978 0.181864 -0.128058 0
-0.343331 -0.391098 1.47867 0.903568 0.428347 0.00914055 0.102488 -0.195377 -0.975358 -0.416006 0.88224 -0.220437 101.327 5.88243 24.7215 0.609868 0.761476 0.174278 -0.133578 0
-0.360922 -0.392822 1.48831 0.926642 0.375599 0.0161207 0.0926009 -0.186477 -0.978086 -0.364362 0.907828 -0.207578 100.794 5.31325 21.4651 0.618989 0.761692 0.153671 -0.114299 0
-0.373114 -0.39402 1.49171 0.928975 0.369868 0.0142445 0.0889531 -0.185732 -0.978566 -0.359294 0.91033 -0.205441 100.747 5.10339 21.1447 0.620041 0.761602 0.150611 -0.113265 0
-0.385592 -0.395866 1.49565 0.923148 0.383527 0.0265488 0.11068 -0.199003 -0.973729 -0.368168 0.901834 -0.226158 101.551 6.35453 21.743 0.611962 0.76621 0.161251 -0.111464 0
-0.391006 -0.396979 1.50156 0.909394 0.413481 0.0451251 0.137318 -0.19605 -0.970932 -0.392615 0.889156 -0.235065 101.416 7.89269 23.3514 0.607922 0.764936 0.180015 -0.113568 0
-0.390271 -0.399282 1.50723 0.906179 0.419903 0.0502126 0.144584 -0.196043 -0.969878 -0.397411 0.886142 -0.238361 101.427 8.31321 23.6802 0.606584 0.764948 0.184486 -0.113471 0
-0.392898 -0.401425 1.51418 0.90136 0.430509 0.0470419 0.149445 -0.207251 -0.966806 -0.406469 0.87847 -0.251145 102.099 8.59478 24.273 0.600617 0.768075 0.188769 -0.11699 0
-0.394964 -0.392364 1.51909 0.910973 0.411424 0.0293048 0.115504 -0.186252 -0.975689 -0.395964 0.892211 -0.217191 100.807 6.63268 23.4927 0.613907 0.76066 0.173181 -0.120507 0
-0.404475 -0.390158 1.53372 0.911128 0.411939 0.0123218 0.109766 -0.213746 -0.970703 -0.397236 0.885787 -0.239966 102.418 6.30182 23.5564 0.603617 0.768902 0.169627 -0.125151 0
-0.409559 -0.381782 1.54772 0.898544 0.438683 -0.0132391 0.104543 -0.243236 -0.964317 -0.426249 0.865098 -0.26442 104.157 6.00085 25.3786 0.58968 0.775597 0.175099 -0.141661 0
-0.412694 -0.379275 1.56844 0.902252 0.429725 0.0357419 0.139125 -0.211645 -0.967394 -0.408149 0.877806 -0.250743 102.341 7.99722 24.3404 0.599972 0.768869 0.184963 -0.121089 0
-0.414792 -0.372217 1.58642 0.907657 0.418322 0.0341448 0.123275 -0.187941 -0.974413 -0.401202 0.888642 -0.222155 100.917 7.08114 23.8463 0.611874 0.761208 0.177874 -0.120551 0
-0.419146 -0.364041 1.60164 0.91678 0.396133 0.0509226 0.124247 -0.1617 -0.978987 -0.379575 0.903843 -0.197462 99.3789 7.13729 22.4911 0.624023 0.754311 0.172469 -0.108925 0
-0.42237 -0.355475 1.61159 0.925163 0.376069 0.0514406 0.121283 -0.164469 -0.978897 -0.359673 0.911878 -0.197772 99.5375 6.96617 21.2445 0.625084 0.756208 0.164423 -0.101901 0
-0.424446 -0.346518 1.62063 0.929228 0.36658 0.0464197 0.114876 -0.167197 -0.979208 -0.351197 0.91524 -0.197476 99.6897 6.59647 20.7038 0.625411 0.757281 0.158942 -0.100616 0
-0.42615 -0.346407 1.62887 0.935249 0.353656 0.015391 0.0823614 -0.175109 -0.981098 -0.344276 0.918839 -0.192898 100.12 4.72431 20.2093 0.625948 0.758824 0.143649 -0.108354 0
-0.427203 -0.347578 1.6323 0.939552 0.341641 0.0228777 0.0816716 -0.158717 -0.98394 -0.332523 0.926332 -0.177026 99.1633 4.68465 19.4897 0.633208 0.754204 0.140318 -0.10264 0
-0.428604 -0.349491 1.63671 0.948548 0.314682 0.0351049 0.0900024 -0.161664 -0.982733 -0.303573 0.935329 -0.181668 99.3417 5.16374 17.7468 0.633486 0.756948 0.133657 -0.0886681 0
-0.42922 -0.356918 1.63798 0.95434 0.298209 0.0175059 0.0755249 -0.184169 -0.979989 -0.289017 0.936565 -0.198282 100.643 4.33138 16.8487 0.626875 0.764328 0.122243 -0.0888072 0
-0.422408 -0.356188 1.64884 0.967676 0.244993 0.0598533 0.112694 -0.207733 -0.971672 -0.22562 0.947009 -0.228627 102.068 6.47062 13.1244 0.618732 0.775248 0.115346 -0.0534559 0
-0.427256 -0.382466 1.63582 0.964157 0.264803 0.0167734 0.0559154 -0.140979 -0.988432 -0.259376 0.953941 -0.150733 98.1173 3.20539 15.0571 0.646615 0.750977 0.106767 -0.0807621 0
-0.430036 -0.394579 1.64204 0.950809 0.304807 0.0552677 0.112602 -0.173859 -0.978312 -0.288588 0.936411 -0.199629 100.077 6.46531 16.884 0.627957 0.762282 0.136894 -0.0765202 0
-0.429329 -0.407311 1.64358 0.946367 0.318063 0.0567971 0.121023 -0.185971 -0.975073 -0.299572 0.929651 -0.21449 100.798 6.95112 17.5652 0.621672 0.765968 0.143311 -0.0792379 0
-0.431066 -0.413101 1.6462 0.936631 0.344332 0.0644783 0.137334 -0.19159 -0.971819 -0.322275 0.919091 -0.226738 101.153 7.89363 18.9873 0.616097 0.767294 0.156937 -0.0839955 0
-0.432065 -0.409754 1.65048 0.933193 0.352957 0.0676119 0.145802 -0.199887 -0.96891 -0.328469 0.914039 -0.237995 101.657 8.38373 19.3912 0.611415 0.769915 0.161953 -0.0847032 0
-0.432657 -0.410701 1.65331 0.931518 0.360407 0.0487889 0.13152 -0.208744 -0.969086 -0.339081 0.909138 -0.24185 102.156 7.55746 20.002 0.608466 0.771705 0.159364 -0.0940425 0
-0.433841 -0.41105 1.65666 0.929948 0.364785 0.0461394 0.127364 -0.201862 -0.971097 -0.344928 0.908946 -0.234182 101.743 7.31731 20.3504 0.611127 0.769089 0.159978 -0.0971241 0
-0.434862 -0.412045 1.66056 0.929301 0.366639 0.044442 0.12562 -0.200632 -0.971579 -0.347302 0.908473 -0.232505 101.668 7.21655 20.4919 0.611589 0.768511 0.160134 -0.0985218 0
-0.430411 -0.389669 1.65229 0.906051 0.422966 -0.0130824 0.0795441 -0.200596 -0.976439 -0.415625 0.883663 -0.215395 101.609 4.56236 24.642 0.61034 0.761912 0.164885 -0.140668 0
-0.429737 -0.380383 1.65401 0.892186 0.451535 0.0109745 0.101294 -0.17635 -0.979102 -0.440163 0.874653 -0.203075 100.21 5.81371 26.2596 0.614972 0.753593 0.183398 -0.142381 0
-0.42147 -0.386949 1.65494 0.878355 0.477959 0.00687963 0.0843139 -0.140747 -0.986449 -0.470514 0.867033 -0.163924 98.1202 4.83657 28.1769 0.627233 0.738753 0.190278 -0.156897 0
-0.421558 -0.387334 1.65544 0.859967 0.509794 0.0238046 0.10408 -0.129526 -0.986099 -0.499624 0.85049 -0.164448 97.4831 5.97417 30.1558 0.625698 0.733816 0.209138 -0.162105 0
-0.42239 -0.38788 1.65739 0.837825 0.544861 0.0343013 0.129087 -0.136664 -0.982171 -0.530459 0.827315 -0.184835 97.9215 7.41686 32.3395 0.615696 0.734732 0.229318 -0.168823 0
-0.423323 -0.38881 1.66074 0.818646 0.573156 0.0362087 0.142602 -0.141796 -0.979571 -0.556312 0.807085 -0.197814 98.2366 8.19843 34.1981 0.608078 0.73455 0.243604 -0.177014 0
-0.424199 -0.390129 1.66441 0.799228 0.599867 0.037336 0.157962 -0.149711 -0.97603 -0.579899 0.785968 -0.21441 98.7205 9.08864 35.9636 0.59898 0.735416 0.257619 -0.184441 0
-0.426532 -0.391454 1.67114 0.797981 0.601477 0.0381046 0.157142 -0.146609 -0.976633 -0.581836 0.785323 -0.211508 98.5373 9.04102 36.0971 0.599972 0.734183 0.258321 -0.185148 0
-0.426597 -0.392417 1.67474 0.761809 0.64661 0.0392924 0.169245 -0.140115 -0.975563 -0.625303 0.749843 -0.216177 98.1732 9.74392 39.3796 0.592772 0.727685 0.280291 -0.201327 0
-0.427886 -0.393793 1.67934 0.744741 0.666315 0.0372039 0.174139 -0.140213 -0.974688 -0.644233 0.732369 -0.220454 98.1861 10.0285 40.8612 0.588234 0.725501 0.289612 -0.209176 0
-0.428981 -0.394687 1.68335 0.724756 0.68804 0.0364816 0.179536 -0.137467 -0.9741 -0.665204 0.712534 -0.223157 98.0327 10.3427 42.5467 0.58398 0.722042 0.300389 -0.217689 0
-0.430842 -0.39674 1.69144 0.770671 0.635212 0.0507155 0.17686 -0.136755 -0.974689 -0.612198 0.760134 -0.217737 97.9868 10.1869 38.4626 0.595017 0.728897 0.278528 -0.19258 0
-0.432966 -0.398481 1.6991 0.814548 0.577725 0.0523886 0.167953 -0.148427 -0.974557 -0.55525 0.802622 -0.217932 98.6597 9.66884 34.281 0.601704 0.738395 0.252466 -0.170255 0
-0.434561 -0.400058 1.70605 0.874476 0.483052 0.0441933 0.14754 -0.178085 -0.972891 -0.462087 0.85729 -0.227 100.373 8.48436 27.8527 0.606092 0.754911 0.20883 -0.138392 0
-0.438012 -0.402058 1.71605 0.827447 0.559257 0.050638 0.167668 -0.159992 -0.972774 -0.535929 0.813409 -0.226154