-0.336759 -0.38695 1.45621 0.837009 0.546804 -0.0205538 0.146185 -0.259652 -0.954574 -0.527301 0.795982 -0.297265 105.217 8.40593 32.2102 0.565706 0.773616 0.223945 -0.177044 0
-0.335869 -0.384354 1.45663 0.824874 0.564995 0.019092 0.142657 -0.175357 -0.974114 -0.547022 0.806245 -0.225248 100.205 8.20161 33.5507 0.596714 0.745902 0.23718 -0.176943 0
-0.333313 -0.383899 1.44964 0.830251 0.555914 0.0405284 0.171177 -0.185102 -0.967696 -0.530454 0.810368 -0.248841 100.829 9.85628 32.5749 0.590827 0.752362 0.241603 -0.162796 0
-0.333971 -0.38359 1.44852 0.823058 0.567215 0.02904 0.163977 -0.188364 -0.968313 -0.543772 0.80174 -0.248044 101.008 9.4378 33.4516 0.588781 0.751576 0.243219 -0.171217 0
-0.335004 -0.384469 1.45215 0.835946 0.548129 0.0273767 0.15488 -0.187763 -0.969926 -0.526504 0.815046 -0.241854 100.956 8.90986 32.204 0.592944 0.752589 0.23353 -0.165804 0
-0.336073 -0.386071 1.45809 0.846119 0.532522 0.0224431 0.149102 -0.19606 -0.96919 -0.511715 0.823396 -0.24529 101.436 8.57487 31.1647 0.592615 0.756219 0.225339 -0.161749 0
-0.337163 -0.38714 1.4623 0.837535 0.545692 0.027486 0.156525 -0.191432 -0.968945 -0.523484 0.815827 -0.245745 101.176 9.00525 32.0066 0.591684 0.754107 0.232798 -0.164432 0
-0.33877 -0.390139 1.47446 0.811599 0.582984 0.0379075 0.171163 -0.175242 -0.969533 -0.558579 0.79336 -0.242011 100.246 9.85545 34.5375 0.590412 0.746467 0.252572 -0.174379 0
-0.338284 -0.371846 1.4709 0.919339 0.391574 0.0385333 0.135902 -0.224106 -0.965043 -0.36925 0.892438 -0.259245 103.074 7.8108 21.8827 0.599164 0.775031 0.170147 -0.106679 0
-0.338451 -0.360686 1.47358 0.948323 0.313558 0.048619 0.12527 -0.229192 -0.965287 -0.291531 0.921495 -0.256628 103.357 7.19634 17.0883 0.60467 0.780087 0.140634 -0.0778476 0
-0.340481 -0.351389 1.4769 0.953302 0.299194 0.0412067 0.109708 -0.215929 -0.970226 -0.281388 0.929439 -0.23867 102.547 6.29846 16.4451 0.612108 0.775871 0.131756 -0.0773909 0
-0.340374 -0.343774 1.48402 0.958456 0.28362 0.0303438 0.0924255 -0.208164 -0.973717 -0.269849 0.93607 -0.22573 102.067 5.30316 15.7243 0.617366 0.773361 0.121562 -0.0774236 0
-0.340674 -0.332977 1.48744 0.960499 0.276658 0.0300226 0.0849145 -0.188634 -0.978369 -0.265011 0.942273 -0.204675 100.913 4.87111 15.4247 0.625937 0.767106 0.117837 -0.0765826 0
-0.346062 -0.323793 1.49302 0.969428 0.244595 0.0195793 0.0631359 -0.171533 -0.983153 -0.237116 0.954332 -0.181732 99.8969 3.61983 13.7443 0.635642 0.762019 0.100959 -0.0713685 0
-0.36372 -0.312354 1.49126 0.991066 0.133347 -0.0025288 0.0164744 -0.141213 -0.989842 -0.132349 0.980957 -0.142148 98.1192 0.943954 7.60641 0.653396 0.75406 0.0496715 -0.0447173 0
-0.374256 -0.302223 1.49124 0.988978 0.147662 0.0108977 0.033198 -0.149415 -0.988217 -0.144294 0.977687 -0.15267 98.5978 1.90246 8.30098 0.649402 0.756813 0.0597439 -0.044065 0
-0.374943 -0.284445 1.49486 0.989854 0.134798 -0.04493 -0.0221203 -0.166163 -0.98585 -0.140356 0.976842 -0.161495 99.5672 -1.2675 8.07045 0.644631 0.761169 0.0370081 -0.0608559 0
-0.380822 -0.260945 1.50164 0.995566 -0.0940514 -0.00137483 -0.00867153 -0.0772175 -0.996977 0.0936609 0.992568 -0.0776907 94.4288 -0.496848 -5.37445 0.678354 0.733225 -0.0350244 0.0314658 0
-0.38028 -0.243289 1.50368 0.994606 -0.102412 0.0164791 0.0080351 -0.0823236 -0.996573 0.103417 0.99133 -0.0810566 94.7223 0.460383 -5.93619 0.676614 0.734504 -0.0321226 0.0408087 0
-0.379355 -0.232633 1.50663 0.99336 -0.113292 0.020043 0.00848198 -0.101621 -0.994787 0.114739 0.988351 -0.0999849 95.8327 0.485988 -6.58879 0.669282 0.740771 -0.0353721 0.0454869 0
-0.377957 -0.231729 1.50937 0.997931 -0.0640772 0.00519782 -0.000592303 -0.0900133 -0.99594 0.064285 0.993877 -0.0898651 95.1644 -0.0339365 -3.6858 0.674176 0.73787 -0.0219109 0.0235417 1
-0.379372 -0.233981 1.50985 0.999765 -0.0141395 -0.0164526 -0.0170707 -0.0447689 -0.998852 0.0133867 0.998897 -0.0449998 92.5663 -0.978129 -0.767137 0.691013 0.722761 -0.0107955 -0.00106048 1
-0.38054 -0.237997 1.51041 0.998695 0.0349809 -0.037217 -0.0376641 0.0122116 -0.999216 -0.0344989 0.999313 0.0135132 89.2998 -2.15851 1.97844 0.711411 0.702312 -0.000955158 -0.0255285 1
-0.381047 -0.239233 1.51221 0.997574 0.0539638 -0.0439835 -0.0463312 0.0430537 -0.997998 -0.0519621 0.997614 0.0454494 87.5298 -2.65553 2.98176 0.722163 0.690846 0.00276205 -0.0347204 1
-0.378841 -0.236735 1.50604 0.991772 0.114916 -0.0564152 -0.0567768 -0.000126646 -0.998387 -0.114737 0.993375 0.00639894 90.0073 -3.25482 6.59917 0.706761 0.704539 0.0206301 -0.0607322 1
-0.377318 -0.236431 1.49257 0.982685 0.170646 -0.0721807 -0.0792646 0.0350613 -0.996237 -0.167474 0.984708 0.0479804 87.9844 -4.5463 9.67168 0.718632 0.689138 0.0331508 -0.0869399 1
-0.376164 -0.235195 1.48682 0.974793 0.200767 -0.0973244 -0.10745 0.0401446 -0.9934 -0.195534 0.978816 0.0607051 87.6859 -6.16835 11.3425 0.720354 0.68446 0.0340839 -0.106967 1
-0.375025 -0.233796 1.48173 0.970051 0.225192 -0.0910509 -0.0966771 0.0140608 -0.995216 -0.222835 0.974213 0.0354106 89.1906 -5.54786 12.9372 0.710549 0.692925 0.046367 -0.113247 1
-0.373478 -0.233121 1.47571 0.96696 0.241222 -0.0824666 -0.0838426 -0.00457264 -0.996469 -0.240747 0.970459 0.0158031 90.2629 -4.80947 13.9809 0.703241 0.699237 0.0562683 -0.11556 1
-0.372479 -0.232391 1.47239 0.969655 0.236114 -0.0634028 -0.0523857 -0.0526506 -0.997238 -0.2388 0.970298 -0.0386839 93.0222 -3.00286 13.8351 0.685259 0.717807 0.0639894 -0.105252 0
-0.371879 -0.232008 1.469 0.962721 0.265144 -0.053544 -0.0360277 -0.0704951 -0.996861 -0.268086 0.961628 -0.0583146 94.0451 -2.06468 15.5608 0.67711 0.723106 0.0792125 -0.111197 1
-0.370167 -0.231209 1.46517 0.957287 0.281289 -0.0669182 -0.0416443 -0.0948927 -0.994616 -0.286125 0.95492 -0.0791254 95.4499 -2.38674 16.641 0.667695 0.729949 0.0820758 -0.120914 0
-0.369461 -0.231112 1.46143 0.954953 0.289341 -0.0659282 -0.0318819 -0.120845 -0.992159 -0.295039 0.949567 -0.106177 96.9444 -1.82701 17.1689 0.657254 0.738576 0.0871471 -0.122184 0
-0.368288 -0.230759 1.45577 0.935106 0.344594 -0.082652 -0.0469051 -0.110826 -0.992732 -0.351249 0.932187 -0.087471 96.37 -2.68845 20.5874 0.65894 0.730309 0.101905 -0.148533 1
-0.367587 -0.22989 1.45209 0.924733 0.375427 -0.0626405 -0.00944535 -0.141891 -0.989837 -0.3805 0.915927 -0.127665 98.1576 -0.541187 22.3657 0.643269 0.740656 0.123533 -0.149577 1
-0.36651 -0.229757 1.44899 0.948091 0.312783 -0.0573566 -0.0177731 -0.127965 -0.991619 -0.317502 0.941165 -0.115763 97.3532 -1.01838 18.5149 0.652756 0.74024 0.0996334 -0.1266 0
-0.365877 -0.229142 1.44687 0.912167 0.407329 -0.0451016 0.0111965 -0.134781 -0.990812 -0.409666 0.903281 -0.127504 97.7464 0.641524 24.1854 0.642239 0.737301 0.141911 -0.1542 1
-0.364 -0.228054 1.43831 0.913564 0.401139 -0.0669927 -0.020655 -0.118748 -0.99271 -0.40617 0.908288 -0.100199 96.8213 -1.18353 23.9699 0.650887 0.730156 0.130275 -0.162007 1
-0.359915 -0.226806 1.42605 0.955417 0.275434 -0.106374 -0.0854649 -0.0868684 -0.992547 -0.282622 0.957387 -0.0594556 95.0018 -4.90276 16.4787 0.672513 0.724869 0.0655184 -0.134161 0
-0.357452 -0.222137 1.42312 0.967342 0.213301 -0.136938 -0.121933 -0.0820446 -0.989142 -0.22222 0.973535 -0.0533568 94.7416 -7.00366 12.9376 0.676746 0.725042 0.0315045 -0.12384 0
-0.356187 -0.221167 1.42047 0.952604 0.244659 -0.180795 -0.168296 -0.0712426 -0.983159 -0.253419 0.966988 -0.0266907 94.1446 -9.68878 14.8972 0.680932 0.715985 0.0266636 -0.151614 0
-0.356361 -0.220063 1.41881 0.938828 0.281376 -0.198569 -0.18293 -0.0810802 -0.979777 -0.291786 0.956166 -0.0246483 94.7307 -10.5405 17.2651 0.67696 0.71494 0.0344246 -0.171467 1
-0.356157 -0.219411 1.41673 0.929319 0.322482 -0.179924 -0.172657 -0.0512519 -0.983648 -0.32643 0.945187 0.00804954 92.9826 -9.94237 19.3542 0.68668 0.702232 0.0533386 -0.180266 1
-0.354921 -0.218318 1.41075 0.931845 0.327183 -0.156898 -0.162337 -0.0108022 -0.986676 -0.324518 0.944899 0.0430479 90.6273 -9.34257 19.2009 0.70073 0.68913 0.0598022 -0.174646 1
-0.353168 -0.217172 1.40342 0.953432 0.268039 -0.138285 -0.14216 -0.00499554 -0.989831 -0.266004 0.963395 0.0333415 90.2892 -8.17285 15.5889 0.703878 0.693737 0.0453625 -0.145692 1
-0.350944 -0.215977 1.39675 0.961047 0.239155 -0.138539 -0.141842 -0.00343 -0.989883 -0.237211 0.970975 0.0306259 90.1985 -8.15446 13.8649 0.705025 0.695315 0.0349887 -0.1351 1
-0.349984 -0.215107 1.39425 0.971467 0.195123 -0.134827 -0.134012 -0.0174341 -0.990826 -0.195684 0.980624 0.00921218 91.008 -7.70148 11.3888 0.700579 0.703507 0.0217168 -0.117451 0
-0.349844 -0.214318 1.38996 0.976009 0.176149 -0.127974 -0.131738 0.0097913 -0.991236 -0.173352 0.984315 0.0327619 89.4341 -7.57003 10.0715 0.710381 0.695244 0.0159697 -0.108353 1
-0.347088 -0.21159 1.38149 0.989101 0.0315291 -0.143824 -0.147117 0.171921 -0.974063 -0.00598496 0.984606 0.174686 79.9904 -8.45991 0.346687 0.764151 0.640799 -0.0450954 -0.0584461 1
-0.346073 -0.208612 1.37578 0.984344 -0.0610342 -0.165355 -0.144945 0.253501 -0.956414 0.100292 0.965408 0.240685 75.1549 -8.33407 -5.8176 0.787167 0.61036 -0.0843678 -0.0266495 1
-0.344026 -0.207704 1.36956 0.97621 -0.105961 -0.189174 -0.150007 0.299934 -0.942092 0.156565 0.948057 0.276903 72.3401 -8.62734 -9.11152 0.798913 0.591475 -0.108191 -0.0137831 1
-0.34378 -0.205684 1.36637 0.972108 -0.138777 -0.189066 -0.147543 0.264774 -0.952957 0.182308 0.954272 0.236913 74.4724 -8.48456 -10.6218 0.786415 0.606305 -0.118059 -0.00278663 1
-0.341173 -0.205271 1.36002 0.965796 -0.161763 -0.202662 -0.157082 0.256852 -0.9536 0.206311 0.952817 0.222656 74.9252 -9.03757 -12.0581 0.781873 0.609567 -0.130767 0.00149657 1
-0.339439 -0.204095 1.35488 0.961117 -0.178518 -0.210678 -0.168231 0.226475 -0.959379 0.21898 0.957518 0.187637 76.7177 -9.68499 -12.8351 0.770589 0.621893 -0.139393 0.00333741 1
-0.337866 -0.199674 1.34803 0.960264 -0.190096 -0.204345 -0.149098 0.269529 -0.95138 0.23593 0.944043 0.230477 74.1824 -8.57463 -13.8038 0.784262 0.604206 -0.140347 0.0130691 1
-0.336066 -0.198121 1.34146 0.942891 -0.228836 -0.242054 -0.129255 0.418381 -0.899028 0.307001 0.878972 0.364909 65.0441 -7.42652 -18.035 0.825558 0.538424 -0.166268 0.0301558 0
-0.336152 -0.19868 1.34275 0.941566 -0.213396 -0.260607 -0.146783 0.436424 -0.887687 0.303164 0.874069 0.379599 63.8194 -8.44055 -17.8474 0.830299 0.530458 -0.169749 0.0200569 1
-0.336297 -0.198263 1.33823 0.938807 -0.226287 -0.259685 -0.129197 0.46754 -0.87448 0.319297 0.854518 0.409694 61.8688 -7.42319 -18.7836 0.839053 0.515163 -0.17251 0.0289285 1
-0.336414 -0.198745 1.34269 0.928344 -0.252587 -0.272721 -0.134626 0.455402 -0.880048 0.346486 0.853703 0.388766 62.6396 -7.73697 -20.4671 0.832543 0.520619 -0.185938 0.0354219 1
-0.334879 -0.197183 1.33486 0.933192 -0.237535 -0.269683 -0.123906 0.491743 -0.86188 0.337342 0.837715 0.429459 60.2932 -7.11757 -19.8745 0.844748 0.502989 -0.179647 0.0336283 1
-0.334421 -0.19656 1.33201 0.936017 -0.223904 -0.27155 -0.130061 0.496886 -0.858014 0.327043 0.838434 0.435972 59.9244 -7.47312 -19.2593 0.846888 0.500789 -0.176704 0.0277023 1
-0.332706 -0.194888 1.32626 0.930954 -0.223612 -0.288658 -0.12666 0.543695 -0.829671 0.342466 0.808946 0.477832 56.7626 -7.27662 -20.1968 0.859139 0.476819 -0.18365 0.0282119 1
-0.327366 -0.192816 1.30673 0.942648 -0.165317 -0.289974 -0.158796 0.542019 -0.825227 0.293595 0.823945 0.484681 56.7026 -9.13703 -17.2996 0.86159 0.478526 -0.169329 0.00189218 1
-0.327968 -0.192661 1.31545 0.901683 -0.306999 -0.304498 -0.0718305 0.588075 -0.80561 0.426389 0.748277 0.508206 53.8715 -4.11913 -25.3086 0.865732 0.448721 -0.211061 0.0679102 1
-0.32555 -0.189956 1.3054 0.882682 -0.341942 -0.32241 -0.0451953 0.621081 -0.782442 0.467793 0.705219 0.532763 51.5584 -2.59038 -27.9221 0.871282 0.42686 -0.226736 0.0851467 1
-0.323103 -0.188269 1.29419 0.885592 -0.330216 -0.326625 -0.0109297 0.68822 -0.72542 0.464335 0.645996 0.605873 46.5074 -0.62624 -27.669 0.891584 0.384545 -0.221785 0.0895277 1
-0.321351 -0.187534 1.28763 0.870027 -0.352523 -0.344647 0.0103909 0.712031 -0.702072 0.492895 0.60724 0.623149 44.5965 0.595367 -29.5328 0.895154 0.365666 -0.23391 0.101355 1
-0.31958 -0.186383 1.28278 0.869051 -0.353298 -0.346311 0.0137592 0.717 -0.696937 0.494532 0.600909 0.62797 44.1871 0.788368 -29.642 0.896385 0.361967 -0.23451 0.102372 1
-0.318038 -0.185037 1.27687 0.872035 -0.340746 -0.351351 0.00567809 0.724852 -0.688881 0.48941 0.598733 0.634031 43.5425 0.325332 -29.3024 0.898738 0.358173 -0.233873 0.096364 1
-0.317829 -0.186143 1.27825 0.872667 -0.343404 -0.347169 -0.0309498 0.670626 -0.74115 0.487335 0.657521 0.574605 47.8598 -1.77358 -29.1809 0.882878 0.396054 -0.236302 0.088476 1
-0.318305 -0.185588 1.27771 0.876584 -0.325095 -0.354842 -0.0746962 0.636491 -0.767659 0.475416 0.699423 0.533655 50.3367 -4.28377 -28.4732 0.872744 0.420249 -0.23783 0.0717275 1
-0.316914 -0.186208 1.27829 0.885062 -0.33106 -0.327208 -0.0592694 0.617082 -0.784664 0.461685 0.713869 0.526534 51.8175 -3.39788 -27.5484 0.870155 0.430536 -0.226653 0.0780868 1
-0.316478 -0.184223 1.27104 0.869388 -0.352469 -0.346309 -0.0433834 0.643693 -0.764053 0.492222 0.679283 0.544327 49.8868 -2.48647 -29.5173 0.874272 0.412725 -0.23978 0.0883838 1
-0.315459 -0.183006 1.26776 0.87774 -0.343729 -0.333801 -0.0122506 0.680343 -0.732791 0.478981 0.647289 0.592953 47.1255 -0.701926 -28.6212 0.887558 0.38873 -0.228938 0.0933682 1
-0.315379 -0.183778 1.2658 0.853428 -0.387155 -0.348957 -0.00248327 0.666485 -0.745514 0.521205 0.637109 0.567836 48.2035 -0.142281 -31.4132 0.8786 0.393417 -0.247599 0.109456 1
-0.313273 -0.184004 1.26412 0.85263 -0.398665 -0.33777 0.0207966 0.67181 -0.740431 0.522101 0.624289 0.581096 47.7818 1.19164 -31.4809 0.881127 0.387209 -0.243969 0.119013 1
-0.31335 -0.182215 1.25963 0.840664 -0.421984 -0.339432 0.057669 0.69296 -0.718666 0.538478 0.584581 0.606882 46.0432 3.30603 -32.6412 0.886074 0.367703 -0.247697 0.135331 1
-0.312095 -0.18161 1.25653 0.827951 -0.430543 -0.359347 0.0685316 0.71365 -0.697143 0.556598 0.552573 0.620373 44.3296 3.92965 -33.9113 0.889097 0.3514 -0.257549 0.140332 1
-0.307692 -0.179433 1.24202 0.873171 -0.341982 -0.347306 0.0119809 0.72739 -0.686119 0.487267 0.594938 0.639233 43.3276 0.68647 -29.1634 0.899971 0.355861 -0.231833 0.0983262 1
-0.306474 -0.180045 1.23773 0.894088 -0.295243 -0.336806 -0.0160259 0.730412 -0.682819 0.447605 0.615898 0.648321 43.0712 -0.918253 -26.5938 0.904547 0.358941 -0.216797 0.0771705 1
-0.303575 -0.176751 1.22757 0.914867 -0.201181 -0.350064 -0.099432 0.728054 -0.67827 0.391321 0.655334 0.646069 42.9726 -5.70646 -23.1581 0.906779 0.367676 -0.204401 0.0280525 1
-0.302159 -0.176206 1.22374 0.913853 -0.201679 -0.352418 -0.103022 0.724363 -0.681678 0.392759 0.65926 0.641184 43.2611 -5.91321 -23.2572 0.905456 0.370238 -0.205746 0.0272397 1
-0.301255 -0.175933 1.21852 0.908328 -0.211157 -0.361045 -0.100698 0.727416 -0.678768 0.405956 0.652901 0.639469 43.0186 -5.77939 -24.0811 0.904877 0.367914 -0.211907 0.0305174 1
-0.30171 -0.176796 1.21839 0.915909 -0.182233 -0.357634 -0.107604 0.746908 -0.656163 0.386694 0.639468 0.664491 41.2995 -6.17722 -22.8893 0.912045 0.355144 -0.204027 0.0204564 1
-0.300494 -0.175742 1.21672 0.914557 -0.176949 -0.363695 -0.11294 0.751722 -0.649737 0.388368 0.635297 0.667509 40.8379 -6.4848 -23.0086 0.912933 0.351897 -0.205947 0.0175285 1
-0.299599 -0.176532 1.21102 0.929338 -0.131417 -0.345051 -0.118922 0.778181 -0.616679 0.349554 0.614137 0.707564 38.3955 -6.82992 -20.6129 0.923997 0.333014 -0.187935 0.00338063 1
-0.30051 -0.176944 1.21363 0.930117 -0.146101 -0.336952 -0.100563 0.781089 -0.616269 0.353227 0.607087 0.711812 38.273 -5.77162 -20.7951 0.92507 0.330612 -0.186521 0.0123064 1
-0.300979 -0.174942 1.21733 0.918547 -0.181127 -0.351374 -0.093243 0.764503 -0.637841 0.384157 0.61865 0.685343 39.839 -5.3502 -22.6958 0.917659 0.342309 -0.200382 0.0239426 1
-0.300569 -0.175031 1.21911 0.912148 -0.207032 -0.353729 -0.0878123 0.74429 -0.662058 0.400344 0.634956 0.660723 41.6536 -5.03776 -23.6968 0.910654 0.356067 -0.207014 0.032729 1
-0.301974 -0.176904 1.22059 0.915125 -0.213425 -0.342047 -0.0766635 0.740797 -0.667339 0.395814 0.636921 0.661561 42.0138 -4.39681 -23.3897 0.910698 0.358039 -0.202554 0.037543 1
-0.301703 -0.174149 1.22318 0.900857 -0.251344 -0.353953 -0.0856637 0.696389 -0.712534 0.42558 0.672212 0.605816 45.6565 -4.91419 -25.2868 0.894855 0.386863 -0.217782 0.0462869 1
-0.301397 -0.177156 1.22182 0.906967 -0.209152 -0.365604 -0.106899 0.725282 -0.680102 0.40741 0.655913 0.635449 43.1587 -6.13656 -24.1897 0.903839 0.369539 -0.213814 0.0282831 1
-0.300038 -0.176011 1.21469 0.913524 -0.151721 -0.377433 -0.140648 0.75281 -0.643036 0.381697 0.640513 0.666371 40.5033 -8.08536 -22.6766 0.912785 0.351548 -0.207916 0.00303264 1
-0.29692 -0.175137 1.19986 0.929689 -0.0356698 -0.366614 -0.19363 0.799361 -0.568796 0.313346 0.599791 0.73625 35.4343 -11.1647 -18.6261 0.930766 0.313878 -0.182635 -0.0424275 1
-0.296612 -0.17484 1.20447 0.933604 -0.0827064 -0.348631 -0.15094 0.791666 -0.592015 0.324963 0.60533 0.726619 36.7894 -8.68143 -19.1917 0.928963 0.322226 -0.181276 -0.018363 1
-0.294308 -0.175049 1.20129 0.9283 -0.0519183 -0.36819 -0.19148 0.782067 -0.593049 0.318739 0.621028 0.716051 37.1734 -11.0392 -18.9503 0.925529 0.327941 -0.18555 -0.0376979 1
-0.294789 -0.17357 1.19077 0.937878 0.0177073 -0.346514 -0.221723 0.798763 -0.5593 0.266879 0.601385 0.753068 35 -12.8103 -15.884 0.934038 0.310663 -0.164178 -0.0640847 1
-0.296025 -0.174503 1.19499 0.938595 0.0151733 -0.344686 -0.210795 0.816112 -0.538077 0.273138 0.577695 0.769197 33.3976 -12.1689 -16.2254 0.938603 0.29719 -0.16456 -0.0601874 1
-0.295462 -0.17527 1.19427 0.940818 -0.0252799 -0.337967 -0.172314 0.823022 -0.541241 0.291837 0.567446 0.769958 33.33 -9.92238 -17.2336 0.93992 0.294889 -0.167515 -0.0391081 1
-0.293755 -0.173584 1.18769 0.940486 -0.00246168 -0.339825 -0.196413 0.8121 -0.549469 0.277324 0.583513 0.763285 34.0824 -11.3273 -16.4294 0.937533 0.302118 -0.164567 -0.0517186 1
-0.290586 -0.172267 1.18247 0.940644 0.0171878 -0.338959 -0.220361 0.790505 -0.57144 0.258127 0.612215 0.747371 35.8624 -12.7303 -15.3451 0.93254 0.31732 -0.16007 -0.0636834 1
-0.288531 -0.170165 1.17827 0.934854 0.0278816 -0.353936 -0.243622 0.77555 -0.582384 0.258257 0.630671 0.731818 36.904 -14.1004 -15.443 0.927661 0.326912 -0.164983 -0.0731687 1
-0.28791 -0.171213 1.17124 0.923991 0.0968869 -0.369937 -0.309107 0.758779 -0.57333 0.225152 0.644102 0.731053 37.0746 -18.0054 -13.6946 0.923827 0.329454 -0.161039 -0.109867 1
-0.284464 -0.167359 1.15895 0.919378 0.152772 -0.362498 -0.351181 0.733961 -0.581354 0.177245 0.661787 0.728439 38.382 -20.5596 -10.912 0.919481 0.338001 -0.146752 -0.137021 1
-0.283007 -0.167139 1.15461 0.920819 0.159697 -0.355794 -0.353585 0.726754 -0.588902 0.164529 0.668076 0.725676 39.0185 -20.7068 -10.1305 0.91832 0.342195 -0.141651 -0.139734 1
-0.282303 -0.166435 1.15162 0.909984 0.205267 -0.360271 -0.385361 0.739394 -0.552082 0.153058 0.64122 0.751938 36.7475 -22.6662 -9.54772 0.922133 0.323517 -0.139169 -0.160126 1
-0.281087 -0.165494 1.14548 0.907942 0.220868 -0.356172 -0.392744 0.74501 -0.539178 0.146265 0.629427 0.76317 35.894 -23.1254 -9.15142 0.924138 0.316134 -0.13592 -0.165996 1
-0.280361 -0.164943 1.14469 0.896555 0.258671 -0.359554 -0.424331 0.734374 -0.529753 0.127015 0.627523 0.768168 35.8055 -25.1083 -8.06342 0.921832 0.313852 -0.131957 -0.18523 1
-0.280177 -0.164865 1.14192 0.895174 0.274285 -0.351328 -0.432049 0.727679 -0.532745 0.10953 0.628691 0.769903 36.2085 -25.5977 -6.97581 0.920972 0.315274 -0.125101 -0.191736 1
-0.279119 -0.163821 1.13784 0.910182 0.228261 -0.345639 -0.389609 0.755082 -0.52731 0.140621 0.614612 0.776195 34.9284 -22.9302 -8.78266 0.927558 0.307776 -0.131059 -0.166531 1
-0.278964 -0.161396 1.12661 0.946064 0.192276 -0.260756 -0.309623 0.773534 -0.552973 0.0953798 0.603884 0.791345 35.5597 -18.0365 -5.75697 0.936875 0.308701 -0.0950328 -0.133929 1
-0.278886 -0.163131 1.12894 0.931402 0.201561 -0.303089 -0.340926 0.774787 -0.532423 0.127514 0.599231 0.790356 34.4963 -19.9333 -7.79561 0.934953 0.302597 -0.11514 -0.145057 1
-0.278267 -0.160847 1.11976 0.932489 0.236248 -0.273222 -0.348748 0.785778 -0.510811 0.0940135 0.571612 0.81512 33.0267 -20.4108 -5.7571 0.939865 0.28792 -0.0976831 -0.155606 1
-0.277701 -0.161122 1.11393 0.923378 0.278107 -0.264632 -0.377113 0.786098 -0.48973 0.0718291 0.552002 0.830743 31.9224 -22.155 -4.44806 0.940774 0.276828 -0.0894107 -0.174117 1
-0.276307 -0.163437 1.11845 0.88935 0.335543 -0.310593 -0.449008 0.769155 -0.454745 0.0863076 0.543886 0.834709 30.5927 -26.6801 -5.54296 0.934507 0.267154 -0.106179 -0.209884 1
-0.274408 -0.160099 1.11551 0.902184 0.280588 -0.32762 -0.415318 0.770199 -0.48405 0.116513 0.572769 0.811394 32.1483 -24.5394 -7.35879 0.933244 0.283104 -0.118976 -0.186421 1
-0.275725 -0.159196 1.11737 0.910792 0.265204 -0.316425 -0.400949 0.750968 -0.524678 0.0984782 0.604743 0.790309 34.9408 -23.6375 -6.17106 0.928987 0.303939 -0.111655 -0.179269 1
-0.275513 -0.161248 1.11636 0.902369 0.287335 -0.321199 -0.417778 0.766178 -0.488296 0.105791 0.574813 0.811417 32.5099 -24.6944 -6.68664 0.932733 0.284945 -0.114446 -0.188991 1
-0.274431 -0.159281 1.11143 0.900616 0.308939 -0.30569 -0.426762 0.761723 -0.487496 0.0822442 0.569504 0.817864 32.6189 -25.2622 -5.21777 0.932765 0.283298 -0.103974 -0.197183 1
-0.275228 -0.158037 1.10771 0.899562 0.333953 -0.281538 -0.434358 0.7519 -0.495964 0.04606 0.568438 0.821435 33.4094 -25.7444 -2.93114 0.931786 0.285581 -0.0878952 -0.206139 1
-0.274097 -0.157621 1.10566 0.894627 0.344889 -0.284066 -0.445516 0.736957 -0.50834 0.0340231 0.581331 0.812956 34.5972 -26.4563 -2.17794 0.927974 0.293562 -0.0856944 -0.212938 1
-0.273578 -0.157749 1.10546 0.883988 0.364532 -0.292715 -0.466655 0.725873 -0.505313 0.0282707 0.583288 0.811774 34.8435 -27.8174 -1.83174 0.924883 0.294254 -0.0867638 -0.224674 1
-0.272979 -0.156862 1.09998 0.854218 0.439446 -0.277846 -0.519599 0.702948 -0.485675 -0.0181166 0.559241 0.828807 34.6411 -31.3054 1.21497 0.920051 0.283929 -0.0705749 -0.260596 1
-0.271964 -0.157913 1.10022 0.841965 0.436193 -0.317537 -0.53952 0.684624 -0.490111 0.00361012 0.583974 0.811764 35.5983 -32.6509 -0.245668 0.913558 0.293929 -0.0878836 -0.267009 1
-0.268794 -0.155531 1.09014 0.838027 0.451009 -0.307086 -0.545317 0.71135 -0.443408 0.0184648 0.539047 0.842073 31.9366 -33.0463 -1.26223 0.920794 0.266741 -0.0883887 -0.270507 1
-0.271595 -0.158361 1.10337 0.794399 0.506545 -0.335175 -0.606522 0.631954 -0.482457 -0.0325714 0.586555 0.809254 37.3595 -37.3385 2.34789 0.89939 0.297149 -0.0841135 -0.309395 1
-0.267488 -0.153743 1.08454 0.831495 0.465593 -0.303049 -0.555323 0.711568 -0.43045 0.0152253 0.526207 0.85022 31.1711 -33.733 -1.04901 0.921043 0.259667 -0.0863896 -0.277109 1
-0.265698 -0.152491 1.07672 0.854372 0.431529 -0.289537 -0.517948 0.752358 -0.407048 0.0421828 0.497735 0.866303 28.4147 -31.1947 -2.82656 0.931804 0.24275 -0.0889995 -0.254742 1
-0.262325 -0.149281 1.06242 0.91222 0.294258 -0.285072 -0.387705 0.844927 -0.368489 0.132434 0.446667 0.884845 23.563 -22.8118 -8.26037 0.9542 0.21357 -0.109386 -0.178674 1
-0.261541 -0.15047 1.06044 0.934863 0.231538 -0.269113 -0.316284 0.887487 -0.335159 0.161232 0.398444 0.90291 20.689 -18.4384 -9.78531 0.965047 0.190043 -0.111483 -0.141916 1
-0.26051 -0.14805 1.05672 0.909207 0.299643 -0.289062 -0.388184 0.861098 -0.328364 0.150519 0.41076 0.899233 20.8734 -22.8415 -9.40006 0.957802 0.192922 -0.114737 -0.179533 1
-0.262006 -0.149306 1.06257 0.843279 0.45272 -0.289699 -0.528254 0.797531 -0.291361 0.099139 0.398734 0.911692 20.0687 -31.8876 -6.70513 0.942404 0.183068 -0.103151 -0.260232 1
-0.258522 -0.144741 1.05963 0.797029 0.547446 -0.255043 -0.600736 0.762085 -0.241542 0.0621335 0.34573 0.936275 17.586 -36.9226 -4.45755 0.934798 0.157059 -0.084825 -0.307067 1
-0.259646 -0.14617 1.05541 0.922355 0.250902 -0.293783 -0.336307 0.895697 -0.290902 0.190153 0.367116 0.910531 17.9926 -19.652 -11.6489 0.965477 0.170387 -0.12531 -0.152051 1
-0.25834 -0.147235 1.05208 0.915936 0.26273 -0.303371 -0.349052 0.894567 -0.279129 0.19805 0.361557 0.911073 17.3293 -20.4293 -12.201 0.964569 0.166055 -0.12996 -0.158564 1
-0.258912 -0.146432 1.05289 0.913293 0.278835 -0.296896 -0.359318 0.894822 -0.264924 0.191799 0.348633 0.917425 16.4921 -21.0583 -11.8602 0.965083 0.158939 -0.126594 -0.165311 1
-0.259245 -0.146918 1.0519 0.90609 0.312332 -0.285395 -0.386888 0.884671 -0.260144 0.171229 0.34613 0.922429 16.3864 -22.761 -10.7013 0.963482 0.157313 -0.118483 -0.181431 1
-0.260352 -0.14735 1.05245 0.897522 0.352338 -0.265164 -0.421072 0.863361 -0.27804 0.130968 0.3612 0.923245 17.8508 -24.9023 -8.30211 0.959704 0.16652 -0.103191 -0.201471 1
-0.258904 -0.146075 1.05083 0.919349 0.285115 -0.271122 -0.357672 0.89274 -0.274018 0.163915 0.348891 0.922717 17.0633 -20.9573 -10.1093 0.966282 0.161161 -0.112554 -0.166304 1
-0.259015 -0.146307 1.05133 0.902767 0.325885 -0.280732 -0.40486 0.864202 -0.298735 0.145256 0.383345 0.912111 19.0691 -23.8824 -9.1406 0.959047 0.177802 -0.111045 -0.190487 1
-0.256889 -0.146473 1.04454 0.905509 0.314274 -0.285105 -0.400309 0.855541 -0.328331 0.140733 0.411437 0.900508 20.9953 -23.5975 -8.83418 0.95676 0.1933 -0.111271 -0.18672 1
-0.256268 -0.145378 1.04189 0.939948 0.189744 -0.283718 -0.275519 0.912437 -0.30257 0.201464 0.362569 0.909921 18.3458 -15.9929 -12.0975 0.969833 0.171457 -0.125068 -0.119934 1
-0.256819 -0.145958 1.04493 0.949877 -0.0914667 -0.298943 -0.000869825 0.955465 -0.295104 0.312622 0.280573 0.907495 17.1638 -0.0498373 -18.2173 0.976324 0.147409 -0.156599 0.0231985 1
-0.256879 -0.146101 1.04477 0.93297 -0.205374 -0.295617 0.123212 0.953858 -0.273814 0.338211 0.219037 0.915225 16.0166 7.07751 -19.9261 0.974943 0.12638 -0.162529 0.0842576 1
-0.257799 -0.146518 1.04771 0.913022 -0.283994 -0.292811 0.208731 0.942005 -0.262789 0.35046 0.178814 0.91935 15.5874 12.048 -20.9991 0.971388 0.113653 -0.165554 0.12681 1
-0.258787 -0.146029 1.04705 0.924271 -0.275869 -0.263854 0.205109 0.941834 -0.266232 0.321952 0.191952 0.927093 15.7842 11.8359 -19.2048 0.973807 0.117627 -0.150391 0.123479 1
-0.263576 -0.147449 1.06454 0.882542 -0.395307 -0.254662 0.334148 0.908248 -0.251853 0.330855 0.137176 0.933658 15.4984 19.5207 -20.5505 0.964941 0.100791 -0.151698 0.18899 1
-0.267393 -0.149448 1.07666 0.813358 -0.525226 -0.250174 0.459175 0.843629 -0.278297 0.357223 0.111482 0.927342 18.2568 27.3339 -23.7108 0.946616 0.10294 -0.160412 0.259979 1
-0.26759 -0.151579 1.08256 0.778838 -0.568334 -0.265343 0.50311 0.818692 -0.276809 0.374555 0.0820931 0.923564 18.681 30.206 -25.6836 0.938229 0.095633 -0.170507 0.285496 1
-0.269433 -0.153266 1.08538 0.7482 -0.609676 -0.261711 0.538085 0.788365 -0.298236 0.388151 0.0823179 0.917912 20.7215 32.5534 -27.4194 0.929311 0.102375 -0.174823 0.308767 1
-0.268123 -0.152991 1.08638 0.707987 -0.640669 -0.297148 0.553471 0.764693 -0.33002 0.438661 0.0691872 0.895985 23.3437 33.6055 -31.7819 0.917696 0.108753 -0.20045 0.325309 1
-0.271777 -0.153903 1.09394 0.788147 -0.549311 -0.277636 0.412991 0.806445 -0.423184 0.456358 0.21887 0.862458 27.6884 24.3929 -30.072 0.929657 0.172659 -0.197383 0.258779 1
-0.272097 -0.155837 1.09547 0.804705 -0.530139 -0.267212 0.377081 0.804065 -0.459662 0.45854 0.269132 0.846941 29.7554 22.153 -29.6755 0.929477 0.196022 -0.195204 0.244013 1
-0.270799 -0.15531 1.09256 0.771341 -0.570762 -0.281537 0.432002 0.794413 -0.426945 0.467341 0.207696 0.859334 28.2551 25.5947 -31.2109 0.92535 0.17146 -0.202323 0.270915 1
-0.272712 -0.155906 1.09743 0.802125 -0.534562 -0.266157 0.387844 0.805264 -0.448473 0.454063 0.256504 0.853248 29.1146 22.8204 -29.5131 0.930139 0.189481 -0.193579 0.247921 1
-0.272125 -0.153066 1.09807 0.808152 -0.509446 -0.295558 0.375486 0.832265 -0.407855 0.453763 0.218631 0.863887 26.1073 22.0543 -29.3134 0.935989 0.167332 -0.200141 0.236363 1
-0.270495 -0.15659 1.09868 0.829867 -0.459543 -0.316451 0.324383 0.858819 -0.396491 0.453979 0.226384 0.861773 24.7814 18.9282 -28.6809 0.942133 0.165283 -0.204438 0.208019 1
-0.2708 -0.156538 1.09659 0.848768 -0.427916 -0.310613 0.304018 0.875556 -0.375465 0.432627 0.224251 0.873239 23.2111 17.6991 -27.0085 0.948362 0.158092 -0.195927 0.192947 1
-0.271376 -0.156094 1.09436 0.868494 -0.413082 -0.274009 0.298016 0.876835 -0.377288 0.396112 0.246013 0.884631 23.2814 17.3385 -24.5173 0.952623 0.163575 -0.175862 0.186616 1
-0.268567 -0.154468 1.08886 0.87056 -0.388288 -0.302254 0.274642 0.893103 -0.356286 0.408285 0.227157 0.88414 21.7486 15.9407 -25.1262 0.954961 0.15274 -0.186013 0.173549 1
-0.265956 -0.153401 1.07972 0.878463 -0.361627 -0.312296 0.248371 0.903957 -0.348099 0.408185 0.228227 0.88391 21.0609 14.3811 -24.9223 0.957383 0.150495 -0.188138 0.159288 1
-0.264598 -0.151866 1.07775 0.885757 -0.3373 -0.318847 0.21961 0.909748 -0.352321 0.408908 0.242048 0.87989 21.17 12.6861 -24.7803 0.958566 0.155015 -0.189803 0.145245 1
-0.263933 -0.150437 1.07286 0.908386 -0.285392 -0.305591 0.166396 0.917219 -0.361969 0.383597 0.277959 0.880677 21.5361 9.57836 -22.8935 0.962585 0.1662 -0.178994 0.117337 1
-0.264001 -0.150514 1.07156 0.915368 -0.273753 -0.29523 0.155341 0.916632 -0.368313 0.371444 0.291281 0.881581 21.8908 8.93655 -22.0866 0.963533 0.171139 -0.172976 0.111333 1
-0.266009 -0.151303 1.07435 0.91739 -0.284402 -0.278408 0.162162 0.905946 -0.391108 0.363455 0.313652 0.877225 23.3505 9.33238 -21.6127 0.961842 0.18318 -0.166832 0.11607 1
-0.263835 -0.151324 1.06642 0.93258 -0.227663 -0.280114 0.120479 0.927837 -0.352991 0.340263 0.295445 0.892711 20.8291 6.91977 -20.0451 0.96865 0.167356 -0.160114 0.0898525 1
-0.258666 -0.146379 1.05011 0.945994 -0.149164 -0.287829 0.0587788 0.952061 -0.300208 0.318811 0.267077 0.909412 17.5014 3.36972 -18.6244 0.975637 0.145363 -0.155447 0.0532838 1
-0.257853 -0.148665 1.04819 0.945761 -0.13608 -0.294989 0.0395787 0.949541 -0.311136 0.322444 0.282585 0.903424 18.1424 2.26828 -18.8261 0.974516 0.152312 -0.158395 0.0450631 1
-0.253042 -0.141767 1.03115 0.955965 -0.066433 -0.285862 -0.0128969 0.963593 -0.267064 0.293196 0.258991 0.920304 15.4909 -0.738957 -17.0509 0.979778 0.134228 -0.147752 0.0136603 1
-0.251497 -0.141167 1.02356 0.960256 -0.02346 -0.278135 -0.0473955 0.968287 -0.245305 0.275069 0.248738 0.928691 14.2162 -2.71658 -15.9846 0.981992 0.125776 -0.140837 -0.00609361 1
-0.254864 -0.144747 1.03402 0.958206 -0.0743589 -0.276246 -0.00744778 0.958818 -0.283925 0.285982 0.274116 0.918191 16.4951 -0.42673 -16.618 0.979185 0.142476 -0.143545 0.0170834 1
-0.252287 -0.141917 1.02632 0.962169 -0.00701749 -0.272362 -0.0636964 0.966171 -0.249913 0.264902 0.257807 0.929173 14.5025 -3.65201 -15.3932 0.982028 0.129253 -0.136774 -0.0144291 1
-0.25258 -0.14582 1.0242 0.963027 0.0348316 -0.267145 -0.104119 0.962679 -0.249817 0.248473 0.268395 0.930712 14.5475 -5.9764 -14.4675 0.981888 0.131943 -0.131282 -0.0353783 1
-0.252608 -0.14263 1.02501 0.959642 0.059122 -0.27494 -0.130448 0.959693 -0.248944 0.24914 0.274762 0.928674 14.542 -7.49549 -14.5537 0.980817 0.133487 -0.133582 -0.0483195 1
-0.253021 -0.142728 1.02676 0.959321 0.0676256 -0.274097 -0.136674 0.960777 -0.241305 0.247028 0.268951 0.930936 14.0986 -7.85542 -14.4401 0.981203 0.130008 -0.132777 -0.0520533 1
-0.250636 -0.140459 1.02069 0.961096 0.0670743 -0.267948 -0.135097 0.960269 -0.244197 0.240923 0.270896 0.931972 14.2679 -7.76425 -14.0726 0.981496 0.131201 -0.129616 -0.0514958 1
-0.260071 -0.148162 1.05127 0.955941 -0.110353 -0.272027 0.0209097 0.949896 -0.311866 0.292812 0.292437 0.910352 18.1758 1.19812 -17.0302 0.976754 0.154671 -0.14457 0.0335968 1
-0.250136 -0.140558 1.01716 0.955446 0.120436 -0.269476 -0.188572 0.951424 -0.243377 0.227075 0.283349 0.931746 14.3487 -10.8694 -13.3691 0.979619 0.134421 -0.12672 -0.0788592 1
-0.265028 -0.15479 1.07058 0.908014 -0.324 -0.265584 0.230196 0.915528 -0.329876 0.35003 0.238395 0.905896 19.8147 13.3086 -21.0811 0.965588 0.147131 -0.159388 0.143487 1
-0.265115 -0.155053 1.06795 0.897599 -0.350336 -0.267546 0.254582 0.907475 -0.33418 0.359867 0.231847 0.903738 20.2164 14.7488 -21.8469 0.962914 0.146957 -0.162894 0.157054 1
-0.263634 -0.151396 1.06813 0.888914 -0.352264 -0.292819 0.256183 0.912224 -0.319716 0.379741 0.209184 0.901132 19.3145 14.8437 -23.132 0.962064 0.137439 -0.17477 0.15811 1
-0.263688 -0.150657 1.06615 0.882084 -0.381762 -0.276017 0.283135 0.8979 -0.337062 0.376513 0.219167 0.900113 20.5756 16.4474 -23.115 0.959179 0.144975 -0.170075 0.173299 1
-0.262884 -0.148842 1.06405 0.874656 -0.396416 -0.278981 0.291706 0.890089 -0.350214 0.387149 0.224936 0.894159 21.4776 16.9601 -23.8756 0.956413 0.15034 -0.174122 0.179871 1
-0.262207 -0.151185 1.0601 0.849607 -0.450741 -0.273864 0.342237 0.866245 -0.363996 0.401301 0.215527 0.890228 22.7921 20.0132 -25.2831 0.949484 0.152589 -0.177771 0.208792 1
-0.26161 -0.150717 1.05809 0.832708 -0.482897 -0.27094 0.384952 0.856594 -0.343598 0.398008 0.181818 0.899184 21.8568 22.6407 -25.5463 0.947165 0.138681 -0.176566 0.229065 1
-0.264409 -0.150976 1.06588 0.783323 -0.567613 -0.253419 0.482238 0.81214 -0.328443 0.39224 0.135068 0.909892 22.0192 28.8317 -26.5989 0.93613 0.123784 -0.172428 0.28037 1
-0.262149 -0.150811 1.06508 0.758749 -0.58529 -0.285895 0.510941 0.807005 -0.296111 0.404029 0.0785989 0.911363 20.1494 30.7265 -28.035 0.932352 0.100474 -0.184996 0.293942 1
-0.263573 -0.151235 1.06563 0.742567 -0.607895 -0.281172 0.520416 0.787938 -0.329121 0.421617 0.0980681 0.901455 22.6702 31.3602 -29.5872 0.926278 0.115297 -0.189681 0.304528 1
-0.26274 -0.150751 1.06293 0.724372 -0.630803 -0.278161 0.551382 0.772294 -0.3155 0.41384 0.0751664 0.907241 22.2211 33.4619 -29.7397 0.922484 0.105873 -0.187537 0.320381 1
-0.265777 -0.15246 1.07163 0.682026 -0.677924 -0.274336 0.577823 0.729459 -0.366075 0.448288 0.0911551 0.889229 26.6495 35.2975 -33.3164 0.908393 0.125835 -0.198874 0.345595 1
-0.261712 -0.15139 1.06383 0.715075 -0.638063 -0.285559 0.540404 0.763692 -0.353182 0.443432 0.0982335 0.890909 24.8189 32.7112 -31.8039 0.917834 0.122957 -0.198563 0.320991 1
-0.259252 -0.147721 1.05343 0.699841 -0.648394 -0.299679 0.567179 0.759456 -0.318646 0.434201 0.0530304 0.899254 22.7615 34.5537 -31.8166 0.916317 0.101405 -0.200225 0.331646 1
-0.256207 -0.147249 1.04085 0.76341 -0.580981 -0.282253 0.489331 0.80544 -0.334398 0.421616 0.117168 0.899173 22.547 29.2966 -28.911 0.931131 0.121241 -0.188982 0.287369 1
-0.256779 -0.147303 1.04118 0.716188 -0.642359 -0.272854 0.555293 0.761308 -0.334755 0.422759 0.0882337 0.901937 23.7356 33.7309 -30.553 0.919162 0.115048 -0.189198 0.325746 1
-0.255577 -0.145685 1.04107 0.605187 -0.741951 -0.288544 0.667866 0.670448 -0.323195 0.433248 0.00288513 0.90127 25.7368 41.9026 -35.5986 0.891194 0.0914729 -0.202479 0.395485 1
-0.258233 -0.147337 1.04939 0.546101 -0.785772 -0.290408 0.719889 0.617471 -0.317001 0.428409 -0.0359468 0.90287 27.1753 46.0453 -38.1137 0.875563 0.0802496 -0.205244 0.429912 1
-0.257314 -0.145772 1.0447 0.465345 -0.837678 -0.285918 0.791019 0.538519 -0.290322 0.397169 -0.0910666 0.913216 28.3297 52.2808 -40.4805 0.853973 0.0583319 -0.199973 0.4768 1
-0.255883 -0.145308 1.04039 0.468437 -0.835878 -0.286138 0.802918 0.5379 -0.256878 0.368632 -0.109414 0.923114 25.5271 53.4097 -38.2006 0.855782 0.0430785 -0.191278 0.478742 1
-0.253647 -0.142854 1.03092 0.426816 -0.860895 -0.276924 0.835813 0.492452 -0.242707 0.345318 -0.127866 0.929734 26.2366 56.7006 -38.9748 0.843949 0.0340191 -0.184324 0.50261 1
-0.252241 -0.142143 1.02516 0.383553 -0.881365 -0.275832 0.856265 0.45128 -0.25131 0.345973 -0.139795 0.927771 29.1127 58.8998 -42.0512 0.831054 0.0335464 -0.187053 0.522719 1
-0.25189 -0.142789 1.02318 0.345596 -0.897642 -0.273499 0.876805 0.412739 -0.246697 0.33433 -0.154547 0.929698 30.8671 61.2593 -44.0507 0.819761 0.0281027 -0.185367 0.541148 1
-0.252757 -0.141428 1.02518 0.324752 -0.90764 -0.265944 0.89368 0.386529 -0.227885 0.309633 -0.163663 0.936665 30.5223 63.3394 -43.6348 0.813625 0.0197334 -0.176856 0.553486 1
-0.250998 -0.141467 1.02061 0.348661 -0.896031 -0.27489 0.879766 0.414018 -0.23367 0.323185 -0.160368 0.932649 29.4401 61.6141 -42.8284 0.820873 0.0223244 -0.182146 0.540826 1
-0.249886 -0.140437 1.01526 0.387739 -0.880353 -0.273198 0.862708 0.450975 -0.228813 0.324642 -0.14697 0.934349 26.9021 59.6221 -39.9384 0.832626 0.0245737 -0.179504 0.523363 1
-0.24905 -0.139756 1.01315 0.402734 -0.875282 -0.267742 0.85735 0.463171 -0.224551 0.320556 -0.139115 0.936958 25.8647 59.0203 -38.518 0.837088 0.025516 -0.175698 0.517458 1
-0.249289 -0.139804 1.01346 0.380465 -0.884909 -0.268667 0.866408 0.442662 -0.231059 0.323395 -0.144866 0.935109 27.5635 60.0438 -40.3645 0.830397 0.0259494 -0.178247 0.527253 1
-0.249182 -0.139992 1.01347 0.425021 -0.864008 -0.269903 0.843217 0.486341 -0.229037 0.329155 -0.130241 0.935251 25.2175 57.4814 -37.7557 0.843595 0.029278 -0.177531 0.505937 1
-0.248316 -0.139566 1.01075 0.433732 -0.860507 -0.267216 0.84048 0.493269 -0.224231 0.324762 -0.127334 0.937185 24.4457 57.1908 -36.8244 0.846195 0.0286274 -0.174894 0.502539 1
-0.248163 -0.139238 1.00988 0.46832 -0.842269 -0.266944 0.820988 0.52649 -0.220877 0.326581 -0.115717 0.938059 22.7593 55.1838 -34.8898 0.856281 0.0307025 -0.173285 0.485605 1
-0.255087 -0.144837 1.03241 0.374279 -0.884353 -0.278988 0.875387 0.436216 -0.208359 0.305962 -0.166238 0.937418 25.5315 61.0908 -39.2649 0.828841 0.0127046 -0.176436 0.530783 1
-0.256022 -0.144637 1.03865 0.371835 -0.887837 -0.27108 0.874213 0.433128 -0.219435 0.312235 -0.155387 0.937211 26.8681 60.9519 -40.0206 0.827976 0.0193386 -0.176127 0.532035 1
-0.257142 -0.145488 1.04437 0.361558 -0.886646 -0.288332 0.868312 0.432852 -0.242227 0.339575 -0.162783 0.926386 29.2317 60.263 -43.2041 0.824742 0.0240814 -0.190334 0.531972 1
-0.257672 -0.145115 1.04309 0.388499 -0.886097 -0.252786 0.855344 0.448827 -0.258729 0.342716 -0.115703 0.932287 29.9616 58.7978 -41.4172 0.832108 0.042971 -0.178914 0.523202 1
-0.262723 -0.145872 1.05955 0.313523 -0.91226 -0.2636 0.887964 0.380023 -0.259041 0.336487 -0.152852 0.9292 34.2801 62.6185 -47.0234 0.809745 0.0327847 -0.185271 0.5558 1
-0.265574 -0.149716 1.07259 0.257726 -0.928497 -0.26734 0.89434 0.333961 -0.297701 0.365696 -0.162367 0.916462 41.7146 63.4238 -54.8256 0.791857 0.0427268 -0.199858 0.575494 1
-0.263708 -0.152466 1.08068 0.275929 -0.923646 -0.265971 0.876159 0.355485 -0.325541 0.395233 -0.143207 0.907349 42.4824 61.1824 -55.0795 0.796675 0.0572173 -0.207489 0.564787 1
-0.271639 -0.154127 1.09133 0.231247 -0.93491 -0.269198 0.891976 0.314217 -0.325032 0.388462 -0.164956 0.90658 45.9692 63.1227 -59.2352 0.78295 0.051113 -0.209994 0.583334 1
-0.274019 -0.155272 1.09969 0.213459 -0.942224 -0.258165 0.886346 0.297918 -0.354452 0.410885 -0.153162 0.898729 49.9528 62.4176 -62.5476 0.776226 0.0648296 -0.215482 0.58893 1
-0.276315 -0.158855 1.10876 0.200033 -0.941463 -0.271355 0.894977 0.288284 -0.340453 0.398752 -0.174755 0.900254 49.7432 63.5055 -63.3595 0.77275 0.0536067 -0.216793 0.594125 1
-0.273122 -0.155852 1.10301 0.213098 -0.936209 -0.279467 0.883785 0.306656 -0.353392 0.416549 -0.171681 0.892756 49.0502 62.1024 -62.9066 0.776613 0.0584946 -0.224055 0.585876 1
-0.27244 -0.155572 1.10628 0.23977 -0.919883 -0.310362 0.848537 0.353895 -0.393374 0.471694 -0.169034 0.865409 48.0242 58.0529 -63.055 0.784072 0.0715304 -0.249357 0.563858 1
-0.274361 -0.158086 1.11298 0.27001 -0.908117 -0.32003 0.825326 0.389473 -0.408838 0.495916 -0.153738 0.854653 46.3896 55.6215 -61.4332 0.792801 0.0804427 -0.257298 0.546619 1
-0.271409 -0.155239 1.09965 0.269203 -0.915477 -0.299051 0.8254 0.379305 -0.418141 0.49623 -0.134272 0.857745 47.7881 55.6291 -61.5204 0.791557 0.0896553 -0.251176 0.549827 1
-0.271437 -0.155473 1.09624 0.25745 -0.923165 -0.285458 0.852815 0.355977 -0.382083 0.454342 -0.145076 0.878935 47.0258 58.5192 -60.4622 0.789361 0.075063 -0.234303 0.562474 1
-0.265576 -0.150813 1.07474 -0.0283299 -0.956067 -0.291777 0.904616 0.0996668 -0.414412 0.425286 -0.275686 0.862049 76.4771 64.7716 -93.8111 0.695231 0.0498847 -0.25785 0.669088 1
