-0.335134 -0.387638 1.45627 0.819475 0.572769 0.0199024 0.187986 -0.235826 -0.95344 -0.541408 0.785061 -0.300927 103.893 10.8353 33.4518 0.566287 0.7675 0.247803 -0.169871 0
-0.335519 -0.385765 1.45567 0.810371 0.585304 0.0268067 0.172832 -0.195075 -0.96544 -0.559847 0.786998 -0.259242 101.423 9.95253 34.6388 0.582249 0.752444 0.251891 -0.177103 0
-0.337125 -0.367661 1.46599 0.736681 0.676225 -0.0045225 0.168169 -0.189673 -0.967338 -0.654996 0.71186 -0.253448 101.094 9.68136 41.6409 0.568674 0.738208 0.285961 -0.223351 0
-0.328964 -0.36081 1.46644 0.698134 0.71583 0.0140047 0.203715 -0.179851 -0.962369 -0.686374 0.674715 -0.271385 100.586 11.7543 44.5133 0.558323 0.733036 0.313608 -0.22931 0
-0.31676 -0.348983 1.4621 0.670998 0.741383 0.0106048 0.211593 -0.177758 -0.961057 -0.710626 0.647112 -0.276146 100.479 12.2157 46.6429 0.55161 0.728852 0.326875 -0.240111 0
-0.306197 -0.337881 1.45992 0.647375 0.762049 0.0136713 0.21139 -0.162288 -0.963834 -0.732271 0.626852 -0.266151 99.5577 12.2038 48.5212 0.552027 0.720384 0.337819 -0.249381 0
-0.296558 -0.327453 1.46032 0.616058 0.78738 0.0224772 0.205102 -0.132793 -0.96969 -0.76053 0.601995 -0.243301 97.7978 11.8355 50.9913 0.556768 0.705718 0.351586 -0.261455 0
-0.287413 -0.318026 1.46372 0.573583 0.818777 0.0246396 0.201322 -0.111749 -0.97313 -0.794023 0.563131 -0.228935 96.5508 11.6143 54.1566 0.55518 0.691785 0.368647 -0.278043 0
-0.278626 -0.312843 1.46946 0.526812 0.849817 0.0167043 0.175482 -0.0895126 -0.980405 -0.83167 0.519421 -0.196284 95.2167 10.1067 57.6482 0.557004 0.673166 0.380775 -0.302661 0
-0.269577 -0.316502 1.47591 0.482586 0.875633 0.019401 0.181381 -0.0782443 -0.980295 -0.856861 0.476596 -0.196583 94.5635 10.4502 60.6117 0.54949 0.662837 0.39867 -0.315862 0
-0.260983 -0.315468 1.48268 0.447697 0.89395 0.0205013 0.199139 -0.0773265 -0.976916 -0.871729 0.441445 -0.212639 94.5257 11.4866 62.8161 0.53799 0.659102 0.414613 -0.322874 0
-0.245049 -0.305269 1.51545 0.412425 0.909487 -0.0523406 0.14258 -0.121189 -0.982336 -0.899764 0.397678 -0.179656 97.0329 8.19719 65.3747 0.527157 0.65446 0.401884 -0.363699 0
-0.231202 -0.307313 1.51946 0.396934 0.914263 -0.0810315 0.108648 -0.134467 -0.984944 -0.911394 0.382154 -0.152708 97.7741 6.23741 66.4657 0.526726 0.648866 0.394115 -0.382369 0
-0.221221 -0.309301 1.52549 0.40236 0.911544 -0.0848188 0.0994531 -0.135623 -0.985756 -0.910064 0.388193 -0.145225 97.8337 5.70768 66.1487 0.529507 0.648693 0.389629 -0.383418 0
-0.212964 -0.311869 1.5355 0.389505 0.917366 -0.0820135 0.111687 -0.135434 -0.984471 -0.914228 0.374297 -0.15521 97.833 6.41254 66.9237 0.524133 0.648103 0.396948 -0.384291 0
-0.212502 -0.314293 1.54928 0.342535 0.937065 -0.0676714 0.078087 -0.100175 -0.991901 -0.936254 0.334477 -0.107486 95.7669 4.47862 69.9046 0.532652 0.622535 0.407669 -0.403161 0
-0.215735 -0.316399 1.56452 0.280609 0.958802 -0.0442386 0.0586227 -0.0631249 -0.996282 -0.95803 0.276973 -0.073921 93.6254 3.36076 73.6746 0.534688 0.595327 0.427255 -0.42089 0
-0.217157 -0.318521 1.57353 0.281364 0.958923 -0.0360595 0.0817009 -0.0613796 -0.994765 -0.956117 0.276945 -0.0956149 93.5308 4.68634 73.602 0.530181 0.599658 0.433841 -0.413643 0
-0.218381 -0.320948 1.5824 0.277408 0.960028 -0.0372893 0.115851 -0.0719551 -0.990657 -0.953742 0.270496 -0.131181 94.1543 6.65272 73.7822 0.518235 0.608388 0.442102 -0.407236 0
-0.219187 -0.317621 1.58994 0.342638 0.939208 0.0220633 0.172638 -0.0398614 -0.984178 -0.923469 0.341026 -0.175801 92.3193 9.94124 69.6435 0.530795 0.62416 0.445337 -0.361048 0
-0.219826 -0.319019 1.59414 0.35941 0.933078 0.0137479 0.18551 -0.0570023 -0.980988 -0.914555 0.355127 -0.193582 93.3255 10.6908 68.5457 0.526504 0.634428 0.440786 -0.354968 0
-0.220347 -0.319612 1.59889 0.382096 0.924108 -0.00517967 0.182983 -0.0811505 -0.979761 -0.905825 0.373416 -0.200103 94.7348 10.5435 67.1289 0.524605 0.644855 0.429202 -0.353182 0
-0.221337 -0.320698 1.60508 0.395945 0.918266 -0.00398656 0.180292 -0.0819952 -0.98019 -0.900401 0.387382 -0.198022 94.7818 10.3868 66.2629 0.528187 0.647295 0.424288 -0.349295 0
-0.222308 -0.322326 1.61048 0.403445 0.915001 -0.00238145 0.183716 -0.0835538 -0.979422 -0.896371 0.394705 -0.20181 94.8761 10.5863 65.7681 0.528697 0.649771 0.422733 -0.345796 0
-0.223024 -0.32372 1.61571 0.437897 0.899002 0.006388 0.183335 -0.0823404 -0.979596 -0.880133 0.430133 -0.200875 94.8047 10.5641 63.548 0.53728 0.655956 0.412504 -0.333005 0
-0.223286 -0.324351 1.62152 0.44895 0.893555 -0.00151372 0.173773 -0.0889705 -0.980758 -0.876497 0.440049 -0.195219 95.1835 10.0073 62.878 0.53962 0.658244 0.40537 -0.333467 0
-0.223875 -0.325342 1.62297 0.406069 0.913843 -7.06882e-05 0.183359 -0.081552 -0.979657 -0.895258 0.397795 -0.200677 94.7586 10.5655 65.602 0.530056 0.649673 0.422213 -0.344531 0
-0.224052 -0.325671 1.62822 0.412078 0.911114 -0.00795259 0.184745 -0.0920967 -0.978462 -0.892223 0.401733 -0.206275 95.3771 10.6463 65.2099 0.527661 0.653921 0.418957 -0.344145 0
-0.225133 -0.325334 1.62671 0.366213 0.930509 -0.0063592 0.179401 -0.0773078 -0.980734 -0.913073 0.358017 -0.195245 94.5071 10.3348 68.1454 0.522891 0.640072 0.43351 -0.359113 0
-0.220199 -0.328851 1.64372 0.394208 0.918684 -0.0248998 0.166665 -0.0981084 -0.98112 -0.903782 0.382616 -0.191788 95.7104 9.594 66.4343 0.525431 0.648865 0.418172 -0.35781 0
-0.218059 -0.32477 1.66992 0.328621 0.944442 0.00613352 0.178076 -0.0555819 -0.982446 -0.927522 0.323945 -0.186448 93.2381 10.2577 70.4907 0.521198 0.626628 0.447841 -0.367598 0
-0.217938 -0.324109 1.67458 0.315134 0.949047 0.00028413 0.167732 -0.0554011 -0.984275 -0.934107 0.310226 -0.176644 93.2216 9.65595 71.3575 0.520358 0.621928 0.448918 -0.375374 0
-0.206976 -0.310415 1.68251 0.339641 0.940546 -0.00409078 0.176989 -0.0681828 -0.981848 -0.923753 0.332752 -0.189624 93.9724 10.1944 69.8128 0.520056 0.631951 0.442097 -0.367055 0
-0.198941 -0.290265 1.68127 0.360997 0.931069 -0.0528362 0.0808693 -0.0876976 -0.992859 -0.929054 0.354146 -0.106953 95.0477 4.63853 68.7657 0.539987 0.623628 0.405666 -0.39362 0
-0.196653 -0.286418 1.67846 0.3955 0.918051 -0.0276049 0.110166 -0.0772558 -0.990906 -0.911835 0.388863 -0.131693 94.458 6.3249 66.5516 0.544645 0.633334 0.405875 -0.370831 1
-0.198097 -0.278141 1.68546 0.421107 0.906706 -0.0235348 0.13887 -0.0900945 -0.986204 -0.896317 0.412029 -0.163854 95.2198 7.98247 64.835 0.540176 0.64712 0.403934 -0.355364 1
-0.198441 -0.279564 1.68861 0.439792 0.898036 -0.0106934 0.155501 -0.087869 -0.98392 -0.884535 0.431057 -0.178289 95.1033 8.94584 63.5634 0.541672 0.65306 0.403308 -0.342705 1
-0.190168 -0.284463 1.70902 0.404936 0.911433 -0.0729112 0.190581 -0.162124 -0.968191 -0.894263 0.37816 -0.239352 99.506 10.9867 65.6383 0.500864 0.672014 0.409967 -0.359804 1
-0.191605 -0.287194 1.71394 0.423215 0.899627 -0.107516 0.178941 -0.199325 -0.963457 -0.888183 0.38851 -0.245338 101.689 10.3081 64.5224 0.494609 0.683352 0.394588 -0.364271 1
-0.19397 -0.289215 1.71976 0.456012 0.879674 -0.135007 0.12546 -0.213723 -0.968805 -0.881086 0.424849 -0.207824 102.44 7.20731 62.6359 0.508543 0.68512 0.366773 -0.370772 1
-0.188622 -0.290531 1.72634 0.461353 0.860974 -0.214192 0.0757137 -0.278746 -0.957376 -0.88398 0.425471 -0.193788 106.233 4.34223 62.4398 0.497197 0.695321 0.336782 -0.394843 1
-0.188892 -0.290807 1.73088 0.496041 0.834827 -0.238761 0.0545288 -0.304383 -0.950988 -0.866585 0.458709 -0.196509 107.748 3.12582 60.2128 0.498786 0.706564 0.314676 -0.391099 1
-0.189471 -0.290921 1.73499 0.528425 0.809867 -0.254719 0.0331982 -0.319512 -0.947001 -0.848331 0.491963 -0.195724 108.644 1.90247 58.0812 0.503287 0.714783 0.294868 -0.385799 1
-0.187937 -0.292513 1.7434 0.491356 0.821685 -0.288796 0.026658 -0.345617 -0.937997 -0.870551 0.453192 -0.191725 110.227 1.52757 60.5587 0.488368 0.712162 0.297805 -0.406981 1
-0.190657 -0.292896 1.76574 0.471745 0.832201 -0.291372 0.0302409 -0.345529 -0.937921 -0.881216 0.433648 -0.188168 110.224 1.73294 61.8384 0.484264 0.708068 0.304505 -0.41401 1
-0.190003 -0.292126 1.76996 0.486778 0.802053 -0.34606 0.00385762 -0.398134 -0.917319 -0.873517 0.445196 -0.196897 113.462 0.221026 60.8707 0.472162 0.721424 0.279278 -0.422628 1
-0.189658 -0.292342 1.77286 0.508747 0.772948 -0.379115 -0.0207941 -0.429201 -0.90297 -0.860665 0.467266 -0.202282 115.423 -1.1915 59.4123 0.468312 0.731476 0.257067 -0.423725 1
-0.193825 -0.297959 1.79078 0.47894 0.825113 -0.299674 0.0235778 -0.353341 -0.935197 -0.877531 0.440838 -0.188684 110.698 1.35103 61.3751 0.483972 0.710803 0.298497 -0.41404 1
-0.194961 -0.298801 1.79743 0.497359 0.784568 -0.370252 -0.0121268 -0.420453 -0.907233 -0.86746 0.455711 -0.199602 114.865 -0.694829 60.1722 0.468323 0.727567 0.265419 -0.425292 1
-0.195182 -0.301522 1.7964 0.537364 0.741586 -0.401609 -0.0549927 -0.444381 -0.894148 -0.841555 0.502569 -0.198013 116.427 -3.15244 57.4402 0.473014 0.7382 0.232523 -0.421012 1
-0.195764 -0.303344 1.80273 0.535045 0.734804 -0.416881 -0.0665194 -0.455279 -0.887861 -0.842201 0.502776 -0.194716 117.148 -3.81409 57.5725 0.470386 0.739094 0.226049 -0.425887 1
-0.195883 -0.307539 1.83122 0.465382 0.748248 -0.472804 -0.0593035 -0.506616 -0.86013 -0.883121 0.428328 -0.191396 120.498 -3.39984 62.2119 0.437998 0.735424 0.2342 -0.460933 1
-0.197508 -0.311152 1.84769 0.530841 0.703917 -0.471921 -0.114701 -0.492057 -0.862974 -0.839674 0.512231 -0.180464 119.691 -6.58637 57.699 0.463228 0.742186 0.198473 -0.441801 1
-0.198905 -0.313263 1.8592 0.609311 0.6399 -0.468261 -0.159538 -0.479533 -0.862899 -0.776716 0.60048 -0.190096 119.062 -9.1801 51.8868 0.484686 0.754808 0.159101 -0.412349 1
-0.200571 -0.315389 1.86847 0.643004 0.604547 -0.470179 -0.180235 -0.47723 -0.860097 -0.744353 0.637789 -0.1979 119.024 -10.3835 49.1781 0.491903 0.761271 0.139343 -0.39885 1
-0.201151 -0.315886 1.87691 0.663163 0.57575 -0.478254 -0.205238 -0.474599 -0.85594 -0.719786 0.665784 -0.196571 119.007 -11.8435 47.3446 0.497994 0.763926 0.121252 -0.392067 1
-0.202161 -0.318174 1.88354 0.678687 0.557097 -0.478568 -0.214686 -0.472669 -0.854689 -0.702349 0.682808 -0.201193 118.944 -12.3971 45.9816 0.501205 0.766901 0.111622 -0.384964 1
-0.203703 -0.321255 1.8846 0.695739 0.548266 -0.464061 -0.218286 -0.454121 -0.863786 -0.684324 0.702267 -0.19627 117.732 -12.6084 44.5261 0.511211 0.765854 0.107716 -0.374871 1
-0.207106 -0.323539 1.90743 0.646707 0.571847 -0.504739 -0.220083 -0.493698 -0.841324 -0.730297 0.655174 -0.193424 120.405 -12.7139 48.4739 0.489792 0.763844 0.11513 -0.404218 1
-0.208268 -0.325853 1.91812 0.607984 0.615059 -0.502054 -0.189321 -0.501798 -0.844012 -0.771047 0.608195 -0.188642 120.733 -10.9132 51.7436 0.478943 0.758028 0.14041 -0.419873 1
-0.210158 -0.327641 1.92661 0.60441 0.605564 -0.517669 -0.195276 -0.517355 -0.833193 -0.772371 0.604678 -0.194442 121.837 -11.2608 51.9555 0.472391 0.760955 0.134794 -0.423823 1
-0.210219 -0.325301 1.95197 0.395488 0.767906 -0.503895 -0.0267072 -0.538777 -0.842025 -0.918083 0.346468 -0.192571 122.614 -1.53039 66.6948 0.407474 0.729184 0.254119 -0.487524 1
-0.210388 -0.331226 1.96361 0.322304 0.817686 -0.47698 0.0330394 -0.513278 -0.857586 -0.946059 0.260645 -0.192447 120.901 1.89336 71.187 0.392613 0.712044 0.298691 -0.499631 1
-0.210668 -0.332923 1.96982 0.292361 0.833075 -0.469587 0.062268 -0.506583 -0.85994 -0.954279 0.222172 -0.199979 120.502 3.57 72.9666 0.382688 0.706916 0.316637 -0.503548 1
-0.21017 -0.331953 1.97273 0.304498 0.812771 -0.496674 0.0403163 -0.531965 -0.845806 -0.951659 0.237522 -0.19475 122.168 2.31058 72.2571 0.38006 0.712603 0.299285 -0.508113 1
-0.213852 -0.335578 1.98788 0.183259 0.860112 -0.476049 0.109924 -0.499142 -0.85952 -0.9769 0.105186 -0.186019 120.145 6.31093 79.3752 0.35288 0.683451 0.35483 -0.531475 1
-0.211154 -0.337559 1.99364 0.166828 0.874625 -0.455192 0.131187 -0.477247 -0.868922 -0.97722 0.085245 -0.194358 118.777 7.53821 80.312 0.351861 0.677944 0.370905 -0.528219 1
-0.213598 -0.333933 1.99197 0.129441 0.866929 -0.481331 0.133394 -0.496227 -0.857884 -0.982574 0.0468391 -0.179875 120.046 7.66575 82.4952 0.336652 0.671853 0.372225 -0.544727 1
-0.212509 -0.335197 1.99554 0.061779 0.875195 -0.479809 0.171738 -0.482878 -0.858682 -0.983204 -0.029353 -0.180136 119.351 9.88891 86.4046 0.315739 0.656657 0.398585 -0.556993 1
-0.215264 -0.342637 2.00793 0.038539 0.903452 -0.426954 0.1893 -0.426136 -0.884632 -0.981163 -0.0467298 -0.187447 115.721 10.912 87.7506 0.325944 0.642674 0.42508 -0.547757 1
-0.216195 -0.343055 2.00891 0.0334576 0.91169 -0.409515 0.200615 -0.407531 -0.890883 -0.979099 -0.0523482 -0.196534 114.582 11.5729 88.0429 0.32764 0.639829 0.43461 -0.542573 1
-0.214472 -0.344439 2.00482 0.0282569 0.927485 -0.372792 0.197533 -0.370767 -0.907476 -0.979889 -0.0479963 -0.193686 112.223 11.3927 88.3482 0.340516 0.631013 0.445719 -0.535916 1
-0.212382 -0.344397 2.00343 0.0183579 0.935544 -0.352733 0.199121 -0.349146 -0.915668 -0.979803 -0.0534269 -0.192696 110.872 11.4856 88.9266 0.34515 0.62454 0.454201 -0.533407 1
-0.218022 -0.345015 2.01519 0.0968424 0.930824 -0.352402 0.188562 -0.364813 -0.911787 -0.977275 0.0218501 -0.210847 111.807 10.8689 84.3408 0.360965 0.646626 0.432779 -0.514082 1
-0.219064 -0.344136 2.01223 0.119511 0.925956 -0.358222 0.195973 -0.37571 -0.905779 -0.973299 0.0380483 -0.226364 112.528 11.3016 82.9997 0.359665 0.656046 0.427535 -0.507404 1
-0.215324 -0.339399 1.98139 0.0237268 0.925676 -0.377573 0.238128 -0.372041 -0.897151 -0.970944 -0.0686242 -0.229257 112.523 13.7761 88.6001 0.324972 0.637382 0.456478 -0.528928 1
-0.2167 -0.34128 1.99652 0.117853 0.920616 -0.37226 0.179836 -0.388461 -0.903746 -0.976611 0.0395638 -0.211341 113.26 10.3602 83.1191 0.359879 0.655297 0.41983 -0.514603 1
-0.214657 -0.339311 1.98681 0.0997265 0.914799 -0.391405 0.17999 -0.403462 -0.897119 -0.9786 0.0190175 -0.204891 114.215 10.3692 84.1812 0.35049 0.653467 0.418838 -0.524129 1
-0.211768 -0.334791 1.97028 0.0465943 0.911122 -0.409495 0.200099 -0.410144 -0.889799 -0.978667 -0.0404801 -0.201425 114.747 11.5428 87.2742 0.329782 0.643849 0.431476 -0.539009 1
-0.213677 -0.338592 1.99116 0.161247 0.889524 -0.427489 0.141934 -0.449556 -0.881904 -0.976655 0.0815294 -0.198743 117.011 8.15976 80.625 0.358102 0.672597 0.383386 -0.521911 1
-0.215529 -0.347078 2.02462 0.300511 0.842207 -0.447638 0.0668947 -0.486787 -0.870955 -0.95143 0.231787 -0.202624 119.201 3.83565 72.4712 0.390864 0.705323 0.322229 -0.495896 1
-0.216019 -0.347425 2.02655 0.294153 0.842393 -0.451495 0.0739095 -0.491029 -0.868002 -0.952896 0.221956 -0.206699 119.497 4.23857 72.8449 0.386143 0.70567 0.324621 -0.497538 1
-0.217597 -0.349448 2.04556 0.329074 0.811778 -0.482417 0.0346997 -0.52092 -0.8529 -0.943666 0.263928 -0.19959 121.415 1.98855 70.7754 0.390053 0.715818 0.295633 -0.49806 1
-0.220329 -0.344069 2.02216 0.305545 0.85079 -0.42755 0.0607954 -0.465539 -0.882937 -0.950235 0.243784 -0.193967 117.801 3.48547 72.1749 0.401883 0.700901 0.325147 -0.491433 1
-0.216397 -0.34562 2.02509 0.348737 0.83922 -0.417244 0.0457248 -0.459898 -0.886794 -0.936104 0.29018 -0.198757 117.412 2.62075 69.5676 0.415356 0.708412 0.312298 -0.477599 1
-0.218044 -0.352331 2.07946 0.371734 0.794127 -0.480808 -0.0366702 -0.504958 -0.862365 -0.927615 0.338202 -0.158589 120.351 -2.10152 68.162 0.420769 0.713316 0.26547 -0.493618 1
-0.222231 -0.349781 2.07267 0.263443 0.855884 -0.44504 0.0787265 -0.478873 -0.874347 -0.961457 0.195304 -0.193536 118.709 4.51537 74.6768 0.384394 0.695674 0.335865 -0.505444 1
-0.22541 -0.350789 2.07035 0.243444 0.860925 -0.446703 0.103273 -0.480949 -0.870645 -0.964401 0.16582 -0.205994 118.917 5.92768 75.8328 0.372995 0.694692 0.346988 -0.507817 1
-0.227196 -0.354528 2.11641 0.338846 0.815909 -0.468482 0.022323 -0.504771 -0.862965 -0.940577 0.281954 -0.189253 120.324 1.27912 70.1883 0.401504 0.712894 0.293954 -0.494133 1
-0.225478 -0.352208 2.07191 0.213828 0.876043 -0.432234 0.118408 -0.462449 -0.878704 -0.969668 0.136712 -0.202615 117.757 6.80024 77.5643 0.370393 0.685363 0.362746 -0.511372 1
-0.223136 -0.349991 2.06942 0.22253 0.874157 -0.431659 0.107517 -0.462065 -0.880305 -0.968979 0.149484 -0.19681 117.695 6.17221 77.066 0.375385 0.685822 0.357846 -0.510569 1
-0.220153 -0.348412 2.08042 0.192577 0.89397 -0.404639 0.120428 -0.430771 -0.89439 -0.973864 0.123509 -0.190615 115.717 6.91679 78.8144 0.377886 0.673417 0.376586 -0.511757 1
-0.213476 -0.353928 2.08744 0.217301 0.911488 -0.349243 0.138192 -0.382916 -0.913388 -0.966273 0.150217 -0.209168 112.745 7.94324 77.3259 0.395353 0.672567 0.390177 -0.488991 1
-0.209289 -0.357589 2.09356 0.203169 0.938502 -0.27917 0.126755 -0.307927 -0.942929 -0.970904 0.156188 -0.181521 108.085 7.28212 78.181 0.42241 0.650503 0.409397 -0.480426 0
-0.192179 -0.355267 2.09144 0.246223 0.940069 -0.23589 0.11405 -0.269795 -0.95614 -0.962479 0.208521 -0.173645 105.758 6.54884 75.6502 0.447991 0.649935 0.405471 -0.460957 0
-0.184425 -0.346434 2.09673 0.306377 0.909605 -0.280628 0.0964163 -0.322942 -0.941495 -0.947015 0.261395 -0.186643 108.932 5.53284 72.0726 0.446316 0.673788 0.373271 -0.4555 0
-0.175645 -0.366992 2.10414 0.426438 0.903677 -0.0389589 0.153095 -0.11456 -0.981549 -0.891466 0.412605 -0.187202 96.6571 8.80634 64.4356 0.530254 0.657305 0.401934 -0.353879 0
-0.165302 -0.366876 2.11114 0.426494 0.90447 -0.0060736 0.139573 -0.0724458 -0.987558 -0.893657 0.42034 -0.157137 94.1956 8.02314 64.4874 0.547017 0.643443 0.405647 -0.349576 0
-0.146503 -0.367291 2.12245 0.394234 0.918953 0.0102533 0.109299 -0.035806 -0.993364 -0.912488 0.392738 -0.114557 92.0643 6.2749 66.6336 0.557645 0.621409 0.413678 -0.362979 1
-0.133071 -0.36719 2.13457 0.36154 0.9323 0.0102242 0.133757 -0.0410113 -0.990165 -0.922712 0.359352 -0.139529 92.3718 7.68675 68.6036 0.543369 0.620903 0.429237 -0.367404 1
-0.132245 -0.369679 2.14015 0.361004 0.932362 0.019432 0.164321 -0.0430853 -0.985465 -0.917973 0.358951 -0.168761 92.5034 9.4578 68.5321 0.535994 0.627067 0.437227 -0.358232 1
-0.133662 -0.371292 2.13978 0.353719 0.935197 0.0170145 0.174436 -0.0480834 -0.983494 -0.918943 0.350848 -0.18014 92.799 10.0458 68.9473 0.530447 0.628876 0.441117 -0.358547 1
-0.132732 -0.371631 2.13965 0.340137 0.940265 0.0144168 0.168264 -0.0457711 -0.984679 -0.925199 0.337352 -0.173781 92.6614 9.6869 69.8147 0.529288 0.624438 0.443811 -0.364641 1
-0.132709 -0.371439 2.14134 0.360566 0.932724 0.00434944 0.167003 -0.0599697 -0.984131 -0.917661 0.35557 -0.177391 93.4871 9.61362 68.5492 0.529907 0.632045 0.434987 -0.361252 1
-0.132885 -0.371536 2.1411 0.344564 0.938653 0.0143563 0.171771 -0.0480048 -0.983967 -0.922914 0.341505 -0.177774 92.7931 9.89079 69.5272 0.528863 0.626567 0.443059 -0.362515 0
-0.132964 -0.371825 2.14355 0.34481 0.938605 0.0112141 0.174958 -0.0525268 -0.983174 -0.922223 0.34097 -0.182329 93.0582 10.0762 69.4997 0.526772 0.628424 0.442999 -0.362418 0
-0.133072 -0.373077 2.14578 0.373517 0.927574 0.00953871 0.193411 -0.0678177 -0.978771 -0.907236 0.367432 -0.204734 93.9636 11.1519 67.6226 0.524634 0.641496 0.436864 -0.349845 0
-0.133296 -0.373649 2.14841 0.436273 0.899763 0.00962025 0.177009 -0.0753347 -0.981322 -0.882233 0.429827 -0.192132 94.3899 10.1956 63.6872 0.540557 0.652637 0.41247 -0.334264 0
-0.133238 -0.374692 2.148 0.429501 0.902992 0.0116124 0.176045 -0.0711084 -0.98181 -0.885741 0.423733 -0.189508 94.1425 10.1395 64.131 0.540575 0.650023 0.415 -0.336192 0
-0.133767 -0.377769 2.15243 0.428363 0.903422 0.0182621 0.158853 -0.0553949 -0.985747 -0.889534 0.425159 -0.167241 93.2164 9.14033 64.2864 0.549028 0.642456 0.413365 -0.33904 0
-0.134306 -0.387274 2.15432 0.373327 0.927108 0.0331415 0.130297 -0.0170307 -0.991329 -0.918504 0.374408 -0.127158 90.9842 7.48677 67.8807 0.554333 0.615937 0.429185 -0.359356 0
-0.134422 -0.377102 2.16265 0.638328 0.769599 -0.0159453 0.125394 -0.124399 -0.984277 -0.759482 0.626292 -0.175911 97.2032 7.20352 49.9537 0.578364 0.696175 0.321397 -0.27846 0
-0.134165 -0.384234 2.16256 0.49777 0.867281 -0.00690845 0.140119 -0.0882761 -0.986192 -0.855916 0.489929 -0.165464 95.115 8.05475 59.8192 0.55768 0.661723 0.380597 -0.325976 0
-0.134389 -0.383269 2.16703 0.549351 0.835584 -0.00361586 0.153541 -0.105196 -0.982527 -0.821364 0.539197 -0.186086 96.1112 8.83218 56.2243 0.560818 0.67835 0.364534 -0.304039 0
-0.134505 -0.382496 2.16976 0.581978 0.813175 0.00696519 0.157678 -0.104437 -0.981952 -0.797771 0.572573 -0.189 96.071 9.07216 53.8891 0.56757 0.684729 0.354466 -0.28873 0
-0.134683 -0.391221 2.17121 0.357212 0.933978 0.00921087 0.163969 -0.0529974 -0.985041 -0.919518 0.353378 -0.172074 93.0797 9.43732 68.77 0.53201 0.628944 0.436424 -0.36184 0
-0.135876 -0.392591 2.18073 0.372612 0.927918 0.0113512 0.167893 -0.0553783 -0.984249 -0.912673 0.368649 -0.176426 93.2203 9.66534 67.7915 0.534043 0.633328 0.432561 -0.355788 0
-0.135749 -0.394221 2.18668 0.299259 0.95414 0.00787874 0.164691 -0.0435173 -0.985385 -0.939852 0.296182 -0.170161 92.5287 9.47928 72.338 0.520956 0.615007 0.454804 -0.378846 0
-0.135621 -0.394424 2.18813 0.294153 0.95573 0.00740452 0.176281 -0.0466378 -0.983234 -0.939361 0.290527 -0.182195 92.7157 10.1532 72.6125 0.516072 0.617047 0.458641 -0.377588 0
-0.135894 -0.394593 2.19267 0.248726 0.968555 0.00609406 0.169133 -0.0372369 -0.984889 -0.953692 0.245999 -0.173077 92.1652 9.73744 75.3827 0.509513 0.603954 0.470934 -0.392248 0
-0.136011 -0.395644 2.19468 0.212857 0.977007 0.0121779 0.174277 -0.0256997 -0.984361 -0.961415 0.211651 -0.175741 91.4955 10.0366 77.5161 0.502846 0.594621 0.484041 -0.399093 0
-0.136577 -0.395202 2.20249 0.167857 0.985795 0.00573308 0.171713 -0.0235109 -0.984866 -0.970741 0.166301 -0.17322 91.3675 9.88743 80.1896 0.492729 0.584078 0.495442 -0.413048 0
-0.13645 -0.39787 2.20273 0.179217 0.983807 0.00207399 0.191457 -0.032809 -0.980953 -0.965 0.1762 -0.194236 91.9156 11.0378 79.4791 0.487896 0.59293 0.495533 -0.406004 0
-0.136439 -0.397291 2.20136 0.182505 0.983205 -0.000657375 0.190559 -0.036028 -0.981014 -0.964562 0.178915 -0.193934 92.1033 10.9854 79.2857 0.487992 0.594236 0.493812 -0.406075 0
-0.136623 -0.397898 2.20331 0.202643 0.97922 0.00794636 0.189516 -0.0312551 -0.98138 -0.960739 0.200376 -0.191911 91.8241 10.9245 78.0895 0.494843 0.597036 0.489391 -0.398968 0
-0.136937 -0.398627 2.20825 0.110746 0.993801 0.0097194 0.197244 -0.0123931 -0.980276 -0.974079 0.110478 -0.197394 90.7243 11.3759 83.5137 0.474594 0.574572 0.518232 -0.419599 0
-0.13649 -0.387022 2.20927 0.231522 0.972809 0.00630521 0.185721 -0.0378364 -0.981874 -0.954937 0.228497 -0.189431 92.2068 10.7032 76.3717 0.501063 0.603902 0.479602 -0.39271 0
-0.138719 -0.402289 2.23267 -0.115065 0.993355 0.00258786 0.207907 0.0266303 -0.977786 -0.971357 -0.111971 -0.20959 88.4399 11.9998 96.7557 0.41892 0.516695 0.581224 -0.468734 0
-0.138639 -0.396958 2.22903 -0.0109305 0.999851 0.0133582 0.190201 0.015194 -0.981628 -0.981684 -0.00818896 -0.190339 89.1132 10.9645 90.6379 0.451089 0.539494 0.551467 -0.44872 0
-0.138566 -0.386593 2.21883 0.157661 0.987487 0.00357614 0.175245 -0.0244151 -0.984222 -0.971819 0.1558 -0.176901 91.421 10.0929 80.785 0.488964 0.582876 0.498705 -0.415287 0
-0.143258 -0.406621 2.29043 0.0279891 0.998523 -0.0465728 0.189017 -0.0510373 -0.980647 -0.981575 0.0186443 -0.190166 92.9792 10.8954 88.3667 0.443505 0.563292 0.527053 -0.456312 0
-0.142126 -0.406775 2.29917 0.0478277 0.998346 -0.0318909 0.167688 -0.0394995 -0.985049 -0.984679 0.0417649 -0.1693 92.2963 9.65341 87.2192 0.457993 0.560497 0.52009 -0.453424 0
-0.144714 -0.407437 2.30607 0.022381 0.998694 -0.0459226 0.158246 -0.0488939 -0.986188 -0.987146 0.0148048 -0.159133 92.8383 9.10509 88.7012 0.451208 0.554619 0.521502 -0.465666 0
-0.146243 -0.409005 2.31379 -0.0125266 0.999605 -0.0251734 0.169311 -0.0226915 -0.985301 -0.985483 -0.0166046 -0.16896 91.3193 9.74776 90.7283 0.446044 0.542938 0.538237 -0.465365 0
-0.145921 -0.41086 2.322 -0.0567751 0.998355 -0.00800791 0.170105 0.00176947 -0.985424 -0.983789 -0.0573098 -0.169926 89.8971 9.79394 93.3029 0.44019 0.52711 0.554182 -0.470393 0
-0.1458 -0.412059 2.32959 -0.0647678 0.997856 -0.00943233 0.17443 0.00201406 -0.984668 -0.982537 -0.06542 -0.174186 89.8828 10.0455 93.7714 0.436766 0.526166 0.556994 -0.471319 0
-0.145488 -0.413184 2.33387 -0.0855168 0.995921 -0.0287902 0.18432 -0.0125835 -0.982786 -0.979139 -0.0893513 -0.182492 90.7336 10.6215 94.9915 0.42409 0.526678 0.560229 -0.478437 0
-0.149041 -0.414735 2.34422 -0.098149 0.995027 -0.0169522 0.173214 0.000306416 -0.984884 -0.979981 -0.0996017 -0.172383 89.9822 9.97476 95.7193 0.427134 0.518152 0.563657 -0.481004 0
-0.153248 -0.416553 2.35306 -0.144496 0.989458 -0.0096453 0.172804 0.0156353 -0.984832 -0.9743 -0.143972 -0.173241 89.0904 9.95086 98.4359 0.417701 0.503267 0.577359 -0.488779 0
-0.144276 -0.417002 2.3539 -0.152568 0.987745 -0.0329055 0.178117 -0.00526851 -0.983995 -0.97211 -0.155987 -0.17513 90.3068 10.2601 98.9196 0.40836 0.50691 0.574985 -0.495658 0
-0.151262 -0.419316 2.36667 -0.159898 0.986895 -0.0216893 0.176022 0.0068857 -0.984362 -0.971313 -0.161215 -0.174816 89.5992 10.1381 99.3482 0.40993 0.502004 0.579137 -0.494519 0
-0.164681 -0.421305 2.3768 -0.101966 0.99424 -0.0330202 0.181218 -0.0140731 -0.983342 -0.978143 -0.106252 -0.17874 90.8199 10.4407 95.9513 0.419887 0.522218 0.562724 -0.484071 0
-0.165894 -0.421646 2.3803 -0.102578 0.994644 -0.0127153 0.189016 0.00694029 -0.98195 -0.976602 -0.10313 -0.188715 89.595 10.8953 95.9961 0.42298 0.519422 0.5697 -0.476163 0
-0.16971 -0.421643 2.38272 -0.0989881 0.995075 0.00510978 0.18224 0.0231766 -0.982981 -0.978259 -0.0963722 -0.183637 88.6493 10.5003 95.778 0.430276 0.515139 0.571358 -0.472275 0
-0.16633 -0.422365 2.38499 -0.107288 0.994228 0.000240084 0.178573 0.0195075 -0.983733 -0.97806 -0.1055 -0.179635 88.864 10.2867 96.26 0.427956 0.51304 0.571496 -0.476483 0
-0.153667 -0.422834 2.38985 -0.0890185 0.995958 -0.0119892 0.193623 0.00549614 -0.981061 -0.977029 -0.089654 -0.193329 89.679 11.1643 95.2059 0.425191 0.524122 0.567416 -0.47175 0
-0.14822 -0.424505 2.39814 -0.0945949 0.994897 -0.0350888 0.194993 -0.0160472 -0.980673 -0.976232 -0.0996088 -0.19248 90.9375 11.2443 95.5346 0.417396 0.527715 0.563699 -0.479104 0
-0.14796 -0.425485 2.40167 -0.093385 0.99422 -0.0529789 0.187794 -0.0346671 -0.981596 -0.977759 -0.101615 -0.183471 92.0227 10.8241 95.4557 0.414872 0.530272 0.557268 -0.485948 0
-0.148633 -0.426569 2.40805 -0.0865355 0.994252 -0.0630449 0.188466 -0.045802 -0.981011 -0.97826 -0.0967741 -0.183419 92.6731 10.8633 95.0551 0.413595 0.534482 0.553207 -0.487062 0
-0.14921 -0.426512 2.416 -0.0887421 0.993192 -0.0754555 0.176953 -0.0588292 -0.982459 -0.98021 -0.100538 -0.170528 93.4268 10.1923 95.1731 0.412886 0.533998 0.547823 -0.494227 0
-0.14907 -0.427636 2.41641 -0.136294 0.989603 -0.0459403 0.180128 -0.0208451 -0.983422 -0.974155 -0.142309 -0.175414 91.2143 10.3772 97.9645 0.408487 0.514773 0.568081 -0.49541 0
-0.150433 -0.429558 2.42293 -0.159792 0.985118 -0.0633182 0.186462 -0.0328669 -0.981912 -0.96938 -0.168708 -0.178435 91.9171 10.7464 99.3604 0.396518 0.512716 0.571262 -0.503543 0
-0.152108 -0.430449 2.43339 -0.15367 0.978677 -0.1363 0.200054 -0.104268 -0.974221 -0.967659 -0.176976 -0.179766 96.1089 11.5401 99.0235 0.374932 0.531593 0.554339 -0.519175 0
-0.14341 -0.437065 2.45984 -0.0922338 0.995514 -0.021071 0.234923 0.00119188 -0.972013 -0.967628 -0.0946025 -0.233979 89.9297 13.5871 95.445 0.410786 0.533983 0.576065 -0.462888 0
-0.144668 -0.4377 2.46762 -0.0774781 0.996899 0.0137396 0.211427 0.0298963 -0.976937 -0.974318 -0.0727862 -0.213088 88.2472 12.206 94.5466 0.429922 0.525764 0.574557 -0.456753 0
-0.14497 -0.438565 2.47375 -0.0743354 0.997149 0.012994 0.181834 0.0263646 -0.982976 -0.980516 -0.0707072 -0.183275 88.4636 10.4766 94.3354 0.438393 0.520234 0.566563 -0.464945 0
-0.14552 -0.439454 2.48113 -0.0770073 0.996889 0.0168201 0.168427 0.0296346 -0.985269 -0.982702 -0.0730399 -0.170185 88.2772 9.69636 94.4807 0.442279 0.515641 0.564984 -0.468292 0
-0.145813 -0.440584 2.48752 -0.090856 0.995823 0.00905031 0.155636 0.0231749 -0.987543 -0.983627 -0.0883156 -0.157092 88.6557 8.9537 95.2773 0.440235 0.510652 0.56372 -0.477124 0
-0.146445 -0.442187 2.49669 -0.108264 0.994037 0.0129999 0.163432 0.0306956 -0.986077 -0.980596 -0.104632 -0.16578 88.217 9.40613 96.3003 0.434929 0.506661 0.571126 -0.477438 0
-0.146549 -0.443222 2.50203 -0.120769 0.992664 0.00565927 0.164452 0.025629 -0.986052 -0.978964 -0.118154 -0.16634 88.5111 9.46538 97.0327 0.429686 0.504961 0.572874 -0.481871 0
-0.146866 -0.444259 2.50697 -0.128989 0.991618 0.00752034 0.164669 0.0288972 -0.985926 -0.977878 -0.125935 -0.167016 88.3212 9.47799 97.5143 0.428046 0.502277 0.575522 -0.482979 0
-0.147083 -0.445251 2.51316 -0.112393 0.99365 0.00526717 0.167354 0.0241542 -0.985601 -0.979469 -0.109893 -0.169006 88.5961 9.63402 96.546 0.430916 0.50805 0.571304 -0.479383 0
-0.147896 -0.447335 2.52397 -0.104533 0.994519 0.00219407 0.159288 0.0189203 -0.987051 -0.981682 -0.10283 -0.160393 88.9019 9.16559 96.0782 0.434164 0.509151 0.566535 -0.480942 0
-0.14857 -0.44898 2.53511 -0.0728559 0.997335 0.00394269 0.164277 0.0158996 -0.986286 -0.98372 -0.0712091 -0.164998 89.0764 9.45526 94.2357 0.441035 0.518711 0.559856 -0.472218 0
-0.149965 -0.441111 2.559 -0.293186 0.956033 -0.00663045 0.205617 0.0562803 -0.977013 -0.933683 -0.28781 -0.213077 86.7032 11.8656 107.433 0.370816 0.464653 0.625009 -0.505922 0
-0.150025 -0.436678 2.56311 -0.268528 0.963242 -0.00757001 0.241945 0.0598375 -0.968443 -0.932392 -0.261886 -0.24912 86.4643 14.0014 106.066 0.368168 0.47978 0.62799 -0.489788 0
-0.150106 -0.436094 2.56363 -0.252456 0.967604 0.00282771 0.240001 0.0654489 -0.968564 -0.937371 -0.243841 -0.248749 86.1342 13.8866 105.073 0.375581 0.482401 0.62583 -0.484319 0
-0.150026 -0.436389 2.56414 -0.246263 0.969178 0.00691436 0.222036 0.0633595 -0.972978 -0.943427 -0.238073 -0.230796 86.2742 12.8286 104.629 0.382852 0.479889 0.620568 -0.48788 0
-0.150331 -0.437068 2.56449 -0.241383 0.970414 0.0055302 0.194082 0.0538585 -0.979506 -0.950824 -0.235363 -0.201341 86.8527 11.1911 104.245 0.390875 0.475946 0.611674 -0.496534 0
-0.150334 -0.437904 2.56693 -0.229407 0.973319 0.00482853 0.177301 0.046666 -0.98305 -0.957046 -0.224663 -0.183276 87.2822 10.2126 103.48 0.398115 0.476236 0.604018 -0.499866 1
-0.150879 -0.439352 2.57634 -0.203265 0.979114 0.0042787 0.141423 0.0336831 -0.989376 -0.968856 -0.200501 -0.145316 88.0501 8.13018 101.849 0.413854 0.476541 0.587849 -0.50603 0
-0.151349 -0.439337 2.57733 -0.20099 0.979469 0.0156229 0.134232 0.0433359 -0.990002 -0.970353 -0.196884 -0.140186 87.4936 7.71422 101.702 0.418975 0.473249 0.588327 -0.504348 0
-0.151716 -0.43997 2.57913 -0.2164 0.976086 0.0206471 0.133753 0.050589 -0.989723 -0.967099 -0.211415 -0.141502 87.0739 7.68655 102.613 0.416139 0.467577 0.5934 -0.506041 0
-0.152097 -0.440285 2.58302 -0.199686 0.979552 0.0245735 0.133112 0.0519645 -0.989738 -0.970776 -0.194366 -0.140767 86.9945 7.64947 101.623 0.421756 0.471465 0.590004 -0.501736 0
-0.152242 -0.435627 2.58421 -0.138297 0.98995 0.0295508 0.147195 0.0500511 -0.98784 -0.979391 -0.132266 -0.152637 87.0995 8.46439 98.0374 0.435637 0.490991 0.579005 -0.483634 0
-0.150826 -0.408097 2.57834 0.00447088 0.9996 0.027916 0.204448 0.0264129 -0.978521 -0.978867 0.0100822 -0.204248 88.4538 11.7972 89.7383 0.454597 0.54367 0.553667 -0.437284 0
-0.150749 -0.390477 2.57974 -0.00133536 0.999906 0.0136591 0.209598 0.0136356 -0.977693 -0.977787 0.00155734 -0.209596 89.201 12.0988 90.0782 0.447969 0.546495 0.553301 -0.441051 0
-0.151448 -0.374967 2.5823 -0.0233596 0.999679 0.0098218 0.189186 0.0140673 -0.981841 -0.981663 -0.0210772 -0.189453 89.1792 10.9053 91.3631 0.447564 0.536663 0.553823 -0.452725 1
-0.152082 -0.355703 2.59061 -0.0559627 0.998433 0.000301975 0.191576 0.0110347 -0.981416 -0.979881 -0.0548648 -0.191893 89.3558 11.0447 93.2687 0.436801 0.530305 0.561001 -0.461799 0
-0.163138 -0.345742 2.57823 -0.150611 0.984781 0.086736 0.0996533 0.102413 -0.989738 -0.983558 -0.140421 -0.113561 84.0923 5.71921 98.706 0.457778 0.463826 0.584505 -0.483383 0
-0.154026 -0.322273 2.60747 -0.116469 0.992841 0.026481 0.209261 0.0505946 -0.97655 -0.970899 -0.108196 -0.213656 87.0342 12.079 96.8405 0.424403 0.511515 0.58752 -0.461578 0
-0.16893 -0.332392 2.58612 -0.257804 0.954618 0.149138 0.0424593 0.1654 -0.985312 -0.965264 -0.247685 -0.0831731 80.4709 2.43347 104.954 0.453989 0.406192 0.613673 -0.502302 1
-0.175175 -0.339166 2.5819 -0.268125 0.945292 0.185828 0.00473579 0.194182 -0.980954 -0.963372 -0.262138 -0.0565417 78.8029 0.271342 105.553 0.466239 0.385433 0.616208 -0.504332 1
-0.169731 -0.336054 2.58326 -0.279181 0.959852 0.0272469 0.0179292 0.0335809 -0.999275 -0.960071 -0.27849 -0.0265845 88.0753 1.02732 106.214 0.426561 0.42244 0.578651 -0.552045 1
-0.169529 -0.335413 2.58397 -0.287237 0.957859 0.000293969 0.0184529 0.00584038 -0.999813 -0.957682 -0.287178 -0.0193528 89.6653 1.05733 106.696 0.418106 0.426109