-0.432559 0.308061 1.11393 0.828453 0.559875 0.0143701 0.190881 -0.258141 -0.947063 -0.526527 0.78734 -0.320727 105.247 11.0042 32.4382 0.558924 0.775777 0.241937 -0.165046 0
-0.436688 0.304573 1.12337 0.829586 0.558287 0.0100974 0.164686 -0.227356 -0.959785 -0.53354 0.797887 -0.280554 103.327 9.479 32.7467 0.574821 0.764444 0.236438 -0.171184 0
-0.444314 0.300943 1.13659 0.827959 0.559899 0.0315736 0.154075 -0.172983 -0.972799 -0.539208 0.810303 -0.229489 100.083 8.86314 33.0741 0.596969 0.746731 0.239033 -0.169952 1
-0.450565 0.298977 1.14919 0.834067 0.549639 0.0472125 0.112255 -0.0853051 -0.990011 -0.540121 0.831035 -0.13285 94.9248 6.4453 32.9261 0.635593 0.716279 0.231018 -0.172038 1
-0.456881 0.294073 1.16108 0.845641 0.533039 0.0275769 0.0395819 -0.0111034 -0.999155 -0.532282 0.846018 -0.0304882 90.6367 2.26847 32.188 0.671575 0.686883 0.208413 -0.183694 1
-0.458934 0.288973 1.17057 0.825706 0.5641 0.00105899 -0.0568361 0.0850618 -0.994753 -0.56123 0.821314 0.102297 85.1125 -3.25823 34.2038 0.709413 0.63999 0.198153 -0.21882 1
-0.441333 0.275641 1.19083 0.857767 0.513008 0.0325446 -0.0838427 0.20209 -0.975772 -0.507156 0.834256 0.216358 78.299 -4.80948 30.5938 0.754356 0.599858 0.178861 -0.197801 1
-0.432861 0.271529 1.20215 0.86323 0.504328 0.0220848 -0.11555 0.239989 -0.963874 -0.491409 0.829493 0.26544 76.0186 -6.63533 29.6514 0.769522 0.582624 0.166822 -0.201384 1
-0.426744 0.269042 1.21012 0.861534 0.507701 0.000385305 -0.139714 0.237815 -0.96121 -0.488098 0.82806 0.275819 76.1034 -8.03131 29.5335 0.770579 0.580495 0.158479 -0.210042 1
-0.424684 0.272485 1.21979 0.86264 0.504421 -0.0375612 -0.151969 0.18763 -0.970413 -0.482449 0.842825 0.238513 79.0569 -8.74103 29.217 0.756436 0.59927 0.147034 -0.216935 1
-0.418177 0.249934 1.22673 0.887732 0.454938 -0.0704522 -0.145295 0.131663 -0.980589 -0.436832 0.880736 0.182981 82.3527 -8.35437 26.2007 0.74202 0.627114 0.12344 -0.20223 1
-0.413215 0.243241 1.23634 0.892169 0.445114 -0.0768585 -0.144003 0.119001 -0.982396 -0.428132 0.887531 0.170267 83.0932 -8.27953 25.6353 0.738484 0.633029 0.118917 -0.199434 1
-0.409522 0.240417 1.24504 0.906917 0.419603 -0.0378734 -0.0749631 0.0722534 -0.994565 -0.414586 0.904827 0.0969826 85.8449 -4.2991 24.567 0.720443 0.659106 0.130723 -0.171619 1
-0.408443 0.238182 1.25595 0.925882 0.376573 -0.0305838 -0.0354894 0.00609457 -0.999351 -0.376143 0.926367 0.0190072 89.6506 -2.03382 22.1096 0.698388 0.689344 0.123699 -0.147505 1
-0.412594 0.233076 1.25938 0.926843 0.375405 0.00571988 0.0456407 -0.0975352 -0.994185 -0.372664 0.921715 -0.107534 95.6031 2.61593 21.904 0.656082 0.730053 0.144183 -0.125657 1
-0.418587 0.230651 1.26678 0.936187 0.345806 0.0630316 0.129076 -0.171414 -0.976707 -0.326946 0.922516 -0.205111 99.9542 7.41621 19.2508 0.624432 0.76038 0.156133 -0.0867707 1
-0.420478 0.227595 1.27042 0.918414 0.373965 0.129093 0.251602 -0.300299 -0.920064 -0.305306 0.87748 -0.369889 108.076 14.5723 18.3882 0.55862 0.804457 0.194407 -0.0547614 1
-0.424026 0.231387 1.28054 0.911075 0.374548 0.17221 0.325878 -0.39851 -0.857317 -0.252479 0.8372 -0.48513 114.931 19.0188 15.4892 0.506812 0.83587 0.20949 -0.0240076 1
-0.431529 0.232083 1.28994 0.879177 0.40109 0.257245 0.441397 -0.482169 -0.756757 -0.179492 0.778871 -0.600952 122.503 26.193 11.5389 0.44611 0.860566 0.244748 0.0225878 1
-0.443471 0.232141 1.29693 0.842751 0.435962 0.315766 0.525481 -0.538996 -0.658296 -0.116795 0.720709 -0.683329 129.31 31.7006 7.89026 0.393836 0.875368 0.274583 0.056825 1
-0.450546 0.226271 1.29762 0.816868 0.425728 0.389207 0.574512 -0.540119 -0.614985 -0.0515978 0.725966 -0.685792 131.292 35.0655 3.61431 0.384369 0.872178 0.286707 0.096772 1
-0.45241 0.22663 1.2998 0.770301 0.429126 0.471685 0.637655 -0.524926 -0.563781 0.00566702 0.735054 -0.677985 132.956 39.6172 -0.421511 0.376627 0.86215 0.309337 0.138419 1
-0.453749 0.226659 1.30114 0.741774 0.42667 0.51742 0.669905 -0.507739 -0.54169 0.031592 0.748434 -0.662456 133.147 42.0598 -2.43874 0.378014 0.853225 0.321303 0.160864 1
-0.455121 0.227873 1.30182 0.742596 0.406421 0.532328 0.668207 -0.503336 -0.547861 0.0452771 0.762545 -0.645349 132.575 41.9289 -3.48908 0.385328 0.850188 0.315997 0.169846 1
-0.454942 0.227743 1.30152 0.721832 0.429462 0.542697 0.691829 -0.46839 -0.54953 0.0181916 0.772122 -0.635214 130.443 43.7751 -1.44366 0.393137 0.840452 0.333538 0.166841 1
-0.454859 0.228276 1.302 0.728519 0.444545 0.521191 0.684954 -0.461731 -0.563598 -0.00989444 0.767584 -0.640873 129.326 43.232 0.77812 0.395574 0.841297 0.335642 0.151937 1
-0.453393 0.226157 1.30034 0.70736 0.48123 0.517744 0.706472 -0.457268 -0.540188 -0.0232066 0.747879 -0.663429 130.248 44.9486 1.87904 0.38297 0.840841 0.353129 0.147037 1
-0.454107 0.226942 1.29768 0.688416 0.485213 0.539122 0.724593 -0.426877 -0.541055 -0.0323878 0.763115 -0.645451 128.272 46.435 2.6936 0.392456 0.830774 0.36406 0.152489 1
-0.454751 0.22714 1.29893 0.674272 0.488086 0.554193 0.737236 -0.401294 -0.54355 -0.0429043 0.775071 -0.630415 126.438 47.4965 3.64086 0.4008 0.822493 0.372441 0.155408 1
-0.456165 0.227883 1.29977 0.669424 0.474614 0.571501 0.742137 -0.392834 -0.543061 -0.0332391 0.78767 -0.6152 125.881 47.9137 2.84259 0.406629 0.818147 0.371801 0.164476 1
-0.456924 0.227762 1.30105 0.673119 0.454438 0.583435 0.739517 -0.408317 -0.535155 -0.00496803 0.791684 -0.610911 127.343 47.6903 0.42287 0.404317 0.820419 0.363825 0.176272 1
-0.457307 0.227308 1.30115 0.673121 0.437082 0.596546 0.738964 -0.429152 -0.519385 0.0289947 0.790435 -0.611859 129.566 47.6432 -2.46649 0.397527 0.823731 0.356926 0.18985 1
-0.456827 0.226662 1.30044 0.684506 0.418311 0.597049 0.727198 -0.44947 -0.518807 0.0513329 0.789299 -0.611859 130.904 46.652 -4.28873 0.394708 0.828528 0.345646 0.195643 1
-0.457702 0.227102 1.30158 0.669611 0.407517 0.620927 0.737333 -0.465184 -0.489841 0.0892267 0.785833 -0.611968 133.521 47.5047 -7.59004 0.384857 0.828668 0.345389 0.214246 1
-0.457233 0.226447 1.29964 0.661538 0.421036 0.62056 0.743339 -0.477485 -0.468461 0.0990689 0.771192 -0.628847 135.547 48.0166 -8.51706 0.372561 0.831846 0.349937 0.216275 1
-0.457443 0.226815 1.30083 0.667043 0.417131 0.617297 0.736488 -0.494224 -0.461874 0.112421 0.762721 -0.636881 136.938 47.4331 -9.56654 0.366039 0.836383 0.344824 0.218117 1
-0.457113 0.226656 1.30029 0.676573 0.402805 0.616439 0.727491 -0.495273 -0.474828 0.114042 0.76971 -0.628125 136.207 46.6764 -9.56778 0.371879 0.836656 0.337742 0.218274 1
-0.455756 0.225623 1.29857 0.686642 0.394685 0.610529 0.715814 -0.513766 -0.472921 0.127015 0.761753 -0.635295 137.37 45.7099 -10.4801 0.3666 0.841977 0.329729 0.218992 1
-0.455075 0.225799 1.29696 0.72572 0.344482 0.595536 0.668207 -0.559013 -0.490922 0.163798 0.754213 -0.635872 138.711 41.9288 -12.7188 0.364292 0.854489 0.296285 0.22216 1
-0.454986 0.226176 1.29792 0.742391 0.309709 0.594084 0.640513 -0.588132 -0.493805 0.196464 0.747115 -0.634997 139.983 39.8301 -14.8228 0.360299 0.861034 0.275896 0.229534 1
-0.455487 0.226681 1.2985 0.777058 0.237262 0.582999 0.583108 -0.620101 -0.524842 0.236993 0.747784 -0.620204 139.756 35.6695 -16.9611 0.366317 0.868528 0.236138 0.236029 1
-0.455815 0.227568 1.29932 0.801269 0.135124 0.582847 0.511893 -0.659134 -0.550916 0.309732 0.739787 -0.597312 140.111 30.79 -21.1341 0.369061 0.874316 0.185007 0.255222 1
-0.456402 0.2282 1.30074 0.809285 0.0606142 0.58428 0.45913 -0.685708 -0.564805 0.36641 0.725349 -0.582763 140.522 27.331 -24.359 0.367701 0.877177 0.14813 0.270952 1
-0.455636 0.226375 1.29888 0.801259 0.00751641 0.59827 0.416399 -0.725039 -0.548571 0.429646 0.688666 -0.584074 142.889 24.6074 -28.2008 0.350765 0.881812 0.120183 0.291421 1
-0.456042 0.22803 1.29929 0.803148 -0.0460154 0.594 0.379743 -0.728703 -0.569901 0.459074 0.683282 -0.567782 141.972 22.3177 -29.752 0.355901 0.880289 0.0947778 0.299071 1
-0.455269 0.226891 1.29932 0.809434 0.00716682 0.587167 0.408385 -0.725377 -0.554122 0.421946 0.688315 -0.590071 142.623 24.1034 -27.5324 0.351421 0.883867 0.117538 0.285426 1
-0.456018 0.226958 1.30038 0.811024 0.0038077 0.585001 0.397606 -0.737107 -0.546428 0.429127 0.675766 -0.599325 143.45 23.4286 -27.8841 0.344453 0.887053 0.113131 0.285814 1
-0.456294 0.227669 