-0.336629 -0.387496 1.45566 0.841704 0.539795 0.0124566 0.170449 -0.243749 -0.954743 -0.512329 0.805734 -0.297172 104.322 9.81392 31.3281 0.570259 0.771788 0.230064 -0.16192 0
-0.336225 -0.385771 1.45605 0.854169 0.519947 0.00702806 0.137936 -0.213529 -0.96715 -0.501366 0.827079 -0.254109 102.45 7.92845 30.4114 0.588755 0.761874 0.215877 -0.162211 0
-0.336243 -0.385512 1.45672 0.858054 0.513496 0.00807586 0.128563 -0.199552 -0.971417 -0.497207 0.834566 -0.237243 101.608 7.38657 30.0906 0.596083 0.757438 0.211918 -0.161443 0
-0.336864 -0.386386 1.45842 0.864631 0.502388 0.00454833 0.128715 -0.212754 -0.968591 -0.48564 0.838059 -0.248619 102.388 7.39532 29.3218 0.592296 0.762562 0.206902 -0.157722 0
-0.337974 -0.387089 1.46138 0.874049 0.485835 -0.00133523 0.119288 -0.217269 -0.968795 -0.470965 0.846616 -0.247858 102.64 6.85101 28.3172 0.59349 0.764718 0.197826 -0.154403 0
-0.339014 -0.388154 1.46462 0.87495 0.484213 -7.7258e-06 0.12271 -0.221746 -0.967353 -0.468407 0.846384 -0.253434 102.911 7.04851 28.1625 0.591559 0.766507 0.197951 -0.152776 0
-0.339517 -0.389002 1.46628 0.879935 0.475094 -0.000127782 0.125979 -0.233588 -0.96414 -0.458087 0.848364 -0.265394 103.619 7.23729 27.5011 0.58757 0.771187 0.194853 -0.148542 0
-0.339729 -0.388963 1.46647 0.88445 0.466634 0.000277912 0.122419 -0.231457 -0.965112 -0.45029 0.853628 -0.261837 103.486 7.03176 26.9815 0.589736 0.770997 0.191004 -0.145919 0
-0.340325 -0.389464 1.46738 0.895722 0.444607 -0.00255987 0.116265 -0.239782 -0.96384 -0.429144 0.863035 -0.26647 103.97 6.67661 25.5992 0.589379 0.774915 0.180946 -0.139274 0
-0.341057 -0.389464 1.46772 0.89391 0.448161 0.00873959 0.123218 -0.226934 -0.966084 -0.430978 0.864669 -0.25808 103.219 7.07786 25.7399 0.593485 0.771188 0.185227 -0.136879 0
-0.341159 -0.389719 1.46695 0.90221 0.431041 0.0148362 0.12599 -0.230499 -0.964882 -0.412484 0.872395 -0.262266 103.436 7.23795 24.5695 0.5936 0.773785 0.17997 -0.128475 0
-0.3408 -0.388656 1.46378 0.912713 0.408511 0.00854698 0.113638 -0.233692 -0.965647 -0.39248 0.88233 -0.259716 103.604 6.52508 23.2684 0.595673 0.775584 0.168308 -0.123756 0
-0.340276 -0.388636 1.45921 0.915565 0.400705 0.0342986 0.135116 -0.226153 -0.964675 -0.378793 0.887857 -0.2612 103.194 7.76534 22.4762 0.597539 0.775067 0.17283 -0.111118 0
-0.338798 -0.385255 1.44359 0.924756 0.36295 0.114431 0.186337 -0.169661 -0.967726 -0.331821 0.916233 -0.224526 99.944 10.7391 19.739 0.618581 0.761404 0.180353 -0.0713781 0
-0.336918 -0.383353 1.43548 0.933725 0.343582 0.100541 0.166237 -0.167402 -0.971773 -0.317053 0.924082 -0.213423 99.7741 9.56909 18.7553 0.623077 0.760682 0.167553 -0.0711569 0
-0.33442 -0.381449 1.42629 0.940648 0.333276 0.0641016 0.134251 -0.191925 -0.972184 -0.311703 0.923088 -0.225277 101.168 7.7153 18.3337 0.61714 0.767765 0.152236 -0.0806241 0
-0.332053 -0.379372 1.4185 0.950099 0.307753 0.0509893 0.120884 -0.212542 -0.969646 -0.287574 0.927423 -0.239139 102.363 6.94315 16.8399 0.612049 0.774884 0.138291 -0.0763291 0
-0.331177 -0.378589 1.41214 0.943772 0.328255 0.039274 0.118677 -0.225517 -0.966984 -0.30856 0.917274 -0.251793 103.128 6.81577 18.1048 0.605488 0.777991 0.143617 -0.0865324 0
-0.327958 -0.375218 1.3994 0.928588 0.365796 0.0625859 0.15335 -0.22464 -0.9623 -0.337946 0.903178 -0.264693 103.14 8.82112 19.9982 0.599845 0.777483 0.166932 -0.0885422 0
-0.32434 -0.372235 1.38728 0.918716 0.390145 0.0612147 0.163137 -0.233763 -0.95851 -0.359648 0.890585 -0.278409 103.706 9.389 21.3787 0.592989 0.779565 0.177433 -0.095705 0
-0.323964 -0.370365 1.37976 0.914255 0.400972 0.0579563 0.162193 -0.231158 -0.959302 -0.371257 0.886446 -0.276372 103.548 9.33418 22.1009 0.593027 0.778104 0.180941 -0.100661 0
-0.321303 -0.367231 1.37092 0.90392 0.422054 0.0692812 0.199929 -0.273759 -0.940789 -0.378098 0.864249 -0.331837 106.224 11.5328 22.6989 0.56972 0.792073 0.196315 -0.097471 0
-0.317588 -0.36181 1.35948 0.915465 0.397977 0.0594855 0.215907 -0.36105 -0.907208 -0.339571 0.843361 -0.416455 111.702 12.4687 20.3512 0.533376 0.820513 0.187043 -0.0853384 0
-0.316487 -0.359547 1.35267 0.927488 0.368252 0.0644734 0.203224 -0.351871 -0.913721 -0.313794 0.860568 -0.401194 111.062 11.7256 18.692 0.541854 0.81862 0.174524 -0.0761405 0
-0.314691 -0.357195 1.34495 0.935925 0.34584 0.0666212 0.187653 -0.32959 -0.925287 -0.298044 0.878502 -0.373369 109.606 10.8159 17.664 0.555195 0.812232 0.164206 -0.0712305 0
-0.312239 -0.354567 1.33533 0.94021 0.333089 0.0711107 0.175471 -0.294767 -0.93932 -0.291916 0.895636 -0.33559 107.422 10.1061 17.2485 0.572244 0.801649 0.158598 -0.0688596 0
-0.309537 -0.351237 1.32188 0.92574 0.37274 0.0637968 0.173121 -0.267742 -0.94781 -0.336205 0.88847 -0.312388 105.774 9.96934 19.9597 0.580002 0.791497 0.172414 -0.0860422 0
-0.307214 -0.348591 1.31438 0.916236 0.396736 0.0557882 0.166546 -0.250523 -0.953677 -0.364382 0.883085 -0.295613 104.719 9.58707 21.6875 0.585256 0.784597 0.179481 -0.0983287 0
-0.305638 -0.346333 1.30595 0.904222 0.42396 0.0513878 0.166616 -0.23942 -0.956513 -0.39322 0.873462 -0.287128 104.053 9.59112 23.5028 0.586872 0.779546 0.189397 -0.109625 0
-0.304185 -0.346292 1.3043 0.865076 0.501532 0.0104648 0.14318 -0.226865 -0.963344 -0.480774 0.834864 -0.268064 103.252 8.23188 29.0635 0.585266 0.768115 0.209836 -0.153072 0
-0.302655 -0.345309 1.30509 0.781262 0.623813 -0.0220577 0.132328 -0.200055 -0.970808 -0.610015 0.755537 -0.238843 101.644 7.60414 37.983 0.579302 0.74501 0.253735 -0.212102 0
-0.30164 -0.343739 1.30263 0.721753 0.69206 -0.0111879 0.15185 -0.174094 -0.97295 -0.675288 0.700531 -0.230743 100.145 8.73417 43.0951 0.573785 0.729142 0.289351 -0.235371 0
-0.300795 -0.342862 1.30106 0.686716 0.726841 0.0111437 0.16717 -0.142985 -0.975505 -0.707443 0.671757 -0.219696 98.3388 9.62332 45.8518 0.575333 0.715786 0.312248 -0.243194 0
-0.298593 -0.341907 1.2947 0.704618 0.708536 0.0386058 0.190283 -0.136258 -0.972227 -0.683598 0.692395 -0.230832 97.978 10.9693 44.1325 0.578258 0.719671 0.312233 -0.224058 0
-0.297862 -0.340945 1.29062 0.729003 0.681899 0.0597422 0.204708 -0.133898 -0.969622 -0.653184 0.719087 -0.237202 97.8624 11.8124 41.8602 0.582645 0.724587 0.305901 -0.204752 0
-0.296172 -0.338974 1.28454 0.741481 0.667427 0.0689008 0.21341 -0.137234 -0.967276 -0.636131 0.731921 -0.244192 98.075 12.3223 40.6269 0.583107 0.72851 0.302274 -0.194654 0
-0.294548 -0.33744 1.27851 0.744718 0.66353 0.0715776 0.215014 -0.137013 -0.966952 -0.631795 0.735497 -0.244704 98.0649 12.4163 40.3102 0.583738 0.729115 0.301236 -0.192088 0
-0.292977 -0.334786 1.27057 0.532105 0.839877 0.107103 0.320503 -0.0827217 -0.943628 -0.783672 0.536436 -0.3132 95.0099 18.6934 55.8239 0.532959 0.694267 0.417844 -0.243627 0
-0.292766 -0.333224 1.27016 0.290317 0.951084 0.105614 0.377248 -0.0123223 -0.92603 -0.879431 0.308685 -0.362372 90.7624 22.1633 71.731 0.478441 0.645177 0.514717 -0.299847 0
-0.292006 -0.331776 1.26728 0.188423 0.977866 0.0909706 0.390119 0.0104819 -0.920705 -0.901279 0.208971 -0.379509 89.3477 22.9619 78.1917 0.452602 0.623989 0.54808 -0.324648 0
-0.291171 -0.329529 1.2605 0.17704 0.981441 0.0736921 0.387922 -0.000770587 -0.921692 -0.904529 0.191763 -0.380859 90.0479 22.8253 78.9257 0.445929 0.624233 0.548418 -0.332743 0
-0.289986 -0.328401 1.2552 0.159037 0.984484 0.0741491 0.374257 0.00938182 -0.927278 -0.913586 0.175222 -0.366958 89.4203 21.9784 80.1249 0.447622 0.615754 0.551657 -0.340816 0
-0.288512 -0.327334 1.25033 0.0945034 0.993989 0.0552751 0.372885 0.0161389 -0.927737 -0.923053 0.108286 -0.369118 89.0034 21.8936 84.1543 0.430559 0.601557 0.568057 -0.360638 0
-0.287004 -0.326233 1.24549 0.0828552 0.995033 0.0551803 0.381227 0.0195121 -0.924276 -0.920761 0.0976172 -0.377716 88.7906 22.4097 84.8581 0.425632 0.600221 0.573231 -0.360526 0
-0.283846 -0.321807 1.22939 -0.0439187 0.997571 0.0540589 0.35767 0.0662249 -0.931497 -0.932815 -0.0215749 -0.35971 85.9334 20.9572 92.6956 0.407 0.55892 0.606188 -0.39306 0
-0.280393 -0.318855 1.21744 -0.104159 0.993565 0.0444946 0.352951 0.0787531 -0.932322 -0.929826 -0.0814053 -0.358882 85.1717 20.6679 96.3916 0.392336 0.542211 0.620845 -0.408204 0
-0.279026 -0.316778 1.21038 -0.119064 0.991583 0.0508545 0.326682 0.0874903 -0.941076 -0.937605 -0.0954347