-0.335717 -0.39459 1.45216 0.827467 0.560824 0.0278485 0.208238 -0.260429 -0.942769 -0.521475 0.785909 -0.332281 105.442 12.0191 32.2194 0.555598 0.777846 0.247177 -0.158652 0
-0.333536 -0.404155 1.44665 0.832692 0.553726 0.00332848 0.167973 -0.246861 -0.954382 -0.527644 0.795265 -0.298571 104.502 9.67001 32.3608 0.567287 0.771058 0.233996 -0.169999 0
-0.334029 -0.411376 1.44321 0.8266 0.562464 -0.0191773 0.130904 -0.225295 -0.965457 -0.547355 0.795536 -0.259857 103.135 7.52184 33.5116 0.579104 0.760222 0.228015 -0.186305 0
-0.334765 -0.411475 1.44401 0.840411 0.540913 -0.0335073 0.112254 -0.234227 -0.965679 -0.530197 0.807806 -0.257566 103.634 6.44524 32.2469 0.58065 0.763578 0.213851 -0.18456 0
-0.335334 -0.412874 1.4471 0.850327 0.525851 -0.0206141 0.123321 -0.237191 -0.963604 -0.511602 0.816836 -0.266538 103.828 7.08381 31.0333 0.580215 0.767147 0.211554 -0.17344 0
-0.336184 -0.413704 1.45027 0.85759 0.514277 -0.00772773 0.130304 -0.231775 -0.964003 -0.497555 0.825712 -0.26578 103.519 7.48713 30.1214 0.583103 0.767324 0.210009 -0.164625 0
-0.335916 -0.414117 1.45452 0.875245 0.48364 -0.00618918 0.104853 -0.202213 -0.973712 -0.472178 0.851588 -0.227697 101.732 6.01869 28.346 0.60111 0.759137 0.193803 -0.157536 0
-0.334968 -0.414209 1.4569 0.887393 0.460994 -0.00420622 0.106314 -0.213511 -0.971139 -0.448588 0.861335 -0.238478 102.4 6.10288 26.8171 0.599042 0.764752 0.185455 -0.14802 0
-0.337378 -0.415091 1.45909 0.895244 0.445575 -0.00110914 0.100879 -0.205109 -0.973526 -0.434007 0.871432 -0.228572 101.897 5.78981 25.8637 0.604476 0.763041 0.179038 -0.14256 0
-0.340397 -0.417706 1.46749 0.89451 0.446739 -0.0165879 0.08031 -0.197086 -0.977091 -0.439774 0.872686 -0.212173 101.404 4.60638 26.1804 0.609354 0.758909 0.173621 -0.150335 0
-0.341665 -0.419514 1.47337 0.923469 0.382959 -0.0234096 0.0514055 -0.183962 -0.981588 -0.380214 0.905263 -0.18957 100.615 2.94662 22.3781 0.622482 0.757793 0.143299 -0.133158 0
-0.341577 -0.420394 1.47347 0.928785 0.36607 -0.0578838 0.0155711 -0.194587 -0.980762 -0.370291 0.910016 -0.186429 101.222 0.892192 21.7364 0.622047 0.759901 0.125556 -0.140865 0
-0.34518 -0.422002 1.48448 0.960165 0.276445 -0.0407522 0.00295407 -0.155873 -0.987773 -0.279417 0.948305 -0.150481 98.9675 0.169256 16.2255 0.643003 0.752748 0.0927929 -0.106333 0
-0.343837 -0.423165 1.48092 0.94691 0.31652 -0.0563565 -0.0222451 -0.110369 -0.993642 -0.320727 0.942143 -0.0974687 96.3382 -1.27466 18.7117 0.659369 0.733953 0.100236 -0.128443 0
-0.343298 -0.422599 1.48277 0.940452 0.328904 -0.0858586 -0.0597738 -0.0886342 -0.994269 -0.334629 0.940195 -0.0636964 95.0942 -3.42683 19.5864 0.668603 0.723323 0.0930187 -0.145332 0
-0.343036 -0.420989 1.48799 0.948298 0.286513 -0.136534 -0.136663 -0.0196472 -0.990423 -0.286451 0.957875 0.0205245 91.1364 -7.85482 16.8079 0.698064 0.69775 0.0536903 -0.151554 0
-0.343877 -0.420233 1.49784 0.959993 0.218898 -0.174636 -0.202126 0.110054 -0.973156 -0.193803 0.969521 0.149896 83.5478 -11.6613 11.4134 0.744974 0.651928 0.00643186 -0.141288 0
-0.343506 -0.417222 1.5135 0.937922 0.262515 -0.226688 -0.28101 0.192035 -0.940296 -0.203309 0.945626 0.253883 78.4573 -16.3205 12.2305 0.771985 0.610738 -0.00757097 -0.176016 0
-0.344253 -0.417129 1.51904 0.929442 0.281169 -0.238915 -0.318333 0.283693 -0.904534 -0.186549 0.916767 0.353182 72.5868 -18.5622 11.3491 0.800987 0.568456 -0.0163443 -0.187114 0
-0.345568 -0.409361 1.52465 0.932351 0.247952 -0.263137 -0.34615 0.401989 -0.847694 -0.10441 0.881433 0.460623 64.629 -20.252 6.38967 0.835907 0.517141 -0.0474715 -0.177682 0
-0.348306 -0.39945 1.53133 0.908871 0.237879 -0.34259 -0.416643 0.48031 -0.771823 -0.0190505 0.844225 0.53565 58.1057 -24.6228 1.20078 0.855107 0.47247 -0.0945904 -0.191357 0
-0.350349 -0.38976 1.5399 0.891453 0.274374 -0.360599 -0.452906 0.56367 -0.690762 0.0137318 0.779099 0.626751 50.7851 -26.9303 -0.882507 0.877763 0.418638 -0.106615 -0.20714 0
-0.347279 -0.378846 1.54991 0.860509 0.341898 -0.377663 -0.50744 0.640788 -0.576103 0.0450338 0.687383 0.724897 41.9572 -30.4935 -2.99578 0.898081 0.351719 -0.117667 -0.236431 1
-0.338432 -0.365344 1.55278 0.835748 0.368538 -0.40707 -0.541052 0.679239 -0.495881 0.0937466 0.634677 0.76707 36.1315 -32.7553 -6.40016 0.905822 0.312025 -0.138221 -0.25104 1
-0.343781 -0.355281 1.55428 0.83406 0.424015 -0.352922 -0.546912 0.719389 -0.428213 0.0723191 0.550173 0.831913 30.7631 -33.1554 -4.95557 0.919968 0.265875 -0.115559 -0.263848 1
-0.341309 -0.356029 1.55205 0.754085 0.456741 -0.471958 -0.623987 0.722449 -0.297839 0.20493 0.519091 0.829788 22.4045 -38.6078 -15.2035 0.909165 0.224637 -0.186129 -0.297176 1
-0.343743 -0.353738 1.55357 0.729567 0.478368 -0.48877 -0.637875 0.733723 -0.234021 0.246673 0.482508 0.840439 17.6901 -39.6335 -18.6809 0.908808 0.197107 -0.20231 -0.307062 1
-0.348898 -0.355934 1.55408 0.717131 0.512455 -0.472349 -0.650797 0.734899 -0.190756 0.249374 0.4442 0.860522 14.551 -40.6017 -19.1746 0.910021 0.174435 -0.198271 -0.319567 0
-0.346865 -0.35452 1.55349 0.715891 0.523024 -0.462543 -0.65225 0.73735 -0.175743 0.249138 0.427507 0.869004 13.406 -40.7115 -19.1884 0.911351 0.165482 -0.195227 -0.322399 1
-0.342367 -0.350383 1.55454 0.665993 0.605485 -0.435707 -0.712893 0.688588 -0.132777 0.219628 0.399041 0.890241 10.9141 -45.4708 -18.2513 0.90067 0.147618 -0.181902 -0.365944 1
-0.342544 -0.350737 1.55595 0.649859 0.627848 -0.428359 -0.731734 0.669232 -0.129209 0.205547 0.397412 0.894323 10.9277 -47.0319 -17.5519 0.8963 0.146888 -0.176812 -0.379221 0
-0.343201 -0.35186 1.55652 0.66847 0.623172 -0.405961 -0.723648 0.670988 -0.161581 0.171703 0.401785 0.899493 13.5396 -46.3565 -14.4055 0.899854 0.156516 -0.160488 -0.374177 0
-0.343142 -0.352812 1.55628 0.683686 0.632427 -0.364157 -0.718508 0.670686 -0.18419 0.127748 0.387578 0.912942 15.3565 -45.9315 -10.5838 0.903786 0.158159 -0.136068 -0.373688 0
-0.341701 -0.353916 1.55584 0.669521 0.667466 -0.32593 -0.740233 0.635948 -0.21823 0.0616132 0.387374 0.919862 18.94 -47.7513 -5.25788 0.89796 0.168606 -0.107895 -0.391916 0
-0.341425 -0.35494 1.55524 0.647236 0.686481 -0.331404 -0.761987 0.594889 -0.255898 0.02148 0.418152 0.908123 23.2755 -49.6396 -1.90079 0.887447 0.189884 -0.09941 -0.408043 0
-0.341665 -0.355099 1.55566 0.637891 0.694156 -0.33353 -0.769726 0.588635 -0.247043 0.0248411 0.414313 0.909795 22.7672 -50.3293 -2.23011 0.885483 0.186722 -0.101179 -0.4133 0
-0.342604 -0.354513 1.55466 0.620064 0.713038 -0.327257 -0.784361 0.572594 -0.238566 0.0172784 0.404614 0.914324 22.6186 -51.6616 -1.59616 0.881332 0.182445 -0.0977314 -0.424755 0
-0.34303 -0.355733 1.55445 0.625654 0.719322 -0.301883 -0.780044 0.572213 -0.253186 -0.00938131 0.393889 0.91911 23.8679 -51.2646 0.859052 0.882748 0.183256 -0.0828383 -0.42463 0
-0.34313 -0.351997 1.55609 0.606967 0.728396 -0.317852 -0.7944 0.567547 -0.216377 0.0227875 0.383835 0.92312 20.8693 -52.5986 -2.15006 0.880005 0.170514 -0.096772 -0.43261 0
-0.343236 -0.350069 1.55635 0.606164 0.72804 -0.320192 -0.793978 0.57747 -0.190072 0.0465218 0.36944 0.928089 18.2187 -52.5588 -4.38873 0.882004 0.158591 -0.103943 -0.431409 0
-0.342926 -0.351544 1.5558 0.558772 0.742484 -0.369448 -0.825337 0.541474 -0.160076 0.081193 0.394365 0.91536 16.4692 -55.6227 -8.26756 0.868275 0.159638 -0.129752 -0.451418 0
-0.340621 -0.35013 1.55644 0.546823 0.752407 -0.367243 -0.831436 0.539594 -0.132486 0.0984784 0.377786 0.920641 13.7949 -56.2466 -10.2091 0.867044 0.14713 -0.134284 -0.456679 0
-0.341119 -0.349045 1.55583 0.509909 0.776651 -0.369874 -0.853004 0.51211 -0.100639 0.111255 0.366821 0.923615 11.118 -58.5399 -12.3083 0.858142 0.136184 -0.140166 -0.474762 0
-0.341423 -0.350382 1.55749 0.473857 0.812841 -0.338747 -0.879793 0.453476 -0.142562 0.0377329 0.365581 0.930014 17.4519 -61.6174 -4.55282 0.845185 0.150305 -0.11136 -0.50067 0
-0.340419 -0.350775 1.55553 0.482727 0.783389 -0.391505 -0.872027 0.471253 -0.132251 0.0808942 0.405244 0.910622 15.6761 -60.695 -9.51309 0.846257 0.158786 -0.139556 -0.489041 0
-0.34178 -0.351946 1.55576 0.497638 0.774253 -0.391011 -0.864953 0.476694 -0.156906 0.064908 0.416288 0.906913 18.2192 -59.8773 -7.43126 0.848711 0.168842 -0.134297 -0.482851 0
-0.342186 -0.352089 1.55552 0.499383 0.769331 -0.398429 -0.864975 0.468915 -0.17871 0.0493423 0.433876 0.89962 20.8625 -59.8799 -5.64288 0.846746 0.180865 -0.132204 -0.482525 0
-0.342914 -0.353008 1.55511 0.477577 0.776311 -0.411414 -0.878135 0.436824 -0.195096 0.0282601 0.45445 0.890324 24.0667 -61.4182 -3.38647 0.837366 0.193926 -0.131267 -0.493944 0
-0.342266 -0.353228 1.55481 0.524194 0.75947 -0.385261 -0.85123 0.480592 -0.210805 0.025053 0.438449 0.898407 23.684 -58.3457 -2.73627 0.851938 0.190523 -0.120406 -0.472658 0
-0.341026 -0.351846 1.55577 0.496592 0.761654 -0.41627 -0.866478 0.463242 -0.186071 0.0511116 0.45309 0.889998 21.884 -60.0519 -5.87647 0.844072 0.189309 -0.13843 -0.482225 0
-0.340362 -0.35173 1.55388 0.5484 0.765314 -0.336973 -0.835584 0.517182 -0.185259 0.0324953 0.383166 0.923108 19.7079 -56.6767 -3.39108 0.864391 0.1644 -0.106858 -0.463013 0
-0.341001 -0.352255 1.55262 0.540933 0.763072 -0.353711 -0.840761 0.501901 -0.203016 0.0226127 0.407205 0.913057 22.023 -57.2206 -2.39375 0.859635 0.177465 -0.109443 -0.466428 0
-0.341366 -0.353 1.55212 0.583305 0.730888 -0.354343 -0.811665 0.541101 -0.220024 0.0309224 0.415948 0.908862 22.1278 -54.2589 -3.03454 0.870814 0.18258 -0.110605 -0.442848 1
-0.344093 -0.352401 1.55205 0.57498 0.706023 -0.413436 -0.813327 0.548117 -0.195107 0.0888611 0.448442 0.889384 19.5937 -54.4223 -8.78534 0.867825 0.185391 -0.1447 -0.437689 0
-0.344574 -0.352664 1.55449 0.593297 0.693093 -0.409416 -0.798092 0.572865 -0.186747 0.105107 0.437548 0.893031 18.0553 -52.9483 -10.0461 0.874527 0.178466 -0.147086 -0.426283 0
-0.343326 -0.352214 1.55418 0.601413 0.693505 -0.396678 -0.79134 0.585398 -0.176328 0.10993 0.419953 0.900864 16.7628 -52.3109 -10.3585 0.878589 0.16967 -0.144154 -0.422508 0
-0.343419 -0.350939 1.55293 0.616242 0.671525 -0.411462 -0.773704 0.613769 -0.157067 0.147068 0.41514 0.897791 14.3542 -50.6877 -13.4228 0.88428 0.161772 -0.157905 -0.408589 0
-0.342226 -0.351727 1.55369 0.649444 0.657527 -0.381944 -0.749475 0.638376 -0.175398 0.128495 0.400168 0.907389 15.3633 -48.5449 -11.1916 0.893757 0.160996 -0.142779 -0.393564 0
-0.343737 -0.350905 1.55381 0.670713 0.607042 -0.426198 -0.714969 0.682054 -0.153693 0.197392 0.407802 0.891479 12.6989 -45.6407 -16.3992 0.900589 0.155869 -0.173106 -0.366985 0
-0.344972 -0.351028 1.55282 0.6839 0.573067 -0.451524 -0.692189 0.705237 -0.153348 0.230553 0.417415 0.878982 12.2675 -43.8036 -18.6297 0.903897 0.157862 -0.188649 -0.349945 0
-0.344331 -0.352472 1.55213 0.688243 0.549843 -0.47328 -0.689791 0.698054 -0.192115 0.224742 0.458686 0.859708 15.3877 -43.6136 -18.0842 0.900834 0.180611 -0.193716 -0.344024 0
-0.346092 -0.352623 1.55062 0.685704 0.47323 -0.553049 -0.656579 0.730109 -0.18933 0.31419 0.492944 0.811351 14.5376 -41.0395 -24.6173 0.898215 0.189897 -0.241378 -0.314459 0
-0.346798 -0.354047 1.54978 0.669861 0.500448 -0.548487 -0.702023 0.667429 -0.248401 0.241764 0.551444 0.79841 20.4141 -44.5895 -19.8454 0.885395 0.225844 -0.223135 -0.339529 0
-0.347574 -0.35457 1.54868 0.700336 0.40752 -0.586051 -0.638325 0.725009 -0.258657 0.319485 0.555238 0.76788 19.6346 -39.667 -24.5219 0.89348 0.227732 -0.253373 -0.292632 0
-0.347542 -0.354835 1.54888 0.689267 0.438879 -0.576452 -0.666862 0.695326 -0.267987 0.283208 0.569128 0.771937 21.0773 -41.8253 -22.3369 0.888331 0.235586 -0.241931 -0.311185 0
-0.347612 -0.354992 1.54835 0.732867 0.371026 -0.570302 -0.594216 0.757308 -0.270909 0.33138 0.537423 0.775476 19.6835 -36.4568 -24.331 0.903556 0.223653 -0.249482 -0.267068 0
-0.348532 -0.354177 1.54935 0.733298 0.350415 -0.582651 -0.567895 0.78688 -0.241485 0.373857 0.507966 0.776017 17.0607 -34.6036 -27.0138 0.907771 0.206399 -0.263422 -0.252902 0
-0.348277 -0.35303 1.54855 0.733306 0.338678 -0.589541 -0.545891 0.810175 -0.213584 0.405296 0.478448 0.778988 14.7687 -33.0856 -28.9293 0.911382 0.189831 -0.272892 -0.242645 1
-0.348054 -0.352201 1.54804 0.735825 0.326634 -0.593188 -0.52523 0.828203 -0.195484 0.427428 0.455402 0.78097 13.2807 -31.6837 -30.1516 0.914467 0.177941 -0.279019 -0.232885 1
-0.347831 -0.352111 1.5473 0.756064 0.317437 -0.572365 -0.505955 0.838222 -0.203456 0.415184 0.443416 0.794358 13.6432 -30.3947 -28.7729 0.920413 0.175702 -0.268235 -0.223647 1
-0.34926 -0.353923 1.54645 0.786856 0.294039 -0.542585 -0.468591 0.856794 -0.215235 0.401596 0.423609 0.811958 14.1014 -27.9429 -27.0389 0.929463 0.171831 -0.253959 -0.205126 1
-0.348687 -0.353404 1.54769 0.797817 0.289982 -0.528581 -0.46133 0.858076 -0.225567 0.388152 0.423812 0.818365 14.7284 -27.4729 -25.9437 0.931968 0.174196 -0.245913 -0.201539 1
-0.346258 -0.35601 1.54874 0.798171 0.284524 -0.531008 -0.471932 0.843166 -0.257589 0.374438 0.4562 0.807266 16.988 -28.1598 -25.1322 0.928521 0.192184 -0.243787 -0.203672 1
-0.347181 -0.354702 1.54827 0.779021 0.319075 -0.539739 -0.515967 0.815327 -0.262717 0.356237 0.483149 0.799789 17.8601 -31.0621 -24.5741 0.921159 0.202426 -0.243165 -0.226628 1
-0.34714 -0.354062 1.54822 0.743119 0.348108 -0.571485 -0.561538 0.788892 -0.249648 0.363936 0.506429 0.781717 17.5602 -34.1623 -26.0929 0.910182 0.207672 -0.256932 -0.249853 1
-0.346924 -0.353752 1.54825 0.743489 0.351515 -0.568912 -0.56289 0.788268 -0.248571 0.361079 0.505045 0.783933 17.502 -34.2559 -25.9038 0.910452 0.206935 -0.255365 -0.251085 1
-0.346813 -0.35531 1.54916 0.746399 0.366483 -0.555498 -0.584217 0.760583 -0.283203 0.318714 0.535914 0.781804 20.4228 -35.7477 -23.1226 0.906751 0.225839 -0.241029 -0.262117 0
-0.347828 -0.354437 1.54806 0.689152 0.425506 -0.586528 -0.655302 0.711441 -0.253833 0.309273 0.559282 0.769126 19.6357 -40.9425 -24.1692 0.890185 0.228356 -0.251577 -0.303534 1
-0.346741 -0.353721 1.54632 0.645266 0.499849 -0.577739 -0.722989 0.643874 -0.250426 0.246816 0.579291 0.776855 21.2528 -46.3018 -20.932 0.875499 0.236927 -0.235453 -0.349183 0
-0.346075 -0.353506 1.54606 0.633171 0.540603 -0.553934 -0.744463 0.621206 -0.244698 0.211822 0.567319 0.795789 21.4999 -48.113 -18.4972 0.873236 0.232474 -0.219229 -0.367903 1
-0.345237 -0.353326 1.54728 0.624193 0.563453 -0.541206 -0.757281 0.606689 -0.241773 0.192116 0.560758 0.805383 21.7279 -49.2251 -17.1075 0.871244 0.230283 -0.210424 -0.378979 1
-0.346091 -0.352411 1.5476 0.593508 0.588318 -0.549209 -0.779238 0.59076 -0.209262 0.201338 0.552163 0.809061 19.5054 -51.1908 -18.7387 0.865062 0.220049 -0.216906 -0.395219 1
-0.347604 -0.352428 1.5464 0.574441 0.568347 -0.589066 -0.787979 0.578789 -0.209984 0.221601 0.584795 0.780326 19.9407 -51.997 -21.095 0.856381 0.232017 -0.236655 -0.395947 1
-0.349349 -0.352788 1.54653 0.572448 0.553508 -0.604924 -0.786468 0.579307 -0.214177 0.231888 0.598358 0.766939 20.29 -51.8566 -22.052 0.854209 0.237803 -0.244908 -0.392168 1
-0.348215 -0.35262 1.5458 0.595509 0.565675 -0.570421 -0.775176 0.591011 -0.223176 0.21088 0.57508 0.790451 20.6874 -50.821 -19.5 0.862695 0.231326 -0.226413 -0.388565 1
-0.348327 -0.352178 1.5452 0.627426 0.511889 -0.586776 -0.730479 0.647926 -0.21585 0.269697 0.564058 0.78045 18.4249 -46.9266 -23.2603 0.874043 0.223075 -0.244975 -0.355351 1
-0.349113 -0.351553 1.54321 0.638628 0.464473 -0.61353 -0.696265 0.688279 -0.203684 0.327674 0.557258 0.76295 16.4852 -44.1281 -27.162 0.8789 0.216447 -0.267722 -0.330168 1
-0.348222 -0.351742 1.54486 0.639915 0.429367 -0.637301 -0.672755 0.713816 -0.194598 0.371362 0.553273 0.74564 15.2492 -42.28 -30.1279 0.880252 0.212403 -0.28647 -0.313013 1
-0.348816 -0.35119 1.54532 0.641314 0.398722 -0.655544 -0.667385 0.711416 -0.220192 0.378569 0.578712 0.722342 17.1979 -41.8655 -30.5534 0.876794 0.227791 -0.294856 -0.303979 1
-0.346926 -0.354056 1.54692 0.632963 0.402596 -0.661266 -0.674848 0.705504 -0.216434 0.379391 0.583249 0.71825 17.0549 -42.4423 -30.938 0.874174 0.228697 -0.297612 -0.308132 1
-0.348292 -0.353145 1.54554 0.635799 0.414691 -0.650993 -0.680755 0.698777 -0.219736 0.363776 0.582874 0.726584 17.4562 -42.9027 -29.7763 0.874808 0.229368 -0.289997 -0.313053 0
-0.349163 -0.352018 1.54605 0.612108 0.458504 -0.64428 -0.710778 0.676095 -0.19414 0.346581 0.576775 0.739738 16.0214 -45.2982 -29.5189 0.870049 0.221515 -0.284714 -0.335982 0
-0.34865 -0.352385 1.54618 0.610411 0.465428 -0.640917 -0.718097 0.666643 -0.199808 0.334266 0.582206 0.741149 16.6847 -45.8976 -28.7055 0.868649 0.225066 -0.280661 -0.340623 0
-0.347543 -0.352475 1.54529 0.684341 0.41671 -0.598357 -0.641745 0.733804 -0.222925 0.346182 0.536548 0.769593 16.8984 -39.922 -26.8331 0.892712 0.212687 -0.264514 -0.296415 0
-0.347082 -0.353198 1.54643 0.721348 0.366884 -0.587412 -0.587485 0.773307 -0.238448 0.366767 0.5171 0.773362 17.1371 -35.9787 -26.9509 0.903883 0.208973 -0.263911 -0.263964 0
-0.345555 -0.353714 1.54871 0.755905 0.388663 -0.52683 -0.57125 0.784671 -0.240758 0.319814 0.482941 0.81516 17.0574 -34.8375 -22.9327 0.915933 0.19753 -0.231088 -0.262004 0
-0.346571 -0.35311 1.5464 0.779786 0.303792 -0.547399 -0.494426 0.835196 -0.240813 0.384028 0.45843 0.801476 16.0839 -29.6319 -26.2193 0.924183 0.189152 -0.251959 -0.215925 0
-0.345857 -0.353662 1.54665 0.79591 0.249687 -0.551528 -0.442794 0.861341 -0.24905 0.412869 0.442435 0.79611 16.1268 -26.2823 -27.4175 0.929161 0.186051 -0.259481 -0.186319 0
-0.345195 -0.355076 1.54752 0.821334 0.22902 -0.522456 -0.420726 0.861693 -0.283682 0.385228 0.452808 0.804092 18.2223 -24.8804 -25.1279 0.933691 0.197198 -0.243036 -0.173972 0
-0.346667 -0.354246 1.54727 0.826224 0.143379 -0.54479 -0.330859 0.90621 -0.263279 0.455945 0.397777 0.796171 16.2001 -19.3209 -28.8918 0.939229 0.175957 -0.266372 -0.126231 0
-0.346832 -0.354262 1.54648 0.816433 0.0765063 -0.57235 -0.273134 0.924456 -0.266042 0.508758 0.373534 0.775653 16.0549 -15.8509 -31.929 0.937622 0.170532 -0.288258 -0.0932254 0
-0.347121 -0.353719 1.54615 0.805778 0.0418873 -0.590734 -0.231251 0.940559 -0.248741 0.545201 0.337038 0.767569 14.8134 -13.3707 -34.0828 0.937271 0.156246 -0.30299 -0.0728547 0
-0.346472 -0.353262 1.54692 0.826139 0.0683968 -0.559299 -0.236164 0.943244 -0.233488 0.511586 0.32498 0.795404 13.9034 -13.6603 -31.7678 0.944032 0.147895 -0.283593 -0.0806544 0
-0.347398 -0.353763 1.54734 0.814375 0.11102 -0.569621 -0.295448 0.924126 -0.242283 0.499504 0.365603 0.785386 14.6909 -17.1844 -31.5232 0.938601 0.161913 -0.284766 -0.108264 0
-0.347451 -0.354105 1.54735 0.801939 0.146969 -0.579045 -0.348209 0.902586 -0.253159 0.485432 0.404647 0.774995 15.6679 -20.3778 -31.1874 0.932674 0.176323 -0.285329 -0.132731 0
-0.348663 -0.354255 1.54691 0.782796 0.160143 -0.601319 -0.377049 0.890796 -0.253606 0.49504 0.425249 0.757693 15.8914 -22.151 -32.3092 0.926186 0.183239 -0.295934 -0.145001 0
-0.347263 -0.354243 1.54866 0.798603 0.164593 -0.578915 -0.365444 0.896875 -0.24913 0.478209 0.410517 0.776397 15.524 -21.4349 -30.9135 0.931648 0.177011 -0.28367 -0.142231 0
-0.347196 -0.351985 1.54889 0.796905 0.196271 -0.571332 -0.358833 0.914619 -0.186307 0.485985 0.353482 0.799293 11.5136 -21.0286 -31.3765 0.936859 0.144042 -0.282144 -0.148129 0
-0.346284 -0.350742 1.54752 0.813952 0.181137 -0.55197 -0.317857 0.934168 -0.162162 0.486259 0.30744 0.817944 9.84784 -18.5334 -30.8543 0.944201 0.124338 -0.274896 -0.132121 0
-0.34343 -0.346344 1.54939 0.808397 0.227977 -0.542698 -0.34704 0.929269 -0.126579 0.475456 0.290664 0.830335 7.75673 -20.3064 -30.4618 0.944458 0.110445 -0.269508 -0.152208 0
-0.34408 -0.351876 1.54974 0.850789 0.168178 -0.497869 -0.29265 0.938532 -0.183067 0.436478 0.301453 0.84771 11.0373 -17.0167 -27.1591 0.95355 0.127031 -0.244965 -0.120819 0
-0.343957 -0.351238 1.54933 0.845677 0.183703 -0.501083 -0.309738 0.933532 -0.180501 0.434619 0.30785 0.846366 10.9433 -18.0434 -27.2 0.952047 0.128237 -0.245708 -0.129574 0
-0.3443 -0.351296 1.54954 0.837914 0.201016 -0.507438 -0.329365 0.927574 -0.17642 0.435223 0.314957 0.843435 10.7688 -19.2303 -27.4479 0.949858 0.129329 -0.248106 -0.139595 0
-0.345704 -0.351819 1.54962 0.834381 0.167185 -0.525222 -0.304022 0.934423 -0.185538 0.45976 0.314488 0.830493 11.2305 -17.6993 -28.8556 0.948591 0.131781 -0.259591 -0.124186 0
-0.345046 -0.350924 1.54822 0.833955 0.163989 -0.526903 -0.293938 0.940104 -0.172639 0.467033 0.29885 0.832207 10.4058 -17.0939 -29.2498 0.949509 0.12414 -0.261698 -0.120569 0
-0.343201 -0.350529 1.5481 0.841503 0.199445 -0.50209 -0.316425 0.935226 -0.15883 0.43789 0.29253 0.850105 9.63859 -18.4469 -27.491 0.952212 0.118503 -0.246789 -0.13544 0
-0.342621 -0.352265 1.54873 0.822573 0.201087 -0.531919 -0.34285 0.921635 -0.181775 0.453683 0.331892 0.827055 11.1573 -20.0506 -28.8785 0.944889 0.135907 -0.260772 -0.143916 0
-0.342756 -0.350694 1.54798 0.824453 0.210652 -0.525265 -0.34682 0.921497 -0.17481 0.447206 0.326295 0.832789 10.7415 -20.2929 -28.4766 0.945878 0.132444 -0.257029 -0.147342 0
-0.342632 -0.348521 1.55018 0.818336 0.197612 -0.539699 -0.352555 0.914206 -0.199833 0.453907 0.353804 0.817797 12.3302 -20.6436 -29.0158 0.942117 0.146913 -0.263663 -0.145992 0
-0.340801 -0.350061 1.54941 0.806864 0.270171 -0.525336 -0.407309 0.898539 -0.163483 0.427866 0.345883 0.835042 10.3118 -24.0359 -27.9363 0.940804 0.135354 -0.253295 -0.180027 0
-0.343192 -0.347435 1.54936 0.809845 0.283361 -0.51367 -0.415965 0.894799 -0.162199 0.41367 0.345025 0.842517 10.2744 -24.5801 -27.058 0.941695 0.134657 -0.246189 -0.185656 0
-0.342046 -0.347029 1.54963 0.807198 0.273284 -0.523208 -0.412435 0.895231 -0.168698 0.422289 0.351962 0.835341 10.6717 -24.3579 -27.6165 0.940448 0.138407 -0.251342 -0.182285 0
-0.343253 -0.347558 1.54947 0.814538 0.250826 -0.523081 -0.391724 0.90289 -0.177038 0.427879 0.349107 0.833693 11.0938 -23.0618 -27.713 0.942221 0.139602 -0.252319 -0.170488 0
-0.34345 -0.347882 1.54967 0.822002 0.229687 -0.521111 -0.373201 0.908445 -0.188279 0.430156 0.349245 0.832463 11.709 -21.9132 -27.6232 0.943784 0.142386 -0.251982 -0.1597 0
-0.342598 -0.347198 1.54983 0.818601 0.21121 -0.534118 -0.34431 0.924772 -0.162009 0.45972 0.316523 0.829741 9.9367 -20.1397 -29.3182 0.945134 0.126578 -0.262883 -0.146942 0
-0.34512 -0.347453 1.54944 0.791711 0.249759 -0.557506 -0.398436 0.902897 -0.161325 0.463079 0.349853 0.814347 10.1304 -23.4805 -30.3237 0.93661 0.136444 -0.272415 -0.173016 0
-0.345421 -0.347584 1.54959 0.767805 0.261976 -0.584675 -0.433058 0.884751 -0.172267 0.472162 0.385466 0.792767 11.018 -25.6618 -31.5895 0.928079 0.150239 -0.284684 -0.187224 0
-0.344437 -0.346786 1.5497 0.788443 0.249813 -0.562095 -0.397375 0.904394 -0.15545 0.469522 0.345926 0.812333 9.75289 -23.4142 -30.774 0.936105 0.1339 -0.275508 -0.172841 0
-0.344918 -0.346779 1.55019 0.777245 0.276128 -0.56537 -0.426285 0.892001 -0.150382 0.462786 0.357893 0.811013 9.5695 -25.232 -30.7703 0.932773 0.136227 -0.275564 -0.188259 0
-0.345092 -0.346511 1.54982 0.774665 0.281985 -0.566019 -0.430165 0.89106 -0.144815 0.463521 0.355664 0.811573 9.23099 -25.478 -30.8942 0.932376 0.134195 -0.276053 -0.19095 0
-0.344717 -0.346469 1.54967 0.77335 0.288549 -0.564508 -0.434726 0.889472 -0.140899 0.461457 0.354371 0.813313 9.0013 -25.7679 -30.8245 0.93222 0.13282 -0.27514 -0.193966 0
-0.344468 -0.346509 1.54933 0.78334 0.28532 -0.552241 -0.427284 0.892411 -0.145021 0.451449 0.349565 0.820974 9.23015 -25.2953 -29.9554 0.934977 0.132245 -0.268373 -0.190541 0
-0.344456 -0.347097 1.54897 0.777379 0.291372 -0.557481 -0.448388 0.878246 -0.166232 0.44117 0.379193 0.813377 10.718 -26.6403 -29.5753 0.931263 0.146421 -0.26809 -0.19859 0
-0.343304 -0.346176 1.5492 0.786932 0.294725 -0.542103 -0.431846 0.890589 -0.142693 0.440736 0.346395 0.828108 9.10276 -25.5848 -29.2518 0.936166 0.130609 -0.262464 -0.194028 0
-0.343896 -0.346413 1.54895 0.772673 0.326346 -0.544495 -0.471527 0.869328 -0.148091 0.425016 0.37117 0.825587 9.66759 -28.1335 -28.8134 0.931073 0.139425 -0.260321 -0.214235 0
-0.344719 -0.346538 1.54961 0.756146 0.32357 -0.568811 -0.481249 0.863951 -0.148284 0.443445 0.385864 0.808991 9.73905 -28.767 -30.3897 0.92589 0.144226 -0.27332 -0.21731 0
-0.343584 -0.346749 1.54913 0.789735 0.247047 -0.561504 -0.397363 0.903352 -0.161426 0.467356 0.350604 0.811576 10.1316 -23.4134 -30.6165 0.936037 0.136755 -0.274791 -0.172111 0
-0.34288 -0.346206 1.54885 0.804128 0.224696 -0.550354 -0.363291 0.918559 -0.155784 0.470529 0.325209 0.820269 9.62556 -21.3024 -30.3337 0.941137 0.127769 -0.271183 -0.15619 0
-0.343818 -0.346655 1.54914 0.829041 0.180447 -0.529273 -0.303017 0.940459 -0.154005 0.46997 0.288055 0.834358 9.29991 -17.6389 -29.5482 0.949191 0.11643 -0.263183 -0.127336 0
-0.343764 -0.346429 1.54987 0.829869 0.160521 -0.534369 -0.274578 0.951219 -0.140676 0.48572 0.263469 0.833463 8.41252 -15.9368 -30.3403 0.950599 0.106287 -0.268275 -0.114428 0
-0.342309 -0.346479 1.54953 0.84063 0.141218 -0.522875 -0.25787 0.953321 -0.157106 0.476281 0.266901 0.837807 9.35812 -14.9437 -29.5349 0.952859 0.111246 -0.262147 -0.104708 0
-0.343452 -0.346517 1.54873 0.834773 0.147099 -0.530581 -0.267715 0.950508 -0.157681 0.481126 0.273672 0.832839 9.41908 -15.5284 -29.9572 0.951068 0.113386 -0.26594 -0.109039 0
-0.344213 -0.346529 1.54906 0.817124 0.170489 -0.550674 -0.299476 0.941788 -0.152804 0.492567 0.289774 0.820615 9.21585 -17.4262 -31.0818 0.945982 0.116962 -0.275703 -0.1242 0
-0.344253 -0.347237 1.54856 0.81973 0.172882 -0.546035 -0.311121 0.934845 -0.171082 0.480881 0.310124 0.820108 10.3707 -18.1268 -30.3973 0.945342 0.127257 -0.271573 -0.127997 0
-0.344123 -0.346596 1.54897 0.806003 0.188457 -0.56111 -0.319514 0.936511 -0.144424 0.498267 0.295688 0.815045 8.76679 -18.6336 -31.7242 0.943074 0.116669 -0.280831 -0.134658 0
-0.344231 -0.346556 1.54947 0.820755 0.191693 -0.538159 -0.311147 0.940039 -0.139691 0.479113 0.282098 0.831187 8.45235 -18.1284 -30.2741 0.947626 0.111275 -0.268374 -0.132658 0
-0.344106 -0.346061 1.54955 0.835349 0.163252 -0.52492 -0.283664 0.945946 -0.157226 0.470879 0.28024 0.836504 9.43687 -16.479 -29.4096 0.951026 0.114998 -0.26177 -0.117483 0
-0.342425 -0.346466 1.54902 0.821839 0.218112 -0.526314 -0.340808 0.928508 -0.147385 0.456541 0.300499 0.837419 9.01946 -19.9261 -29.0527 0.94707 0.118229 -0.259446 -0.147539 0
-0.342885 -0.346157 1.54902 0.818403 0.20753 -0.535862 -0.325091 0.936149 -0.133946 0.473849 0.283826 0.833613 8.14272 -18.9711 -30.0705 0.947122 0.110274 -0.266521 -0.140589 0
-0.343855 -0.346228 1.54934 0.799488 0.147319 -0.582337 -0.268907 0.954667 -0.12767 0.53713 0.258665 0.80286 7.61714 -15.5992 -33.8949 0.943002 0.102422 -0.296783 -0.110346 0
-0.343757 -0.346602 1.54854 0.811507 0.149268 -0.564955 -0.276671 0.949735 -0.14648 0.514693 0.275176 0.812015 8.7678 -16.0616 -32.3846 0.945153 0.111531 -0.285575 -0.112664 0
-0.34399 -0.346247 1.54874 0.809528 0.163527 -0.563847 -0.295161 0.943582 -0.150112 0.507488 0.287946 0.812123 9.03931 -17.1672 -32.0833 0.944091 0.116 -0.283695 -0.121463 0
-0.343041 -0.345846 1.55032 0.812756 0.185733 -0.552205 -0.31212 0.939141 -0.143512 0.491943 0.288995 0.821264 8.68827 -18.1871 -31.1856 0.94514 0.114403 -0.276189 -0.131688 0
-0.344279 -0.346853 1.55 0.818061 0.199665 -0.539361 -0.328779 0.931812 -0.153721 0.471891 0.303084 0.827925 9.36771 -19.1947 -29.9781 0.945753 0.120752 -0.267314 -0.139689 0
-0.343027 -0.346697 1.54904 0.8113 0.16482 -0.560916 -0.315696 0.931038 -0.183041 0.492065 0.32558 0.807384 11.1225 -18.4028 -31.2374 0.942035 0.134979 -0.279443 -0.127521 0
-0.344454 -0.348004 1.55014 0.80697 0.19271 -0.558267 -0.353363 0.914948 -0.194949 0.473217 0.354589 0.806432 12.0282 -20.6931 -30.3878 0.939195 0.146279 -0.274566 -0.145357 0
-0.344317 -0.34721 1.54941 0.815639 0.214786 -0.537215 -0.354669 0.919229 -0.170964 0.457103 0.329978 0.825937 10.5359 -20.7731 -29.2673 0.943505 0.132735 -0.263464 -0.150888 0
-0.343748 -0.346887 1.55041 0.81932 0.216782 -0.530773 -0.346722 0.924639 -0.157565 0.456616 0.313126 0.832739 9.67068 -20.2869 -29.1314 0.945608 0.124441 -0.261046 -0.148979 0
-0.344066 -0.346904 1.54977 0.81006 0.22129 -0.542986 -0.360308 0.918442 -0.163224 0.462581 0.327864 0.823726 10.0773 -21.1191 -29.7283 0.942368 0.13028 -0.266766 -0.154292 0
-0.344545 -0.347424 1.54939 0.817307 0.230325 -0.528166 -0.357997 0.921227 -0.152247 0.451494 0.313514 0.835381 9.3842 -20.9772 -28.917 0.94524 0.123186 -0.259104 -0.155601 0
-0.343334 -0.346588 1.54829 0.815281 0.236197 -0.528705 -0.368197 0.916139 -0.158491 0.446932 0.323882 0.833878 9.81494 -21.6045 -28.7313 0.9441 0.127734 -0.258351 -0.160045 0
-0.343155 -0.345413 1.54869 0.818063 0.228239 -0.527902 -0.351854 0.924684 -0.145462 0.454942 0.304741 0.836756 8.93992 -20.6008 -29.0794 0.945979 0.118978 -0.259743 -0.153305 0
-0.34342 -0.346194 1.54906 0.823509 0.212582 -0.525967 -0.334204 0.930968 -0.146993 0.458411 0.296831 0.837706 8.97252 -19.5242 -29.1027 0.947653 0.117085 -0.259688 -0.144247 0
-0.341951 -0.345937 1.54947 0.818488 0.241147 -0.521465 -0.366738 0.917968 -0.151124 0.442245 0.314935 0.839783 9.34869 -21.5146 -28.3832 0.945547 0.123225 -0.254802 -0.160723 0
-0.343017 -0.346504 1.54938 0.813518 0.264122 -0.5181 -0.39418 0.905464 -0.157343 0.427563 0.332226 0.840723 9.8579 -23.2148 -27.7252 0.943359 0.129741 -0.250611 -0.174457 0
-0.342221 -0.34607 1.54898 0.805242 0.27746 -0.524024 -0.411661 0.897662 -0.157286 0.426756 0.342373 0.837054 9.93831 -24.3092 -27.9224 0.940739 0.132784 -0.252668 -0.183133 0
-0.343702 -0.347468 1.55005 0.809353 0.276007 -0.518429 -0.412024 0.895872 -0.166282 0.418551 0.348186 0.838798 10.515 -24.332 -27.3454 0.941279 0.136641 -0.248858 -0.182738 0
-0.343558 -0.347347 1.55027 0.824751 0.237469 -0.51322 -0.368189 0.914333 -0.168619 0.429212 0.32803 0.84153 10.4489 -21.6039 -27.4931 0.946126 0.131232 -0.249024 -0.160036 0
-0.343076 -0.346606 1.55008 0.834824 0.20914 -0.509245 -0.328628 0.931454 -0.156197 0.441671 0.297749 0.846329 9.51946 -19.1855 -27.8815 0.950343 0.119416 -0.250151 -0.141467 0
-0.343355 -0.346552 1.54908 0.834389 0.193586 -0.516061 -0.31437 0.936213 -0.157091 0.452732 0.293309 0.842024 9.52519 -18.3228 -28.4838 0.950345 0.118483 -0.254853 -0.133624 0
-0.343304 -0.346596 1.5486 0.819434 0.235628 -0.5225 -0.365087 0.917315 -0.158889 0.441859 0.320957 0.837704 9.82674 -21.4129 -28.3346 0.945311 0.126901 -0.255037 -0.158867 0
-0.341734 -0.346297 1.5481 0.815339 0.267906 -0.513272 -0.399399 0.902059 -0.163614 0.419169 0.338401 0.842486 10.2805 -23.5406 -27.2079 0.943383 0.133036 -0.247101 -0.176838 0
-0.342625 -0.346618 1.54843 0.813745 0.292396 -0.502318 -0.418015 0.8949 -0.156261 0.403834 0.337133 0.850446 9.90472 -24.7094 -26.3937 0.943278 0.130766 -0.240161 -0.188283 0
-0.3428 -0.346284 1.54882 0.812531 0.285262 -0.50835 -0.408352 0.900884 -0.147162 0.415984 0.327159 0.848483 9.27751 -24.1013 -27.1107 0.94365 0.125662 -0.244883 -0.183758 0
-0.343119 -0.347582 1.54939 0.823448 0.284777 -0.490749 -0.405636 0.900233 -0.158238 0.396726 0.329366 0.856812 9.96926 -23.931 -25.7241 0.94611 0.128844 -0.234507 -0.182435 0
-0.343269 -0.348134 1.5495 0.824491 0.265544 -0.499701 -0.395418 0.902048 -0.173075 0.404795 0.340289 0.848731 10.8613 -23.292 -26.1493 0.945419 0.135751 -0.239178 -0.17478 1
-0.342523 -0.348211 1.54796 0.834228 0.25249 -0.490217 -0.38316 0.904752 -0.186043 0.396551 0.343034 0.851514 11.6197 -22.5296 -25.4241 0.94743 0.139608 -0.233993 -0.16773 0
-0.341516 -0.347664 1.5487 0.83502 0.246723 -0.491803 -0.37711 0.9075 -0.18502 0.400662 0.339959 0.850822 11.5235 -22.1548 -25.6328 0.947806 0.138472 -0.235403 -0.164547 0
-0.341461 -0.348447 1.55043 0.853485 0.245573 -0.459627 -0.372286 0.904502 -0.208036 0.364646 0.348668 0.863402 12.9528 -21.8567 -23.1343 0.951497 0.146271 -0.216573 -0.162339 0
-0.340471 -0.347968 1.55048 0.854521 0.252947 -0.453664 -0.372154 0.90745 -0.195027 0.362346 0.335487 0.869571 12.1294 -21.8485 -22.9786 0.95283 0.139194 -0.214102 -0.164012 0
-0.342111 -0.347226 1.54957 0.83442 0.264054 -0.483755 -0.384408 0.907837 -0.167521 0.394936 0.325742 0.859021 10.455 -22.607 -25.3285 0.948852 0.129963 -0.231514 -0.170854 0
-0.342642 -0.346705 1.5492 0.825702 0.253893 -0.503741 -0.371695 0.916598 -0.147281 0.424334 0.308848 0.851207 9.12838 -21.8202 -27.199 0.947827 0.120309 -0.24479 -0.165006 0
-0.342605 -0.345652 1.54851 0.825497 0.224377 -0.517889 -0.342067 0.928753 -0.142857 0.448937 0.295081 0.843435 8.74446 -20.0028 -28.5391 0.948378 0.115444 -0.254863 -0.149319 0
-0.343166 -0.347269 1.54872 0.84959 0.198585 -0.488632 -0.269445 0.959819 -0.0784075 0.453428 0.198274 0.86896 4.67012 -15.6312 -28.0889 0.958954 0.072131 -0.245596 -0.122016 1
-0.344361 -0.346926 1.54842 0.849981 0.187566 -0.492292 -0.254593 0.964353 -0.072151 0.46121 0.186661 0.867434 4.27878 -14.7495 -28.4848 0.959397 0.0674414 -0.248464 -0.115218 1
-0.344433 -0.347112 1.5482 0.843632 0.190886 -0.501845 -0.263309 0.961645 -0.0768589 0.467925 0.196981 0.861536 4.56962 -15.2665 -29.0152 0.957446 0.0715026 -0.253218 -0.118595 1
-0.34365 -0.347021 1.54765 0.854853 0.176584 -0.487898 -0.246175 0.965768 -0.0817885 0.456753 0.190025 0.869061 4.84069 -14.2513 -28.1159 0.960427 0.0707534 -0.245893 -0.110045 1
-0.344093 -0.347598 1.54667 0.852088 0.171344 -0.494558 -0.252928 0.962043 -0.102469 0.458229 0.2124 0.863083 6.07976 -14.6508 -28.2701 0.958803 0.0820996 -0.248431 -0.110625 1
-0.344526 -0.348221 1.54676 0.843469 0.175005 -0.507871 -0.265674 0.957623 -0.111246 0.466881 0.22876 0.85422 6.62627 -15.407 -28.9656 0.955943 0.088919 -0.254919 -0.115247 1
-0.344599 -0.348187 1.54696 0.844158 0.172926 -0.507439 -0.264653 0.957589 -0.113938 0.466216 0.230477 0.854121 6.78542 -15.3463 -28.9112 0.956016 0.0900653 -0.254613 -0.114428 1
-0.345278 -0.34788 1.54723 0.834547 0.193821 -0.515718 -0.285502 0.952724 -0.103946 0.47119 0.233986 0.85043 6.22656 -16.5889 -29.4493 0.953638 0.0885902 -0.258722 -0.125656 1
-0.346179 -0.349164 1.54716 0.843979 0.179393 -0.505488 -0.285856 0.947859 -0.140887 0.453858 0.263402 0.851254 8.45437 -16.61 -28.2696 0.954344 0.105908 -0.25131 -0.121877 1
-0.345284 -0.349072 1.54426 0.844067 0.164188 -0.510484 -0.280634 0.946451 -0.159609 0.456942 0.27798 0.844945 9.57229 -16.2981 -28.4292 0.953344 0.114751 -0.253692 -0.116648 1
-0.344749 -0.350178 1.5452 0.849455 0.163335 -0.501745 -0.285086 0.942218 -0.175927 0.444018 0.292483 0.846937 10.5762 -16.564 -27.5965 0.953757 0.12278 -0.247905 -0.117541 1
-0.343662 -0.350772 1.54517 0.838412 0.183246 -0.513309 -0.312258 0.933398 -0.176812 0.446722 0.308526 0.839792 10.7263 -18.1954 -28.0495 0.950211 0.127692 -0.252584 -0.130367 1
-0.343135 -0.350128 1.54471 0.826326 0.19115 -0.529761 -0.316795 0.935477 -0.156599 0.465646 0.297227 0.833565 9.50318 -18.4692 -29.4018 0.948073 0.119671 -0.262482 -0.133941 1
-0.34425 -0.349502 1.54406 0.820081 0.145349 -0.553481 -0.265259 0.953572 -0.142612 0.507055 0.26377 0.820561 8.50587 -15.3824 -31.7285 0.947921 0.107177 -0.279701 -0.108292 1
-0.346677 -0.351889 1.54525 0.783667 0.233328 -0.575695 -0.419104 0.882656 -0.212768 0.458496 0.408015 0.789497 13.5528 -24.778 -30.3304 0.929492 0.166968 -0.27816 -0.175481 1
-0.347904 -0.348695 1.5445 0.748485 0.267566 -0.606778 -0.41697 0.901375 -0.116877 0.515662 0.340488 0.786232 7.38805 -24.6434 -34.5645 0.926835 0.123368 -0.302761 -0.184643 1
-0.345884 -0.350148 1.54543 0.7696 0.228086 -0.596399 -0.386183 0.910098 -0.150278 0.508506 0.345973 0.788495 9.37625 -22.7172 -33.4543 0.931154 0.133236 -0.296649 -0.164921 1
-0.345422 -0.351065 1.54608 0.742907 0.289433 -0.603587 -0.468729 0.868661 -0.16038 0.477893 0.402067 0.781 10.4607 -27.9518 -32.7521 0.920946 0.152682 -0.293579 -0.205811 1
-0.348759 -0.349714 1.54641 0.714097 0.385475 -0.584359 -0.558121 0.81737 -0.142852 0.422571 0.428153 0.798823 9.91348 -33.926 -30.6152 0.912454 0.156448 -0.275885 -0.258532 1
-0.348583 -0.350919 1.54572 0.704719 0.395164 -0.589251 -0.588166 0.789861 -0.173725 0.396776 0.469005 0.789052 12.4043 -36.027 -29.3807 0.90604 0.177346 -0.272071 -0.271326 1
-0.34557 -0.35062 1.54746 0.743545 0.409527 -0.528611 -0.566452 0.805846 -0.172465 0.35535 0.427668 0.83116 12.08 -34.5032 -25.5438 0.919314 0.163201 -0.240386 -0.26541 1
-0.345914 -0.350248 1.54638 0.733419 0.411072 -0.541402 -0.568795 0.807236 -0.157614 0.372249 0.423544 0.825858 11.0481 -34.6662 -26.9102 0.917403 0.15837 -0.248977 -0.267022 1
-0.347232 -0.349814 1.5455 0.69092 0.402257 -0.600681 -0.584885 0.79939 -0.137425 0.424899 0.446279 0.787589 9.75447 -35.7948 -31.5905 0.905249 0.1612 -0.283232 -0.272616 1
-0.347386 -0.350756 1.54538 0.709995 0.392232 -0.58486 -0.579696 0.797078 -0.169172 0.399824 0.459152 0.793297 11.9826 -35.4292 -29.3855 0.908346 0.172931 -0.27101 -0.2675 1
-0.347437 -0.350164 1.54563 0.693782 0.389745 -0.605612 -0.578586 0.802364 -0.146455 0.428841 0.452007 0.782167 10.3443 -35.3512 -31.7211 0.905306 0.165265 -0.285664 -0.267405 1
-0.347224 -0.349876 1.54624 0.697906 0.393128 -0.598646 -0.575316 0.805564 -0.141697 0.426543 0.443302 0.788381 9.97618 -35.1217 -31.4322 0.907173 0.161215 -0.282523 -0.266885 1
-0.348192 -0.350557 1.54568 0.702383 0.383382 -0.59973 -0.573393 0.803982 -0.157586 0.421757 0.454567 0.784532 11.0898 -34.9872 -30.9834 0.907041 0.168723 -0.281544 -0.263708 1
-0.34796 -0.350268 1.54539 0.709662 0.369728 -0.599734 -0.557235 0.815442 -0.156664 0.431126 0.445371 0.784714 10.8752 -33.8648 -31.279 0.909645 0.165459 -0.283314 -0.254759 1
-0.348153 -0.35032 1.54588 0.710713 0.349476 -0.610535 -0.539096 0.828134 -0.153521 0.451953 0.438247 0.776967 10.5024 -32.6222 -32.4529 0.910469 0.16249 -0.291742 -0.243988 1
-0.348006 -0.349963 1.54664 0.714803 0.34943 -0.605769 -0.527775 0.837856 -0.139465 0.458814 0.419399 0.783322 9.45048 -31.8553 -32.6954 0.913233 0.15299 -0.291432 -0.240137 1
-0.347429 -0.349644 1.54582 0.720635 0.347673 -0.59984 -0.52216 0.841333 -0.139668 0.456107 0.413862 0.787835 9.42559 -31.4773 -32.3307 0.915123 0.151217 -0.288471 -0.237627 1
-0.346779 -0.349625 1.54661 0.720794 0.371508 -0.585182 -0.534746 0.835195 -0.128439 0.441025 0.405502 0.800665 8.74266 -32.3267 -31.4608 0.916059 0.145717 -0.28006 -0.247324 1
-0.347877 -0.348664 1.54691 0.731258 0.35233 -0.58406 -0.515454 0.846236 -0.134876 0.446732 0.399686 0.800426 9.05585 -31.0278 -31.4211 0.918956 0.145426 -0.280425 -0.236079 1
-0.34773 -0.349195 1.54689 0.732644 0.315003 -0.603329 -0.479465 0.868023 -0.12903 0.483059 0.383808 0.786985 8.45498 -28.6505 -33.3984 0.920279 0.139316 -0.295125 -0.215823 1
-0.347892 -0.350098 1.54622 0.718911 0.346304 -0.602695 -0.525122 0.838672 -0.144485 0.455427 0.42036 0.784782 9.77489 -31.6764 -32.3541 0.914107 0.15448 -0.289387 -0.238327 1
-0.347289 -0.350694 1.54659 0.705708 0.38472 -0.59495 -0.572969 0.803839 -0.159839 0.416751 0.453688 0.787709 11.2462 -34.9575 -30.5637 0.907918 0.168938 -0.278578 -0.263705 1
-0.347496 -0.350303 1.54683 0.706543 0.387502 -0.592148 -0.56881 0.808781 -0.149429 0.421014 0.442397 0.791854 10.4678 -34.6673 -30.7898 0.909282 0.162718 -0.278561 -0.26293 1
-0.347656 -0.350123 1.54589 0.708564 0.391756 -0.586912 -0.57177 0.806178 -0.15217 0.413542 0.443401 0.795223 10.6891 -34.8737 -30.2693 0.909665 0.163679 -0.274951 -0.264802 1
-0.348214 -0.348371 1.54521 0.726459 0.358246 -0.586445 -0.524969 0.839995 -0.137171 0.44347 0.407514 0.79829 9.27451 -31.6662 -31.4022 0.917162 0.14847 -0.280734 -0.240747 1
-0.353151 -0.350745 1.54222 0.754832 0.334055 -0.564479 -0.488793 0.860355 -0.14447 0.437391 0.384963 0.812707 9.5321 -29.2612 -30.0904 0.925729 0.142977 -0.270562 -0.222216 1
-0.355165 -0.351659 1.54183 0.781709 0.314487 -0.538543 -0.451888 0.880765 -0.141597 0.4298 0.354049 0.830615 9.13304 -26.8649 -28.8029 0.93449 0.132598 -0.259056 -0.205025 1
-0.353223 -0.343472 1.54433 0.817473 0.22755 -0.529111 -0.369459 0.911916 -0.178633 0.441856 0.341513 0.829537 11.0832 -21.6823 -28.3919 0.943256 0.137859 -0.257345 -0.158231 1
-0.346026 -0.340034 1.54992 0.821128 0.139796 -0.553358 -0.304373 0.927422 -0.217362 0.48281 0.346909 0.804083 13.1904 -17.7204 -30.4548 0.942421 0.149686 -0.274869 -0.117827 1
