-0.335177 -0.3974 1.45457 0.831179 0.554735 0.0375612 0.20962 -0.250077 -0.945262 -0.514977 0.793556 -0.324142 104.819 12.1001 31.7813 0.560571 0.775467 0.246418 -0.153912 0
-0.335821 -0.406697 1.45711 0.844903 0.533336 0.0411202 0.183086 -0.216099 -0.959052 -0.502611 0.817835 -0.280229 102.698 10.5496 30.7473 0.580641 0.765054 0.234108 -0.150803 0
-0.337206 -0.417215 1.46141 0.849001 0.527138 0.0363759 0.171424 -0.209665 -0.962629 -0.499812 0.823508 -0.26837 102.287 9.87061 30.4856 0.585441 0.762731 0.228967 -0.1519 0
-0.338189 -0.420947 1.46707 0.850794 0.525222 0.0170384 0.153968 -0.218146 -0.963694 -0.502437 0.822529 -0.266464 102.755 8.85693 30.564 0.584419 0.764102 0.222219 -0.158813 0
-0.339505 -0.4207 1.4809 0.842186 0.539101 -0.00968167 0.113294 -0.194487 -0.974341 -0.52715 0.819479 -0.224871 101.288 6.50523 32.0437 0.596412 0.751921 0.216909 -0.178487 0
-0.341081 -0.422789 1.4883 0.841276 0.540541 -0.00838362 0.100437 -0.171517 -0.980048 -0.531194 0.823649 -0.198583 99.9267 5.76434 32.2689 0.60646 0.743535 0.215517 -0.181423 0
-0.342007 -0.423727 1.49318 0.845889 0.531941 -0.0388694 0.0729859 -0.187636 -0.979523 -0.528342 0.825731 -0.197544 100.844 4.18551 31.9889 0.604299 0.746838 0.202496 -0.189871 0
-0.344289 -0.424722 1.49823 0.844736 0.534286 -0.0309921 0.064768 -0.159542 -0.985064 -0.53125 0.830112 -0.169376 99.1998 3.71354 32.1656 0.615593 0.737166 0.203161 -0.190677 0
-0.345457 -0.426086 1.50622 0.850267 0.525503 -0.0298848 0.0467026 -0.131875 -0.990166 -0.524276 0.840509 -0.136671 97.5863 2.67684 31.6581 0.628832 0.727807 0.196551 -0.190353 0
-0.347322 -0.427991 1.51491 0.84428 0.535007 -0.030958 0.0317853 -0.107658 -0.99368 -0.534959 0.83796 -0.107899 96.1835 1.82147 32.3595 0.638107 0.717607 0.197459 -0.197154 0
-0.346573 -0.427546 1.51208 0.844955 0.533797 -0.0333434 0.0154596 -0.0866931 -0.996115 -0.534614 0.841157 -0.0815041 94.974 0.885805 32.322 0.647448 0.709428 0.193556 -0.200146 0
-0.348061 -0.423152 1.51441 0.797054 0.603813 -0.0107632 -0.0473074 0.0446597 -0.997882 -0.602053 0.795874 0.064161 87.4375 -2.71153 37.0655 0.690267 0.64966 0.214152 -0.235822 0
-0.347951 -0.424609 1.51591 0.774367 0.632386 -0.0210617 -0.124983 0.120243 -0.984846 -0.62027 0.765264 0.17215 83.039 -7.17978 38.6948 0.718812 0.608682 0.208403 -0.26341 0
-0.348766 -0.423132 1.51474 0.752348 0.658297 -0.0248616 -0.193272 0.184491 -0.963643 -0.629777 0.7298 0.266032 79.1618 -11.1438 39.9321 0.742104 0.570488 0.203784 -0.286877 0
-0.345425 -0.418233 1.51434 0.702386 0.705347 -0.0956008 -0.305368 0.177279 -0.935587 -0.642965 0.686337 0.339909 79.2705 -17.7803 42.471 0.744912 0.544334 0.183701 -0.339206 0
-0.345667 -0.417534 1.51821 0.667399 0.731685 -0.138616 -0.384526 0.179187 -0.905556 -0.637744 0.657669 0.400941 78.8072 -22.6143 43.6983 0.749588 0.521362 0.166468 -0.372275 0
-0.346171 -0.409681 1.52333 0.67203 0.724677 -0.152379 -0.439473 0.224672 -0.869705 -0.59602 0.651434 0.469462 75.5154 -26.0703 41.5697 0.769117 0.494443 0.144205 -0.378405 0
-0.346746 -0.406337 1.52795 0.61984 0.768464 -0.158938 -0.534545 0.265194 -0.802455 -0.574508 0.582354 0.575156 71.7124 -32.3131 42.8263 0.78425 0.441444 0.132474 -0.415368 0
-0.347475 -0.398471 1.5357 0.545646 0.808014 -0.222223 -0.639552 0.230158 -0.733485 -0.54152 0.542346 0.642352 72.5788 -39.7584 44.7826 0.777521 0.410224 0.102665 -0.465443 0
-0.34675 -0.395795 1.54344 0.53406 0.824475 -0.187141 -0.70052 0.307606 -0.643933 -0.473341 0.474995 0.741842 64.4662 -44.4688 41.5508 0.803665 0.34807 0.0890296 -0.474388 0
-0.34472 -0.372147 1.55539 0.452223 0.844174 -0.287864 -0.769698 0.206309 -0.604153 -0.450621 0.49478 0.743056 71.1458 -50.3268 44.8984 0.774853 0.354562 0.0525123 -0.520703 0
-0.343989 -0.365599 1.55518 0.407585 0.852002 -0.328584 -0.81146 0.172896 -0.558247 -0.418817 0.494166 0.761835 72.7916 -54.2388 45.7787 0.765231 0.343822 0.029479 -0.54345 0
-0.342396 -0.362387 1.55747 0.294902 0.911343 -0.287205 -0.88895 0.151436 -0.432245 -0.35043 0.382781 0.854797 70.6922 -62.7416 49.918 0.758475 0.26864 0.0208394 -0.593393 0
-0.342481 -0.360374 1.55929 0.235975 0.933096 -0.27138 -0.92621 0.131468 -0.353343 -0.294025 0.334735 0.895266 69.5913 -67.8515 51.2506 0.752115 0.228714 0.00752727 -0.618026 0
-0.344289 -0.359055 1.55967 0.194974 0.944516 -0.264338 -0.943055 0.106478 -0.315133 -0.269502 0.310729 0.911491 71.3308 -70.5712 54.1157 0.743798 0.21036 0.0017357 -0.634437 0
-0.340464 -0.35603 1.56089 0.188026 0.947266 -0.259487 -0.961144 0.123096 -0.247084 -0.202112 0.295862 0.933604 63.5177 -73.9755 47.0678 0.74912 0.181194 -0.0191473 -0.636883 0
-0.341199 -0.353944 1.56207 0.169981 0.95422 -0.24611 -0.975585 0.127703 -0.178677 -0.139068 0.270473 0.95263 54.4461 -77.3132 39.288 0.750052 0.149706 -0.0356781 -0.643224 0
-0.341473 -0.352112 1.56257 0.142474 0.957571 -0.250516 -0.984432 0.110766 -0.136473 -0.102934 0.26606 0.958445 50.936 -79.8767 35.8473 0.743587 0.135335 -0.0496181 -0.652917 0
-0.341022 -0.351491 1.56197 0.122963 0.962089 -0.243445 -0.987772 0.0949586 -0.123647 -0.0958427 0.255672 0.962001 52.4765 -81.0308 37.9343 0.738228 0.128456 -0.0499854 -0.660318 1
-0.342325 -0.353532 1.56227 0.188785 0.942758 -0.274895 -0.975127 0.14686 -0.166011 -0.116138 0.299398 0.947034 48.5028 -77.1942 31.5992 0.755427 0.154022 -0.0525389 -0.634703 1
-0.342749 -0.353411 1.56321 0.197786 0.942889 -0.268033 -0.975851 0.163535 -0.144811 -0.0927076 0.290201 0.952464 41.5249 -77.3829 25.1138 0.760557 0.142991 -0.0576305 -0.630703 1
-0.341718 -0.353336 1.56047 0.231311 0.936722 -0.262769 -0.966875 0.191378 -0.168899 -0.107923 0.293133 0.949961 41.4297 -75.2116 25.0124 0.77017 0.149977 -0.0502636 -0.617914 1
-0.342146 -0.35417 1.5596 0.264933 0.923815 -0.276362 -0.956422 0.215271 -0.197268 -0.122746 0.316582 0.94059 42.5011 -73.0231 24.8587 0.777945 0.16513 -0.049366 -0.604232 1
-0.345162 -0.354345 1.56203 0.238926 0.915105 -0.324803 -0.965491 0.188175 -0.180048 -0.103643 0.356612 0.928486 43.7356 -74.904 23.4506 0.767396 0.174832 -0.0720488 -0.612655 1
-0.34434 -0.353298 1.55877 0.24793 0.909138 -0.334661 -0.964644 0.199795 -0.171882 -0.0894011 0.365444 0.92653 40.7051 -74.7188 19.8288 0.770431 0.174359 -0.0795854 -0.608031 1
-0.344107 -0.353666 1.55974 0.228302 0.893341 -0.387067 -0.969471 0.172063 -0.174701 -0.0894677 0.415135 0.90535 45.4359 -75.806 21.3994 0.759229 0.194222 -0.0979939 -0.613389 1
-0.34505 -0.352923 1.55906 0.270956 0.875329 -0.400478 -0.961439 0.225744 -0.157081 -0.0470918 0.427597 0.902742 34.8315 -74.0369 9.85943 0.774507 0.188726 -0.114068 -0.592883 0
-0.345324 -0.35387 1.55973 0.265119 0.879509 -0.39519 -0.960534 0.205123 -0.187879 -0.084179 0.429404 0.899181 42.4877 -73.8495 17.6154 0.769646 0.200509 -0.101024 -0.597691 0
-0.34556 -0.353875 1.55874 0.275714 0.875711 -0.396373 -0.957827 0.215573 -0.189988 -0.0809272 0.432039 0.898217 41.3902 -73.3009 16.358 0.772901 0.201199 -0.102033 -0.59307 0
-0.345446 -0.353401 1.55727 0.278222 0.872534 -0.401593 -0.957643 0.219661 -0.186197 -0.0742492 0.436386 0.896691 40.2865 -73.2642 14.9423 0.77372 0.201166 -0.105769 -0.591356 0
-0.344927 -0.35328 1.55632 0.269963 0.871433 -0.409541 -0.960007 0.210821 -0.184231 -0.0742055 0.442898 0.893496 41.1494 -73.7412 15.3695 0.770435 0.203498 -0.108814 -0.594288 0
-0.34563 -0.354966 1.55637 0.206028 0.884496 -0.418592 -0.961931 0.104571 -0.252494 -0.179558 0.454678 0.872369 67.503 -74.1397 41.0728 0.738744 0.239316 -0.0808922 -0.624854 0
-0.345733 -0.356067 1.55591 0.209902 0.880952 -0.424105 -0.957603 0.0976926 -0.27102 -0.197324 0.463012 0.864108 70.1777 -73.2564 43.2308 0.736835 0.249049 -0.0769443 -0.623802 1
-0.345916 -0.35656 1.55673 0.212629 0.876805 -0.431279 -0.955422 0.0940317 -0.279871 -0.204838 0.471562 0.857712 71.4286 -72.8278 43.931 0.73559 0.255384 -0.0769588 -0.622706 0
-0.346235 -0.356535 1.55468 0.247038 0.854178 -0.457551 -0.945553 0.109237 -0.306589 -0.2119 0.508378 0.834656 70.3891 -71.0061 40.6217 0.74009 0.275293 -0.0829802 -0.607943 0
-0.346436 -0.354038 1.55789 0.257812 0.863085 -0.434301 -0.962215 0.188593 -0.196406 -0.0876084 0.468527 0.879095 46.1625 -74.1993 18.7685 0.76248 0.218016 -0.113673 -0.598475 1
-0.346452 -0.353554 1.55643 0.274391 0.850857 -0.448054 -0.959838 0.213997 -0.181429 -0.0584883 0.479842 0.875403 40.2917 -73.7067 12.0329 0.768731 0.215053 -0.126691 -0.588858 1
-0.345911 -0.35303 1.55657 0.300909 0.853531 -0.425368 -0.952363 0.245765 -0.180565 -0.0495771 0.459438 0.886825 36.3049 -72.2439 9.35587 0.779984 0.205133 -0.120448 -0.578824 1
-0.348322 -0.353785 1.55523 0.325002 0.83208 -0.449462 -0.944825 0.265089 -0.192441 -0.0409788 0.487206 0.872325 35.9777 -70.8783 7.18638 0.784604 0.216557 -0.130156 -0.566179 1
-0.345903 -0.353558 1.55552 0.318668 0.831337 -0.455334 -0.946825 0.25667 -0.194018 -0.0444237 0.492949 0.868923 37.0858 -71.2312 7.93613 0.781707 0.219701 -0.131415 -0.568679 0
-0.345138 -0.353192 1.55492 0.309786 0.830083 -0.463675 -0.949513 0.244663 -0.196378 -0.0495655 0.501101 0.863968 38.7521 -71.716 9.09022 0.777563 0.224251 -0.133143 -0.572171 0
-0.347779 -0.357742 1.5538 0.447532 0.768899 -0.456629 -0.890786 0.338274 -0.303434 -0.0788445 0.542554 0.836312 41.8923 -62.9721 9.99163 0.809648 0.261221 -0.116651 -0.512471 0
-0.34819 -0.358283 1.55396 0.478159 0.755021 -0.448673 -0.874634 0.362897 -0.321436 -0.0798686 0.546122 0.833889 41.5329 -61.0017 9.48277 0.817763 0.265223 -0.112748 -0.498205 0
-0.347373 -0.35757 1.55447 0.492574 0.741456 -0.455646 -0.868726 0.38774 -0.308177 -0.0518275 0.547632 0.835113 38.4778 -60.3109 6.00643 0.823928 0.259674 -0.122529 -0.488569 0
-0.34643 -0.356751 1.55361 0.470704 0.755301 -0.456025 -0.881123 0.375832 -0.287005 -0.0453867 0.536908 0.842419 37.3673 -61.7782 5.50761 0.819902 0.251223 -0.125209 -0.49897 0
-0.348101 -0.356194 1.55386 0.437325 0.765952 -0.471238 -0.898668 0.352513 -0.261017 -0.0338091 0.537636 0.842499 36.518 -63.9835 4.42068 0.811224 0.246126 -0.134805 -0.512996 0
-0.34907 -0.357342 1.55348 0.426791 0.770211 -0.473945 -0.901517 0.320894 -0.290334 -0.0715324 0.551182 0.831313 42.1377 -64.3582 9.51464 0.802963 0.262003 -0.12529 -0.520487 1
-0.346852 -0.356322 1.55301 0.49732 0.700126 -0.512344 -0.867554 0.398104 -0.298098 -0.00473975 0.592736 0.805383 36.8256 -60.1757 0.546046 0.821707 0.271032 -0.154436 -0.476959 1
-0.346179 -0.356208 1.55193 0.553154 0.647588 -0.524072 -0.831764 0.464654 -0.303754 0.0468044 0.603926 0.795665 33.1735 -56.2803 -4.83649 0.83867 0.270571 -0.170173 -0.440981 1
-0.346364 -0.356871 1.55237 0.583294 0.617643 -0.527527 -0.808994 0.499943 -0.309169 0.0727777 0.607103 0.791284 31.733 -53.9978 -7.11204 0.847721 0.270216 -0.177035 -0.420727 0
-0.347018 -0.356764 1.55257 0.613075 0.58847 -0.527107 -0.783407 0.539017 -0.30941 0.102041 0.60263 0.79147 29.8569 -51.5736 -9.44978 0.857841 0.265795 -0.183352 -0.399805 1
-0.347396 -0.356549 1.55271 0.623116 0.567159 -0.538569 -0.771495 0.55887 -0.30407 0.128534 0.604975 0.785802 28.5497 -50.4884 -11.6553 0.861364 0.263839 -0.193618 -0.388528 0
-0.34694 -0.355734 1.5518 0.635424 0.546949 -0.545053 -0.753433 0.593705 -0.282583 0.169042 0.590221 0.789344 25.4528 -48.8886 -14.8974 0.868688 0.251184 -0.20551 -0.374238 0
-0.349126 -0.356584 1.55353 0.701661 0.514718 -0.492685 -0.688123 0.668894 -0.281189 0.184821 0.536327 0.823526 22.8009 -43.4817 -14.7568 0.893599 0.228715 -0.189544 -0.336516 0
-0.34696 -0.357367 1.5532 0.739085 0.497765 -0.453854 -0.653888 0.692005 -0.305876 0.161814 0.522838 0.836933 23.8461 -40.8354 -12.3494 0.903884 0.229209 -0.170284 -0.318529 0
-0.34593 -0.357834 1.55236 0.759581 0.484596 -0.433824 -0.633379 0.702759 -0.323976 0.147877 0.520861 0.840736 24.7499 -39.2999 -11.0166 0.908718 0.232425 -0.160033 -0.307569 0
-0.345788 -0.357231 1.55301 0.755852 0.454652 -0.471146 -0.628251 0.706244 -0.326374 0.184358 0.542688 0.819452 24.8029 -38.9212 -13.7072 0.905752 0.239873 -0.180928 -0.298896 0
-0.34637 -0.357694 1.55228 0.760647 0.475221 -0.442245 -0.628002 0.711211 -0.3159 0.164407 0.518019 0.83942 23.9495 -38.9029 -12.1964 0.909846 0.229137 -0.166691 -0.303135 0
-0.34631 -0.358521 1.55259 0.769651 0.485725 -0.414378 -0.624627 0.707231 -0.331157 0.13221 0.513707 0.847718 25.0911 -38.6548 -9.74709 0.911674 0.231679 -0.149886 -0.304481 0
-0.345338 -0.357655 1.5526 0.778174 0.465116 -0.422034 -0.607645 0.727463 -0.318693 0.158785 0.504446 0.848718 23.6577 -37.4194 -11.5328 0.915745 0.224718 -0.158565 -0.292866 0
-0.345327 -0.357384 1.55276 0.77751 0.474264 -0.412979 -0.610844 0.725657 -0.316687 0.149488 0.498493 0.853907 23.5771 -37.6506 -10.8832 0.916116 0.222456 -0.153492 -0.296116 0
-0.346227 -0.35771 1.55268 0.777503 0.451999 -0.437247 -0.604427 0.729087 -0.321093 0.173657 0.513934 0.840068 23.7689 -37.1876 -12.5905 0.914694 0.228226 -0.16697 -0.288738 0
-0.345383 -0.357009 1.55218 0.777978 0.446997 -0.441524 -0.601434 0.733099 -0.317558 0.181733 0.512601 0.839175 23.4209 -36.9727 -13.1483 0.915185 0.226774 -0.170254 -0.286399 0
-0.345722 -0.356875 1.55102 0.772584 0.435921 -0.461614 -0.603823 0.729192 -0.321989 0.196243 0.527496 0.826581 23.8248 -37.1442 -14.2522 0.912189 0.232815 -0.180296 -0.284958 0
-0.348453 -0.357027 1.55106 0.778457 0.422572 -0.464152 -0.586548 0.753035 -0.29816 0.223529 0.504352 0.834064 21.6008 -35.9124 -16.0211 0.917273 0.218722 -0.187425 -0.275033 0
-0.345436 -0.358257 1.55157 0.845548 0.328567 -0.420824 -0.482565 0.80756 -0.339083 0.228429 0.489786 0.841386 22.7768 -28.8531 -15.1179 0.934678 0.221699 -0.173657 -0.216955 0
-0.344013 -0.358274 1.55208 0.880141 0.278312 -0.38457 -0.418631 0.837018 -0.352349 0.223829 0.47111 0.853204 22.829 -24.7482 -14.2684 0.94477 0.217899 -0.160991 -0.184421 0
-0.34352 -0.358071 1.55136 0.891574 0.23842 -0.385035 -0.378815 0.858543 -0.345547 0.248184 0.453938 0.855772 21.9239 -22.2603 -15.5554 0.949459 0.210511 -0.166731 -0.162523 0
-0.344501 -0.357444 1.55137 0.896804 0.251569 -0.363944 -0.372293 0.873543 -0.313559 0.239039 0.416695 0.877055 19.7457 -21.8571 -14.9249 0.954909 0.191184 -0.157864 -0.16333 0
-0.344184 -0.356808 1.5521 0.890247 0.243135 -0.385156 -0.369572 0.879846 -0.298811 0.266226 0.408359 0.873136 18.7584 -21.6892 -16.6492 0.954362 0.185247 -0.170633 -0.160502 0
-0.34472 -0.356689 1.55257 0.896533 0.234228 -0.375987 -0.355155 0.887349 -0.29407 0.264752 0.397177 0.878725 18.3353 -20.8029 -16.4522 0.956897 0.180596 -0.1674 -0.153983 0
-0.342921 -0.357159 1.55148 0.890239 0.235895 -0.389652 -0.376489 0.862576 -0.337962 0.256381 0.447567 0.856711 21.3955 -22.1164 -16.0659 0.949938 0.206732 -0.17002 -0.161164 0
-0.343363 -0.35756 1.55029 0.88387 0.230059 -0.407243 -0.389384 0.844303 -0.368148 0.25914 0.483969 0.835835 23.5591 -22.9162 -16.3405 0.943929 0.225684 -0.176492 -0.16406 0
-0.343536 -0.358686 1.55136 0.892218 0.243627 -0.380253 -0.393861 0.831742 -0.391252 0.220953 0.498849 0.838051 25.1923 -23.1949 -13.9092 0.943665 0.23581 -0.159274 -0.168886 0
-0.343757 -0.358871 1.55093 0.883001 0.294241 -0.365693 -0.425083 0.831683 -0.357222 0.199031 0.470878 0.859454 23.2444 -25.1559 -12.7024 0.94527 0.219012 -0.149355 -0.190243 0
-0.34376 -0.358208 1.55236 0.861285 0.367729 -0.35066 -0.482464 0.808364 -0.337307 0.159423 0.459699 0.873648 22.6494 -28.8465 -10.4867 0.941182 0.211703 -0.13549 -0.225831 0
-0.343725 -0.358072 1.55343 0.814039 0.470868 -0.340035 -0.571823 0.75233 -0.327137 0.10178 0.460742 0.881679 23.5009 -34.8774 -7.12674 0.928446 0.21215 -0.118966 -0.280762 0
-0.343413 -0.358586 1.55117 0.809917 0.481768 -0.334566 -0.58123 0.735822 -0.347473 0.0787795 0.475884 0.875973 25.2778 -35.5371 -5.55561 0.924893 0.222554 -0.111728 -0.28733 0
-0.343155 -0.358096 1.55219 0.803322 0.485625 -0.344734 -0.590614 0.723959 -0.356453 0.0764706 0.489952 0.868389 26.2141 -36.2006 -5.43777 0.921367 0.22966 -0.114288 -0.292022 0
-0.343454 -0.358127 1.55204 0.792803 0.494325 -0.356519 -0.602303 0.724934 -0.334217 0.0932411 0.479701 0.872464 24.7512 -37.035 -6.70771 0.920625 0.221023 -0.122135 -0.297794 0
-0.343833 -0.357333 1.55187 0.797259 0.480982 -0.364739 -0.59264 0.738498 -0.321555 0.114697 0.472522 0.873824 23.5292 -36.3446 -8.1866 0.923253 0.215022 -0.129822 -0.290717 0
-0.344841 -0.356203 1.55211 0.804634 0.478451 -0.351637 -0.577828 0.767261 -0.278252 0.136667 0.427077 0.893827 19.9335 -35.2979 -9.63969 0.930823 0.189437 -0.131148 -0.283695 0
-0.345321 -0.356797 1.55265 0.803713 0.461389 -0.37572 -0.575427 0.76339 -0.293461 0.151421 0.452058 0.879042 21.0277 -35.1296 -10.6696 0.92819 0.200799 -0.141981 -0.279257 0
-0.344528 -0.355781 1.55166 0.793076 0.477337 -0.378391 -0.587647 0.763077 -0.269044 0.160316 0.435732 0.885684 19.4215 -35.9902 -11.4281 0.927609 0.189944 -0.145187 -0.287024 0
-0.345569 -0.354966 1.55211 0.789364 0.486214 -0.374834 -0.589352 0.771146 -0.240829 0.171957 0.411011 0.895266 17.3436 -36.111 -12.2895 0.929486 0.175323 -0.147068 -0.289291 0
-0.345549 -0.355021 1.55318 0.783717 0.486936 -0.385591 -0.594981 0.766748 -0.24103 0.178285 0.418319 0.890631 17.4507 -36.5113 -12.8159 0.92751 0.17772 -0.151987 -0.291619 0
-0.344967 -0.35569 1.55178 0.78693 0.473875 -0.395201 -0.591896 0.760694 -0.266466 0.174356 0.443608 0.879097 19.305 -36.2917 -12.4929 0.92557 0.191794 -0.153839 -0.287869 0
-0.344596 -0.356395 1.55105 0.794701 0.470646 -0.383332 -0.587525 0.755099 -0.290929 0.152529 0.456418 0.876594 21.071 -35.9816 -10.8648 0.925526 0.201871 -0.144745 -0.285829 0
-0.34346 -0.35598 1.55078 0.798661 0.475866 -0.368364 -0.587115 0.750475 -0.303452 0.132045 0.458628 0.878763 22.0158 -35.9526 -9.38797 0.925729 0.205805 -0.135139 -0.287066 0
-0.343132 -0.357545 1.55154 0.802532 0.486163 -0.345815 -0.588616 0.739766 -0.326003 0.0973319 0.46518 0.879849 23.7823 -36.0589 -6.91512 0.924952 0.213844 -0.119776 -0.290496 0
-0.343798 -0.358227 1.5522 0.804547 0.4799 -0.349856 -0.58575 0.738408 -0.334142 0.0979818 0.473762 0.875185 24.3476 -35.856 -6.94357 0.924411 0.218492 -0.121114 -0.288197 1
-0.343419 -0.35772 1.55138 0.792867 0.456109 -0.404137 -0.597192 0.713598 -0.36625 0.121341 0.531735 0.838173 27.1689 -36.6691 -8.70108 0.914418 0.245507 -0.143665 -0.28797 0
-0.345388 -0.358622 1.552 0.798125 0.458306 -0.391092 -0.588578 0.731797 -0.343583 0.128734 0.50441 0.853814 25.1503 -36.0562 -9.16263 0.919747 0.230496 -0.141296 -0.284558 0
-0.345326 -0.358186 1.55135 0.790785 0.442002 -0.423431 -0.594867 0.717933 -0.361533 0.144197 0.53778 0.830662 26.7287 -36.5031 -10.3341 0.913699 0.246064 -0.15531 -0.283701 0
-0.344708 -0.357963 1.54998 0.78469 0.416687 -0.458947 -0.594274 0.716299 -0.365724 0.176351 0.55972 0.8097 27.0477 -36.4609 -12.6662 0.909765 0.254309 -0.174578 -0.277808 0
-0.345143 -0.358002 1.54894 0.805845 0.401977 -0.434774 -0.562609 0.748729 -0.350536 0.184621 0.527085 0.829516 25.0878 -34.2364 -12.9039 0.919795 0.238537 -0.168351 -0.262174 0
-0.346139 -0.357228 1.55078 0.840718 0.361869 -0.402795 -0.497461 0.809958 -0.310646 0.213834 0.461541 0.860962 20.9835 -29.8322 -14.2704 0.936968 0.206033 -0.164528 -0.229285 0
-0.344652 -0.35596 1.55075 0.872877 0.29844 -0.386029 -0.417449 0.866364 -0.274134 0.25263 0.400433 0.880813 17.5583 -24.6736 -16.1416 0.951322 0.177271 -0.167835 -0.18813 0
-0.345435 -0.355469 1.55198 0.885353 0.236009 -0.400563 -0.356428 0.897749 -0.258855 0.298512 0.37195 0.878945 16.0843 -20.881 -18.6324 0.956824 0.164817 -0.182655 -0.154793 0
-0.343694 -0.357047 1.55137 0.917979 0.181929 -0.352443 -0.298828 0.901528 -0.312969 0.260799 0.392619 0.881949 19.1447 -17.3872 -15.8599 0.961958 0.183373 -0.159373 -0.124942 0
-0.342658 -0.358644 1.55179 0.933584 0.139643 -0.330031 -0.257205 0.902384 -0.345758 0.249532 0.40768 0.878368 20.9649 -14.9043 -14.9644 0.963631 0.195468 -0.150359 -0.102956 0
-0.341172 -0.357969 1.55167 0.928215 0.112678 -0.354571 -0.24889 0.896435 -0.366684 0.276533 0.428611 0.860129 22.2469 -14.4118 -16.5898 0.959789 0.207154 -0.164386 -0.0941789 0
-0.343344 -0.358142 1.55242 0.937142 0.170203 -0.304625 -0.271364 0.904295 -0.329563 0.219378 0.391511 0.89364 20.0239 -15.7454 -13.1753 0.966317 0.186552 -0.135567 -0.11424 0
-0.341275 -0.358123 1.55066 0.934477 0.217044 -0.282212 -0.310079 0.88567 -0.345599 0.174937 0.410463 0.89494 21.3163 -18.064 -10.6032 0.963728 0.196129 -0.118589 -0.136741 0
-0.341965 -0.357806 1.55183 0.905746 0.283588 -0.314963 -0.383538 0.86467 -0.324413 0.18034 0.414636 0.891939 20.5654 -22.553 -11.2607 0.956864 0.193092 -0.129408 -0.1743 0
-0.343252 -0.356933 1.55273 0.884452 0.337274 -0.322477 -0.432214 0.852601 -0.293703 0.175886 0.399145 0.899859 19.0077 -25.6082 -11.2474 0.953535 0.181653 -0.130662 -0.201746 0
-0.343473 -0.355824 1.55219 0.876673 0.359364 -0.319847 -0.446806 0.854672 -0.264388 0.178352 0.374691 0.909833 17.1892 -26.5389 -11.4995 0.954094 0.167457 -0.130543 -0.21124 0
-0.34372 -0.356911 1.55269 0.882335 0.31549 -0.349215 -0.421671 0.859486 -0.288923 0.208993 0.402181 0.891388 18.5805 -24.9401 -13.3257 0.953049 0.181288 -0.146427 -0.193369 0
-0.344509 -0.356611 1.55288 0.880731 0.291139 -0.373565 -0.407864 0.867171 -0.285763 0.240747 0.404044 0.88249 18.2389 -24.0707 -15.2883 0.952679 0.181018 -0.161206 -0.183431 0
-0.344176 -0.356022 1.55239 0.884343 0.249208 -0.394756 -0.373271 0.885303 -0.277322 0.280368 0.392599 0.875934 17.3932 -21.9175 -17.5904 0.95467 0.175433 -0.176795 -0.163009 0
-0.344353 -0.356299 1.55188 0.886136 0.238271 -0.397479 -0.37213 0.877024 -0.303887 0.276191 0.417199 0.865831 19.1111 -21.847 -17.3112 0.952496 0.189262 -0.176817 -0.160211 0
-0.344542 -0.357151 1.55349 0.893464 0.294144 -0.339412 -0.396589 0.87138 -0.288815 0.210804 0.392653 0.895201 18.3375 -23.3651 -13.2756 0.956562 0.178103 -0.1438 -0.180525 0
-0.343611 -0.35732 1.55325 0.897325 0.272312 -0.347353 -0.381651 0.874016 -0.30073 0.221699 0.40242 0.888205 18.9872 -22.436 -13.878 0.956497 0.183783 -0.148733 -0.170927 0
-0.344524 -0.356059 1.54929 0.875709 0.323946 -0.358041 -0.431447 0.857896 -0.279047 0.216765 0.39884 0.891033 18.0181 -25.5594 -13.903 0.951924 0.178031 -0.150959 -0.198386 1
-0.34432 -0.357488 1.55089 0.875795 0.326762 -0.355259 -0.441554 0.839663 -0.316222 0.194968 0.433812 0.879656 20.6367 -26.2031 -12.5505 0.948039 0.197786 -0.145096 -0.202607 0
-0.344033 -0.357197 1.55235 0.86074 0.348745 -0.370815 -0.469435 0.825528 -0.313263 0.19687 0.443711 0.874278 20.7802 -27.9976 -12.8832 0.943471 0.200582 -0.150425 -0.216801 0
-0.34441 -0.356311 1.5519 0.854312 0.344015 -0.38962 -0.471105 0.829185 -0.300853 0.219569 0.440574 0.87045 19.9423 -28.106 -14.4138 0.942596 0.196645 -0.161572 -0.21619 0
-0.345291 -0.35619 1.55151 0.834908 0.366218 -0.410869 -0.500782 0.815184 -0.291021 0.228357 0.448732 0.863998 19.6466 -30.0517 -15.2969 0.937295 0.197311 -0.170497 -0.23125 0
-0.343683 -0.35643 1.55246 0.88611 0.308074 -0.346264 -0.412293 0.865235 -0.285277 0.211714 0.395549 0.89371 18.2479 -24.349 -13.4375 0.954601 0.178301 -0.146129 -0.188657 0
-0.343747 -0.356659 1.55124 0.886952 0.288652 -0.360551 -0.399607 0.871029 -0.285696 0.231583 0.397477 0.887908 18.1594 -23.5536 -14.6333 0.954711 0.178895 -0.155056 -0.180227 0
-0.342683 -0.355694 1.55262 0.89035 0.278573 -0.360103 -0.386269 0.880872 -0.273609 0.240984 0.382704 0.891888 17.2554 -22.7225 -15.1449 0.956963 0.171457 -0.15703 -0.173685 0
-0.343819 -0.355971 1.55157 0.889292 0.282707 -0.359495 -0.392369 0.875465 -0.282148 0.23496 0.391967 0.889469 17.8633 -23.102 -14.7999 0.955801 0.176322 -0.155486 -0.176573 0
-0.343584 -0.356313 1.55208 0.896295 0.269225 -0.352382 -0.377527 0.880133 -0.287817 0.232656 0.391003 0.890499 18.1086 -22.1806 -14.5514 0.957461 0.177245 -0.152758 -0.168872 0
-0.343732 -0.356972 1.55183 0.889199 0.282539 -0.359856 -0.3994 0.863019 -0.309319 0.223168 0.418773 0.880242 19.7184 -23.5407 -14.0889 0.952951 0.19101 -0.152952 -0.178902 0
-0.345476 -0.356576 1.55171 0.877947 0.305975 -0.368224 -0.422452 0.856993 -0.295123 0.225266 0.414659 0.881654 19.0022 -24.9895 -14.3906 0.950867 0.186614 -0.156039 -0.191516 0
-0.343732 -0.357304 1.55133 0.924906 0.160698 -0.344565 -0.275587 0.907707 -0.316418 0.261916 0.387614 0.88383 19.218 -15.997 -15.8111 0.963904 0.182599 -0.157298 -0.113156 0
-0.343788 -0.35901 1.55185 0.930225 0.0328209 -0.365519 -0.170054 0.921161 -0.350064 0.325212 0.387796 0.862468 20.808 -9.79094 -19.2699 0.963568 0.19144 -0.179212 -0.0526363 0
-0.344011 -0.357724 1.55152 0.9257 -0.000810151 -0.378258 -0.140022 0.928226 -0.34466 0.351388 0.372016 0.859145 20.3705 -8.04913 -20.7864 0.963466 0.185963 -0.189328 -0.0361227 0
-0.344375 -0.356469 1.55074 0.915864 0.00446172 -0.401464 -0.143987 0.937071 -0.318065 0.374781 0.34911 0.858872 18.7485 -8.27863 -22.2549 0.963303 0.173148 -0.201454 -0.038526 0
-0.344814 -0.356212 1.55138 0.910135 -0.00669699 -0.414258 -0.133231 0.942031 -0.30794 0.392306 0.335459 0.856483 18.102 -7.65633 -23.3181 0.962893 0.167049 -0.209412 -0.0328525 0
-0.345895 -0.356927 1.55261 0.920817 -0.0237516 -0.38927 -0.0979605 0.952056 -0.289816 0.377491 0.305 0.874343 16.9308 -5.62174 -22.2913 0.967886 0.153638 -0.19805 -0.0191678 0
-0.344985 -0.356168 1.55135 0.922916 -0.0108568 -0.384847 -0.107042 0.952954 -0.283585 0.36982 0.30292 0.878335 16.5722 -6.14483 -21.8364 0.968789 0.15135 -0.194745 -0.024821 0
-0.344278 -0.355541 1.5509 0.931319 -0.00588514 -0.364158 -0.0999387 0.95736 -0.271061 0.350226 0.288837 0.891019 15.8086 -5.73564 -20.6089 0.972072 0.143996 -0.183727 -0.0241889 0
-0.347366 -0.354407 1.55222 0.935296 0.00472797 -0.353834 -0.097561 0.964603 -0.244996 0.340151 0.263664 0.902651 14.251 -5.59874 -19.9854 0.975006 0.130425 -0.177944 -0.0262278 0
-0.343025 -0.355595 1.55337 0.943054 0.0236251 -0.3318 -0.114772 0.95933 -0.2579 0.312213 0.281295 0.907412 15.0473 -6.59045 -18.318 0.975935 0.138123 -0.164974 -0.0354523 0
-0.34318 -0.357347 1.5511 0.932816 -0.157449 -0.324135 0.0508041 0.947972 -0.314273 0.356753 0.276691 0.892283 18.3414 2.91211 -20.9292 0.97122 0.152119 -0.175266 0.0536061 0
-0.343051 -0.358483 1.55197 0.916816 -0.219979 -0.333253 0.101481 0.93553 -0.338356 0.386199 0.276392 0.880033 19.8837 5.82444 -22.8427 0.965968 0.159101 -0.1862 0.0831962 0
-0.342505 -0.358251 1.55152 0.913028 -0.246971 -0.324631 0.131365 0.931499 -0.339196 0.386165 0.26705 0.882928 20.0086 7.54847 -22.9259 0.965331 0.157005 -0.184081 0.0979809 0
-0.343348 -0.357715 1.55207 0.910949 -0.242623 -0.333626 0.131349 0.937254 -0.322958 0.39105 0.250376 0.885659 19.0129 7.54756 -23.2328 0.96616 0.148354 -0.187515 0.0967677 0
-0.343782 -0.356845 1.55149 0.906629 -0.234913 -0.350484 0.126781 0.943961 -0.304738 0.40243 0.23185 0.885605 17.8916 7.2836 -23.9352 0.966462 0.138802 -0.19476 0.0935614 0
-0.344771 -0.356804 1.55216 0.915239 -0.204393 -0.34722 0.102721 0.951668 -0.28944 0.389598 0.22924 0.891999 16.9166 5.8959 -23.0584 0.969395 0.133764 -0.19002 0.0792025 0
-0.344717 -0.356545 1.55321 0.920266 -0.20192 -0.335171 0.106241 0.95333 -0.28262 0.376595 0.224476 0.898769 16.5127 6.09869 -22.2556 0.971129 0.130543 -0.183232 0.0793306 0
-0.343513 -0.356145 1.55287 0.924732 -0.183205 -0.333625 0.0909222 0.957487 -0.273773 0.369599 0.222833 0.902077 15.9568 5.21666 -21.7857 0.972663 0.127641 -0.180747 0.0704579 0
-0.34277 -0.358745 1.55327 0.914606 -0.246993 -0.320142 0.130111 0.929414 -0.345343 0.382841 0.274199 0.882183 20.3836 7.47599 -22.7135 0.965169 0.160475 -0.182088 0.0976782 0
-0.342243 -0.357668 1.55057 0.90749 -0.233718 -0.349053 0.1093 0.933684 -0.34101 0.405605 0.271312 0.872854 20.0637 6.27496 -24.0824 0.963591 0.158865 -0.195793 0.0889948 1
-0.343634 -0.357042 1.55131 0.900204 -0.245422 -0.359724 0.119249 0.933414 -0.338404 0.418823 0.261735 0.869529 19.9278 6.84878 -24.9504 0.962178 0.155932 -0.202288 0.0947515 1
-0.343352 -0.357155 1.5521 0.886948 -0.250208 -0.388226 0.125959 0.939728 -0.317878 0.444362 0.233041 0.865005 18.6889 7.23614 -26.6109 0.960687 0.143366 -0.216665 0.0978901 1
-0.344502 -0.357687 1.55227 0.888131 -0.250464 -0.385345 0.123799 0.937838 -0.324242 0.442602 0.240264 0.863931 19.072 7.11143 -26.4895 0.960456 0.146937 -0.215509 0.0974182 1
-0.343029 -0.357038 1.55219 0.894916 -0.233326 -0.380375 0.107678 0.940133 -0.32335 0.433049 0.248413 0.866464 18.9802 6.1815 -25.8223 0.961966 0.148592 -0.211396 0.0886217 0
-0.343239 -0.357161 1.55174 0.891804 -0.253077 -0.375017 0.120292 0.931712 -0.342698 0.436137 0.260508 0.861348 20.1943 6.90898 -26.061 0.9598 0.157118 -0.211282 0.0972519 1
-0.344139 -0.358163 1.55206 0.901693 -0.245507 -0.355915 0.125091 0.936082 -0.328789 0.413886 0.251945 0.87477 19.3533 7.18603 -24.6556 0.963398 0.150699 -0.199762 0.0961696 0
-0.345376 -0.357353 1.55245 0.902106 -0.219375 -0.37159 0.103571 0.946035 -0.307069 0.4189 0.238523 0.876145 17.9827 5.94486 -24.9082 0.96492 0.141357 -0.204807 0.0836717 0
-0.343504 -0.356911 1.55121 0.915066 -0.198499 -0.351074 0.0844979 0.945533 -0.314368 0.394354 0.258003 0.881997 18.3908 4.84715 -23.314 0.96729 0.147932 -0.192659 0.0731418 0
-0.344324 -0.356767 1.55244 0.901093 -0.214743 -0.376719 0.106114 0.951551 -0.2886 0.420442 0.22008 0.880223 16.8722 6.09133 -25.0134 0.966031 0.131642 -0.206298 0.0830348 0
-0.344124 -0.356829 1.55234 0.908124 -0.216336 -0.358483 0.107916 0.948185 -0.298831 0.404556 0.232689 0.884415 17.4928 6.1952 -24.0123 0.967048 0.137408 -0.19726 0.0838254 0
-0.344713 -0.356484 1.55232 0.898544 -0.224005 -0.377413 0.11334 0.949204 -0.293539 0.423996 0.220981 0.878291 17.1841 6.50791 -25.2612 0.965147 0.133275 -0.207587 0.0873819 0
-0.345645 -0.356468 1.55147 0.876059 -0.261835 -0.404923 0.150294 0.946171 -0.286657 0.458183 0.190271 0.868254 16.855 8.64398 -27.6098 0.960532 0.124131 -0.224643 0.107266 0
-0.34565 -0.356853 1.55111 0.895412 -0.242316 -0.373525 0.13056 0.944951 -0.300038 0.425666 0.21989 0.877756 17.6155 7.50194 -25.4258 0.964121 0.134819 -0.207233 0.0966879 0
-0.34354 -0.356584 1.55156 0.904124 -0.241261 -0.352637 0.140328 0.947214 -0.288261 0.403569 0.211138 0.890254 16.9263 8.06684 -24.0543 0.96716 0.129089 -0.195471 0.0986365 0
-0.344848 -0.356372 1.55158 0.908238 -0.221886 -0.354781 0.120921 0.950836 -0.285113 0.400601 0.21605 0.890416 16.6916 6.94525 -23.8011 0.96818 0.129408 -0.195052 0.0885184 1
-0.344649 -0.357357 1.55256 0.895957 -0.225802 -0.382458 0.107466 0.945748 -0.306614 0.430942 0.233612 0.871616 17.9629 6.16923 -25.6869 0.963499 0.140173 -0.211054 0.0864732 1
-0.343753 -0.357164 1.55209 0.904678 -0.226237 -0.361073 0.112783 0.944319 -0.309098 0.410898 0.238912 0.87982 18.1245 6.47576 -24.4272 0.965507 0.141897 -0.199888 0.0877827 0
-0.343613 -0.356935 1.55206 0.911543 -0.236796 -0.33618 0.136828 0.945627 -0.295071 0.387773 0.222971 0.89438 17.3299 7.86431 -23.045 0.968446 0.13373 -0.186885 0.0964493 0
-0.344235 -0.356692 1.55279 0.916157 -0.228657 -0.3292 0.133782 0.94866 -0.286611 0.377835 0.218539 0.899712 16.8107 7.68818 -22.4119 0.97012 0.130177 -0.182203 0.0934004 0
-0.343914 -0.356211 1.55151 0.923057 -0.194903 -0.33163 0.10032 0.954271 -0.281608 0.371352 0.226671 0.900399 16.4415 5.75759 -21.9152 0.971819 0.130755 -0.180842 0.0759461 0
-0.344518 -0.35709 1.55377 0.9213 -0.236415 -0.30873 0.14294 0.944266 -0.296529 0.361627 0.229063 0.903746 17.4339 8.21801 -21.4309 0.970736 0.135359 -0.172641 0.0976977 0
-0.34302 -0.35752 1.55164 0.900328 -0.285616 -0.328379 0.177471 0.929883 -0.322213 0.397383 0.23182 0.887889 19.1117 10.2225 -23.8155 0.964119 0.143663 -0.188193 0.12008 0
-0.34273 -0.357742 1.55007 0.899291 -0.286906 -0.330092 0.173295 0.926733 -0.333369 0.401553 0.242592 0.883122 19.7849 9.97945 -24.0618 0.962957 0.149529 -0.189947 0.119476 0
-0.343109 -0.35791 1.55269 0.908625 -0.251172 -0.333637 0.138302 0.934813 -0.327104 0.394048 0.251072 0.884132 19.2856 7.9496 -23.4452 0.965346 0.149733 -0.188452 0.100864 0
-0.342633 -0.357579 1.55312 0.906012 -0.213999 -0.365167 0.0930611 0.942371 -0.321366 0.412895 0.257178 0.873714 18.8303 5.33973 -24.5001 0.964637 0.149938 -0.201646 0.0795793 0
-0.342862 -0.357389 1.5516 0.90089 -0.199646 -0.385407 0.064219 0.939474 -0.336548 0.429271 0.278442 0.859184 19.709 3.68201 -25.4776 0.96171 0.159869 -0.211778 0.0685926 1
-0.34471 -0.357537 1.55208 0.90559 -0.126081 -0.404983 -0.017174 0.943117 -0.332018 0.423807 0.307627 0.851911 19.3943 -0.984048 -25.0792 0.961849 0.166254 -0.215416 0.0283066 0
-0.346743 -0.357594 1.55208 0.907992 -0.100465 -0.406764 -0.0326229 0.950928 -0.307687 0.417715 0.292648 0.860158 17.9298 -1.86949 -24.7044 0.964246 0.155649 -0.213763 0.0175894 0
-0.347379 -0.35726 1.5526 0.901956 -0.114942 -0.416249 -0.0118819 0.956954 -0.289997 0.431663 0.266511 0.861765 16.859 -0.680798 -25.5751 0.964453 0.144255 -0.219791 0.0267146 0
-0.346142 -0.355755 1.55189 0.899168 -0.131326 -0.417433 0.0166025 0.963458 -0.267345 0.437288 0.233458 0.868491 15.5085 0.951295 -25.9348 0.965805 0.129634 -0.221246 0.0382915 0
-0.345994 -0.355387 1.55348 0.909867 -0.165919 -0.38028 0.0756506 0.967537 -0.241141 0.407945 0.190637 0.892882 13.9948 4.33861 -24.1494 0.970861 0.111184 -0.202971 0.062205 0
-0.342767 -0.356066 1.5523 0.924647 -0.188624 -0.330829 0.0959804 0.956103 -0.276868 0.368531 0.224252 0.902162 16.1499 5.50775 -21.7304 0.972485 0.128824 -0.179787 0.0731642 0
-0.341619 -0.35703 1.55205 0.932439 -0.198632 -0.301831 0.101064 0.945374 -0.309927 0.346905 0.258484 0.901578 18.151 5.80043 -20.4072 0.972033 0.146191 -0.16685 0.0770796 0
-0.342057 -0.357201 1.55204 0.921181 -0.255825 -0.293222 0.1493 0.928209 -0.34079 0.359354 0.270151 0.893243 20.1606 8.58637 -21.3108 0.967294 0.157899 -0.16866 0.104706 0
-0.340892 -0.358373 1.5511 0.896528 -0.302202 -0.323901 0.167694 0.908284 -0.383274 0.41002 0.2893 0.864979 22.8786 9.65378 -24.5766 0.957835 0.175545 -0.191557 0.122645 0
-0.342618 -0.35783 1.55138 0.883372 -0.328679 -0.334102 0.196038 0.90664 -0.373595 0.425703 0.264526 0.865334 22.3949 11.3054 -25.7298 0.955948 0.166882 -0.198705 0.137224 0
-0.345053 -0.356612 1.55165 0.882265 -0.344839 -0.320459 0.251174 0.920573 -0.299093 0.398145 0.183388 0.898804 17.9989 14.547 -24.2885 0.961983 0.125387 -0.186751 0.154892 0
-0.344632 -0.356272 1.55091 0.860116 -0.367401 -0.353859 0.278403 0.919392 -0.277869 0.427424 0.140484 0.893069 16.8164 16.1649 -26.4245 0.958198 0.109151 -0.203842 0.168494 1
-0.338932 -0.362726 1.55133 0.863 -0.35939 -0.355062 0.249145 0.914161 -0.319743 0.439497 0.187476 0.878462 19.2781 14.4269 -26.9882 0.955984 0.132643 -0.207786 0.159138 1
-0.34701 -0.358433 1.55429 0.784779 -0.472551 -0.40102 0.361535 0.87459 -0.323086 0.503403 0.108568 0.857204 20.2749 21.1945 -32.6785 0.937626 0.115092 -0.241147 0.222393 1
-0.345158 -0.357999 1.5534 0.745856 -0.521477 -0.414441 0.3962 0.847466 -0.353309 0.535467 0.0993166 0.838696 22.6313 23.3408 -35.6754 0.926285 0.122162 -0.256376 0.247676 1
-0.344399 -0.358444 1.5528 0.715981 -0.565664 -0.409141 0.450053 0.822016 -0.348916 0.533689 0.0656821 0.843126 22.9995 26.7471 -36.7007 0.919391 0.112737 -0.256373 0.276193 1
-0.342872 -0.357911 1.55144 0.676817 -0.599964 -0.426569 0.485905 0.799391 -0.353371 0.553005 0.0318955 0.832567 23.8478 29.0718 -39.2511 0.909502 0.1059 -0.269261 0.298479 1
-0.343065 -0.357428 1.54978 0.629455 -0.663907 -0.40375 0.556506 0.747809 -0.362054 0.542298 0.00320711 0.84018 25.8341 33.8145 -40.7461 0.896862 0.101816 -0.263711 0.34019 1
-0.343 -0.357789 1.55231 0.647287 -0.66126 -0.37915 0.565628 0.750121 -0.342613 0.510964 0.00731098 0.859571 24.5482 34.4459 -38.2873 0.902355 0.0969473 -0.246608 0.339913 1
-0.344777 -0.356956 1.55261 0.650888 -0.653448 -0.386459 0.579118 0.756523 -0.303803 0.490884 -0.0260638 0.870835 21.8793 35.3885 -37.0227 0.905296 0.0766984 -0.242281 0.340376 0
-0.343262 -0.356488 1.5513 0.658243 -0.654125 -0.372609 0.583235 0.756072 -0.296972 0.475976 -0.0218389 0.879187 21.4441 35.6784 -35.8708 0.9074 0.0758027 -0.233796 0.340908 0
-0.343957 -0.357276 1.55219 0.670567 -0.655821 -0.346755 0.576276 0.754848 -0.313228 0.467168 0.0102136 0.884109 22.5362 35.189 -34.864 0.909605 0.0888961 -0.223702 0.338635 0
-0.343486 -0.357174 1.55287 0.685002 -0.648125 -0.332726 0.569975 0.761209 -0.309336 0.453762 0.0222506 0.890845 22.1156 34.7485 -33.5215 0.91338 0.0907582 -0.215268 0.333404 0
-0.343149 -0.356834 1.55178 0.681531 -0.649731 -0.336698 0.575213 0.760063 -0.302381 0.452378 0.0124088 0.89174 21.6945 35.1146 -33.5749 0.912871 0.0862087 -0.216097 0.335465 0
-0.347495 -0.356003 1.55216 0.647815 -0.697144 -0.307124 0.631475 0.716926 -0.295391 0.426115 -0.00258229 0.904665 22.3929 39.1591 -33.3358 0.904075 0.0809692 -0.20276 0.367398 0
-0.344428 -0.355834 1.55281 0.62112 -0.729347 -0.286816 0.674073 0.683855 -0.279227 0.399794 -0.0199014 0.916389 22.2109 42.3822 -32.768 0.897408 0.072243 -0.191276 0.390965 0
-0.344105 -0.355089 1.55119 0.588497 -0.738833 -0.328324 0.698148 0.66919 -0.254509 0.407751 -0.079441 0.909631 20.823 44.2786 -34.7169 0.889848 0.0491848 -0.206798 0.403715 0
-0.34453 -0.356108 1.55185 0.561236 -0.747513 -0.355302 0.703986 0.65689 -0.269999 0.435222 -0.0985944 0.894908 22.344 44.7477 -37.7925 0.88219 0.0485736 -0.224023 0.411334 0
-0.343533 -0.356421 1.55223 0.537761 -0.753835 -0.377554 0.701043 0.648578 -0.296454 0.468351 -0.10526 0.87725 24.5643 44.5107 -41.0535 0.875156 0.0546171 -0.241644 0.415605 0
-0.344713 -0.357353 1.55112 0.526612 -0.760123 -0.380648 0.699769 0.641848 -0.313616 0.482705 -0.101212 0.869915 26.0408 44.4085 -42.5091 0.871547 0.0609273 -0.247649 0.418765 0
-0.344028 -0.35771 1.55141 0.500536 -0.782753 -0.369813 0.716229 0.614376 -0.330995 0.486291 -0.0991957 0.868148 28.3136 45.744 -44.173 0.863577 0.0671044 -0.247837 0.433946 0
-0.344001 -0.356897 1.55219 0.482307 -0.792954 -0.372296 0.744228 0.595081 -0.30332 0.462065 -0.13078 0.87715 27.0085 48.0929 -43.7721 0.859438 0.0501898 -0.242705 0.447147 0
-0.344321 -0.357371 1.55122 0.43874 -0.798214 -0.412749 0.747517 0.579109 -0.325347 0.498723 -0.165794 0.850757 29.3276 48.3758 -48.661 0.846848 0.047102 -0.269078 0.456319 0
-0.346485 -0.357735 1.5509 0.437535 -0.798959 -0.412586 0.746728 0.578464 -0.328294 0.50096 -0.16445 0.849703 29.5761 48.3077 -48.8662 0.846419 0.0483932 -0.269827 0.456537 0
-0.344497 -0.356607 1.55178 0.439653 -0.808524 -0.391145 0.767999 0.56422 -0.303039 0.465706 -0.167167 0.869007 28.24 50.1746 -46.6483 0.847479 0.0400813 -0.252765 0.465063 0
-0.344563 -0.357409 1.55183 0.442691 -0.800275 -0.404456 0.752005 0.577026 -0.318637 0.488379 -0.163095 0.857255 28.9077 48.7643 -47.8093 0.848082 0.045851 -0.263192 0.457586 0
-0.344375 -0.356414 1.55217 0.437624 -0.816714 -0.376116 0.777998 0.553645 -0.296979 0.450781 -0.162653 0.87769 28.2094 51.0777 -45.8485 0.8469 0.0396524 -0.244095 0.47075 0
-0.34499 -0.355768 1.55259 0.470754 -0.795713 -0.381092 0.769836 0.581472 -0.263141 0.430979 -0.169504 0.886299 24.3488 50.3392 -42.4743 0.857106 0.027312 -0.236864 0.456638 0
-0.345224 -0.35714 1.55174 0.495149 -0.785022 -0.372248 0.740265 0.605486 -0.292222 0.454791 -0.130869 0.88093 25.763 47.754 -42.5673 0.86336 0.0467224 -0.239483 0.441672 0
-0.344199 -0.357913 1.55174 0.527489 -0.7736 -0.351139 0.726779 0.62494 -0.285031 0.43994 -0.10485 0.891885 24.5174 46.6171 -39.829 0.872398 0.0516338 -0.226697 0.429958 0
-0.343556 -0.356695 1.55257 0.595152 -0.73406 -0.32703 0.693661 0.674729 -0.252142 0.405744 -0.0767855 0.910756 20.4904 43.9206 -34.2841 0.891717 0.0491625 -0.205439 0.400273 1
-0.343893 -0.358554 1.55279 0.650284 -0.701469 -0.291671 0.655827 0.712134 -0.250512 0.383435 -0.0283819 0.923132 19.3806 40.9824 -30.5254 0.906304 0.0612735 -0.186225 0.374404 1
-0.342649 -0.357895 1.55321 0.654527 -0.712769 -0.252102 0.67504 0.701118 -0.229682 0.340464 -0.0198454 0.940048 18.1385 42.4573 -27.482 0.907702 0.0577935 -0.163205 0.382231 1
-0.341927 -0.35781 1.55276 0.661265 -0.712458 -0.234801 0.675331 0.701665 -0.227144 0.326582 -0.0083664 0.945132 17.9379 42.4799 -26.2836 0.909404 0.060143 -0.154327 0.381511 1
-0.343528 -0.360475 1.55183 0.590982 -0.766044 -0.252817 0.731162 0.64107 -0.233306 0.340796 -0.0469705 0.938963 19.9981 46.9839 -29.9704 0.890367 0.05232 -0.166677 0.42039 1
-0.346248 -0.359332 1.55193 0.56063 -0.771124 -0.301765 0.73172 0.631937 -0.255425 0.38766 -0.0776084 0.918529 22.0082 47.0308 -34.6628 0.881915 0.0504063 -0.195434 0.426017 0
