-0.336284 -0.388263 1.46128 0.813326 0.581617 0.0149192 0.186633 -0.236526 -0.953532 -0.551061 0.778317 -0.300922 103.931 10.7564 34.1192 0.564774 0.766612 0.250534 -0.174841 0
-0.336757 -0.388097 1.46329 0.802418 0.596507 0.0174669 0.171397 -0.202329 -0.964202 -0.57162 0.776687 -0.264592 101.851 9.86906 35.465 0.577819 0.753216 0.254875 -0.183929 0
-0.329683 -0.388068 1.46363 0.785543 0.618709 0.0110346 0.16614 -0.193695 -0.966892 -0.596087 0.761368 -0.254948 101.328 9.56346 37.192 0.578122 0.74736 0.262541 -0.195707 0
-0.329844 -0.387511 1.463 0.779053 0.626812 0.0134989 0.165504 -0.184839 -0.968733 -0.604719 0.756928 -0.24774 100.802 9.52651 37.8194 0.580188 0.743578 0.266387 -0.198775 0
-0.330065 -0.387919 1.46277 0.764278 0.644882 0.00256501 0.170491 -0.198217 -0.965217 -0.621942 0.738131 -0.261439 101.605 9.81635 39.1375 0.5711 0.745643 0.273379 -0.207665 0
-0.330023 -0.387829 1.46214 0.769448 0.638704 -0.00251894 0.169161 -0.207588 -0.963479 -0.615901 0.740921 -0.267772 102.159 9.73903 38.6753 0.56879 0.749134 0.269599 -0.206378 0
-0.32932 -0.386993 1.45929 0.769916 0.638114 -0.0063059 0.165876 -0.20966 -0.963602 -0.61621 0.740846 -0.267268 102.275 9.54811 38.6724 0.568548 0.749474 0.268185 -0.207651 0
-0.32922 -0.386908 1.45925 0.772132 0.635325 -0.0131877 0.159724 -0.214121 -0.96366 -0.615061 0.741967 -0.266806 102.527 9.19085 38.5399 0.568156 0.75051 0.264836 -0.209274 0
-0.330998 -0.389373 1.46803 0.792417 0.609783 -0.0154999 0.148691 -0.217744 -0.964613 -0.59158 0.762071 -0.263213 102.72 8.55107 36.7432 0.572595 0.753886 0.251521 -0.201317 0
-0.331771 -0.389826 1.47036 0.79661 0.604217 -0.018275 0.140771 -0.214827 -0.966454 -0.587874 0.767314 -0.25619 102.532 8.09249 36.4262 0.575672 0.752932 0.247362 -0.201263 0
-0.332132 -0.390198 1.47224 0.790467 0.612066 -0.023184 0.140147 -0.217584 -0.965928 -0.596256 0.760285 -0.257772 102.694 8.05635 37.0276 0.573392 0.752632 0.249861 -0.205758 0
-0.332408 -0.390104 1.47166 0.785635 0.618402 -0.0188849 0.146069 -0.215058 -0.965616 -0.6012 0.755863 -0.259287 102.556 8.39919 37.4247 0.572558 0.751661 0.254261 -0.206238 0
-0.331335 -0.389777 1.4684 0.746261 0.665311 -0.0213454 0.161977 -0.212602 -0.96362 -0.645645 0.715654 -0.266422 102.442 9.32169 40.8655 0.562858 0.745869 0.27729 -0.223562 0
-0.329739 -0.390059 1.45927 0.755823 0.650557 -0.0742091 0.126674 -0.256475 -0.958214 -0.642406 0.71484 -0.276258 104.984 7.27746 40.3626 0.552967 0.756399 0.256886 -0.236851 0
-0.328782 -0.389523 1.45421 0.738888 0.668534 -0.0843037 0.130978 -0.265221 -0.95525 -0.660976 0.694781 -0.283531 105.517 7.52609 41.8144 0.545467 0.756247 0.264302 -0.246374 0
-0.327623 -0.390008 1.44948 0.710741 0.70021 -0.0674779 0.181872 -0.275571 -0.943919 -0.679537 0.658609 -0.323208 106.275 10.4788 43.7142 0.527248 0.759855 0.290214 -0.245775 0
-0.327093 -0.38935 1.44708 0.706162 0.706724 -0.0433169 0.200164 -0.257938 -0.9452 -0.679169 0.658793 -0.323606 105.264 11.5465 43.8837 0.53024 0.756258 0.299794 -0.238836 0
-0.32649 -0.388843 1.44527 0.688958 0.72446 -0.0222275 0.215467 -0.233995 -0.948061 -0.692034 0.648385 -0.31731 103.864 12.4429 45.1276 0.533304 0.748375 0.313989 -0.238604 0
-0.324675 -0.387139 1.43878 0.683137 0.73017 -0.0132453 0.205938 -0.21001 -0.955764 -0.700652 0.65019 -0.293835 102.393 11.8844 45.7252 0.542976 0.739422 0.3165 -0.24137 0
-0.320028 -0.382039 1.42042 0.612415 0.790277 -0.0202479 0.219023 -0.194228 -0.956193 -0.75959 0.581152 -0.292036 101.482 12.6516 51.1227 0.530601 0.724341 0.348351 -0.269154 0
-0.31443 -0.37594 1.39956 0.503249 0.863821 -0.0235132 0.236833 -0.164041 -0.957602 -0.831054 0.476344 -0.287135 99.7206 13.6997 58.8028 0.512853 0.699004 0.393651 -0.305638 0
-0.312687 -0.373613 1.3919 0.482834 0.875341 -0.0254779 0.231858 -0.155839 -0.960185 -0.84446 0.457703 -0.278199 99.2188 13.4065 60.2405 0.512054 0.692256 0.399852 -0.314168 0
-0.31143 -0.371871 1.38662 0.456551 0.888839 -0.0390704 0.21389 -0.152279 -0.964916 -0.863604 0.432177 -0.259637 98.9682 12.3504 62.1365 0.511037 0.683459 0.403363 -0.330186 0
-0.308925 -0.368954 1.37663 0.437178 0.898956 -0.0274393 0.217987 -0.135511 -0.966498 -0.872558 0.41655 -0.255203 97.9813 12.5908 63.3878 0.511484 0.675998 0.413072 -0.33284 0
-0.306272 -0.366256 1.36648 0.428507 0.902971 -0.0320321 0.219244 -0.138304 -0.965818 -0.876535 0.406837 -0.257235 98.1493 12.6646 63.9476 0.508175 0.675286 0.415459 -0.336364 0
-0.303801 -0.363383 1.3571 0.384945 0.922509 -0.0281738 0.217719 -0.12043 -0.968553 -0.896892 0.366706 -0.247207 97.0878 12.5751 66.7711 0.504308 0.661926 0.430648 -0.349384 0
-0.299934 -0.359656 1.34234 0.467423 0.883743 -0.0226535 0.215398 -0.138705 -0.966625 -0.857391 0.446944 -0.25519 98.1658 12.4389 61.4021 0.518056 0.682151 0.402822 -0.322526 0
-0.297683 -0.357393 1.33639 0.469313 0.882938 -0.0128435 0.21286 -0.127234 -0.968763 -0.856992 0.45192 -0.247655 97.4822 12.29 61.2936 0.523074 0.679007 0.403456 -0.32026 0
-0.294357 -0.353872 1.32321 0.537462 0.842967 -0.0232601 0.204077 -0.15678 -0.966319 -0.818222 0.514613 -0.256294 99.2156 11.7755 56.7005 0.530186 0.698308 0.37485 -0.301258 0
-0.293378 -0.349892 1.31994 0.55473 0.831429 -0.0316304 0.249205 -0.2023 -0.947086 -0.793834 0.517494 -0.319418 102.057 14.4305 55.0542 0.508186 0.720494 0.374963 -0.286423 0
-0.292182 -0.348316 1.314 0.584647 0.810903 -0.0249912 0.264516 -0.219651 -0.939034 -0.766955 0.542393 -0.342915 103.165 15.3382 52.6818 0.50549 0.732669 0.366953 -0.270226 0
-0.289616 -0.345647 1.30451 0.602722 0.797831 -0.0138194 0.256515 -0.210126 -0.943423 -0.755596 0.565077 -0.331303 102.556 14.8634 51.4214 0.515096 0.732146 0.360019 -0.262726 0
-0.28634 -0.341774 1.28854 0.620662 0.783855 -0.0187077 0.236845 -0.210173 -0.948542 -0.747451 0.584293 -0.316099 102.493 13.7004 50.2948 0.523065 0.732621 0.348304 -0.261445 0
-0.283497 -0.338737 1.2766 0.62658 0.779285 -0.0105973 0.220784 -0.190528 -0.956532 -0.74743 0.597004 -0.291435 101.265 12.7551 50.0265 0.534934 0.726041 0.344357 -0.261014 1
-0.281696 -0.336584 1.27114 0.626969 0.778656 -0.0245788 0.201655 -0.192684 -0.960317 -0.752492 0.597133 -0.277827 101.346 11.6337 50.1993 0.537694 0.724134 0.338442 -0.268276 0
-0.279749 -0.333846 1.26366 0.62034 0.78375 -0.0302468 0.17975 -0.179599 -0.967178 -0.763458 0.594543 -0.252291 100.52 10.3552 50.9048 0.54508 0.71628 0.336286 -0.277023 1
-0.277201 -0.330917 1.25417 0.633968 0.772281 -0.0408254 0.160227 -0.182809 -0.970004 -0.756579 0.60841 -0.239636 100.673 9.2201 50.039 0.550346 0.71701 0.325138 -0.278031 1
-0.275368 -0.330256 1.24938 0.624799 0.779792 -0.0393769 0.181176 -0.193851 -0.964156 -0.759475 0.595269 -0.262397 101.368 10.4382 50.5568 0.540497 0.721292 0.333072 -0.276882 1
-0.271827 -0.326272 1.23802 0.6047 0.793067 -0.0733739 0.16307 -0.213457 -0.963247 -0.779581 0.57051 -0.258403 102.495 9.38516 52.2003 0.532175 0.720514 0.331755 -0.295954 1
-0.267704 -0.322756 1.22986 0.594338 0.794216 -0.126426 0.131126 -0.250801 -0.959117 -0.793454 0.553461 -0.253203 104.654 7.53466 53.1649 0.522095 0.724283 0.319399 -0.317514 0
-0.266492 -0.329837 1.24091 0.682035 0.716878 -0.144616 0.145341 -0.326672 -0.933896 -0.716732 0.615931 -0.326994 109.28 8.35705 46.4209 0.507043 0.76415 0.282085 -0.281799 0
-0.266086 -0.33373 1.24961 0.73162 0.659493 -0.172629 0.169681 -0.421427 -0.890847 -0.660258 0.62247 -0.420228 115.317 9.76929 42.065 0.47169 0.802072 0.258448 -0.259605 1
-0.247161 -0.322004 1.20218 0.526231 0.826267 -0.200909 0.0445515 -0.262734 -0.963839 -0.849174 0.498251 -0.17507 105.248 2.55346 58.2136 0.521639 0.70072 0.310687 -0.374644 1
-0.244844 -0.320201 1.19921 0.543538 0.810984 -0.216497 0.0265042 -0.274377 -0.961257 -0.838966 0.516741 -0.170629 105.931 1.51876 57.0622 0.524054 0.705079 0.296949 -0.374236 1
-0.244343 -0.318347 1.19344 0.56175 0.7957 -0.22649 0.0106807 -0.28072 -0.95973 -0.827238 0.536709 -0.166193 106.304 0.611973 55.8209 0.527929 0.708637 0.284483 -0.371745 1
-0.238037 -0.311869 1.16373 0.435617 0.88227 -0.17843 0.106571 -0.247384 -0.963039 -0.893801 0.400501 -0.20179 104.407 6.11771 64.0165 0.496599 0.686439 0.360135 -0.390505 0
-0.236688 -0.30858 1.1546 0.401146 0.897387 -0.183788 0.131559 -0.255 -0.957949 -0.906517 0.360099 -0.220352 104.906