-0.334967 -0.387021 1.45601 0.825652 0.5641 0.00947572 0.184747 -0.254461 -0.949272 -0.533074 0.785519 -0.314312 105.006 10.6464 32.8479 0.560553 0.773697 0.241971 -0.169187 0
-0.336758 -0.377529 1.45926 0.835852 0.548158 0.0295668 0.171132 -0.209016 -0.962822 -0.521598 0.809837 -0.268514 102.248 9.85365 31.9655 0.582735 0.76049 0.236456 -0.161748 0
-0.337607 -0.369704 1.46477 0.836335 0.547662 0.0246827 0.146634 -0.180088 -0.97266 -0.528244 0.817089 -0.23092 100.49 8.43194 32.2772 0.596935 0.749557 0.231569 -0.167953 0
-0.338814 -0.365564 1.46998 0.847083 0.531081 0.020097 0.132696 -0.174733 -0.975633 -0.514629 0.829109 -0.218486 100.154 7.62542 31.28 0.602881 0.748382 0.221738 -0.1652 0
-0.340043 -0.36329 1.473 0.873606 0.485993 0.0249695 0.133596 -0.190177 -0.972617 -0.467937 0.85302 -0.231067 101.064 7.67746 28.1752 0.60257 0.757438 0.204502 -0.146206 0
-0.339535 -0.367204 1.47264 0.892087 0.450848 0.0302849 0.134433 -0.200818 -0.970361 -0.431404 0.869717 -0.239756 101.692 7.72583 25.8079 0.602394 0.763653 0.191606 -0.131316 0
-0.339803 -0.369557 1.47492 0.906568 0.420606 0.0349948 0.132404 -0.204691 -0.96983 -0.400754 0.883851 -0.241257 101.918 7.60855 23.8481 0.604281 0.766896 0.180276 -0.119234 0
-0.338054 -0.371006 1.47915 0.922017 0.38586 0.0315645 0.118287 -0.203138 -0.971979 -0.368636 0.899915 -0.232939 101.805 6.79326 21.7923 0.609496 0.767804 0.164152 -0.109752 0
-0.335768 -0.373215 1.4874 0.918187 0.395203 0.0273432 0.108598 -0.184729 -0.976771 -0.380972 0.899827 -0.212534 100.709 6.23453 22.5344 0.616629 0.76083 0.165543 -0.116198 0
-0.319638 -0.374843 1.49543 0.954085 0.298757 0.0215846 0.080332 -0.185789 -0.9793 -0.288562 0.93607 -0.201258 100.742 4.60765 16.8279 0.625907 0.765038 0.123879 -0.0872433 0
-0.327297 -0.378728 1.51073 0.912476 0.408596 0.0209096 0.106055 -0.186863 -0.976644 -0.395146 0.893382 -0.213842 100.832 6.08797 23.4149 0.61477 0.760457 0.169191 -0.12303 0
-0.328137 -0.380473 1.51654 0.91311 0.407287 0.0186727 0.104845 -0.190305 -0.97611 -0.394003 0.893253 -0.216472 101.032 6.01826 23.34 0.613664 0.761559 0.16812 -0.123211 0
-0.329446 -0.381889 1.52165 0.911727 0.410331 0.0195417 0.110066 -0.198175 -0.973967 -0.395776 0.890143 -0.225846 101.501 6.31914 23.4654 0.609858 0.764158 0.170252 -0.123088 0
-0.33103 -0.383502 1.52849 0.920448 0.390284 0.0213059 0.110558 -0.207682 -0.971929 -0.374903 0.896965 -0.234309 102.062 6.34746 22.1613 0.607959 0.768511 0.162926 -0.115027 0
-0.333709 -0.390059 1.56149 0.922679 0.382725 0.0467435 0.133949 -0.204497 -0.969659 -0.361554 0.900945 -0.239951 101.909 7.69782 21.3979 0.607913 0.769274 0.16791 -0.102308 0
-0.33702 -0.39286 1.57656 0.922214 0.382286 0.0581257 0.152647 -0.221807 -0.963068 -0.355275 0.897028 -0.262909 102.97 8.78033 21.0687 0.599479 0.775714 0.1724 -0.0957663 0
-0.342051 -0.397203 1.60017 0.915454 0.402176 0.0141082 0.118271 -0.235374 -0.964682 -0.384651 0.88479 -0.26304 103.712 6.79234 22.7909 0.595197 0.776831 0.16749 -0.119248 0
-0.344911 -0.401866 1.61685 0.913236 0.406769 0.0232349 0.122411 -0.219539 -0.967894 -0.388608 0.886759 -0.250284 102.78 7.03129 23.0511 0.600711 0.771858 0.171398 -0.118342 0
-0.347986 -0.40458 1.63108 0.907236 0.419704 0.0277602 0.122075 -0.199572 -0.972249 -0.402517 0.885449 -0.232295 101.6 7.01189 23.9256 0.607324 0.764706 0.17712 -0.122517 0
-0.350892 -0.407296 1.64294 0.898863 0.437178 0.0303454 0.124694 -0.188765 -0.974074 -0.420116 0.879342 -0.224187 100.967 7.16306 25.0507 0.60949 0.760233 0.18477 -0.128175 0
-0.35337 -0.410371 1.65465 0.88681 0.460895 0.0338354 0.131467 -0.18141 -0.97458 -0.443041 0.868715 -0.221468 100.544 7.55437 26.5462 0.609084 0.756586 0.195735 -0.135215 0
-0.35504 -0.412553 1.66346 0.879147 0.475703 0.0284011 0.133627 -0.188872 -0.972867 -0.457432 0.859089 -0.229613 100.987 7.67923 27.4886 0.604289 0.757897 0.200994 -0.14152 0
-0.359149 -0.414536 1.67219 0.88353 0.467391 0.0303399 0.131008 -0.18442 -0.974077 -0.44968 0.864601 -0.224173 100.721 7.52785 26.9742 0.607235 0.756988 0.197625 -0.13849 0
-0.371132 -0.416318 1.68622 0.908279 0.417732 0.0230198 0.114558 -0.195411 -0.974008 -0.402376 0.887308 -0.225342 101.344 6.57814 23.8938 0.609821 0.763058 0.174394 -0.124288 0
-0.384346 -0.415881 1.73161 0.9373 0.341288 -0.0706512 0.0240663 -0.26561 -0.96378 -0.347692 0.901651 -0.25717 105.408 1.37903 20.3524 0.594668 0.784232 0.116469 -0.133361 0
-0.4034 -0.41207 1.74159 0.944526 0.31336 -0.0983665 -0.00696846 -0.280312 -0.959884 -0.328362 0.907321 -0.262578 106.279 -0.399267 19.1699 0.591954 0.788577 0.0971343 -0.135284 0
-0.426151 -0.409606 1.74862 0.940587 0.31555 -0.125393 -0.0261651 -0.300835 -0.953317 -0.338542 0.899959 -0.274706 107.514 -1.49932 19.7951 0.584176 0.793115 0.0912178 -0.146238 0
-0.450938 -0.408927 1.74698 0.938238 0.317205 -0.138169 -0.0366396 -0.306006 -0.951324 -0.344045 0.897631 -0.275484 107.831 -2.09977 20.1376 0.582398 0.793683 0.0883744 -0.151891 0
-0.464841 -0.407198 1.74316 0.950633 0.29253 -0.103555 -0.0169833 -0.28416 -0.958626 -0.309853 0.91306 -0.265164 106.511 -0.973117 18.0531 0.591884 0.790563 0.0871363 -0.130732 0
-0.469151 -0.408528 1.73985 0.959947 0.273679 -0.0600132 0.0149469 -0.263911 -0.964431 -0.279783 0.924906 -0.257431 105.304 0.856424 16.2491 0.599709 0.787605 0.0916151 -0.107857 0
-0.464202 -0.403586 1.73496 0.962249 0.260378 -0.07925 -0.0109824 -0.253794 -0.967196 -0.27195 0.931553 -0.241353 104.703 -0.62926 15.7813 0.60562 0.783804 0.0795466 -0.112018 0
-0.456487 -0.407651 1.73416 0.972284 0.233269 -0.0158015 0.0316969 -0.198473 -0.979594 -0.231645 0.951942 -0.200366 101.453 1.8164 13.4008 0.627185 0.769922 0.0860364 -0.0803478 0
-0.453321 -0.400125 1.73549 0.965367 0.260355 -0.0167779 0.0229337 -0.148744 -0.98861 -0.259885 0.953987 -0.149563 98.5564 1.31412 15.0673 0.645573 0.752276 0.0941439 -0.091942 0
-0.452857 -0.400679 1.73775 0.963299 0.268431 -0.000622197 0.0337143 -0.123287 -0.991798 -0.266306 0.955377 -0.127812 97.0859 1.93205 15.4536 0.654255 0.744043 0.101522 -0.0896886 0
-0.452771 -0.401135 1.73833 0.964469 0.263864 0.0132698 0.0457509 -0.117338 -0.992038 -0.260206 0.957396 -0.125241 96.7456 2.62225 15.0985 0.656104 0.742807 0.104204 -0.0831092 0
-0.456412 -0.401338 1.73676 0.959453 0.269892 0.0812974 0.101795 -0.0628178 -0.99282 -0.262847 0.960839 -0.0877443 93.6204 5.84256 15.3206 0.672475 0.726294 0.127939 -0.0624917 0
-0.457141 -0.400993 1.73551 0.961527 0.246599 0.121055 0.132639 -0.0308558 -0.990684 -0.240567 0.968626 -0.0623775 91.784 7.62213 14.0466 0.683428 0.716722 0.132282 -0.041687 1
-0.45684 -0.401929 1.73515 0.961758 0.233857 0.142591 0.151417 -0.0201379 -0.988265 -0.228241 0.972063 -0.0547777 91.1674 8.70906 13.3503 0.686812 0.71356 0.134983 -0.030008 1
-0.456222 -0.402187 1.7363 0.969986 0.205879 0.129388 0.141399 -0.0446729 -0.988944 -0.197823 0.977557 -0.0724432 92.5864 8.12882 11.527 0.680601 0.72234 0.120192 -0.0236849 1
-0.456918 -0.402549 1.73612 0.969737 0.208751 0.126624 0.142952 -0.0650225 -0.987591 -0.197927 0.975805 -0.0928961 93.7669 8.21872 11.5358 0.673019 0.729324 0.120558 -0.0244415 1
-0.456406 -0.402444 1.73583 0.975645 0.178028 0.128147 0.143527 -0.0763303 -0.986698 -0.165879 0.98106 -0.100023 94.4236 8.25201 9.64913 0.670688 0.733485 0.109599 -0.0128603 1
-0.456998 -0.4007 1.73322 0.985299 0.126972 0.114294 0.119887 -0.0372889 -0.992087 -0.121706 0.991205 -0.051963 92.1525 6.88557 7.04159 0.688485 0.720165 0.0856953 -0.00257284 1
-0.456992 -0.401064 1.73367 0.989231 0.0825381 0.120867 0.123509 -0.0276723 -0.991958 -0.0785297 0.996204 -0.0375685 91.5979 7.09467 4.53888 0.69354 0.716671 0.0718765 0.0147688 1
-0.456596 -0.402121 1.73292 0.987641 0.094335 0.125166 0.130849 -0.0566478 -0.989783 -0.0862808 0.993928 -0.0682913 93.2756 7.51863 4.99271 0.682404 0.726736 0.077464 0.0133768 1
-0.4571 -0.401068 1.73183 0.99293 0.0553132 0.105028 0.109222 -0.0792388 -0.990854 -0.046485 0.99532 -0.08472 94.5722 6.27049 2.6804 0.676197 0.734317 0.0560165 0.019931 1
-0.456943 -0.401481 1.7327 0.992376 0.0713528 0.100492 0.10619 -0.0811533 -0.991029 -0.0625574 0.994144 -0.0881116 94.6814 6.09576 3.60704 0.675113 0.735126 0.0603785 0.0129007 1
-0.457133 -0.401919 1.73277 0.992127 0.0690939 0.104454 0.110482 -0.090096 -0.989786 -0.0589772 0.993533 -0.0970203 95.2011 6.34312 3.40196 0.671753 0.738113 0.0608228 0.0154032 1
-0.457164 -0.402106 1.73333 0.989886 0.0715186 0.122519 0.127292 -0.0664887 -0.989634 -0.0626311 0.995221 -0.07492 93.8436 7.31312 3.62034 0.679794 0.729948 0.0680906 0.020511 0
-0.456848 -0.402176 1.73367 0.987872 0.0858936 0.129349 0.13522 -0.0664462 -0.988585 -0.0763184 0.994086 -0.0772549 93.8453 7.77133 4.41763 0.679001 0.729995 0.0757243 0.0181613 0
-0.456461 -0.402215 1.73326 0.977569 0.157304 0.140054 0.152525 -0.0701675 -0.985806 -0.145244 0.985054 -0.0925863 94.0713 8.77327 8.45102 0.673575 0.731492 0.105889 -0.001774 0
-0.456257 -0.402727 1.73183 0.978267 0.161166 0.130457 0.142085 -0.0628139 -0.987859 -0.151015 0.984926 -0.0843479 93.6383 8.16849 8.77546 0.676592 0.728943 0.104004 -0.00705054 0
-0.455907 -0.401015 1.72756 0.987195 0.101051 0.123427 0.132048 -0.0835968 -0.987712 -0.0894912 0.991363 -0.09587 94.8378 7.58798 5.17982 0.672259 0.735979 0.07918 0.0115273 0
-0.455671 -0.400013 1.72727 0.986548 0.108687 0.12211 0.131705 -0.0859645 -0.987554 -0.0968372 0.990352 -0.0991227 94.9749 7.56815 5.60606 0.671092 0.736823 0.0815638 0.00857496 0
-0.456261 -0.400907 1.72791 0.976298 0.18472 0.112789 0.128918 -0.0777323 -0.988604 -0.173847 0.979712 -0.0997035 94.4958 7.40706 10.0967 0.670608 0.73378 0.106857 -0.0208028 0
-0.455302 -0.400572 1.72773 0.972767 0.194893 0.125464 0.135323 -0.0380691 -0.99007 -0.188182 0.980085 -0.0634058 92.202 7.77727 10.9486 0.683976 0.720111 0.114641 -0.0217737 0
-0.456276 -0.400974 1.72762 0.974983 0.178028 0.133097 0.14449 -0.052581 -0.988108 -0.168912 0.98262 -0.0769887 93.0461 8.30775 9.82872 0.67923 0.725354 0.111159 -0.012344 0
-0.456201 -0.401355 1.72703 0.965087 0.211112 0.155043 0.171311 -0.0609734 -0.983328 -0.198139 0.975558 -0.0950106 93.5482 9.86408 11.602 0.672515 0.728195 0.131292 -0.0147956 0
-0.456203 -0.400873 1.72802 0.955913 0.251463 0.151645 0.164841 -0.0321409 -0.985796 -0.243017 0.967333 -0.0721752 91.8674 9.488 14.2638 0.680367 0.717675 0.145018 -0.031829 0
-0.455817 -0.400783 1.72824 0.9458 0.294885 0.136036 0.147724 -0.0176177 -0.988872 -0.289207 0.95537 -0.0602244 91.0207 8.49505 17.0026 0.683366 0.711274 0.155569 -0.0538368 0
-0.455872 -0.400544 1.72765 0.93314 0.333334 0.134676 0.146434 -0.0102792 -0.989167 -0.328338 0.942753 -0.0584033 90.5954 8.42033 19.3851 0.682726 0.707429 0.169546 -0.0684387 0
-0.455269 -0.400415 1.72767 0.94644 0.290632 0.140658 0.152945 -0.0198796 -0.988035 -0.284358 0.956628 -0.0632655 91.1527 8.79762 16.7229 0.682513 0.712318 0.155681 -0.0504338 0
-0.454367 -0.400311 1.72746 0.965608 0.219077 0.140025 0.153962 -0.0478065 -0.98692 -0.209517 0.974536 -0.0798918 92.7732 8.8566 12.2422 0.677848 0.723413 0.128916 -0.0240152 0
-0.454717 -0.400555 1.72753 0.952724 0.268807 0.141631 0.156707 -0.0353698 -0.987012 -0.260306 0.962544 -0.0758217 92.0523 9.01584 15.2816 0.678515 0.718317 0.148094 -0.0413033 0
-0.454807 -0.400116 1.7275 0.948885 0.280725 0.144262 0.158547 -0.0287309 -0.986933 -0.272912 0.959358 -0.0717703 91.6675 9.12254 16.046 0.679776 0.715784 0.153423 -0.0449334 0
-0.454799 -0.400517 1.72738 0.959062 0.245665 0.140889 0.157556 -0.0494629 -0.986271 -0.235323 0.968092 -0.0861439 92.8711 9.06507 13.7862 0.675177 0.723648 0.139301 -0.0326243 0
-0.454907 -0.400701 1.72762 0.960278 0.237501 0.14649 0.162722 -0.0501371 -0.985397 -0.226688 0.970092 -0.0867923 92.9127 9.36494 13.2824 0.675157 0.724087 0.138182 -0.0276895 0
-0.454537 -0.400337 1.72658 0.961804 0.237413 0.136266 0.151971 -0.0490657 -0.987166 -0.22768 0.970169 -0.0832714 92.8455 8.74117 13.318 0.676289 0.723557 0.134538 -0.0315847 0
-0.454616 -0.400177 1.72762 0.970453 0.193724 0.143849 0.157862 -0.0588757 -0.985704 -0.182485 0.979288 -0.0877178 93.4182 9.08284 10.6496 0.675252 0.727504 0.120819 -0.0132771 0
-0.454929 -0.39988 1.72698 0.970303 0.193271 0.145458 0.158133 -0.0517719 -0.98606 -0.183047 0.979778 -0.0807969 93.0055 9.09852 10.6832 0.677815 0.725064 0.121163 -0.0129603 0
-0.454536 -0.400078 1.7259 0.967382 0.206922 0.146132 0.159091 -0.0473479 -0.986128 -0.197133 0.977211 -0.0787231 92.7489 9.15415 11.518 0.678475 0.723439 0.126484 -0.0176244 0
-0.454582 -0.400725 1.7265 0.95429 0.257098 0.15242 0.168821 -0.0428392 -0.984715 -0.246639 0.965435 -0.0842845 92.491 9.71926 14.4911 0.675864 0.721355 0.147611 -0.0326535 0
-0.454361 -0.400759 1.72785 0.922973 0.356899 0.144028 0.16559 -0.0304382 -0.985725 -0.34742 0.933647 -0.0871926 91.7687 9.53153 20.627 0.671815 0.714249 0.182881 -0.0711908 0
-0.454017 -0.400435 1.72697 0.91111 0.388944 0.136389 0.162591 -0.0350925 -0.986069 -0.378739 0.920593 -0.0952117 92.0382 9.35729 22.5722 0.667234 0.71439 0.193009 -0.0848102 0
-0.455152 -0.400979 1.7277 0.900626 0.410921 0.141482 0.173382 -0.0412128 -0.983992 -0.398512 0.910739 -0.108363 92.3983 9.98449 23.8686 0.661636 0.715926 0.204037 -0.0897546 0
-0.453923 -0.400418 1.72597 0.895888 0.41882 0.148242 0.179528 -0.0360588 -0.983092 -0.406393 0.907353 -0.107495 92.1006 10.3423 24.4 0.661879 0.714045 0.209492 -0.0903834 0
-0.454411 -0.400811 1.72719 0.891339 0.428728 0.147333 0.174591 -0.0247136 -0.984331 -0.418369 0.903096 -0.0968801 91.4382 10.0548 25.144 0.665159 0.709389 0.212619 -0.0955176 0
-0.453794 -0.400431 1.72743 0.894821 0.42499 0.136673 0.163077 -0.0261861 -0.986266 -0.415574 0.904819 -0.0927378 91.5209 9.38551 24.9112 0.666314 0.709532 0.207202 -0.0982696 0
-0.45416 -0.400341 1.72564 0.885834 0.437175 0.155487 0.177875 -0.0104517 -0.983998 -0.428554 0.899316 -0.087021 90.6086 10.246 25.817 0.668648 0.70415 0.218366 -0.0969492 0
-0.454701 -0.400672 1.72832 0.882319 0.45196 0.131325 0.15459 -0.0147494 -0.987869 -0.44454 0.891916 -0.0828823 90.8554 8.89304 26.7404 0.667961 0.703554 0.215531 -0.111297 0
-0.454272 -0.400375 1.72561 0.864926 0.47624 0.158424 0.1818 -0.0030663 -0.983331 -0.467816 0.87931 -0.0892326 90.1787 10.4746 28.4078 0.6657 0.699504 0.235181 -0.110575 0
-0.454774 -0.401097 1.72865 0.87977 0.452067 0.147106 0.173209 -0.0166397 -0.984745 -0.442722 0.891829 -0.092941 90.9681 9.97443 26.7127 0.665242 0.705222 0.221659 -0.104796 0
-0.454985 -0.400708 1.72825 0.882034 0.446903 0.149308 0.192268 -0.052072 -0.97996 -0.430172 0.893065 -0.131855 93.0417 11.0852 25.9987 0.651557 0.718673 0.222344 -0.0977024 0
-0.454335 -0.401334 1.7285 0.890129 0.433461 0.140645 0.169716 -0.0288951 -0.985069 -0.422925 0.900709 -0.0992859 91.6802 9.77133 25.4137 0.663692 0.710336 0.212286 -0.0993476 0
-0.455022 -0.400531 1.72787 0.904207 0.407292 0.128543 0.158075 -0.0395477 -0.986635 -0.396764 0.912442 -0.100142 92.2954 9.0952 23.6918 0.664176 0.714825 0.197729 -0.0938066 0
-0.454647 -0.400023 1.72638 0.911688 0.38852 0.133704 0.158255 -0.0317308 -0.986888 -0.379183 0.920894 -0.0904139 91.8416 9.10564 22.5831 0.668869 0.713063 0.1917 -0.086065 0
-0.455507 -0.399531 1.72595 0.921822 0.36662 0.125831 0.157463 -0.0575607 -0.985846 -0.354188 0.928589 -0.11079 93.3415 9.05969 21.018 0.662094 0.722872 0.18125 -0.0789753 0
-0.454959 -0.400833 1.72693 0.946733 0.289874 0.140251 0.165568 -0.0646159 -0.984079 -0.276197 0.954881 -0.109168 93.7567 9.53021 16.2639 0.665761 0.7281 0.15638 -0.0466785 0
-0.454585 -0.400592 1.72695 0.95498 0.255944 0.150019 0.16994 -0.0574501 -0.983778 -0.243174 0.964983 -0.0983588 93.3421 9.78433 14.2861 0.670666 0.726428 0.146568 -0.0320592 0
-0.454774 -0.400158 1.72746 0.962252 0.232262 0.141868 0.156145 -0.0441875 -0.986745 -0.222914 0.971649 -0.0787859 92.5641 8.98318 13.043 0.6781 0.722015 0.134487 -0.0280626 0
-0.455184 -0.399601 1.72718 0.955358 0.261714 0.137102 0.150456 -0.0315883 -0.988112 -0.254272 0.964628 -0.0695545 91.831 8.65335 14.9039 0.680848 0.717025 0.143708 -0.0408526 0
-0.45499 -0.400068 1.72736 0.94839 0.282738 0.143581 0.155983 -0.0217285 -0.987521 -0.27609 0.958951 -0.0647094 91.2605 8.97381 16.231 0.682267 0.713237 0.153778 -0.0464462 0
-0.454769 -0.400466 1.72659 0.94774 0.287497 0.138327 0.158873 -0.0492911 -0.986068 -0.276673 0.956512 -0.0923907 92.8617 9.1415 16.2741 0.671948 0.722742 0.154402 -0.0478548 0
-0.454576 -0.400473 1.72596 0.947468 0.286337 0.142533 0.166402 -0.0607002 -0.984188 -0.273158 0.956204 -0.105158 93.5293 9.57868 16.0824 0.667385 0.726864 0.155716 -0.0449272 0
-0.454705 -0.400966 1.7258 0.946851 0.282692 0.153486 0.181324 -0.0749338 -0.980564 -0.265697 0.956279 -0.12221 94.37 10.4469 15.6747 0.661383 0.732119 0.15845 -0.0383169 0
-0.454771 -0.400093 1.72516 0.945254 0.294862 0.139823 0.160891 -0.0483161 -0.985789 -0.283916 0.954318 -0.0931116 92.806 9.25862 16.7181 0.671533 0.722268 0.157751 -0.0498749 0
-0.454599 -0.399483 1.7252 0.95331 0.27029 0.134697 0.149687 -0.0355381 -0.988094 -0.262285 0.962123 -0.0743379 92.0598 8.60882 15.3832 0.678866 0.71819 0.146193 -0.0444133 0
-0.454956 -0.399627 1.72572 0.945752 0.291799 0.142848 0.157961 -0.0287757 -0.987026 -0.283903 0.956047 -0.0733075 91.6699 9.08856 16.7091 0.678909 0.715513 0.157146 -0.0492843 0
-0.454679 -0.401461 1.7269 0.950159 0.26428 0.165388 0.195945 -0.093603 -0.976137 -0.242493 0.959893 -0.140722 95.4774 11.2999 14.317 0.654949 0.739 0.155692 -0.0260844 0
-0.454392 -0.402372 1.72724 0.943262 0.287658 0.165862 0.211706 -0.13618 -0.967799 -0.255808 0.948002 -0.189353 98.0096 12.2224 15.1734 0.63595 0.753126 0.165764 -0.0298577 0
-0.453922 -0.403829 1.72771 0.929127 0.333754 0.159159 0.215121 -0.13782 -0.966813 -0.300742 0.932531 -0.19985 98.1129 12.4227 17.9359 0.630765 0.752794 0.182279 -0.0470193 0
-0.454657 -0.402902 1.72774 0.903388 0.396837 0.162516 0.224414 -0.114557 -0.967737 -0.365416 0.910713 -0.192545 96.751 12.9684 22.0231 0.631721 0.743386 0.208926 -0.0682352 0
-0.454652 -0.401184 1.72783 0.891277 0.419826 0.171383 0.224243 -0.0795591 -0.97128 -0.394133 0.904111 -0.165052 94.6827 12.9583 23.8556 0.641612 0.730734 0.22035 -0.0762076 0
-0.454198 -0.400764 1.72616 0.891639 0.428939 0.144881 0.179219 -0.0405292 -0.982974 -0.415764 0.902424 -0.113011 92.361 10.3243 24.9993 0.659185 0.715049 0.212628 -0.094708 0
-0.454758 -0.399762 1.72469 0.887209 0.442287 0.131309 0.156285 -0.0203244 -0.987503 -0.434091 0.896643 -0.0871548 91.1791 8.99133 26.0714 0.667033 0.706167 0.211909 -0.107192 0
-0.454423 -0.399607 1.72402 0.880466 0.45306 0.139701 0.159973 -0.00651558 -0.9871 -0.446305 0.891456 -0.0782144 90.3782 9.20536 26.8803 0.670025 0.700927 0.218651 -0.109357 0
-0.454721 -0.399762 1.72402 0.87555 0.4628 0.138665 0.163932 -0.0145993 -0.986364 -0.454465 0.886343 -0.0886503 90.848 9.43522 27.4321 0.665639 0.703349 0.222767 -0.112248 0
-0.455013 -0.400097 1.72459 0.875825 0.462658 0.137396 0.164281 -0.0181014 -0.986247 -0.453808 0.886352 -0.0918597 91.0515 9.45548 27.3909 0.664429 0.70459 0.222448 -0.112268 0
-0.454774 -0.400475 1.7251 0.878846 0.453827 0.147212 0.185414 -0.0405739 -0.981823 -0.439605 0.890166 -0.119804 92.3664 10.6853 26.5745 0.655452 0.714007 0.223822 -0.102377 0
-0.454713 -0.40108 1.72527 0.876329 0.45788 0.149643 0.188336 -0.0397478 -0.9813 -0.443369 0.888125 -0.121067 92.3195 10.8557 26.8366 0.654888 0.713643 0.226379 -0.102897 0
-0.455269 -0.400832 1.72665 0.880726 0.452527 0.139788 0.175011 -0.036686 -0.983883 -0.440105 0.890996 -0.111507 92.1354 10.0793 26.5516 0.658129 0.712201 0.220281 -0.105418 0
-0.455194 -0.400139 1.72559 0.880685 0.453647 0.136377 0.16827 -0.0304749 -0.98527 -0.442809 0.89066 -0.103174 91.7716 9.68726 26.6933 0.660877 0.709636 0.219097 -0.107954 0
-0.454399 -0.399842 1.72386 0.894147 0.428803 0.12895 0.159337 -0.0355648 -0.986584 -0.418464 0.902698 -0.100124 92.0645 9.16839 25.0798 0.663034 0.712362 0.206405 -0.101604 0
-0.454757 -0.399805 1.72466 0.921543 0.3646 0.133512 0.163431 -0.052322 -0.985166 -0.352206 0.929693 -0.107804 93.0401 9.40609 20.9164 0.663592 0.721399 0.182988 -0.0757879 0
-0.454286 -0.400705 1.72474 0.932996 0.324962 0.154655 0.183689 -0.0604542 -0.981124 -0.309478 0.943793 -0.116095 93.526 10.5847 18.3509 0.662655 0.726214 0.175104 -0.053298 0
-0.454705 -0.400404 1.72409 0.949048 0.28719 0.12973 0.157027 -0.0740486 -0.984814 -0.273223 0.955007 -0.115372 94.3 9.03438 16.0607 0.663255 0.731175 0.151885 -0.0490623 0
-0.455203 -0.400045 1.72437 0.957465 0.251918 0.140704 0.169134 -0.094901 -0.981014 -0.233782 0.963084 -0.133472 95.5255 9.73746 13.7213 0.657475 0.739229 0.142395 -0.0314779 0
-0.454164 -0.400226 1.72398 0.970508 0.193501 0.143775 0.161721 -0.0803066 -0.983564 -0.178775 0.977808 -0.109231 94.6678 9.30678 10.4373 0.667265 0.734855 0.120848 -0.0119071 0
-0.45388 -0.399108 1.72298 0.983945 0.104781 0.144476 0.152386 -0.0718429 -0.985706 -0.0929033 0.991897 -0.0866565 94.1686 8.76521 5.39383 0.675545 0.731855 0.0878475 0.0176173 0
-0.455121 -0.400198 1.72529 0.988832 0.0835502 0.123414 0.130407 -0.0841678 -0.987881 -0.0721502 0.992943 -0.0941233 94.8699 7.49312 4.1732 0.672782 0.736058 0.07267 0.0174116 0
-0.455598 -0.400192 1.72565 0.993141 -0.0144876 0.116018 0.113721 -0.110809 -0.987314 0.0271596 0.993736 -0.108402 96.4037 6.52984 -1.56649 0.665945 0.743699 0.033358 0.0481302 0
-0.455395 -0.400219 1.72585 0.989637 -0.0753087 0.122256 0.11445 -0.100458 -0.988337 0.0867119 0.992087 -0.090798 95.8038 6.57192 -5.00746 0.670519 0.738392 0.0132523 0.0707508 0
-0.455153 -0.400331 1.72482 0.98303 -0.122692 0.136378 0.120499 -0.128679 -0.984338 0.138319 0.984067 -0.111711 97.4478 6.92091 -8.00934 0.660046 0.745557 -0.000735306 0.0921114 0
-0.455349 -0.400086 1.7247 0.982184 -0.145328 0.119137 0.101907 -0.120757 -0.987437 0.157889 0.981986 -0.103796 96.9723 5.84897 -9.13235 0.662878 0.742755 -0.0146151 0.0932429 0
-0.453923 -0.399913 1.72405 0.972328 -0.188536 0.137955 0.118686 -0.10998 -0.986822 0.201224 0.975889 -0.0845597 96.3593 6.8163 -11.6923 0.666669 0.736014 -0.0237256 0.115208 0
-0.45402 -0.399991 1.72341 0.960645 -0.244703 0.131458 0.106849 -0.111318 -0.988024 0.256406 0.963187 -0.0807913 96.4283 6.13369 -14.9444 0.664932 0.733613 -0.0469776 0.132176 0
-0.454474 -0.400185 1.72472 0.950018 -0.2801 0.137877 0.105934 -0.126216 -0.98633 0.293673 0.951637 -0.0902358 97.2923 6.08096 -17.1776 0.658325 0.735947 -0.0591641 0.146597 0
-0.454895 -0.400588 1.72508 0.951195 -0.271127 0.147373 0.112941 -0.138571 -0.983892 0.287181 0.952517 -0.101187 98.0168 6.48487 -16.7999 0.65411 0.740093 -0.0534345 0.14679 0
-0.454694 -0.400527 1.72608 0.970084 -0.203 0.133146 0.107191 -0.133931 -0.985176 0.217823 0.969976 -0.108165 97.7417 6.15344 -12.6553 0.657265 0.74367 -0.0322079 0.117986 0
-0.455315 -0.400213 1.72532 0.953134 -0.276439 0.122951 0.0892102 -0.131528 -0.98729 0.289097 0.951988 -0.100703 97.5884 5.11817 -16.8732 0.655916 0.739149 -0.0633256 0.139366 0
-0.454834 -0.400485 1.72506 0.968809 -0.200055 0.146242 0.127093 -0.105495 -0.986265 0.212735 0.974089 -0.0767793 96.1054 7.30164 -12.3847 0.668307 0.733329 -0.0248734 0.122379 0
-0.455028 -0.400544 1.72525 0.964985 -0.22304 0.138048 0.111493 -0.12761 -0.985538 0.237431 0.966421 -0.098274 97.3777 6.40139 -13.8228 0.659375 0.740079 -0.0376809 0.126837 0
-0.454414 -0.400431 1.72452 0.981961 -0.129611 0.137674 0.118363 -0.146466 -0.982109 0.147456 0.980688 -0.128483 98.4822 6.79762 -8.54003 0.653263 0.751151 -0.00374364 0.0948979 0
-0.455726 -0.400358 1.72536 0.982505 -0.129778 0.133569 0.111852 -0.162236 -0.980392 0.148903 0.978181 -0.144881 99.3962 6.42211 -8.61785 0.647184 0.756575 -0.00592331 0.0933392 0
-0.455572 -0.400193 1.72446 0.94679 -0.299091 0.118887 0.0717057 -0.164081 -0.983837 0.313764 0.940012 -0.133904 99.4685 4.11196 -18.3351 0.642029 0.749129 -0.0758833 0.144385 0
-0.455846 -0.400468 1.72471 0.941347 -0.319642 0.108146 0.0634183 -0.147195 -0.987072 0.331428 0.936036 -0.11829 98.4816 3.63604 -19.3961 0.647275 0.74277 -0.0862391 0.147951 0
-0.454109 -0.400152 1.72266 0.972564 -0.18971 0.134646 0.107582 -0.146405 -0.983357 0.206265 0.970863 -0.121978 98.4681 6.17597 -11.9741 0.652721 0.74849 -0.027431 0.113866 0
-0.454572 -0.400775 1.72317 0.969174 -0.216078 0.118375 0.0918811 -0.12882 -0.987402 0.228605 0.967841 -0.104995 97.433 5.27183 -13.2721 0.658665 0.742123 -0.0418385 0.116888 0
-0.455257 -0.400176 1.72271 0.965383 -0.239767 0.102706 0.0773643 -0.112836 -0.990597 0.249101 0.964251 -0.0903808 96.4984 4.43708 -14.4686 0.663733 0.736308 -0.0551407 0.11945 0
-0.45571 -0.399532 1.72408 0.955146 -0.27668 0.10557 0.0719003 -0.129155 -0.989014 0.287276 0.952243 -0.103468 97.4401 4.12314 -16.7395 0.656225 0.739555 -0.0692241 0.132798 0
-0.45575 -0.400135 1.72497