-0.336533 -0.386627 1.4542 0.832226 0.554327 0.0109692 0.182062 -0.25454 -0.94977 -0.523691 0.792421 -0.312756 105.003 10.4899 32.1808 0.562346 0.77452 0.237692 -0.165497 0
-0.334073 -0.38444 1.4498 0.836495 0.547094 0.0310578 0.171099 -0.206922 -0.96328 -0.520578 0.811093 -0.266696 102.123 9.8517 31.8954 0.583712 0.759953 0.236262 -0.161036 1
-0.332816 -0.383213 1.44504 0.799456 0.600372 0.0205841 0.178991 -0.205356 -0.96218 -0.573439 0.772905 -0.271634 102.048 10.311 35.6514 0.574993 0.754395 0.258274 -0.183211 1
-0.332635 -0.382629 1.44361 0.773608 0.633161 0.0252676 0.188452 -0.191817 -0.963168 -0.604994 0.749876 -0.267712 101.263 10.8625 38.0269 0.573166 0.747184 0.274903 -0.19397 0
-0.333407 -0.383077 1.44581 0.772698 0.634097 0.0293177 0.180156 -0.17478 -0.967985 -0.608672 0.753242 -0.249289 100.235 10.3789 38.2283 0.580652 0.741075 0.274687 -0.195444 0
-0.333865 -0.383409 1.44838 0.764712 0.643686 0.0297234 0.180577 -0.169793 -0.968794 -0.618553 0.746216 -0.246078 99.9408 10.4034 38.9684 0.580698 0.73834 0.279093 -0.199376 0
-0.334609 -0.384968 1.45396 0.742697 0.668783 0.0336322 0.187232 -0.159178 -0.969333 -0.64292 0.726217 -0.243438 99.3255 10.7913 40.8813 0.578809 0.732344 0.292217 -0.207992 0
-0.336499 -0.387809 1.4635 0.723763 0.688967 0.0386232 0.205341 -0.1616 -0.965257 -0.658788 0.706548 -0.258434 99.5041 11.8495 42.3093 0.570905 0.732086 0.305398 -0.21178 0
-0.34038 -0.39197 1.47886 0.729627 0.683058 0.0328147 0.201633 -0.169031 -0.964766 -0.653444 0.710535 -0.261057 99.9376 11.6325 41.8472 0.569987 0.734798 0.300998 -0.211156 0
-0.342447 -0.395419 1.49148 0.739097 0.6728 0.0327921 0.198642 -0.171181 -0.965007 -0.643643 0.719748 -0.260166 100.059 11.4575 41.051 0.571785 0.736621 0.295756 -0.207315 1
-0.348225 -0.404086 1.52159 0.803422 0.594241 0.0372983 0.181563 -0.184854 -0.965849 -0.567052 0.782756 -0.256408 100.835 10.4608 35.2143 0.583558 0.749113 0.258907 -0.176794 1
-0.354803 -0.400549 1.53906 0.833401 0.552647 0.00493912 0.152264 -0.221007 -0.963313 -0.531281 0.803577 -0.268336 102.921 8.75815 32.5169 0.579667 0.762027 0.231262 -0.172678 0
-0.376959 -0.410988 1.54982 0.833897 0.551893 0.00545642 0.120358 -0.172192 -0.977683 -0.538636 0.815944 -0.210015 99.9887 6.91277 32.8595 0.60243 0.744329 0.225791 -0.179081 1
-0.377597 -0.394095 1.55358 0.869173 0.493572 0.0303949 0.168846 -0.238441 -0.956367 -0.464789 0.836381 -0.290584 104 9.72072 28.1356 0.578824 0.774306 0.213875 -0.140253 1
-0.391828 -0.385311 1.5517 0.864627 0.499428 0.054705 0.200364 -0.242915 -0.949129 -0.460733 0.831604 -0.310098 104.356 11.5583 28.0518 0.572629 0.777438 0.225031 -0.130566 1
-0.399268 -0.37254 1.5593 0.879156 0.473032 0.0576629 0.191984 -0.240839 -0.951388 -0.436149 0.847489 -0.30255 104.206 11.0686 26.386 0.577877 0.778227 0.213632 -0.121586 0
-0.410473 -0.360099 1.56516 0.877561 0.471867 0.0850231 0.228773 -0.256243 -0.93915 -0.421367 0.843612 -0.33282 105.261 13.2248 25.6483 0.56756 0.785274 0.223056 -0.107078 0
-0.413983 -0.353995 1.56811 0.877803 0.473879 0.0700041 0.228978 -0.286733 -0.930244 -0.420751 0.8326 -0.360202 107.131 13.2369 25.6094 0.554722 0.794471 0.221171 -0.110371 1
-0.413411 -0.352534 1.56861 0.888924 0.455817 0.0452216 0.197808 -0.292955 -0.935441 -0.413142 0.840481 -0.350579 107.389 11.4088 24.9274 0.557985 0.795685 0.205366 -0.115599 1
-0.412767 -0.353034 1.56896 0.903343 0.425336 0.0553296 0.191684 -0.284931 -0.939187 -0.383705 0.859013 -0.338921 106.877 11.0511 23.0139 0.565573 0.794858 0.194066 -0.103281 1
-0.412733 -0.353458 1.57016 0.915918 0.395281 0.0696198 0.195313 -0.287416 -0.937681 -0.350638 0.872436 -0.340453 107.041 11.263 20.9482 0.567461 0.797463 0.185148 -0.0880975 1
-0.412629 -0.353355 1.56993 0.9276 0.367332 0.0680167 0.18581 -0.295708 -0.937033 -0.324089 0.88183 -0.342553 107.515 10.7083 19.2586 0.567745 0.800915 0.172659 -0.0799312 1
-0.412214 -0.352486 1.56482 0.949893 0.306569 0.0609825 0.157989 -0.302548 -0.939949 -0.26971 0.902486 -0.335822 107.842 9.09017 15.8512 0.572609 0.804404 0.14438 -0.0648701 1
-0.412596 -0.35308 1.56696 0.941942 0.329025 0.0669869 0.168231 -0.289794 -0.942188 -0.290591 0.898756 -0.328322 107.097 9.68498 17.1451 0.575288 0.800009 0.155391 -0.0698755 1
-0.413757 -0.352425 1.56543 0.952362 0.29893 0.0603891 0.15481 -0.303262 -0.940248 -0.262754 0.904805 -0.335093 107.876 8.90576 15.424 0.573151 0.804785 0.14095 -0.0628631 0
-0.412864 -0.352277 1.56553 0.944189 0.323649 0.061313 0.163916 -0.300177 -0.939694 -0.285726 0.897299 -0.336475 107.716 9.43425 16.8366 0.571738 0.80325 0.151747 -0.0698453 1
-0.412385 -0.352063 1.56446 0.937093 0.344252 0.0578628 0.168495 -0.30089 -0.938656 -0.305724 0.889357 -0.339966 107.773 9.70031 18.0688 0.569262 0.8028 0.159675 -0.0771864 1
-0.41362 -0.352269 1.56496 0.933665 0.354996 0.0474006 0.163979 -0.30606 -0.937783 -0.318402 0.883349 -0.34397 108.075 9.43795 18.8306 0.566488 0.803694 0.161434 -0.0842988 1
-0.412402 -0.35241 1.56614 0.925598 0.376025 0.0432796 0.168065 -0.305835 -0.937134 -0.339149 0.874683 -0.346277 108.074 9.67532 20.1234 0.564244 0.802762 0.169443 -0.0921411 0
-0.413175 -0.352567 1.56552 0.914656 0.401174 0.0496326 0.181284 -0.297344 -0.937402 -0.361303 0.866398 -0.344694 107.599 10.4445 21.5548 0.564052 0.799483 0.182136 -0.09746 1
-0.413197 -0.352199 1.56507 0.907528 0.418348 0.0371305 0.179103 -0.305528 -0.935187 -0.379889 0.855358 -0.352203 108.092 10.3175 22.7141 0.558972 0.800821 0.186512 -0.107002 0
-0.410713 -0.351381 1.56191 0.901936 0.426848 0.0656721 0.196782 -0.270826 -0.9423 -0.384433 0.862818 -0.328264 106.035 11.3488 23.0852 0.570711 0.790732 0.197168 -0.10078 0
-0.41072 -0.351093 1.56212 0.897245 0.434527 0.0783461 0.206272 -0.25563 -0.944513 -0.390389 0.86362 -0.318993 105.144 11.904 23.5137 0.575027 0.786109 0.203788 -0.0992366 0
-0.410329 -0.351421 1.56319 0.878274 0.472494 0.0733759 0.216909 -0.256939 -0.941771 -0.426128 0.843049 -0.328151 105.26 12.5275 25.8821 0.568591 0.784755 0.219623 -0.112376 1
-0.410455 -0.351912 1.56309 0.860444 0.504289 0.0730005 0.229262 -0.255205 -0.939313 -0.455055 0.824963 -0.335203 105.2 13.2536 27.8726 0.563479 0.78276 0.234283 -0.122022 0
-0.409747 -0.351703 1.56235 0.88003 0.469014 0.0746532 0.21806 -0.259403 -0.940829 -0.421897 0.844237 -0.330556 105.414 12.5951 25.6136 0.567906 0.78581 0.218588 -0.110473 1
-0.410239 -0.351521 1.56239 0.889273 0.450819 0.0771726 0.2161 -0.265429 -0.9396 -0.403106 0.852238 -0.333461 105.775 12.4801 24.3847 0.567975 0.788696 0.211399 -0.103314 0
-0.410685 -0.351353 1.56125 0.882601 0.463692 0.0774942 0.219685 -0.261058 -0.939993 -0.415636 0.846663 -0.332277 105.521 12.6906 25.2168 0.567729 0.786755 0.21715 -0.107448 0
-0.411192 -0.351899 1.56233 0.879562 0.472411 0.0565531 0.203788 -0.266656 -0.942001 -0.429931 0.840073 -0.330812 105.805 11.7586 26.0494 0.566148 0.786929 0.214822 -0.118619 1
-0.410873 -0.351583 1.56366 0.86678 0.494766 0.0624383 0.21894 -0.265055 -0.939048 -0.44806 0.827618 -0.338069 105.762 12.6468 27.3355 0.562062 0.785796 0.227065 -0.122685 0
-0.410166 -0.351557 1.56358 0.879594 0.47056 0.0699069 0.215069 -0.262262 -0.940725 -0.424334 0.842491 -0.331887 105.578 12.4196 25.7536 0.566887 0.786407 0.217963 -0.112673 1
-0.410737 -0.351804 1.56271 0.884607 0.460122 0.0758843 0.216659 -0.261412 -0.940597 -0.412953 0.848499 -0.330936 105.532 12.5129 25.0241 0.568388 0.786917 0.21501 -0.107085 0
-0.410823 -0.351957 1.56366 0.870964 0.484222 0.0833697 0.231138 -0.254047 -0.939167 -0.433586 0.837251 -0.333188 105.136 13.3641 26.4652 0.566509 0.783932 0.228132 -0.111686 0
-0.411018 -0.351667 1.56274 0.861463 0.501774 0.0781305 0.226916 -0.242714 -0.943186 -0.454303 0.830248 -0.32295 104.431 13.1155 27.8055 0.569166 0.778962 0.233866 -0.120729 1
-0.411082 -0.351378 1.56223 0.850233 0.520819 0.076497 0.228443 -0.234134 -0.944984 -0.474255 0.820932 -0.318046 103.916 13.2054 29.1525 0.569661 0.774986 0.241702 -0.128311 1
-0.410522 -0.351417 1.56205 0.828736 0.555594 0.0671708 0.240535 -0.245246 -0.939147 -0.505311 0.794462 -0.336884 104.635 13.9181 31.3722 0.558258 0.776348 0.25637 -0.14109 1
-0.411318 -0.351592 1.5625 0.864502 0.49864 0.063198 0.223047 -0.267912 -0.937269 -0.450428 0.824367 -0.342831 105.952 12.8881