-0.334473 -0.395765 1.45576 0.826359 0.561548 0.0423635 0.194461 -0.213945 -0.957294 -0.528503 0.799307 -0.285994 102.598 11.2132 32.6012 0.575851 0.76261 0.247836 -0.159367 0
-0.335374 -0.40331 1.4541 0.813918 0.579315 0.0439377 0.173037 -0.169526 -0.970216 -0.554613 0.797279 -0.238224 99.9113 9.96446 34.2709 0.59291 0.745263 0.252378 -0.171307 0
-0.335206 -0.413687 1.45419 0.789018 0.612983 0.0412679 0.178728 -0.16475 -0.970007 -0.587799 0.772728 -0.239548 99.6394 10.2957 36.6852 0.58837 0.740492 0.267292 -0.184516 0
-0.336657 -0.414581 1.45622 0.775008 0.631668 0.0189356 0.171615 -0.181532 -0.968294 -0.608203 0.753686 -0.249093 100.618 9.88176 38.1238 0.579738 0.742569 0.270441 -0.198388 0
-0.33571 -0.424107 1.45073 0.819694 0.566909 0.0819468 0.231119 -0.196435 -0.952889 -0.524104 0.800017 -0.29204 101.648 13.363 32.5945 0.576892 0.759633 0.262636 -0.145517 0
-0.334295 -0.42377 1.44732 0.795038 0.600845 0.0830682 0.242491 -0.189316 -0.951503 -0.555979 0.776624 -0.296213 101.253 14.0336 34.9655 0.572169 0.755077 0.279221 -0.156577 0
-0.334532 -0.423041 1.4473 0.799744 0.593775 0.0885477 0.245909 -0.18945 -0.950598 -0.547667 0.78201 -0.297526 101.271 14.2356 34.4034 0.57288 0.756095 0.277638 -0.151806 0
-0.333962 -0.421622 1.44596 0.798754 0.596284 0.0802343 0.235652 -0.187354 -0.953607 -0.553589 0.780605 -0.290166 101.115 13.6301 34.7245 0.574725 0.754366 0.275707 -0.156872 0
-0.333297 -0.420988 1.44278 0.778484 0.623357 0.0734056 0.227418 -0.171124 -0.958644 -0.585016 0.762983 -0.27498 100.121 13.1451 36.9241 0.577144 0.745753 0.285207 -0.171508 0
-0.331498 -0.420048 1.43547 0.726634 0.683214 0.072261 0.244402 -0.15876 -0.956589 -0.642083 0.712751 -0.28234 99.4232 14.1465 41.4651 0.566907 0.736161 0.315018 -0.193511 0
-0.342654 -0.432921 1.48712 0.662492 0.748902 -0.0158 0.146373 -0.150113 -0.977773 -0.734628 0.645455 -0.209068 98.7282 8.41682 47.9557 0.570813 0.710928 0.314826 -0.26389 0
-0.343221 -0.433903 1.49092 0.64914 0.760465 -0.0176324 0.146357 -0.147611 -0.978157 -0.746457 0.63238 -0.207119 98.5816 8.41584 48.9889 0.56886 0.707791 0.3203 -0.269885 0
-0.34384 -0.434549 1.49312 0.632091 0.774677 -0.0183214 0.135579 -0.133841 -0.981685 -0.762941 0.61803 -0.18963 97.7638 7.79208 50.3585 0.571975 0.699207 0.32546 -0.279339 0
-0.342282 -0.434454 1.48889 0.63305 0.773827 -0.0209593 0.0836052 -0.0952624 -0.991935 -0.769583 0.626193 -0.125002 95.4857 4.79582 50.5596 0.594303 0.680683 0.314916 -0.290349 0
-0.341746 -0.433334 1.48462 0.62907 0.776918 -0.0258779 0.039997 -0.0655954 -0.997044 -0.776319 0.626176 -0.0723385 93.7641 2.29227 50.9813 0.61056 0.664644 0.307276 -0.30174 0
-0.34269 -0.433102 1.48576 0.630484 0.7757 -0.0279145 0.0160099 -0.0489512 -0.998673 -0.776037 0.629201 -0.0432818 92.8062 0.917337 50.9082 0.620131 0.656262 0.301598 -0.306262 0
-0.345547 -0.427086 1.50382 0.640477 0.747891 -0.174495 -0.223252 -0.0360835 -0.974093 -0.734812 0.66284 0.143858 92.1215 -12.9001 48.9239 0.661107 0.619012 0.211886 -0.367241 0
-0.347112 -0.426616 1.50553 0.624298 0.760451 -0.178792 -0.268855 -0.00573335 -0.963163 -0.733464 0.64937 0.200872 90.3411 -15.5962 49.5968 0.674432 0.597737 0.205607 -0.381545 0
-0.35405 -0.421925 1.51532 0.698033 0.677923 -0.230587 -0.360043 0.0539276 -0.931376 -0.618966 0.733153 0.281725 86.6862 -21.1029 41.5643 0.713037 0.583605 0.13617 -0.363924 0
-0.36102 -0.415342 1.52124 0.713684 0.669431 -0.206197 -0.427996 0.183719 -0.884911 -0.554505 0.719798 0.417631 78.2713 -25.3404 37.8458 0.760762 0.527336 0.11446 -0.360634 0
-0.370833 -0.413216 1.52426 0.725743 0.66117 -0.190135 -0.47417 0.280482 -0.834561 -0.498457 0.695833 0.517065 71.4234 -28.3053 34.4822 0.794243 0.481715 0.0970492 -0.357365 0
-0.378129 -0.409038 1.53178 0.731773 0.671633 -0.115829 -0.491113 0.401795 -0.772896 -0.472563 0.62247 0.623871 62.532 -29.4137 32.8535 0.830277 0.420151 0.107414 -0.350108 0
-0.382391 -0.399719 1.53247 0.747279 0.65776 -0.0944798 -0.520036 0.490356 -0.699366 -0.413686 0.571755 0.708492 54.964 -31.3347 28.9685 0.858214 0.370281 0.0929856 -0.343095 0
-0.388011 -0.390614 1.54004 0.739598 0.660177 -0.130999 -0.595012 0.550372 -0.585706 -0.314571 0.511133 0.799868 46.7814 -36.5135 23.0414 0.878897 0.311993 0.0522167 -0.357036 0
-0.39391 -0.377695 1.54077 0.718452 0.683132 -0.130987 -0.637763 0.571786 -0.51606 -0.27764 0.454303 0.846478 42.0675 -39.6252 21.1286 0.885539 0.273947 0.0414022 -0.372907 0
-0.395591 -0.375206 1.54044 0.704275 0.689826 -0.167741 -0.674988 0.577442 -0.459296 -0.219973 0.436694 0.872302 38.4986 -42.4532 17.3457 0.887978 0.252255 0.0147054 -0.384248 0
-0.395298 -0.373944 1.5416 0.697364 0.682376 -0.219194 -0.69852 0.578615 -0.421039 -0.160478 0.446729 0.880159 36.0421 -44.3084 12.9593 0.888276 0.244228 -0.0165254 -0.388645 0
-0.397675 -0.36545 1.54548 0.660183 0.692485 -0.290901 -0.742258 0.542221 -0.393764 -0.114943 0.47588 0.871967 35.9874 -47.9241 9.87665 0.876694 0.247989 -0.0501765 -0.409134 0
-0.396389 -0.363669 1.54515 0.61663 0.689099 -0.38067 -0.785014 0.501769 -0.363293 -0.0593369 0.522849 0.850358 35.9055 -51.7219 5.49651 0.861504 0.25715 -0.0932477 -0.427773 0
-0.394247 -0.365543 1.544 0.574451 0.685934 -0.446655 -0.818336 0.469107 -0.332063 -0.0182441 0.556268 0.830803 35.2932 -54.9185 1.81906 0.847697 0.261984 -0.126346 -0.443634 0
-0.395005 -0.364662 1.54317 0.53845 0.65302 -0.532576 -0.841279 0.452735 -0.295434 0.0481915 0.607121 0.793147 33.1266 -57.2754 -5.11437 0.834316 0.270447 -0.174025 -0.447762 0
-0.392706 -0.365646 1.54187 0.519038 0.594326 -0.614309 -0.851634 0.420905 -0.312343 0.0729323 0.685285 0.724614 36.5782 -58.3898 -7.99851 0.816174 0.305581 -0.210507 -0.442908 0
-0.391475 -0.366782 1.54215 0.505288 0.579145 -0.639746 -0.861166 0.386058 -0.330684 0.0554647 0.718019 0.69381 40.5823 -59.4478 -6.26419 0.803921 0.326121 -0.216194 -0.447902 0
-0.393405 -0.365376 1.5413 0.491161 0.595783 -0.635455 -0.870141 0.369235 -0.326373 0.0401849 0.713238 0.699769 41.474 -60.4751 -4.6773 0.800026 0.324868 -0.211131 -0.458087 0
-0.39491 -0.360962 1.54018 0.457458 0.636317 -0.621155 -0.888747 0.350222 -0.295758 0.0293461 0.687346 0.725737 40.1807 -62.7162 -3.67052 0.795835 0.308828 -0.204345 -0.479076 0
-0.393905 -0.362298 1.54224 0.477751 0.610376 -0.631819 -0.875668 0.388524 -0.2868 0.0704212 0.690282 0.720105 36.4339 -61.1242 -8.3851 0.804111 0.303777 -0.218328 -0.462015 0
-0.392242 -0.364783 1.53993 0.478856 0.578633 -0.660213 -0.873027 0.392946 -0.28882 0.0923074 0.714686 0.693327 36.3163 -60.8123 -10.9109 0.800801 0.313282 -0.234927 -0.45319 0
-0.391142 -0.365708 1.54101 0.508481 0.548709 -0.6636 -0.85427 0.418148 -0.308828 0.108026 0.723927 0.681366 36.4482 -58.6792 -11.9941 0.807464 0.319753 -0.238904 -0.434378 0
-0.393349 -0.360572 1.5418 0.507319 0.567059 -0.648901 -0.848233 0.461474 -0.259889 0.152079 0.682266 0.715112 29.3869 -58.02 -16.6871 0.819131 0.287547 -0.24446 -0.431949 0
-0.396197 -0.360976 1.54279 0.520941 0.571879 -0.633699 -0.84113 0.470316 -0.267028 0.145331 0.672129 0.726031 29.5863 -57.2596 -15.5879 0.82421 0.284866 -0.236296 -0.428595 0
-0.396979 -0.360191 1.5397 0.498757 0.575326 -0.648261 -0.852489 0.460699 -0.247019 0.156537 0.675838 0.720235 28.1995 -58.4835 -17.4247 0.818488 0.281879 -0.245818 -0.436114 0
-0.397387 -0.363039 1.54097 0.539828 0.602743 -0.58761 -0.835509 0.46868 -0.286817 0.102524 0.645785 0.756604 31.4653 -56.6688 -10.7536 0.831431 0.280421 -0.207514 -0.432463 0
-0.396804 -0.364454 1.54007 0.576827 0.591119 -0.563781 -0.812557 0.486015 -0.321778 0.083797 0.643714 0.760664 33.5075 -54.3465 -8.26566 0.840165 0.287292 -0.192694 -0.417679 0
-0.397396 -0.365139 1.5396 0.5424 0.629985 -0.555806 -0.83903 0.4399 -0.320182 0.0427892 0.640005 0.767178 36.0491 -57.0378 -4.51064 0.829078 0.289535 -0.1805 -0.442967 0
-0.396605 -0.36419 1.53947 0.511371 0.675975 -0.53062 -0.859156 0.415595 -0.298548 0.018712 0.608554 0.793292 35.6921 -59.222 -2.09562 0.82466 0.274993 -0.166533 -0.465383 0
-0.394761 -0.365582 1.53809 0.575508 0.638403 -0.511109 -0.817793 0.447584 -0.361777 -0.00219481 0.626187 0.77967 38.9482 -54.8645 0.218507 0.837073 0.295065 -0.151992 -0.434907 0
-0.395121 -0.363465 1.54054 0.354766 0.757518 -0.548004 -0.931195 0.233767 -0.279694 -0.083768 0.609524 0.788329 50.1113 -68.6219 13.2855 0.770854 0.288387 -0.150559 -0.547676 0
-0.395884 -0.360585 1.54005 0.225882 0.795771 -0.561895 -0.957377 0.0747505 -0.279003 -0.18002 0.600967 0.778737 75.0015 -73.2113 38.5536 0.721001 0.305121 -0.132411 -0.607887 0
-0.395638 -0.359327 1.53991 0.188715 0.794564 -0.577108 -0.95791 0.0194894 -0.286405 -0.21632 0.606867 0.764799 86.1071 -73.3175 48.8989 0.702318 0.317973 -0.128428 -0.623818 0
-0.401906 -0.347499 1.5409 0.181091 0.84223 -0.507793 -0.951575 0.0196338 -0.30679 -0.248418 0.53876 0.805001 86.3382 -72.0963 53.9087 0.708118 0.29852 -0.091572 -0.6333 1
-0.403542 -0.32968 1.53827 0.26979 0.821905 -0.501682 -0.924521 0.0754381 -0.37359 -0.26921 0.564607 0.780221 78.5839 -67.5963 44.9383 0.728946 0.321765 -0.0797288 -0.598956 1
-0.408248 -0.313049 1.53895 0.297877 0.844559 -0.444961 -0.907657 0.106199 -0.406055 -0.295683 0.524826 0.798204 75.3433 -65.1835 44.7883 0.742004 0.313637 -0.0502955 -0.590366 1
-0.408638 -0.293837 1.54784 0.311108 0.871386 -0.37934 -0.889858 0.12693 -0.438226 -0.333714 0.473894 0.814898 73.8465 -62.8554 47.0078 0.750489 0.303842 -0.0151989 -0.586698 1
-0.407952 -0.272542 1.5537 0.335848 0.884519 -0.323778 -0.875893 0.166847 -0.45274 -0.346435 0.435647 0.83078 69.7697 -61.1509 45.889 0.763786 0.290784 0.0074161 -0.576213 1
-0.394743 -0.257397 1.56146 0.423395 0.855797 -0.297235 -0.850373 0.262282 -0.456151 -0.312413 0.445893 0.838795 60.1016 -58.2523 36.4227 0.794429 0.283865 0.00477643 -0.536917 1
-0.385328 -0.237189 1.568 0.509323 0.821101 -0.25765 -0.812734 0.36051 -0.457708 -0.282939 0.442522 0.850952 51.7746 -54.3639 29.0531 0.82474 0.272883 0.00766563 -0.495257 1
-0.377194 -0.217446 1.57493 0.583529 0.771496 -0.253549 -0.780676 0.446911 -0.436825 -0.223695 0.45284 0.863074 44.3461 -51.3225 20.9742 0.850517 0.261507 -0.0087755 -0.456244 1
-0.36552 -0.195843 1.58433 0.577722 0.79328 -0.192211 -0.78579 0.476819 -0.393927 -0.220844 0.378617 0.89882 39.562 -51.7938 20.9202 0.859267 0.224768 0.00833075 -0.459423 1
-0.349394 -0.175301 1.58946 0.593883 0.780958 -0.193409 -0.786469 0.512832 -0.344195 -0.169616 0.356522 0.918762 33.8682 -51.8567 15.9396 0.869695 0.201426 -0.00683934 -0.450568 1
-0.334493 -0.156185 1.59681 0.605992 0.77613 -0.174342 -0.785433 0.549091 -0.285647 -0.12597 0.310034 0.942343 27.4843 -51.7608 11.743 0.879975 0.169232 -0.0137426 -0.443638 1
-0.315868 -0.141003 1.60233 0.610264 0.772716 -0.174607 -0.791684 0.586932 -0.169553 -0.0285337 0.241706 0.96993 16.113 -52.3431 2.67699 0.889821 0.115545 -0.0410401 -0.439526 1
-0.303778 -0.129667 1.60956 0.611702 0.773642 -0.165226 -0.791075 0.596985 -0.133449 -0.00460447 0.212337 0.977186 12.6007 -52.2861 0.431275 0.892451 0.0968644 -0.0449945 -0.43832 1
-0.295895 -0.118626 1.61423 0.602047 0.771148 -0.207054 -0.798082 0.589165 -0.126292 0.0245995 0.24128 0.970144 12.0987 -52.9473 -2.33979 0.88901 0.103365 -0.0651437 -0.441286 1
-0.286408 -0.10727 1.61878 0.597062 0.769211 -0.227666 -0.799812 0.592671 -0.0950903 0.0617864 0.238865 0.969085 9.11506 -53.1121 -5.90817 0.888653 0.0939497 -0.08143 -0.441405 1
-0.276478 -0.0955169 1.62023 0.572091 0.783662 -0.242045 -0.816677 0.571555 -0.0797663 0.075832 0.243306 0.966981 7.94489 -54.7536 -7.55068 0.881848 0.0915895 -0.0901166 -0.453689 1
-0.270195 -0.0845138 1.62287 0.574353 0.783213 -0.23811 -0.81411 0.57695 -0.0659851 0.0856974 0.231747 0.968994 6.5245 -54.4994 -8.48631 0.883218 0.0842747 -0.0916556 -0.452131 1
-0.276896 -0.0729677 1.62195 0.549933 0.795554 -0.2543 -0.828125 0.558951 -0.0422213 0.108552 0.233811 0.966203 4.31973 -55.9066 -11.1661 0.876796 0.0787048 -0.10346 -0.462958 1
-0.277667 -0.0617576 1.62504 0.547115 0.796183 -0.258374 -0.827998 0.560057 -0.0274881 0.122819 0.228972 0.965654 2.80987 -55.8936 -12.6523 0.876474 0.0731512 -0.108729 -0.463271 1
-0.277332 -0.0519334 1.62863 0.537289 0.808045 -0.241629 -0.839205 0.540742 -0.0577418 0.0840007 0.2338 0.968649 6.0951 -57.0562 -8.88578 0.872737 0.0835136 -0.0932781 -0.471863 1
-0.277913 -0.0409231 1.63438 0.526872 0.822349 -0.214822 -0.848435 0.523915 -0.0753027 0.0506231 0.221937 0.973746 8.17915 -58.0419 -5.48827 0.869559 0.085457 -0.0763159 -0.480354 1
-0.276471 -0.0320558 1.63743 0.531588 0.830223 -0.16776 -0.847003 0.521207 -0.104548 0.000639883 0.197669 0.980269 11.3423 -57.8871 -0.068968 0.870785 0.0867657 -0.0483472 -0.481527 0
-0.276205 -0.0318556 1.6372 0.483637 0.86265 -0.14809 -0.87441 0.468705 -0.125388 -0.0387553 0.190133 0.980993 14.977 -60.9753 4.5815 0.856349 0.0921123 -0.0319188 -0.507112 1
-0.275807 -0.0323994 1.63419 0.437583 0.883258 -0.168454 -0.897861 0.419072 -0.134995 -0.0486407 0.21032 0.976422 17.8552 -63.8784 6.34283 0.841587 0.102578 -0.0355915 -0.529095 1
-0.276491 -0.032075 1.63565 0.406343 0.895635 -0.180895 -0.912804 0.389034 -0.124266 -0.0409226 0.215617 0.97562 17.7146 -65.8957 5.75083 0.832316 0.102089 -0.0420432 -0.543195 0
-0.276456 -0.032099 1.63621 0.389905 0.904561 -0.172461 -0.919198 0.371088 -0.131789 -0.055213 0.209911 0.97616 19.5521 -66.8091 8.05985 0.827217 0.103268 -0.0354343 -0.551173 1
-0.276661 -0.0323662 1.63654 0.385656 0.906198 -0.17342 -0.920596 0.365432 -0.137702 -0.0614125 0.212756 0.975174 20.6475 -67.0134 9.0479 0.82557 0.106126 -0.0339183 -0.553192 1
-0.276702 -0.0322992 1.63708 0.385769 0.908425 -0.161081 -0.920726 0.367966 -0.12986 -0.0586962 0.198407 0.978361 19.4386 -67.0325 8.65141 0.826453 0.0993002 -0.030971 -0.553314 1
-0.275835 -0.0318543 1.63693 0.385773 0.91001 -0.15186 -0.920589 0.368841 -0.12834 -0.0607781 0.189311 0.980034 19.1855 -67.0124 8.95329 0.826839 0.0960437 -0.0275392 -0.553493 1
-0.276326 -0.0314064 1.63711 0.38137 0.91095 -0.157251 -0.92348 0.36775 -0.10929 -0.0417286 0.186898 0.981493 16.5512 -67.4403 6.24432 0.826228 0.0896203 -0.0349546 -0.555061 1
-0.277013 -0.0315407 1.63622 0.379041 0.906954 -0.183744 -0.924683 0.363512 -0.113223 -0.0358948 0.212821 0.976432 17.3002 -67.6207 5.40973 0.824467 0.0988652 -0.0448318 -0.5554 1
-0.277126 -0.0316291 1.63629 0.400589 0.895935 -0.19191 -0.915712 0.384247 -0.11758 -0.0316036 0.222836 0.974344 17.0142 -66.3071 4.51089 0.830539 0.102468 -0.0482536 -0.545323 1
-0.277298 -0.0321672 1.63732 0.401143 0.896898 -0.186166 -0.91509 0.383243 -0.125441 -0.0411606 0.220678 0.974478 18.124 -66.2185 5.85851 0.830491 0.104191 -0.0436505 -0.545457 1
-0.277762 -0.0319244 1.63736 0.393209 0.899171 -0.192037 -0.918664 0.375581 -0.122453 -0.0379804 0.224567 0.973718 18.0578 -66.7316 5.51713 0.828026 0.104773 -0.0465133 -0.548846 1
-0.276844 -0.0322447 1.63617 0.391759 0.900828 -0.187174 -0.91878 0.372267 -0.131382 -0.0486742 0.223442 0.973501 19.4392 -66.7483 7.08244 0.827274 0.107227 -0.0418543 -0.549881 1
-0.276959 -0.0321196 1.63573 0.412177 0.89243 -0.183518 -0.9103 0.394915 -0.12408 -0.0382586 0.218199 0.975154 17.4424 -65.5468 5.30304 0.834003 0.102601 -0.0435427 -0.540384 1
-0.276514 -0.0322611 1.63493 0.402957 0.898214 -0.175602 -0.913944 0.384794 -0.128999 -0.0482978 0.212472 0.975973 18.5333 -66.0561 6.83478 0.831223 0.102701 -0.0382883 -0.545028 0
-0.276419 -0.0321084 1.63552 0.401558 0.89894 -0.175097 -0.914472 0.383142 -0.130168 -0.0499259 0.212391 0.975908 18.7646 -66.1308 7.08725 0.830754 0.103087 -0.0376679 -0.545713 0
-0.276087 -0.0321359 1.63433 0.411616 0.894919 -0.172313 -0.909859 0.392689 -0.133989 -0.0522436 0.211932 0.975887 18.8401 -65.4858 7.23348 0.833695 0.103731 -0.0360051 -0.541198 0
-0.278678 -0.0335518 1.63344 0.493251 0.832859 -0.251098 -0.869116 0.459681 -0.182569 -0.0366295 0.308285 0.950588 21.6612 -60.356 4.24707 0.851986 0.144032 -0.0629318 -0.499414 0
-0.279222 -0.0338751 1.63404 0.537836 0.803694 -0.254575 -0.842651 0.503199 -0.191653 -0.0259287 0.317595 0.947872 20.8503 -57.4211 2.76005 0.864423 0.14728 -0.0661268 -0.47614 0
-0.279241 -0.0341612 1.63419 0.548113 0.797146 -0.25324 -0.835873 0.511262 -0.199819 -0.0298127 0.321199 0.946542 21.3472 -56.7068 3.11333 0.866879 0.150257 -0.0644343 -0.470948 0
-0.278865 -0.0341789 1.63435 0.603827 0.757069 -0.249478 -0.797084 0.570706 -0.19736 -0.00703686 0.318026 0.948056 19.0763 -52.8526 0.667681 0.883543 0.14583 -0.0685991 -0.439751 0
-0.277968 -0.0345825 1.63384 0.638882 0.733395 -0.232296 -0.76898