-0.336051 -0.386508 1.45691 0.839114 0.542515 0.0395695 0.187814 -0.220687 -0.957091 -0.510503 0.81054 -0.287074 102.984 10.8253 31.3157 0.576921 0.765976 0.238366 -0.153704 0
-0.337407 -0.377571 1.45985 0.840799 0.53922 0.0479328 0.17786 -0.191533 -0.965236 -0.511294 0.820095 -0.256947 101.223 10.2452 31.304 0.589983 0.756518 0.236967 -0.153123 0
-0.337846 -0.367821 1.46389 0.842205 0.537541 0.0417169 0.165542 -0.184177 -0.968852 -0.513115 0.822878 -0.244101 100.763 9.52872 31.3519 0.594543 0.753406 0.233302 -0.156422 0
-0.338107 -0.358922 1.46986 0.842928 0.536779 0.0366137 0.151797 -0.171982 -0.973334 -0.516169 0.826009 -0.22645 100.02 8.73107 31.4813 0.600936 0.748559 0.229967 -0.16016 0
-0.338094 -0.351039 1.47743 0.846278 0.531749 0.0324929 0.144433 -0.170302 -0.974749 -0.512788 0.829602 -0.220925 99.9103 8.30444 31.2131 0.603128 0.747915 0.226022 -0.160545 0
-0.325011 -0.347492 1.48418 0.841106 0.540667 0.0147864 0.131379 -0.177713 -0.975273 -0.524671 0.822251 -0.220508 100.327 7.54932 31.9553 0.600601 0.748219 0.224549 -0.170366 0
-0.310453 -0.350357 1.47869 0.801436 0.597775 0.0190985 0.152767 -0.173731 -0.972872 -0.578241 0.782612 -0.230555 100.125 8.78729 35.8107 0.591006 0.742584 0.252679 -0.188242 0
-0.301259 -0.351594 1.48107 0.785271 0.618533 0.0276845 0.164446 -0.165251 -0.972445 -0.596914 0.768186 -0.231482 99.6443 9.46506 37.2398 0.589181 0.73858 0.265028 -0.192677 0
-0.305792 -0.351569 1.47895 0.778438 0.627714 0.00307969 0.138008 -0.166356 -0.97636 -0.612362 0.760461 -0.216128 99.6694 7.93262 38.1905 0.590753 0.735004 0.260448 -0.207238 0
-0.302195 -0.352454 1.48306 0.745149 0.666376 0.026365 0.167406 -0.148635 -0.974619 -0.645545 0.730651 -0.22231 98.6711 9.63703 40.9033 0.586132 0.72734 0.286586 -0.212823 0
-0.301869 -0.35313 1.48693 0.726303 0.686877 0.026169 0.173305 -0.146146 -0.973964 -0.665169 0.711928 -0.225186 98.5337 9.98005 42.4843 0.582016 0.724161 0.296958 -0.2206 0
-0.302338 -0.354597 1.49377 0.735999 0.676576 0.0234606 0.167134 -0.148012 -0.974761 -0.656028 0.721344 -0.222016 98.6341 9.62121 41.712 0.584374 0.725608 0.290691 -0.217944 0
-0.303827 -0.355487 1.4978 0.713659 0.700031 0.0254529 0.171327 -0.139199 -0.975331 -0.679219 0.700415 -0.219275 98.1224 9.86497 43.5836 0.582062 0.719745 0.302662 -0.227082 0
-0.306399 -0.353395 1.50767 0.708587 0.705122 0.0265859 0.185386 -0.149679 -0.971199 -0.680835 0.693108 -0.236781 98.7614 10.6836 43.8557 0.574919 0.723714 0.307618 -0.226004 0
-0.307442 -0.354355 1.51072 0.692554 0.720938 0.0248558 0.185051 -0.14425 -0.972084 -0.697227 0.67782 -0.233311 98.4407 10.6641 45.1927 0.573366 0.719395 0.314844 -0.233659 0
-0.309321 -0.354164 1.51711 0.686493 0.726036 0.0399754 0.193634 -0.129543 -0.972484 -0.70088 0.675344 -0.229516 97.5876 11.1649 45.5941 0.576072 0.715114 0.321512 -0.231049 0
-0.310195 -0.351103 1.52244 0.684381 0.727672 0.0460067 0.191486 -0.118494 -0.974316 -0.703531 0.675613 -0.220434 96.9341 11.0395 45.7905 0.579968 0.711215 0.323094 -0.231127 0
-0.317974 -0.356014 1.53746 0.655399 0.754499 0.0343926 0.198908 -0.128495 -0.971558 -0.728621 0.643599 -0.234291 97.534 11.4731 48.0284 0.568466 0.710314 0.335558 -0.244338 0
-0.312312 -0.335672 1.56297 0.62162 0.782021 0.0450669 0.207136 -0.10862 -0.972263 -0.755436 0.613713 -0.229505 96.3746 11.9546 50.5503 0.566457 0.699955 0.353294 -0.25372 0
-0.314624 -0.336826 1.5709 0.610468 0.791836 0.0180004 0.203665 -0.134972 -0.969692 -0.765408 0.595632 -0.243666 97.9241 11.7514 51.4251 0.554939 0.705178 0.352925 -0.264971 0
-0.316341 -0.338614 1.57867 0.578365 0.815751 0.00661115 0.200577 -0.134344 -0.970423 -0.790736 0.562585 -0.241321 97.8819 11.5707 53.8173 0.548338 0.698933 0.363529 -0.280472 0
-0.317565 -0.339772 1.58539 0.55618 0.83106 0.00192509 0.195725 -0.128736 -0.972172 -0.807685 0.54108 -0.23426 97.5433 11.2871 55.4483 0.546165 0.692672 0.370589 -0.290816 0
-0.318816 -0.340703 1.59341 0.535122 0.844775 -0.000347582 0.18271 -0.116139 -0.976283 -0.82478 0.522367 -0.216497 96.784 10.5276 57.0243 0.54829 0.68333 0.375911 -0.301878 0
-0.320717 -0.343162 1.60479 0.511791 0.858972 0.0153879 0.190173 -0.0958054 -0.977065 -0.837797 0.50298 -0.212386 95.6002 10.9629 58.5802 0.548543 0.674534 0.388841 -0.304807 0
-0.322799 -0.345544 1.6153 0.460389 0.887344 0.0257514 0.198293 -0.0745203 -0.977306 -0.865287 0.455047 -0.210263 94.3604 11.4372 61.9841 0.542127 0.660525 0.410899 -0.317753 0
-0.325009 -0.34828 1.62697 0.453151 0.890882 0.0313517 0.208205 -0.071576 -0.975463 -0.866778 0.44856 -0.217921 94.1966 12.0172 62.3995 0.539364 0.660047 0.416291 -0.316427 0
-0.335184 -0.347181 1.62388 0.278929 0.958379 0.060892 0.189579 0.0072071 -0.981839 -0.941413 0.285407 -0.179678 89.5794 10.9282 73.4961 0.525941 0.60237 0.476434 -0.36544 0
-0.337358 -0.349489 1.62886 0.203505 0.978203 0.0412814 0.191938 0.00148597 -0.981406 -0.960076 0.207644 -0.187452 89.9132 11.0659 78.0323 0.504366 0.589379 0.496345 -0.38973 0
-0.338794 -0.358279 1.63421 0.151036 0.988375 0.0174269 0.176949 -0.0096872 -0.984172 -0.972562 0.151729 -0.176355 90.5639 10.1921 81.1726 0.491171 0.57816 0.503893 -0.413006 0
-0.338803 -0.362728 1.6398 0.114859 0.993324 0.0107561 0.175776 -0.00966596 -0.984383 -0.977707 0.114956 -0.175713 90.5626 10.1238 83.2997 0.482048 0.57014 0.512637 -0.423997 0
-0.340018 -0.364619 1.64596 0.0830872 0.996273 0.0231683 0.201268 0.00599329 -0.979518 -0.976006 0.0860485 -0.20002 89.6494 11.6111 85.1342 0.47145 0.565047 0.529841 -0.421574 0
-0.341125 -0.364566 1.6511 0.0660806 0.9973 0.0320391 0.218472 0.0168692 -0.975697 -0.973603 0.0714744 -0.216768 89.0095 12.6193 86.1172 0.465345 0.562579 0.540268 -0.418414 0
-0.342213 -0.365903 1.65597 0.0590266 0.997601 0.0361612 0.231096 0.0215846 -0.972692 -0.971139 0.0657714 -0.229267 88.7288 13.3616 86.5218 0.461341 0.562741 0.545854 -0.415368 0
-0.343645 -0.367277 1.66271 0.0395759 0.998559 0.036236 0.22903 0.0262338 -0.973066 -0.972615 0.0468091 -0.227661 88.4557 13.2399 87.6699 0.457752 0.557002 0.550981 -0.420276 0
-0.345781 -0.369156 1.67277 0.0184623 0.999253 0.0339601 0.215037 0.0292026 -0.976169 -0.976431 0.025325 -0.214337 88.2865 12.4177 88.9168 0.456434 0.548543 0.553416 -0.429534 0
-0.347468 -0.371371 1.68244 -0.0303799 0.999182 0.026709 0.201158 0.0322864 -0.979027 -0.979088 -0.02437 -0.201974 88.1112 11.6047 91.7772 0.447195 0.533692 0.562281 -0.446128 0
-0.349685 -0.373582 1.69189 -0.0382051 0.998839 0.0293284 0.210466 0.0367347 -0.976911 -0.976854 -0.0311504 -0.211625 87.8465 12.1496 92.2397 0.443538 0.533077 0.567134 -0.444366 0
-0.352264 -0.376776 1.70497 -0.0640871 0.997182 0.0389974 0.211464 0.05176 -0.976014 -0.975283 -0.0543034 -0.214185 86.9643 12.2081 93.7596 0.439741 0.524008 0.576635 -0.446694 0
-0.35354 -0.378706 1.71066 -0.11953 0.992357 0.030646 0.202907 0.0546327 -0.977673 -0.971875 -0.110643 -0.207886 86.8016 11.707 97.0115 0.426385 0.508361 0.587803 -0.462874 0
-0.352832 -0.393071 1.70771 -0.0714305 0.996466 0.044205 0.209933 0.0583448 -0.975973 -0.975103 -0.0604342 -0.213359 86.5789 12.1184 94.1897 0.43976 0.520477 0.579468 -0.447137 0
-0.35393 -0.401054 1.71071 -0.0672203 0.997089 0.0359844 0.208469 0.0493059 -0.976785 -0.975716 -0.0581581 -0.211176 87.1103 12.0326 93.9411 0.439007 0.523128 0.57613 -0.449093 0
-0.359137 -0.402182 1.72552 -0.099479 0.994744 0.0242559 0.212343 0.045038 -0.976157 -0.972118 -0.0919565 -0.215707 87.3584 12.2597 95.8429 0.427157 0.517492 0.583143 -0.457912 0
-0.3627 -0.404262 1.7377 -0.0829668 0.995616 0.0431785 0.20763 0.0596468 -0.976387 -0.974683 -0.0720425 -0.211668 86.5042 11.9835 94.8654 0.437325 0.516976 0.581868 -0.450459 0
-0.369028 -0.40802 1.7555 -0.0785452 0.991912 0.0997046 0.228279 0.115252 -0.96675 -0.970422 -0.0531731 -0.235485 83.2015 13.1958 94.6274 0.447555 0.510316 0.597763 -0.426558 0
-0.371966 -0.41109 1.76581 -0.0648335 0.996569 0.0514473 0.256212 0.0664515 -0.964334 -0.964444 -0.0493398 -0.259641 86.058 14.8454 93.8458 0.43069 0.53112 0.589688 -0.42975 0
-0.375428 -0.41129 1.77483 -0.0396219 0.99912 0.0137448 0.249571 0.023215 -0.968078 -0.967545 -0.0349268 -0.250272 88.6263 14.4521 92.345 0.428171 0.544847 0.572955 -0.437646 0
-0.397331 -0.41996 1.8022 -0.0870002 0.947781 0.306826 0.180804 0.317901 -0.930725 -0.979664 -0.0254979 -0.19902 71.1418 10.4166 95.0749 0.507908 0.445567 0.63323 -0.377518 0
-0.413056 -0.424066 1.80964 -0.0785448 0.92186 0.379479 0.18333 0.38752 -0.903448 -0.979908 -0.00139106 -0.199443 66.7838 10.5638 94.5828 0.526672 0.428187 0.645273 -0.350565 0
-0.426368 -0.424689 1.80516 -0.0592054 0.915933 0.396939 0.154543 0.401253 -0.902836 -0.986211 0.00789125 -0.165307 66.0379 8.89027 93.4355 0.542388 0.419776 0.637528 -0.350944 0
-0.440919 -0.4262 1.79705 -0.0766584 0.905357 0.417674 0.135291 0.424478 -0.895274 -0.987836 -0.0121227 -0.155026 64.6329 7.77545 94.4374 0.546075 0.404317 0.64346 -0.352546 0
-0.444519 -0.419609 1.79111 -0.0330276 0.899316 0.43605 0.0768669 0.437282 -0.896034 -0.996494 0.00392398 -0.08357 63.9867 4.4085 91.8983 0.574605 0.391555 0.623273 -0.357832 0
-0.44432 -0.415806 1.78802 -0.0485438 0.891529 0.450354 0.069852 0.452812 -0.888866 -0.996376 -0.0116908 -0.0842564 63.0045 4.00549 92.7893 0.574459 0.38174 0.629605 -0.357588 0
-0.444902 -0.413635 1.78767 -0.014508 0.920072 0.39148 0.0511706 0.391691 -0.918673 -0.998585 0.00670418 -0.0527633 66.9082 2.93314 90.8324 0.575417 0.402046 0.603938 -0.377509 0
-0.446305 -0.413771 1.78994 -0.0421346 0.90922 0.414178 0.0822985 0.416296 -0.905497 -0.995717 -0.0040665 -0.0923679 65.3097 4.72069 92.4231 0.566082 0.398101 0.622655 -0.365195 0
-0.447747 -0.412075 1.78628 0.0293663 0.969669 0.242653 0.0535846 0.240882 -0.969074 -0.998131 0.0414605 -0.0448855 76.041 3.07164 88.3148 0.55348 0.456446 0.560446 -0.413783 0
-0.443905 -0.411651 1.78993 0.0239759 0.982582 0.184275 0.0823834 0.181759 -0.979886 -0.996312 0.0386749 -0.0765907 79.4916 4.72558 88.6215 0.531306 0.479272 0.555512 -0.423578 0
-0.445021 -0.411167 1.78912 0.0135908 0.989516 0.143784 0.0858299 0.142112 -0.986122 -0.996217 0.0257432 -0.0829986 81.7995 4.92375 89.2184 0.517857 0.488487 0.550345 -0.436262 0
-0.447426 -0.413298 1.78846 0.0126851 0.996652 0.0807757 0.148674 0.0780044 -0.985805 -0.988805 0.0245142 -0.147187 85.4757 8.55008 89.265 0.48567 0.520064 0.550569 -0.436499 0
-0.446717 -0.411305 1.7863 0.0345882 0.999387 0.00537095 0.137262 0.000572809 -0.990535 -0.989931 0.0349981 -0.137158 89.9669 7.88946 87.9989 0.473815 0.541104 0.525153 -0.454885 0
-0.446503 -0.411095 1.78612 0.0817623 0.99665 0.001993 0.135441 -0.00912998 -0.990743 -0.987406 0.0812754 -0.135733 90.528 7.7841 85.2664 0.483968 0.553766 0.511087 -0.444869 0
-0.446341 -0.410214 1.78743 0.10788 0.993516 -0.0358956 0.113333 -0.0481611 -0.992389 -0.987683 0.102991 -0.117794 92.7784 6.50749 83.7666 0.485264 0.564321 0.490345 -0.453455 0
-0.445646 -0.411171 1.78854 0.136116 0.990604 -0.0132775 0.118203 -0.0295455 -0.99255 -0.983616 0.133532 -0.121114 91.705 6.78841 82.1213 0.496351 0.567181 0.488736 -0.439408 0
-0.447606 -0.410408 1.7867 0.207126 0.978309 -0.00313964 0.10241 -0.0248734 -0.994431 -0.972939 0.205651 -0.10534 91.4328 5.87795 77.9819 0.518872 0.578217 0.467264 -0.422021 0
-0.449078 -0.409742 1.78074 0.242337 0.970018 -0.0183672 0.124407 -0.0498444 -0.990978 -0.962183 0.237865 -0.132757 92.8794 7.14654 75.8634 0.514717 0.596854 0.458415 -0.410716 0
-0.448114 -0.409777 1.7819 0.340607 0.940115 -0.0130515 0.113757 -0.0549861 -0.991986 -0.933299 0.336393 -0.125673 93.1727 6.53193 69.9505 0.538504 0.616698 0.427224 -0.383636 0
-0.449472 -0.409604 1.7815 0.395197 0.918237 -0.0257057 0.106576 -0.0736275 -0.991575 -0.912393 0.389127 -0.126959 94.2466 6.11795 66.5805 0.546491 0.631622 0.405628 -0.371306 0
-0.45 -0.408796 1.78044 0.471089 0.881028 -0.0431761 0.0892906 -0.096326 -0.991337 -0.877555 0.463153 -0.124046 95.5499 5.1228 61.7722 0.559177 0.650281 0.373038 -0.353974 0
-0.44993 -0.408971 1.7809 0.525786 0.848825 -0.0551719 0.0699396 -0.107782 -0.991711 -0.847736 0.51757 -0.116037 96.2027 4.01052 58.1918 0.570519 0.661363 0.3473 -0.341306 0
-0.450124 -0.409154 1.78148 0.551215 0.832437 -0.0566668 0.0711814 -0.114585 -0.99086 -0.831322 0.542143 -0.122415 96.5965 4.08184 56.4533 0.573196 0.668621 0.337867 -0.332022 0
-0.449597 -0.409683 1.78263 0.573067 0.817514 -0.0571352 0.0640881 -0.114212 -0.991387 -0.816999 0.56447 -0.117844 96.5717 3.67449 54.953 0.57901 0.671774 0.328087 -0.325308 0
-0.449371 -0.409776 1.78183 0.579214 0.81469 -0.028115 0.0918532 -0.0994964 -0.990789 -0.809984 0.571297 -0.132462 95.7345 5.27023 54.4317 0.580357 0.672899 0.336805 -0.311376 0
-0.445962 -0.410523 1.78396 0.585925 0.810061 -0.0222 0.0950142 -0.0958793 -0.990848 -0.804776 0.578454 -0.133145 95.527 5.45214 53.9431 0.58243 0.6736 0.33591 -0.306924 0
-0.44576 -0.409668 1.78441 0.576337 0.815381 -0.0546708 0.0688614 -0.115117 -0.990962 -0.814306 0.567364 -0.122494 96.6262 3.94859 54.7105 0.578517 0.673414 0.328268 -0.322601 0
-0.447807 -0.409941 1.78223 0.572267 0.819485 -0.0308949 0.0972867 -0.105249 -0.989676 -0.814276 0.563353 -0.139956 96.0704 5.58295 54.9008 0.575991 0.674068 0.340015 -0.313459 0
-0.44818 -0.409345 1.77992 0.569563 0.82135 -0.0313298 0.0901137 -0.100285 -0.99087 -0.816993 0.56154 -0.131134 95.7792 5.17015 55.1179 0.578391 0.671003 0.33959 -0.316065 0
-0.445202 -0.408995 1.78006 0.592115 0.8055 -0.023873 0.0816334 -0.0894274 -0.992642 -0.801708 0.58581 -0.118707 95.1479 4.68246 53.5516 0.588214 0.670867 0.330592 -0.307655 0
-0.445247 -0.410009 1.7804 0.611154 0.791428 -0.0115169 0.100263 -0.0918418 -0.990713 -0.785136 0.604324 -0.13548 95.2963 5.75432 52.1026 0.588182 0.677952 0.328818 -0.293772 0
-0.448964 -0.409476 1.77862 0.652233 0.757599 -0.025227 0.0938729 -0.113752 -0.989064 -0.752184 0.642732 -0.14531 96.5607 5.38645 49.0708 0.590163 0.691248 0.307947 -0.281162 0
-0.448037 -0.409141 1.77948 0.678938 0.733895 -0.0210027 0.0833745 -0.105489 -0.990919 -0.729446 0.671022 -0.132809 96.0766 4.78256 47.0539 0.600133 0.692322 0.295119 -0.27099 0
-0.445009 -0.409919 1.78138 0.712568 0.701581 -0.00549219 0.0928886 -0.102097 -0.990428 -0.695427 0.705238 -0.13792 95.8855 5.32981 44.3025 0.606744 0.698675 0.284278 -0.250803 0
-0.444576 -0.410958 1.78302 0.683837 0.729634 -0.00133211 0.108522 -0.103516 -0.98869 -0.721519 0.675958 -0.14997 95.9771 6.23014 46.5359 0.597987 0.695939 0.301088 -0.259668 0
-0.44512 -0.410251 1.78065 0.66619 0.745782 0.000909812 0.122406 -0.108139 -0.986571 -0.735668 0.657355 -0.163329 96.2553 7.03096 47.8374 0.590492 0.695999 0.311849 -0.263922 0
-0.44647 -0.410148 1.78029 0.669265 0.743022 0.0016093 0.112724 -0.0993931 -0.988643 -0.734424 0.661845 -0.150277 95.7409 6.47238 47.6577 0.595734 0.692628 0.308877 -0.264505 0
-0.443022 -0.410995 1.78225 0.68914 0.724613 0.00469855 0.116081 -0.103994 -0.987781 -0.71527 0.681265 -0.15578 96.01 6.66599 46.0659 0.597781 0.698018 0.301101 -0.254496 0
-0.447581 -0.410639 1.78353 0.686352 0.727265 0.00243051 0.100738 -0.0917597 -0.990673 -0.720259 0.680195 -0.136242 95.2918 5.78165 46.3809 0.603811 0.691801 0.29922 -0.259406 0
-0.441096 -0.410842 1.78343 0.749981 0.661435 0.00573887 0.0968384 -0.101211 -0.990141 -0.654333 0.743142 -0.139959 95.8364 5.55714 41.1036 0.614168 0.705541 0.268685 -0.229822 0
-0.447991 -0.406837 1.7802 0.770621 0.635228 -0.0512762 0.00457879 -0.0859759 -0.996287 -0.637278 0.767524 -0.0691634 94.9322 0.262346 39.5896 0.635508 0.693859 0.230525 -0.248089 0
-0.44895 -0.408285 1.78182 0.792032 0.608164 -0.0531259 0.0071112 -0.0962083 -0.995336 -0.610439 0.78796 -0.0805248 95.521 0.407445 37.6223 0.635472 0.701563 0.219251 -0.236459 0
-0.449077 -0.40852 1.78145 0.831323 0.553841 -0.0464913 0.00735139 -0.0945991 -0.995488 -0.555741 0.827231 -0.0827139 95.4284 0.421208 33.7628 0.643042 0.708632 0.197985 -0.212463 0
-0.447861 -0.407829 1.77798 0.848151 0.529318 -0.0214987 0.0353045 -0.0969691 -0.994661 -0.528576 0.842864 -0.100932 95.5681 2.02322 31.9316 0.64231 0.715201 0.197365 -0.19228 0
-0.448022 -0.408247 1.77926 0.855959 0.515192 -0.0437289 0.0125927 -0.105322 -0.994358 -0.516891 0.850579 -0.0966388 96.0462 0.721528 31.1267 0.643039 0.717272 0.183955 -0.1954 0
-0.444146 -0.407884 1.78217 0.87226 0.486899 -0.0457306 0.00093172 -0.095165 -0.995461 -0.489041 0.868259 -0.0834623 95.4608 0.0533836 29.2776 0.650698 0.716046 0.170321 -0.18671 0
-0.443388 -0.408973 1.7812 0.897652 0.440521 -0.0127223 0.0374533 -0.105019 -0.993765 -0.439111 0.891578 -0.110769 96.0325 2.14642 26.0668 0.648433 0.726884 0.164392 -0.155401 0
-0.443803 -0.409826 1.78172 0.914206 0.405243 -0.00213842 0.0518436 -0.122187 -0.991152 -0.401919 0.906007 -0.132713 97.0278 2.97175 23.7321 0.64407 0.736394 0.155177 -0.137174 0
-0.447869 -0.408827 1.78027 0.897263 0.440879 -0.0233491 0.0419083 -0.137699 -0.989587 -0.439504 0.886941 -0.142029 97.9217 2.40187 26.0969 0.635912 0.737731 0.163605 -0.15685 0
-0.446203 -0.407621 1.78313 0.957427 0.288567 0.00785891 0.0450169 -0.122358 -0.991465 -0.285143 0.949609 -0.130139 97.0354 2.58015 16.5847 0.652865 0.743291 0.112198 -0.0932623 0
-0.448112 -0.408651 1.78128 0.988899 0.146444 -0.0251521 -0.0102359 -0.101732 -0.994759 -0.148235 0.983974 -0.0991041 95.8392 -0.586484 8.5251 0.668592 0.739888 0.0460231 -0.0585856 0
-0.446091 -0.408094 1.7806 0.994226 0.0957989 -0.0483505 -0.0374628 -0.112357 -0.992961 -0.100557 0.989039 -0.108119 96.4558 -2.14696 5.77532 0.665911 0.744094 0.0195997 -0.0500299 0
-0.448653 -0.408114 1.77808 0.99751 0.0545741 -0.0446661 -0.0379482 -0.11847 -0.992232 -0.0594418 0.991457 -0.116104 96.8087 -2.17479 3.41023 0.663878 0.747008 0.00556418 -0.0348416 1
-0.443357 -0.409681 1.78127 0.99989 0.0090985 0.0117043 0.012845 -0.137553 -0.990411 -0.00740129 0.990453 -0.137654 97.9069 0.735987 0.424102 0.656636 0.754171 0.00727406 0.00142642 1
-0.445241 -0.410014 1.7798 0.999983 0.00173794 0.00553418 0.00573577 -0.153956 -0.988061 -0.000865176 0.988076 -0.153963 98.8564 0.328637 0.0495717 0.650397 0.759589 0.00245979 0.00153669 1
-0.442414 -0.408894 1.78338 0.999047 0.00782486 -0.0429308 -0.0419173 -0.101465 -0.993956 -0.0121335 0.994808 -0.10104 95.8287 -2.40239 0.695829 0.670176 0.741881 -0.0114885 -0.0185557 1
-0.443272 -0.408048 1.78142 0.998183 0.0291403 -0.0527372 -0.0498596 -0.0919341 -0.994516 -0.0338288 0.995339 -0.0903142 95.2815 -2.85793 1.94103 0.673783 0.738314 -0.00701575 -0.0293121 1
-0.447801 -0.408883 1.78003 0.997382 0.0585282 -0.0424672 -0.0340375 -0.138167 -0.989824 -0.0638002 0.988678 -0.135813 97.9464 -1.95058 3.66009 0.656392 0.753552 0.00812511 -0.0352555 1
-0.448313 -0.409285 1.78341 0.996598 0.0729848 -0.0382785 -0.0300842 -0.110242 -0.993449 -0.0767266 0.991221 -0.107671 96.3321 -1.72395 4.40243 0.666837 0.744062 0.0144144 -0.038641 1
-0.447236 -0.409014 1.78281 0.996272 0.0854454 -0.0119097 -0.00141395 -0.121859 -0.992546 -0.0862598 0.988863 -0.121284 96.9994 -0.0810132 4.94848 0.662029 0.748234 0.0280766 -0.0328004 1
-0.445917 -0.410641 1.78386 0.988477 0.151256 -0.00591104 0.0156466 -0.140938 -0.989895 -0.15056 0.978396 -0.14168 98.1031 0.896522 8.66046 0.653043 0.753508 0.0553751 -0.0519143 1
-0.445675 -0.409241 1.78354 0.98185 0.18756 0.0281231 0.0612792 -0.173403 -0.982943 -0.179484 0.966826 -0.18175 100.005 3.51324 10.3594 0.63771 0.764363 0.0813878 -0.0495057 1
-0.446741 -0.405559 1.7812 0.978397 0.205184 0.0252673 0.0616342 -0.172843 -0.983019 -0.197332 0.963341 -0.181755 99.9723 3.53362 11.403 0.637142 0.763707 0.087343 -0.0563255 1
-0.447339 -0.408025 1.78041 0.969217 0.243554 0.0360587 0.0693079 -0.129359 -0.989173 -0.236253 0.961222 -0.142258 97.4506 3.97423 13.6991 0.65146 0.748471 0.104501 -0.0668677 1
-0.448307 -0.408416 1.78444 0.967454 0.250377 0.0366557 0.0663423 -0.111176 -0.991584 -0.244195 0.961744 -0.124169 96.3973 3.80393 14.1661 0.658048 0.742091 0.106698 -0.0699169 1
-0.44838 -0.411335 1.78587 0.979937 0.197995 0.0228145 0.0377429 -0.0719539 -0.996694 -0.195699 0.977558 -0.0779832 94.1292 2.16302 11.2937 0.676388 0.729704 0.0807649 -0.059231 1
-0.446351 -0.410615 1.7841 0.979856 0.199653 0.00445029 0.018314 -0.0676462 -0.997541 -0.198862 0.977529 -0.06994 93.8795 1.04938 11.4723 0.678651 0.727572 0.0748955 -0.0668014 1
-0.441402 -0.409699 1.78611 0.968987 0.244482 -0.035956 -0.00965698 -0.107929 -0.994112 -0.246923 0.963628 -0.102221 96.1962 -0.553313 14.2962 0.663106 0.738095 0.0795376 -0.0958139 1
-0.441003 -0.409688 1.78341 0.967429 0.252654 -0.0157142 0.0120188 -0.10785 -0.994095 -0.252857 0.961527 -0.107374 96.1918 0.688644 14.6477 0.661854 0.73869 0.089575 -0.0908943 1
-0.438429 -0.410565 1.78391 0.966598 0.255828 0.0154774 0.0436504 -0.104817 -0.993533 -0.252551 0.961023 -0.112483 96.0224 2.50178 14.6428 0.661305 0.738901 0.101326 -0.0802117 1
-0.436817 -0.412585 1.78679 0.96255 0.252939 0.0975623 0.129027 -0.110918 -0.985418 -0.23843 0.961103 -0.1394 96.4221 7.41338 13.9125 0.654262 0.743786 0.128386 -0.0473481 1
-0.436014 -0.415938 1.78826 0.965496 0.226659 0.128227 0.157417 -0.115723 -0.980728 -0.207452 0.967075 -0.14741 96.7296 9.05702 12.1265 0.652373 0.74643 0.128638 -0.0265346 1
-0.435171 -0.416217 1.78728 0.968411 0.208149 0.137313 0.165213 -0.123117 -0.978543 -0.186777 0.970318 -0.153616 97.1711 9.50958 10.9166 0.650323 0.74919 0.124588 -0.0165057 1
-0.434122 -0.41867 1.78656 0.97281 0.192648 0.128559 0.16301 -0.175211 -0.970942 -0.164525 0.965499 -0.201851 100.229 9.38166 9.59924 0.631615 0.766465 0.116006 -0.0117311 1
-0.435122 -0.419003 1.78593 0.974124 0.1984 0.108262 0.151187 -0.215939 -0.964631 -0.168005 0.956037 -0.240347 102.618 8.69573 9.78539 0.616003 0.779489 0.112121 -0.0191609 1
-0.431927 -0.426057 1.78568 0.972747 0.148158 0.178363 0.211671 -0.253391 -0.943922 -0.0946539 0.955951 -0.277846 105.026 12.2203 5.55772 0.600315 0.791199 0.113697 0.02645 1
-0.421592 -0.424789 1.78097 0.993231 0.0534123 0.103151 0.114326 -0.292353 -0.949452 -0.0205559 0.954818 -0.29648 107.115 6.56476 1.18562 0.592536 0.80344 0.0521939 0.0257005 1
-0.406189 -0.436424 1.77295 0.963823 0.153625 0.217816 0.248886 -0.226248 -0.941736 -0.0953936 0.961879 -0.256299 103.509 14.4116 5.65239 0.608539 0.782044 0.128673 0.0391353 1
-0.387907 -0.443769 1.76905 0.956649 0.147013 0.251415 0.276119 -0.183261 -0.94349 -0.0926313 0.97201 -0.215909 100.992 16.0287 5.53065 0.623995 0.767434 0.13784 0.0517254 1
-0.372994 -0.456624 1.77077 0.954063 0.137068 0.266413 0.284168 -0.132238 -0.949611 -0.0949318 0.981695 -0.165114 97.9277 16.5091 5.68238 0.643566 0.750236 0.140368 0.0571424 1
-0.356814 -0.4724 1.77467 0.93783 0.154477 0.310824 0.328134 -0.102668 -0.939035 -0.113148 0.982648 -0.146974 96.2396 19.1556 6.87938 0.649651 0.739505 0.163153 0.0668272 1
-0.340086 -0.476212 1.79067 0.933864 0.140064 0.329059 0.336996 -0.036637 -0.940793 -0.119715 0.989464 -0.0814149 92.2301 19.6939 7.30511 0.67376 0.716226 0.166519 0.0730719 1
-0.327557 -0.477015 1.79541 0.940564 0.125726 0.315487 0.319816 -0.0153486 -0.947355 -0.114265 0.991946 -0.0546457 90.9282 18.6518 6.92669 0.683844 0.708971 0.157109 0.0709555 1
-0.317594 -0.476072 1.79387 0.942884 0.116588 0.312054 0.315988 -0.0164584 -0.94862 -0.105462 0.993044 -0.0523588 90.994 18.4205 6.38203 0.684483 0.709172 0.152493 0.0728287 1
-0.311751 -0.475167 1.79513 0.944542 0.123043 0.304469 0.31132 -0.0404623 -0.949443 -0.104503 0.991576 -0.0765241 92.4403 18.1388 6.31346 0.675936 0.717901 0.151262 0.0696357 1
-0.304 -0.470839 1.79429 0.948512 0.114971 0.29514 0.305042 -0.0806448 -0.948918 -0.0852971 0.99009 -0.111564 94.8577 17.7607 5.13863 0.662628 0.73156 0.143533 0.0717107 1
-0.296445 -0.470703 1.79971 0.964837 0.0984397 0.24372 0.255434 -0.132454 -0.957711 -0.0619952 0.986289 -0.152941 97.8742 14.7993 3.67646 0.647966 0.750039 0.117952 0.0605718 1
-0.290476 -0.471408 1.80247 0.980859 0.0807266 0.177196 0.188465 -0.164816 -0.968151 -0.0489508 0.983015 -0.176875 99.6613 10.8632 2.85704 0.64015 0.761996 0.088318 0.0420756 1
-0.288273 -0.469882 1.8037 0.988033 0.0473064 0.146812 0.152856 -0.172851 -0.973015 -0.0206531 0.983811 -0.178014 100.073 8.79249 1.1975 0.639759 0.764673 0.0654406 0.041246 1
-0.283924 -0.466929 1.80488 0.99198 0.0052361 0.126284 0.125758 -0.140876 -0.982007 0.0126486 0.990013 -0.140405 98.1638 7.22455 -0.73053 0.653968 0.753867 0.0434408 0.0460734 1
-0.278113 -0.461374 1.80932 0.991073 -0.0968072 0.0916693 0.0843319 -0.07735 -0.993431 0.103262 0.992293 -0.0684955 94.4522 4.83761 -5.9483 0.679196 0.73091 -0.00426703 0.0666741 1
-0.279549 -0.459521 1.80775 0.991134 -0.132721 -0.00617795 -0.0107326 -0.0336292 -0.999377 0.132431 0.990583 -0.0347555 91.9273 -0.614942 -7.61052 0.693316 0.717551 -0.0499804 0.0439874 1
-0.281169 -0.460795 1.8151 0.990582 -0.13043 -0.0416474 -0.0368842 0.038725 -0.998569 0.131856 0.990701 0.0335495 87.7792 -2.11379 -7.58204 0.718132 0.692515 -0.0604009 0.0325656 1
-0.282053 -0.463356 1.82534 0.989628 -0.132775 -0.0548354 -0.0479521 0.0544983 -0.997362 0.135413 0.989647 0.0475662 86.8723 -2.74851 -7.79154 0.723134 0.686943 -0.0657723 0.0293248 1
-0.277616 -0.465076 1.82848 0.996306 -0.0718581 -0.0470084 -0.0439661 0.0433486 -0.998092 0.0737588 0.996472 0.0400292 87.5131 -2.51989 -4.23401 0.721056 0.691543 -0.0418717 0.00967054 1
-0.272007 -0.463889 1.83206 0.999745 -0.0175941 -0.0141326 -0.0139514 0.0103825 -0.999849 0.0177382 0.999791 0.0101344 89.4051 -0.799381 -1.01647 0.71068 0.703425 -0.0112114 0.00128142 1
-0.270752 -0.45971 1.82539 0.997873 -0.0622754 -0.0192899 -0.017681 0.0262828 -0.999498 0.0627512 0.997713 0.0251258 88.4937 -1.0131 -3.5983 0.715766 0.697579 -0.028655 0.0155758 1
-0.269755 -0.450802 1.8186 0.997999 -0.0631354 0.00331146 0.00411717 0.0126358 -0.999912 0.0630879 0.997925 0.0128704 89.276 0.235897 -3.61711 0.71125 0.702227 -0.0210111 0.0236389 1
-0.279116 -0.44595 1.81738 0.997678 -0.058765 0.0344165 0.0361864 0.0293232 -0.998915 0.057692 0.997841 0.0313816 88.3186 2.07378 -3.30952 0.717353 0.695876 -0.00811158 0.0330909 1
-0.280671 -0.439603 1.82057 0.995962 -0.0309085 0.0842913 0.084399 0.00219376 -0.99643 0.0306133 0.99952 0.00479356 89.8739 4.84147 -1.76057 0.707628 0.705155 0.0189641 0.0407374 1
-0.280345 -0.439812 1.82708 0.994481 -0.0208557 0.102818 0.102177 -0.0298026 -0.99432 0.0238015 0.999338 -0.0275072 91.7168 5.86452 -1.37103 0.695912 0.716204 0.0283861 0.0441983 1
-0.280294 -0.438046 1.82315 0.999508 0.0172154 0.0262199 0.0263255 -0.00593485 -0.999636 -0.0170536 0.999834 -0.00638513 90.3402 1.50851 0.977483 0.704838 0.709195 0.0153487 0.00323126 1
-0.279886 -0.436614 1.81965 0.999901 0.0122504 -0.00689371 -0.0071302 0.0193673 -0.999787 -0.0121143 0.999737 0.0194527 88.8902 -0.408534 0.694132 0.713919 0.700193 0.00182814 -0.0067867 1
-0.274042 -0.433294 1.81661 0.999719 0.0215652 0.0098823 0.00878186 0.0505397 -0.998683 -0.0220363 0.998489 0.0503361 87.1029 0.50317 1.26274 0.724671 0.688993 0.0110114 -0.00441006 1
-0.26974 -0.426251 1.81891 0.998165 0.0529581 0.0293584 0.0267142 0.0499649 -0.998394 -0.05434 0.997346 0.0484585 87.135 1.53079 3.1161 0.72398 0.689156 0.0289022 -0.00906239 1
-0.268645 -0.425677 1.81907 0.997516 0.0701893 -0.00592218 -0.00836456 0.0345544 -0.999368 -0.0699402 0.996935 0.0350557 88.0197 -0.47926 4.0107 0.718875 0.694245 0.0222633 -0.0273183 1
-0.267981 -0.424913 1.82125 0.995044 0.0927724 -0.03578 -0.0396576 0.0402959 -0.9984 -0.0911822 0.994872 0.0437754 87.6888 -2.27281 5.23575 0.720957 0.69119 0.0192113 -0.0459216 1
-0.268312 -0.424907 1.82428 0.994468 0.101105 -0.02848 -0.0340677 0.0539768 -0.997961 -0.0993619 0.99341 0.0571226 86.9041 -1.95231 5.70575 0.725529 0.686179 0.0244242 -0.0465774 1
-0.259808 -0.420468 1.82453 0.98816 0.153141 0.00934572 -0.00299051 0.0801273 -0.99678 -0.153396 0.984951 0.0796366 85.4041 -0.171344 8.82384 0.73279 0.676091 0.0555214 -0.053266 1
-0.253451 -0.421124 1.81999 0.97958 0.196639 0.0419137 0.0238045 0.0935701 -0.995328 -0.199642 0.976001 0.0869785 84.6294 1.36402 11.5193 0.734869 0.67064 0.0821764 -0.0587976 1
-0.243513 -0.417615 1.81678 0.974376 0.223526 0.0250454 -0.0123519 0.164357 -0.986324 -0.224586 0.960741 0.162907 80.5394 -0.707731 12.9795 0.758558 0.641699 0.0822716 -0.0777391 1
-0.241266 -0.415703 1.81847 0.972465 0.230847 0.0319617 -0.0185083 0.213214 -0.97683 -0.232313 0.949342 0.211616 77.6871 -1.06051 13.4356 0.77416 0.62202 0.0853425 -0.0805246 1
-0.244104 -0.416699 1.82109 0.972611 0.231917 0.0155608 -0.0383589 0.226176 -0.973331 -0.229252 0.946075 0.228878 76.9182 -2.19834 13.263 0.779048 0.615946 0.0785614 -0.0867328 1
-0.243529 -0.412308 1.81975 0.969906 0.24335 -0.00799056 -0.0603265 0.208386 -0.976184 -0.23589 0.947289 0.216795 77.9499 -3.45856 13.6695 0.773803 0.621435 0.0736295 -0.0981118 1
-0.243609 -0.408543 1.82091 0.963594 0.26672 -0.0186275 -0.0676085 0.175662 -0.982126 -0.258681 0.94763 0.1873 79.8593 -3.87664 15.027 0.762653 0.63258 0.0786902 -0.109594 1
-0.243559 -0.404958 1.81929 0.952501 0.303901 -0.0196591 -0.0607645 0.126401 -0.990116 -0.298413 0.944281 0.138863 82.7248 -3.4837 17.3955 0.744608 0.649468 0.0935907 -0.122436 1
-0.236764 -0.402368 1.82373 0.942513 0.333854 0.0145271 -0.0139196 0.0826568 -0.996481 -0.33388 0.938994 0.0825522 85.2582 -0.797559 19.5064 0.7259 0.666578 0.119991 -0.119773 1
-0.231799 -0.402082 1.82039 0.931233 0.363922 -0.019133 -0.01278 -0.0198574 -0.999721 -0.3642 0.931218 -0.0138409 91.1379 -0.732259 21.3602 0.688755 0.70088 0.12525 -0.136733 1
-0.219396 -0.401959 1.81362 0.922547 0.385855 0.00481448 0.0342656 -0.0694861 -0.996994 -0.384361 0.919939 -0.0773257 93.9868 1.96366 22.6181 0.666284 0.719263 0.146025 -0.131922 1
-0.229674 -0.399911 1.81399 0.916403 0.400189 -0.0073517 0.00113332 -0.0209617 -0.99978 -0.400255 0.916193 -0.019663 91.2011 0.0649345 23.5941 0.684795 0.699469 0.143438 -0.145684 1
-0.219595 -0.396263 1.80695 0.899279 0.434463 0.0504027 0.0811054 -0.0524078 -0.995327 -0.429791 0.899164 -0.0823665 93.0141 4.65211 25.5445 0.664173 0.713101 0.180749 -0.133006 1
-0.214704 -0.389108 1.80759 0.903015 0.429434 0.0122728 0.0492723 -0.0751466 -0.995954 -0.426774 0.899967 -0.0890177 94.3149 2.82424 25.2959 0.659327 0.718884 0.166475 -0.144147 1
-0.207102 -0.379408 1.81139 0.911426 0.41065 -0.0258588 0.0199956 -0.106976 -0.994061 -0.410977 0.905496 -0.105712 96.1423 1.14574 24.2714 0.651678 0.728717 0.147741 -0.149865 1
-0.204634 -0.377964 1.81651 0.922763 0.383627 -0.0365952 -0.00514186 -0.0826967 -0.996561 -0.385334 0.919778 -0.0743369 94.7437 -0.294608 22.6648 0.664404 0.721075 0.131223 -0.146285 1
-0.197516 -0.378439 1.81971 0.927924 0.365407 -0.073719 -0.0508985 -0.0717104 -0.996126 -0.369277 0.928082 -0.0479432 94.1176 -2.91753 21.7006 0.67236 0.715468 0.109896 -0.154793 1
-0.192695 -0.373584 1.82081 0.923215 0.374917 -0.0843238 -0.0758228 -0.0373979 -0.99642 -0.376728 0.926304 -0.00609907 92.1494 -4.3485 22.1985 0.685514 0.701198 0.106637 -0.16438 1
-0.193322 -0.366055 1.81928 0.957882 0.286331 -0.0218212 -0.0112505 -0.0385112 -0.999195 -0.286941 0.957356 -0.0336678 92.2072 -0.644619 16.676 0.686605 0.712401 0.0965329 -0.108353 1
-0.19427 -0.354337 1.81957 0.970638 0.240447 -0.00690445 -0.00299259 -0.0166305 -0.999857 -0.240527 0.97052 -0.0154226 90.9529 -0.171463 13.9177 0.696165 0.707582 0.0838963 -0.0874216 1
-0.193188 -0.350244 1.81512 0.975379 0.219156 -0.024612 -0.0319741 0.0301092 -0.999035 -0.218204 0.975225 0.0363753 88.2737 -1.83229 12.6101 0.714469 0.690814 0.0677398 -0.0878731 1
-0.193356 -0.34905 1.81146 0.982354 0.186046 -0.0191918 -0.0298199 0.054497 -0.998069 -0.184641 0.981029 0.0590832 86.8746 -1.70881 10.645 0.723867 0.683515 0.0571406 -0.074553 1
-0.193066 -0.348713 1.80985 0.983702 0.179631 0.0079101 0.000182188 0.0429968 -0.999075 -0.179805 0.982794 0.0422633 87.5357 0.0104386 10.3584 0.719194 0.68892 0.0652519 -0.0623785 1
-0.186589 -0.348944 1.8062 0.982915 0.178507 0.0448695 0.0378687 0.0424361 -0.998381 -0.180122 0.983023 0.0349512 87.5661 2.17024 10.3844 0.717688 0.690204 0.0783736 -0.0489899 1
-0.179931 -0.349923 1.8014 0.986096 0.166006 -0.00750172 -0.000532618 -0.0419858 -0.999118 -0.166175 0.985231 -0.0413136 92.4063 -0.0305168 9.56548 0.68971 0.71927 0.0575144 -0.0603655 1
-0.179419 -0.348906 1.80042 0.990034 0.140157 -0.0137141 -0.00481849 -0.063612 -0.997963 -0.140744 0.988084 -0.0623027 93.6472 -0.27608 8.09098 0.682664 0.727315 0.0465198 -0.0530918 1
-0.178633 -0.340724 1.80107 0.9939 0.0831983 -0.0723981 -0.066069 -0.0764633 -0.994881 -0.0883082 0.993595 -0.0705 94.3949 -3.78823 5.07741 0.67951 0.731584 0.00585351 -0.0549172 1
-0.172496 -0.327446 1.80127 0.989235 0.0744909 -0.125958 -0.11854 -0.0967876 -0.988221 -0.0858046 0.992514 -0.0869155 95.5938 -6.80786 4.95733 0.67185 0.737044 -0.0149412 -0.0718282 1
-0.167246 -0.316418 1.79843 0.990294 -0.0853583 -0.109686 -0.115813 -0.0704749 -0.990768 0.0768402 0.993855 -0.0796765 94.0687 -6.6505 -4.43688 0.678259 0.731513 -0.0687516 -0.0112251 1
-0.158627 -0.30313 1.79756 0.986904 -0.149415 -0.0607923 -0.076089 -0.098888 -0.992185 0.142236 0.983817 -0.108962 95.6917 -4.3638 -8.20118 0.666906 0.740735 -0.0761082 0.0274874 1
-0.154389 -0.29504 1.80058 0.977399 -0.211316 -0.00613686 -0.0406058 -0.159167 -0.986416 0.207469 0.964371 -0.16415 99.1662 -2.32718 -11.9841 0.643055 0.758406 -0.0830432 0.0663668 1
-0.15423 -0.293009 1.80138 0.974889 -0.222275 0.0135842 -0.0153062 -0.127739 -0.99169 0.222163 0.96658 -0.127933 97.3398 -0.877017 -12.8377 0.655595 0.746753 -0.0795381 0.0789241 1
-0.154548 -0.289936 1.80113 0.971794 -0.235632 0.00972301 -0.0194599 -0.121208 -0.992436 0.235028 0.964254 -0.122375 96.9632 -1.11504 -13.5959 0.657307 0.744207 -0.0856924 0.0822187 1
-0.149051 -0.280699 1.80319 0.964596 -0.263729 -0.0010161 -0.0388165 -0.13816 -0.989649 0.260859 0.954651 -0.143505 97.9474 -2.22458 -15.1327 0.648639 0.749377 -0.100932 0.0866862 1
-0.14324 -0.282219 1.80781 0.967898 -0.250308 0.022775 -0.0153513 -0.149318 -0.98867 0.250872 0.956583 -0.148368 98.5884 -0.879601 -14.5309 0.646184 0.752593 -0.0882479 0.0909015 1
-0.142396 -0.281094 1.8091 0.967181 -0.253716 0.0137311 -0.022305 -0.138612 -0.990095 0.253106 0.957296 -0.139723 97.9696 -1.27809 -14.6651 0.649778 0.749252 -0.0920987 0.0890345 1
-0.138587 -0.278592 1.81117 0.967136 -0.253755 -0.0160406 -0.0396133 -0.0880608 -0.995327 0.251156 0.963252 -0.0952188 95.056 -2.27027 -14.5576 0.667805 0.733215 -0.100028 0.0801661 1
-0.129801 -0.274587 1.80716 0.970461 -0.241177 -0.00618642 -0.0306081 -0.0976462 -0.99475 0.239307 0.965556 -0.102144 95.6063 -1.75399 -13.8523 0.665333 0.736589 -0.0922447 0.0791218 1
-0.128926 -0.266401 1.80505 0.973209 -0.219615 -0.0680714 -0.0882819 -0.0835559 -0.992585 0.212299 0.972002 -0.100705 94.8118 -5.06477 -12.3059 0.668758 0.734416 -0.10481 0.0490959 1
-0.132579 -0.265206 1.81104 0.977857 -0.191922 -0.0834382 -0.101292 -0.085163 -0.991205 0.183128 0.977708 -0.102717 94.9107 -5.81357 -10.6072 0.66895 0.735822 -0.099621 0.0338701 1
-0.135374 -0.267579 1.81298 0.978857 -0.181685 -0.0939673 -0.108667 -0.0727029 -0.991416 0.173293 0.980666 -0.0909089 94.1941 -6.2385 -10.0394 0.673655 0.731859 -0.099183 0.0270974 1
-0.138283 -0.266148 1.81258 0.973954 -0.197657 -0.111107 -0.122899 -0.0483906 -0.991239 0.190549 0.979076 -0.0714221 92.7949 -7.05945 -11.0698 0.680834 0.723493 -0.110767 0.0274509 1
-0.139052 -0.261835 1.81164 0.940777 -0.280753 -0.190042 -0.218374 -0.0730381 -0.973128 0.259329 0.956997 -0.130022 94.2923 -12.6135 -15.4111 0.659113 0.732092 -0.170445 0.0236603 1
-0.143313 -0.256657 1.81327 0.961117 -0.260089 -0.0927756 -0.109855 -0.0518868 -0.992592 0.253348 0.96419 -0.0784414 92.9924 -6.30695 -14.7671 0.676533 0.723092 -0.127904 0.0555161 1
-0.148744 -0.255423 1.81839 0.961167 -0.267833 -0.066511 -0.0864302 -0.0632687 -0.994247 0.262084 0.961386 -0.0839606 93.6411 -4.95827 -15.2522 0.673412 0.726016 -0.121989 0.0673447 1
-0.156614 -0.255423 1.81702 0.965703 -0.256226 -0.0420285 -0.0613353 -0.0678279 -0.99581 0.252302 0.964234 -0.0812173 93.8966 -3.51646 -14.642 0.673917 0.727109 -0.109186 0.0722979 1
-0.156049 -0.254198 1.81292 0.964287 -0.26302 -0.0311493 -0.0494976 -0.0634232 -0.996758 0.260192 0.962703 -0.0741771 93.6408 -2.83716 -15.1004 0.675775 0.724894 -0.10778 0.0789918 1
-0.167814 -0.251324 1.81095 0.98132 -0.18272 -0.060197 -0.0778743 -0.0911606 -0.992787 0.175914 0.97893 -0.103687 95.2464 -4.46639 -10.1631 0.668295 0.737592 -0.088326 0.0392214 1
-0.167249 -0.244083 1.80681 0.984823 -0.161849 -0.0626748 -0.0805896 -0.106605 -0.99103 0.153716 0.98104 -0.118031 96.1397 -4.62246 -8.8714 0.66336 0.743213 -0.0815509 0.0306241 1
-0.167543 -0.241786 1.80554 0.988382 -0.142626 -0.0525325 -0.0674994 -0.102213 -0.99247 0.136182 0.984485 -0.110653 95.8801 -3.87038 -7.845 0.666242 0.74183 -0.0708132 0.0281904 1
-0.166891 -0.241789 1.80761 0.985379 -0.170336 0.00364918 -0.00798978 -0.0675938 -0.997681 0.170188 0.983065 -0.0679665 93.8759 -0.457785 -9.79906 0.68004 0.728172 -0.0612239 0.0596827 1
-0.169303 -0.238405 1.80741 0.979132 -0.197596 0.0475078 0.0360521 -0.0611762 -0.997476 0.200003 0.978373 -0.0527758 93.5096 2.06608 -11.5448 0.682858 0.723375 -0.0558299 0.0855404 1
-0.171295 -0.230431 1.80623 0.974841 -0.216695 0.0522286 0.0345079 -0.084772 -0.995803 0.220213 0.972552 -0.0751616 94.8658 1.97755 -12.7292 0.673593 0.730543 -0.0623463 0.0932324 1
-0.171462 -0.22491 1.80536 0.976229 -0.207444 0.0627953 0.0492938 -0.0696299 -0.996354 0.21106 0.975766 -0.0577491 93.9976 2.82547 -12.1996 0.679862 0.725191 -0.0545202 0.0944081 1
-0.172262 -0.218297 1.8046 0.98311 -0.177288 0.0454382 0.0327838 -0.0736669 -0.996744 0.180058 0.981398 -0.0666104 94.2269 1.87871 -10.3788 0.678755 0.728592 -0.0495834 0.077374 1
-0.175355 -0.21765 1.80714 0.99113 -0.130748 0.0237839 0.0123569 -0.0875227 -0.996086 0.132318 0.987545 -0.0851307 95.0215 0.708019 -7.60416 0.674255 0.73549 -0.0402423 0.0530606 1
-0.180092 -0.210353 1.80926 0.993253 -0.113407 -0.0242397 -0.0390426 -0.130189 -0.99072 0.109199 0.984982 -0.133739 97.4863 -2.23755 -6.27396 0.657519 0.751196 -0.0507358 0.0282747 1
-0.181183 -0.2069 1.81308 0.99449 -0.103669 -0.0155487 -0.0319896 -0.158873 -0.986781 0.0998279 0.981841 -0.161314 99.1462 -1.83318 -5.73221 0.646974 0.760703 -0.0445832 0.0276978 1
-0.181462 -0.206722 1.81278 0.996484 -0.0833603 0.00844296 -0.00506295 -0.160491 -0.987024 0.0836337 0.983511 -0.160348 99.2355 -0.290087 -4.79752 0.647233 0.761138 -0.0290431 0.0302431 1
-0.180827 -0.206749 1.80948 0.998037 -0.0609655 0.0143525 0.00596128 -0.135651 -0.990739 0.0623478 0.988879 -0.135021 97.7964 0.341558 -3.57465 0.657146 0.753112 -0.018259 0.0254611 1
-0.180858 -0.206309 1.80876 0.998198 -0.0595747 0.00724244 0.0011119 -0.102301 -0.994753 0.060003 0.992968 -0.10205 95.8717 0.0637069 -3.43999 0.669673 0.742049 -0.0196964 0.0226553 1
-0.180581 -0.203154 1.80656 0.9942 -0.106252 -0.0166427 -0.0272438 -0.0991153 -0.994703 0.10404 0.989387 -0.101435 95.6903 -1.56115 -5.97409 0.669636 0.740734 -0.0450554 0.0294968 1
-0.179972 -0.203726 1.8044 0.991508 -0.129818 -0.00766126 -0.0203934 -0.0970336 -0.995072 0.128435 0.986778 -0.098857 95.5695 -1.16854 -7.38071 0.670003 0.739493 -0.0507819 0.0408299 1
-0.18012 -0.205425 1.80264 0.988363 -0.151991 0.00613471 -0.010034 -0.105384 -0.994381 0.151784 0.982748 -0.105683 96.0496 -0.574916 -8.73076 0.666576 0.741524 -0.0546258 0.0532412 1
-0.179173 -0.203147 1.7969 0.981775 -0.189745 0.0107444 -0.0065096 -0.0900758 -0.995914 0.189937 0.977693 -0.0896693 95.1681 -0.372975 -10.9494 0.671198 0.735105 -0.0667437 0.0682493 1
-0.173251 -0.195339 1.78874 0.957842 -0.287223 -0.00649027 4.37823e-05 0.0227368 -0.999741 0.287296 0.957594 0.0217908 88.6972 0.00250854 -16.6962 0.707526 0.691613 -0.103808 0.101504 1
-0.167472 -0.183975 1.77911 0.956841 -0.290608 -0.00121256 0.0137498 0.049439 -0.998682 0.290285 0.955564 0.0513011 87.1659 0.787832 -16.8767 0.717214 0.681194 -0.101608 0.10609 1
-0.164516 -0.172424 1.77411 0.96073 -0.277401 -0.00685222 0.0162426 0.0808709 -0.996592 0.277009 0.957345 0.0822008 85.3608 0.930673 -16.084 0.728663 0.670384 -0.0973912 0.100747 1
