-0.337335 -0.388493 1.45926 0.82604 0.561411 0.0497494 0.205425 -0.217703 -0.954152 -0.524841 0.798388 -0.295159 102.853 11.8544 32.4307 0.57297 0.764673 0.250707 -0.155325 0
-0.336197 -0.396204 1.4557 0.834116 0.549135 0.0519672 0.193582 -0.203213 -0.959808 -0.516504 0.810651 -0.275806 101.954 11.1619 31.7667 0.582043 0.76045 0.24417 -0.152718 0
-0.335631 -0.395788 1.45641 0.837627 0.545245 0.0330121 0.163484 -0.192568 -0.967569 -0.521205 0.815859 -0.250439 101.256 9.40916 31.8915 0.59047 0.755088 0.234651 -0.161634 0
-0.325848 -0.401526 1.45378 0.823888 0.562435 0.0698256 0.199086 -0.171855 -0.964796 -0.530635 0.808785 -0.253562 100.1 11.4835 32.784 0.591285 0.749884 0.253879 -0.153627 0
-0.32473 -0.40541 1.45338 0.807575 0.588772 0.0342078 0.185118 -0.197988 -0.962565 -0.559959 0.783676 -0.268882 101.623 10.668 34.7368 0.578944 0.754063 0.256573 -0.174306 0
-0.325687 -0.406533 1.45439 0.789547 0.612329 0.0408479 0.197518 -0.190535 -0.961604 -0.581036 0.7673 -0.271383 101.208 11.3919 36.3497 0.576114 0.750244 0.269861 -0.180004 0
-0.323355 -0.425702 1.4512 0.73734 0.674221 0.0418997 0.227415 -0.189343 -0.955213 -0.636092 0.713845 -0.292938 101.212 13.1449 40.7838 0.560147 0.74492 0.302595 -0.199415 0
-0.323959 -0.432836 1.44916 0.704673 0.708067 0.0455676 0.255802 -0.193622 -0.947141 -0.661817 0.679081 -0.317565 101.554 14.8211 43.2037 0.546234 0.744288 0.323755 -0.206993 0
-0.324324 -0.431255 1.44902 0.665969 0.743366 0.0623821 0.293621 -0.184336 -0.93798 -0.685763 0.642983 -0.34103 101.118 17.0749 45.8389 0.533995 0.740158 0.350259 -0.210557 0
-0.323928 -0.42925 1.44681 0.627194 0.776027 0.066413 0.300957 -0.162823 -0.939635 -0.718368 0.609321 -0.335672 99.8308 17.5151 48.8764 0.531201 0.728987 0.369343 -0.223582 0
-0.323512 -0.428663 1.44442 0.605104 0.793426 0.065756 0.28943 -0.142285 -0.946565 -0.741673 0.591802 -0.315739 98.5486 16.8238 50.7902 0.535509 0.71818 0.376945 -0.235288 0
-0.323095 -0.427751 1.44354 0.582718 0.810442 0.0601977 0.27027 -0.123405 -0.954843 -0.766416 0.572674 -0.290948 97.3641 15.6804 52.7537 0.540455 0.706589 0.382369 -0.249869 0
-0.322578 -0.426921 1.44148 0.553334 0.831211 0.0539387 0.259219 -0.110298 -0.9595 -0.791597 0.544906 -0.276497 96.5576 15.0237 55.0461 0.540032 0.696443 0.391429 -0.264795 0
-0.322323 -0.42649 1.44069 0.550176 0.833462 0.0514549 0.251153 -0.106393 -0.962082 -0.796385 0.542237 -0.267861 96.3105 14.5458 55.3617 0.5422 0.693619 0.390926 -0.268494 0
-0.321839 -0.425607 1.43839 0.53565 0.842641 0.0550927 0.25358 -0.0982788 -0.962309 -0.805467 0.529431 -0.26632 95.8313 14.6894 56.3754 0.541076 0.689247 0.397615 -0.272171 0
-0.321334 -0.424575 1.43523 0.526901 0.847844 0.0594696 0.261877 -0.095383 -0.960376 -0.808577 0.521597 -0.272288 95.6719 15.1815 56.9101 0.538338 0.688217 0.403114 -0.272119 0
-0.325474 -0.434778 1.4656 0.549993 0.833679 -0.0498626 0.205634 -0.193042 -0.9594 -0.809458 0.51741 -0.277605 101.377 11.8666 55.8055 0.519458 0.710746 0.365571 -0.30226 0
-0.327696 -0.442332 1.48806 0.555398 0.821493 -0.129162 0.17311 -0.266131 -0.948265 -0.813367 0.504305 -0.290017 105.677 9.96871 55.6733 0.499812 0.726558 0.342231 -0.324313 0
-0.328457 -0.443907 1.49153 0.541278 0.83306 -0.114145 0.188212 -0.252343 -0.949157 -0.819509 0.492274 -0.293379 104.888 10.8484 56.5556 0.498888 0.722323 0.353468 -0.323143 0
-0.3287 -0.444589 1.49255 0.540935 0.835458 -0.0969496 0.195121 -0.236782 -0.951768 -0.818118 0.495928 -0.291099 103.97 11.2518 56.5275 0.503253 0.719169 0.358253 -0.318099 0
-0.328541 -0.441884 1.49586 0.546621 0.830352 -0.108261 0.195223 -0.25209 -0.947807 -0.814306 0.496956 -0.299901 104.894 11.2577 56.1276 0.498656 0.724329 0.353974 -0.318421 0
-0.329585 -0.445679 1.49891 0.525576 0.842312 -0.119502 0.198351 -0.257919 -0.945587 -0.827301 0.473274 -0.302629 105.257 11.4405 57.5726 0.491179 0.722171 0.360255 -0.327763 0
-0.329134 -0.44341 1.49413 0.514732 0.852326 -0.0926939 0.211052 -0.230757 -0.949846 -0.830968 0.469353 -0.298663 103.655 12.184 58.2244 0.496314 0.714869 0.371879 -0.323018 0
-0.329517 -0.443359 1.48928 0.506105 0.85924 -0.0745984 0.215637 -0.20981 -0.953667 -0.83508 0.466569 -0.291469 102.408 12.4529 58.7818 0.501205 0.708411 0.379327 -0.321028 0
-0.328018 -0.443557 1.48738 0.514779 0.854014 -0.0752526 0.224205 -0.218826 -0.949656 -0.827487 0.471991 -0.304122 102.976 12.9562 58.1143 0.497954 0.713745 0.377663 -0.316198 0
-0.327705 -0.442809 1.48383 0.523516 0.850098 -0.0571287 0.231482 -0.206442 -0.950683 -0.819968 0.484474 -0.304858 102.252 13.3843 57.4434 0.503045 0.713235 0.379111 -0.307436 0
-0.327142 -0.441817 1.48005 0.513306 0.856616 -0.0522014 0.234296 -0.198392 -0.951707 -0.825604 0.476286 -0.302538 101.775 13.5501 58.1294 0.503085 0.709619 0.38433 -0.309252 0
-0.325168 -0.438928 1.47049 0.495692 0.866953 -0.0517906 0.23724 -0.192527 -0.952182 -0.835468 0.459702 -0.30111 101.431 13.7237 59.3189 0.500513 0.705218 0.391437 -0.314534 0
-0.323527 -0.436836 1.46172 0.483851 0.874355 -0.0373117 0.250254 -0.179088 -0.951473 -0.838607 0.451034 -0.305463 100.66 14.4926 60.0163 0.499825 0.701499 0.400788 -0.31216 0
-0.321087 -0.434828 1.45648 0.509158 0.859557 -0.0438157 0.224605 -0.181844 -0.957332 -0.830849 0.477592 -0.285648 100.755 12.9796 58.4993 0.51031 0.702967 0.385566 -0.311062 0
-0.321477 -0.434532 1.4557 0.521043 0.852657 -0.0385977 0.227379 -0.18225 -0.9566 -0.822686 0.489654 -0.288837 100.787 13.1428 57.6521 0.512337 0.705714 0.382604 -0.305111 0
-0.3206 -0.433426 1.45043 0.517007 0.855653 -0.0236989 0.241873 -0.172592 -0.954835 -0.821098 0.487924 -0.296191 100.246 13.9971 57.8033 0.511914 0.70459 0.38942 -0.299748 0
-0.319082 -0.432915 1.45112 0.564264 0.82423 -0.0474489 0.211953 -0.200169 -0.956561 -0.797923 0.529696 -0.287646 101.819 12.2368 54.7334 0.51876 0.716254 0.361667 -0.295067 0
-0.316186 -0.4269 1.4402 0.481681 0.87623 -0.0142715 0.254652 -0.155532 -0.954443 -0.838532 0.456103 -0.29805 99.2553 14.7529 60.1255 0.506976 0.695569 0.406459 -0.306513 0
-0.313231 -0.420859 1.42394 0.516067 0.856527 0.00609625 0.25874 -0.149101 -0.95437 -0.816535 0.494096 -0.298564 98.8795 14.9953 57.7063 0.516818 0.700666 0.397931 -0.289167 0
-0.311452 -0.423047 1.41859 0.544956 0.838464 -0.000835836 0.230924 -0.151046 -0.961176 -0.806038 0.523605 -0.275935 98.9308 13.3515 55.9377 0.528672 0.702128 0.380767 -0.287296 0
-0.311451 -0.425732 1.41687 0.598919 0.800282 -0.0290608 0.181194 -0.170772 -0.968507 -0.780042 0.574791 -0.247285 99.9999 10.4393 52.4828 0.543337 0.710101 0.345541 -0.284855 0
-0.310137 -0.423574 1.4068 0.612207 0.790597 0.0126294 0.199738 -0.139176 -0.969915 -0.765054 0.596311 -0.243117 98.1658 11.5217 51.3327 0.554508 0.706134 0.350619 -0.266389 0
-0.309188 -0.423712 1.408 0.613971 0.788528 -0.0355306 0.174159 -0.179235 -0.968268 -0.769876 0.588301 -0.247374 100.487 10.0297 51.4279 0.544831 0.714244 0.33696 -0.281909 0
-0.305947 -0.420546 1.3911 0.611916 0.790711 0.0182973 0.205795 -0.136839 -0.968981 -0.76368 0.596701 -0.246458 98.0381 11.8761 51.2957 0.554215 0.70626 0.352741 -0.263848 0
-0.302141 -0.416989 1.3706 0.575197 0.812684 0.0932414 0.26998 -0.0810042 -0.959453 -0.772178 0.577047 -0.266001 94.8259 15.6631 53.3175 0.554119 0.693218 0.390449 -0.24485 0
-0.300534 -0.415055 1.36265 0.566167 0.819707 0.0868056 0.27424 -0.0880052 -0.957626 -0.777333 0.565982 -0.274622 95.2507 15.9167 53.9324 0.54853 0.694405 0.393843 -0.248604 0
-0.29836 -0.413372 1.35454 0.558372 0.827009 0.0653919 0.261889 -0.100927 -0.959806 -0.787169 0.553055 -0.272939 96.0028 15.1822 54.6503 0.544175 0.695025 0.391676 -0.259623 0
-0.297843 -0.415101 1.35371 0.559685 0.827024 0.0527622 0.283471 -0.131233 -0.949959 -0.778715 0.546634 -0.307887 97.8654 16.4675 54.2941 0.529284 0.706895 0.392737 -0.25674 0
-0.294754 -0.41344 1.35191 0.503094 0.864201 -0.00731905 0.345947 -0.209139 -0.914648 -0.791971 0.457622 -0.404184 102.88 20.2396 57.5745 0.471638 0.727396 0.415918 -0.274709 0
-0.290838 -0.408541 1.3381 0.412597 0.909593 -0.0490259 0.351239 -0.208522 -0.91277 -0.840473 0.359387 -0.405521 102.868 20.5631 63.8531 0.44681 0.7118 0.442832 -0.312411 0
-0.289234 -0.407373 1.33278 0.368315 0.928316 -0.0507209 0.354511 -0.19067 -0.915405 -0.859457 0.319176 -0.399325 101.766 20.7635 66.8027 0.441112 0.699698 0.45835 -0.325204 0
-0.287618 -0.405032 1.32533 0.336692 0.940598 -0.0437489 0.347869 -0.167427 -0.922473 -0.875 0.29537 -0.383576 100.287 20.357 68.9537 0.443196 0.686967 0.468897 -0.33435 0
-0.286077 -0.402084 1.31506 0.330286 0.943613 -0.0224894 0.348711 -0.144128 -0.926082 -0.877104 0.298029 -0.376652 98.8461 20.4085 69.3655 0.449863 0.680269 0.474931 -0.330602 0
-0.284183 -0.399182 1.30487 0.341999 0.93968 -0.00610745 0.332281 -0.127009 -0.93459 -0.878992 0.3176 -0.355674 97.739 19.4073 68.7399 0.463497 0.675404 0.470815 -0.327618 0
-0.282866 -0.397625 1.30148 0.342232 0.939424 -0.0189889 0.314068 -0.133415 -0.93998 -0.885573 0.315727 -0.340701 98.0782 18.3045 68.8709 0.465864 0.67386 0.465042 -0.33559 0
-0.279338 -0.391233 1.28806 0.332064 0.943256 -0.00120044 0.306026 -0.108937 -0.94577 -0.892234 0.313689 -0.324835 96.5706 17.8199 69.5862 0.473891 0.664424 0.470062 -0.336169 0
-0.275028 -0.387371 1.27472 0.305751 0.952086 0.00700587 0.364835 -0.11036 -0.924508 -0.879438 0.285225 -0.381097 96.8072 21.3975 70.8292 0.451191 0.6703 0.491169 -0.325389 0
-0.272918 -0.384667 1.26627 0.320111 0.947364 0.0055428 0.351814 -0.113441 -0.929171 -0.879634 0.299388 -0.36961 96.9607 20.5983 70.0028 0.457455 0.671409 0.48375 -0.325469 0
-0.27021 -0.378942 1.2509 0.374087 0.927393 -0.000886035 0.26951 -0.109628 -0.956737 -0.887369 0.357664 -0.290952 96.5367 15.6351 67.1412 0.493332 0.666083 0.449232 -0.333387 0
-0.2666 -0.373421 1.23402 0.43781 0.899067 -0.000778501 0.226808 -0.111284 -0.967561 -0.869989 0.423432 -0.252637 96.5611 13.1092 63.2868 0.518143 0.671143 0.419387 -0.32436 0
-0.264482 -0.369558 1.22506 0.473137 0.880974 0.00517825 0.216656 -0.110656 -0.969956 -0.853933 0.460044 -0.243223 96.5084 12.5127 61.0106 0.528975 0.675836 0.406027 -0.313965 0
-0.261654 -0.368272 1.21962 0.519386 0.854432 -0.0135563 0.215268 -0.146175 -0.965553 -0.826981 0.498577 -0.259853 98.6086 12.4313 57.8691 0.527579 0.693797 0.385452 -0.302876 0
-0.260861 -0.367224 1.21375 0.546455 0.83732 -0.0167843 0.208865 -0.155663 -0.965476 -0.811025 0.524084 -0.25995 99.159 12.0558 56.0286 0.531705 0.700369 0.37344 -0.29549 0
-0.258248 -0.36525 1.21011 0.527585 0.848539 -0.0404434 0.214985 -0.179424 -0.959994 -0.821849 0.497783 -0.277084 100.587 12.4146 57.3016 0.517464 0.704289 0.377517 -0.306086 0
-0.25699 -0.362633 1.20295 0.530173 0.847854 -0.0077898 0.220931 -0.147009 -0.964146 -0.8186 0.509443 -0.265257 98.6694 12.7637 57.0706 0.528656 0.696857 0.38343 -0.29647 0
-0.254573 -0.360436 1.19696 0.541863 0.840446 -0.00586234 0.217434 -0.146917 -0.964955 -0.811854 0.521599 -0.26235 98.657 12.5583 56.2793 0.532117 0.698414 0.378672 -0.292705 0
-0.253579 -0.357569 1.18764 0.616616 0.786642 0.0312967 0.232181 -0.143724 -0.961996 -0.752248 0.600448 -0.271265 98.4972 13.4255 50.6586 0.548094 0.712672 0.357395 -0.252904 0
-0.251701 -0.35588 1.17861 0.675851 0.735638 0.0454081 0.249233 -0.170129 -0.953383 -0.693619 0.655662 -0.298327 100.118 14.4321 45.7433 0.549408 0.732173 0.336284 -0.221331 0
-0.250369 -0.354017 1.17108 0.698984 0.713393 0.049915 0.239478 -0.16773 -0.956304 -0.673848 0.680394 -0.288083 99.9482 13.8558 43.9511 0.557488 0.733961 0.324565 -0.212523 0
-0.246237 -0.350597 1.15692 0.721525 0.690265 0.0541733 0.256115 -0.193383 -0.947105 -0.643278 0.697235 -0.316317 101.54 14.8396 41.7187 0.550415 0.746864 0.316784 -0.197193 0
-0.243409 -0.346645 1.13724 0.798996 0.595069 0.0865965 0.263354 -0.216808 -0.940021 -0.540602 0.773878 -0.329943 102.988 15.2692 34.0824 0.559519 0.765792 0.28024 -0.148215 0
-0.240885 -0.344716 1.12851 0.800127 0.598009 0.046706 0.249866 -0.261502 -0.9323 -0.54531 0.757629 -0.358657 105.668 14.4696 34.2756 0.543132 0.777863 0.272501 -0.160248 0
-0.238736 -0.343055 1.1205 0.809264 0.585994 0.0412573 0.234403 -0.257718 -0.937356 -0.538652 0.76824 -0.345921 105.373 13.5565 33.648 0.549005 0.776676 0.264073 -0.160104 0
-0.236341 -0.339777 1.11074 0.829845 0.556725 0.0376063 0.209503 -0.248398 -0.945731 -0.517171 0.792688 -0.322768 104.716 12.0932 31.9317 0.560954 0.77476 0.247247 -0.154746 0
-0.233966 -0.335611 1.09902 0.8534 0.519376 0.0442347 0.195607 -0.240432 -0.950752 -0.483163 0.820025 -0.306779 104.192 11.2802 29.5169 0.571443 0.774695 0.230731 -0.141645 0
-0.232058 -0.331981 1.08696 0.882192 0.466963 0.0606882 0.188933 -0.232954 -0.953958 -0.431325 0.853041 -0.293735 103.723 10.8905 26.0551 0.58213 0.776029 0.211299 -0.119402 0
-0.230447 -0.329684 1.0801 0.88752 0.456124 0.0652632 0.180426 -0.213699 -0.960093 -0.423975 0.863877 -0.271958 102.548 10.3946 25.5342 0.592001 0.770256 0.206603 -0.116426 0
-0.229624 -0.329556 1.07597 0.893535 0.445824 0.0532483 0.161838 -0.209175 -0.964393 -0.418812 0.870337 -0.259056 102.238 9.31357 25.1131 0.59693 0.768402 0.197703 -0.118936 0
-0.227882 -0.327877 1.06891 0.886572 0.460233 0.04665 0.149452 -0.189533 -0.970434 -0.437784 0.867331 -0.236818 101.051 8.59518 26.2799 0.604198 0.760415 0.200445 -0.128592 0
-0.226637 -0.325925 1.06232 0.87817 0.475523 0.0519193 0.151949 -0.174387 -0.972883 -0.453574 0.862245 -0.225397 100.162 8.73987 27.3163 0.607944 0.754645 0.20787 -0.133061 0
-0.222309 -0.323955 1.04974 0.844482 0.532213 0.0600025 0.14504 -0.119407 -0.982194 -0.515571 0.838148 -0.178029 96.9315 8.33962 31.4048 0.621901 0.731765 0.231377 -0.155641 0
-0.220985 -0.324451 1.04682 0.870105 0.490218 0.0510139 0.0992067 -0.0728127 -0.992399 -0.482778 0.868553 -0.111988 94.1963 5.69349 29.0237 0.649097 0.716747 0.20559 -0.150598 0
-0.217135 -0.324131 1.04766 0.878493 0.476705 0.0316508 0.0830472 -0.0871309 -0.992729 -0.470481 0.874735 -0.116133 95.0159 4.76374 28.1715 0.647153 0.721415 0.193977 -0.152073 0
-0.218531 -0.325509 1.04131 0.843908 0.536316 0.0135958 0.027894 -0.0185559 -0.999439 -0.535762 0.843814 -0.0306195 91.0637 1.59842 32.4098 0.669838 0.687947 0.205034 -0.189755 0
-0.217119 -0.325198 1.03713 0.827123 0.562021 0.000258582 -0.00601089 0.00930626 -0.999939 -0.561988 0.827071 0.0110757 89.4668 -0.344401 34.1941 0.679615 0.672075 0.206826 -0.208953 0
-0.215924 -0.322649 1.02965 0.825921 0.563783 -0.00147566 -0.00237244 0.000858114 -0.999997 -0.56378 0.825922 0.00204628 89.9508 -0.135931 34.3177 0.67617 0.675096 0.2079 -0.209324 0
-0.21284 -0.32027 1.0179 0.804043 0.593724 -0.0317172 -0.0360025 -0.0046297 -0.999341 -0.59348 0.804655 0.0176531 90.2654 -2.06324 36.4317 0.673993 0.669145 0.208371 -0.23358 0
-0.210646 -0.319826 1.01132 0.780468 0.616537 -0.103687 -0.124602 -0.00912686 -0.992165 -0.612653 0.787273 0.0696985 90.527 -7.15777 38.1312 0.678425 0.655724 0.187554 -0.27311 0
-0.209149 -0.318358 1.0051 0.766297 0.630763 -0.12218 -0.125345 -0.0397419 -0.991317 -0.630141 0.774957 0.0486091 92.2958 -7.2007 39.4312 0.666176 0.66284 0.190626 -0.283749 0
-0.206089 -0.317273 0.99975 0.827999 0.550811 -0.105002 -0.123576 -0.0034052 -0.992329 -0.546943 0.834623 0.0652477 90.1966 -7.09855 33.4472 0.687357 0.664484 0.160739 -0.245283 0
-0.204787 -0.314723 0.991028 0.831308 0.550298 -0.0780971 -0.0955499 0.00307478 -0.99542 -0.547538 0.834963 0.055137 89.823 -5.48297 33.3707 0.687299 0.665788 0.170756 -0.234923 0
-0.20094 -0.306588 0.97021 0.609125 0.792986 -0.0118325 0.0351536 -0.041902 -0.998503 -0.792295 0.607797 -0.0533999 92.403 2.01457 52.4465 0.615188 0.652769 0.317164 -0.307968 0
-0.198675 -0.303001 0.958069 0.57412 0.818753 0.00549965 0.0658222 -0.0394581 -0.997051 -0.816121 0.572789 -0.0765458 92.2663 3.77406 54.8746 0.603762 0.650024 0.340209 -0.311766 0
-0.194533 -0.297279 0.941726 0.571202 0.820631 0.0170854 0.0941482 -0.0448257 -0.994549 -0.815392 0.569697 -0.102866 92.5807 5.40229 54.9878 0.596555 0.655533 0.348869 -0.304449 0
-0.191747 -0.292946 0.928663 0.533303 0.845843 0.0117324 0.0946325 -0.0458719 -0.994455 -0.840615 0.531456 -0.104508 92.6411 5.43017 57.6082 0.587989 0.648784 0.362399 -0.319398 0
-0.189657 -0.290459 0.919849 0.519731 0.854093 0.0201172 0.104183 -0.0399904 -0.993754 -0.847954 0.51858 -0.109766 92.3044 5.98009 58.4949 0.585229 0.646043 0.370825 -0.320349 0
-0.187056 -0.287139 0.907845 0.474771 0.879551 0.0313563 0.102683 -0.0199725 -0.994514 -0.874099 0.475386 -0.0997976 91.1505 5.89371 61.4912 0.582022 0.631376 0.388926 -0.333693