-0.335647 -0.387539 1.45473 0.850643 0.52353 0.048196 0.191155 -0.222585 -0.955989 -0.489761 0.822419 -0.289416 103.107 11.0202 29.9313 0.578499 0.768545 0.23248 -0.143637 0
-0.335414 -0.384777 1.45383 0.870468 0.491027 0.0343377 0.150522 -0.19912 -0.968346 -0.468647 0.848082 -0.247238 101.62 8.65715 28.2973 0.59668 0.761056 0.210743 -0.142666 0
-0.33554 -0.384945 1.45403 0.877395 0.478973 0.0276033 0.13993 -0.200446 -0.96966 -0.458908 0.854638 -0.242893 101.68 8.0438 27.6111 0.59876 0.761698 0.203133 -0.14156 0
-0.335933 -0.385589 1.45712 0.888798 0.457919 0.0186639 0.125948 -0.204897 -0.970646 -0.440654 0.865059 -0.239786 101.92 7.23552 26.3716 0.600857 0.763787 0.191109 -0.138124 0
-0.336703 -0.386517 1.46156 0.916499 0.399371 0.0230538 0.115907 -0.20995 -0.970818 -0.382876 0.892426 -0.238709 102.203 6.65595 22.6732 0.605772 0.768953 0.167526 -0.116984 0
-0.337471 -0.387737 1.46512 0.923587 0.382643 0.0239012 0.112413 -0.210676 -0.971071 -0.366538 0.899555 -0.237592 102.241 6.45446 21.6463 0.607313 0.770041 0.160724 -0.11124 0
-0.336834 -0.389175 1.47028 0.936635 0.34922 0.0275792 0.109181 -0.216211 -0.970223 -0.332858 0.911756 -0.240639 102.563 6.26813 19.564 0.608232 0.773544 0.14815 -0.0986624 0
-0.340787 -0.391829 1.47882 0.936375 0.349428 0.0332 0.115216 -0.21664 -0.969429 -0.331553 0.911574 -0.243116 102.597 6.61606 19.4981 0.607581 0.773972 0.150084 -0.0963708 0
-0.342099 -0.393586 1.4856 0.929257 0.368137 0.0309151 0.119209 -0.219596 -0.96828 -0.349671 0.903467 -0.247946 102.778 6.84645 20.6209 0.604507 0.77408 0.157395 -0.102947 0
-0.343389 -0.395466 1.49327 0.926283 0.375568 0.0307874 0.121523 -0.220381 -0.967814 -0.356695 0.900211 -0.249776 102.828 6.98001 21.0608 0.60335 0.774022 0.160555 -0.105264 0
-0.34642 -0.389081 1.50258 0.91188 0.409843 0.0224343 0.11917 -0.212053 -0.969965 -0.392776 0.887165 -0.242208 102.332 6.84422 23.3031 0.603659 0.769113 0.171956 -0.120379 0
-0.34652 -0.381492 1.50594 0.912035 0.4095 0.0224157 0.115037 -0.202981 -0.972402 -0.393649 0.889443 -0.232233 101.791 6.60576 23.3458 0.607623 0.766037 0.171185 -0.121154 0
-0.34557 -0.383827 1.51491 0.901086 0.431918 0.0386124 0.137704 -0.200572 -0.969953 -0.411196 0.879328 -0.240209 101.683 7.915 24.5288 0.604215 0.765158 0.186113 -0.121734 0
-0.347394 -0.373346 1.51425 0.900579 0.433962 0.0251724 0.129922 -0.213454 -0.968276 -0.414822 0.87528 -0.248613 102.432 7.46506 24.7316 0.59969 0.768545 0.183426 -0.126749 0
-0.34166 -0.361047 1.51999 0.902945 0.428882 0.0274017 0.126054 -0.203352 -0.970958 -0.410854 0.880175 -0.237678 101.829 7.24163 24.4663 0.604548 0.765502 0.181233 -0.125229 0
-0.317555 -0.344037 1.5425 0.923868 0.382138 0.020918 0.0957009 -0.177757 -0.97941 -0.370552 0.906848 -0.200795 100.287 5.49166 21.8551 0.621554 0.758686 0.157456 -0.11521 0
-0.31099 -0.332774 1.55599 0.919114 0.391879 0.0407503 0.108713 -0.152834 -0.982254 -0.378697 0.907234 -0.183074 98.844 6.24112 22.3928 0.629128 0.750836 0.166678 -0.112523 0
-0.31274 -0.323746 1.56472 0.919282 0.391781 0.0377882 0.107729 -0.158107 -0.981528 -0.37857 0.906372 -0.187551 99.1507 6.18442 22.3824 0.627221 0.752486 0.165953 -0.113219 0
-0.313558 -0.313602 1.57026 0.926562 0.375519 0.0216413 0.089535 -0.164308 -0.982337 -0.365331 0.912134 -0.185863 99.4955 5.13686 21.5186 0.627772 0.754442 0.154105 -0.113889 0
-0.315254 -0.304354 1.57817 0.932982 0.359221 0.0224613 0.0901848 -0.172904 -0.980801 -0.34844 0.917096 -0.193713 99.9979 5.17424 20.4791 0.625773 0.758222 0.148177 -0.107481 0
-0.31713 -0.295849 1.58705 0.937457 0.346633 0.0319303 0.0970879 -0.172274 -0.980253 -0.334287 0.922045 -0.195154 99.9677 5.5715 19.6257 0.626504 0.759092 0.146135 -0.0995784 0
-0.319033 -0.287089 1.59676 0.946493 0.321204 0.0312973 0.0882805 -0.164411 -0.982434 -0.310416 0.932629 -0.18397 99.5004 5.06469 18.1576 0.632082 0.757442 0.135154 -0.0921254 0
-0.320679 -0.295643 1.60253 0.938719 0.342737 0.0365941 0.0939598 -0.152299 -0.983858 -0.331631 0.927004 -0.175169 98.7994 5.39145 19.4573 0.634675 0.752693 0.145045 -0.0979937 0
-0.321951 -0.298578 1.61028 0.937571 0.346649 0.028201 0.0861522 -0.152923 -0.984476 -0.336955 0.925445 -0.17324 98.8294 4.94228 19.768 0.634706 0.752286 0.143829 -0.102605 0
-0.3231 -0.299872 1.61701 0.936019 0.350956 0.0264231 0.084634 -0.151578 -0.984815 -0.341621 0.924042 -0.171583 98.75 4.85498 20.0507 0.634992 0.751528 0.144901 -0.104852 0
-0.324247 -0.301839 1.62349 0.930753 0.364612 0.0275188 0.0900843 -0.155717 -0.983685 -0.354378 0.918047 -0.17778 98.9953 5.16846 20.844 0.631913 0.752371 0.151088 -0.10861 0
-0.325705 -0.303683 1.63095 0.936326 0.350097 0.0269481 0.0885211 -0.161085 -0.982963 -0.339792 0.922759 -0.181819 99.3068 5.07853 19.9458 0.631154 0.754856 0.145266 -0.10361 0
-0.326532 -0.304582 1.63612 0.940566 0.33885 0.0227411 0.0814305 -0.160009 -0.983751 -0.329705 0.927134 -0.178092 99.2384 4.6708 19.3176 0.632942 0.754763 0.139209 -0.101676 0
-0.328067 -0.305363 1.64169 0.948659 0.315465 0.0229587 0.0760844 -0.157139 -0.984641 -0.307013 0.935836 -0.173074 99.0674 4.36353 17.933 0.636091 0.754797 0.129687 -0.0940829 0
-0.329675 -0.307294 1.65137 0.956982 0.289393 0.0209233 0.0689424 -0.15675 -0.985229 -0.281839 0.944289 -0.169958 99.04 3.95324 16.4101 0.638411 0.755594 0.118561 -0.0863281 0
-0.331479 -0.308925 1.6595 0.959771 0.279624 0.0254971 0.0730982 -0.161155 -0.984218 -0.271102 0.946488 -0.175112 99.299 4.19196 15.7732 0.637084 0.757634 0.116389 -0.0810435 0
-0.332759 -0.310012 1.66483 0.951405 0.307163 0.0219123 0.0743409 -0.160045 -0.984306 -0.298835 0.938103 -0.175102 99.2353 4.26335 17.4375 0.635661 0.756067 0.126147 -0.0915669 0
-0.333888 -0.311512 1.67201 0.9558 0.293278 0.0208416 0.0747249 -0.173748 -0.981951 -0.284364 0.940106 -0.187984 100.034 4.28542 16.5685 0.631282 0.761172 0.120867 -0.0865515 0
-0.336601 -0.31415 1.68443 0.967727 0.251138 0.0208401 0.0675903 -0.179 -0.981525 -0.242768 0.951256 -0.190198 100.335 3.87559 14.0828 0.632165 0.76435 0.104248 -0.0725872 0
-0.345744 -0.319208 1.73013 0.879981 0.470149 0.0677744 0.151419 -0.142406 -0.978158 -0.450228 0.871023 -0.196504 98.2833 8.70918 27.0958 0.620699 0.744797 0.208637 -0.128375 0
-0.349561 -0.320064 1.73993 0.87721 0.477581 0.049189 0.133946 -0.14506 -0.980314 -0.461044 0.86653 -0.191218 98.4172 7.69767 27.7255 0.620671 0.74389 0.205517 -0.138413 0
-0.349233 -0.320528 1.75076 0.869523 0.493889 -0.00177275 0.0874889 -0.15756 -0.983626 -0.486081 0.855131 -0.180212 99.1005 5.01916 29.2061 0.61882 0.742849 0.195658 -0.164184 0
-0.351017 -0.322057 1.75878 0.870123 0.49282 -0.00393705 0.0872926 -0.161976 -0.982926 -0.485043 0.854922 -0.183959 99.3577 5.00787 29.1371 0.61729 0.744321 0.194846 -0.164237 0
-0.338014 -0.325888 1.77892 0.821209 0.570156 0.0231916 0.137027 -0.157584 -0.977952 -0.553931 0.806281 -0.207536 99.1538 7.87585 34.0009 0.603342 0.739312 0.239136 -0.179471 0
-0.327149 -0.328956 1.79373 0.811097 0.584008 0.0325142 0.146379 -0.148851 -0.977966 -0.5663 0.797984 -0.206219 98.6543 8.41716 34.9224 0.60333 0.735895 0.248129 -0.181339 0
-0.3173 -0.331117 1.80494 0.805585 0.591692 0.0305579 0.142105 -0.142889 -0.979484 -0.575186 0.7934 -0.199192 98.2999 8.16966 35.5268 0.604877 0.732746 0.250358 -0.185818 0
-0.306826 -0.333108 1.8174 0.803529 0.594606 0.0280031 0.130796 -0.130468 -0.982787 -0.580718 0.793361 -0.182607 97.562 7.51559 35.856 0.610421 0.727428 0.249304 -0.189955 0
-0.296592 -0.334719 1.829 0.798432 0.601648 0.0229534 0.116576 -0.117079 -0.986257 -0.590692 0.790135 -0.163617 96.7699 6.69454 36.4946 0.615982 0.720959 0.249051 -0.196869 0
-0.287283 -0.336747 1.84121 0.811253 0.584227 0.0233828 0.109567 -0.112617 -0.987579 -0.574337 0.803739 -0.155373 96.5056 6.29034 35.2971 0.621141 0.720979 0.240573 -0.191044 0
-0.276003 -0.338999 1.85216 0.814156 0.580317 0.0195532 0.105103 -0.114168 -0.987886 -0.571055 0.806348 -0.153944 96.5923 6.0331 35.0461 0.6217 0.721503 0.237497 -0.191095 0
-0.264244 -0.340238 1.85794 0.805132 0.592532 0.0258353 0.119298 -0.119125 -0.985686 -0.580973 0.79669 -0.166599 96.891 6.8516 35.8137 0.616321 0.72299 0.246141 -0.191959 0
-0.251224 -0.341569 1.86448 0.803409 0.594808 0.0271397 0.127274 -0.127026 -0.9837 -0.581666 0.793768 -0.177757 97.3579 7.31211 35.9044 0.612092 0.725981 0.248658 -0.190958 0
-0.239273 -0.342827 1.87001 0.811791 0.583401 0.025256 0.123909 -0.129829 -0.983764 -0.57065 0.80174 -0.177683 97.518 7.11776 35.1054 0.613245 0.727891 0.242931 -0.18732 0
-0.227291 -0.344184 1.87772 0.81412 0.580257 0.0226002 0.119568 -0.129418 -0.984355 -0.568254 0.804085 -0.174742 97.49 6.86715 34.915 0.614402 0.727716 0.240418 -0.187454 0
-0.215637 -0.345904 1.88571 0.783139 0.621507 0.0205209 0.127857 -0.128638 -0.983415 -0.60856 0.772775 -0.180205 97.4524 7.34577 37.85 0.607103 0.723184 0.25905 -0.203281 0
-0.203498 -0.347292 1.89258 0.757144 0.653093 0.0142219 0.12369 -0.121951 -0.984799 -0.641431 0.747394 -0.173115 97.0592 7.1051 40.2703 0.604582 0.716277 0.271118 -0.218913 0
-0.191103 -0.348502 1.9006 0.740853 0.671503 0.0148674 0.139138 -0.131778 -0.981466 -0.657098 0.729191 -0.19106 97.6472 7.99799 41.5713 0.595402 0.718278 0.282147 -0.223531 0
-0.179514 -0.34878 1.90175 0.779579 0.625984 0.0200095 0.145666 -0.150149 -0.977874 -0.609129 0.765244 -0.208238 98.7294 8.37583 38.0025 0.596069 0.731089 0.26387 -0.201453 0
-0.166988 -0.351231 1.90832 0.785789 0.618428 0.00914484 0.146228 -0.171393 -0.97429 -0.600961 0.766924 -0.22511 99.9772 8.40837 37.4083 0.58934 0.738629 0.258809 -0.200309 0
-0.153045 -0.350529 1.90822 0.76681 0.64186 0.00417244 0.14269 -0.164122 -0.976065 -0.625813 0.749052 -0.217438 99.5448 8.20353 39.2187 0.588483 0.732866 0.267631 -0.212058 0
-0.139953 -0.348993 1.91341 0.785135 0.619312 0.0039177 0.138522 -0.169439 -0.975757 -0.603635 0.766644 -0.21882 99.8511 7.96231 37.5541 0.590948 0.737122 0.257025 -0.203398 0
-0.12811 -0.348703 1.9273 0.837422 0.546529 0.00547746 0.125332 -0.182266 -0.975229 -0.531992 0.817365 -0.221131 100.586 7.1999 32.4267 0.598754 0.748468 0.224412 -0.175864 0
-0.115907 -0.343984 1.93363 0.835851 0.5486 -0.0197628 0.0998267 -0.1873 -0.977217 -0.539803 0.814835 -0.21132 100.85 5.72919 32.8549 0.599423 0.747407 0.216892 -0.187169 0
-0.112882 -0.345478 1.9914 0.800294 0.599608 -0.000437938 0.108278 -0.145236 -0.983454 -0.589751 0.787005 -0.181156 98.4007 6.21605 36.3872 0.607022 0.729158 0.242707 -0.202353 0
-0.106594 -0.334036 2.0018 0.812494 0.582903 0.00881668 0.113606 -0.143483 -0.98311 -0.571793 0.799773 -0.1828 98.3036 6.52324 35.136 0.609551 0.731228 0.23813 -0.192476 0
-0.0987727 -0.321293 2.01147 0.821692 0.569907 0.00522921 0.103867 -0.140721 -0.984586 -0.560387 0.80957 -0.174824 98.1339 5.96188 34.2936 0.613626 0.730965 0.23044 -0.189872 0
-0.0978274 -0.309949 2.02723 0.844525 0.535506 0.00331161 0.0859669 -0.129466 -0.98785 -0.528571 0.834549 -0.155373 97.4665 4.93163 32.0416 0.624437 0.729617 0.212945 -0.179978 0
-0.0983631 -0.296606 2.03741 0.854186 0.519967 -0.000699028 0.0498064 -0.0831584 -0.995291 -0.517577 0.850129 -0.0969304 94.7761 2.85488 31.2129 0.646935 0.71314 0.199741 -0.181688 0
-0.0987856 -0.282849 2.04689 0.878445 0.477838 -0.00232341 0.0364853 -0.0719202 -0.996743 -0.476449 0.875499 -0.080612 94.127 2.09092 28.4744 0.65687 0.712562 0.180449 -0.167976 0
-0.0992857 -0.270726 2.05616 0.892264 0.451486 0.00496258 0.0456865 -0.0793439 -0.9958 -0.449196 0.888743 -0.0914226 94.5556 2.61855 26.7222 0.656029 0.718163 0.173071 -0.154642 0
-0.099554 -0.260019 2.06534 0.90001 0.435849 0.00421704 0.0512005 -0.0961089 -0.994053 -0.432852 0.894873 -0.108815 95.5224 2.93486 25.6848 0.650977 0.725419 0.167851 -0.14772 0
-0.0998952 -0.262753 2.07297 0.910131 0.414258 0.00715902 0.0636535 -0.122732 -0.990396 -0.409401 0.901846 -0.138071 97.0642 3.64954 24.2195 0.642131 0.736705 0.162179 -0.1365 0
-0.100637 -0.259568 2.08528 0.908957 0.41678 0.00955072 0.0601709 -0.108488 -0.992275 -0.412525 0.90251 -0.123689 96.2395 3.44962 24.4106 0.647453 0.731631 0.162975 -0.137697 0
-0.0999732 -0.270039 2.07775 0.926852 0.375415 -0.00293324 0.049384 -0.129661 -0.990328 -0.372164 0.917743 -0.138716 97.4591 2.83064 21.8772 0.643909 0.740815 0.143355 -0.126583 0
-0.100885 -0.26419 2.09084 0.923635 0.383272 0.000479713 0.0469423 -0.111882 -0.992612 -0.380387 0.916834 -0.12133 96.431 2.69058 22.3837 0.650081 0.734311 0.146469 -0.129341 0
-0.101447 -0.262318 2.10054 0.930174 0.367105 0.00308835 0.046305 -0.108975 -0.992965 -0.364186 0.923774 -0.118364 96.263 2.65403 21.3815 0.652464 0.734424 0.140726 -0.122919 0
-0.101898 -0.263696 2.11165 0.932012 0.36241 0.00345026 0.0489094 -0.116336 -0.992005 -0.359111 0.924729 -0.126152 96.6888 2.80342 21.0721 0.649908 0.737309 0.139466 -0.120594 0
-0.102197 -0.265174 2.11881 0.933304 0.359061 0.00431523 0.0529081 -0.125618 -0.990667 -0.355168 0.924822 -0.136237 97.2266 3.03283 20.8343 0.646423 0.740803 0.139028 -0.118403 0
-0.102453 -0.265686 2.12455 0.936052 0.351789 0.007086 0.0553042 -0.127207 -0.990333 -0.347487 0.927396 -0.138528 97.3195 3.17031 20.3662 0.646204 0.741921 0.137175 -0.114703 0
-0.103002 -0.266484 2.13149 0.940009 0.340985 0.0105561 0.0582257 -0.129871 -0.98982 -0.336143 0.931055 -0.141934 97.4749 3.33798 19.6768 0.645795 0.743609 0.134214 -0.109462 0
-0.103336 -0.268971 2.14377 0.942336 0.33462 0.00571063 0.0490485 -0.121208 -0.991415 -0.331055 0.934526 -0.130631 96.9702 2.8114 19.3571 0.650096 0.740637 0.129506 -0.109819 0
-0.104033 -0.270207 2.15532 0.931946 0.36251 0.00794373 0.0555092 -0.120986 -0.991101 -0.358323 0.924094 -0.132875 96.9598 3.18208 21.0312 0.647705 0.739224 0.141371 -0.118496 0
-0.104798 -0.272347 2.17294 0.928405 0.371488 -0.00778972 0.0359946 -0.110782 -0.993193 -0.369822 0.921805 -0.116222 96.3645 2.06278 21.7194 0.652189 0.734066 0.138776 -0.128603 0
-0.105205 -0.272567 2.1819 0.929563 0.368638 -0.00431908 0.039529 -0.111311 -0.992999 -0.366538 0.922885 -0.118043 96.3959 2.26544 21.5199 0.65196 0.734663 0.138896 -0.1262 0
-0.106107 -0.2677 2.18531 0.876622 0.481077 -0.00997201 0.0510402 -0.113573 -0.992218 -0.478466 0.869291 -0.124115 96.5299 2.92566 28.626 0.640104 0.727033 0.182975 -0.167956 0
-0.105731 -0.259818 2.1927 0.814334 0.580074 -0.0193404 0.0545999 -0.10974 -0.99246 -0.577822 0.807138 -0.121037 96.3098 3.1299 35.3581 0.629197 0.715037 0.221902 -0.208787 0
-0.105746 -0.257914 2.1936 0.813693 0.581043 -0.0171321 0.0532566 -0.103864 -0.993165 -0.578851 0.807218 -0.115458 95.9702 3.05282 35.4276 0.631342 0.712919 0.22243 -0.208994 0
-0.105827 -0.257684 2.19417 0.820295 0.571918 -0.00502247 0.065583 -0.102781 -0.99254 -0.568168 0.813846 -0.121819 95.9121 3.76033 34.7079 0.631604 0.714999 0.222903 -0.200416 0
-0.106252 -0.254287 2.19859 0.810961 0.58509 0.00340938 0.0730557 -0.0954736 -0.992748 -0.580522 0.805329 -0.12017 95.4933 4.18952 35.5968 0.631529 0.711794 0.231157 -0.202696 0
-0.105821 -0.212418 2.22109 0.811426 0.583766 0.0283696 0.0932051 -0.0813295 -0.99232 -0.576975 0.807838 -0.120403 94.6854 5.34802 35.4152 0.634369 0.709429 0.238562 -0.193326 0
-0.106516 -0.199478 2.22371 0.810114 0.585861 0.0219757 0.0819895 -0.0760984 -0.993724 -0.580511 0.806831 -0.109683 94.3791 4.70293 35.6246 0.637247 0.706381 0.236363 -0.197675 0
-0.107392 -0.197476 2.22409 0.806968 0.59039 0.0155523 0.0646572 -0.0621397 -0.995971 -0.587045 0.804723 -0.0883177 93.5701 3.70717 36.0347 0.643528 0.69954 0.234099 -0.204239 0
-0.107847 -0.199714 2.22522 0.800622 0.598692 0.0239381 0.0654016 -0.0476078 -0.996723 -0.59559 0.799563 -0.0772712 92.7346 3.74992 36.6459 0.647252 0.693812 0.239292 -0.205982 0
-0.107852 -0.201666 2.22619 0.79872 0.601525 0.0146096 0.0506687 -0.0430454 -0.997787 -0.599565 0.797693 -0.0648597 92.4703 2.90435 36.894 0.650157 0.690403 0.236164 -0.211817 0
-0.10751 -0.201695 2.22923 0.798439 0.602055 0.00494519 0.0380576 -0.0422709 -0.998381 -0.600872 0.797335 -0.0566635 92.4244 2.18106 36.9636 0.651825 0.688726 0.232354 -0.216315 0
-0.105992 -0.20673 2.22992 0.792847 0.60942 0.000962134 0.0379893 -0.0478478 -0.998132 -0.608236 0.791402 -0.0610874 92.7445 2.17715 37.4938 0.648828 0.689526 0.23473 -0.220178 0
-0.100351 -0.203216 2.23902 0.807596 0.589698 -0.00667716 0.0255813 -0.046341 -0.998598 -0.589181 0.806293 -0.0525101 92.657 1.46586 36.1126 0.653595 0.690371 0.222808 -0.215775 0
-0.0975851 -0.202867 2.24199 0.796648 0.604419 0.00550252 0.0310424 -0.0318202 -0.999011 -0.603646 0.796031 -0.0441121 91.8244 1.77888 37.1524 0.65588 0.684211 0.232188 -0.218552 0
-0.0924941 -0.203291 2.24472 0.799734 0.60016 0.015262 0.0203107 -0.00164008 -0.999792 -0.600011 0.799878 -0.0135013 90.094 1.1638 36.8795 0.667943 0.673587 0.230286 -0.217028 0
-0.0929264 -0.203005 2.24458 0.802216 0.596921 0.0115954 0.0173964 -0.0039571 -0.999841 -0.59678 0.80229 -0.0135587 90.2268 0.996788 36.6461 0.667963 0.674487 0.227698 -0.2169 0
-0.0930565 -0.20304 2.24385 0.800828 0.598891 0.00215665 0.0216183 -0.0253085 -0.999446 -0.598505 0.800431 -0.0332147 91.4506 1.23873 36.7729 0.659982 0.68179 0.227529 -0.21867 0
-0.0931795 -0.203652 2.24216 0.806197 0.591646 0.0015475 0.0393967 -0.0510731 -0.997918 -0.590334 0.804579 -0.0644838 92.9298 2.25785 36.2133 0.650123 0.693137 0.227604 -0.212363 0
-0.0929023 -0.204091 2.24174 0.806351 0.591432 0.00229357 0.049147 -0.0631408 -0.996794 -0.589391 0.803879 -0.0799808 93.6245 2.81705 36.1644 0.644831 0.698118 0.229395 -0.210243 0
-0.0925324 -0.222729 2.25696 0.822579 0.568649 0.00142865 0.0604178 -0.0848987 -0.994556 -0.565432 0.818188 -0.104192 94.8791 3.46379 34.5042 0.63904 0.709167 0.221763 -0.198826 0
-0.0925506 -0.229588 2.27759 0.826436 0.56301 0.00493496 0.0509722 -0.0660869 -0.996511 -0.560719 0.823804 -0.0833144 93.7942 2.92176 34.1561 0.647502 0.702822 0.218399 -0.197697 0
-0.0944419 -0.23117 2.28505 0.816553 0.577081 0.0147952 0.0644898 -0.065722 -0.995752 -0.573657 0.814038 -0.0908813 93.7762 3.69756 35.0894 0.644195 0.702345 0.228367 -0.198927 0
-0.0955588 -0.232173 2.2941 0.802492 0.596645 0.00457481 0.0661277 -0.0813171 -0.994492 -0.592987 0.798375 -0.104711 94.6745 3.79161 36.4618 0.635701 0.705075 0.235001 -0.208635 0
-0.0972523 -0.232994 2.30199 0.796696 0.60438 -0.000143178 0.0634199 -0.0838359 -0.994459 -0.601044 0.792273 -0.105121 94.8188 3.63613 37.0316 0.633983 0.704566 0.236954 -0.213318 0
-0.0969994 -0.233821 2.30948 0.794807 0.60686 -0.0015098 0.0642468 -0.0866176 -0.994168 -0.603452 0.790075 -0.107833 94.9794 3.68361 37.2073 0.632526 0.705205 0.237912 -0.214463 0
-0.0961589 -0.234651 2.31814 0.770654 0.637251 -0.00174377 0.0661241 -0.0826876 -0.994379 -0.633814 0.766207 -0.105861 94.7535 3.7914 39.4351 0.628909 0.699858 0.251257 -0.227031 0
-0.0959833 -0.236025 2.3312 0.750363 0.661024 0.0017388 0.0701271 -0.0769888 -0.994563 -0.657296 0.746405 -0.104125 94.4264 4.02129 41.2174 0.626348 0.694888 0.263046 -0.23585 0
-0.0960192 -0.236914 2.33947 0.727001 0.686616 0.00531089 0.0756235 -0.0723792 -0.994506 -0.682459 0.723409 -0.104544 94.1626 4.33705 43.1899 0.622511 0.689914 0.276208 -0.245374 0
-0.0966228 -0.237747 2.34825 0.717526 0.696522 0.00372816 0.0761187 -0.0730915 -0.994416 -0.69236 0.713803 -0.105463 94.2038 4.3655 43.9774 0.620276 0.688491 0.280556 -0.250051 0
-0.098557 -0.238863 2.35936 0.721909 0.691985 0.00204804 0.0680618 -0.0680591 -0.995357 -0.688633 0.718697 -0.0962302 93.9116 3.90267 43.6486 0.624023 0.686695 0.276705 -0.24996 0
-0.100008 -0.239976 2.36885 0.735073 0.677973 -0.0045939 0.0684316 -0.0809328 -0.994368 -0.674526 0.730618 -0.105886 94.6531 3.92391 42.5405 0.622144 0.693162 0.269203 -0.244936 0
-0.100062 -0.240909 2.37843 0.707321 0.706884 -0.00356189 0.0725787 -0.0776339 -0.994337 -0.703157 0.703057 -0.106217 94.4644 4.16211 44.8308 0.617145 0.687599 0.2834 -0.256951 0
-0.0992852 -0.241765 2.38811 0.702313 0.711868 -0.000130085 0.075009 -0.0741839 -0.99442 -0.707905 0.698384 -0.105497 94.2664 4.30174 45.2272 0.616975 0.685929 0.286792 -0.258057 0
-0.0992424 -0.242707 2.39703 0.700507 0.713646 9.2519e-05 0.0742463 -0.0727504 -0.994583 -0.709773 0.696719 -0.103948 94.1835 4.25792 45.3765 0.617213 0.685056 0.287529 -0.258986 0
-0.0960716 -0.244891 2.4234 0.633889 0.773423 -0.00138423 0.0751649 -0.0633853 -0.995155 -0.769763 0.630713 -0.0983135 93.6445 4.3107 50.5291 0.606669 0.669998 0.316638 -0.287743 0
-0.10672 -0.245467 2.44791 0.612698 0.790218 0.0124875 0.092902 -0.0563228 -0.994081 -0.784838 0.610232 -0.107922 93.2428 5.33058 52.022 0.601759 0.66651 0.331248 -0.289699 0
-0.109933 -0.245331 2.45256 0.628428 0.777867 0.00124283 0.0616051 -0.0481771 -0.996937 -0.775424 0.62658 -0.0781964 92.7667 3.53195 50.9776 0.612792 0.662345 0.316856 -0.292213 0
-0.110298 -0.247475 2.4612 0.63316 0.774019 0.00175195 0.0539414 -0.0418667 -0.997666 -0.772139 0.631776 -0.06826 92.403 3.09212 50.648 0.617056 0.660168 0.313542 -0.291739 0
-0.110712 -0.250314 2.47106 0.657503 0.753452 5.42771e-05 0.0467788 -0.0407498 -0.998074 -0.751998 0.656239 -0.0620387 92.338 2.6812 48.8355 0.623441 0.66338 0.301573 -0.283376 0
-0.111149 -0.250678 2.47831 0.683237 0.73019 0.00306882 0.0485181 -0.041204 -0.997972 -0.728583 0.682 -0.0635796 92.3643 2.78098 46.8397 0.628183 0.668584 0.291178 -0.271288 0
-0.11188 -0.252338 2.49589 0.711642 0.70254 0.00161612 0.0460894 -0.0443909 -0.997951 -0.701029 0.710258 -0.0639701 92.547 2.64167 44.5695 0.633104 0.674537 0.27746 -0.259219 0
-0.112486 -0.253828 2.50874 0.729618 0.683853 0.00143417 0.0438711 -0.0447139 -0.998036 -0.682446 0.728248 -0.0626254 92.5652 2.51443 43.0867 0.636844 0.677672 0.268465 -0.251232 0
-0.112879 -0.255087 2.51856 0.725759 0.687944 0.00255896 0.0499199 -0.0489533 -0.997553 -0.686135 0.724111 -0.0698704 92.8094 2.86139 43.3924 0.633825 0.679077 0.271642 -0.251656 0
-0.113228 -0.257482 2.5289 0.757678 0.652611 0.00481025 0.055965 -0.0576281 -0.996768 -0.650225 0.755498 -0.080187 93.3089 3.20824 40.6356 0.636369 0.688384 0.257333 -0.234395 0
-0.114479 -0.274325 2.55414 0.763935 0.645268 -0.00569803 0.0765817 -0.0994259 -0.992094 -0.640733 0.757458 -0.125371 95.723 4.39211 39.9875 0.62031 0.705112 0.255935 -0.229195 0
-0.118008 -0.284947 2.56969 0.779614 0.626099 -0.0142067 0.0698356 -0.109458 -0.991535 -0.622354 0.772023 -0.129059 96.2995 4.00454 38.5998 0.620705 0.710305 0.244942 -0.224045 0
-0.120015 -0.297321 2.58566 0.749069 0.66248 -0.00399595 0.095014 -0.113398 -0.988996 -0.655643 0.740447 -0.147888 96.541 5.45212 41.1949 0.609874 0.708935 0.267124 -0.232616 0
-0.122307 -0.301692 2.59794 0.742237 0.670125 0.00403854 0.0977035 -0.102251 -0.989949 -0.662977 0.735171 -0.141368 95.8971 5.60694 41.7717 0.61209 0.704602 0.272433 -0.233798 0
-0.134585 -0.306364 2.61425 0.692341 0.719047 0.0602982 0.114759 -0.0272236 -0.99302 -0.712386 0.694428 -0.101365 91.5704 6.58973 45.8175 0.62525 0.674709 0.30895 -0.241618 0
-0.140392 -0.303798 2.61847 0.659859 0.738976 0.136016 0.0974233 0.0953491 -0.990665 -0.745047 0.666951 -0.00907647 84.5024 5.59081 48.4699 0.660706 0.627213 0.333379 -0.242753 0
-0.154633 -0.307396 2.62534 0.617631 0.770582 0.157273 0.145686 0.0844137 -0.985723 -0.772857 0.631725 -0.0601265 85.1053 8.377 51.3698 0.640687 0.631139 0.362943 -0.243839 0
-0.169685 -0.311215 2.62763 0.59137 0.79219 0.150721 0.163652 0.0651176 -0.984367 -0.78962 0.606791 -0.0911348 86.2153 9.41893 53.1693 0.62557 0.635883 0.375793 -0.251186 0
-0.179553 -0.313033 2.62332 0.563003 0.809347 0.167289 0.190981 0.0695314 -0.979128 -0.804086 0.583201 -0.115423 85.938 11.01 55.0011 0.615855 0.634211 0.39432 -0.251019 0
-0.185543 -0.313472 2.61338 0.558932 0.807507 0.18849 0.20928 0.0825802 -0.974363 -0.80237 0.584049 -0.122839 85.1556 12.0802 55.1389 0.616172 0.632295 0.402022 -0.242719 0
-0.189034 -0.311779 2.604 0.573175 0.809069 0.129915 0.187771 0.0246435 -0.981904 -0.797629 0.587197 -0.137795 88.5623 10.8227 54.299 0.604157 0.649293 0.383817 -0.257093 0
-0.194573 -0.311667 2.59714 0.582658 0.804107 0.117993 0.180172 0.013769 -0.983539 -0.792495 0.594326 -0.136855 89.1979 10.3798 53.6759 0.604064 0.653021 0.376818 -0.258224 0
-0.2002 -0.31036 2.59082 0.626025 0.778609 0.0431221 0.166068 -0.0790851 -0.982938 -0.761915 0.622505 -0.178811 94.6 9.55928 50.5918 0.584835 0.68628 0.34413 -0.261844 0
-0.20049 -0.308545 2.58508 0.668032 0.744085 0.00837669 0.138201 -0.112999 -0.983937 -0.731186 0.658459 -0.17832 96.5513 7.94377 47.5843 0.586667 0.699884 0.315154 -0.258189 0
-0.201467 -0.307885 2.58528 0.674452 0.738285 0.00705142 0.100594 -0.0824269 -0.991507 -0.731433 0.669434 -0.12986 94.7522 5.77339 47.3209 0.6046 0.686793 0.305361 -0.263683 0
-0.201185 -0.306803 2.58038 0.713791 0.700357 0.00163663 0.088468 -0.0878464 -0.992198 -0.694749 0.708367 -0.124663 95.0596 5.07548 44.2254 0.612634 0.693956 0.284177 -0.249696