-0.33676 -0.38691 1.45669 0.824529 0.565481 0.0195956 0.186782 -0.239329 -0.952803 -0.534102 0.789274 -0.302955 104.1 10.765 32.9338 0.566181 0.769222 0.244488 -0.167216 0
-0.337007 -0.38903 1.45794 0.827868 0.559521 0.0396239 0.182181 -0.201399 -0.962418 -0.530513 0.803974 -0.268666 101.819 10.4968 32.6525 0.582624 0.757947 0.244642 -0.161914 1
-0.33776 -0.39299 1.46143 0.843433 0.535285 0.045722 0.185044 -0.209558 -0.960127 -0.50436 0.818264 -0.275799 102.312 10.6637 30.8788 0.582683 0.763019 0.236013 -0.150271 1
-0.338296 -0.394565 1.46365 0.860084 0.50966 0.022394 0.1698 -0.244602 -0.95464 -0.481064 0.824874 -0.296918 104.371 9.77617 29.2192 0.574144 0.774856 0.219221 -0.147986 1
-0.339161 -0.394431 1.46329 0.875102 0.483934 -0.00195392 0.158584 -0.29058 -0.943618 -0.457216 0.825452 -0.331031 107.116 9.12474 27.5858 0.559797 0.79005 0.203316 -0.145298 1
-0.339009 -0.393138 1.45966 0.878667 0.477403 -0.00549328 0.155478 -0.296999 -0.942135 -0.45141 0.826969 -0.335189 107.497 8.9445 27.1916 0.558229 0.792284 0.199701 -0.144173 1
-0.339033 -0.391568 1.45789 0.857456 0.514553 -0.00218574 0.166014 -0.280662 -0.94534 -0.487041 0.810225 -0.326078 106.536 9.55612 29.5969 0.559177 0.784888 0.216772 -0.155827 1
-0.339451 -0.391464 1.45665 0.822759 0.568291 0.0106642 0.199014 -0.270452 -0.941939 -0.532411 0.777111 -0.335614 106.02 11.4793 32.9071 0.551519 0.779234 0.246173 -0.167391 1
-0.340267 -0.39262 1.45805 0.773945 0.633011 0.017494 0.226668 -0.251126 -0.941041 -0.591296 0.732279 -0.337841 104.942 13.101 37.3799 0.544283 0.768588 0.279629 -0.186642 1
-0.341419 -0.393731 1.45988 0.745174 0.666161 0.0307633 0.234237 -0.21827 -0.94736 -0.624379 0.713154 -0.318689 102.974 13.5466 39.9596 0.549594 0.755336 0.298012 -0.196474 1
-0.340233 -0.391554 1.4562 0.745613 0.664753 0.0465288 0.22077 -0.180537 -0.958471 -0.628746 0.724921 -0.281369 100.667 12.7543 40.1396 0.566504 0.742886 0.298001 -0.195931 1
-0.339539 -0.389591 1.45239 0.771812 0.633807 0.0509382 0.205843 -0.173258 -0.963125 -0.60161 0.753837 -0.264188 100.198 11.8789 37.9356 0.577574 0.743179 0.282452 -0.185242 1
-0.339093 -0.388845 1.44973 0.793283 0.607574 0.0394403 0.157657 -0.142414 -0.977171 -0.588087 0.781391 -0.208763 98.2919 9.07093 36.5508 0.600439 0.732199 0.261279 -0.187328 1
-0.338216 -0.386949 1.44409 0.803639 0.594445 0.0282627 0.137496 -0.139257 -0.980664 -0.579015 0.791986 -0.193646 98.0821 7.90296 35.7724 0.606369 0.730846 0.250375 -0.188396 1
-0.337327 -0.385934 1.439 0.790915 0.611095 0.0318944 0.157871 -0.153414 -0.97547 -0.591211 0.776548 -0.217811 98.9378 9.08333 36.7782 0.595754 0.735211 0.261478 -0.190189 1
-0.335567 -0.384294 1.4325 0.742638 0.668681 0.0368115 0.187054 -0.154335 -0.97015 -0.643039 0.727356 -0.239695 99.0391 10.7809 40.8888 0.580648 0.730867 0.292712 -0.207366 1
-0.335391 -0.384053 1.43411 0.719931 0.693342 0.0312556 0.164042 -0.12623 -0.978344 -0.674381 0.709467 -0.204614 97.3519 9.44159 43.1289 0.589298 0.716026 0.299355 -0.224547 1
-0.332826 -0.381273 1.42248 0.744184 0.667204 0.032069 0.173845 -0.147101 -0.973725 -0.644955 0.730206 -0.22546 98.5907 10.0114 40.9142 0.585582 0.727452 0.289039 -0.210628 1
-0.331154 -0.379062 1.41653 0.752601 0.658139 0.0210814 0.148873 -0.13888 -0.979055 -0.641427 0.739977 -0.2025 98.0736 8.56162 40.4403 0.593974 0.72353 0.278846 -0.214347 1
-0.330428 -0.37726 1.41171 0.754704 0.655681 0.0224466 0.147905 -0.13671 -0.979507 -0.639176 0.742558 -0.200155 97.9455 8.50557 40.262 0.595365 0.723113 0.277822 -0.21322 1
-0.330044 -0.3766 1.41017 0.769417 0.63849 0.018104 0.129517 -0.128196 -0.983255 -0.625478 0.758878 -0.181332 97.4283 7.44169 39.1085 0.604129 0.720927 0.266326 -0.210623 1
-0.330711 -0.376984 1.41337 0.790153 0.612868 0.00715637 0.0898853 -0.104321 -0.990474 -0.606283 0.783269 -0.137517 96.0125 5.15701 37.499 0.622157 0.71274 0.246497 -0.210149 1
-0.330688 -0.376219 1.40883 0.830453 0.556571 0.0240042 0.0951768 -0.0992933 -0.990496 -0.548898 0.824845 -0.135431 95.7245 5.46149 33.4632 0.631611 0.718536 0.226762 -0.182626 1
-0.329935 -0.375647 1.40749 0.834592 0.549991 0.0310673 0.0930578 -0.0851763 -0.992011 -0.542951 0.830816 -0.122268 94.9075 5.33954 33.0463 0.637799 0.714499 0.225 -0.179106 1
-0.330956 -0.37587 1.41446 0.820147 0.571756 0.0213261 0.0606535 -0.0498192 -0.996915 -0.568929 0.81891 -0.075538 92.8609 3.47732 34.7487 0.65092 0.697407 0.2267 -0.1963 1
-0.331278 -0.375351 1.41524 0.820477 0.57158 0.0106194 0.0356808 -0.0326609 -0.998829 -0.570564 0.819896 -0.047192 91.8729 2.04479 34.815 0.659664 0.689262 0.220258 -0.203096 1
-0.329215 -0.371898 1.40519 0.815628 0.578219 -0.0203588 0.00871156 -0.0474569 -0.998835 -0.578511 0.814501 -0.0437443 92.7202 0.499142 35.3474 0.656587 0.69044 0.21252 -0.216844 1
-0.327921 -0.372054 1.40111 0.80834 0.581256 -0.0934214 -0.118287 0.00490629 -0.992967 -0.57671 0.813706 0.0727211 89.7169 -6.79326 35.5059 0.686653 0.657783 0.175958 -0.254693 1
-0.327863 -0.37202 1.40081 0.787098 0.603948 -0.125397 -0.211932 0.0738681 -0.974489 -0.579278 0.793593 0.186137 85.6652 -12.2356 36.3518 0.715385 0.617878 0.158614 -0.285119 1
-0.330429 -0.373299 1.40922 0.727509 0.678455 -0.102123 -0.298272 0.178708 -0.937602 -0.617871 0.712574 0.332376 79.2088 -17.3539 40.3411 0.748096 0.551458 0.172353 -0.326404 1
-0.331073 -0.373173 1.41178 0.678264 0.729835 -0.085433 -0.308102 0.17691 -0.93476 -0.667107 0.660336 0.344855 79.2831 -17.9449 44.5248 0.741625 0.537703 0.196081 -0.349886 1
-0.328073 -0.372102 1.40017 0.706621 0.699554 -0.106354 -0.282473 0.141072 -0.948845 -0.648765 0.700516 0.29729 81.5433 -16.4079 42.5557 0.732288 0.563085 0.185177 -0.33526 1
-0.324351 -0.368459 1.3857 0.688994 0.712397 -0.133335 -0.344154 0.159676 -0.925236 -0.637845 0.68337 0.35519 80.2084 -20.1301 42.7924 0.74227 0.541786 0.169921 -0.355851 1
-0.32251 -0.366638 1.37678 0.670434 0.726401 -0.151192 -0.402121 0.184479 -0.896809 -0.623551 0.662049 0.415782 78.3761 -23.7109 42.925 0.753441 0.517246 0.156734 -0.374456 1
-0.314895 -0.360057 1.34869 0.621759 0.753615 -0.21326 -0.54961 0.22584 -0.804316 -0.557982 0.617301 0.554613 74.316 -33.3403 41.9056 0.774954 0.458614 0.111207 -0.42042 1
-0.308737 -0.353631 1.32261 0.630835 0.740984 -0.230196 -0.577631 0.250398 -0.776945 -0.518063 0.623093 0.585975 72.1366 -35.2841 39.394 0.785367 0.445663 0.0916343 -0.419745 1
-0.306048 -0.350572 1.31047 0.639021 0.733565 -0.231374 -0.579532 0.261375 -0.771898 -0.505762 0.627348 0.592148 71.2932 -35.4176 38.3603 0.78939 0.443142 0.0868986 -0.415858 1
-0.303089 -0.347285 1.29701 0.641912 0.730285 -0.233738 -0.580669 0.263892 -0.770185 -0.500772 0.630115 0.593449 71.0868 -35.4976 37.9587 0.790451 0.44288 0.0844562 -0.414622 1
-0.300182 -0.345043 1.2871 0.669823 0.708025 -0.22369 -0.538188 0.255392 -0.803199 -0.511557 0.658389 0.552118 72.361 -32.5604 37.3696 0.786977 0.464304 0.091447 -0.395886 1
-0.298287 -0.343786 1.27853 0.665889 0.713137 -0.219151 -0.525226 0.239492 -0.816566 -0.529839 0.658846 0.534034 73.654 -31.6835 38.5088 0.780931 0.472325 0.0994607 -0.396438 1
-0.296057 -0.341026 1.26736 0.707353 0.670594 -0.223509 -0.496007 0.245603 -0.83286 -0.503616 0.699988 0.506347 73.5697 -29.7362 35.4499 0.784108 0.488723 0.0893076 -0.371951 1
-0.294048 -0.338395 1.25769 0.752659 0.62062 -0.219853 -0.463938 0.262972 -0.845936 -0.46719 0.738699 0.485858 72.7313 -27.6415 31.8287 0.790805 0.500956 0.0781916 -0.342865 1
-0.291508 -0.335161 1.24734 0.775356 0.594467 -0.213149 -0.454211 0.290438 -0.842223 -0.438767 0.749837 0.495206 70.9734 -27.0142 29.5051 0.800156 0.497421 0.0704917 -0.327648 1
-0.289438 -0.333287 1.23697 0.793067 0.567432 -0.221507 -0.452668 0.305677 -0.837647 -0.407598 0.76458 0.499281 69.9518 -26.915 27.201 0.80592 0.497018 0.0577263 -0.31644 1
-0.285828 -0.330376 1.21844 0.815744 0.550481 -0.177574 -0.422354 0.357131 -0.833112 -0.395195 0.754605 0.523825 66.7966 -24.9833 25.8483 0.821082 0.483422 0.0662607 -0.296205 1
-0.282606 -0.326359 1.20261 0.792893 0.594186 -0.135145 -0.411813 0.359031 -0.83756 -0.449145 0.71975 0.529367 66.797 -24.3188 29.53 0.818732 0.475525 0.09588 -0.307182 1
-0.279158 -0.322533 1.18717 0.787882 0.604599 -0.117059 -0.370803 0.313987 -0.874024 -0.491679 0.732033 0.471571 70.2395 -21.7651 31.9663 0.802097 0.50058 0.116763 -0.304016 1
-0.276099 -0.318962 1.1754 0.806722 0.582618 -0.0987744 -0.328566 0.303307 -0.894455 -0.491166 0.75403 0.436113 71.2683 -19.1818 31.3348 0.797832 0.516552 0.122956 -0.285519 1
-0.273867 -0.317156 1.16571 0.820009 0.566451 -0.0819697 -0.288496 0.285377 -0.913964 -0.494324 0.773106 0.397431 72.6595 -16.768 31.0827 0.791015 0.533198 0.130324 -0.270206 1
-0.27201 -0.316471 1.15627 0.816986 0.569862 -0.0882739 -0.27075 0.243909 -0.931237 -0.509145 0.784708 0.35356 75.3228 -15.7089 31.9312 0.776926 0.552158 0.135428 -0.270493 1
-0.270446 -0.315434 1.15042 0.822254 0.563158 -0.0821657 -0.252032 0.230872 -0.939775 -0.510272 0.793443 0.33177 76.1976 -14.5978 31.8228 0.772155 0.561162 0.138608 -0.263933 1
-0.266631 -0.311485 1.13701 0.83724 0.540391 -0.0837086 -0.211888 0.179471 -0.960674 -0.504116 0.822051 0.264762 79.4181 -12.233 31.0528 0.755227 0.590128 0.139166 -0.249024 1
-0.262693 -0.308491 1.12056 0.852088 0.519316 -0.0652434 -0.175448 0.165959 -0.9704 -0.493116 0.838313 0.232525 80.2951 -10.1048 30.0586 0.750095 0.602827 0.142606 -0.231559 1
-0.258802 -0.304899 1.10609 0.872651 0.485994 -0.0478522 -0.134375 0.144761 -0.9803 -0.469492 0.86189 0.191631 81.5999 -7.72246 28.2806 0.743142 0.61973 0.141844 -0.208698 1
-0.255718 -0.301764 1.09316 0.884388 0.464483 -0.0459764 -0.129405 0.149359 -0.980279 -0.448456 0.872896 0.192197 81.3368 -7.43522 26.8887 0.74598 0.621054 0.134883 -0.19903 1
-0.253429 -0.299351 1.08337 0.899831 0.432563 -0.056512 -0.144287 0.172861 -0.974321 -0.411686 0.884878 0.217958 79.9395 -8.29599 24.5848 0.756745 0.614209 0.117336 -0.190569 1
-0.251171 -0.296897 1.07251 0.907852 0.413083 -0.0718802 -0.163698 0.191367 -0.967771 -0.386015 0.89036 0.241354 78.8147 -9.42164 23.035 0.764946 0.607275 0.102666 -0.188504 1
-0.250193 -0.295504 1.06651 0.921742 0.380025 -0.0772862 -0.162335 0.19711 -0.966848 -0.352193 0.90373 0.243376 78.4771 -9.34246 20.9116 0.768477 0.608534 0.0894322 -0.17644 1
-0.249237 -0.294229 1.06162 0.928673 0.359765 -0.0901994 -0.172881 0.204713 -0.963434 -0.328145 0.910309 0.252308 78.0041 -9.95535 19.4608 0.772284 0.606558 0.0770265 -0.172425 1
-0.249688 -0.29184 1.0518 0.950164 0.307513 -0.051221 -0.129774 0.240766 -0.961868 -0.283455 0.92058 0.268674 75.947 -7.45653 16.611 0.784156 0.600151 0.0740395 -0.139413 1
-0.248255 -0.289983 1.0469 0.950055 0.309783 -0.0378221 -0.114889 0.234489 -0.965306 -0.290166 0.921439 0.258368 76.3463 -6.59721 16.9837 0.781491 0.603572 0.0807252 -0.135853 1
-0.246798 -0.287811 1.03969 0.94272 0.331008 -0.0413733 -0.120512 0.222291 -0.967504 -0.311055 0.917072 0.249449 77.0604 -6.92165 18.2605 0.776927 0.60642 0.0867783 -0.14529 1
-0.244336 -0.28443 1.02772 0.929951 0.365455 -0.0404298 -0.115377 0.18564 -0.975821 -0.349113 0.91213 0.214801 79.2288 -6.62538 20.5766 0.763281 0.618367 0.101104 -0.157488 1
-0.24246 -0.282606 1.01768 0.905876 0.421701 -0.0394641 -0.131069 0.190509 -0.972896 -0.402753 0.886496 0.227849 78.9207 -7.53137 23.97 0.762272 0.609819 0.119147 -0.18129 1
-0.240739 -0.280796 1.01071 0.876271 0.481452 -0.0187996 -0.127447 0.19398 -0.972692 -0.464658 0.854737 0.231338 78.7217 -7.32209 27.9355 0.758549 0.602278 0.146944 -0.200679 1
-0.238801 -0.277824 1.00177 0.870691 0.491685 -0.011926 -0.116209 0.182104 -0.976388 -0.477904 0.851519 0.215694 79.4353 -6.67336 28.7614 0.753075 0.606814 0.154692 -0.201804 1
-0.237152 -0.277522 0.996348 0.884106 0.465735 -0.0380554 -0.121476 0.15043 -0.981129 -0.451221 0.872045 0.189571 81.2831 -6.97729 27.0384 0.745672 0.62131 0.138521 -0.196873 1
-0.236294 -0.274235 0.986183 0.926763 0.374241 -0.0324693 -0.107342 0.181001 -0.977607 -0.359984 0.909495 0.207917 79.5106 -6.16211 21.2278 0.760868 0.620049 0.107612 -0.158235 1
-0.235678 -0.27336 0.982947 0.937327 0.347514 -0.0255329 -0.0906516 0.172444 -0.980839 -0.336452 0.921682 0.193139 80.0286 -5.20109 19.7455 0.758767 0.626846 0.102442 -0.144368 1
-0.234596 -0.272993 0.975813 0.944504 0.325971 -0.0406868 -0.0934093 0.147759 -0.984602 -0.31494 0.933761 0.170007 81.4653 -5.35977 18.4407 0.752042 0.637718 0.0911696 -0.139414 1
-0.230711 -0.271045 0.961447 0.941127 0.336721 -0.0299925 -0.101843 0.197808 -0.974936 -0.322349 0.920593 0.220455 78.5308 -5.84529 18.907 0.768015 0.617022 0.0951662 -0.142759 1
-0.228243 -0.267997 0.94854 0.942381 0.333809 -0.0221165 -0.0986954 0.214243 -0.971781 -0.319651 0.917971 0.234844 77.5672 -5.66405 18.7367 0.773219 0.611002 0.0962001 -0.139839 1
-0.22506 -0.26464 0.936477 0.942157 0.333926 -0.0288688 -0.107824 0.220412 -0.969429 -0.317354 0.916467 0.243668 77.1908 -6.18992 18.6155 0.775603 0.607881 0.0929875 -0.142389 1
-0.223364 -0.262364 0.927331 0.944751 0.326548 -0.0284812 -0.10215 0.21074 -0.97219 -0.311465 0.921387 0.232454 77.7693 -5.86296 18.2463 0.772649 0.61269 0.0915629 -0.13871 1
-0.223475 -0.262042 0.920181 0.952043 0.304814 -0.0264942 -0.094633 0.211009 -0.972892 -0.290961 0.928743 0.229736 77.7627 -5.4302 16.9941 0.773432 0.614674 0.0854849 -0.129115 1
-0.22449 -0.263069 0.917352 0.958559 0.280849 -0.0478367 -0.113597 0.222799 -0.968223 -0.261267 0.933533 0.245469 77.0412 -6.52271 15.2463 0.778914 0.610387 0.0685024 -0.126601 1
-0.223561 -0.263025 0.915196 0.958804 0.275872 -0.0677482 -0.131975 0.221404 -0.96621 -0.251551 0.935347 0.248692 77.0937 -7.58375 14.7008 0.779246 0.610063 0.0589681 -0.130847 1
-0.22199 -0.26136 0.909549 0.959096 0.273913 -0.0714649 -0.133621 0.21549 -0.967321 -0.249562 0.937302 0.243276 77.4413 -7.67886 14.5852 0.777474 0.61244 0.0572678 -0.131044 1
-0.220552 -0.259694 0.904362 0.961794 0.264781 -0.0695857 -0.129294 0.215264 -0.967959 -0.241318 0.939975 0.241274 77.462 -7.42878 14.085 0.77755 0.613444 0.055216 -0.126704 1
-0.218974 -0.258928 0.896545 0.971234 0.232364 -0.052074 -0.106557 0.228522 -0.96769 -0.212956 0.945402 0.246708 76.7129 -6.11687 12.3671 0.782059 0.611556 0.0514289 -0.108342 1
-0.2187 -0.260002 0.892768 0.98169 0.183953 -0.0494522 -0.0993167 0.272763 -0.956941 -0.162543 0.944331 0.286038 74.0905 -5.69983 9.40144 0.796946 0.596425 0.0354763 -0.0888609 1
-0.216103 -0.25715 0.883606 0.9856 0.147968 -0.0818392 -0.128187 0.338198 -0.932304 -0.110273 0.929369 0.352296 70.0615 -7.36486 6.38396 0.817939 0.569014 0.00869083 -0.0844059 1
-0.213485 -0.254869 0.873677 0.989688 0.106753 -0.0955061 -0.128852 0.372264 -0.919139 -0.0625675 0.921967 0.38218 67.9514 -7.40329 3.61739 0.828271 0.555708 -0.00994198 -0.0711137 1
-0.211042 -0.252527 0.864075 0.991587 0.0447602 -0.121456 -0.129284 0.388717 -0.912242 0.00637998 0.920269 0.391233 66.9206 -7.42823 -0.368642 0.832397 0.550372 -0.038394 -0.0522721 1
-0.209843 -0.250164 0.856867 0.995917 -0.00477263 -0.0901457 -0.0798173 0.419924 -0.904042 0.042169 0.907547 0.417829 65.0853 -4.57806 -2.42457 0.841675 0.53809 -0.039301 -0.0222903 1
-0.20755 -0.247888 0.845036 0.996612 -0.0309206 -0.0762158 -0.0544449 0.446556 -0.893098 0.0616497 0.894222 0.443359 63.4346 -3.12101 -3.53977 0.849489 0.525998 -0.0405731 -0.00692308 1
-0.205151 -0.245642 0.835212 0.997398 -0.0227789 -0.0684052 -0.0530339 0.410944 -0.910117 0.0488422 0.911376 0.408666 65.6995 -3.04004 -2.80351 0.839197 0.54263 -0.0349284 -0.00901306 1
-0.203266 -0.241908 0.825593 0.997331 -0.0385714 -0.0619948 -0.0416514 0.39682 -0.916951 0.0599689 0.917086 0.394154 66.5989 -2.38714 -3.44102 0.834911 0.549171 -0.03652 -0.000922246 1
-0.200788 -0.238839 0.814147 0.997533 -0.0159084 -0.0683764 -0.0562148 0.402407 -0.913733 0.0420511 0.915323 0.400519 66.2314 -3.22257 -2.41388 0.836729 0.54649 -0.0329938 -0.0120429 1
-0.197512 -0.235447 0.799948 0.99505 0.00575941 -0.0992089 -0.0931621 0.401539 -0.911091 0.0345889 0.915824 0.400088 66.2158 -5.34555 -1.99086 0.836163 0.546219 -0.0400035 -0.029576 1
-0.192232 -0.232305 0.786403 0.988381 -0.0480126 -0.144215 -0.122529 0.309766 -0.942885 0.089943 0.9496 0.300284 71.8131 -7.03807 -5.19962 0.805982 0.587012 -0.0726311 -0.0231135 1
-0.188272 -0.228036 0.770991 0.990755 -0.0701325 -0.116127 -0.0918978 0.282731 -0.954787 0.0997944 0.956632 0.273672 73.505 -5.2728 -5.75175 0.797991 0.598822 -0.0676454 -0.00681879 1
-0.183873 -0.224307 0.756503 0.990376 -0.0688688 -0.120049 -0.0950753 0.291795 -0.951744 0.100575 0.953998 0.282439 72.955 -5.45565 -5.79865 0.80072 0.595009 -0.0688831 -0.00818215 1
-0.181574 -0.223561 0.741966 0.989948 -0.0693352 -0.123274 -0.0947266 0.322197 -0.941921 0.105027 0.94413 0.31239 71.1161 -5.43558 -6.05604 0.810021 0.5821 -0.0704612 -0.00783664 1
-0.180132 -0.221628 0.733621 0.993099 -0.0379729 -0.110963 -0.0903861 0.355081 -0.930456 0.0747328 0.934064 0.349198 69.1121 -5.18582 -4.30352 0.821185 0.567631 -0.0565328 -0.0159566 1
-0.172951 -0.208331 0.705496 0.955082 -0.240205 -0.173551 -0.10619 0.269344 -0.957172 0.276662 0.932607 0.231738 74.2836 -6.09574 -16.1549 0.783608 0.60291 -0.143635 0.0427558 1
-0.16918 -0.205566 0.693758 0.938539 -0.301171 -0.168641 -0.096298 0.240711 -0.965808 0.331467 0.922688 0.196915 76.0051 -5.52603 -19.4519 0.770741 0.612559 -0.162217 0.0664534 1
-0.166908 -0.20284 0.682072 0.920088 -0.349939 -0.176011 -0.0897561 0.249039 -0.964325 0.381289 0.903063 0.197729 75.5196 -5.14958 -22.5093 0.76923 0.606902 -0.181123 0.0845596 1
-0.164116 -0.199464 0.670997 0.909644 -0.369266 -0.190239 -0.103295 0.242507 -0.964635 0.402341 0.897125 0.182452 75.8884 -5.92893 -23.8601 0.76397 0.609238 -0.193915 0.0870358 1
-0.161497 -0.196498 0.659358 0.87778 -0.440893 -0.187392 -0.0731101 0.263296 -0.961941 0.473452 0.858073 0.198882 74.6923 -4.19264 -28.3413 0.764846 0.594895 -0.216006 0.120215 1
-0.158771 -0.193428 0.63926 0.852175 -0.511796 -0.108916 -0.0160956 0.182413 -0.98309 0.52301 0.839518 0.14721 79.4883 -0.92225 -31.5389 0.738546 0.616959 -0.213909 0.167796 1
-0.157113 -0.189045 0.62457 0.821848 -0.567838 -0.0461187 0.0549806 0.159627 -0.985645 0.567048 0.807514 0.162409 80.8007 3.15175 -34.6044 0.7321 0.612334 -0.209386 0.212682 1
-0.153968 -0.187602 0.613516 0.782295 -0.620891 -0.0500913 0.0725704 0.170712 -0.982645 0.618667 0.765083 0.178605 80.1446 4.16164 -38.3382 0.730002 0.598535 -0.229026 0.237486 1
-0.152619 -0.184803 0.60383 0.775044 -0.631566 -0.0207611 0.0905781 0.143551 -0.985489 0.625382 0.761917 0.168464 81.7123 5.19687 -38.9 0.722333 0.604779 -0.223631 0.249935 1
-0.144561 -0.18108 0.586777 0.637423 -0.767741 -0.0653093 0.0607804 0.134597 -0.989035 0.768113 0.626464 0.132459 82.2502 3.48461 -50.3122 0.690014 0.585313 -0.301958 0.300183 1
-0.141452 -0.178474 0.574993 0.577004 -0.812894 -0.0791792 0.0508485 0.132511 -0.989876 0.815157 0.567137 0.117794 82.3754 2.91466 -54.7075 0.67589 0.575912 -0.330799 0.319483 1
-0.135727 -0.172212 0.553339 0.496645 -0.862734 -0.0950473 0.0260897 0.124297 -0.991902 0.867562 0.490143 0.0842398 82.8574 1.495 -60.2106 0.652913 0.567474 -0.368582 0.34033 1
-0.131394 -0.167509 0.533516 0.450956 -0.886263 -0.10572 0.00328849 0.120097 -0.992757 0.89254 0.447342 0.0570729 83.1023 0.188417 -63.1948 0.63799 0.564311 -0.391174 0.348576 1
-0.124193 -0.162136 0.513571 0.393311 -0.913109 -0.107416 -0.036307 0.101316 -0.994192 0.918688 0.394927 0.00669645 84.1812 -2.08069 -66.8231 0.612643 0.566855 -0.418721 0.357795 1
-0.122413 -0.156886 0.494274 0.390608 -0.913605 -0.11292 -0.0440337 0.103981 -0.993604 0.919503 0.393082 0.00038657 84.0257 -2.52376 -66.984 0.611346 0.567063 -0.422193 0.355597 1
-0.114914 -0.150275 0.470979 0.329922 -0.925123 -0.187879 -0.177819 0.134557 -0.97482 0.927109 0.355023 -0.120111 82.141 -10.2427 -70.4113 0.579734 0.573471 -0.480819 0.322262 1
-0.109278 -0.141516 0.449095 0.285108 -0.933582 -0.217115 -0.230846 0.152967 -0.960891 0.930281 0.324078 -0.171902 80.9548 -13.3469 -72.961 0.562622 0.570973 -0.509843 0.312259 1
-0.105521 -0.138722 0.437436 0.239963 -0.946034 -0.217801 -0.239044 0.159866 -0.957758 0.940891 0.281891 -0.187782 80.5237 -13.8301 -75.6924 0.550465 0.563001 -0.526233 0.321088 1
-0.104631 -0.137674 0.434629 0.238135 -0.946745 -0.216715 -0.276168 0.147917 -0.949659 0.931141 0.285996 -0.226237 81.1469 -16.0317 -75.6544 0.538473 0.573684 -0.532921 0.311332 1
-0.104526 -0.135875 0.434648 0.221511 -0.951676 -0.21271 -0.28836 0.144449 -0.946564 0.931548 0.271011 -0.242428 81.3234 -16.7598 -76.6242 0.529984 0.574345 -0.539761 0.312895 1
-0.104047 -0.135193 0.430735 0.207678 -0.951347 -0.227615 -0.26744 0.168602 -0.948709 0.940928 0.257899 -0.219413 79.9228 -15.512 -77.5535 0.537789 0.560912 -0.543217 0.317926 1
-0.103704 -0.134929 0.431983 0.292861 -0.933323 -0.207704 -0.363895 0.0920856 -0.926877 0.884202 0.347029 -0.312663 84.3263 -21.3396 -71.6743 0.517756 0.615109 -0.52723 0.27495 1
-0.100572 -0.128495 0.429156 0.105414 -0.986467 -0.125583 -0.403595 0.0729771 -0.912023 0.908845 0.146825 -0.39044 85.4251 -23.8031 -83.384 0.443833 0.596422 -0.582667 0.328317 1
-0.099638 -0.126367 0.421879 0.101897 -0.987486 -0.120369 -0.421247 0.0667836 -0.904484 0.901203 0.142869 -0.409171 85.7772 -24.9134 -83.5491 0.435749 0.600892 -0.586101 0.324865 1
-0.0991311 -0.122328 0.416601 0.134531 -0.982943 -0.125394 -0.401677 0.061586 -0.913708 0.905846 0.17329 -0.386541 86.144 -23.6831 -81.5525 0.449882 0.604046 -0.573061 0.32301 1
-0.0975613 -0.119896 0.410533 0.149474 -0.980189 -0.129948 -0.404484 0.0593079 -0.91262 0.902247 0.188975 -0.387606 86.2818 -23.8588 -80.5933 0.453094 0.607818 -0.569526 0.317652 1
-0.0971695 -0.118529 0.408367 0.146193 -0.977373 -0.152871 -0.415682 0.0795348 -0.906026 0.897684 0.196001 -0.394649 84.9832 -24.5623 -80.7502 0.455818 0.604423 -0.576192 0.308068 1
-0.0968506 -0.116785 0.405411 0.174933 -0.97158 -0.159467 -0.435034 0.0690239 -0.897764 0.883257 0.226423 -0.410596 85.6035 -25.7875 -78.7973 0.456443 0.615732 -0.571114 0.293874 1
-0.0970449 -0.116295 0.405163 0.186857 -0.970087 -0.154971 -0.441669 0.0579509 -0.895305 0.877504 0.23574 -0.417629 86.2965 -26.2104 -77.9789 0.454747 0.621799 -0.56761 0.290501 1
-0.0973325 -0.116931 0.40572 0.186226 -0.970627 -0.152329 -0.450421 0.0534476 -0.891215 0.873179 0.234579 -0.427237 86.568 -26.7707 -77.9607 0.450676 0.624503 -0.568871 0.28857 1
-0.097575 -0.117136 0.406897 0.17267 -0.969839 -0.172041 -0.496941 0.0650295 -0.865344 0.850432 0.234913 -0.470724 85.7024 -29.7978 -78.5228 0.437886 0.628165 -0.583756 0.269989 1
-0.0973561 -0.116812 0.408356 0.128278 -0.979186 -0.157287 -0.508777 0.0711612 -0.857952 0.851288 0.190081 -0.489059 85.2586 -30.5824 -81.4307 0.42142 0.621727 -0.598319 0.279062 1
-0.0974914 -0.117265 0.408884 0.0876076 -0.983604 -0.157634 -0.514574 0.0908106 -0.852623 0.852958 0.155811 -0.498182 83.9205 -30.969 -84.1357 0.412382 0.611347 -0.612655 0.284341 1
-0.0975245 -0.116697 0.407606 0.0813935 -0.982875 -0.165323 -0.500172 0.103194 -0.859755 0.862093 0.152669 -0.483207 83.1557 -30.0114 -84.6065 0.418742 0.604443 -0.613394 0.288186 1
-0.0976113 -0.116175 0.408083 0.0898195 -0.982591 -0.162625 -0.489974 0.0985637 -0.866147 0.867097 0.157479 -0.472592 83.5079 -29.3389 -84.086 0.423022 0.604948 -0.608551 0.291129 1
-0.0977037 -0.115176 0.411246 -0.0245682 -0.988158 -0.151463 -0.53789 0.140775 -0.831178 0.842657 0.0610498 -0.534978 80.3872 -32.5401 -91.67 0.381192 0.585157 -0.651982 0.295303 1
-0.0974672 -0.115627 0.411531 -0.0400683 -0.987887 -0.149912 -0.532098 0.148085 -0.833632 0.845734 0.0463655 -0.531586 79.9271 -32.1473 -92.7125 0.379615 0.579533 -0.655694 0.300165 1
-0.0978027 -0.115901 0.411292 -0.0806425 -0.986915 -0.139625 -0.509582 0.161212 -0.845184 0.856635 0.00299241 -0.515915 79.201 -30.636 -95.3779 0.375717 0.564371 -0.662905 0.317614 1
-0.0984462 -0.115317 0.411034 -0.05384 -0.989567 -0.133633 -0.542618 0.141338 -0.828003 0.838252 0.0279321 -0.544567 80.3131 -32.862 -93.675 0.368419 0.580816 -0.659497 0.303288 1
-0.0986891 -0.115386 0.413444 -0.063805 -0.991533 -0.113096 -0.544724 0.129558 -0.828547 0.836185 0.00874055 -0.548378 81.1127 -33.0058 -94.3635 0.359644 0.582025 -0.659875 0.310592 1
-0.0989265 -0.115415 0.414442 -0.103756 -0.98844 -0.110548 -0.554601 0.149761 -0.818529 0.825622 -0.0236168 -0.563729 79.6317 -33.6833 -97.1628 0.347231 0.572323 -0.674026 0.312356 1
-0.0988536 -0.115557 0.413783 -0.140492 -0.982804 -0.119824 -0.553467 0.178308 -0.813561 0.820937 -0.0479799 -0.569 77.638 -33.6052 -99.7113 0.342351 0.559062 -0.686986 0.313522 1
-0.0985758 -0.11505 0.411863 -0.195732 -0.970842 -0.138403 -0.550808 0.225604 -0.803563 0.811356 -0.0810493 -0.578906 74.3176 -33.4225 -103.563 0.33577 0.537952 -0.70715 0.312739 1
-0.0984457 -0.115133 0.412073 -0.215423 -0.966752 -0.137778 -0.546396 0.236268 -0.80351 0.809348 -0.0978129 -0.579127 73.6143 -33.1201 -104.905 0.332309 0.530904 -0.712534 0.316239 1
-0.0983224 -0.115422 0.411544 -0.232165 -0.960287 -0.154751 -0.54078 0.259675 -0.800079 0.808491 -0.102064 -0.579591 72.0185 -32.7367 -106.022 0.334634 0.521477 -0.719623 0.313408 1
-0.0979494 -0.114914 0.411231 -0.195432 -0.968286 -0.155654 -0.545066 0.239185 -0.803551 0.815297 -0.0721978 -0.574524 73.4238 -33.0292 -103.48 0.342501 0.533832 -0.708721 0.308919 1
-0.09845 -0.115464 0.413549 -0.236187 -0.963713 -0.12439 -0.534163 0.235702 -0.811859 0.811718 -0.125306 -0.570449 73.8107 -32.2871 -106.223 0.327516 0.524061 -0.714552 0.327886 1
-0.0978626 -0.113971 0.410313 0.00681191 -0.985962 -0.166833 -0.559143 0.134563 -0.818078 0.829043 0.0988562 -0.550377 80.6593 -33.9965 -89.5292 0.384382 0.596369 -0.647713 0.277601 1
-0.0978227 -0.114423 0.410143 0.099131 -0.981043 -0.166514 -0.579669 0.07908 -0.811006 0.8088 0.176919 -0.560841 84.4308 -35.4273 -83.0124 0.392865 0.628668 -0.620643 0.255415 1
-0.0980596 -0.115227 0.411114 0.178474 -0.970805 -0.160263 -0.593662 0.0236472 -0.804367 0.784673 0.238701 -0.57211 88.3161 -36.4173 -77.186 0.396866 0.657065 -0.595248 0.237575 1
-0.098152 -0.114936 0.410878 0.213497 -0.963028 -0.164302 -0.598484 0.00399924 -0.801125 0.772163 0.26937 -0.575503 89.714 -36.7614 -74.5443 0.400622 0.66802 -0.584381 0.227486 1
-0.0980523 -0.11496 0.410491 0.262533 -0.951035 -0.163121 -0.587978 -0.0236321 -0.808532 0.765087 0.308178 -0.565392 91.6742 -36.0136 -71.0608 0.410338 0.68036 -0.565515 0.221194 1
-0.0978125 -0.113857 0.409883 0.276401 -0.946441 -0.166887 -0.575344 -0.0238628 -0.817563 0.769793 0.321993 -0.551125 91.6719 -35.1237 -70.2489 0.418752 0.680329 -0.559209 0.221549 1
-0.0975299 -0.114292 0.410359 0.310268 -0.935041 -0.17156 -0.58149 -0.0438991 -0.812368 0.752066 0.351812 -0.557338 93.0932 -35.5554 -67.5812 0.42102 0.691286 -0.548446 0.209937 1
-0.0977878 -0.114748 0.410727 0.345304 -0.924244 -0.162906 -0.589309 -0.0784419 -0.804091 0.730397 0.373658 -0.571751 95.5718 -36.108 -64.697 0.416866 0.70631 -0.535725 0.200865 1
-0.0980481 -0.115041 0.411955 0.35946 -0.920699 -0.151991 -0.578939 -0.0922911 -0.810131 0.73186 0.379203 -0.566204 96.4992 -35.376 -63.8416 0.418618 0.710274 -0.527838 0.2041 1
-0.0980763 -0.115012 0.412316 0.385286 -0.911217 -0.145736 -0.570893 -0.111289 -0.813447 0.725007 0.396609 -0.563086 97.7904 -34.8125 -62.0128 0.421578 0.717576 -0.51636 0.201815 1
-0.0989585 -0.115201 0.413766 0.394111 -0.910501 -0.125158 -0.567492 -0.133966 -0.812407 0.722931 0.391205 -0.5695 99.3638 -34.5755 -61.4027 0.415526 0.724151 -0.510251 0.20637 1
-0.0985588 -0.115162 0.413511 0.396026 -0.908615 -0.132595 -0.562327 -0.125827 -0.817286 0.725914 0.398228 -0.56077 98.7524 -34.2169 -61.3851 0.421138 0.721565 -0.509636 0.205567 1
-0.0990171 -0.115261 0.411825 0.404869 -0.904244 -0.135735 -0.571667 -0.134462 -0.809393 0.713637 0.405293 -0.571366 99.4323 -34.8665 -60.4324 0.418043 0.726412 -0.507945 0.198889 1
-0.0978481 -0.114173 0.411569 0.372354 -0.914683 -0.157185 -0.597087 -0.106433 -0.795084 0.710521 0.389906 -0.585776 97.6245 -36.6616 -62.3429 0.412354 0.718429 -0.526068 0.19255 1
-0.097949 -0.113561 0.411653 0.328796 -0.930327 -0.162434 -0.618303 -0.0820461 -0.781645 0.713859 0.357435 -0.602201 95.9922 -38.1923 -65.2697 0.401419 0.709409 -0.545747 0.194326 1
-0.0986899 -0.114264 0.411585 0.382209 -0.914743 -0.130999 -0.557691 -0.115303 -0.822001 0.736815 0.387234 -0.554214 97.9849 -33.8963 -62.5828 0.422105 0.716192 -0.51398 0.211471 1
-0.0985987 -0.113905 0.411404 0.357887 -0.92369 -0.1368 -0.551393 -0.0908204 -0.829287 0.753579 0.372222 -0.54182 96.2499 -33.4627 -64.5962 0.425807 0.70543 -0.52276 0.218583 1
-0.098857 -0.114347 0.412802 0.329715 -0.935211 -0.129106 -0.552203 -0.080122 -0.829851 0.765741 0.344907 -0.542844 95.5148 -33.5183 -66.7041 0.420342 0.698692 -0.532214 0.227795 1
-0.0989244 -0.114051 0.413466 0.349664 -0.929131 -0.120213 -0.556443 -0.102732 -0.824511 0.753728 0.355193 -0.55293 97.1023 -33.8101 -65.1128 0.416534 0.708048 -0.524532 0.223684 1
-0.0997301 -0.115236 0.414497 0.350828 -0.930632 -0.104135 -0.56943 -0.123727 -0.812675 0.743417 0.344406 -0.573337 98.6566 -34.7105 -64.7368 0.404278 0.715523 -0.524114 0.223362 1
-0.0991919 -0.115001 0.413346 0.35219 -0.927656 -0.124167 -0.566073 -0.105479 -0.817579 0.745335 0.358231 -0.562269 97.3514 -34.4768 -64.7081 0.413655 0.710623 -0.5255 0.218529 1
-0.0995034 -0.114211 0.411991 0.34336 -0.930506 -0.127525 -0.573482 -0.100187 -0.813069 0.743789 0.352309 -0.568029 97.0246 -34.9934 -65.2202 0.410836 0.70915 -0.530208 0.217254 1
-0.0991804 -0.114295 0.411966 0.350749 -0.928802 -0.119588 -0.566655 -0.10883 -0.816736 0.745572 0.354235 -0.564482 97.5899 -34.5173 -64.8057 0.411533 0.711348 -0.525572 0.219999 1
-0.099085 -0.114824 0.412055 0.339885 -0.933059 -0.117806 -0.561189 -0.100698 -0.821539 0.754682 0.345341 -0.557848 96.988 -34.1381 -65.7547 0.412716 0.706829 -0.528504 0.225258 1
-0.0986768 -0.114384 0.411795 0.3193 -0.939497 -0.124066 -0.563081 -0.0827881 -0.822244 0.762225 0.332402 -0.555447 95.7495 -34.2692 -67.2709 0.412633 0.69956 -0.536973 0.228057 1
-0.099532 -0.114546 0.412504 0.349865 -0.929532 -0.116473 -0.547488 -0.101995 -0.830574 0.760166 0.354356 -0.544592 97.0009 -33.1948 -65.2858 0.419308 0.706479 -0.522669 0.227782 1
-0.0979314 -0.114713 0.411371 0.346547 -0.924194 -0.160534 -0.574334 -0.0737411 -0.815293 0.741651 0.374738 -0.55635 95.1682 -35.053 -64.955 0.423218 0.702965 -0.532931 0.206666 1
-0.0983094 -0.114015 0.409563 0.382974 -0.909676 -0.160687 -0.569969 -0.0958066 -0.816062 0.726957 0.404117 -0.555178 96.6959 -34.748 -62.2189 0.427782 0.713085 -0.518748 0.198528 1
-0.0987506 -0.113547 0.410181 0.352478 -0.925162 -0.140836 -0.570009 -0.0928934 -0.81637 0.742192 0.36803 -0.560094 96.4917 -34.7509 -64.5963 0.418178 0.708072 -0.527902 0.212322 1
-0.0988558 -0.114381 0.410666 0.367165 -0.920481 -0.13381 -0.56174 -0.104771 -0.820653 0.741376 0.376481 -0.555539 97.2755 -34.1762 -63.6532 0.420373 0.711947 -0.520481 0.213347 1
-0.0990136 -0.114017 0.409852 0.386631 -0.912001 -0.137005 -0.55732 -0.112692 -0.822614 0.734786 0.394404 -0.551847 97.8005 -33.8707 -62.2475 0.42488 0.716095 -0.512963 0.208695 1
-0.0985442 -0.114257 0.41017 0.378498 -0.913751 -0.147645 -0.573908 -0.106529 -0.811961 0.726201 0.392061 -0.56473 97.4745 -35.0232 -62.4713 0.420487 0.715849 -0.519544 0.202052 1
-0.0983784 -0.114191 0.411082 0.366891 -0.918452 -0.147774 -0.583912 -0.103706 -0.805166 0.724181 0.381695 -0.574344 97.3394 -35.7262 -63.1319 0.414982 0.715007 -0.525297 0.201539 1
-0.0982392 -0.115021 0.411703 0.372716 -0.91509 -0.153929 -0.591426 -0.106436 -0.799304 0.715051 0.388951 -0.580878 97.5849 -36.2583 -62.4695 0.413945 0.71764 -0.524816 0.195475 1
-0.0991856 -0.113926 0.412364 0.369436 -0.921329 -0.121121 -0.543117 -0.108318 -0.832641 0.754016 0.373391 -0.540406 97.412 -32.8961 -63.8971 0.424474 0.71031 -0.515425 0.222753 1
-0.0992767 -0.11437 0.41097 0.354848 -0.925675 -0.131186 -0.553177 -0.0947597 -0.827657 0.753709 0.366261 -0.545687 96.5314 -33.5853 -64.7889 0.422611 0.706275 -0.523469 0.220355 1
-0.0991986 -0.113957 0.413184 0.321825 -0.941297 -0.101921 -0.538753 -0.0935417 -0.837255 0.778572 0.32436 -0.53723 96.3749 -32.5988 -67.5421 0.415648 0.698677 -0.52959 0.242119 1
-0.09914 -0.114625 0.412044 0.31172 -0.94302 -0.116376 -0.55132 -0.079755 -0.830473 0.773872 0.323035 -0.544767 95.4856 -33.4576 -68.0601 0.414487 0.695745 -0.536957 0.236256 1
-0.0989395 -0.113982 0.412371 0.291449 -0.949327 -0.117626 -0.559505 -0.0694374 -0.825913 0.775894 0.306524 -0.55139 94.8058 -34.0216 -69.4123 0.409457 0.691426 -0.545551 0.238011 1
-0.1004 -0.113913 0.412943 0.333304 -0.938253 -0.0926811 -0.521329 -0.1015 -0.847298 0.785573 0.330725 -0.522969 96.831 -31.4215 -67.0094 0.420962 0.699602 -0.521576 0.247602 1
-0.100031 -0.11237 0.410733 0.37868 -0.920128 -0.099825 -0.507063 -0.116025 -0.854064 0.774266 0.374035 -0.510499 97.7363 -30.4684 -63.9375 0.433635 0.708026 -0.503933 0.238141 1
-0.102216 -0.113688 0.415917 0.402624 -0.914993 -0.0261221 -0.498612 -0.195293 -0.844539 0.767646 0.353057 -0.534856 103.02 -29.9082 -62.3234 0.410023 0.730201 -0.483978 0.253877 1
-0.102618 -0.113508 0.417855 0.428978 -0.903253 -0.0105812 -0.493662 -0.224611 -0.840147 0.756489 0.365628 -0.542255 104.968 -29.5816 -60.444 0.406851 0.740919 -0.471346 0.251683 1
-0.105155 -0.113912 0.418374 0.461968 -0.883528 0.077219 -0.430698 -0.299602 -0.851315 0.775296 0.360023 -0.518941 109.388 -25.5119 -59.211 0.401069 0.755068 -0.435135 0.282264 1
-0.105387 -0.112907 0.4187 0.488702 -0.868267 0.0853367 -0.426135 -0.322906 -0.845068 0.761301 0.376621 -0.527804 110.912 -25.2226 -57.3024 0.399372 0.764757 -0.423142 0.276767 1
-0.105322 -0.112879 0.417848 0.504776 -0.858637 0.089125 -0.46581 -0.357844 -0.809301 0.726789 0.367 -0.580593 113.853 -27.7627 -55.2189 0.376277 0.781539 -0.423666 0.260996 1
-0.104894 -0.111858 0.417134 0.485013 -0.869101 0.0970906 -0.459208 -0.347593 -0.8175 0.744238 0.351913 -0.567685 113.035 -27.336 -56.9081 0.377404 0.774644 -0.428684 0.271521 1
-0.10481 -0.111492 0.415062 0.488116 -0.867957 0.0916193 -0.463122 -0.346554 -0.815732 0.739771 0.355741 -0.571128 113.018 -27.5887 -56.5823 0.377635 0.775532 -0.429086 0.268006 1
-0.104499 -0.111156 0.414348 0.50197 -0.8615 0.0764414 -0.441822 -0.331406 -0.833645 0.743518 0.384691 -0.546986 111.68 -26.2202 -55.9756 0.394835 0.771421 -0.422377 0.26573 1
-0.104103 -0.110893 0.413235 0.519106 -0.851633 0.0724556 -0.436211 -0.336879 -0.834405 0.735016 0.401539 -0.546368 111.986 -25.8624 -54.7683 0.398704 0.774976 -0.415446 0.260483 1
-0.104849 -0.110104 0.413889 0.530942 -0.842918 0.0871242 -0.417167 -0.349481 -0.838948 0.737613 0.409087 -0.537192 112.615 -24.6559 -54.2532 0.401332 0.777434 -0.405206 0.265211 1
-0.105022 -0.109093 0.415203 0.551228 -0.829529 0.0896045 -0.413113 -0.364656 -0.834484 0.724904 0.422974 -0.543698 113.605 -24.4006 -52.7501 0.400897 0.784153 -0.396174 0.259678 1
-0.104327 -0.108787 0.414689 0.617281 -0.783966 0.0660489 -0.414155 -0.395178 -0.819945 0.66891 0.478782 -0.568619 115.732 -24.4661 -47.2987 0.404192 0.803287 -0.372881 0.228735 1
-0.105037 -0.109209 0.41556 0.613459 -0.785897 0.0776817 -0.412366 -0.402663 -0.817201 0.673515 0.469286 -0.571094 116.231 -24.3536 -47.6718 0.399907 0.804241 -0.372483 0.233511 1
-0.104727 -0.10884 0.414038 0.583327 -0.808241 0.0804802 -0.41283 -0.380356 -0.827587 0.699501 0.449529 -0.555538 114.683 -24.3827 -50.1747 0.402316 0.793603 -0.384661 0.245709 1
-0.104686 -0.108457 0.413492 0.580153 -0.810931 0.0762471 -0.425758 -0.381729 -0.820373 0.694372 0.443479 -0.566722 114.953 -25.1987 -50.121 0.397398 0.795079 -0.388857 0.242309 1
-0.105036 -0.108932 0.414051 0.599273 -0.795897 0.0861329 -0.420614 -0.404582 -0.812033 0.681142 0.450401 -0.577221 116.484 -24.8734 -48.6585 0.392897 0.803286 -0.378604 0.238793 1
-0.104822 -0.108462 0.413216 0.598269 -0.795925 0.092617 -0.423995 -0.412522 -0.806259 0.679928 0.443091 -0.584267 117.097 -25.0871 -48.6555 0.387776 0.805459 -0.378641 0.239784 1
-0.104999 -0.108464 0.413765 0.636789 -0.764283 0.101845 -0.384902 -0.429552 -0.816906 0.668095 0.480996 -0.567708 117.737 -22.6377 -46.3743 0.399853 0.811488 -0.354036 0.2372 1
-0.104626 -0.108855 0.41277 0.638719 -0.762753 0.101221 -0.388235 -0.433054 -0.813473 0.664313 0.480283 -0.572727 118.029 -22.8447 -46.1252 0.397787 0.813096 -0.35389 0.235376 1
-0.105057 -0.10873 0.414502 0.620718 -0.778365 0.0941122 -0.397 -0.415542 -0.818362 0.676091 0.47061 -0.566945 116.92 -23.3908 -47.445 0.399447 0.806723 -0.364241 0.238683 1
-0.104769 -0.108232 0.413257 0.599263 -0.79452 0.0980884 -0.412551 -0.411497 -0.812694 0.686065 0.446551 -0.574375 116.855 -24.3652 -48.8635 0.391597 0.803918 -0.375371 0.243854 1
-0.104523 -0.108603 0.412353 0.592373 -0.800342 0.0924517 -0.410145 -0.398341 -0.82043 0.693452 0.448082 -0.564223 115.898 -24.214 -49.4948 0.396802 0.799208 -0.378652 0.245838 1
-0.10502 -0.108608 0.41338 0.589728 -0.803054 0.0855871 -0.404236 -0.385265 -0.829556 0.699153 0.454615 -0.551825 114.911 -23.8433 -49.8527 0.40393 0.794798 -0.379747 0.246836 1
-0.105017 -0.108344 0.414389 0.594515 -0.79953 0.0854595 -0.407816 -0.391417 -0.824912 0.692992 0.455571 -0.558764 115.384 -24.0677 -49.3738 0.401352 0.797605 -0.378428 0.243997 1
-0.104721 -0.108176 0.413991 0.589039 -0.803239 0.0885492 -0.415673 -0.395134 -0.819198 0.693 0.445732 -0.566634 115.75 -24.5617 -49.636 0.396002 0.798562 -0.381596 0.244674 1
-0.10518 -0.108361 0.415477 0.623798 -0.775798 0.094942 -0.411816 -0.429487 -0.803709 0.664292 0.462253 -0.587399 118.119 -24.319 -46.8007 0.389522 0.812509 -0.365416 0.233608 1
-0.104605 -0.106334 0.412035 0.651812 -0.755096 0.0705095 -0.390136 -0.413589 -0.822641 0.650335 0.508699 -0.564172 116.691 -22.9629 -44.935 0.410503 0.810798 -0.353119 0.222264 1
-0.104333 -0.106463 0.410255 0.660944 -0.745717 0.0840168 -0.38817 -0.435547 -0.812171 0.642243 0.504187 -0.577338 118.204 -22.8407 -44.1779 0.402511 0.817592 -0.346715 0.222073 1
-0.104336 -0.106389 0.410351 0.6466 -0.758113 0.0846917 -0.407621 -0.437221 -0.801675 0.644789 0.483842 -0.59173 118.607 -24.0554 -44.9196 0.392954 0.817856 -0.356338 0.222986 1
-0.104863 -0.106632 0.412847 0.630238 -0.770072 0.098941 -0.4085 -0.437263 -0.801205 0.660248 0.464532 -0.590154 118.624 -24.1106 -46.3322 0.388208 0.815116 -0.361474 0.232847 1
-0.104703 -0.10677 0.413457 0.59128 -0.801201 0.0920007 -0.438708 -0.415272 -0.796922 0.6767 0.430843 -0.597036 117.524 -26.0215 -48.854 0.380451 0.806782 -0.384215 0.2382 1
-0.105247 -0.106998 0.415864 0.563944 -0.820939 0.0895894 -0.474384 -0.410843 -0.778568 0.675964 0.396569 -0.621133 117.82 -28.3192 -50.1624 0.364681 0.805593 -0.401978 0.237575 1
-0.104778 -0.1071 0.414427 0.59049 -0.800205 0.104851 -0.431151 -0.422612 -0.797188 0.682225 0.425524 -0.594557 117.929 -25.5406 -49.1227 0.37859 0.807412 -0.381266 0.243703 1
-0.104728 -0.1074 0.414421 0.597587 -0.79704 0.0872817 -0.441063 -0.417679 -0.79436 0.669592 0.436202 -0.601144 117.736 -26.1717 -48.2522 0.380383 0.808766 -0.382714 0.233959 1
-0.104475 -0.10622 0.4141 0.636901 -0.764985 0.0956821 -0.41611 -0.445583 -0.792659 0.649007 0.465031 -0.60211 119.342 -24.5892 -45.5394 0.3838 0.819236 -0.360425 0.227251 1
-0.104781 -0.106084 0.412915 0.657252 -0.746921 0.10064 -0.397535 -0.45702 -0.795675 0.640301 0.482951 -0.597305 119.872 -23.4242 -44.2515 0.388242 0.823343 -0.347503 0.224979 1
-0.104175 -0.105387 0.410544 0.688778 -0.71883 0.0941707 -0.367932 -0.458526 -0.808938 0.624668 0.52253 -0.580303 119.546 -21.5881 -42.2056 0.403097 0.825773 -0.329013 0.217626 1
-0.104223 -0.105216 0.411619 0.655922 -0.748849 0.0948232 -0.398415 -0.450164 -0.799136 0.641118 0.486391 -0.593625 119.393 -23.4791 -44.3461 0.391194 0.82154 -0.34912 0.223952 1
-0.104297 -0.106884 0.412672 0.665435 -0.739945 0.0983725 -0.403312 -0.467294 -0.78675 0.628121 0.483856 -0.609383 120.708 -23.7854 -43.3477 0.383653 0.827966 -0.345201 0.219361 1
-0.104882 -0.106381 0.415005 0.652524 -0.750291 0.106186 -0.413846 -0.470239 -0.779491 0.634778 0.464692 -0.617347 121.101 -24.4467 -44.2102 0.375812 0.827664 -0.351633 0.223812 1
