-0.339705 -0.387707 1.46117 0.824897 0.564946 0.0195377 0.203051 -0.263872 -0.942943 -0.527556 0.781798 -0.33238 105.634 11.7155 32.6006 0.554221 0.778002 0.246785 -0.163245 0
-0.349516 -0.378641 1.46182 0.823467 0.565589 0.0448518 0.230411 -0.26113 -0.937402 -0.518472 0.782254 -0.34535 105.566 13.3213 32.1953 0.551586 0.779414 0.25532 -0.151915 0
-0.357577 -0.368296 1.45998 0.821252 0.562793 0.0938624 0.276173 -0.248145 -0.928522 -0.499274 0.788472 -0.359218 104.962 16.0319 31.2972 0.550883 0.779201 0.269175 -0.130073 0
-0.366232 -0.352567 1.45885 0.858531 0.489304 0.15332 0.320016 -0.277669 -0.905809 -0.400643 0.82673 -0.394972 107.043 18.6639 25.0167 0.544493 0.795483 0.254349 -0.0777273 0
-0.369153 -0.334697 1.462 0.8673 0.451772 0.209027 0.369929 -0.30398 -0.877923 -0.333081 0.838748 -0.430765 109.098 21.7112 21.0089 0.532108 0.806543 0.254698 -0.0384523 0
-0.370026 -0.32481 1.46866 0.878397 0.412623 0.241166 0.38527 -0.31273 -0.868198 -0.282819 0.855536 -0.433672 109.809 22.6605 17.8471 0.531976 0.810061 0.246245 -0.0128548 0
-0.367776 -0.322727 1.47009 0.896523 0.363471 0.25325 0.376142 -0.322578 -0.868597 -0.234017 0.873975 -0.425915 110.374 22.0949 14.6293 0.535731 0.813175 0.227384 0.00591296 0
-0.36866 -0.31844 1.47232 0.924948 0.321455 0.202822 0.303103 -0.301827 -0.903897 -0.229345 0.897534 -0.376608 108.465 17.6441 13.9259 0.558237 0.80675 0.193541 -0.00821898 0
-0.369671 -0.319822 1.47154 0.94709 0.29106 0.135292 0.222331 -0.2909 -0.930562 -0.231493 0.911406 -0.34022 107.36 12.846 13.7352 0.573579 0.80284 0.159867 -0.0299563 0
-0.369686 -0.318943 1.46946 0.941212 0.321018 0.105199 0.19431 -0.259724 -0.945932 -0.276339 0.910764 -0.306833 105.353 11.2044 16.3622 0.586228 0.791797 0.162709 -0.0540354 0
-0.369492 -0.31722 1.46947 0.946709 0.316651 0.0589471 0.142055 -0.246231 -0.958744 -0.289073 0.916025 -0.278091 104.404 8.16677 16.9798 0.596319 0.785976 0.145904 -0.0731976 0
-0.37104 -0.316537 1.47014 0.937303 0.34738 0.0281262 0.128037 -0.268161 -0.954828 -0.324145 0.898564 -0.295825 105.687 7.35616 19.0768 0.585943 0.790773 0.150301 -0.0935854 0
-0.371314 -0.316956 1.46943 0.904287 0.42668 0.0144893 0.143174 -0.271115 -0.951839 -0.402202 0.86281 -0.306255 105.899 8.23157 23.9782 0.575959 0.787664 0.180868 -0.123058 0
-0.370736 -0.316321 1.46861 0.88728 0.461081 0.0117465 0.153011 -0.270229 -0.95056 -0.435111 0.84521 -0.310319 105.87 8.80144 26.1227 0.571562 0.785466 0.195455 -0.134749 0
-0.370867 -0.316244 1.469 0.870739 0.491648 0.00977399 0.152813 -0.251643 -0.95568 -0.467398 0.833642 -0.294246 104.752 8.79 28.2262 0.575511 0.777275 0.207282 -0.147189 0
-0.369422 -0.314817 1.47035 0.862944 0.505279 0.00458127 0.14681 -0.242034 -0.959097 -0.483502 0.828319 -0.283042 104.163 8.4421 29.2616 0.578331 0.772661 0.210988 -0.154958 0
-0.369613 -0.314851 1.4693 0.857697 0.514112 -0.00663697 0.139111 -0.244468 -0.959627 -0.494978 0.822146 -0.281198 104.292 7.9964 29.9893 0.577068 0.771907 0.211561 -0.16246 0
-0.369585 -0.314371 1.47082 0.85205 0.523383 -0.00897789 0.13126 -0.230226 -0.964244 -0.506736 0.820406 -0.264863 103.429 7.54238 30.7411 0.582443 0.766019 0.213651 -0.16831 0
-0.369175 -0.313754 1.4697 0.844346 0.535786 -0.00366363 0.13511 -0.219527 -0.966206 -0.518484 0.815316 -0.257747 102.801 7.76499 31.5527 0.584609 0.761843 0.220156 -0.171344 0
-0.366727 -0.315358 1.46558 0.865064 0.50166 0.00069522 0.146291 -0.250938 -0.956885 -0.479857 0.827869 -0.290466 104.695 8.41204 29.0174 0.575252 0.77564 0.208844 -0.154441 0
-0.363988 -0.315687 1.46675 0.82852 0.559927 -0.00597714 0.155279 -0.239994 -0.958275 -0.537999 0.793022 -0.285785 104.06 8.93296 32.9976 0.570688 0.767186 0.233061 -0.177263 0
-0.367459 -0.314427 1.46433 0.822871 0.567993 -0.0163355 0.142535 -0.234153 -0.961694 -0.550061 0.789022 -0.273637 103.684 8.19455 33.7614 0.573385 0.763325 0.232708 -0.185503 0
-0.367348 -0.314263 1.46451 0.81832 0.574626 0.0125404 0.169195 -0.219983 -0.960719 -0.549295 0.788297 -0.277241 102.897 9.74103 33.8714 0.574695 0.760846 0.244406 -0.176368 0
-0.366752 -0.314452 1.46597 0.818817 0.573216 0.0310121 0.180692 -0.206082 -0.961707 -0.544875 0.793066 -0.272319 102.095 10.4101 33.6414 0.578882 0.757829 0.248707 -0.169518 0
-0.365412 -0.315185 1.46482 0.794063 0.60469 0.0617631 0.204351 -0.16988 -0.964044 -0.572455 0.778133 -0.258464 99.9938 11.7915 35.7886 0.58432 0.745387 0.271349 -0.171284 0
-0.364529 -0.31476 1.46474 0.795446 0.603261 0.0578005 0.215464 -0.192377 -0.957375 -0.566428 0.773994 -0.283006 101.362 12.4428 35.4542 0.57447 0.753464 0.271654 -0.168763 0
-0.365823 -0.314184 1.4655 0.757964 0.650231 0.05186 0.208116 -0.165716 -0.963964 -0.618205 0.741443 -0.26093 99.7544 12.012 39.2011 0.576914 0.739021 0.290366 -0.191586 0
-0.364764 -0.316987 1.46411 0.813843 0.579232 0.0463674 0.201539 -0.206525 -0.95746 -0.545015 0.788567 -0.284817 102.172 11.627 33.8095 0.575 0.759142 0.257123 -0.164214 0
-0.365142 -0.31545 1.4651 0.816913 0.573412 0.0620675 0.200309 -0.181151 -0.96284 -0.54086 0.798989 -0.262845 100.655 11.5551 33.5077 0.585858 0.751816 0.257284 -0.159212 0
-0.369994 -0.313864 1.46274 0.826308 0.560715 0.0530501 0.197113 -0.199668 -0.959833 -0.5276 0.803574 -0.275512 101.751 11.3682 32.5583 0.58119 0.758533 0.249768 -0.156404 0
-0.369218 -0.312893 1.46257 0.835948 0.548487 0.0187776 0.168612 -0.224119 -0.959865 -0.522265 0.805563 -0.279833 103.143 9.70711 31.9954 0.577061 0.764837 0.234396 -0.164574 0
-0.370259 -0.31307 1.46147 0.83702 0.546147 0.0334811 0.176271 -0.211212 -0.961415 -0.518002 0.810625 -0.273058 102.39 10.1526 31.7519 0.581539 0.761789 0.237079 -0.159008 0
-0.369511 -0.313913 1.46172 0.840403 0.540855 0.0346278 0.175933 -0.211823 -0.961342 -0.512612 0.814007 -0.273171 102.426 10.133 31.3815 0.58211 0.762463 0.235024 -0.156724 0
-0.367527 -0.313437 1.46228 0.838743 0.544495 -0.00598075 0.142563 -0.230179 -0.962649 -0.525534 0.806562 -0.270686 103.448 8.1962 32.0702 0.578333 0.764789 0.224591 -0.173746 0
-0.369827 -0.314402 1.46227 0.846893 0.531733 0.00558594 0.155268 -0.237221 -0.958967 -0.50859 0.81301 -0.283462 103.894 8.93232 30.9863 0.575806 0.769347 0.223242 -0.163452 0
-0.370284 -0.314047 1.46179 0.863022 0.505114 0.0072387 0.153874 -0.249203 -0.956149 -0.48116 0.826292 -0.292792 104.608 8.85152 29.1409 0.57468 0.775406 0.212466 -0.152798 0
-0.369768 -0.313949 1.46193 0.858089 0.513432 -0.00844885 0.147043 -0.261447 -0.953952 -0.491998 0.817333 -0.299841 105.327 8.45558 29.8285 0.569386 0.777717 0.212312 -0.160871 0
-0.367656 -0.313145 1.46212 0.86605 0.499523 -0.0208476 0.123672 -0.254446 -0.959147 -0.48442 0.828091 -0.28214 104.857 7.10405 29.2202 0.576512 0.775022 0.201025 -0.162985 0
-0.364064 -0.31495 1.45911 0.89841 0.439151 -0.00258428 0.121905 -0.255036 -0.959216 -0.421899 0.861454 -0.282662 104.889 7.00205 25.1551 0.583248 0.780402 0.179733 -0.135982 0
-0.364598 -0.314768 1.45869 0.886666 0.462261 -0.0117447 0.127526 -0.268866 -0.954698 -0.444477 0.845001 -0.297345 105.728 7.32667 26.6241 0.574556 0.783083 0.18829 -0.145649 0
-0.364034 -0.313626 1.46003 0.916226 0.398479 0.0417605 0.153189 -0.252092 -0.955501 -0.370219 0.881853 -0.292016 104.78 8.81176 22.0021 0.585687 0.784273 0.175853 -0.104702 0
-0.36444 -0.314337 1.45964 0.933137 0.356038 0.0499196 0.148998 -0.256614 -0.95496 -0.327192 0.898547 -0.292505 105.041 8.56886 19.3225 0.588222 0.787759 0.160276 -0.0879942 0
-0.363243 -0.313559 1.45972 0.925489 0.37604 0.0454209 0.145704 -0.242754 -0.959083 -0.349628 0.89424 -0.279456 104.204 8.37805 20.6954 0.5923 0.782256 0.166743 -0.097221 0
-0.364302 -0.314142 1.45949 0.927224 0.369885 0.0586583 0.152148 -0.228928 -0.96148 -0.342208 0.900432 -0.268545 103.393 8.75145 20.2575 0.597861 0.778572 0.167625 -0.0910481 0
-0.367571 -0.313974 1.4583 0.939459 0.340502 0.0384005 0.131717 -0.255394 -0.957823 -0.316333 0.904893 -0.284782 104.93 7.56884 18.6093 0.591456 0.787343 0.149941 -0.0882503 0
-0.363832 -0.311859 1.45964 0.959857 0.276513 0.0470717 0.105613 -0.200819 -0.973919 -0.259849 0.939794 -0.22196 101.651 6.06247 15.1478 0.619895 0.771789 0.123779 -0.0689233 0
-0.364566 -0.314651 1.45972 0.9671 0.252017 0.0346977 0.102333 -0.26052 -0.96003 -0.232905 0.931996 -0.277738 105.183 5.87353 13.5406