-0.33563 -0.385862 1.45567 0.829932 0.556033 0.0451611 0.21355 -0.241868 -0.946518 -0.515372 0.79519 -0.319475 104.334 12.3305 31.8395 0.563158 0.773187 0.248835 -0.152037 0
-0.335088 -0.374125 1.45461 0.848669 0.52265 0.0812232 0.222616 -0.213656 -0.951206 -0.479795 0.825341 -0.297674 102.659 12.8627 29.4816 0.578217 0.768114 0.242564 -0.129724 0
-0.33724 -0.356319 1.45406 0.8807 0.460882 0.109344 0.22568 -0.205314 -0.952321 -0.416457 0.863385 -0.284831 102.166 13.0428 25.3081 0.589609 0.769877 0.222945 -0.099728 0
-0.344225 -0.339181 1.45945 0.901276 0.417719 0.114947 0.220057 -0.212834 -0.951986 -0.373198 0.883296 -0.283744 102.602 12.7124 22.4934 0.5926 0.77425 0.205934 -0.0833876 0
-0.34881 -0.323174 1.46756 0.916839 0.386375 0.100603 0.198133 -0.221544 -0.95481 -0.346626 0.89534 -0.279673 103.063 11.4278 20.7099 0.5949 0.777505 0.187943 -0.0791066 0
-0.350397 -0.318075 1.47065 0.930863 0.356586 0.0796287 0.163685 -0.212155 -0.96343 -0.326652 0.909855 -0.255855 102.419 9.42084 19.3367 0.604742 0.774415 0.167956 -0.0797453 0
-0.348055 -0.316829 1.46667 0.935706 0.346847 0.0644276 0.144107 -0.209103 -0.967217 -0.322004 0.914316 -0.245642 102.199 8.28559 18.9899 0.608474 0.773054 0.158771 -0.0832984 0
-0.347845 -0.31624 1.46695 0.92631 0.373581 0.04885 0.134482 -0.206732 -0.969111 -0.351943 0.904267 -0.241738 102.042 7.72868 20.8038 0.607832 0.770516 0.164845 -0.0983409 0
-0.347935 -0.316824 1.46722 0.915752 0.397722 0.0566947 0.151779 -0.211847 -0.965445 -0.371969 0.892714 -0.254365 102.376 8.73002 22.1065 0.601984 0.771681 0.178021 -0.102139 0
-0.347 -0.315979 1.46479 0.904512 0.424927 0.0359911 0.138556 -0.213015 -0.967175 -0.403312 0.879808 -0.251551 102.421 7.96429 24.0316 0.599989 0.76959 0.183046 -0.119323 0
-0.346727 -0.315292 1.46397 0.956913 0.288245 0.0351149 0.111611 -0.253467 -0.960884 -0.26807 0.923401 -0.274718 104.777 6.4082 15.6497 0.597647 0.78821 0.126824 -0.0738873 0
-0.346919 -0.316449 1.46599 0.927442 0.372237 0.0359258 0.137998 -0.251368 -0.958003 -0.347574 0.893451 -0.284497 104.702 7.93203 20.5443 0.589826 0.784746 0.162548 -0.099283 0
-0.348118 -0.316182 1.4664 0.917499 0.396154 0.0354475 0.139853 -0.237897 -0.961169 -0.372338 0.88683 -0.273673 103.902 8.03932 22.0882 0.592859 0.779274 0.171957 -0.108079 0
-0.347359 -0.314909 1.46609 0.973779 0.221599 0.0514626 0.11173 -0.2688 -0.956694 -0.19817 0.937358 -0.286511 105.694 6.41502 11.5029 0.595497 0.795156 0.1048 -0.0461252 0
-0.346611 -0.315629 1.46455 0.970492 0.234976 0.0541465 0.119946 -0.275621 -0.953753 -0.209185 0.932105 -0.295673 106.119 6.88899 12.1637 0.591438 0.797149 0.11131 -0.0486228 0
-0.346836 -0.315944 1.46589 0.950827 0.30333 0.0626066 0.148678 -0.269684 -0.951402 -0.271705 0.913927 -0.301521 105.826 8.55033 15.9476 0.587287 0.794045 0.142312 -0.0658332 0
-0.346844 -0.3155 1.46475 0.984078 0.170742 0.0493721 0.0972634 -0.284827 -0.953632 -0.148763 0.94325 -0.296899 106.63 5.58161 8.59631 0.592105 0.800906 0.083657 -0.0310245 0
-0.346746 -0.31586 1.46608 0.960605 0.27735 0.0177535 0.0986557 -0.280581 -0.954747 -0.259817 0.918886 -0.29689 106.377 5.66177 15.1348 0.588034 0.796567 0.118008 -0.075971 0
-0.346988 -0.315697 1.46626 0.969554 0.241261 0.0419387 0.109486 -0.273894 -0.955508 -0.21904 0.931008 -0.29197 105.995 6.28569 12.7304 0.592387 0.79615 0.110138 -0.0556117 0
-0.346174 -0.315566 1.46128 0.919573 0.388045 0.0616994 0.177697 -0.270664 -0.946132 -0.350442 0.881001 -0.317849 105.964 10.2356 20.8614 0.576858 0.791847 0.178615 -0.0911611 0
-0.345311 -0.315682 1.45964 0.905227 0.420499 0.0611892 0.181331 -0.252036 -0.950577 -0.384295 0.871584 -0.3044 104.85 10.4473 23.0026 0.580687 0.784484 0.191792 -0.102968 0
-0.3454 -0.315354 1.45969 0.893675 0.445287 0.055359 0.175347 -0.232996 -0.956539 -0.413035 0.864542 -0.286303 103.69 10.0988 24.8053 0.586169 0.776688 0.199769 -0.115129 0
-0.345674 -0.31515 1.45985 0.880307 0.472672 0.0405065 0.168924 -0.232523 -0.957809 -0.443311 0.850008 -0.284538 103.645 9.72526 26.7292 0.583791 0.774172 0.207188 -0.130076 0
-0.345815 -0.314879 1.46 0.859399 0.509196 0.0464038 0.189762 -0.233361 -0.953694 -0.474789 0.828409 -0.297176 103.75 10.9389 28.9192 0.576381 0.772971 0.226062 -0.138551 0
-0.34504 -0.315551 1.46047 0.85978 0.507169 0.0596511 0.20594 -0.237466 -0.949315 -0.467298 0.828486 -0.308615 104.044 11.8846 28.5245 0.573083 0.775542 0.229875 -0.131407 0
-0.345574 -0.31492 1.45962 0.855242 0.515514 0.0529697 0.207931 -0.247731 -0.946253 -0.474684 0.820289 -0.319062 104.671 12.0012 29.0316 0.567549 0.778144 0.232427 -0.135487 0
-0.345381 -0.314247 1.45991 0.849653 0.524266 0.0568753 0.19801 -0.217213 -0.95583 -0.488755 0.823386 -0.288365 102.803 11.4206 29.9092 0.579671 0.767338 0.235319 -0.140707 0
-0.345634 -0.313931 1.45983 0.853139 0.518976 0.0530873 0.186169 -0.207811 -0.960289 -0.487335 0.829144 -0.273908 102.211 10.7293 29.7361 0.585538 0.764012 0.230737 -0.142094 0
-0.346096 -0.313817 1.45876 0.862301 0.503945 0.0497655 0.181317 -0.215497 -0.959523 -0.472823 0.836421 -0.277197 102.658 10.4465 28.7371 0.585151 0.7673 0.223271 -0.13784 0
-0.345543 -0.314296 1.45953 0.861257 0.50622 0.0444697 0.187326 -0.234919 -0.953793 -0.472382 0.829792 -0.297154 103.837 10.7968 28.7439 0.576451 0.77352 0.224152 -0.1383 0
-0.346796 -0.314354 1.45871 0.849131 0.524649 0.0609826 0.205565 -0.221912 -0.953152 -0.486538 0.821887 -0.296282 103.106 11.8626 29.812 0.576831 0.769306 0.237297 -0.138292 0
-0.345851 -0.314063 1.45877 0.88928 0.455697 0.0389984 0.167682 -0.245518 -0.954779 -0.425515 0.855606 -0.294746 104.421 9.65309 25.5708 0.580736 0.77935 0.199968 -0.123987 0
-0.346053 -0.31458 1.45933 0.898253 0.436951 0.0470687 0.174414 -0.25613 -0.950777 -0.403387 0.862248 -0.30628 105.077 10.0446 24.1839 0.577894 0.784325 0.19487 -0.113575 0
-0.346071 -0.314458 1.45982 0.893617 0.445734 0.0526298 0.182574 -0.253875 -0.94985 -0.410018 0.858411 -0.308247 104.964 10.5197 24.6471 0.576952 0.78354 0.200471 -0.11403 0
-0.345555 -0.314251 1.45862 0.897413 0.438705 0.0467832 0.181767 -0.27102 -0.945256 -0.402009 0.856788 -0.322959 105.998 10.4727 24.1307 0.57084 0.789207 0.196549 -0.112526 0
-0.346183 -0.314576 1.45883 0.901473 0.430736 0.0425889 0.173975 -0.270485 -0.946874 -0.396333 0.86099 -0.318772 105.943 10.019 23.7327 0.57276 0.789102 0.191582 -0.112072 0
-0.346041 -0.315285 1.45991 0.893146 0.448056 0.0391897 0.179118 -0.274414 -0.944783 -0.412561 0.850849 -0.325346 106.196 10.3184 24.7931 0.568636 0.789447 0.198612 -0.118238 0
-0.345471 -0.314696 1.45948 0.887993 0.458315 0.0376286 0.180894 -0.272908 -0.94488 -0.422783 0.845854 -0.325247 106.11 10.4218 25.4596 0.567855 0.788376 0.202698 -0.122135 0
-0.345149 -0.314158 1.45607 0.895995 0.442156 0.0411326 0.180062 -0.27708 -0.943824 -0.40592 0.853068 -0.327877 106.361 10.3734 24.3724 0.568119 0.79072 0.196725 -0.115334 0
-0.345808 -0.314078 1.45523 0.914365 0.401476 0.0524747 0.166562 -0.254847 -0.952528 -0.369044 0.879699 -0.299894 104.979 9.58798 21.9793 0.583015 0.785669 0.180749 -0.100732 0
-0.345389 -0.313674 1.45585 0.924686 0.376659 0.0555295 0.160648 -0.253766 -0.953832 -0.345178 0.890916 -0.295164 104.898 9.24452 20.4702 0.586463 0.786387 0.170815 -0.0920819 0
-0.344895 -0.312898 1.45511 0.935875 0.350341 0.0373946 0.133922 -0.25555 -0.957475 -0.325887 0.901086 -0.286082 104.944 7.69628 19.1989 0.59039 0.787005 0.153831 -0.0916424 0
-0.345055 -0.313033 1.45607 0.932705 0.359341 0.0305785 0.131111 -0.258878 -0.95697 -0.335963 0.89658 -0.288571 105.137 7.53383 19.8091 0.588485 0.787425 0.155714 -0.0969566 0
-0.344873 -0.313405 1.45519 0.92164 0.386041 0.0393962 0.148839 -0.257919 -0.954633 -0.358367 0.885692 -0.295166 105.119 8.55966 21.2479 0.584926 0.786563 0.170006 -0.101381 0
-0.34495 -0.314345 1.45564 0.914224 0.40073 0.0600755 0.173235 -0.252503 -0.951962 -0.366311 0.880714 -0.300265 104.855 9.97595 21.8349 0.583407 0.785333 0.182714 -0.0974857 0
-0.345104 -0.313254 1.4554 0.921009 0.388741 0.024973 0.124704 -0.233501 -0.964327 -0.369042 0.891268 -0.263534 103.612 7.16366 21.8356 0.596652 0.777503 0.165094 -0.110633 0
-0.345088 -0.313331 1.45608 0.918815 0.39367 0.0283347 0.136778 -0.250249 -0.958471 -0.370231 0.884534 -0.283778 104.633 7.86143 21.9467