-0.335328 -0.389727 1.45969 0.824099 0.566135 0.0187505 0.216226 -0.283812 -0.934183 -0.523551 0.773914 -0.356302 106.899 12.4875 32.4278 0.544055 0.784891 0.249194 -0.160787 0
-0.337311 -0.380361 1.46139 0.812495 0.579949 0.0592595 0.271819 -0.286951 -0.918571 -0.51572 0.762442 -0.390787 107.348 15.7725 32.4048 0.532625 0.789024 0.26988 -0.144628 0
-0.338731 -0.368527 1.46743 0.783025 0.614349 0.0971918 0.336073 -0.286401 -0.897234 -0.52338 0.735221 -0.430725 107.703 19.6378 33.759 0.516212 0.790593 0.300541 -0.134768 0
-0.336377 -0.35003 1.46995 0.806991 0.588713 0.0467204 0.314969 -0.362127 -0.877302 -0.49956 0.72269 -0.47766 112.43 18.3589 31.7592 0.491733 0.813446 0.277732 -0.139173 0
-0.336971 -0.334834 1.47308 0.804687 0.591758 0.0479691 0.3498 -0.407278 -0.843662 -0.479707 0.695663 -0.534728 115.769 20.4751 30.8009 0.464403 0.828657 0.284061 -0.130252 0
-0.336634 -0.330243 1.48046 0.823221 0.567387 0.0194477 0.347123 -0.475943 -0.808074 -0.449235 0.671975 -0.58876 120.497 20.3115 28.6215 0.435465 0.849695 0.26907 -0.126453 0
-0.337382 -0.3288 1.48379 0.840628 0.539876 0.0433326 0.369015 -0.512343 -0.775456 -0.396449 0.667861 -0.629913 123.453 21.6549 25.2491 0.417843 0.863551 0.263126 -0.102228 0
-0.337987 -0.337146 1.48203 0.867718 0.49234 0.0683194 0.38014 -0.568758 -0.729389 -0.32025 0.658874 -0.68068 127.946 22.3423 20.2577 0.393154 0.882773 0.247085 -0.0713463 0
-0.337463 -0.342823 1.48166 0.858377 0.504767 0.0916516 0.428692 -0.607609 -0.668606 -0.281802 0.613206 -0.737947 132.264 25.3846 18.1748 0.358058 0.894977 0.26075 -0.053116 0
-0.33781 -0.346052 1.48337 0.850335 0.518935 0.0873856 0.451136 -0.63336 -0.628755 -0.270936 0.574075 -0.772678 135.209 26.8166 17.6731 0.333278 0.902271 0.268786 -0.0508579 0
-0.337937 -0.345538 1.48629 0.848959 0.523574 0.0716824 0.451506 -0.648145 -0.61323 -0.274611 0.552972 -0.786645 136.586 26.8403 17.9247 0.32178 0.906056 0.269045 -0.0559924 0
-0.337895 -0.346627 1.48729 0.8506 0.521008 0.0709244 0.45154 -0.654659 -0.606246 -0.269427 0.547698 -0.792109 137.199 26.8425 17.5756 0.317739 0.907933 0.267792 -0.054658 0
-0.337791 -0.344057 1.48523 0.844869 0.529207 0.0783315 0.44769 -0.619249 -0.645061 -0.292864 0.58006 -0.760106 133.83 26.5956 19.1183 0.341143 0.897806 0.272023 -0.059738 0
-0.337299 -0.344962 1.48729 0.864999 0.499038 0.0523283 0.417815 -0.658586 -0.625855 -0.277863 0.563227 -0.778182 136.46 24.6967 17.8085 0.327196 0.908538 0.252288 -0.0620597 0
-0.337511 -0.345801 1.48833 0.867025 0.495833 0.0491676 0.422567 -0.679429 -0.599845 -0.264017 0.540857 -0.798604 138.56 24.9968 16.936 0.311846 0.914475 0.251073 -0.0587358 0
-0.337984 -0.344076 1.48602 0.883631 0.462621 0.0719511 0.407226 -0.683627 -0.605657 -0.231002 0.564478 -0.792466 138.461 24.0307 14.6506 0.319194 0.916478 0.23728 -0.0433865 0
-0.337938 -0.343884 1.4849 0.875146 0.478909 0.0690379 0.418363 -0.677258 -0.605223 -0.24309 0.558541 -0.793057 138.215 24.7313 15.5238 0.318132 0.91453 0.245282 -0.0475798 0
-0.341755 -0.344592 1.4866 0.880421 0.471713 0.0484344 0.402037 -0.688384 -0.603734 -0.251448 0.551012 -0.795713 138.748 23.7056 15.9393 0.314771 0.917131 0.238175 -0.0553392 0
-0.343673 -0.343455 1.48247 0.889768 0.452848 0.0569385 0.392803 -0.696251 -0.600782 -0.23242 0.556922 -0.797382 139.21 23.129 14.6393 0.314696 0.919701 0.229871 -0.0477006 0
-0.337757 -0.342869 1.48129 0.863272 0.498001 0.0822016 0.446935 -0.678524 -0.58297 -0.234544 0.540001 -0.808325 139.332 26.5472 15.1999 0.306767 0.915167 0.258132 -0.0416159 0
-0.337259 -0.342698 1.48127 0.853859 0.514621 0.0780351 0.454225 -0.6635 -0.594514 -0.254173 0.543077 -0.80029 138.139 27.0151 16.577 0.312278 0.910721 0.265956 -0.0483513 0
-0.337035 -0.343939 1.48153 0.850714 0.521049 0.0692396 0.455243 -0.664528 -0.592585 -0.262754 0.535641 -0.802527 138.275 27.0806 17.164 0.309701 0.910737 0.267995 -0.0531203 0
-0.33717 -0.343918 1.48217 0.865993 0.494753 0.0726399 0.428372 -0.659038 -0.618196 -0.257982 0.56647 -0.78266 136.832 25.3643 16.5889 0.325689 0.909353 0.253786 -0.0509543 0
-0.336588 -0.346246 1.48639 0.870458 0.490405 0.0424897 0.42696 -0.709241 -0.560965 -0.244965 0.506438 -0.826748 141.658 25.2748 15.7177 0.289166 0.922828 0.24852 -0.0548518 0
-0.337077 -0.345062 1.48463 0.852907 0.518789 0.0583689 0.453215 -0.680292 -0.57602 -0.259125 0.517745 -0.815349 139.745 26.9501 16.8995 0.298859 0.914952 0.265589 -0.0548543 0
-0.336033 -0.345832 1.4858 0.873991 0.48458 0.0363544 0.413209 -0.701725 -0.58038 -0.25573 0.522269 -0.813534 140.407 24.4066 16.3095 0.299472 0.920496 0.243833 -0.0595808 0
-0.336949 -0.344683 1.48551 0.87488 0.482168 0.0458157 0.417948 -0.703768 -0.574483 -0.244753 0.521752 -0.817233 140.775 24.7051 15.6293 0.297439 0.921396 0.244226 -0.0539773 0
-0.33748 -0.343443 1.48424 0.866702 0.49589 0.0540458 0.43428 -0.696807 -0.570842 -0.245415 0.518221 -0.819279 140.675 25.7395 15.81 0.296064 0.919618 0.252869 -0.0520242 0
-0.336949 -0.343253 1.48191 0.864655 0.499116 0.0570569 0.434247 -0.685468 -0.584434 -0.252589 0.530111 -0.809433 139.549 25.7374 16.2845 0.304037 0.916455 0.254612 -0.0533394 0
-0.336062 -0.34346 1.47924 0.860335 0.505562 0.0650375 0.434911 -0.661511 -0.610947 -0.265849 0.553905 -0.788995 137.276 25.7796 17.1715 0.32009 0.909786 0.258433 -0.0551809 0
-0.33627 -0.342478 1.47999 0.860112 0.506138 0.0634896 0.43145 -0.655431 -0.619888 -0.272136 0.560566 -0.782117 136.596 25.5596 17.5572 0.325025 0.907973 0.258154 -0.0574485 0
-0.335905 -0.343918 1.4779 0.856748 0.510143 0.0757496 0.441164 -0.648844 -0.619981 -0.267129 0.564585 -0.780952 136.303 26.1782 17.3172 0.326708 0.906441 0.262374 -0.0527832 0
-0.336638 -0.343062 1.47988 0.851681 0.520211 0.063404 0.442825 -0.649673 -0.617924 -0.280259 0.554351 -0.783677 136.435 26.2843 18.2146 0.323392 0.906233 0.26567 -0.0598232 0
-0.336044 -0.341438 1.47648 0.849558 0.523422 0.0654259 0.446313 -0.647148 -0.618065 -0.281169 0.554283 -0.783399 136.317 26.5074 18.3124 0.323655 0.905553 0.267719 -0.0595611 0
-0.336362 -0.342163 1.47684 0.846334 0.528026 0.0700598 0.449551 -0.637539 -0.625658 -0.285698 0.561011 -0.776945 135.539 26.7149 18.6532 0.328576 0.902887 0.270681 -0.0597079 0
-0.336531 -0.341495 1.47749 0.839799 0.537793 0.0742742 0.450128 -0.613261 -0.649073 -0.303518 0.578524 -0.757091 133.375 26.7519 19.8707 0.342581 0.895845 0.275696 -0.0639742 0
-0.336836 -0.34121 1.47728 0.845819 0.52772 0.0781111 0.437375 -0.602153 -0.667918 -0.305439 0.599102 -0.740124 132.036 25.9365 19.8555 0.354803 0.892762 0.270256 -0.0636586 0
-0.336349 -0.340902 1.47599 0.857222 0.509627 0.0738234 0.431706 -0.633079 -0.642527 -0.280713 0.582658 -0.762699 134.576 25.5759 18.132 0.339648 0.901804 0.260959 -0.0573544 1
-0.33591 -0.340842 1.47518 0.867634 0.492254 0.0699777 0.420349 -0.651051 -0.632011 -0.265551 0.57777 -0.771793 135.85 24.8567 17.0175 0.333463 0.906984 0.251549 -0.0539077 0
-0.335995 -0.340881 1.47448 0.862585 0.498726 0.0849641 0.437655 -0.651363 -0.619826 -0.253781 0.571838 -0.780126 136.421 25.9543 16.3944 0.32829 0.907479 0.257962 -0.046507 0
-0.336252 -0.342058 1.47823 0.848286 0.525968 0.0613858 0.455311 -0.665271 -0.591698 -0.270376 0.529879 -0.803819 138.35 27.0849 17.6788 0.307894 0.910683 0.26938 -0.0573719 0
-0.336479 -0.34263 1.47956 0.834093 0.54818 0.0615384 0.477247 -0.661182 -0.578856 -0.276629 0.512189 -0.813105 138.798 28.5057 18.3482 0.299919 0.909448 0.281882 -0.0591267 0
-0.335835 -0.341978 1.47739 0.840236 0.539237 0.0568035 0.463034 -0.659067 -0.592647 -0.28214 0.524266 -0.803457 138.037 27.583 18.5613 0.307292 0.908675 0.275751 -0.0619959 1
-0.338303 -0.344253 1.47448 0.830354 0.544104 0.120267 0.492101 -0.614752 -0.616374 -0.261437 0.570992 -0.778215 134.924 29.4788 17.4766 0.330676 0.89768 0.288578 -0.0393151 1
-0.340306 -0.342708 1.47514 0.815242 0.560024 0.147492 0.511047 -0.575887 -0.638111 -0.272419 0.59559 -0.755686 132.066 30.7336 18.4774 0.347732 0.886963 0.301893 -0.0352119 1
-0.340286 -0.342616 1.47455 0.810836 0.567223 0.144236 0.504782 -0.553028 -0.662839 -0.296211 0.610261 -0.734739 129.839 30.3169 20.068 0.361618 0.880142 0.304497 -0.0431677 1
-0.339075 -0.342415 1.47119 0.821373 0.552295 0.142538 0.481405 -0.537204 -0.692576 -0.305934 0.637481 -0.707122 127.799 28.7772 20.4287 0.379818 0.875457 0.295189 -0.0466604 1
-0.33424 -0.342377 1.47171 0.815303 0.577415 0.0432634 0.444516 -0.576266 -0.685801 -0.371061 0.578367 -0.726502 130.04 26.3924 24.4712 0.357958 0.882903 0.289367 -0.0928181 1
-0.334167 -0.341588 1.47053 0.809255 0.587428 0.00587171 0.433666 -0.590627 -0.68051 -0.396283 0.553253 -0.732715 130.955 25.7004 26.0904 0.348537 0.884957 0.288459 -0.110291 1
-0.335024 -0.34006 1.47174 0.817827 0.5746 0.0315294 0.450546 -0.605251 -0.656262 -0.358005 0.550914 -0.753874 132.684 26.7787 23.6414 0.338638 0.8912 0.287574 -0.091583 1
-0.333732 -0.34071 1.47123 0.812208 0.582637 0.0291752 0.446574 -0.588798 -0.673712 -0.375352 0.560224 -0.738418 131.152 26.5241 24.8034 0.348207 0.885921 0.290435 -0.0976883 1
-0.335652 -0.340926 1.4752 0.834983 0.545196 0.0745975 0.46106 -0.619149 -0.635671 -0.300378 0.565169 -0.768347 134.246 27.4555 19.7858 0.334472 0.897563 0.280274 -0.0628872 1
-0.336901 -0.34101 1.47489 0.831014 0.549409 0.0869759 0.476235 -0.621927 -0.621616 -0.287429 0.557993 -0.778478 135.014 28.4398 19.0793 0.328104 0.898807 0.285279 -0.0557553 1
-0.336547 -0.341159 1.47531 0.829503 0.551524 0.0880174 0.478827 -0.621158 -0.620393 -0.287489 0.556763 -0.779336 135.035 28.6088 19.1153 0.327494 0.89861 0.286651 -0.0554945 1
-0.336483 -0.340468 1.47323 0.82045 0.563634 0.0958027 0.479175 -0.586519 -0.652983 -0.311853 0.581646 -0.751289 131.931 28.6316 20.8118 0.347362 0.888574 0.293394 -0.0607857 1
-0.336975 -0.340169 1.473 0.768992 0.630992 0.102469 0.548644 -0.569186 -0.612387 -0.328087 0.52714 -0.783889 132.906 33.274 23.1053 0.322458 0.883469 0.333808 -0.0638443 1
-0.336841 -0.342312 1.47184 0.736923 0.667053 0.109477 0.572021 -0.529065 -0.626804 -0.360191 0.524529 -0.771448 130.167 34.8913 26.0483 0.330307 0.871412 0.355479 -0.0719275 1
-0.336841 -0.34923 1.47044 0.732529 0.673158 0.101294 0.567981 -0.52237 -0.636024 -0.375232 0.523439 -0.764992 129.396 34.6096 27.1234 0.333604 0.868892 0.357104 -0.0788182 1
-0.33906 -0.344333 1.47558 0.631419 0.762773 0.139596 0.650643 -0.423205 -0.630524 -0.421869 0.488953 -0.763513 123.869 40.5901 33.748 0.33343 0.839365 0.420977 -0.0840731 1
-0.33723 -0.3507 1.47366 0.716399 0.6919 0.0897001 0.583522 -0.523718 -0.620662 -0.382459 0.496984 -0.77893 130.158 35.6986 28.0961 0.321617 0.86877 0.367019 -0.0842451 1
-0.338463 -0.359156 1.4731 0.686242 0.718756 0.111635 0.614158 -0.490332 -0.618372 -0.38972 0.492914 -0.777916 128.412 37.8908 29.5925 0.323262 0.859432 0.387731 -0.0808922 1
-0.337508 -0.359105 1.47414 0.666969 0.73594 0.116381 0.632567 -0.476758 -0.610378 -0.393716 0.480722 -0.783514 127.993 39.2397 30.5536 0.318864 0.855459 0.399933 -0.0810485 1
-0.338199 -0.360916 1.47156 0.610748 0.779803 0.137459 0.66679 -0.412871 -0.620426 -0.427057 0.47058 -0.772125 123.642 41.8198 34.9626 0.326248 0.836024 0.432581 -0.0865998 1
-0.336065 -0.359164 1.46963 0.564633 0.820205 0.0919431 0.660646 -0.382375 -0.646016 -0.494709 0.425504 -0.757766 120.621 41.3491 41.2235 0.325765 0.82231 0.450211 -0.122449 1
-0.335658 -0.359318 1.47028 0.585386 0.806537 0.082587 0.648573 -0.404728 -0.64463 -0.486493 0.430921 -0.760021 122.122 40.4341 39.7287 0.324283 0.829177 0.438722 -0.121779 1
-0.337056 -0.360347 1.47052 0.502035 0.85745 0.112873 0.682743 -0.312824 -0.660305 -0.53087 0.40856 -0.742466 115.35 43.0584 46.599 0.334195 0.799582 0.481562 -0.130692 1
-0.337188 -0.360477 1.47009 0.499549 0.858333 0.117114 0.676989 -0.302457 -0.670974 -0.540497 0.41447 -0.732174 114.265 42.6088 47.2546 0.340925 0.795955 0.482226 -0.132979 1
-0.335966 -0.359097 1.46885 0.485266 0.86825 0.103244 0.680092 -0.300593 -0.668669 -0.549537 0.394698 -0.736358 114.206 42.8509 48.554 0.334782 0.794074 0.487468 -0.140507 1
-0.343677 -0.362905 1.46846 0.641364 0.722525 0.258088 0.662429 -0.351764 -0.6614 -0.387092 0.595163 -0.704231 118.006 41.4854 31.1128 0.382547 0.821182 0.421634 -0.0392738 1
-0.343862 -0.363793 1.46998 0.673197 0.691395 0.262257 0.644388 -0.374538 -0.666697 -0.362726 0.617814 -0.697665 119.326 40.1198 28.3162 0.387619 0.828462 0.403091 -0.0303177 1
-0.342736 -0.363982 1.46793 0.707531 0.66372 0.242642 0.611297 -0.402553 -0.681371 -0.354563 0.630418 -0.690549 120.575 37.6834 26.6167 0.391927 0.836755 0.380941 -0.033439 1
-0.339601 -0.369604 1.46299 0.732108 0.641889 0.228029 0.585641 -0.422133 -0.691974 -0.347912 0.640143 -0.684963 121.385 35.8483 25.418 0.395288 0.842497 0.364254 -0.0355737 1
-0.338586 -0.36933 1.46217 0.793652 0.580125 0.183227 0.514231 -0.478754 -0.711591 -0.325091 0.658976 -0.678282 123.932 30.946 22.2747 0.398941 0.858878 0.318542 -0.0412933 1
-0.33684 -0.370065 1.46487 0.831412 0.532233 0.15963 0.482764 -0.549655 -0.681776 -0.275122 0.6439 -0.713933 128.876 28.8661 18.3099 0.376771 0.879631 0.288473 -0.0328242 1
-0.33684 -0.370406 1.47143 0.889722 0.446016 0.0972906 0.400996 -0.661729 -0.633496 -0.218169 0.602648 -0.767605 136.249 23.6405 13.7777 0.339259 0.910914 0.232462 -0.0331751 0
-0.336729 -0.371643 1.47798 0.926698 0.37099 0.0599813 0.339222 -0.757068 -0.55837 -0.16174 0.537787 -0.827421 143.59 19.8295 9.90029 0.292493 0.936908 0.189509 -0.0271527 0
-0.336802 -0.37406 1.48173 0.950579 0.303163 0.067022 0.29545 -0.816872 -0.495408 -0.0954409 0.490726 -0.866071 148.764 17.1845 5.73345 0.258667 0.95309 0.157019 -0.00745442 1
-0.33677 -0.376038 1.4827 0.960143 0.269081 0.0756345 0.272863 -0.843685 -0.462321 -0.0605902 0.464532 -0.883481 151.278 15.8347 3.61088 0.241338 0.960118 0.141114 0.00391729 0
-0.335982 -0.374185 1.48226 0.971557 0.222405 0.0813194 0.234352 -0.853712 -0.465033 -0.0340024 0.470863 -0.881551 151.422 13.5534 2.00441 0.243051 0.962655 0.118619 0.0122882 0
-0.335953 -0.373778 1.47899 0.983149 0.166293 0.0759308 0.182282 -0.860271 -0.476138 -0.0138575 0.481955 -0.876086 151.037 10.5027 0.807531 0.248391 0.964301 0.09037 0.0160928 0
-0.335719 -0.375793 1.47741 0.987584 0.145856 0.0583428 0.155852 -0.863143 -0.480307 -0.0196975 0.483436 -0.875158 150.906 8.96622 1.14262 0.249641 0.965128 0.0781524 0.0100104 0
-0.33545 -0.376074 1.48014 0.987545 0.148779 0.0511884 0.155309 -0.869673 -0.468559 -0.0251947 0.470673 -0.881948 151.685 8.9347 1.46144 0.24286 0.966846 0.0786288 0.00672127 0
-0.334935 -0.374838 1.48204 0.991064 0.121915 0.0541259 0.133117 -0.877967 -0.459841 -0.0085408 0.462936 -0.88635 152.356 7.64972 0.493752 0.238089 0.96894 0.0658017 0.0117616 0
-0.336408 -0.375131 1.48371 0.991239 0.0943331 0.0924467 0.125398 -0.891945 -0.434408 0.0414783 0.442194 -0.89596 154.032 7.20374 -2.39614 0.225463 0.972001 0.0565151 0.0344457 1
-0.336722 -0.378425 1.48151 0.991189 0.0706764 0.112026 0.109237 -0.914498 -0.389564 0.0749143 0.398369 -0.914161 156.927 6.27134 -4.32221 0.201575 0.977222 0.0460268 0.0478243 0
-0.337809 -0.379969 1.48203 0.99124 0.0356156 0.127182 0.0804025 -0.926683 -0.367142 0.104781 0.374152 -0.921429 158.387 4.6117 -6.03416 0.189161 0.979713 0.0296051 0.0591915 0
-0.337546 -0.379314 1.48151 0.992362 -0.0166098 0.122235 0.0304258 -0.927325 -0.373019 0.119548 0.373889 -0.919737 158.087 1.74354 -6.86919 0.190592 0.979722 0.00352547 0.0616968 0
-0.338348 -0.375768 1.4836 0.989445 -0.0306184 0.141635 0.0306358 -0.911128 -0.410984 0.141631 0.410985 -0.900573 155.721 1.75557 -8.1461 0.210799 0.974826 4.45472e-06 0.0726453 0
-0.33812 -0.376222 1.48464 0.9848 -0.109994 0.134427 -0.0462586 -0.912073 -0.40741 0.16742 0.394999 -0.903297 155.93 -2.65137 -9.64827 0.205809 0.974701 -0.040077 0.0774204 0
-0.337397 -0.375457 1.48384 0.976903 -0.171464 0.127518 -0.104222 -0.903298 -0.416161 0.186544 0.393259 -0.900305 155.264 -5.98234 -10.8107 0.208147 0.972176 -0.070894 0.0807627 0
-0.337148 -0.376305 1.48512 0.960509 -0.253159 0.115471 -0.188707 -0.89764 -0.398286 0.204481 0.360767 -0.909964 156.073 -10.8773 -12.0182 0.195515 0.970581 -0.113815 0.0824126 0
-0.337658 -0.377575 1.48334 0.953863 -0.274184 0.122345 -0.210051 -0.900573 -0.380587 0.214532 0.33733 -0.916616 157.091 -12.1253 -12.6754 0.184847 0.97096 -0.124679 0.086738 0
-0.337316 -0.379685 1.48261 0.948568 -0.28678 0.134076 -0.228414 -0.913242 -0.337365 0.219193 0.289389 -0.931777 159.725 -13.2037 -13.0114 0.160895 0.973857 -0.132256 0.0906882 0
-0.338195 -0.379928 1.48447 0.937531 -0.315726 0.146123 -0.256891 -0.911492 -0.32123 0.23461 0.263625 -0.93566 160.586 -14.8857 -14.0493 0.150315 0.972713 -0.14717 0.0978533 0
-0.339665 -0.377924 1.4884 0.958793 -0.238184 0.154868 -0.171527 -0.91985 -0.352782 0.226482 0.311681 -0.9228 159.017 -9.87662 -13.2906 0.170399 0.974864 -0.105069 0.0977957 0
-0.3394 -0.377538 1.48914 0.95413 -0.259178 0.149873 -0.190691 -0.912006 -0.363155 0.230807 0.317918 -0.919596 158.288 -10.9931 -13.5988 0.17502 0.972848 -0.115606 0.0978262 0
-0.340417 -0.377649 1.48917 0.948007 -0.279875 0.151502 -0.209573 -0.90726 -0.364634 0.239503 0.313925 -0.918743 158.104 -12.0973 -14.1785 0.174645 0.971341 -0.125972 0.100635 0
-0.342886 -0.378383 1.49007 0.924536 -0.335921 0.17997 -0.258253 -0.899537 -0.352333 0.280246 0.279266 -0.918408 158.611 -14.9664 -16.8631 0.163242 0.967275 -0.153569 0.118947 0
-0.344684 -0.379402 1.48961 0.90143 -0.381855 0.203987 -0.299469 -0.890259 -0.343157 0.312638 0.248244 -0.91686 158.92 -17.4257 -19.1278 0.15355 0.96288 -0.176898 0.134135 0
-0.347074 -0.379173 1.49094 0.884877 -0.409863 0.22137 -0.323691 -0.882758 -0.340533 0.334988 0.229674 -0.913801 158.905 -18.8863 -20.7352 0.148591 0.959353 -0.191159 0.144982 0
-0.349204 -0.38012 1.49134 0.877526 -0.388406 0.281229 -0.294473 -0.899339 -0.323227 0.378463 0.200826 -0.903568 160.231 -17.1259 -23.3298 0.136583 0.959223 -0.177977 0.171934 0
-0.349565 -0.379939 1.49171 0.882913 -0.374078 0.283778 -0.273601 -0.901052 -0.336522 0.381584 0.219477 -0.897899 159.521 -15.8787 -23.3734 0.14488 0.959409 -0.16877 0.173378 0
-0.349869 -0.379282 1.49222 0.86972 -0.395409 0.295361 -0.286512 -0.891782 -0.350193 0.401867 0.219946 -0.888891 158.561 -16.6493 -24.8 0.149204 0.9553 -0.178458 0.182463 0
-0.350059 -0.379126 1.49341 0.875732 -0.394193 0.278755 -0.285184 -0.888237 -0.360146 0.389568 0.235895 -0.890276 157.929 -16.5698 -23.9818 0.1559 0.955804 -0.177698 0.174806 0
-0.350267 -0.378804 1.49352 0.90758 -0.303739 0.2899 -0.179779 -0.905054 -0.385429 0.379445 0.29769 -0.876015 156.933 -10.3569 -22.689 0.177841 0.960293 -0.125878 0.174255 0
-0.34965 -0.379309 1.49189 0.931399 -0.216272 0.292785 -0.0941228 -0.920092 -0.380225 0.351621 0.326583 -0.877329 157.547 -5.40083 -20.6825 0.183015 0.965508 -0.0803708 0.166857 0
-0.349818 -0.377895 1.49237 0.944123 -0.159917 0.288199 -0.0461178 -0.929901 -0.364908 0.326352 0.331227 -0.885315 158.574 -2.64329 -19.0686 0.179518 0.969451 -0.0531319 0.158479 0
-0.349981 -0.377566 1.49161 0.941972 -0.154488 0.29803 -0.0390916 -0.932252 -0.359692 0.333407 0.327169 -0.884195 158.902 -2.24035 -19.4912 0.177148 0.969332 -0.0499261 0.162853 0
-0.348114 -0.377255 1.4857 0.938723 -0.177805 0.29527 -0.0629911 -0.930741 -0.360212 0.338867 0.31954 -0.884909 158.843 -3.61151 -19.8489 0.175409 0.96881 -0.0621372 0.163638 0
-0.345622 -0.383744 1.47981 0.941571 -0.163799 0.294303 -0.0511016 -0.93314 -0.355863 0.332916 0.320031 -0.886988 159.125 -2.92918 -19.4723 0.174244 0.969755 -0.0554008 0.161695 0
-0.345057 -0.3844 1.47803 0.942437 -0.160402 0.293399 -0.0471096 -0.932375 -0.358409 0.331048 0.323956 -0.886262 158.973 -2.70018 -19.3547 0.175926 0.969674 -0.0535003 0.160994 1
-0.34478 -0.382453 1.47607 0.94379 -0.157377 0.290678 -0.0335785 -0.920483 -0.389337 0.328837 0.357691 -0.874027 157.073 -1.92427 -19.2095 0.193183 0.966734 -0.0493815 0.160208 1
-0.343921 -0.380872 1.47363 0.943277 -0.183071 0.276972 -0.062077 -0.916775 -0.39455 0.326152 0.354976 -0.876137 156.715 -3.55904 -19.0736 0.193884 0.966461 -0.0634138 0.156014 0
-0.342604 -0.379518 1.47085 0.937738 -0.228132 0.261923 -0.0982829 -0.897528 -0.429864 0.333149 0.377357 -0.864068 154.408 -5.6403 -19.5585 0.209846 0.961683 -0.0848551 0.154696 1
-0.342652 -0.380381 1.47152 0.936331 -0.253669 0.242769 -0.123232 -0.884848 -0.449287 0.328784 0.390764 -0.85977 153.081 -7.07868 -19.3482 0.218925 0.95929 -0.0982241 0.148952 0
-0.341119 -0.372892 1.47025 0.926023 -0.275838 0.257673 -0.118584 -0.860664 -0.495172 0.358357 0.427985 -0.829704 150.087 -6.81036 -21.1557 0.242721 0.950841 -0.103703 0.16197 0
-0.341477 -0.368011 1.46876 0.948712 -0.183669 0.257315 -0.0100722 -0.831071 -0.556075 0.31598 0.524963 -0.790297 146.213 -0.577103 -18.421 0.28607 0.944733 -0.0512687 0.151708 1
-0.345597 -0.358086 1.47809 0.94318 -0.210776 0.256875 -0.0320954 -0.827238 -0.560934 0.330728 0.520817 -0.786999 145.86 -1.83925 -19.3233 0.286768 0.943056 -0.0643841 0.155771 1
-0.345269 -0.35355 1.48087 0.939719 -0.249076 0.234287 -0.0701507 -0.811002 -0.580823 0.334676 0.529375 -0.779586 144.391 -4.02264 -19.6031 0.295436 0.939455 -0.0849499 0.151407 1
-0.342659 -0.352684 1.47941 0.939512 -0.266451 0.215223 -0.103448 -0.819755 -0.563295 0.326521 0.506958 -0.797733 145.505 -5.93776 -19.1645 0.283736 0.943 -0.0980644 0.143622 1
-0.339187 -0.353084 1.47399 0.9398 -0.306123 0.151872 -0.166494 -0.79829 -0.578803 0.298423 0.518674 -0.8012 144.056 -9.58402 -17.6167 0.29168 0.94065 -0.125609 0.119676 1
-0.338692 -0.35326 1.47601 0.934334 -0.324072 0.148313 -0.178887 -0.786362 -0.591298 0.308251 0.525939 -0.792697 143.059 -10.3049 -18.2585 0.298025 0.937202 -0.134165 0.121789 1
-0.337787 -0.351016 1.47636 0.91615 -0.377905 0.133631 -0.225731 -0.761905 -0.60708 0.331233 0.526012 -0.783324 141.452 -13.0458 -19.8774 0.304516 0.930239 -0.162226 0.124931 1
-0.337973 -0.350789 1.47479 0.91585 -0.380597 0.127925 -0.22937 -0.757418 -0.611316 0.329558 0.530531 -0.780979 141.093 -13.26 -19.7907 0.307186 0.92928 -0.164097 0.123074 1
-0.337846 -0.354061 1.4736 0.915199 -0.378077 0.13953 -0.228691 -0.772306 -0.592659 0.33183 0.510491 -0.793276 142.498 -13.22 -19.9295 0.295642 0.932843 -0.162613 0.126324 1
-0.329197 -0.35142 1.47144 0.929683 -0.345298 0.128295 -0.204659 -0.773768 -0.599498 0.306276 0.531086 -0.790027 142.232 -11.8095 -18.234 0.302443 0.934542 -0.147119 0.116252 1
-0.327881 -0.351244 1.4736 0.935494 -0.330544 0.124868 -0.193222 -0.774428 -0.602434 0.295832 0.539447 -0.788341 142.12 -11.1409 -17.5486 0.305256 0.935182 -0.140017 0.112465 1
-0.326007 -0.350749 1.47506 0.948361 -0.293395 0.12054 -0.167853 -0.78666 -0.594131 0.269139 0.543218 -0.795285 142.938 -9.66301 -15.8436 0.302662 0.939455 -0.122743 0.103698 1
-0.326971 -0.351222 1.47718 0.959017 -0.248813 0.135567 -0.127575 -0.806368 -0.57749 0.253004 0.536528 -0.805063 144.391 -7.32946 -14.7788 0.294782 0.944782 -0.0995964 0.10282 1
-0.326528 -0.351015 1.47592 0.974591 -0.179345 0.13419 -0.0799019 -0.838037 -0.539731 0.209254 0.515295 -0.831074 147.217 -4.58293 -12.118 0.276352 0.954424 -0.0679067 0.089961 1
-0.326181 -0.351078 1.47569 0.98431 -0.127079 0.122409 -0.0444371 -0.849926 -0.525024 0.170758 0.511347 -0.842238 148.295 -2.5469 -9.84173 0.270252 0.958707 -0.0447259 0.0764486 1
-0.324501 -0.350851 1.47545 0.9925 -0.0927605 0.0796185 -0.0347131 -0.838358 -0.544014 0.117212 0.537171 -0.83529 147.02 -1.98932 -6.7353 0.282335 0.957359 -0.0332878 0.0513993 1
-0.326251 -0.353002 1.47627 0.992967 -0.0765496 0.0903156 -0.00762037 -0.802592 -0.596479 0.118147 0.591596 -0.797531 143.381 -0.436619 -6.78537 0.313386 0.947772 -0.0222021 0.0549875 1
-0.326713 -0.351131 1.475 0.991332 -0.0766369 0.106716 0.0109735 -0.761116 -0.648523 0.130924 0.644073 -0.753677 139.567 0.628748 -7.52345 0.345159 0.936232 -0.0175339 0.0634565 1
-0.326493 -0.35135 1.4741 0.993541 -0.0634478 0.0940753 0.0136078 -0.75646 -0.653898 0.112653 0.650955 -0.750711 139.159 0.779695 -6.46885 0.348701 0.935509 -0.0133189 0.0552447 1
-0.327146 -0.360486 1.47324 0.988999 -0.0953755 0.113066 -0.000282053 -0.765587 -0.643333 0.14792 0.636224 -0.757191 139.959 -0.0161605 -8.50642 0.341402 0.936987 -0.0255226 0.0696345 1
-0.328246 -0.36209 1.47243 0.987628 -0.0924738 0.126651 0.00510541 -0.788242 -0.615345 0.156735 0.608378 -0.778017 142.022 0.292519 -9.01754 0.324565 0.942588 -0.0231725 0.0751616 1
-0.329968 -0.359093 1.47082 0.974584 -0.112658 0.193635 0.00741398 -0.847661 -0.530487 0.2239 0.51844 -0.825281 147.961 0.424794 -12.9386 0.27461 0.954925 -0.0275529 0.109311 1
-0.335078 -0.358079 1.47185 0.971292 -0.12585 0.201876 -0.0154675 -0.88022 -0.474313 0.237388 0.457574 -0.856897 151.682 -0.886255 -13.7341 0.241958 0.962862 -0.0366921 0.114052 1
-0.334073 -0.352961 1.4793 0.943173 -0.163048 0.289552 -0.0365936 -0.917012 -0.397176 0.330282 0.36401 -0.870868 156.582 -2.09713 -19.2993 0.197036 0.965797 -0.0516781 0.160446 1
-0.336857 -0.354423 1.48342 0.932733 -0.187436 0.308021 -0.0647597 -0.927459 -0.368273 0.354704 0.323553 -0.87721 158.343 -3.71305 -20.8211 0.17893 0.966618 -0.0652263 0.171403 1
-0.337279 -0.354313 1.48387 0.928242 -0.222665 0.297972 -0.106744 -0.926809 -0.360044 0.356332 0.302401 -0.884071 158.77 -6.12768 -21.0007 0.171291 0.96684 -0.0851768 0.169186 1
-0.336901 -0.355025 1.48435 0.923205 -0.249641 0.292186 -0.139724 -0.926294 -0.349937 0.358009 0.282238 -0.89004 159.304 -8.03188 -21.1958 0.163455 0.966894 -0.100674 0.168114 1
-0.336845 -0.354884 1.48386 0.926297 -0.2448 0.28644 -0.133859 -0.924406 -0.357149 0.352216 0.292483 -0.889043 158.876 -7.69263 -20.8189 0.167964 0.966921 -0.0979031 0.165126 1
-0.338015 -0.355385 1.48662 0.931816 -0.215882 0.291742 -0.104916 -0.92976 -0.352901 0.347435 0.29823 -0.889015 159.215 -6.02236 -20.4484 0.168108 0.968322 -0.0828234 0.165022 1
-0.33602 -0.354892 1.48594 0.949348 -0.166044 0.266774 -0.0568148 -0.925694 -0.373983 0.309048 0.339883 -0.888239 158.001 -3.257 -18.032 0.183994 0.969959 -0.0574402 0.148414 1
-0.337317 -0.355466 1.48825 0.938701 -0.208017 0.2749 -0.094504 -0.922157 -0.375093 0.331527 0.326121 -0.885288 157.866 -5.42277 -19.452 0.181146 0.967748 -0.0781507 0.156659 0
-0.337328 -0.355124 1.4858 0.939508 -0.186465 0.287323 -0.0593852 -0.914807 -0.399502 0.337338 0.358272 -0.870542 156.409 -3.40453 -19.7511 0.196316 0.964995 -0.063692 0.16183 0
-0.34108 -0.356497 1.47724 0.967834 -0.0602402 0.244271 0.063422 -0.881139 -0.468585 0.243465 0.469005 -0.848975 151.996 3.63626 -14.1201 0.243783 0.961502 0.000827306 0.126816 0
-0.34208 -0.357734 1.47213 0.976953 -0.00429297 0.213412 0.110316 -0.845771 -0.522017 0.182739 0.533529 -0.825805 148.317 6.33355 -10.5947 0.276305 0.955056 0.0277532 0.103698 0
-0.341059 -0.35524 1.4704 0.979155 0.0124317 0.202735 0.124897 -0.823973 -0.552693 0.160177 0.566493 -0.80835 146.148 7.17481 -9.29057 0.294462 0.950194 0.0361317 0.0954837 0
-0.338683 -0.35517 1.47222 0.988793 0.0211712 0.147782 0.103567 -0.810234 -0.576883 0.107525 0.585723 -0.803347 144.549 5.94463 -6.20616 0.306273 0.948996 0.0328607 0.0672571 0
-0.337133 -0.354944 1.47574 0.994876 0.0185859 0.0993794 0.0724913 -0.816319 -0.573034 0.0704749 0.577302 -0.813483 144.932 4.15709 -4.05194 0.302107 0.951929 0.0239191 0.0446079 0
-0.336451 -0.354371 1.47604 0.996379 0.00322541 0.0849595 0.0511367 -0.821062 -0.568545 0.0679232 0.57083 -0.818254 145.299 2.93119 -3.89982 0.298774 0.953375 0.0142552 0.0400899 0
-0.336172 -0.354021 1.47384 0.996154 -0.00214262 0.0875907 0.0470554 -0.83021 -0.555462 0.0739088 0.557447 -0.826916 146.215 2.69707 -4.24324 0.291131 0.955678 0.0117489 0.0422474 0
-0.33588 -0.354593 1.47396 0.996279 -0.00104261 0.0861771 0.0468541 -0.832694 -0.551747 0.0723344 0.553732 -0.829547 146.471 2.68553 -4.15265 0.28898 0.956363 0.0119754 0.041436 0
-0.335093 -0.354891 1.47551 0.997604 0.0215167 0.0657514 0.0552068 -0.820373 -0.569157 0.0416944 0.571423 -0.819596 145.248 3.16473 -2.39326 0.299013 0.953621 0.0201137 0.0281678 0
-0.334889 -0.353282 1.47462 0.997843 0.0195728 0.0626592 0.0527954 -0.806534 -0.588826 0.0390118 0.590864 -0.805828 143.868 3.02636 -2.2389 0.310436 0.950027 0.0190437 0.0267548 0
-0.335116 -0.352321 1.47588 0.996154 0.0542704 0.068795 0.0848325 -0.793918 -0.602078 0.0219426 0.605598 -0.795468 142.825 4.86639 -1.26187 0.318892 0.946776 0.0367307 0.0239596 0
-0.335167 -0.350829 1.47408 0.997552 0.0227486 0.0661178 0.0587597 -0.785272 -0.616356 0.0378992 0.618733 -0.784687 141.872 3.36862 -2.17575 0.326953 0.944393 0.0215769 0.0275354 0
-0.335696 -0.350279 1.47346 0.993824 -0.0820294 0.0747388 -0.0172424 -0.779459 -0.626216 0.109624 0.62106 -0.776059 141.222 -0.987965 -6.29458 0.331023 0.941985 -0.0263464 0.0489293 0
-0.336368 -0.350251 1.47353 0.97847 -0.184973 0.0915497 -0.0826935 -0.757779 -0.647251 0.189099 0.625745 -0.75676 139.498 -4.74341 -10.9381 0.340563 0.93448 -0.0716085 0.0750814 0
-0.33608 -0.349938 1.47254 0.967041 -0.236801 0.0935751 -0.123134 -0.756612 -0.642165 0.222866 0.609478 -0.760834 139.677 -7.07303 -12.9779 0.335259 0.933339 -0.0964108 0.0847604 0
-0.335955 -0.350655 1.4739 0.959417 -0.268919 0.0848673 -0.158409 -0.762948 -0.626751 0.233295 0.587872 -0.774584 140.597 -9.11458 -13.667 0.324763 0.935006 -0.114258 0.0850695 0
-0.337747 -0.351482 1.47627 0.949721 -0.293705 0.108473 -0.170515 -0.77576 -0.607553 0.262591 0.55851 -0.786837 141.933 -9.81775 -15.4557 0.311097 0.937059 -0.12385 0.0989969 0
-0.336327 -0.353689 1.47454 0.954739 -0.281128 0.0971628 -0.166114 -0.774914 -0.609849 0.246738 0.566106 -0.786539 141.798 -9.56193 -14.4902 0.313563 0.937576 -0.119255 0.0916995 0
-0.335757 -0.353615 1.47393 0.947444 -0.305306 0.0955978 -0.18586 -0.768489 -0.612275 0.260397 0.562328 -0.784844 141.455 -10.7113 -15.3678 0.313891 0.935518 -0.131255 0.095133 0
-0.33745 -0.350944 1.47463 0.939449 -0.329584 0.0938635 -0.206349 -0.762732 -0.612912 0.273599 0.556431 -0.784556 141.216 -11.9085 -16.2373 0.313114 0.93364 -0.143506 0.098395 0
-0.334886 -0.350735 1.46969 0.928154 -0.364572 0.0749486 -0.244872 -0.749784 -0.614704 0.280299 0.552187 -0.785189 140.654 -14.1743 -16.8041 0.313521 0.930474 -0.163746 0.095448 0
-0.33697 -0.349906 1.47008 0.936046 -0.336632 0.102453 -0.200243 -0.749015 -0.631569 0.289345 0.570662 -0.768521 139.862 -11.5511 -17.1771 0.323462 0.929191 -0.144447 0.105414 0
-0.337641 -0.349609 1.47101 0.943432 -0.304445 0.131339 -0.153243 -0.751637 -0.641528 0.294029 0.585111 -0.755773 139.519 -8.81493 -17.3101 0.33016 0.928822 -0.12319 0.114491 0
-0.337721 -0.349566 1.47062 0.953584 -0.262775 0.147057 -0.109007 -0.75647 -0.64488 0.280703 0.598917 -0.750003 139.553 -6.25808 -16.4026 0.334332 0.930061 -0.0999349 0.114982 1
-0.338254 -0.34942 1.46786 0.963306 -0.22998 0.138383 -0.0950449 -0.774453 -0.625452 0.251012 0.589349 -0.767894 141.075 -5.45391 -14.605 0.324407 0.936169 -0.0867966 0.103986 1
-0.338792 -0.348051 1.46596 0.96987 -0.18833 0.154547 -0.056868 -0.791849 -0.608064 0.236894 0.580954 -0.7787 142.479 -3.26006 -13.726 0.315959 0.9408 -0.0651568 0.104018 1
-0.35212 -0.347322 1.46428 0.983933 -0.118879 0.133206 -0.0107843 -0.784301 -0.620286 0.178212 0.608884 -0.772982 141.66 -0.617906 -10.2663 0.326592 0.940906 -0.0344517 0.0827443 1
-0.364996 -0.350263 1.46635 0.99466 -0.0228915 0.100632 0.0465452 -0.770782 -0.635396 0.0921104 0.636687 -0.765601 140.499 2.66781 -5.29078 0.338481 0.939554 0.00629387 0.0512856 1
-0.374382 -0.349635 1.46865 0.996143 0.0294785 0.0826459 0.0744861 -0.781943 -0.618884 0.0463806 0.622653 -0.781122 141.639 4.27169 -2.66578 0.329043 0.943293 0.0275536 0.0341958 1
-0.381456 -0.347831 1.46806 0.999648 0.015994 0.0211621 0.0252959 -0.814929 -0.579008 0.00798497 0.57934 -0.815047 144.606 1.4495 -0.457656 0.304003 0.952579 0.0108364 0.00764952 1
-0.376415 -0.350187 1.46917 0.97925 0.176425 0.099714 0.199976 -0.761513 -0.616529 -0.0328377 0.623677 -0.780992 141.006 11.5355 1.92061 0.330434 0.938317 0.100286 0.0178182 1
-0.374818 -0.349236 1.46715 0.967188 0.236438 0.0929733 0.241905 -0.745195 -0.621423 -0.0776447 0.623524 -0.777939 140.175 13.999 4.58979 0.333187 0.93412 0.12802 0.00410243 1
-0.373884 -0.34795 1.46567 0.956685 0.279429 0.0816915 0.263244 -0.710476 -0.652631 -0.124324 0.645867 -0.753259 137.43 15.2627 7.40427 0.351052 0.924719 0.146713 -0.0115258 1
-0.372749 -0.348469 1.46563 0.956766 0.281825 0.0719321 0.263468 -0.734968 -0.624826 -0.123223 0.616764 -0.777444 139.631 15.2759 7.33882 0.3333 0.931286 0.146381 -0.0137689 1
-0.373605 -0.348265 1.46619 0.961295 0.266937 0.0682345 0.25388 -0.761991 -0.595747 -0.107033 0.590012 -0.800269 141.981 14.7072 6.35326 0.315846 0.938557 0.138728 -0.0103345 1
-0.372115 -0.349572 1.46976 0.960749 0.274869 0.037525 0.248971 -0.794637 -0.553684 -0.122372 0.541294 -0.831881 145.132 14.4166 7.25875 0.289064 0.947004 0.138289 -0.0223988 1
-0.372917 -0.349705 1.46991 0.964297 0.261245 0.0433879 0.241001 -0.797784 -0.552684 -0.109772 0.543408 -0.832261 145.287 13.9456 6.49436 0.289073 0.947937 0.132458 -0.0175074 1
-0.370817 -0.350706 1.46995 0.96986 0.243623 0.00446497 0.205612 -0.808433 -0.551506 -0.13075 0.535802 -0.834159 145.699 11.8653 7.67793 0.286037 0.950323 0.11818 -0.0332216 1
-0.37015 -0.348402 1.46878 0.97088 0.239489 -0.00615258 0.195144 -0.805482 -0.559569 -0.138967 0.542074 -0.828761 145.212 11.2531 8.14569 0.290102 0.949358 0.114455 -0.0382151 1
-0.371649 -0.349957 1.4706 0.976883 0.21319 0.0157798 0.184659 -0.804348 -0.564735 -0.107704 0.554594 -0.825122 144.927 10.6413 6.29157 0.294709 0.94952 0.10475 -0.0242027 0
-0.371911 -0.351548 1.47184 0.977011 0.209603 0.0389271 0.195278 -0.80663 -0.557866 -0.0855307 0.552643 -0.829018 145.332 11.2609 5.0031 0.292132 0.95035 0.106508 -0.0122596 0
-0.370744 -0.350568 1.47227 0.9757 0.218737 0.0128118 0.19209 -0.825781 -0.530271 -0.10541 0.519847 -0.847731 147.294 11.0748 6.16605 0.274858 0.955146 0.10753 -0.0242367 0
-0.368014 -0.350873 1.47601 0.979783 0.200052 0.00223356 0.171062 -0.831909 -0.527888 -0.103747 0.517597 -0.849311 147.603 9.84958 6.04438 0.273205 0.956687 0.0969788 -0.0265272 0
-0.362015 -0.352888 1.47616 0.982212 0.187772 0.00118385 0.16137 -0.840849 -0.516656 -0.096018 0.507657 -0.856192 148.432 9.28641 5.58332 0.267007 0.959069 0.0910105 -0.0247204 0
-0.359859 -0.352847 1.4741 0.981861 0.188372 -0.0215415 0.149706 -0.839966 -0.52158 -0.116345 0.508895 -0.85293 148.162 8.60988 6.75773 0.268778 0.958483 0.0881805 -0.0359649 0
-0.361087 -0.351153 1.47705 0.980381 0.196456 -0.0160884 0.157885 -0.831512 -0.532597 -0.11801 0.519608 -0.846216 147.36 9.08415 6.86375 0.275069 0.956309 0.0926325 -0.0350562 0
-0.363253 -0.35079 1.47678 0.978382 0.205892 0.0194033 0.180003 -0.801638 -0.570066 -0.101818 0.561236 -0.821369 144.582 10.37 5.94125 0.298067 0.948866 0.101673 -0.021714 0
-0.361928 -0.350244 1.47605 0.983399 0.181407 -0.00413067 0.146771 -0.80861 -0.569744 -0.106696 0.55968 -0.821812 144.832 8.43983 6.19219 0.29706 0.950503 0.0863169 -0.0291494 1
-0.364063 -0.351069 1.47429 0.982596 0.17998 0.0459506 0.175015 -0.814134 -0.553675 -0.0622405 0.552081 -0.831464 145.781 10.0796 3.62444 0.290258 0.952391 0.0931853 -0.00427606 1
-0.365148 -0.351896 1.47511 0.985764 0.154109 0.067223 0.166207 -0.832876 -0.527914 -0.0253676 0.531572 -0.846633 147.632 9.56738 1.47412 0.276702 0.957245 0.0836557 0.0109312 1
-0.367597 -0.351212 1.47433 0.985213 0.129541 0.11214 0.169964 -0.821583 -0.544164 0.0216407 0.555177 -0.831451 146.482 9.78573 -1.25833 0.288175 0.953709 0.0785105 0.0350684 1
-0.369257 -0.350495 1.47713 0.97722 0.154012 0.146019 0.208945 -0.818758 -0.534769 0.0371934 0.553096 -0.832287 146.85 12.0605 -2.17965 0.285559 0.9524 0.0952742 0.0480922 1
-0.365819 -0.352828 1.47107 0.990052 0.0939169 0.104766 0.136714 -0.818118 -0.558563 0.0332528 0.567329 -0.822819 145.677 7.85773 -1.92367 0.29543 0.952758 0.0605166 0.0362157 1
-0.366032 -0.350426 1.4737 0.994027 0.072471 0.0816018 0.106149 -0.815757 -0.56857 0.0253624 0.573836 -0.818577 145.124 6.09338 -1.46157 0.299872 0.952413 0.0468862 0.0280771 1
-0.365241 -0.35139 1.47457 0.996121 0.0620613 0.0623772 0.086301 -0.827368 -0.55499 0.0171654 0.558221 -0.829515 146.147 4.95084 -0.987239 0.291221 0.955642 0.0388122 0.0208087 1
-0.364214 -0.352912 1.48009 0.996118 0.0817219 0.0327218 0.0865658 -0.841865 -0.5327 -0.0159859 0.533464 -0.845671 147.676 4.96607 0.919417 0.27775 0.959642 0.0438412 0.00435992 1
-0.362879 -0.353051 1.47806 0.996473 0.0831514 0.011272 0.0772231 -0.856174 -0.510884 -0.0328299 0.509952 -0.859576 149.175 4.42897 1.88699 0.264916 0.963357 0.0416187 -0.00559448 1
-0.36232 -0.353213 1.47879 0.994349 0.106135 0.00253194 0.0921281 -0.85078 -0.517384 -0.0527584 0.514694 -0.855749 148.695 5.28605 3.03717 0.268244 0.961883 0.0515299 -0.0130542 1
-0.361403 -0.353252 1.47742 0.988379 0.151757 -0.00878299 0.125483 -0.847138 -0.516345 -0.0857995 0.509242 -0.856336 148.637 7.20863 4.96131 0.266883 0.96071 0.0721446 -0.0246127 1
-0.360728 -0.353797 1.47817 0.983432 0.179158 -0.0276252 0.140803 -0.850924 -0.506066 -0.114173 0.493792 -0.862052 149.259 8.0943 6.62219 0.260027 0.961302 0.0832103 -0.0368766 0
-0.362294 -0.352954 1.47781 0.978739 0.205027 0.0058649 0.177685 -0.833237 -0.523587 -0.102463 0.513497 -0.851952 147.856 10.2349 5.97643 0.270901 0.95707 0.0999696 -0.0252327 0
-0.365102 -0.351815 1.47767 0.958434 0.281313 0.0476082 0.264084 -0.811521 -0.521242 -0.107997 0.512149 -0.85208 147.287 15.3125 6.42902 0.271493 0.951582 0.143287 -0.0158654 1
-0.365273 -0.351833 1.47726 0.935167 0.34762 0.0679902 0.331848 -0.792724 -0.511337 -0.123854 0.500748 -0.856687 147.176 19.381 7.54436 0.267281 0.946649 0.17944 -0.014753 0
-0.363646 -0.353652 1.47756 0.925961 0.37453 0.0482121 0.345005 -0.787157 -0.511229 -0.15352 0.490011 -0.858091 146.998 20.1821 9.41373 0.264911 0.944882 0.190377 -0.0278627 0
-0.36448 -0.352204 1.47605 0.901345 0.429144 0.0584263 0.39649 -0.763322 -0.510035 -0.17428 0.482882 -0.858167 146.25 23.3589 10.9434 0.264507 0.938461 0.219944 -0.0308627 0
-0.36439 -0.352868 1.47652 0.884511 0.463161 0.0558693 0.418225 -0.734178 -0.534856 -0.206706 0.496452 -0.843094 143.926 24.7226 13.1537 0.277146 0.930293 0.236857 -0.0405348 0
-0.362851 -0.352524 1.47639 0.863626 0.504079 0.0073961 0.425469 -0.720919 -0.547039 -0.270419 0.475584 -0.837074 142.808 25.1804 17.3864 0.27642 0.924881 0.251262 -0.0710964 0
-0.363389 -0.351873 1.47596 0.853172 0.520965 0.0263298 0.452309 -0.713705 -0.534829 -0.259836 0.46821 -0.84455 143.153 26.8919 16.9383 0.271531 0.923502 0.263474 -0.0632121 0
-0.364015 -0.351957 1.47682 0.819418 0.571628 0.042373 0.50364 -0.682717 -0.529382 -0.273681 0.455126 -0.847325 142.21 30.2411 18.469 0.268969 0.915076 0.293764 -0.0631936 0
-0.365013 -0.352897 1.47777 0.803508 0.593077 0.0513287 0.527402 -0.669229 -0.523431 -0.276085 0.447652 -0.850521 141.97 31.8301 18.9627 0.266345 0.91149 0.307321 -0.0616451 0
-0.364044 -0.351732 1.47515 0.773187 0.633314 0.0331094 0.541876 -0.632627 -0.553312 -0.329474 0.445754 -0.832316 138.826 32.8114 23.0801 0.277599 0.89974 0.326536 -0.0823473 0
-0.363714 -0.351583 1.47668 0.73782 0.674309 0.0304799 0.572303 -0.600988 -0.557927 -0.357897 0.429094 -0.82933 137.128 34.911 25.8768 0.277264 0.889963 0.350186 -0.091975 0
-0.363134 -0.352541 1.47692 0.71032 0.703568 0.0209358 0.598285 -0.587823 -0.544536 -0.370811 0.39932 -0.838476 137.189 36.7472 27.5661 0.266468 0.885525 0.367537 -0.0987762 0
-0.363716 -0.352261 1.47719 0.672746 0.739028 0.0353505 0.641829 -0.559163 -0.524778 -0.368059 0.375732 -0.850505 136.817 39.9284 28.6831 0.256456 0.87784 0.393254 -0.0947521 0
-0.3638 -0.352366 1.47724 0.656832 0.753157 0.0364093 0.657177 -0.548116 -0.517385 -0.369716 0.363763 -0.854978 136.652 41.0849 29.3742 0.251862 0.874632 0.403122 -0.0952705 0
-0.361338 -0.353135 1.4762 0.649637 0.760242 -0.00226726 0.64492 -0.552667 -0.527861 -0.402555 0.341456 -0.849328 136.315 40.1597 31.7849 0.248818 0.873446 0.402189 -0.115869 0
-0.362014 -0.352028 1.4753 0.625581 0.780111 0.00867579 0.666269 -0.528438 -0.526155 -0.405874 0.334933 -0.850344 135.124 41.7797 32.9753 0.248394 0.866655 0.41723 -0.114578 0
