-0.343357 -0.390102 1.45668 0.827767 0.55866 0.0519744 0.23275 -0.257618 -0.937796 -0.510519 0.788373 -0.343276 105.361 13.459 31.6639 0.553821 0.779208 0.253915 -0.147119 0
-0.344258 -0.393488 1.45673 0.811336 0.579234 0.0788787 0.237617 -0.203489 -0.949805 -0.534108 0.789354 -0.302734 102.092 13.7459 33.3572 0.571208 0.761177 0.268286 -0.149515 0
-0.344859 -0.394178 1.4613 0.808477 0.584891 0.0653339 0.224933 -0.204502 -0.952672 -0.543848 0.784909 -0.296897 102.115 12.999 33.928 0.571637 0.759914 0.26642 -0.157424 0
-0.34814 -0.394997 1.46581 0.804752 0.591239 0.0530211 0.210729 -0.20104 -0.956648 -0.554948 0.781038 -0.286378 101.868 12.1651 34.5897 0.573876 0.756996 0.264852 -0.165763 0
-0.351636 -0.39537 1.47313 0.807625 0.588559 0.0366107 0.170404 -0.173493 -0.969981 -0.564539 0.789619 -0.24041 100.141 9.81132 34.954 0.59028 0.74524 0.254604 -0.1771 0
-0.360056 -0.395217 1.48004 0.852072 0.522669 0.0281212 0.142765 -0.180381 -0.973181 -0.503579 0.833235 -0.228316 100.501 8.2079 30.5833 0.600703 0.751793 0.221283 -0.158108 0
-0.371389 -0.398994 1.48859 0.799837 0.598009 0.0514402 0.122994 -0.0794126 -0.989225 -0.58748 0.797546 -0.137069 94.5897 7.06493 36.2973 0.629157 0.709986 0.253879 -0.18875 0
-0.371905 -0.400158 1.49673 0.797581 0.601804 0.0411861 0.104443 -0.0705287 -0.992027 -0.5941 0.795524 -0.119107 94.0666 5.9951 36.6816 0.634024 0.704843 0.250498 -0.196112 0
-0.374601 -0.403002 1.50659 0.786876 0.616245 0.0326744 0.0955457 -0.0693503 -0.993006 -0.609669 0.784495 -0.11345 93.995 5.48273 37.7684 0.633261 0.701726 0.253586 -0.205563 0
-0.38598 -0.412533 1.53047 0.791851 0.610709 -0.0025826 0.0601566 -0.0822065 -0.994798 -0.607744 0.787577 -0.101833 94.724 3.4488 37.5062 0.633997 0.702832 0.238629 -0.217095 0
-0.391346 -0.414857 1.54547 0.791388 0.611271 0.00726695 0.0607656 -0.0668311 -0.995912 -0.608286 0.788595 -0.0900336 93.8391 3.48376 37.547 0.639242 0.697899 0.240735 -0.215296 0
-0.39353 -0.415349 1.55582 0.790868 0.611295 -0.0290856 0.0312463 -0.0877985 -0.995648 -0.611188 0.786518 -0.0885378 95.0394 1.79057 37.6971 0.635321 0.701285 0.229058 -0.22825 0
-0.386253 -0.414276 1.5483 0.78052 0.623854 0.0399258 0.100827 -0.0626005 -0.992933 -0.616946 0.77903 -0.111762 93.6075 5.78677 38.3239 0.633671 0.699086 0.259153 -0.206348 0
-0.394744 -0.41399 1.55117 0.766691 0.635615 0.0904351 0.155998 -0.0477952 -0.9866 -0.622775 0.770526 -0.135799 92.7735 8.9747 39.0866 0.629106 0.698263 0.283422 -0.190594 0
-0.395712 -0.420914 1.59431 0.850063 0.52425 -0.0505443 0.062339 -0.195444 -0.978732 -0.522979 0.828833 -0.198821 101.293 3.57408 31.6008 0.603282 0.749054 0.195777 -0.191416 0
-0.410458 -0.41841 1.56307 0.758629 0.637868 0.132688 0.211513 -0.0484957 -0.976171 -0.616234 0.768617 -0.171708 92.8441 12.2111 39.0869 0.620166 0.703355 0.301904 -0.171871 0
-0.415398 -0.42163 1.57112 0.750966 0.645681 0.13837 0.222963 -0.0506959 -0.973508 -0.62156 0.761923 -0.182034 92.981 12.8831 39.6139 0.616084 0.704219 0.308371 -0.171534 0
-0.415361 -0.424329 1.57561 0.74069 0.657702 0.137137 0.218376 -0.0426482 -0.974932 -0.635367 0.75207 -0.175216 92.5048 12.6137 40.6231 0.617014 0.699742 0.313001 -0.178005 0
-0.417799 -0.426756 1.58286 0.739401 0.660609 0.129929 0.166686 0.00735722 -0.985983 -0.652305 0.750694 -0.104674 89.5725 9.59519 41.419 0.640719 0.677628 0.305217 -0.192722 0
-0.420029 -0.428919 1.59128 0.735481 0.66559 0.126718 0.131031 0.0437695 -0.990412 -0.664755 0.745033 -0.0550212 87.4696 7.52916 42.1084 0.65655 0.66082 0.301376 -0.203549 0
-0.418632 -0.429481 1.59917 0.720923 0.683096 0.116832 0.104722 0.0592688 -0.992734 -0.685057 0.72792 -0.0288069 86.5833 6.01114 43.5387 0.6617 0.650089 0.302966 -0.218518 0
-0.420335 -0.430431 1.60267 0.71515 0.684708 0.140481 0.131849 0.0652267 -0.989122 -0.686422 0.725893 -0.0436311 86.2271 7.57645 43.8258 0.658928 0.650683 0.313731 -0.209757 0
-0.42154 -0.429221 1.59475 0.698049 0.704007 0.130774 0.163969 0.0206213 -0.98625 -0.697024 0.709893 -0.10104 88.8022 9.43732 44.9579 0.63593 0.666796 0.325428 -0.212303 0
-0.419625 -0.427811 1.59021 0.69759 0.70511 0.127233 0.149365 0.0305628 -0.98831 -0.700756 0.708439 -0.0839981 88.2287 8.5901 45.1297 0.641123 0.661632 0.322866 -0.216708 0
-0.418381 -0.426612 1.58558 0.702751 0.700819 0.122453 0.128823 0.0439241 -0.990694 -0.699676 0.711986 -0.0594139 87.4614 7.40158 44.8744 0.649473 0.655408 0.31646 -0.220177 0
-0.411803 -0.419429 1.57111 0.713504 0.682329 0.159182 0.170635 0.0511304 -0.984007 -0.679556 0.729255 -0.0799478 87.0255 9.82476 43.604 0.648977 0.659985 0.3231 -0.197116 0
-0.413455 -0.418667 1.56421 0.719673 0.678701 0.146413 0.155259 0.048224 -0.986696 -0.676732 0.73283 -0.070669 87.2019 8.93182 43.2387 0.651388 0.659947 0.315919 -0.200895 0
-0.413125 -0.419256 1.56029 0.716965 0.684052 0.134293 0.145086 0.0420012 -0.988527 -0.681845 0.728223 -0.0691328 87.567 8.34224 43.5618 0.649968 0.660321 0.313915 -0.207305 0
-0.411458 -0.418181 1.55626 0.721659 0.681804 0.119794 0.124566 0.0423273 -0.991308 -0.680949 0.730309 -0.0543837 87.555 7.15569 43.3375 0.653759 0.658353 0.306207 -0.21309 0
-0.411456 -0.418645 1.55954 0.704183 0.699819 0.119914 0.130485 0.0384583 -0.990704 -0.697926 0.713284 -0.064234 87.7769 7.49759 44.7443 0.647767 0.657639 0.315638 -0.21973 0
-0.411562 -0.417797 1.55614 0.721272 0.682386 0.118815 0.117823 0.0481627 -0.991866 -0.682557 0.729404 -0.0456625 87.22 6.76649 43.4203 0.656463 0.65551 0.305186 -0.215002 0
-0.412397 -0.418652 1.55854 0.732611 0.669452 0.122942 0.121562 0.0490314 -0.991372 -0.669705 0.741235 -0.0454589 87.1686 6.98225 42.4315 0.658822 0.657465 0.300782 -0.207906 0
-0.411346 -0.418561 1.55604 0.750167 0.648317 0.130128 0.14148 0.0348668 -0.989327 -0.645935 0.760571 -0.0655683 87.9816 8.13352 40.7302 0.655642 0.667246 0.295917 -0.19326 0
-0.410911 -0.419382 1.55417 0.772466 0.62763 0.096837 0.0971685 0.0338792 -0.994691 -0.627579 0.777774 -0.0348154 88.0493 5.57614 39.0917 0.665494 0.665846 0.272135 -0.199274 0
-0.412913 -0.419516 1.55346 0.740674 0.668065 0.0713535 0.0660464 0.033289 -0.997261 -0.66861 0.743358 -0.019467 88.0882 3.78694 42.0727 0.662287 0.657049 0.279322 -0.22725 0
-0.414936 -0.420311 1.55972 0.746262 0.663098 0.0582582 0.0957682 -0.0203437 -0.995196 -0.658727 0.748256 -0.0786854 91.1711 5.49553 41.4349 0.641723 0.679208 0.27932 -0.221018 0
-0.419196 -0.423392 1.55782 0.726458 0.677767 0.113532 0.0784328 0.0823543 -0.993512 -0.68272 0.73065 0.00666782 85.2615 4.49849 43.2222 0.673699 0.639812 0.295478 -0.222404 0
-0.42292 -0.422482 1.56059 0.705364 0.69992 0.112131 0.043838 0.114812 -0.99242 -0.707488 0.704933 0.050301 83.4009 2.51254 45.0861 0.683827 0.620534 0.299644 -0.239857 0
-0.41771 -0.416513 1.53786 0.744631 0.667168 -0.0202622 -0.0999855 0.0814777 -0.991647 -0.659945 0.740438 0.127378 85.3029 -5.73834 41.5496 0.698836 0.619632 0.228839 -0.27444 0
-0.413255 -0.412782 1.52589 0.649946 0.754031 -0.0949132 -0.254185 0.0979842 -0.962179 -0.716213 0.64949 0.255348 84.1853 -14.7253 47.777 0.707686 0.569345 0.219483 -0.356166 0
-0.411909 -0.410458 1.51953 0.600789 0.795786 -0.0760063 -0.288067 0.126823 -0.949175 -0.745701 0.592149 0.305434 82.3895 -16.7423 51.1426 0.712925 0.540493 0.234841 -0.380073 0
-0.411445 -0.409843 1.51709 0.571552 0.817263 -0.0735512 -0.308511 0.130965 -0.942162 -0.760361 0.561186 0.326988 82.0863 -17.9695 53.0684 0.712303 0.527636 0.241052 -0.395117 0
-0.411252 -0.409903 1.51727 0.555919 0.831154 -0.0116844 -0.283987 0.176697 -0.942406 -0.78122 0.52722 0.334266 79.3806 -16.4983 54.5642 0.718833 0.511115 0.267634 -0.387831 0
-0.411732 -0.409474 1.51549 0.548232 0.836192 0.0149802 -0.238451 0.173454 -0.955539 -0.801613 0.520285 0.294484 79.7115 -13.7951 55.6314 0.709959 0.519686 0.287549 -0.378417 0
-0.414809 -0.410134 1.51396 0.574136 0.813537 0.0923378 -0.295449 0.311034 -0.903309 -0.763595 0.491341 0.418934 71 -17.1845 53.061 0.758964 0.459393 0.281941 -0.365296 0
-0.413171 -0.404856 1.51572 0.654711 0.732573 0.186255 -0.0770971 0.309843 -0.947657 -0.751937 0.606082 0.259337 71.8945 -4.42173 48.9539 0.745636 0.520944 0.314561 -0.27147 0
-0.412934 -0.406737 1.51807 0.652774 0.728317 0.208424 -0.0746225 0.335609 -0.939041 -0.753868 0.597428 0.273426 70.3333 -4.27953 49.1107 0.751966 0.510818 0.319926 -0.266947 0
-0.415296 -0.405202 1.513 0.688226 0.701486 0.185101 -0.0950196 0.340095 -0.935578 -0.719247 0.626301 0.300717 70.0232 -5.45245 46.2626 0.763059 0.511716 0.296291 -0.260958 0
-0.414723 -0.403494 1.50746 0.718303 0.68752 0.106574 -0.176783 0.328519 -0.927805 -0.672896 0.647605 0.357518 70.5019 -10.1824 43.1306 0.775297 0.508002 0.251346 -0.278701 0
-0.414399 -0.404641 1.50572 0.736354 0.672911 0.070532 -0.212562 0.329042 -0.920081 -0.64234 0.662512 0.385327 70.3218 -12.2725 41.099 0.782739 0.505466 0.227685 -0.282812 0
-0.414999 -0.403454 1.50024 0.764043 0.645038 -0.0128123 -0.261976 0.292038 -0.919827 -0.589582 0.706144 0.392114 72.3858 -15.1873 37.656 0.782336 0.519589 0.18431 -0.289842 1
-0.417172 -0.40095 1.49513 0.813934 0.574971 -0.0831881 -0.219069 0.171136 -0.960584 -0.538071 0.800076 0.265252 79.8982 -12.6543 33.4677 0.750054 0.586844 0.151617 -0.264661 1
-0.41501 -0.39885 1.48836 0.850532 0.521761 -0.0660341 -0.151801 0.123338 -0.980685 -0.503539 0.844128 0.184107 82.8317 -8.73133 30.6267 0.734503 0.621105 0.148912 -0.229258 1
-0.413193 -0.397669 1.48242 0.867484 0.492716 -0.0685657 -0.138594 0.107002 -0.984552 -0.477768 0.863586 0.16111 83.7974 -7.9665 28.8438 0.730684 0.632331 0.140007 -0.216 1
-0.412024 -0.399784 1.48809 0.900227 0.434054 -0.0344747 -0.0943044 0.117065 -0.988637 -0.425086 0.893249 0.146318 83.247 -5.41129 25.2766 0.735461 0.639696 0.132778 -0.179601 1
-0.413757 -0.399017 1.48659 0.911628 0.410804 -0.0131818 -0.0675888 0.118199 -0.990687 -0.40542 0.904029 0.13552 83.1962 -3.87551 23.9757 0.735756 0.643799 0.133277 -0.162551 0
-0.411613 -0.39864 1.48843 0.922327 0.38582 -0.0213748 -0.0674512 0.106286 -0.992045 -0.380479 0.916431 0.124054 83.8848 -3.8676 22.4172 0.733598 0.650382 0.122378 -0.154468 0
-0.412316 -0.399628 1.49158 0.92671 0.371137 -0.0588805 -0.118924 0.141021 -0.982838 -0.356464 0.917808 0.174822 81.8347 -6.83001 21.0395 0.748758 0.6346 0.099359 -0.163625 1
-0.413685 -0.399728 1.49515 0.958443 0.282339 -0.0408763 -0.071283 0.0982745 -0.992603 -0.276234 0.954268 0.114316 84.3458 -4.08768 16.0776 0.736721 0.660654 0.0798666 -0.119999 1
-0.412784 -0.400233 1.49528 0.977349 0.208414 -0.036784 -0.0619055 0.115327 -0.991397 -0.202379 0.971217 0.125617 83.3647 -3.54919 11.6989 0.744697 0.658864 0.0555914 -0.0907482 1
-0.416544 -0.400649 1.49573 0.982745 0.179548 -0.0444315 -0.0697276 0.137133 -0.988095 -0.171318 0.974144 0.147286 82.0987 -3.99834 9.88875 0.752855 0.651599 0.042135 -0.0827768 1
-0.416903 -0.400451 1.49517 0.986824 0.152975 -0.0526982 -0.0770649 0.158013 -0.984425 -0.142266 0.975515 0.16772 80.8811 -4.41988 8.20353 0.760355 0.644417 0.0294492 -0.0756358 1
-0.411615 -0.400211 1.48859 0.98982 0.130448 -0.0569187 -0.0745441 0.134486 -0.988108 -0.121242 0.982292 0.142841 82.2494 -4.27503 6.98334 0.752852 0.654311 0.02136 -0.068072 1
-0.414975 -0.397317 1.50137 0.993802 0.106954 0.0302895 0.00429023 0.235377 -0.971895 -0.111078 0.966001 0.233459 76.386 0.245813 6.37749 0.78464 0.617448 0.045042 -0.0327105 1
-0.414997 -0.396239 1.50196 0.994199 0.0835424 0.0677377 0.044387 0.254965 -0.965931 -0.0979669 0.963335 0.249778 75.2136 2.54403 5.62767 0.790402 0.610216 0.0524115 -0.0123846 0
-0.414048 -0.398462 1.49608 0.993807 0.0731421 0.0836557 0.0603508 0.276858 -0.959014 -0.0933051 0.958123 0.270729 73.8971 3.45995 5.36358 0.797087 0.601295 0.0555023 -0.00401191 1
-0.414532 -0.399379 1.49898 0.985602 0.117012 0.122056 0.0846348 0.283514 -0.955226 -0.146377 0.951803 0.269529 73.4689 4.85503 8.44755 0.796656 0.598448 0.0842373 -0.0101602 1
-0.415274 -0.39752 1.49861 0.982998 0.127596 0.13204 0.0895247 0.294798 -0.951357 -0.160314 0.947002 0.278363 72.7833 5.13626 9.26266 0.7994 0.593683 0.0914295 -0.0119061 0
-0.415069 -0.395716 1.48963 0.999175 0.0405067 -0.00281841 -0.0153258 0.311942 -0.949978 -0.0376013 0.949237 0.312305 71.8215 -0.878138 2.15516 0.809849 0.586287 0.0107374 -0.0172355 0
-0.412477 -0.396452 1.48617 0.999584 -0.0268414 -0.0105282 -0.000401623 0.352153 -0.935942 0.0288295 0.935557 0.351996 69.3809 -0.0230113 -1.65204 0.822152 0.569086 -0.0119679 0.00803982 0
-0.412886 -0.395332 1.49025 0.999305 0.0209047 -0.0308689 -0.0364998 0.379941 -0.92429 -0.0075937 0.924775 0.38044 67.6543 -2.09175 0.435381 0.830615 0.556535 -0.00700542 -0.0172777 0
-0.414527 -0.395317 1.49592 0.997403 -0.0226927 0.0683574 0.0716032 0.415048 -0.906977 -0.00778984 0.909516 0.415595 65.4103 4.10607 0.447478 0.84084 0.540083 0.0226402 0.0280362 0
-0.413222 -0.393919 1.48606 0.999069 -0.0427376 -0.00580132 0.0100932 0.362451 -0.931948 0.0419319 0.931022 0.362546 68.748 0.578306 -2.40335 0.825237 0.564374 -0.0144605 0.0160047 0
-0.412382 -0.3909 1.48132 0.997642 -0.0666419 -0.016405 0.00869096 0.359777 -0.932998 0.0680789 0.930655 0.359508 68.9126 0.497962 -3.9038 0.824155 0.565322 -0.0256274 0.0228515 0
-0.410389 -0.39132 1.47481 0.998331 -0.0312515 -0.0485702 -0.0320007 0.400768 -0.91562 0.0480799 0.915646 0.399099 66.3609 -1.83382 -2.75725 0.836391 0.547372 -0.0288891 -0.000223929 0
-0.410618 -0.393769 1.47818 0.996882 -0.0290983 -0.0733492 -0.0566662 0.382907 -0.922047 0.0549159 0.923329 0.380064 67.4479 -3.24847 -3.15311 0.83064 0.555408 -0.0386043 -0.00829717 0
-0.410758 -0.393466 1.47857 0.9969 -0.0603062 -0.050531 -0.0235775 0.383751 -0.923136 0.0750621 0.921465 0.381139 67.4272 -1.35102 -4.30599 0.830932 0.55498 -0.0377868 0.0110504 0
-0.414173 -0.39393 1.48999 0.987313 -0.153927 0.0389872 0.0993045 0.406966 -0.90803 0.123904 0.900381 0.417088 65.8588 5.69912 -7.153 0.838356 0.539272 -0.0253224 0.0755143 0
-0.414934 -0.392225 1.49288 0.979154 -0.183851 0.0863501 0.155389 0.404227 -0.901363 0.130811 0.895991 0.424369 65.8456 8.93938 -7.60943 0.837817 0.53632 -0.0132669 0.101227 0
-0.416492 -0.392882 1.49615 0.978634 -0.168608 0.117677 0.176298 0.393571 -0.902231 0.105809 0.9037 0.414887 66.4322 10.1542 -6.17079 0.834729 0.540873 0.00355457 0.103299 0
-0.416256 -0.391993 1.4909 0.965822 -0.214832 0.145031 0.217296 0.366025 -0.90488 0.141312 0.905468 0.400197 67.9766 12.5503 -8.32405 0.826445 0.547631 0.00112499 0.130719 0
-0.417023 -0.392235 1.49207 0.964397 -0.215945 0.152664 0.227737 0.384672 -0.894519 0.134442 0.897438 0.420155 66.7308 13.1639 -7.93617 0.832049 0.538417 0.00547511 0.13331 0
-0.41034 -0.389111 1.46933 0.957479 -0.28463 -0.0471129 0.0939981 0.462162 -0.8818 0.272761 0.839876 0.469265 62.3404 5.39366 -15.9009 0.849839 0.506471 -0.0940983 0.111382 0
-0.409307 -0.390553 1.46949 0.953976 -0.288111 -0.0832028 0.0806325 0.513666 -0.854193 0.288841 0.80817 0.513256 58.9795 4.62493 -16.845 0.863264 0.481418 -0.107743 0.106788 0
-0.409831 -0.388776 1.47259 0.948407 -0.311011 -0.0616191 0.118407 0.527721 -0.841124 0.294117 0.790432 0.53732 57.8958 6.80018 -17.2295 0.867964 0.469937 -0.102463 0.123686 0
-0.412974 -0.38906 1.48274 0.924245 -0.381798 -0.000581942 0.220218 0.534341 -0.816078 0.311888 0.754128 0.577941 56.7846 12.7218 -18.6471 0.871282 0.450545 -0.0896582 0.172739 0
-0.41219 -0.388116 1.47227 0.937962 -0.346023 0.0222688 0.215079 0.530232 -0.820119 0.271973 0.77403 0.571759 57.1161 12.4201 -16.1701 0.871773 0.457157 -0.071608 0.160908 0
-0.412207 -0.388586 1.47223 0.930439 -0.365423 0.0273594 0.226108 0.513753 -0.827607 0.288371 0.776224 0.560641 58.1692 13.0681 -17.2198 0.866723 0.462613 -0.0752868 0.170623 0
-0.411461 -0.389169 1.47293 0.915717 -0.401795 -0.00473071 0.222302 0.516379 -0.827003 0.334729 0.75625 0.562177 58.0194 12.8443 -20.0792 0.865198 0.457483 -0.0980872 0.180334 0
-0.411537 -0.389618 1.47378 0.907103 -0.420847 -0.00723231 0.229999 0.50999 -0.828861 0.352512 0.750199 0.559408 58.3964 13.297 -21.2368 0.862627 0.457631 -0.104258 0.188623 0
-0.410028 -0.388305 1.4705 0.902264 -0.430283 -0.0278568 0.211581 0.498107 -0.840906 0.375703 0.752825 0.540464 59.3598 12.215 -22.6068 0.857443 0.464675 -0.117664 0.187145 0
-0.4067 -0.378359 1.43981 0.89219 -0.410596 -0.188171 0.0272296 0.464761 -0.885018 0.450839 0.78448 0.425835 62.2941 1.56033 -26.8082 0.834084 0.500398 -0.19153 0.131229 0
-0.407143 -0.37668 1.42928 0.874211 -0.431604 -0.222427 0.0084451 0.471542 -0.881803 0.485473 0.769003 0.415872 61.8645 0.483874 -29.0446 0.830907 0.496688 -0.21299 0.1324 0
-0.409544 -0.377434 1.42079 0.876887 -0.417387 -0.238447 -0.0453661 0.421973 -0.905473 0.47855 0.804815 0.351087 65.0133 -2.60018 -28.623 0.813933 0.525316 -0.220226 0.114266 0
-0.406639 -0.374568 1.41889 0.806196 -0.52193 -0.278634 -0.090266 0.356927 -0.929761 0.584722 0.774721 0.240641 68.9986 -5.17891 -35.9528 0.775204 0.549688 -0.278429 0.13921 0
-0.407108 -0.372428 1.41845 0.8016 -0.538523 -0.259672 -0.144289 0.247237 -0.958152 0.580187 0.805523 0.120483 75.5313 -8.29611 -35.8965 0.736431 0.598724 -0.285112 0.133833 0
-0.407425 -0.371592 1.41748 0.778462 -0.579585 -0.240996 -0.190995 0.147017 -0.970519 0.597929 0.801541 0.00374917 81.3862 -11.0109 -37.5275 0.694483 0.637906 -0.301996 0.139884 0
-0.408652 -0.370997 1.4188 0.730271 -0.662854 -0.165313 -0.186611 0.0392288 -0.98165 0.657176 0.74772 -0.0950482 87.7116 -10.7551 -41.9843 0.647003 0.668224 -0.317807 0.184019 0
-0.40625 -0.37237 1.41864 0.707458 -0.699218 -0.102941 -0.175248 -0.0324464 -0.98399 0.684684 0.714171 -0.145491 91.8886 -10.0931 -44.0628 0.618369 0.686548 -0.318428 0.211836 0
-0.40683 -0.373186 1.41824 0.643852 -0.763876 -0.0441461 -0.153083 -0.0720712 -0.985582 0.74968 0.641327 -0.16334 94.1823 -8.80566 -49.3429 0.593389 0.685431 -0.334446 0.257332 0
-0.40588 -0.373017 1.41861 0.605026 -0.794651 -0.0497274 -0.159386 -0.0596873 -0.98541 0.78009 0.604125 -0.162769 93.4662 -9.17125 -52.2034 0.587914 0.675922 -0.352865 0.270136 0
-0.40636 -0.373381 1.41874 0.593979 -0.803786 -0.0334115 -0.169561 -0.0844864 -0.981892 0.786408 0.588889 -0.186474 94.9179 -9.76227 -52.936 0.575113 0.682814 -0.356373 0.275696 0
-0.406215 -0.373058 1.41873 0.557031 -0.829665 -0.0370329 -0.15958 -0.063167 -0.985162 0.815016 0.554676 -0.167584 93.6687 -9.1825 -55.6489 0.575821 0.66854 -0.369928 0.290926 0
-0.407091 -0.371712 1.4172 0.521755 -0.851798 -0.0470284 -0.162419 -0.0450661 -0.985692 0.837492 0.521928 -0.161862 92.6178 -9.34732 -58.0772 0.573329 0.657397 -0.385694 0.300604 0
-0.408073 -0.372022 1.41667 0.512159 -0.858124 -0.0362744 -0.154536 -0.0505232 -0.986695 0.844874 0.51095 -0.158487 92.9312 -8.88987 -58.7759 0.570778 0.655967 -0.385942 0.308171 0
-0.409165 -0.3725 1.41677 0.491786 -0.870117 -0.0322985 -0.164028 -0.0561502 -0.984856 0.855126 0.489637 -0.170337 93.2631 -9.44076 -60.0966 0.562427 0.655415 -0.394462 0.313858 0
-0.411008 -0.373119 1.41664 0.486944 -0.87341 -0.00639181 -0.176633 -0.0913044 -0.980033 0.855387 0.47835 -0.198733 95.3226 -10.1737 -60.3485 0.547016 0.666517 -0.393854 0.318444 0
-0.411782 -0.372891 1.41725 0.474229 -0.880253 0.0161974 -0.152561 -0.100282 -0.983193 0.867083 0.463787 -0.181849 95.8238 -8.77535 -61.3247 0.545916 0.662639 -0.389659 0.333244 0
-0.412338 -0.371822 1.41589 0.469993 -0.882088 0.0320443 -0.125894 -0.102923 -0.98669 0.873646 0.459703 -0.159422 95.955 -7.23237 -61.7212 0.549465 0.658092 -0.382919 0.344059 0
-0.41127 -0.371472 1.41528 0.473991 -0.880184 0.0246609 -0.112312 -0.088212 -0.98975 0.873338 0.466363 -0.140667 95.0931 -6.44859 -61.5097 0.557923 0.65247 -0.380284 0.344076 0
-0.410847 -0.371584 1.41625 0.468427 -0.882776 0.0358232 -0.111893 -0.0994965 -0.988727 0.876388 0.459138 -0.145384 95.7464 -6.42447 -61.8756 0.55307 0.654467 -0.379954 0.348456 0
-0.411557 -0.371486 1.41563 0.475624 -0.879389 0.02137 -0.110951 -0.0840732 -0.990263 0.872623 0.468622 -0.137557 94.8528 -6.37015 -61.4074 0.55991 0.651394 -0.380085 0.343108 0
-0.411374 -0.371537 1.41585 0.47111 -0.881976 0.013192 -0.125596 -0.0818757 -0.988697 0.873087 0.464128 -0.149345 94.734 -7.21518 -61.6491 0.556752 0.652367 -0.386122 0.33964 0
-0.407619 -0.371321 1.41651 0.46457 -0.884498 -0.0428737 -0.160624 -0.0365553 -0.986339 0.870847 0.46511 -0.159054 92.1225 -9.24312 -61.9215 0.563241 0.64424 -0.405564 0.321299 0
-0.411786 -0.371169 1.41543 0.488882 -0.871952 0.0263397 -0.105746 -0.0892063 -0.990384 0.865917 0.481396 -0.135816 95.1469 -6.07013 -60.5516 0.562108 0.654581 -0.373406 0.340774 0
-0.410945 -0.371635 1.4155 0.503394 -0.864012 0.0087678 -0.1171 -0.0782719 -0.990031 0.856085 0.497349 -0.140578 94.5204 -6.72477 -59.5437 0.566689 0.656171 -0.373802 0.329507 0
-0.410325 -0.371265 1.41499 0.499685 -0.866199 -0.0036352 -0.115792 -0.0626366 -0.991297 0.858433 0.495757 -0.131597 93.6155 -6.64929 -59.7967 0.571282 0.650753 -0.377252 0.328388 0
-0.411038 -0.371394 1.41507 0.561646 -0.827154 0.019209 -0.0968349 -0.0887736 -0.991334 0.821691 0.554919 -0.129957 95.1172 -5.55694 -55.6464 0.579421 0.667154 -0.346243 0.315107 0
-0.411115 -0.371517 1.41504 0.606013 -0.795006 0.0267315 -0.10927 -0.116487 -0.987163 0.787914 0.595313 -0.157463 96.7299 -6.27326 -52.4348 0.577075 0.685559 -0.329759 0.297074 0
-0.410467 -0.37103 1.41403 0.629806 -0.776732 0.00571963 -0.10361 -0.0913044 -0.990418 0.769812 0.623178 -0.137981 95.2671 -5.9471 -50.7124 0.591718 0.681742 -0.322828 0.284393 0
-0.407098 -0.371811 1.41552 0.652202 -0.75736 -0.0322238 -0.132928 -0.0724137 -0.988477 0.7463 0.64897 -0.147902 94.1899 -7.63881 -48.8493 0.598307 0.6842 -0.325303 0.260916 0
-0.403934 -0.372515 1.41882 0.666961 -0.744656 0.0255153 -0.0736552 -0.0999696 -0.992261 0.741443 0.65992 -0.121524 95.7531 -4.22396 -48.0272 0.601138 0.687105 -0.297739 0.279054 0
-0.402121 -0.374357 1.41765 0.688923 -0.723706 0.040426 -0.0766262 -0.128177 -0.988787 0.720772 0.678101 -0.143759 97.3861 -4.39466 -46.2943 0.595187 0.700153 -0.28577 0.271797 0
-0.396358 -0.391609 1.41841 0.660614 -0.750722 0.00222994 -0.106667 -0.0968037 -0.989571 0.743109 0.653487 -0.144027 95.5871 -6.12324 -48.3633 0.595773 0.689465 -0.31089 0.27026 0
-0.386567 -0.401827 1.42401 0.656404 -0.754269 -0.0145856 -0.113871 -0.0799472 -0.990274 0.745767 0.65168 -0.138367 94.6156 -6.53852 -48.6466 0.599602 0.684602 -0.317024 0.26701 0
-0.371314 -0.412028 1.42614 0.670195 -0.740481 -0.0502647 -0.141272 -0.0607895 -0.988103 0.728615 0.669323 -0.14535 93.5205 -8.12148 -47.3915 0.604991 0.684897 -0.321856 0.24761 0
-0.35552 -0.423171 1.43049 0.690637 -0.719712 -0.0709578 -0.171422 -0.0675933 -0.982876 0.702592 0.690974 -0.170057 93.9341 -9.87052 -45.4916 0.602699 0.694314 -0.320869 0.227431 0
-0.336074 -0.434162 1.43356 0.705313 -0.700914 -0.106082 -0.21826 -0.0723367 -0.973206 0.67446 0.709568 -0.204002 94.2509 -12.6069 -43.719 0.597699 0.703856 -0.326478 0.20188 0
-0.311644 -0.439871 1.43289 0.695703 -0.704445 -0.140552 -0.252381 -0.0565154 -0.965976 0.672534 0.707505 -0.217106 93.3483 -14.6184 -44.0299 0.596255 0.701663 -0.340914 0.189543 0
-0.300897 -0.442394 1.43175 0.742511 -0.662758 -0.0971101 -0.250382 -0.140149 -0.957949 0.621278 0.735602 -0.270005 98.3234 -14.5001 -39.9201 0.577139 0.733598 -0.311185 0.178629 0
-0.29892 -0.447067 1.43225 0.78464 -0.613143 -0.0916271 -0.230008 -0.150664 -0.961455 0.575705 0.775472 -0.259245 98.906 -13.2976 -36.2682 0.586245 0.740701 -0.284579 0.163385 0
-0.303253 -0.448324 1.43173 0.817854 -0.571924 -0.0633823 -0.207903 -0.190987 -0.959323 0.536555 0.797764 -0.275104 101.26 -11.9995 -33.267 0.581327 0.755636 -0.258003 0.156548 0
-0.305414 -0.447765 1.42957 0.841598 -0.540101 -0.0016222 -0.164917 -0.254115 -0.95301 0.51431 0.802319 -0.302935 104.93 -9.49242 -31.4295 0.56669 0.774379 -0.227608 0.165516 0
-0.305796 -0.448366 1.42991 0.82874 -0.557899 0.0440289 -0.117381 -0.250211 -0.961049 0.547185 0.791292 -0.272847 104.593 -6.74099 -33.4353 0.571332 0.766779 -0.220168 0.192759 0
-0.306035 -0.444487 1.43048 0.819329 -0.571388 0.0470678 -0.120442 -0.251805 -0.960254 0.56053 0.781095 -0.27513 104.694 -6.9176 -34.3773 0.568417 0.765876 -0.22583 0.198334 0
-0.30575 -0.44425 1.43056 0.807657 -0.588565 0.0357846 -0.118773 -0.221829 -0.967825 0.577566 0.77742 -0.249068 102.909 -6.8213 -35.5691 0.578092 0.754744 -0.234297 0.203165 0
-0.305825 -0.445015 1.43044 0.842962 -0.53779 0.0140225 -0.102406 -0.185997 -0.977199 0.528137 0.822306 -0.211861 100.777 -5.87773 -32.0682 0.601062 0.748468 -0.213836 0.18109 0
-0.305166 -0.444188 1.43129 0.845991 -0.533173 0.00506681 -0.0933295 -0.157429 -0.98311 0.524966 0.831229 -0.182945 99.0978 -5.35518 -31.821 0.613518 0.739318 -0.211852 0.17923 0
-0.305255 -0.444111 1.43019 0.869565 -0.493814 0.00199228 -0.0926343 -0.167081 -0.981582 0.485052 0.853365 -0.191032 99.6601 -5.31518 -29.1532 0.614706 0.746271 -0.19646 0.163159 0
-0.305107 -0.444949 1.43082 0.896608 -0.442819 -0.00255521 -0.090051 -0.176677 -0.980141 0.433573 0.879032 -0.198286 100.218 -5.16654 -25.8071 0.616775 0.753587 -0.176778 0.142989 0
-0.306106 -0.445137 1.43092 0.925683 -0.378278 -0.00413335 -0.0848409 -0.196941 -0.976738 0.368665 0.9045 -0.214398 101.4 -4.86688 -21.7155 0.615293 0.764366 -0.151472 0.119227 0
-0.305486 -0.444743 1.43061 0.956332 -0.292202 0.00691749 -0.0544432 -0.201337 -0.978008 0.287168 0.934923 -0.208454 101.633 -3.12091 -16.714 0.6218 0.76911 -0.112677 0.0955928 0
-0.305696 -0.444455 1.43112 0.97846 -0.206368 -0.00537801 -0.0436954 -0.181573 -0.982406 0.201761 0.96148 -0.186679 100.471 -2.50436 -11.6512 0.63447 0.765949 -0.081619 0.064098 0
-0.305515 -0.444463 1.4311 0.991489 -0.129865 -0.00920319 -0.0324381 -0.177959 -0.983503 0.126085 0.975431 -0.180657 100.256 -1.85889 -7.24725 0.63892 0.766503 -0.0529363 0.0381218 0
-0.3052 -0.443918 1.43012 0.998912 -0.0461041 -0.00705996 -0.0147509 -0.168679 -0.985561 0.0442475 0.984592 -0.169175 99.7121 -0.845193 -2.5363 0.64441 0.764324 -0.0199048 0.0121635 0
-0.305457 -0.444203 1.43082 0.999974 0.0064737 0.00316975 0.00428413 -0.180136 -0.983632 -0.00579676 0.98362 -0.180159 100.378 0.245463 0.332135 0.64025 0.768159 0.00350118 -0.000854969 0
-0.306255 -0.444225 1.43036 0.999113 0.0420347 -0.00254011 0.00575674 -0.196085 -0.98057 -0.041716 0.979685 -0.196153 101.308 0.329839 2.39089 0.633813 0.7732 0.0154525 -0.0143094 0
-0.305739 -0.444589 1.43036 0.997288 0.0712009 -0.0186223 -0.00375525 -0.203474 -0.979073 -0.0735 0.976488 -0.202655 101.74 -0.21516 4.21507 0.630706 0.775148 0.0217525 -0.0297112 0
-0.306044 -0.444945 1.42984 0.999654 0.0257992 -0.00516063 0.000447625 -0.212794 -0.977097 -0.0263065 0.976757 -0.212731 102.286 0.025647 1.50742 0.627321 0.778649 0.00842704 -0.0101031 0
-0.30526 -0.44392 1.43017 0.999926 -0.00869256 0.00856829 0.00685757 -0.180625 -0.983528 0.010097 0.983514 -0.180552 100.406 0.392913 -0.57854 0.640068 0.768294 -0.000597099 0.00607362 0
-0.30597 -0.443448 1.43069 0.99902 -0.0441932 0.00261274 -0.0044848 -0.159743 -0.987148 0.0440426 0.986169 -0.159785 99.1921 -0.256961 -2.5243 0.647976 0.761339 -0.0159843 0.0153202 0
-0.305334 -0.44431 1.43092 0.997558 -0.0697019 0.00438534 -0.00838138 -0.181817 -0.983297 0.069335 0.980859 -0.181957 100.476 -0.480223 -3.97593 0.639098 0.768331 -0.0254068 0.0239871 0
-0.305494 -0.444231 1.43037 0.991671 -0.128788 -0.00162876 -0.0246901 -0.177672 -0.98378 0.12641 0.975626 -0.179372 100.237 -1.41478 -7.2644 0.639263 0.766276 -0.0500727 0.0407102 0
-0.306006 -0.444369 1.42994 0.993064 -0.117552 0.0023216 -0.0213305 -0.199546 -0.979656 0.115624 0.972812 -0.200669 101.513 -1.22224 -6.64111 0.631041 0.773511 -0.0448869 0.03812 0
-0.305788 -0.444877 1.43028 0.989813 -0.142309 0.00420109 -0.0263061 -0.211809 -0.976957 0.13992 0.966894 -0.213395 102.233 -1.5074 -8.04602 0.625422 0.777016 -0.054251 0.0463701 0
-0.306327 -0.44453 1.43037 0.987871 -0.155264 -0.00192747 -0.0335221 -0.201132 -0.97899 0.151614 0.967181 -0.203897 101.61 -1.92103 -8.72542 0.629055 0.77345 -0.0610207 0.0483828 0
-0.305414 -0.444299 1.42915 0.988831 -0.148915 -0.00607502 -0.035806 -0.197798 -0.979589 0.144674 0.968865 -0.200921 101.416 -2.05197 -8.32377 0.630498 0.772585 -0.0597737 0.0448491 0
-0.305313 -0.443856 1.43002 0.985659 -0.168744 0.00140257 -0.0293869 -0.179826 -0.983259 0.166172 0.969117 -0.182206 100.364 -1.68399 -9.56948 0.637108 0.766109 -0.0646551 0.0546836 0
-0.305332 -0.448792 1.42996 0.982537 -0.185441 -0.0152518 -0.0575602 -0.224978 -0.972662 0.17694 0.956555 -0.231723 103.024 -3.29978 -10.2087 0.617624 0.780903 -0.077795 0.0517633 0
-0.310703 -0.449675 1.42925 0.978795 -0.20342 -0.0240826 -0.0760411 -0.251663 -0.964823 0.190203 0.946196 -0.261795 104.619 -4.36104 -10.9969 0.605256 0.789344 -0.0885105 0.0526136 1
-0.309007 -0.448032 1.43129 0.97504 -0.217703 -0.0436231 -0.104835 -0.278213 -0.954781 0.195722 0.935523 -0.294092 106.246 -6.01766 -11.3503 0.592186 0.79802 -0.101043 0.0476489 1
-0.306063 -0.448806 1.43148 0.980379 -0.196135 -0.0196842 -0.0797915 -0.303548 -0.949469 0.180249 0.932411 -0.313242 107.729 -4.57658 -10.4179 0.583864 0.805787 -0.0856078 0.0498162 0
-0.30595 -0.449777 1.43022 0.982634 -0.185494 0.00466558 -0.0599625 -0.34124 -0.938062 0.175597 0.921492 -0.346437 109.99 -3.43766 -10.1318 0.568981 0.817054 -0.075104 0.0551561 0
-0.304209 -0.45141 1.43199 0.978153 -0.207858 0.00350204 -0.0737383 -0.362655 -0.929002 0.19437 0.908447 -0.370059 111.324 -4.22873 -11.2389 0.557996 0.823236 -0.0855151 0.0600899 0
-0.305857 -0.451745 1.43119 0.978356 -0.203571 0.0371346 -0.0369256 -0.348322 -0.936647 0.203609 0.915003 -0.3483 110.399 -2.11616 -11.7562 0.566068 0.817768 -0.0735224 0.0735979 0
-0.305828 -0.451422 1.43012 0.976461 -0.21234 0.0378863 -0.0291514 -0.303956 -0.95224 0.213714 0.928721 -0.302991 107.703 -1.67049 -12.3454 0.585131 0.803649 -0.0751233 0.0782681 0
-0.305457 -0.445955 1.4308 0.977255 -0.211748 0.0116608 -0.039079 -0.233856 -0.971486 0.208437 0.948933 -0.236812 103.535 -2.23963 -12.0401 0.613716 0.782292 -0.0801576 0.0703374 0
-0.305643 -0.443873 1.43005 0.969623 -0.243866 -0.0189744 -0.0595044 -0.159927 -0.985334 0.237254 0.956532 -0.16958 99.2191 -3.41136 -13.7494 0.640335 0.758144 -0.100037 0.0719784 0
-0.305675 -0.444663 1.42945 0.971636 -0.236482 -0.000534312 -0.0459741 -0.186677 -0.981345 0.231971 0.953534 -0.192254 100.77 -2.63505 -13.4276 0.631012 0.766578 -0.092116 0.0754772 0
-0.305269 -0.444121 1.42995 0.976977 -0.212974 -0.0125658 -0.0513522 -0.177583 -0.982765 0.207072 0.960784 -0.184431 100.243 -2.94356 -11.9669 0.635406 0.764688 -0.0864165 0.0635901 0
-0.305884 -0.444179 1.4298 0.980306 -0.19746 -0.00306192 -0.0379784 -0.173287 -0.984139 0.193797 0.964874 -0.177373 99.9863 -2.17653 -11.1826 0.638288 0.763375 -0.0771043 0.0624645 0
-0.305123 -0.443816 1.42997 0.984867 -0.17327 -0.00376341 -0.0341943 -0.172981 -0.984331 0.169904 0.969564 -0.176288 99.9671 -1.95957 -9.78801 0.639453 0.763894 -0.0678969 0.0543729 0
-0.305645 -0.444036 1.43058 0.9829 -0.184041 -0.00600443 -0.0365359 -0.162959 -0.985956 0.180478 0.969316 -0.166896 99.385 -2.09382 -10.4046 0.642854 0.760387 -0.0725212 0.0573634 0
-0.305646 -0.443773 1.43054 0.967249 -0.253091 -0.0193341 -0.0595841 -0.152353 -0.986528 0.246736 0.955371 -0.162443 98.779 -3.41594 -14.3104 0.642739 0.755322 -0.103491 0.0752664 0
-0.305703 -0.444158 1.43119 0.957103 -0.289591 -0.00954926 -0.060254 -0.166687 -0.984167 0.283415 0.942524 -0.176986 99.6129 -3.45439 -16.4949 0.635104 0.758415 -0.115321 0.0902755 0
-0.305511 -0.444542 1.43062 0.947224 -0.320505 -0.00651619 -0.0684037 -0.182219 -0.980876 0.313188 0.929555 -0.194526 100.524 -3.92231 -18.2958 0.626594 0.762229 -0.127556 0.100584 0
-0.305688 -0.444613 1.42981 0.942931 -0.3329 -0.00760903 -0.0746208 -0.188981 -0.979141 0.324518 0.923831 -0.203038 100.924 -4.27943 -18.9914 0.622678 0.764027 -0.133346 0.103697 0
-0.306477 -0.445192 1.43087 0.953276 -0.302076 -0.00395877 -0.0675908 -0.200491 -0.977361 0.294444 0.931962 -0.211541 101.593 -3.87562 -17.1646 0.620734 0.768978 -0.120181 0.0944386 0
-0.30602 -0.445216 1.42928 0.939573 -0.342221 -0.00934601 -0.0860605 -0.209682 -0.973975 0.331355 0.915925 -0.226463 102.149 -4.93701 -19.426 0.613072 0.770668 -0.138932 0.104458 0
-0.306045 -0.445217 1.43035 0.945356 -0.326011 -0.00447823 -0.0728915 -0.197941 -0.9775 0.317789 0.924411 -0.210888 101.447 -4.18008 -18.5805 0.619783 0.767168 -0.129992 0.1021 0
-0.305902 -0.444519 1.43121 0.951957 -0.306218 -0.00285996 -0.0626014 -0.185454 -0.980657 0.299764 0.933722 -0.195714 100.709 -3.58915 -17.4788 0.626656 0.763728 -0.12073 0.0971891 0
-0.305567 -0.444613 1.43081 0.967364 -0.252923 -0.0153669 -0.063405 -0.1829 -0.981085 0.245328 0.950041 -0.192968 100.56 -3.63528 -14.2304 0.630773 0.765381 -0.103324 0.0751133 0
-0.305298 -0.444601 1.43077 0.979284 -0.202459 -0.00371893 -0.0442755 -0.196165 -0.979571 0.197594 0.959442 -0.201065 101.324 -2.53763 -11.4076 0.628899 0.770797 -0.0800258 0.0628812 0
-0.30567 -0.444871 1.43123 0.988187 -0.153218 -0.00311505 -0.0344677 -0.202403 -0.978696 0.149324 0.967242 -0.205293 101.685 -1.97524 -8.59288 0.628588 0.773932 -0.0606275 0.0472292 0
-0.305332 -0.445308 1.43071 0.99716 -0.0750917 -0.00577099 -0.0217297 -0.213492 -0.976703 0.0721103 0.974055 -0.214517 102.33 -1.24512 -4.13618 0.626329 0.778648 -0.0310864 0.0212995 0
-0.305592 -0.445107 1.43108 0.998011 -0.0617964 -0.0124558 -0.0247728 -0.20277 -0.978913 0.0579677 0.977275 -0.203897 101.703 -1.41952 -3.32419 0.630742 0.775351 -0.0279129 0.0146746 0
-0.305735 -0.4445 1.43138 0.999041 -0.04347 -0.00522709 -0.0133654 -0.189101 -0.981867 0.0416933 0.980995 -0.189501 100.901 -0.765801 -2.38976 0.636482 0.77098 -0.0184296 0.0118246 0
-0.305666 -0.443968 1.43163 0.999903 -0.0122955 0.00653926 0.00440235 -0.16641 -0.986047 0.0132121 0.98598 -0.16634 99.5792 0.252237 -0.757028 0.645591 0.763651 -0.00258401 0.0064661 0
-0.30596 -0.443683 1.43129 0.998943 -0.0458938 -0.00243203 -0.00933634 -0.150835 -0.988515 0.0449999 0.987493 -0.151104 98.6757 -0.534941 -2.57929 0.651346 0.758433 -0.0182053 0.0140315 0
-0.305559 -0.443808 1.43026 0.997283 -0.073529 -0.00439234 -0.0172085 -0.174592 -0.984491 0.0716217 0.981892 -0.175383 100.056 -0.986024 -4.10775 0.641738 0.766038 -0.0296126 0.0219406 0
-0.305832 -0.444581 1.43025 0.996429 -0.0842925 -0.00494675 -0.0217185 -0.199242 -0.97971 0.0815966 0.976318 -0.200361 101.495 -1.24448 -4.68145 0.631828 0.773956 -0.0342432 0.0247591 0
-0.30566 -0.444429 1.43009 0.990646 -0.136454 -0.000134193 -0.0280848 -0.20293 -0.97879 0.133533 0.969639 -0.204865 101.713 -1.60935 -7.67684 0.629057 0.774345 -0.053122 0.0430682 0
-0.305959 -0.445091 1.43076 0.984042 -0.177661 -0.00992797 -0.0461862 -0.20114 -0.978473 0.17184 0.963317 -0.206136 101.616 -2.64721 -9.90549 0.627847 0.773194 -0.0723775 0.0523517 0
-0.305791 -0.444507 1.42957 0.977835 -0.209167 -0.00934497 -0.0506774 -0.193134 -0.979863 0.20315 0.958618 -0.199454 101.15 -2.90485 -11.7365 0.629533 0.769809 -0.084386 0.0629394 0
-0.305497 -0.444645 1.43062 0.973503 -0.228675 0.000419679 -0.0446451 -0.191859 -0.980406 0.224275 0.95441 -0.196985 101.072 -2.55882 -12.9734 0.629416 0.768496 -0.088914 0.0730957 0
-0.306306 -0.44437 1.43009 0.969078 -0.246744 -0.00246569 -0.0495196 -0.184678 -0.981551 0.241737 0.951321 -0.191186 100.656 -2.83842 -14.0066 0.631113 0.76566 -0.0967348 0.0781257 0
-0.305961 -0.444411 1.42991 0.960556 -0.277959 -0.00836498 -0.0612147 -0.182008 -0.98139 0.271264 0.943192 -0.191844 100.507 -3.50954 -15.7698 0.629822 0.763939 -0.110995 0.0860341 0
-0.305632 -0.444342 1.4301 0.947628 -0.319176 -0.0112605 -0.067824 -0.166664 -0.983678 0.31209 0.932925 -0.179583 99.6163 -3.88901 -18.2287 0.632728 0.757277 -0.12776 0.0993129 0
-0.306276 -0.444561 1.43148 0.936317 -0.351027 -0.00950391 -0.0754616 -0.174704 -0.981725 0.342952 0.919923 -0.190067 100.09 -4.32775 -20.1167 0.626807 0.758467 -0.140576 0.109909 0
-0.305877 -0.445106 1.43035 0.91252 -0.408829 -0.0128964 -0.0985861 -0.189229 -0.976971 0.396974 0.892777 -0.21298 100.962 -5.65776 -23.5105 0.614474 0.760712 -0.166757 0.126223 0
-0.305576 -0.445484 1.43013 0.900143 -0.43553 -0.00755988 -0.105473 -0.201084 -0.973879 0.422633 0.877428 -0.226941 101.666 -6.05439 -25.1509 0.606654 0.762917 -0.177281 0.136015 0
-0.305661 -0.445396 1.42991 0.881398 -0.472289 -0.00894608 -0.116221 -0.198461 -0.973194 0.457853 0.858811 -0.229813 101.526 -6.67406 -27.4502 0.602728 0.75988 -0.193619 0.14769 0
-0.30549 -0.445069 1.42979 0.854177 -0.519946 -0.00609876 -0.119489 -0.184858 -0.975474 0.506066 0.833957 -0.220029 100.731 -6.86264 -30.6451 0.601932 0.751509 -0.212717 0.166321 0
-0.305272 -0.444439 1.42752 0.815196 -0.579169 0.00431758 -0.117647 -0.172882 -0.977891 0.56711 0.796665 -0.20907 100.026 -6.75633 -34.8253 0.598591 0.741139 -0.235049 0.192753 0
-0.305869 -0.443827 1.42726 0.784469 -0.620071 0.0109589 -0.111714 -0.15867 -0.980991 0.610023 0.768333 -0.193742 99.1877 -6.41412 -37.8695 0.598343 0.730904 -0.250301 0.212402 0
-0.30471 -0.443105 1.42558 0.771307 -0.636369 0.010996 -0.111704 -0.152358 -0.981993 0.626585 0.756189 -0.188599 98.8192 -6.41353 -39.0893 0.597986 0.726681 -0.257359 0.219347 0
-0.304653 -0.4419 1.42191 0.740351 -0.672212 0.0034428 -0.119627 -0.13679 -0.98335 0.661491 0.727613 -0.181687 97.9194 -6.87059 -41.7802 0.596212 0.717431 -0.275929 0.231706 0
-0.302918 -0.441155 1.41956 0.709383 -0.704819 0.00243743 -0.128388 -0.132618 -0.982817 0.693031 0.696881 -0.184568 97.6849 -7.37647 -44.332 0.589957 0.711788 -0.292646 0.244268 0
-0.294372 -0.440122 1.42075 0.691331 -0.721691 -0.0349717 -0.136779 -0.0831924 -0.987102 0.709473 0.687198 -0.156226 94.8175 -7.86153 -45.742 0.602477 0.694757 -0.30891 0.242711 0
-0.292215 -0.440626 1.41968 0.670769 -0.740648 -0.0388418 -0.132322 -0.0679778 -0.988873 0.729767 0.668445 -0.143601 93.9325 -7.60377 -47.4122 0.603985 0.685993 -0.318141 0.251797 0
-0.294905 -0.440573 1.41994 0.645818 -0.763397 -0.012018 -0.117009 -0.0834077 -0.989622 0.754472 0.640522 -0.14319 94.8176 -6.71951 -49.4369 0.595655 0.684181 -0.3217 0.271293 0
-0.294764 -0.440395 1.41992 0.614904 -0.788502 0.0125361 -0.110397 -0.10181 -0.988659 0.780836 0.606547 -0.149652 95.8795 -6.33821 -51.7798 0.583833 0.683075 -0.32899 0.290368 0
-0.294486 -0.441537 1.4207 0.581415 -0.81353 0.011229 -0.138108 -0.112285 -0.984032 0.8018 0.57058 -0.177639 96.5097 -7.93836 -54.0528 0.568219 0.683984 -0.347829 0.297166 0
-0.294843 -0.442571 1.42194 0.561512 -0.827406 0.0102111 -0.163733 -0.123195 -0.978782 0.811108 0.547926 -0.204649 97.1739 -9.42364 -55.306 0.555353 0.687269 -0.360535 0.298762 0
-0.294818 -0.441395 1.42149 0.559335 -0.82865 0.0219822 -0.138851 -0.119801 -0.98304 0.81723 0.546796 -0.182068 96.9483 -7.98136 -55.6112 0.560684 0.68213 -0.354588 0.307571 0
-0.301823 -0.442492 1.42061 0.510887 -0.857725 -0.0574637 -0.19229 -0.0488704 -0.98012 0.837865 0.511781 -0.189899 92.8545 -11.0865 -58.6273 0.563941 0.661373 -0.396907 0.294993 0
-0.311709 -0.441742 1.41863 0.456346 -0.888505 -0.0480423 -0.211164 -0.0556903 -0.975863 0.864383 0.455476 -0.213034 93.2662 -12.1906 -62.1685 0.54489 0.65671 -0.418628 0.310769 0
-0.318578 -0.441879 1.41715 0.411592 -0.911279 -0.0127429 -0.229377 -0.0900489 -0.969163 0.882031 0.401823 -0.24609 95.3083 -13.2604 -64.9843 0.51852 0.661009 -0.431407 0.328773 0
-0.315991 -0.442447 1.41844 0.385684 -0.922631 -0.000820573 -0.241091 -0.0999237 -0.965345 0.890575 0.372516 -0.260977 95.9097 -13.9509 -66.5839 0.506158 0.660792 -0.440275 0.336624 0
-0.3151 -0.443716 1.4194 0.37901 -0.925393 0.000412778 -0.257037 -0.105702 -0.960603 0.888979 0.363972 -0.277923 96.2794 -14.8943 -66.9094 0.498845 0.663821 -0.445312 0.334951 0
-0.314385 -0.442826 1.41834 0.423136 -0.906065 -0.00129512 -0.231587 -0.10677 -0.966937 0.87597 0.409446 -0.255011 96.3011 -13.3905 -64.2172 0.515111 0.668004 -0.425765 0.327346 0
-0.314278 -0.4419 1.41867 0.443113 -0.896465 0.00128435 -0.20093 -0.100714 -0.974415 0.873658 0.431517 -0.224754 95.901 -11.5914 -63.1062 0.528594 0.66494 -0.412592 0.328955 0
-0.314712 -0.442558 1.4188 0.481901 -0.876225 -0.00054645 -0.215686 -0.118017 -0.969305 0.849265 0.467227 -0.245862 96.9418 -12.4558 -60.428 0.528683 0.679298 -0.401853 0.312351 0
