-0.335829 -0.390438 1.45394 0.814851 0.579425 0.0168954 0.192927 -0.243599 -0.950494 -0.546624 0.77777 -0.310284 104.375 11.1236 33.8548 0.561464 0.769535 0.250915 -0.172094 0
-0.335002 -0.397264 1.44819 0.802754 0.596076 0.0166987 0.196489 -0.23797 -0.95119 -0.563008 0.766853 -0.308154 104.046 11.3317 35.0437 0.560498 0.766303 0.258568 -0.178229 0
-0.33435 -0.39882 1.44577 0.786391 0.617586 0.0132836 0.185382 -0.21543 -0.958761 -0.589255 0.756424 -0.283902 102.664 10.6834 36.8448 0.567243 0.75593 0.265556 -0.190484 0
-0.333888 -0.397281 1.44046 0.781597 0.623548 -0.0171512 0.164179 -0.232164 -0.958721 -0.60179 0.746518 -0.283832 103.613 9.44955 37.5944 0.562495 0.757891 0.259842 -0.204166 0
-0.332731 -0.394728 1.43423 0.776444 0.628682 -0.0435177 0.140434 -0.239932 -0.960578 -0.61434 0.739724 -0.274582 104.024 8.07293 38.3518 0.561678 0.756796 0.25407 -0.217317 0
-0.331424 -0.393292 1.42828 0.773916 0.631739 -0.0442599 0.132519 -0.229892 -0.964152 -0.619268 0.740307 -0.261634 103.411 7.61517 38.6659 0.566213 0.752569 0.253883 -0.220421 0
-0.329445 -0.390052 1.41859 0.771273 0.634957 -0.0443547 0.127813 -0.222765 -0.966457 -0.623539 0.739734 -0.252969 102.98 7.34326 38.9539 0.569109 0.749501 0.254426 -0.222779 0
-0.327041 -0.386409 1.40593 0.782033 0.623058 -0.0149725 0.152281 -0.214321 -0.96482 -0.604347 0.75224 -0.262486 102.524 8.75912 37.6965 0.571232 0.751472 0.25794 -0.206036 0
-0.324687 -0.382478 1.38778 0.810403 0.584891 0.0339035 0.190424 -0.208234 -0.959363 -0.554063 0.783927 -0.28013 102.246 10.9775 34.3599 0.5749 0.758084 0.255682 -0.171537 0
-0.32195 -0.378556 1.37493 0.842212 0.536843 0.0497916 0.185109 -0.201188 -0.961903 -0.506374 0.819343 -0.268817 101.813 10.6675 31.0161 0.585706 0.760299 0.237391 -0.150132 0
-0.321221 -0.377868 1.37142 0.841328 0.539106 0.0391351 0.172442 -0.199084 -0.964691 -0.51228 0.81837 -0.260459 101.66 9.92985 31.337 0.587747 0.758431 0.234546 -0.155962 0
-0.319881 -0.376738 1.36821 0.842154 0.538541 0.0273716 0.163407 -0.2065 -0.964705 -0.513881 0.816903 -0.261906 102.082 9.40472 31.3915 0.586035 0.760026 0.230896 -0.160031 0
-0.319456 -0.375213 1.36508 0.834594 0.550363 0.023531 0.166591 -0.211448 -0.963087 -0.525072 0.807707 -0.268158 102.383 9.58965 32.1754 0.58202 0.760625 0.235646 -0.164845 0
-0.318829 -0.374324 1.36099 0.828634 0.559497 0.0180987 0.161066 -0.20733 -0.964921 -0.536118 0.802482 -0.261917 102.127 9.26876 32.9025 0.582964 0.757938 0.237672 -0.170865 0
-0.317585 -0.37256 1.358 0.879594 0.475418 0.0171012 0.131684 -0.208778 -0.969057 -0.457136 0.854628 -0.246245 102.158 7.56694 27.4615 0.596777 0.763973 0.198666 -0.143996 0
-0.316074 -0.371869 1.35308 0.890279 0.455326 0.00900848 0.118958 -0.213409 -0.969694 -0.439604 0.86437 -0.244158 102.412 6.83199 26.2794 0.59848 0.766134 0.187397 -0.140509 0
-0.315066 -0.370696 1.34905 0.890225 0.455347 0.0126037 0.126842 -0.221217 -0.966941 -0.437505 0.862393 -0.25469 102.886 7.28712 26.172 0.594626 0.769112 0.189241 -0.138114 0
-0.316186 -0.371653 1.3537 0.900892 0.433838 0.0133737 0.122644 -0.224881 -0.966637 -0.416356 0.872475 -0.255801 103.097 7.04475 24.8045 0.595863 0.771618 0.180297 -0.130564 0
-0.316558 -0.372377 1.35446 0.914806 0.40353 0.017128 0.117597 -0.225544 -0.96711 -0.386395 0.886732 -0.253783 103.128 6.75344 22.8982 0.599057 0.773649 0.168399 -0.119326 0
-0.315608 -0.372297 1.35297 0.923838 0.382545 0.0135016 0.116236 -0.246752 -0.962082 -0.364709 0.890378 -0.272424 104.385 6.67493 21.5429 0.592592 0.781507 0.159558 -0.112349 0
-0.314998 -0.371384 1.35006 0.925923 0.377671 0.00568428 0.109434 -0.253832 -0.961038 -0.361513 0.890469 -0.276359 104.795 6.2827 21.3274 0.590706 0.7836 0.155406 -0.113524 0
-0.314388 -0.371527 1.3488 0.930901 0.365258 0.00323413 0.105904 -0.261413 -0.9594 -0.349583 0.893448 -0.282032 105.242 6.07925 20.5828 0.588952 0.786503 0.149765 -0.110091 0
-0.313984 -0.370944 1.34636 0.930466 0.366318 0.00662596 0.110633 -0.263681 -0.958245 -0.349275 0.892347 -0.285873 105.385 6.35181 20.575 0.587561 0.787404 0.151432 -0.108791 0
-0.314223 -0.370997 1.34684 0.929971 0.367547 0.00788055 0.109745 -0.257093 -0.960135 -0.350869 0.893763 -0.279425 104.99 6.30064 20.671 0.590223 0.785253 0.151955 -0.109197 0
-0.314543 -0.370989 1.34669 0.928166 0.371254 0.0260532 0.12642 -0.248669 -0.960303 -0.350037 0.894614 -0.27774 104.518 7.26274 20.6629 0.591979 0.783354 0.158828 -0.103396 0
-0.314078 -0.371055 1.34839 0.928512 0.371036 0.0140725 0.111752 -0.243112 -0.963539 -0.354086 0.89623 -0.267196 104.161 6.4163 20.8743 0.595442 0.780836 0.154574 -0.108862 0
-0.314132 -0.370817 1.34873 0.943371 0.331651 -0.00770554 0.0810462 -0.252933 -0.964083 -0.321688 0.908863 -0.265489 104.701 4.6487 18.8293 0.596856 0.784505 0.131515 -0.104968 0
-0.313784 -0.368562 1.34925 0.944644 0.315037 -0.0916466 0.00383844 -0.289921 -0.957043 -0.328074 0.903713 -0.275081 106.853 0.219927 19.1521 0.587291 0.792093 0.100643 -0.132472 0
-0.314224 -0.368625 1.35054 0.941584 0.30364 -0.145677 -0.0456443 -0.313512 -0.948486 -0.33367 0.899729 -0.281339 108.291 -2.61613 19.5128 0.580244 0.79631 0.0809972 -0.15049 0
-0.313564 -0.366975 1.34839 0.936363 0.30967 -0.165312 -0.057468 -0.329347 -0.942458 -0.346297 0.891984 -0.290592 109.262 -3.29449 20.296 0.573678 0.799422 0.0788702 -0.159993 0
-0.316591 -0.372747 1.35364 0.97106 0.22486 -0.0804988 -0.0105586 -0.296301 -0.955036 -0.238601 0.928248 -0.285352 107.237 -0.604973 13.8048 0.589366 0.798861 0.0670646 -0.0998609 0
-0.315862 -0.371949 1.35456 0.977863 0.203602 -0.0482826 0.0127081 -0.288102 -0.957515 -0.208862 0.935705 -0.284312 106.746 0.728139 12.0567 0.592758 0.798479 0.0677256 -0.0805108 0
-0.314776 -0.370135 1.35305 0.970074 0.230055 -0.0776661 -0.00482157 -0.301548 -0.953439 -0.242763 0.92528 -0.291415 107.551 -0.276257 14.0499 0.586752 0.800474 0.0703437 -0.100075 0
-0.314564 -0.368441 1.34848 0.956421 0.264202 -0.12432 -0.037214 -0.312002 -0.949352 -0.289609 0.912607 -0.288573 108.193 -2.1327 16.8466 0.582204 0.799531 0.0709754 -0.129429 0
-0.309276 -0.360615 1.32381 0.934484 0.326329 -0.1423 -0.0344612 -0.314918 -0.948493 -0.354334 0.891255 -0.28304 108.367 -1.97487 20.7655 0.578041 0.795682 0.0917037 -0.15604 0
-0.307793 -0.363548 1.31545 0.933567 0.325414 -0.150196 -0.0381183 -0.32654 -0.944414 -0.356371 0.887399 -0.292443 109.073 -2.18455 20.8934 0.573277 0.798835 0.089911 -0.158533 0
-0.315136 -0.382546 1.33118 0.933202 0.323318 -0.156841 -0.0454991 -0.326634 -0.944055 -0.35646 0.88813 -0.290105 109.085 -2.6078 20.9056 0.573686 0.798427 0.0869895 -0.160723 0
-0.31967 -0.396641 1.3464 0.930394 0.364035 -0.042961 0.0565294 -0.25829 -0.964412 -0.362177 0.894854 -0.26089 104.993 3.24062 21.2696 0.593973 0.782556 0.134356 -0.129428 0
-0.323937 -0.402944 1.3494 0.93751 0.297159 -0.181028 -0.0825756 -0.315391 -0.945362 -0.338017 0.901235 -0.271145 108.45 -4.73663 19.8266 0.581157 0.794362 0.0675331 -0.163353 0
-0.32608 -0.418298 1.35156 0.917765 0.39711 -0.00320996 0.111904 -0.26636 -0.957356 -0.38103 0.878269 -0.288894 105.548 6.42506 22.5469 0.583633 0.786292 0.16184 -0.122168 0
-0.32523 -0.427879 1.35321 0.914929 0.403235 0.0175321 0.138217 -0.272208 -0.95226 -0.379212 0.873673 -0.304785 105.953 7.9447 22.5126 0.578346 0.789291 0.171499 -0.114558 0
-0.326356 -0.437897 1.35599 0.925499 0.378742 -0.00234427 0.113096 -0.28226 -0.952648 -0.36147 0.88141 -0.304066 106.504 6.49384 21.334 0.578613 0.792437 0.155167 -0.114777 0
-0.326254 -0.447108 1.35686 0.929797 0.367769 0.0149828 0.124431 -0.275756 -0.95314 -0.346403 0.88809 -0.302159 106.136 7.14788 20.4333 0.581352 0.791788 0.155408 -0.104643 0
-0.309468 -0.453658 1.35083 0.884794 0.465955 0.00509857 0.147089 -0.268889 -0.951874 -0.44216 0.842962 -0.306448 105.774 8.45827 26.5528 0.572157 0.78424 0.195426 -0.139326 0
-0.291222 -0.455579 1.35091 0.893511 0.449034 0.00257345 0.144685 -0.282467 -0.948303 -0.425093 0.847692 -0.317356 106.587 8.31904 25.443 0.568702 0.789515 0.188001 -0.133791 0
-0.279338 -0.458934 1.35384 0.900827 0.433947 -0.0141712 0.120168 -0.280554 -0.952286 -0.417217 0.856143 -0.304877 106.416 6.90178 24.8512 0.573454 0.788394 0.17571 -0.136793 0
-0.28677 -0.480116 1.3381 0.929469 0.342213 -0.137757 0.078881 -0.54916 -0.831986