-0.334893 -0.397716 1.455 0.831669 0.554862 0.0213455 0.197782 -0.260092 -0.945111 -0.518854 0.790241 -0.326051 105.387 11.4073 31.9589 0.558016 0.777466 0.242018 -0.159978 0
-0.330971 -0.406361 1.45468 0.832982 0.553257 0.00685191 0.166084 -0.238204 -0.956909 -0.527785 0.798226 -0.290307 103.979 9.56021 32.3587 0.571067 0.768358 0.234052 -0.169496 0
-0.327794 -0.414032 1.45326 0.834015 0.55174 -0.00164925 0.137402 -0.210591 -0.96787 -0.53436 0.806991 -0.251447 102.275 7.89755 32.648 0.585657 0.757637 0.227399 -0.176869 0
-0.329075 -0.425349 1.45499 0.82644 0.562903 -0.0116985 0.143574 -0.230792 -0.962352 -0.544411 0.793647 -0.271554 103.486 8.25472 33.3746 0.575347 0.763018 0.231475 -0.182207 0
-0.331863 -0.435335 1.45744 0.831897 0.554803 -0.0119004 0.144401 -0.237128 -0.960687 -0.535814 0.797474 -0.27738 103.865 8.3026 32.785 0.573888 0.765899 0.22823 -0.178781 0
-0.332835 -0.436769 1.4612 0.859371 0.510922 0.0209741 0.156203 -0.223234 -0.962168 -0.486911 0.830136 -0.271649 103.062 8.98655 29.5354 0.584057 0.767179 0.217395 -0.151834 0
-0.330227 -0.435251 1.45429 0.843668 0.536769 0.0101901 0.159098 -0.231845 -0.959654 -0.51275 0.81125 -0.280999 103.582 9.15457 31.2897 0.576807 0.767547 0.226653 -0.16369 0
-0.33115 -0.436247 1.45768 0.855393 0.517754 0.0152757 0.15868 -0.233858 -0.959235 -0.493075 0.822947 -0.282198 103.701 9.13031 29.9605 0.578649 0.769976 0.219628 -0.155135 0
-0.332715 -0.437918 1.46494 0.885349 0.464475 0.0205055 0.143089 -0.230252 -0.962554 -0.442361 0.85513 -0.270314 103.453 8.22664 26.5488 0.588384 0.77232 0.196668 -0.136555 0
-0.332697 -0.437991 1.46446 0.892624 0.450336 0.0205195 0.14101 -0.235688 -0.961544 -0.428181 0.86119 -0.273883 103.772 8.10632 25.6265 0.588016 0.774951 0.190769 -0.131512 0
-0.333289 -0.43897 1.46705 0.883083 0.468738 0.0211903 0.147564 -0.234568 -0.960834 -0.445409 0.851623 -0.276312 103.719 8.4858 26.7655 0.585705 0.773622 0.199162 -0.137089 0
-0.334129 -0.439826 1.46928 0.896816 0.441314 0.0310162 0.148265 -0.233763 -0.960923 -0.416818 0.86637 -0.275074 103.673 8.52642 24.9279 0.589063 0.775508 0.190062 -0.124371 0
-0.337673 -0.445913 1.49367 0.90879 0.414774 0.0454277 0.130683 -0.179543 -0.975032 -0.396261 0.892036 -0.21737 100.434 7.50904 23.5587 0.614792 0.759227 0.179609 -0.115523 0
-0.332512 -0.440016 1.45876 0.679321 0.732102 0.0504979 0.189049 -0.108098 -0.976 -0.709072 0.672563 -0.211836 96.3201 10.8973 46.2276 0.582964 0.706975 0.325737 -0.232885 0
-0.338036 -0.442961 1.48385 0.803246 0.593808 0.0467783 0.125985 -0.092613 -0.9877 -0.582171 0.799259 -0.149202 95.3568 7.23766 35.9336 0.624786 0.715028 0.251666 -0.187193 0
-0.347093 -0.449581 1.52402 0.940964 0.338487 0.00362523 0.00850536 -0.0129353 -0.99988 -0.3384 0.940882 -0.0150506 90.7412 0.487327 19.7802 0.691552 0.701596 0.123644 -0.11929 0
-0.352688 -0.445798 1.53586 0.945976 0.313632 -0.082246 -0.0930901 0.0197309 -0.995462 -0.310586 0.94934 0.047861 88.8645 -5.34141 18.1762 0.709501 0.685271 0.0804579 -0.143313 0
-0.356531 -0.440171 1.54687 0.94478 0.304456 -0.121234 -0.145747 0.0590309 -0.987559 -0.293511 0.950696 0.100145 86.5792 -8.38051 17.2583 0.725251 0.668133 0.0593853 -0.155188 0
-0.365793 -0.42187 1.56301 0.954012 0.269558 -0.131144 -0.151777 0.0570881 -0.986765 -0.258504 0.96129 0.0953756 86.6889 -8.72993 15.1611 0.725685 0.671109 0.0438756 -0.145151 0
-0.372003 -0.403361 1.56998 0.947043 0.269842 -0.174055 -0.199186 0.0685127 -0.977564 -0.251863 0.960464 0.118633 85.991 -11.4893 14.8929 0.730443 0.663306 0.0266304 -0.160528 0
-0.370961 -0.386968 1.57244 0.94836 0.265126 -0.174128 -0.199767 0.0728141 -0.977134 -0.246385 0.961461 0.122018 85.7383 -11.5234 14.5635 0.731982 0.662104 0.0246783 -0.158779 1
-0.366279 -0.380245 1.57301 0.941732 0.30344 -0.145137 -0.164676 0.039679 -0.985549 -0.293296 0.952024 0.0873362 87.6945 -9.47839 17.2989 0.719157 0.673557 0.0515043 -0.162731 1
-0.363939 -0.37134 1.57281 0.933048 0.330135 -0.142943 -0.146559 -0.0140486 -0.989102 -0.328546 0.943829 0.0352764 90.8137 -8.42759 19.3982 0.698977 0.691343 0.0663839 -0.170497 1
-0.363147 -0.365745 1.57422 0.928107 0.343126 -0.144505 -0.12003 -0.0916488 -0.988531 -0.352434 0.934808 -0.0438745 95.2969 -6.89384 20.7935 0.669437 0.718267 0.0776506 -0.172965 1
-0.365949 -0.365622 1.57401 0.924693 0.358059 -0.129372 -0.0727724 -0.167313 -0.983214 -0.373694 0.918586 -0.128657 99.6575 -4.17324 22.005 0.638107 0.745094 0.0957215 -0.168793 1
-0.365742 -0.367369 1.57497 0.932145 0.34666 -0.104558 -0.0287195 -0.21707 -0.975734 -0.360945 0.912528 -0.192385 102.542 -1.64573 21.1674 0.616987 0.765114 0.103887 -0.152102 1
-0.367513 -0.364535 1.57538 0.941441 0.332179 -0.0578465 0.0355068 -0.268276 -0.962688 -0.335304 0.904259 -0.26436 105.572 2.03482 19.6039 0.593465 0.78646 0.11688 -0.124975 1
-0.365356 -0.366145 1.57571 0.953403 0.301662 -0.00467457 0.0811838 -0.271443 -0.959025 -0.29057 0.913958 -0.283285 105.804 4.65661 16.9497 0.591328 0.791854 0.12087 -0.0932131 1
-0.368032 -0.366363 1.57568 0.963127 0.267883 0.0250139 0.0995695 -0.268519 -0.958114 -0.249946 0.925276 -0.285291 105.656 5.71438 14.5482 0.593573 0.793243 0.115807 -0.0708902 1
-0.367375 -0.365927 1.57507 0.97937 0.188867 0.0718589 0.120222 -0.258753 -0.958433 -0.162423 0.947299 -0.276121 105.108 6.90492 9.41647 0.600936 0.792818 0.0974654 -0.0285576 1
-0.367194 -0.363967 1.57323 0.982507 0.172317 0.0706221 0.108174 -0.219395 -0.969621 -0.151588 0.960298 -0.234198 102.75 6.21009 8.77083 0.618246 0.7804 0.0898549 -0.0259373 1
-0.371702 -0.364258 1.57233 0.995314 0.0836374 0.0485226 0.0650269 -0.20758 -0.976054 -0.0715624 0.974636 -0.212046 102.006 3.7284 4.11245 0.627632 0.777004 0.0478326 -0.00741301 1
-0.370783 -0.365327 1.57278 0.997771 0.0651815 0.0142743 0.029697 -0.242216 -0.969768 -0.0597534 0.96803 -0.243612 104.024 1.70176 3.42717 0.614805 0.787972 0.0301021 -0.0144292 1
-0.370626 -0.364604 1.57214 0.998373 0.0558679 0.011412 0.0247198 -0.243703 -0.969535 -0.0513847 0.968239 -0.244688 104.11 1.41648 2.94632 0.614407 0.788474 0.0255518 -0.0126741 1
-0.370561 -0.364458 1.57297 0.998829 0.0482778 -0.00307672 0.00944325 -0.25696 -0.966376 -0.0474451 0.965215 -0.257115 104.89 0.541066 2.71955 0.609252 0.792607 0.0182061 -0.0159353 1
-0.367681 -0.363347 1.57335 0.999059 0.0320645 0.0292001 0.0363405 -0.251522 -0.967169 -0.0236674 0.96732 -0.252451 104.577 2.08262 1.35706 0.611369 0.791049 0.0216185 0.00174854 1
-0.371334 -0.363963 1.57314 0.99594 0.0790119 0.0431254 0.0614308 -0.246417 -0.967215 -0.0657946 0.965938 -0.25027 104.293 3.52194 3.77963 0.61222 0.789403 0.0444775 -0.00717923 1
-0.371421 -0.364198 1.57167 0.996602 0.0714485 0.0409781 0.0583689 -0.261616 -0.963406 -0.0581133 0.962524 -0.264897 105.192 3.34619 3.33722 0.606236 0.794216 0.0408634 -0.00539377 1
-0.37117 -0.363972 1.56904 0.994333 0.0904504 0.0558688 0.0772321 -0.253419 -0.964269 -0.0730603 0.963119 -0.258968 104.725 4.42948 4.20235 0.608676 0.791631 0.0529547 -0.00542912 1
-0.373314 -0.366539 1.56767 0.990515 0.116857 0.0722854 0.0964036 -0.21614 -0.971592 -0.0979131 0.969344 -0.225355 102.542 5.53211 5.64539 0.622298 0.779745 0.068375 -0.0082167 1
-0.371895 -0.364682 1.56715 0.990172 0.119629 0.0724445 0.0961739 -0.20636 -0.973738 -0.101538 0.971136 -0.215837 101.965 5.51889 5.85498 0.626094 0.77659 0.0694714 -0.00936576 1
-0.371934 -0.363193 1.56448 0.971558 0.231155 0.0514027 0.0828353 -0.1284 -0.988257 -0.221841 0.964407 -0.143896 97.4027 4.75156 12.8621 0.651779 0.748975 0.104807 -0.0568904 1
-0.373606 -0.361766 1.56718 0.989229 0.130889 0.065537 0.0916103 -0.204384 -0.974595 -0.114169 0.970101 -0.214174 101.844 5.25626 6.58348 0.626632 0.775852 0.071695 -0.0156704 1
-0.373681 -0.362246 1.56792 0.991954 0.114851 0.0532662 0.0768286 -0.211687 -0.974313 -0.100625 0.970566 -0.218808 102.258 4.4063 5.79232 0.624792 0.778211 0.0615769 -0.0152139 1
-0.373803 -0.364403 1.56533 0.979564 0.195904 0.045559 0.080713 -0.175402 -0.981183 -0.184226 0.964809 -0.187629 100.135 4.62955 10.6512 0.635715 0.765277 0.0903649 -0.0452996 1
-0.372357 -0.364205 1.56659 0.986938 0.157315 0.0347292 0.0736208 -0.24866 -0.965789 -0.143298 0.95573 -0.256994 104.438 4.22198 8.26129 0.60854 0.789397 0.0731369 -0.0343834 1
-0.371049 -0.363106 1.56971 0.980541 0.195281 0.020096 0.0714773 -0.259799 -0.963014 -0.182837 0.945711 -0.268702 105.098 4.09884 10.5624 0.602503 0.791998 0.0842041 -0.0513704 1
-0.366874 -0.362997 1.56931 0.951786 0.306715 -0.00543051 0.0740068 -0.246762 -0.966246 -0.297703 0.919257 -0.257564 104.326 4.24416 17.3688 0.601552 0.783599 0.121466 -0.0967117 1
-0.365681 -0.360435 1.57071 0.966963 0.254916 -0.00104156 0.0612782 -0.236406 -0.96972 -0.247443 0.937619 -0.244217 103.701 3.51318 14.3538 0.609578 0.782238 0.101054 -0.0794147 1
-0.367401 -0.360924 1.56899 0.950285 0.305663 0.0593961 0.121976 -0.189911 -0.974195 -0.286496 0.933008 -0.217753 101.031 7.00616 16.7772 0.621012 0.767781 0.139245 -0.0739468 1
-0.369284 -0.362809 1.56893 0.938714 0.33551 0.0790499 0.14225 -0.168171 -0.97544 -0.313976 0.926904 -0.205591 99.782 8.17804 18.4938 0.62549 0.760341 0.157087 -0.0772437 1
-0.366074 -0.361758 1.5698 0.94776 0.313087 0.061055 0.120341 -0.173684 -0.977421 -0.295413 0.933708 -0.202288 100.076 6.9118 17.3121 0.626855 0.76219 0.142165 -0.0768701 1
-0.369498 -0.363169 1.56776 0.946055 0.314877 0.0763697 0.137803 -0.177705 -0.974388 -0.293241 0.932348 -0.21151 100.336 7.92072 17.2214 0.623867 0.76408 0.148113 -0.0709583 1
-0.368227 -0.363948 1.56847 0.956408 0.281747 0.0768319 0.13683 -0.199901 -0.970215 -0.257997 0.938434 -0.229738 101.642 7.86444 15.0965 0.617812 0.772342 0.13549 -0.0586414 1
-0.368351 -0.366299 1.569 0.967258 0.240488 0.0810984 0.132302 -0.205101 -0.969757 -0.216582 0.948735 -0.230203 101.942 7.60264 12.6211 0.618861 0.77501 0.120253 -0.0437038 1
-0.367664 -0.36537 1.56737 0.97493 0.203506 0.0899817 0.135726 -0.223439 -0.965222 -0.176323 0.953237 -0.245459 103.034 7.80062 10.2516 0.613602 0.781637 0.108501 -0.0276157 1
-0.364473 -0.364823 1.56742 0.985786 0.149424 0.0767988 0.112124 -0.244717 -0.96309 -0.125114 0.958011 -0.257993 104.257 6.43779 7.23321 0.608908 0.788748 0.0828997 -0.015314 1
-0.366174 -0.36127 1.5673 0.985594 0.160755 0.0525606 0.0898439 -0.234339 -0.967994 -0.143293 0.958772 -0.245406 103.609 5.15463 8.27213 0.613565 0.78507 0.0798015 -0.0288931 1
-0.365734 -0.362927 1.56875 0.989742 0.135553 0.0451122 0.0764333 -0.235651 -0.968827 -0.120697 0.962338 -0.243595 103.671 4.38358 6.95277 0.614511 0.785651 0.0674557 -0.0240516 1
-0.365527 -0.362408 1.56784 0.991335 0.125513 0.0387546 0.067308 -0.231991 -0.970386 -0.112805 0.964586 -0.238429 103.445 3.85938 6.49183 0.616627 0.784499 0.0614471 -0.023598 1
-0.367459 -0.361456 1.56753 0.982331 0.18174 0.044682 0.0865883 -0.229688 -0.969405 -0.165916 0.956145 -0.241367 103.33 4.96737 9.58682 0.61467 0.783164 0.0856551 -0.0387002 1
-0.365148 -0.362083 1.56772 0.970475 0.236388 0.0479524 0.0998716 -0.212848 -0.971968 -0.219555 0.948059 -0.230172 102.352 5.73178 12.7477 0.617951 0.776771 0.108223 -0.0552293 1
-0.367248 -0.364262 1.56771 0.965596 0.250141 0.0710903 0.126374 -0.212447 -0.968967 -0.227275 0.944614 -0.236749 102.366 7.26008 13.2448 0.615711 0.77698 0.121147 -0.0502539 1
-0.366413 -0.36501 1.56751 0.963193 0.268063 0.0200332 0.0848072 -0.232314 -0.968936 -0.255082 0.934972 -0.246497 103.483 4.86494 14.8331 0.609176 0.781346 0.112905 -0.0752064 1
-0.366159 -0.363846 1.56797 0.962235 0.272217 0.00103354 0.0690069 -0.24025 -0.968255 -0.263327 0.931761 -0.249962 103.935 3.95695 15.305 0.606635 0.783014 0.108946 -0.0837449 1
-0.366174 -0.362763 1.5675 0.965269 0.260464 0.0203662 0.0826261 -0.230395 -0.969583 -0.247849 0.937591 -0.243915 103.367 4.73953 14.4006 0.610524 0.780958 0.10983 -0.0728218 1
-0.365956 -0.361128 1.56883 0.954093 0.299259 0.0123091 0.0822686 -0.222328 -0.971495 -0.287992 0.927909 -0.236741 102.89 4.71898 16.7964 0.611356 0.776718 0.122801 -0.0887332 1
-0.363575 -0.362166 1.56837 0.948201 0.316335 0.0291057 0.101895 -0.21608 -0.971044 -0.300886 0.923711 -0.23712 102.545 5.84829 17.6055 0.611351 0.774823 0.134944 -0.0876912 1
-0.363226 -0.360184 1.569 0.955626 0.291343 0.0435687 0.106101 -0.202434 -0.973531 -0.274811 0.934954 -0.224363 101.747 6.09062 16.0437 0.618229 0.771755 0.128747 -0.074908 1
-0.363428 -0.362993 1.56845 0.947698 0.311448 0.0697703 0.136645 -0.198372 -0.970555 -0.288437 0.929327 -0.230555 101.552 7.85378 16.9279 0.616192 0.770815 0.145331 -0.0709206 1
-0.363515 -0.364615 1.56857 0.95154 0.30317 0.0515656 0.118128 -0.205521 -0.971497 -0.283931 0.93051 -0.231375 101.945 6.78409 16.6146 0.615354 0.772728 0.136302 -0.0751769 1
-0.366904 -0.364555 1.56808 0.945915 0.306871 0.105238 0.172969 -0.202623 -0.96386 -0.274457 0.929932 -0.244743 101.872 9.96046 16.1801 0.612076 0.773512 0.155085 -0.054692 1
-0.365492 -0.361616 1.56923 0.955577 0.284746 0.0761087 0.139815 -0.210598 -0.967523 -0.25947 0.935184 -0.241054 102.28 8.03712 15.1914 0.613173 0.775762 0.13682 -0.0590906 1
-0.364291 -0.362903 1.56848 0.945578 0.318065 0.0686776 0.139087 -0.204268 -0.968984 -0.294171 0.925802 -0.23739 101.904 7.99504 17.281 0.613172 0.772534 0.147939 -0.0729719 1
-0.36606 -0.361816 1.56837 0.94442 0.325409 0.0466979 0.121738 -0.214233 -0.969167 -0.305371 0.920985 -0.24194 102.465 6.99239 17.9183 0.609969 0.774692 0.144298 -0.0834762 1
-0.365217 -0.362824 1.56896 0.927454 0.369284 0.0588079 0.142357 -0.20326 -0.968721 -0.34578 0.906815 -0.241085 101.85 8.18424 20.4468 0.608915 0.770032 0.16611 -0.0931688 1
-0.363866 -0.365073 1.56834 0.9161 0.39093 0.0890823 0.185477 -0.216213 -0.958567 -0.355471 0.894665 -0.270582 102.711 10.689 21.2076 0.597768 0.775064 0.185922 -0.0859249 1
-0.369266 -0.36198 1.56789 0.885345 0.46072 0.0624672 0.174734 -0.205211 -0.962993 -0.430851 0.863496 -0.262186 102.03 10.0632 25.9498 0.595388 0.766932 0.207142 -0.120084 1
-0.365458 -0.363943 1.5695 0.873215 0.483455 0.0613767 0.194459 -0.230179 -0.953522 -0.446857 0.844565 -0.295008 103.571 11.2131 27.1005 0.580523 0.774339 0.218869 -0.124455 1
-0.366019 -0.363308 1.56793 0.849453 0.527 0.0264778 0.176568 -0.236601 -0.955429 -0.497246 0.816267 -0.294033 103.909 10.1699 30.3435 0.574199 0.771376 0.228024 -0.152574 1
-0.368526 -0.363474 1.56762 0.872952 0.482126 0.0742191 0.182673 -0.182018 -0.966178 -0.45231 0.856985 -0.246964 100.669 10.5255 27.3904 0.600827 0.758606 0.219086 -0.124601 1
-0.366245 -0.36431 1.5668 0.876158 0.471553 0.0999222 0.191844 -0.150961 -0.969746 -0.442202 0.86882 -0.222731 98.8483 11.0604 26.7804 0.612876 0.749975 0.22114 -0.114097 1
-0.364861 -0.364192 1.56612 0.86919 0.485146 0.095612 0.186118 -0.141844 -0.972235 -0.458114 0.862852 -0.213584 98.3006 10.7263 27.7918 0.615175 0.745758 0.225028 -0.121521 1
-0.367789 -0.362072 1.56793 0.855251 0.510974 0.0863236 0.183704 -0.143184 -0.972497 -0.484561 0.847587 -0.216327 98.3757 10.5856 29.5347 0.611502 0.744104 0.233394 -0.133798 1
-0.368787 -0.361381 1.56763 0.851099 0.522031 0.0558031 0.161464 -0.159131 -0.973964 -0.49956 0.83795 -0.219726 99.2793 9.29187 30.4112 0.60668 0.746652 0.228853 -0.148582 1
-0.364425 -0.359047 1.56826 0.871728 0.48995 -0.00620734 0.0974987 -0.185859 -0.977727 -0.480191 0.851707 -0.209788 100.763 5.59515 28.8482 0.607471 0.75289 0.195065 -0.16151 1
-0.368981 -0.361685 1.56684 0.843854 0.533263 0.0595046 0.15281 -0.132533 -0.979328 -0.514354 0.835503 -0.193326 97.707 8.78981 31.3635 0.616035 0.736497 0.232884 -0.154396 1
-0.368898 -0.361914 1.56708 0.832845 0.551899 0.0421487 0.149422 -0.150857 -0.977198 -0.532956 0.820153 -0.208106 98.7759 8.59341 32.616 0.607018 0.740238 0.236856 -0.16576 1
-0.367122 -0.362081 1.56704 0.825139 0.56493 -0.000381537 0.136563 -0.20012 -0.970207 -0.548175 0.800504 -0.242275 101.655 7.84901 33.5978 0.587951 0.752917 0.232925 -0.182144 1
-0.369215 -0.361965 1.56755 0.804218 0.594309 -0.00549745 0.143032 -0.202513 -0.968778 -0.576867 0.778322 -0.24787 101.807 8.22336 35.6519 0.581772 0.750766 0.24553 -0.193923 1
-0.370576 -0.364641 1.56332 0.828488 0.558079 0.0464246 0.156901 -0.151744 -0.975887 -0.537577 0.815795 -0.213281 98.8383 9.02704 32.9782 0.604868 0.740526 0.241376 -0.165812 1
-0.370196 -0.365273 1.56361 0.826532 0.558612 0.0692569 0.191941 -0.164036 -0.967601 -0.529153 0.813046 -0.242801 99.6218 11.0661 32.6277 0.595755 0.747223 0.251114 -0.153868 1
-0.369399 -0.363263 1.56631 0.81228 0.582693 0.0258788 0.178441 -0.206017 -0.962141 -0.555302 0.786146 -0.27132 102.086 10.279 34.3578 0.577699 0.756574 0.251507 -0.174941 1
-0.370051 -0.362356 1.56566 0.821726 0.569291 0.0259699 0.15932 -0.185735 -0.969598 -0.547159 0.800881 -0.243323 100.844 9.16746 33.6583 0.590057 0.750131 0.242828 -0.173699 1
-0.369813 -0.362375 1.56598 0.828643 0.558729 0.0342566 0.169078 -0.19148 -0.966824 -0.533633 0.806943 -0.253137 101.202 9.73423 32.7809 0.588223 0.753867 0.241358 -0.165605 1
-0.369844 -0.362909 1.56589 0.828261 0.5588 0.0415399 0.17676 -0.190208 -0.9657 -0.531732 0.807195 -0.256315 101.143 10.1811 32.6999 0.587737 0.754119 0.243847 -0.162505 1
-0.369524 -0.362374 1.56628 0.845458 0.533392 0.026345 0.152503 -0.19386 -0.969103 -0.511805 0.823354 -0.245244 101.312 8.77198 31.189 0.592949 0.755738 0.226896 -0.160591 1
-0.370625 -0.362643 1.56515 0.874362 0.48462 0.0251993 0.131313 -0.186288 -0.973681 -0.467171 0.854658 -0.22652 100.831 7.54545 28.1156 0.604474 0.756169 0.203636 -0.146122 1
-0.369163 -0.362031 1.56616 0.847591 0.530373 0.0171584 0.143282 -0.197607 -0.969754 -0.510941 0.824412 -0.243482 101.517 8.23782 31.0822 0.59298 0.756419 0.222646 -0.163197 1
-0.36865 -0.361758 1.56588 0.849716 0.526595 0.0260665 0.146264 -0.187936 -0.97123 -0.506546 0.829082 -0.236714 100.952 8.41048 30.8007 0.596881 0.75405 0.223082 -0.1593 1
-0.369546 -0.361969 1.56546 0.853311 0.517742 0.0616649 0.163476 -0.153359 -0.974554 -0.495111 0.841679 -0.215502 98.9429 9.40874 30.1233 0.60919 0.745348 0.22849 -0.145384 1
-0.367171 -0.360077 1.56702 0.887013 0.461338 0.019382 0.120909 -0.191552 -0.974007 -0.445633 0.8663 -0.225689 101.126 6.94459 26.6748 0.606171 0.758988 0.191784 -0.140401 1
-0.368922 -0.36134 1.56486 0.846116 0.53284 0.0130234 0.130767 -0.183838 -0.97422 -0.516709 0.826005 -0.225226 100.686 7.5139 31.4118 0.599386 0.750863 0.220948 -0.167702 1
-0.367255 -0.362067 1.56616 0.825335 0.564456 -0.0145685 0.113974 -0.191809 -0.974792 -0.553021 0.802869 -0.22264 101.132 6.54443 33.8244 0.593904 0.748295 0.226658 -0.189628 1
-0.36982 -0.362417 1.5657 0.868 0.496288 0.0165834 0.137532 -0.208184 -0.968372 -0.477139 0.842827 -0.248959 102.133 7.90507 28.7976 0.593898 0.762421 0.207831 -0.151018 1
-0.369535 -0.362305 1.5652 0.85494 0.518002 0.0273997 0.151786 -0.199307 -0.96811 -0.496023 0.831835 -0.249021 101.633 8.73042 30.1216 0.593003 0.758826 0.220666 -0.154391 1
-0.369727 -0.361715 1.5654 0.822193 0.56765 0.0420956 0.160835 -0.160741 -0.973804 -0.546013 0.807426 -0.223458 99.373 9.25537 33.5879 0.599582 0.742697 0.245216 -0.169624 1
-0.369172 -0.361602 1.56518 0.811826 0.580529 0.0626469 0.176736 -0.14205 -0.973954 -0.556509 0.801753 -0.21792 98.298 10.1797 34.4308 0.602465 0.736851 0.256926 -0.167559 1
-0.368991 -0.361935 1.56365 0.835335 0.548408 0.0382783 0.150418 -0.161033 -0.975419 -0.528763 0.820559 -0.217007 99.3745 8.65114 32.3336 0.603592 0.743871 0.234861 -0.164842 1
-0.369843 -0.361805 1.56415 0.873089 0.486867 0.0260216 0.129579 -0.180258 -0.975047 -0.470027 0.854674 -0.220469 100.474 7.44526 28.2958 0.606705 0.753959 0.204403 -0.147225 1
-0.369092 -0.361902 1.56406 0.855702 0.516647 0.0291621 0.145979 -0.186945 -0.971464 -0.496452 0.83554 -0.235389 100.893 8.39399 30.121 0.598617 0.754658 0.219512 -0.154802 1
-0.369316 -0.361756 1.56444 0.841764 0.538568 0.0371198 0.155145 -0.17548 -0.972182 -0.517072 0.824106 -0.231268 100.232 8.92518 31.5613 0.598961 0.749752 0.231314 -0.160037 1
-0.369418 -0.36236 1.56445 0.837492 0.545507 0.0320956 0.160449 -0.189334 -0.968715 -0.522364 0.81644 -0.246092 101.059 9.23295 31.9528 0.592044 0.75381 0.234129 -0.162597 1
-0.369501 -0.362551 1.56483 0.864916 0.501265 0.0255636 0.145608 -0.201849 -0.968533 -0.480332 0.841422 -0.24757 101.772 8.3725 29.0456 0.594873 0.760647 0.212606 -0.149468 1
-0.367811 -0.361973 1.56497 0.892587 0.450869 0.00235656 0.109718 -0.212134 -0.971062 -0.437322 0.867016 -0.238817 102.323 6.29908 26.1025 0.600341 0.765431 0.183095 -0.142065 1
-0.367715 -0.361648 1.56514 0.820103 0.572182 -0.00627975 0.138458 -0.209075 -0.968048 -0.555212 0.79303 -0.250686 102.187 7.95863 34.0981 0.583168 0.754961 0.235323 -0.185934 1
-0.367068 -0.361857 1.56563 0.693192 0.720629 -0.0133539 0.180298 -0.191312 -0.964828 -0.697838 0.666403 -0.262544 101.215 10.3871 45.1914 0.556627 0.73264 0.307425 -0.242681 1
-0.368233 -0.366633 1.56378 0.825284 0.5631 0.0427225 0.168063 -0.17268 -0.970534 -0.53913 0.808146 -0.237147 100.089 9.67524 33.1552 0.594865 0.747514 0.244532 -0.166019 1
-0.367597 -0.362983 1.56444 0.808849 0.585075 0.0587364 0.183604 -0.1564 -0.970478 -0.558616 0.795755 -0.233926 99.1549 10.5798 34.6302 0.595509 0.741481 0.25917 -0.168541 1
-0.366872 -0.362143 1.56514 0.799611 0.600518 0.000229466 0.140263 -0.186393 -0.972411 -0.583908 0.777583 -0.233272 100.851 8.06304 36.1384 0.587356 0.744862 0.24863 -0.195902 1
-0.36955 -0.360971 1.56564 0.81201 0.583575 -0.00894265 0.136519 -0.20481 -0.969234 -0.567453 0.785807 -0.245977 101.932 7.84645 34.9468 0.583357 0.75213 0.239352 -0.191588 1
-0.368125 -0.36166 1.56514 0.80502 0.593167 -0.00978786 0.152723 -0.223155 -0.962745 -0.573253 0.773534 -0.270234 103.05 8.78474 35.4546 0.572632 0.758025 0.245998 -0.192289 1
-0.369531 -0.362062 1.564 0.805521 0.592566 -0.000780267 0.150773 -0.20623 -0.966818 -0.573065 0.778675 -0.255466 102.041 8.67172 35.4288 0.579617 0.752864 0.246837 -0.190554 1
-0.367166 -0.361367 1.56506 0.778459 0.626497 -0.0387786 0.121297 -0.210758 -0.969984 -0.615865 0.750388 -0.240058 102.259 6.96695 38.3487 0.576117 0.746538 0.250421 -0.219226 1
-0.369482 -0.361756 1.56304 0.849865 0.526841 -0.0129566 0.114108 -0.207962 -0.971458 -0.514498 0.82413 -0.236857 102.083 6.55217 31.1902 0.592673 0.757411 0.211559 -0.174098 1
-0.369196 -0.362164 1.56408 0.855938 0.517039 0.0063441 0.129208 -0.201987 -0.970828 -0.500674 0.831788 -0.239694 101.753 7.42385 30.3252 0.594613 0.757895 0.213172 -0.16306 1
-0.370011 -0.36119 1.5632 0.872472 0.487913 0.0270726 0.136412 -0.189981 -0.972265 -0.469238 0.851967 -0.23231 101.056 7.84029 28.2725 0.602117 0.757424 0.206069 -0.145944 1
-0.370139 -0.362158 1.56311 0.863424 0.503838 0.0254284 0.132165 -0.17727 -0.975247 -0.486859 0.845412 -0.219649 100.302 7.59473 29.4174 0.605496 0.751722 0.211516 -0.153458 1
-0.370008 -0.362808 1.56418 0.851618 0.523124 0.0329789 0.155753 -0.192479 -0.968862 -0.500487 0.830237 -0.245397 101.236 8.96049 30.4423 0.594505 0.756554 0.224332 -0.154486 1
-0.366898 -0.361048 1.56559 0.880592 0.473869 -0.00253961 0.111554 -0.212504 -0.970772 -0.460558 0.85457 -0.239992 102.347 6.40492 27.61 0.597515 0.763722 0.191635 -0.151592 1
-0.36626 -0.362398 1.56576 0.931141 0.362691 -0.0378439 0.0626353 -0.261309 -0.963221 -0.359241 0.894524 -0.266032 105.178 3.59109 21.097 0.59241 0.783977 0.135631 -0.126625 1
-0.36951 -0.360802 1.56459 0.870556 0.492 -0.00831351 0.119128 -0.22712 -0.966553 -0.477432 0.840448 -0.256331 103.223 6.84177 28.7413 0.588877 0.767139 0.199158 -0.158298 1
-0.367123 -0.361631 1.5663 0.882933 0.468952 -0.0226485 0.0988841 -0.232901 -0.96746 -0.458967 0.851963 -0.252008 103.536 5.67491 27.4663 0.59119 0.76939 0.184509 -0.156493 1
-0.366218 -0.362531 1.56585 0.833611 0.55109 -0.03731 0.121688 -0.24912 -0.960797 -0.53878 0.796391 -0.274731 104.536 6.98953 32.8754 0.572224 0.767701 0.219088 -0.187602 1
-0.370389 -0.362586 1.56414 0.875277 0.48185 0.0413632 0.159608 -0.20707 -0.965219 -0.456526 0.851436 -0.258151 102.108 9.18415 27.5456 0.593729 0.764934 0.209645 -0.135686 1
-0.367913 -0.366331 1.5637 0.957362 0.285785 -0.042241 0.0283109 -0.238327 -0.970772 -0.287499 0.928185 -0.236256 103.793 1.62231 16.7152 0.608847 0.779735 0.100706 -0.105722 1
-0.368531 -0.366487 1.56315 0.967603 0.250508 -0.0314539 0.0316196 -0.243838 -0.9693 -0.250488 0.936904 -0.243859 104.12 1.81197 14.5138 0.608257 0.78347 0.0900252 -0.0899656 1
-0.368635 -0.366418 1.56239 0.976134 0.211595 -0.0488867 0.00677026 -0.25465 -0.96701 -0.217064 0.9436 -0.250005 104.753 0.38791 12.5369 0.606523 0.787526 0.0693201 -0.0844259 1
-0.369673 -0.363723 1.56402 0.980331 0.197015 -0.0116625 0.0410396 -0.261297 -0.964385 -0.193046 0.944938 -0.264243 105.16 2.35206 11.1401 0.603073 0.791497 0.0751912 -0.0646586 1
-0.368989 -0.36132 1.56398 0.969745 0.239011 0.0496787 0.108122 -0.238065 -0.965212 -0.21887 0.941381 -0.256705 103.855 6.20707 12.7184 0.607243 0.784939 0.110561 -0.0538866 1
-0.369657 -0.361777 1.56491 0.977401 0.208214 0.0365312 0.0842325 -0.225098 -0.970688 -0.193888 0.951829 -0.23755 103.056 4.83189 11.2201 0.615376 0.781033 0.0936089 -0.0503681 1
-0.369422 -0.362137 1.5647 0.980562 0.192039 0.0402324 0.0813359 -0.211243 -0.974044 -0.178555 0.958383 -0.222757 102.236 4.66536 10.3202 0.621804 0.776943 0.0879648 -0.0445087 1
-0.369175 -0.362657 1.56486 0.986675 0.161137 0.0225031 0.0589623 -0.225224 -0.972521 -0.151641 0.96089 -0.231724 103.039 3.38025 8.73735 0.618411 0.781605 0.0703998 -0.0413053 1
-0.370022 -0.362273 1.56405 0.992801 0.116503 0.0278129 0.0540995 -0.228991 -0.971924 -0.106863 0.966432 -0.233645 103.257 3.10119 6.14354 0.618499 0.783492 0.0544365 -0.0252236 1
-0.370061 -0.36175 1.56455 0.994737 0.0956559 0.0367197 0.0577871 -0.227815 -0.971988 -0.0846111 0.968994 -0.232144 103.191 3.3128 4.86181 0.619431 0.783374 0.0489687 -0.0152837 1
-0.368283 -0.362862 1.56472 0.995743 0.0921519 0.00197043 0.0252612 -0.252275 -0.967326 -0.0886438 0.963258 -0.253529 104.617 1.44752 5.08722 0.610315 0.790814 0.0371178 -0.0274 1
-0.368263 -0.361704 1.56468 0.990337 0.132749 0.0401257 0.0701327 -0.229792 -0.970709 -0.11964 0.964144 -0.236882 103.318 4.02161 6.88835 0.617184 0.783743 0.0647155 -0.0253635 1
-0.365758 -0.363123 1.565 0.98782 0.136859 0.0740382 0.103001 -0.218479 -0.97039 -0.116631 0.966197 -0.229915 102.688 5.91202 6.73366 0.620368 0.780419 0.0768369 -0.0136441 1
-0.368278 -0.362826 1.56514 0.986346 0.154826 0.0561358 0.0897135 -0.219286 -0.971527 -0.138108 0.963298 -0.230182 102.719 5.14713 7.97072 0.619854 0.780355 0.0783424 -0.0262612 1
-0.369916 -0.362495 1.56365 0.987896 0.1524 0.0289023 0.0630381 -0.224196 -0.972503 -0.14173 0.962554 -0.231089 102.982 3.61421 8.16431 0.618993 0.781534 0.0689152 -0.0360917 1
-0.370387 -0.359258 1.56435 0.981747 0.185423 0.0423227 0.0836255 -0.220979 -0.971687 -0.170821 0.95749 -0.232452 102.812 4.79699 9.87048 0.618125 0.780253 0.0862057 -0.041172 1
-0.370883 -0.360316 1.56413 0.97886 0.196292 0.0574772 0.0980273 -0.203597 -0.974135 -0.179512 0.959176 -0.218535 101.805 5.62559 10.392 0.623844 0.774757 0.0949714 -0.0393785 1
-0.369669 -0.362332 1.56452 0.979862 0.184377 0.0766499 0.117092 -0.219638 -0.968529 -0.161739 0.958 -0.236804 102.777 6.72429 9.37292 0.617135 0.780433 0.096571 -0.0272571 1
-0.368863 -0.362859 1.56396 0.98143 0.179859 0.0666832 0.106131 -0.219565 -0.969808 -0.159787 0.958875 -0.234576 102.757 6.09236 9.24722 0.617918 0.780316 0.0916264 -0.0298289 1
-0.368332 -0.362637 1.56484 0.981421 0.184004 0.0543581 0.0944123 -0.216507 -0.971705 -0.167029 0.958784 -0.229857 102.561 5.4175 9.65867 0.619487 0.779068 0.0893429 -0.0361557 1
-0.370197 -0.362045 1.56436 0.982841 0.184264 0.00842235 0.052332 -0.234766 -0.970642 -0.176877 0.954427 -0.240381 103.597 2.99977 10.202 0.613941 0.783899 0.0754548 -0.0537233 1
-0.370598 -0.361546 1.56335 0.98793 0.152695 0.0260674 0.0594027 -0.218033 -0.974132 -0.143062 0.963922 -0.224472 102.616 3.40553 8.2397 0.621576 0.779492 0.0680243 -0.0375225 1
-0.368142 -0.361729 1.56433 0.982962 0.182915 -0.0180838 0.032322 -0.268864 -0.962636 -0.180943 0.94565 -0.270195 105.605 1.85224 10.4302 0.600813 0.794044 0.0677662 -0.0626624 1
-0.36878 -0.359521 1.56533 0.989336 0.145169 -0.011821 0.0242775 -0.244388 -0.969374 -0.143612 0.95875 -0.245306 104.15 1.39113 8.25936 0.612299 0.787247 0.0538098 -0.0493596 1
-0.36709 -0.361266 1.56464 0.95524 0.294544 -0.0275707 0.0448124 -0.236191 -0.970673 -0.292418 0.92599 -0.238818 103.676 2.56842 17.0204 0.608324 0.779463 0.108843 -0.102631 1
-0.367578 -0.362905 1.5643 0.909705 0.414576 -0.0237529 0.0693857 -0.208151 -0.975632 -0.409418 0.885889 -0.218122 102.044 3.9787 24.2304 0.608981 0.764195 0.158324 -0.141708 1
-0.370752 -0.36315 1.56244 0.853724 0.520675 0.00728944 0.101184 -0.152141 -0.983166 -0.510801 0.84009 -0.18257 98.7965 5.80733 30.893 0.616241 0.739668 0.210182 -0.170182 1
-0.37081 -0.362541 1.56372 0.875364 0.482413 0.0318722 0.135838 -0.182144 -0.973844 -0.463989 0.856797 -0.224972 100.594 7.80705 27.926 0.605856 0.755394 0.204612 -0.143011 1
-0.369206 -0.363618 1.56363 0.850587 0.52392 0.0448316 0.143458 -0.149188 -0.978347 -0.505887 0.838601 -0.202058 98.6702 8.24799 30.7421 0.612238 0.741929 0.224879 -0.155357 1
-0.369566 -0.361417 1.5649 0.860768 0.508513 0.0222244 0.127192 -0.172612 -0.976743 -0.49285 0.843576 -0.213257 100.022 7.30735 29.7942 0.607227 0.749439 0.21206 -0.156993 1
-0.370162 -0.361356 1.56451 0.867525 0.496389 0.0315868 0.134463 -0.17291 -0.975716 -0.478873 0.850706 -0.21675 100.049 7.72758 28.8987 0.607838 0.751196 0.209949 -0.148858 1
-0.368731 -0.361381 1.56482 0.870911 0.489807 0.0400394 0.141763 -0.172382 -0.974776 -0.47055 0.854619 -0.219566 100.029 8.1499 28.3822 0.608063 0.75214 0.209925 -0.143095 1
-0.369642 -0.362152 1.56562 0.840359 0.539461 0.0527106 0.167037 -0.165231 -0.972007 -0.515651 0.825639 -0.228963 99.6475 9.61558 31.5336 0.601283 0.747421 0.236312 -0.154846 1
-0.369769 -0.361494 1.56559 0.818874 0.573616 0.0202615 0.148087 -0.177035 -0.973 -0.554541 0.799765 -0.229914 100.312 8.51606 34.1058 0.594122 0.745959 0.24187 -0.179058 1
-0.369546 -0.361637 1.56455 0.803489 0.59532 -0.000234201 0.136005 -0.183946 -0.973482 -0.579576 0.78215 -0.228765 100.7 7.81675 35.8038 0.589656 0.744345 0.245627 -0.194738 1
-0.367337 -0.361237 1.56528 0.67769 0.734329 -0.0386981 0.172361 -0.209785 -0.962435 -0.714863 0.645563 -0.268739 102.297 9.9251 46.5291 0.547532 0.734203 0.308733 -0.256592 1
-0.369507 -0.360497 1.56483 0.854622 0.517801 -0.0387792 0.104941 -0.245379 -0.963731 -0.508536 0.819556 -0.264044 104.285 6.02374 30.7544 0.579914 0.768773 0.202512 -0.177983 1
-0.366304 -0.361252 1.56546 0.770924 0.635667 -0.0400506 0.117316 -0.203521 -0.972017 -0.62603 0.744652 -0.231473 101.826 6.73722 39.0784 0.577912 0.742617 0.25349 -0.224234 1
-0.369631 -0.362335 1.5646 0.732104 0.68046 -0.0316044 0.135427 -0.190861 -0.97223 -0.667596 0.707493 -0.231882 101.107 7.78328 42.3613 0.572137 0.73397 0.277902 -0.238157 1
-0.368807 -0.362072 1.56492 0.740161 0.672249 -0.0155696 0.147513 -0.184919 -0.97162 -0.65605 0.716859 -0.236035 100.776 8.48285 41.5525 0.574284 0.735037 0.278817 -0.228431 1
-0.369427 -0.361626 1.56507 0.753789 0.656885 0.0174612 0.168172 -0.167157 -0.971482 -0.635233 0.735228 -0.236471 99.763 9.68156 40.1215 0.580982 0.734407 0.280858 -0.210296 1
-0.369888 -0.361269 1.56498 0.771377 0.635568 0.0321152 0.171626 -0.159173 -0.972218 -0.612799 0.755458 -0.231863 99.2981 9.88238 38.4644 0.58744 0.735257 0.27446 -0.197442 1
-0.368947 -0.36219 1.56547 0.793933 0.607415 0.0267859 0.168976 -0.178115 -0.969393 -0.584053 0.774159 -0.24405 100.411 9.72831 36.3399 0.585612 0.744328 0.260769 -0.187171 1
-0.369718 -0.362653 1.56432 0.812585 0.582061 0.0301671 0.163363 -0.177768 -0.970418 -0.55948 0.793475 -0.239539 100.381 9.40218 34.5481 0.590609 0.746641 0.249593 -0.177231 1
-0.369328 -0.362099 1.56481 0.811166 0.584524 0.0184466 0.151976 -0.180235 -0.971812 -0.564723 0.791105 -0.235034 100.507 8.74148 34.8451 0.590741 0.746062 0.246796 -0.183053 1
-0.370027 -0.363252 1.56417 0.824295 0.564771 0.039643 0.171911 -0.182963 -0.967973 -0.539429 0.80471 -0.247906 100.704 9.89896 33.2012 0.590217 0.75086 0.245279 -0.166404 1
-0.367471 -0.364072 1.56386 0.839487 0.537209 0.0816592 0.197047 -0.160916 -0.967098 -0.506394 0.827957 -0.240943 99.447 11.3643 31.0991 0.599506 0.748556 0.245224 -0.141851 1
-0.36931 -0.363234 1.56385 0.832409 0.552703 0.0401948 0.173299 -0.190733 -0.966224 -0.526368 0.811259 -0.254551 101.167 9.97971 32.3069 0.588881 0.754601 0.240525 -0.161069 1
-0.370433 -0.362601 1.5645 0.835766 0.54878 0.0183148 0.151488 -0.198393 -0.968345 -0.527774 0.812085 -0.248944 101.578 8.71318 32.2718 0.589158 0.755497 0.231724 -0.168584 1
-0.369939 -0.361893 1.56378 0.840863 0.54121 0.00637417 0.130691 -0.191594 -0.972734 -0.525232 0.818769 -0.231836 101.143 7.50952 31.9903 0.59528 0.752378 0.223259 -0.172406 1
-0.369119 -0.362379 1.56316 0.853461 0.520887 0.0167472 0.115458 -0.157643 -0.980723 -0.508206 0.838943 -0.194683 99.1317 6.63003 30.7723 0.612604 0.742595 0.21423 -0.165453 1
-0.368065 -0.36014 1.56614 0.842753 0.53706 -0.0365262 0.0953939 -0.215784 -0.97177 -0.52978 0.815478 -0.233085 102.52 5.47399 32.1547 0.590315 0.756905 0.208895 -0.187047 1
-0.365492 -0.362542 1.56597 0.887378 0.461029 -0.00337204 0.114009 -0.226517 -0.967312 -0.446723 0.857987 -0.253568 103.18 6.54646 26.7215 0.593147 0.769328 0.186864 -0.146262 1
-0.369045 -0.363681 1.56451 0.917827 0.39698 -0.000136884 0.0989978 -0.229219 -0.968327 -0.384438 0.888744 -0.249684 103.318 5.68146 22.7267 0.599776 0.774069 0.160185 -0.124206 1
-0.366784 -0.361899 1.56384 0.946605 0.32232 -0.00703321 0.072438 -0.233896 -0.969559 -0.314153 0.91728 -0.244755 103.563 4.15403 18.3596 0.605796 0.778662 0.126742 -0.103121 1
-0.369122 -0.361674 1.56421 0.966289 0.257287 0.00940575 0.0642048 -0.205432 -0.976563 -0.249325 0.944246 -0.215026 101.88 3.68119 14.4681 0.621657 0.772455 0.104049 -0.0776483 1
-0.369644 -0.36089 1.5642 0.975034 0.21981 0.0314936 0.0761891 -0.197943 -0.977248 -0.208575 0.95525 -0.209749 101.45 4.36955 12.0745 0.625968 0.771804 0.0958789 -0.0573595 1
-0.369206 -0.362092 1.56388 0.974576 0.219754 0.0436985 0.0897484 -0.204178 -0.974811 -0.205296 0.953949 -0.21871 101.83 5.14913 11.8955 0.622834 0.774187 0.0999442 -0.052183 1
-0.368732 -0.362253 1.56359 0.968954 0.239509 0.0613426 0.112257 -0.205128 -0.972276 -0.220286 0.948977 -0.225646 101.913 6.44544 12.8081 0.620117 0.774553 0.113538 -0.0513016 1
-0.369623 -0.361966 1.56309 0.976673 0.209487 0.047178 0.0928497 -0.213885 -0.972436 -0.193622 0.954132 -0.228346 102.405 5.32757 11.2133 0.619363 0.777641 0.0971967 -0.0470795 1
-0.367937 -0.362945 1.56419 0.987489 0.150974 0.0455265 0.0787187 -0.221801 -0.971909 -0.136635 0.963333 -0.230911 102.855 4.51492 7.87777 0.619431 0.781057 0.0735197 -0.0291619 1
-0.368785 -0.361839 1.56463 0.997533 0.0489052 0.0503641 0.0594654 -0.207343 -0.976459 -0.0373113 0.977045 -0.20974 101.988 3.40913 2.14207 0.62858 0.776952 0.0348704 0.00420002 1
-0.370082 -0.363061 1.56432 0.998796 0.00892065 0.0482423 0.0490184 -0.222025 -0.973808 0.00202402 0.975 -0.222195 102.844 2.80967 -0.116107 0.623413 0.781508 0.0185344 0.0160799 1
-0.369555 -0.363255 1.56374 0.996446 -0.0666072 0.05156 0.0353008 -0.225548 -0.973592 0.0764775 0.971952 -0.222395 103.043 2.023 -4.38886 0.622194 0.781727 -0.010012 0.040947 1
-0.368886 -0.363289 1.56436 0.99719 -0.0568457 0.0487881 0.0347614 -0.225776 -0.973559 0.0663578 0.972519 -0.223166 103.057 1.99208 -3.80712 0.622143 0.782006 -0.00706013 0.0368111 1
-0.369865 -0.361247 1.56307 0.997581 -0.0601801 0.0348006 0.0204288 -0.22472 -0.974209 0.0664484 0.972563 -0.222947 102.989 1.17057 -3.81082 0.622478 0.781864 -0.0127104 0.0323742 1
-0.370437 -0.361997 1.56444 0.98538 -0.164835 0.0430733 0.00137929 -0.245096 -0.969498 0.170364 0.955383 -0.241285 104.188 0.0790278 -9.809 0.612168 0.786092 -0.0519836 0.0678793 1
-0.369939 -0.361923 1.56353 0.989726 -0.136066 0.043906 0.0074657 -0.257488 -0.966253 0.142779 0.956654 -0.253827 104.921 0.427757 -8.20893 0.60795 0.790734 -0.0406585 0.0590228 1
-0.369792 -0.361431 1.56495 0.999143 0.00915118 0.0403626 0.0413732 -0.246013 -0.968383 0.00106786 0.969223 -0.246181 104.254 2.37119 -0.0612361 0.613789 0.789198 0.016005 0.0131242 1
-0.365097 -0.363374 1.56415 0.996872 -0.0676546 0.0408445 0.0230809 -0.245056 -0.969234 0.0755823 0.967146 -0.242728 104.189 1.32255 -4.33584 0.614225 0.78814 -0.0141389 0.0369309 1
-0.369271 -0.364387 1.56357 0.994941 -0.0965075 0.0278928 0.00254333 -0.253369 -0.967366 0.100425 0.962544 -0.251842 104.677 0.145722 -5.76368 0.610272 0.790594 -0.0297132 0.0405765 1
-0.369508 -0.362913 1.56306 0.986527 -0.161474 0.0262782 -0.0153831 -0.251473 -0.967742 0.162874 0.9543 -0.250568 104.566 -0.881421 -9.37486 0.609197 0.78876 -0.0560555 0.0599523 1
-0.368443 -0.367847 1.56325 0.965358 -0.26008 -0.0210109 -0.0864678 -0.242894 -0.966191 0.246184 0.934538 -0.256968 104.111 -4.96044 -14.3065 0.605288 0.785051 -0.110358 0.0717065 1
-0.36841 -0.361712 1.56387 0.961285 -0.268066 0.0638095 -0.00274652 -0.240876 -0.970552 0.275542 0.932802 -0.232287 103.938 -0.157364 -15.9944 0.609943 0.780136 -0.0867836 0.108748 1
-0.369637 -0.359517 1.56385 0.979647 -0.200724 0.00149527 -0.0415998 -0.210307 -0.97675 0.196372 0.956808 -0.214377 102.151 -2.38418 -11.3348 0.623491 0.775295 -0.0781392 0.0638037 1
-0.367679 -0.360621 1.56365 0.980685 -0.195524 -0.00522459 -0.0495093 -0.222304 -0.973719 0.189224 0.955171 -0.227691 102.86 -2.83783 -10.921 0.618605 0.779532 -0.0785833 0.0590095 1
-0.368746 -0.361775 1.56316 0.978097 -0.207931 0.00958798 -0.0415493 -0.240167 -0.969842 0.203963 0.948201 -0.243546 103.909 -2.38129 -11.7791 0.611225 0.784508 -0.0795021 0.0680525 1
-0.367686 -0.361571 1.56517 0.99136 -0.131162 0.00150465 -0.0326849 -0.258118 -0.96556 0.127033 0.957169 -0.260175 104.967 -1.87304 -7.3021 0.60685 0.792094 -0.0517132 0.040569 1
-0.369275 -0.360525 1.56431 0.984293 -0.175441 0.0196715 -0.024811 -0.247793 -0.968495 0.174788 0.952795 -0.248254 104.351 -1.42171 -10.0695 0.609969 0.787455 -0.0635757 0.0617368 1
-0.36975 -0.361112 1.56355 0.975484 -0.218382 0.027202 -0.0248814 -0.232258 -0.972336 0.218658 0.947822 -0.231998 103.434 -1.42575 -12.6342 0.61466 0.780983 -0.0778707 0.0787021 1
-0.3696 -0.362222 1.56394 0.963199 -0.26655 0.0346353 -0.0279791 -0.227582 -0.973357 0.267331 0.936567 -0.226664 103.16 -1.60329 -15.5117 0.614197 0.777407 -0.0947152 0.0971068 1
-0.369037 -0.3619 1.5639 0.956197 -0.290943 0.032243 -0.0316718 -0.21233 -0.976685 0.291005 0.932882 -0.212244 102.265 -1.81496 -16.9269 0.618794 0.771487 -0.104543 0.104748 1
-0.369586 -0.361904 1.5636 0.948834 -0.31466 0.0264997 -0.0503658 -0.23365 -0.971015 0.311732 0.919998 -0.237543 103.53 -2.88697 -18.1875 0.607791 0.777822 -0.117323 0.108711 1
-0.36875 -0.36162 1.56422 0.940138 -0.33666 0.0529136 -0.0296707 -0.235536 -0.971413 0.339499 0.911692 -0.231425 103.629 -1.70025 -19.8555 0.606873 0.775741 -0.118058 0.126464 1
-0.36673 -0.363511 1.56226 0.946239 -0.30047 0.119787 0.0373171 -0.266446 -0.963127 0.321307 0.915819 -0.240909 105.464 2.13861 -18.7555 0.599767 0.783198 -0.0839993 0.140799 1
-0.369437 -0.363406 1.56446 0.939292 -0.309256 0.148633 0.0618659 -0.273438 -0.959898 0.337496 0.91082 -0.237706 105.9 3.54692 -19.7638 0.597526 0.782693 -0.0790188 0.155274 1
-0.367141 -0.361432 1.56479 0.839513 -0.540905 0.0513745 -0.078901 -0.214915 -0.97344 0.53758 0.813162 -0.223102 102.45 -4.5254 -32.6334 0.591924 0.754574 -0.20535 0.195128 1
-0.368257 -0.363051 1.56432 0.893278 -0.438952 0.0968314 -0.0114128 -0.237496 -0.971322 0.449361 0.866555 -0.217159 103.74 -0.653919 -26.7045 0.599713 0.766148 -0.146957 0.178227 1
-0.369803 -0.360896 1.56381 0.829688 -0.557753 0.0230213 -0.0947325 -0.181322 -0.97885 0.550131 0.809959 -0.203278 100.494 -5.43592 -33.5467 0.601059 0.744024 -0.219242 0.192585 1
-0.369455 -0.362772 1.56145 0.906031 -0.422909 0.0159978 -0.0452225 -0.13433 -0.989904 0.420789 0.89616 -0.140832 97.7278 -2.59194 -24.9116 0.638527 0.738443 -0.158486 0.147874 1
