-0.335515 -0.3895 1.45686 0.824588 0.565657 0.00928369 0.178962 -0.245245 -0.9528 -0.536681 0.787329 -0.303457 104.434 10.3093 33.058 0.564776 0.770274 0.241673 -0.171172 0
-0.335981 -0.388488 1.45627 0.820937 0.569861 0.0363435 0.199471 -0.226555 -0.953354 -0.535045 0.789893 -0.299658 103.368 11.506 33.0943 0.56893 0.766021 0.251081 -0.162757 1
-0.336181 -0.391272 1.45564 0.822835 0.561284 0.0888996 0.272388 -0.25225 -0.928534 -0.498746 0.788245 -0.360447 105.198 15.8064 31.2214 0.550031 0.78031 0.267096 -0.131309 1
-0.336044 -0.391976 1.45569 0.821467 0.563634 0.086652 0.273425 -0.255956 -0.927214 -0.50043 0.785369 -0.364371 105.432 15.8682 31.3494 0.547983 0.781312 0.267838 -0.132398 1
-0.336029 -0.392365 1.4564 0.82274 0.563216 0.0767195 0.256775 -0.247847 -0.934151 -0.507114 0.788263 -0.348534 104.859 14.8788 31.6485 0.553705 0.777676 0.263603 -0.138359 1
-0.335637 -0.392065 1.45499 0.829559 0.554516 0.0659085 0.231267 -0.233728 -0.944398 -0.508279 0.798676 -0.322132 103.901 13.3717 31.4962 0.564291 0.77224 0.254384 -0.14321 1
-0.334818 -0.390484 1.45139 0.832408 0.550645 0.0623424 0.216754 -0.219983 -0.951118 -0.510014 0.805231 -0.30247 103.023 12.5184 31.4957 0.572266 0.767278 0.250039 -0.145863 1
-0.334345 -0.389285 1.44839 0.831728 0.552385 0.0556715 0.198762 -0.202639 -0.95887 -0.518384 0.808584 -0.278334 101.933 11.4646 31.9337 0.58111 0.760378 0.246965 -0.152132 1
-0.33198 -0.386881 1.43714 0.82635 0.562816 0.0195896 0.178787 -0.229199 -0.956819 -0.534023 0.79417 -0.290022 103.471 10.2991 32.8723 0.571649 0.765763 0.242112 -0.167948 1
-0.329999 -0.385078 1.42832 0.802832 0.596201 -0.00219691 0.179338 -0.245003 -0.952791 -0.568594 0.764538 -0.303618 104.421 10.3312 35.3075 0.559958 0.766722 0.252875 -0.186114 1
-0.329479 -0.383912 1.42616 0.790285 0.612703 -0.00672661 0.178935 -0.241267 -0.95382 -0.586031 0.752586 -0.300303 104.195 10.3077 36.5586 0.558729 0.763521 0.259206 -0.194087 1
-0.327808 -0.381429 1.4168 0.783373 0.621284 -0.0182286 0.180133 -0.255003 -0.950013 -0.594877 0.740931 -0.311676 105.025 10.3775 37.2123 0.551519 0.766494 0.261391 -0.199971 0
-0.324923 -0.378723 1.40872 0.759 0.650649 -0.023994 0.182928 -0.248469 -0.95121 -0.624865 0.717579 -0.30761 104.639 10.5404 39.4638 0.548389 0.760769 0.273926 -0.213225 1
-0.322334 -0.376736 1.40131 0.740521 0.670643 -0.0432171 0.175749 -0.255329 -0.950747 -0.648646 0.696452 -0.306941 105.032 10.1222 41.2162 0.542736 0.758747 0.278878 -0.227962 1
-0.321043 -0.374154 1.39275 0.710026 0.703069 -0.0394561 0.179213 -0.234605 -0.955428 -0.680988 0.671308 -0.292575 103.796 10.3239 43.8041 0.543794 0.747865 0.294934 -0.240834 1
-0.319549 -0.371404 1.3848 0.66471 0.746635 -0.0263943 0.185636 -0.199282 -0.962198 -0.723671 0.634683 -0.271067 101.701 10.6982 47.4317 0.546434 0.730592 0.319012 -0.256664 1
-0.318715 -0.369904 1.37999 0.647369 0.762077 -0.0123614 0.190894 -0.17782 -0.96537 -0.737884 0.622591 -0.260591 100.437 11.005 48.7385 0.549763 0.722111 0.329925 -0.25974 1
-0.316206 -0.368184 1.37341 0.586634 0.809849 -0.00215802 0.204866 -0.150977 -0.967076 -0.783511 0.566878 -0.254479 98.8732 11.8216 53.1769 0.54341 0.705707 0.359468 -0.278327 1
-0.314671 -0.367736 1.37151 0.516483 0.856255 -0.00848879 0.21052 -0.13658 -0.968002 -0.830016 0.49817 -0.2508 98.0311 12.1528 58.1078 0.531297 0.689903 0.386567 -0.303849 1
-0.314654 -0.367983 1.37107 0.483105 0.875549 -0.00491571 0.235324 -0.135249 -0.962461 -0.843346 0.463813 -0.271377 97.9991 13.6107 60.194 0.518768 0.687337 0.404049 -0.308532 0
-0.313727 -0.367871 1.37089 0.497231 0.867601 0.00553475 0.243735 -0.133559 -0.960602 -0.832679 0.47899 -0.277874 97.9155 14.1071 59.1567 0.521008 0.690772 0.402208 -0.299355 1
-0.312565 -0.366342 1.36635 0.52245 0.852668 -0.0020344 0.222023 -0.138342 -0.965177 -0.823257 0.503805 -0.261589 98.1568 12.8279 57.6002 0.529745 0.69325 0.387555 -0.297617 1
-0.311012 -0.364499 1.3603 0.547564 0.836751 -0.00458871 0.214508 -0.145669 -0.965799 -0.808802 0.527852 -0.259253 98.5771 12.3867 55.9018 0.534472 0.698657 0.376172 -0.291055 1
-0.309517 -0.363236 1.35428 0.539916 0.841715 -0.00260198 0.214757 -0.140743 -0.966473 -0.813861 0.521256 -0.256753 98.2855 12.4013 56.4397 0.53442 0.695955 0.379504 -0.293289 0
-0.30831 -0.36089 1.34804 0.536886 0.84363 -0.00645112 0.218941 -0.146711 -0.964645 -0.81475 0.516493 -0.263473 98.6477 12.6469 56.6168 0.530731 0.697687 0.380748 -0.294258 1
-0.307194 -0.357817 1.34175 0.602265 0.798202 -0.0122495 0.250987 -0.203898 -0.946272 -0.757814 0.566832 -0.323139 102.16 14.5359 51.5244 0.518466 0.729606 0.359505 -0.263863 1
-0.305335 -0.354913 1.33584 0.600636 0.799509 -0.00466119 0.258509 -0.199716 -0.945138 -0.756578 0.566479 -0.326637 101.932 14.9816 51.5544 0.518238 0.72921 0.362727 -0.260981 1
-0.304352 -0.35353 1.33158 0.615463 0.788164 0.001473 0.273447 -0.211776 -0.938284 -0.73921 0.577882 -0.345861 102.719 15.8695 50.2194 0.514253 0.737072 0.360077 -0.250226 1
-0.303834 -0.352706 1.32881 0.636754 0.771056 -0.00407799 0.264032 -0.223006 -0.938379 -0.724453 0.59644 -0.345583 103.368 15.3094 48.6863 0.51676 0.74252 0.348505 -0.24529 0
-0.30257 -0.350377 1.32313 0.690871 0.722977 -0.00073003 0.238843 -0.229189 -0.943624 -0.682386 0.651749 -0.331018 103.652 13.8182 44.646 0.531664 0.75018 0.32053 -0.227651 0
-0.300758 -0.348915 1.31506 0.752222 0.658842 -0.00943446 0.210365 -0.2537 -0.944131 -0.624427 0.708211 -0.329437 105.041 12.1438 39.6964 0.540621 0.764094 0.284392 -0.20739 1
-0.298889 -0.346561 1.30595 0.783024 0.621817 -0.0147038 0.184154 -0.254346 -0.949418 -0.594105 0.74071 -0.31367 104.997 10.6118 37.1887 0.551137 0.766655 0.262821 -0.198528 0
-0.295951 -0.343488 1.29304 0.782815 0.620936 -0.040482 0.168891 -0.274635 -0.9466 -0.598896 0.734176 -0.319859 106.179 9.72333 37.4179 0.545051 0.770926 0.256129 -0.207341 0
-0.289065 -0.336281 1.26558 0.839999 0.541397 0.0359218 0.258766 -0.341536 -0.903545 -0.476908 0.768272 -0.426985 110.706 14.9969 29.5857 0.517561 0.807546 0.247715 -0.136521 1
-0.283651 -0.333662 1.25816 0.849586 0.525351 0.0470067 0.283029 -0.378869 -0.881109 -0.445082 0.761882 -0.470571 113.267 16.4411 27.6492 0.500036 0.821436 0.246026 -0.121152 1
-0.286554 -0.337849 1.25076 0.85859 0.512237 0.0208675 0.26965 -0.416609 -0.868174 -0.436017 0.751033 -0.495821 115.635 15.6435 26.9228 0.486354 0.832319 0.234852 -0.124697 0
-0.284571 -0.337651 1.24351 0.841813 0.539075 0.0273697 0.297515 -0.421093 -0.856834 -0.450373 0.729437 -0.514865 116.172 17.3084 28.1469 0.475882 0.833332 0.250977 -0.126901 0
-0.284126 -0.335885 1.23984 0.845635 0.533169 0.0251203 0.286128 -0.41308 -0.864579 -0.45059 0.738306 -0.501869 115.538 16.6263 28.0506 0.482361 0.83075 0.246553 -0.128038 0
-0.283171 -0.334449 1.23468 0.853297 0.520122 0.0368333 0.2738 -0.386829 -0.880566 -0.443754 0.76147 -0.472489 113.716 15.8905 27.4765 0.498493 0.823501 0.24102 -0.123534 0
-0.282 -0.329928 1.22852 0.88629 0.461541 0.0383381 0.202556 -0.311858 -0.928286 -0.416486 0.830497 -0.369885 108.57 11.6865 25.1698 0.548759 0.801254 0.207205 -0.117986 0
-0.280662 -0.326916 1.22183 0.893592 0.448825 -0.00700874 0.130105 -0.273914 -0.952913 -0.429611 0.850604 -0.303162 106.037 7.47565 25.6768 0.573698 0.785918 0.184157 -0.138889 0
-0.276559 -0.324493 1.20429 0.889002 0.456244 -0.0389484 0.114572 -0.303983 -0.945763 -0.443339 0.836322 -0.322514 107.818 6.57894 26.5051 0.561806 0.793016 0.179951 -0.152042 0
-0.274358 -0.322608 1.19135 0.866445 0.497549 -0.0414355 0.166208 -0.365703 -0.915771 -0.470794 0.786579 -0.399558 111.769 9.56739 28.518 0.524687 0.811127 0.204579 -0.157876 0
-0.272293 -0.320999 1.18163 0.853775 0.519381 -0.0362263 0.190382 -0.376202 -0.906767 -0.484586 0.767278 -0.420073 112.533 10.9751 29.5784 0.514174 0.813949 0.218 -0.159965 0
-0.269013 -0.317557 1.16754 0.842294 0.538878 -0.0122861 0.213111 -0.353867 -0.910693 -0.4951 0.764453 -0.412901 111.235 12.3047 30.447 0.518538 0.80763 0.232777 -0.15706 0
-0.264857 -0.313028 1.1521 0.844366 0.535761 -0.00250073 0.209014 -0.333699 -0.919216 -0.493315 0.775632 -0.393745 109.952 12.0646 30.2953 0.528423 0.801843 0.232207 -0.154586 0
-0.260689 -0.308823 1.13648 0.833902 0.551802 -0.0110489 0.193779 -0.311474 -0.930287 -0.516775 0.773627