-0.336555 -0.388283 1.4599 0.822507 0.568622 0.0123137 0.185606 -0.247887 -0.950843 -0.537618 0.784361 -0.309428 104.612 10.6965 33.17 0.562404 0.771334 0.244456 -0.170258 0
-0.335753 -0.387766 1.46365 0.808079 0.588702 0.0209457 0.174124 -0.20474 -0.963204 -0.562752 0.781992 -0.267953 102 10.0277 34.8536 0.577794 0.755111 0.252554 -0.17938 0
-0.338257 -0.369404 1.46579 0.792586 0.609665 0.0108111 0.152164 -0.180588 -0.971717 -0.590469 0.771814 -0.235901 100.528 8.75238 36.6858 0.586536 0.743148 0.256285 -0.195001 0
-0.338103 -0.361772 1.46628 0.772454 0.634787 0.0189907 0.150638 -0.154093 -0.976506 -0.616946 0.757167 -0.214653 98.9674 8.66389 38.6138 0.592391 0.731642 0.268377 -0.20432 0
-0.338303 -0.362653 1.46828 0.748859 0.662585 0.0138383 0.152643 -0.152124 -0.976503 -0.644912 0.733375 -0.215058 98.8546 8.78012 40.7348 0.587724 0.727331 0.280212 -0.216914 0
-0.338428 -0.368306 1.47164 0.73864 0.673262 0.0335986 0.174591 -0.142927 -0.974212 -0.651098 0.725458 -0.223117 98.3464 10.0548 41.3956 0.585789 0.725377 0.292211 -0.21282 0
-0.33935 -0.370741 1.47365 0.730902 0.681787 0.0307968 0.17917 -0.148144 -0.9726 -0.658544 0.716393 -0.230435 98.6606 10.3214 42.0189 0.581447 0.726203 0.29639 -0.216106 0
-0.338817 -0.371424 1.47822 0.722952 0.690229 0.030398 0.186193 -0.152273 -0.970642 -0.665336 0.707387 -0.238602 98.9158 10.7307 42.6235 0.577078 0.72695 0.301404 -0.218357 0
-0.337149 -0.372455 1.48412 0.72941 0.68354 0.0270934 0.17993 -0.153492 -0.97163 -0.659989 0.713592 -0.234948 98.9771 10.3657 42.1396 0.579001 0.727642 0.296667 -0.217448 0
-0.336031 -0.374465 1.49325 0.72029 0.693174 0.0263008 0.172565 -0.142334 -0.97466 -0.671866 0.706577 -0.22214 98.3084 9.93698 43.0078 0.582198 0.721936 0.299798 -0.223553 0
-0.328186 -0.378136 1.50467 0.627079 0.77813 0.0358516 0.206348 -0.121558 -0.970899 -0.751127 0.616228 -0.236792 97.1364 11.9084 50.1432 0.563189 0.704526 0.34934 -0.253814 0
-0.327092 -0.379476 1.51017 0.598979 0.799817 0.0389464 0.211731 -0.111284 -0.970972 -0.772266 0.589838 -0.236003 96.5382 12.2238 52.2024 0.559395 0.697543 0.36254 -0.262822 0
-0.32758 -0.380091 1.51268 0.574178 0.817761 0.0398254 0.217518 -0.105471 -0.970341 -0.789307 0.565811 -0.238437 96.2034 12.5633 53.9661 0.554588 0.692475 0.373761 -0.270581 0
-0.328411 -0.381493 1.51639 0.56669 0.823303 0.0321561 0.212257 -0.108166 -0.971209 -0.796121 0.5572 -0.236049 96.355 12.2547 54.5562 0.552828 0.691177 0.374564 -0.276327 0
-0.332146 -0.385763 1.54225 0.527169 0.848896 0.0383271 0.24421 -0.108147 -0.963673 -0.813913 0.517378 -0.264321 96.4031 14.1352 57.069 0.537285 0.689136 0.396549 -0.281362 0
-0.339838 -0.375599 1.56345 0.467629 0.865651 0.178807 0.277939 0.0480269 -0.959397 -0.839091 0.498339 -0.21814 87.1342 16.1372 60.8689 0.569543 0.639871 0.446805 -0.257975 0
-0.343781 -0.36832 1.57706 0.418604 0.873211 0.249548 0.274054 0.140514 -0.951394 -0.865832 0.466647 -0.180487 81.5985 15.9056 64.1976 0.587076 0.603858 0.474973 -0.255145 0
-0.356497 -0.362313 1.59654 0.346711 0.905075 0.246231 0.255075 0.161642 -0.953315 -0.902623 0.393332 -0.174819 80.3766 14.778 68.9875 0.577394 0.583071 0.497431 -0.281437 0
-0.362696 -0.359852 1.61706 0.301104 0.924862 0.232307 0.216643 0.170896 -0.961176 -0.928656 0.339742 -0.148908 79.9182 12.512 72.0354 0.575129 0.56549 0.504653 -0.307852 0
-0.366279 -0.354512 1.63354 0.27239 0.936067 0.22267 0.19685 0.172311 -0.965173 -0.941835 0.306736 -0.137329 79.8777 11.3528 73.8695 0.571702 0.556194 0.509227 -0.323253 0
-0.35973 -0.346858 1.65142 0.241492 0.941824 0.233772 0.196201 0.188539 -0.962267 -0.950361 0.278247 -0.139256 78.9144 11.3149 75.7426 0.568062 0.545942 0.521129 -0.328143 0
-0.362368 -0.33978 1.66501 0.222466 0.947214 0.230854 0.201813 0.186919 -0.961422 -0.953824 0.260473 -0.149577 78.9979 11.643 76.8713 0.561206 0.544317 0.527738 -0.332054 0
-0.367922 -0.35681 1.67074 0.268779 0.961651 0.0546318 0.163219 0.0104262 -0.986535 -0.949272 0.274076 -0.154157 89.3945 9.39378 74.191 0.530341 0.594245 0.473235 -0.376377 0
-0.369807 -0.357766 1.6784 0.264357 0.963941 0.03053 0.165878 -0.0142613 -0.986043 -0.950053 0.265732 -0.163666 90.8286 9.54822 74.4505 0.52116 0.600476 0.470385 -0.382831 0
-0.371181 -0.359586 1.68558 0.273248 0.961737 0.0199493 0.178616 -0.0303487 -0.983451 -0.945215 0.27229 -0.180074 91.7676 10.2892 73.8762 0.515467 0.60903 0.468102 -0.379811 0
-0.372167 -0.36596 1.689 0.258803 0.965743 0.0190111 0.193988 -0.0326849 -0.980459 -0.94625 0.257434 -0.195802 91.9093 11.1856 74.7035 0.507523 0.609773 0.475477 -0.380158 0
-0.371468 -0.379147 1.68162 0.249714 0.967963 0.0262692 0.19815 -0.0245261 -0.979865 -0.947829 0.249891 -0.197926 91.4338 11.4288 75.2403 0.50677 0.606664 0.480543 -0.379765 0
-0.370876 -0.392074 1.67987 0.243448 0.969502 0.0282732 0.215477 -0.0256399 -0.976172 -0.945676 0.24374 -0.215147 91.5046 12.4435 75.5636 0.500665 0.609146 0.486328 -0.376512 0
-0.370272 -0.404459 1.67987 0.234017 0.971707 0.0319633 0.23351 -0.0242616 -0.972052 -0.943774 0.23494 -0.232581 91.4298 13.5038 76.0739 0.494261 0.610504 0.493534 -0.373385 0
-0.371239 -0.406842 1.68431 0.245008 0.969329 0.0193066 0.250987 -0.0441798 -0.966982 -0.93647 0.241764 -0.254114 92.6159 14.536 75.3384 0.486496 0.621148 0.491153 -0.36914 0
-0.373825 -0.417501 1.6949 0.177467 0.983984 0.0167711 0.2393 -0.0266164 -0.970581 -0.954589 0.176259 -0.240191 91.5708 13.8452 79.4684 0.477142 0.60089 0.508947 -0.390179 0
-0.374829 -0.422356 1.7005 0.149095 0.988573 0.0222217 0.239972 -0.0143729 -0.970673 -0.959262 0.150055 -0.239373 90.8483 13.8849 81.1654 0.473114 0.592208 0.518629 -0.395571 0
-0.37574 -0.424052 1.70531 0.131268 0.990853 0.0313042 0.234825 -0.000399807 -0.972038 -0.963133 0.134948 -0.23273 90.0236 13.5813 82.2388 0.473851 0.584037 0.524658 -0.398874 0
-0.376928 -0.425264 1.71082 0.0927415 0.994836 0.0412402 0.236475 0.0182265 -0.971466 -0.967201 0.0998476 -0.233564 88.9252 13.6786 84.5229 0.468349 0.571856 0.538296 -0.404805 0
-0.384017 -0.433342 1.74012 -0.00935318 0.999815 0.0167811 0.259579 0.0186342 -0.965542 -0.965676 -0.00467486 -0.259706 88.8944 15.0451 90.5549 0.43289 0.554914 0.567383 -0.427497 0
-0.396029 -0.414503 1.75136 0.020724 0.998687 0.046845 0.140817 0.0434723 -0.989081 -0.989819 0.0270943 -0.139732 87.4833 8.09515 88.8006 0.480745 0.528437 0.539092 -0.446114 0
-0.408926 -0.411932 1.76244 0.00716953 0.999435 0.0328511 0.122788 0.0317234 -0.991926 -0.992407 0.0111453 -0.122491 88.1682 7.05302 89.5861 0.478644 0.523912 0.535501 -0.45788 0
-0.426607 -0.407969 1.77397 -0.00197114 0.999697 0.0245433 0.123194 0.0245991 -0.992078 -0.992381 0.00106806 -0.123205 88.5796 7.07647 90.1138 0.47419 0.523602 0.536138 -0.462106 0
-0.44948 -0.40515 1.7804 -0.051502 0.997886 0.0396282 0.145796 0.0467686 -0.988209 -0.987973 -0.0451171 -0.147897 87.2904 8.3834 92.9841 0.460263 0.512256 0.558159 -0.462827 0
-0.467957 -0.403613 1.7785 -0.0987631 0.994861 0.0222818 0.197223 0.0415163 -0.979479 -0.975371 -0.0923419 -0.20031 87.5729 11.3746 95.7819 0.430826 0.514789 0.578919 -0.462854 0
-0.477084 -0.401687 1.77507 -0.154455 0.987895 0.0143821 0.244067 0.0522567 -0.968349 -0.957379 -0.146056 -0.249184 86.911 14.1267 99.1646 0.402684 0.510508 0.603302 -0.461794 0
-0.476446 -0.40398 1.77142 -0.180514 0.983376 0.0196377 0.251709 0.0654874 -0.965585 -0.950819 -0.169358 -0.259346 86.1201 14.5787 100.75 0.395483 0.503325 0.613463 -0.462515 0
-0.468584 -0.406236 1.7655 -0.182598 0.982964 0.0209793 0.24927 0.0669247 -0.966119 -0.951064 -0.171182 -0.257243 86.0374 14.4343 100.868 0.395943 0.501926 0.613752 -0.463257 0
-0.462134 -0.412446 1.76071 -0.180381 0.983526 0.0118383 0.274871 0.061961 -0.959483 -0.944409 -0.169819 -0.281519 86.3051 15.9543 100.813 0.387318 0.5097 0.617224 -0.457411 0
-0.461247 -0.414436 1.76078 -0.166225 0.985809 0.0234586 0.311309 0.0750355 -0.947342 -0.935658 -0.150169 -0.319364 85.4713 18.1381 100.074 0.383877 0.519159 0.624625 -0.439268 0
-0.463372 -0.415152 1.7619 -0.151752 0.987282 0.0473831 0.328109 0.0955367 -0.939796 -0.932371 -0.12707 -0.338434 84.1954 19.154 99.2444 0.389021 0.522289 0.629627 -0.42361 0
-0.457351 -0.41575 1.76339 -0.0955671 0.995332 0.0134828 0.353044 0.0465557 -0.934448 -0.930713 -0.0845424 -0.355845 87.1478 20.6736 95.8627 0.385728 0.550845 0.611957 -0.416283 0
-0.461819 -0.416616 1.76 -0.140829 0.988362 0.0575186 0.285948 0.0962281 -0.953401 -0.94784 -0.11782 -0.296172 84.2366 16.6155 98.4511 0.405964 0.514566 0.619118 -0.432559 0
-0.461462 -0.415184 1.76046 -0.196138 0.977671 0.0754279 0.251289 0.124468 -0.959876 -0.947831 -0.169314 -0.27009 82.6116 14.5538 101.691 0.40566 0.487208 0.630614 -0.447655 0
-0.459561 -0.41237 1.76073 -0.0504673 0.998364 -0.0268602 0.324074 -0.00906912 -0.945988 -0.944685 -0.0564462 -0.323086 90.5493 18.9095 93.058 0.392867 0.566058 0.584056 -0.429083 0
-0.463188 -0.414844 1.76056 0.109608 0.992135 0.0604508 0.317674 0.0226617 -0.947929 -0.941844 0.123104 -0.312691 88.6305 18.5223 83.362 0.452653 0.591531 0.553567 -0.372505 0
-0.458511 -0.414323 1.76167 0.0211771 0.999533 -0.0220287 0.327144 -0.0277485 -0.944567 -0.944737 0.0127966 -0.327579 91.6827 19.0955 88.7159 0.407998 0.586623 0.565388 -0.412005 0
-0.458725 -0.414871 1.7609 -0.0107773 0.99983 -0.0149304 0.356478 -0.0101085 -0.934249 -0.934241 -0.015391 -0.356309 90.6199 20.8841 90.6609 0.39459 0.58216 0.582447 -0.407608 0
-0.457377 -0.415453 1.76245 0.00611264 0.999075 -0.0425697 0.366507 -0.0418464 -0.929474 -0.930395 -0.00992054 -0.366424 92.5778 21.5003 89.6236 0.386601 0.594639 0.574122 -0.409057 0
-0.458851 -0.414755 1.76144 -0.115438 0.992841 -0.0306576 0.368576 0.0141532 -0.92949 -0.922402 -0.118598 -0.367572 89.1276 21.6278 97.1335 0.364398 0.556323 0.611793 -0.428285 0
-0.457926 -0.41509 1.76289 -0.0902086 0.995921 -0.00208209 0.355286 0.0302279 -0.934269 -0.930395 -0.0850188 -0.356564 88.1469 20.811 95.5379 0.381921 0.555906 0.607659 -0.41935 0
-0.459154 -0.413984 1.76216 -0.0907751 0.995681 -0.0194937 0.336374 0.012231 -0.941649 -0.937343 -0.0920355 -0.336032 89.2558 19.6561 95.5314 0.382565 0.555208 0.5998 -0.430846 0
-0.457384 -0.414161 1.76168 -0.187396 0.980735 -0.0551489 0.331143 0.0102173 -0.943525 -0.924785 -0.195075 -0.326678 89.3796 19.3382 101.455 0.352187 0.531287 0.617311 -0.461113 0
-0.458126 -0.415073 1.75973 -0.189869 0.981801 -0.00411004 0.350746 0.0639192 -0.934287 -0.917021 -0.178834 -0.356499 86.0862 20.5329 101.698 0.359705 0.52505 0.634485 -0.438592 0
-0.458387 -0.415477 1.76106 -0.0246732 0.999656 -0.00886045 0.345171 0.000200655 -0.93854 -0.938215 -0.0262151 -0.345057 89.9878 20.1922 91.5064 0.397011 0.574496 0.58522 -0.412133 1
-0.458447 -0.414705 1.76085 0.0308475 0.999121 -0.0283968 0.360843 -0.0376262 -0.931867 -0.932116 0.018499 -0.361686 92.3122 21.152 88.1045 0.397346 0.597946 0.568598 -0.401588 1
-0.458392 -0.416421 1.75976 0.0237558 0.999146 -0.0338142 0.361441 -0.0401195 -0.931532 -0.932092 0.00990742 -0.362085 92.4661 21.1887 88.54 0.394193 0.597068 0.569695 -0.404438 1
-0.459463 -0.415025 1.76008 -0.016355 0.999654 -0.0205945 0.376609 -0.0129214 -0.926282 -0.926228 -0.0229055 -0.376267 90.7992 22.1238 91.0116 0.385505 0.58584 0.587303 -0.404045 1
-0.459415 -0.414231 1.7603 0.0936897 0.995366 -0.0216713 0.341992 -0.0526176 -0.938229 -0.935021 0.080491 -0.345336 93.2099 19.9983 84.278 0.417054 0.610664 0.547501 -0.39166 1
-0.45952 -0.414525 1.76027 0.128603 0.991445 -0.0223031 0.340077 -0.0652163 -0.938133 -0.931562 0.113062 -0.345555 93.9766 19.8816 82.1399 0.423625 0.620358 0.536595 -0.384401 1
-0.458846 -0.414851 1.76014 0.170214 0.98526 -0.0170039 0.346339 -0.0759708 -0.935028 -0.922538 0.153266 -0.354166 94.6451 20.2636 79.5461 0.430139 0.632525 0.526303 -0.371346 1
-0.459481 -0.414916 1.76139 0.170468 0.985039 -0.0252648 0.364186 -0.086808 -0.927272 -0.915592 0.148869 -0.373536 95.3482 21.3575 79.4532 0.421344 0.638516 0.528266 -0.368376 1
-0.458723 -0.414935 1.76182 0.158331 0.986374 -0.044689 0.346117 -0.0978323 -0.933076 -0.924735 0.132267 -0.356891 95.9855 20.25 80.2842 0.419407 0.63503 0.524578 -0.381645 1
-0.459374 -0.414814 1.75953 0.170995 0.984914 -0.0265573 0.330871 -0.082791 -0.940037 -0.928055 0.151954 -0.340036 95.0332 19.3216 79.5603 0.432483 0.631233 0.521117 -0.378074 1
-0.459486 -0.414637 1.75963 0.177477 0.983966 -0.0176659 0.336155 -0.0774836 -0.938614 -0.924933 0.160644 -0.344517 94.7191 19.6428 79.1381 0.434591 0.632352 0.521909 -0.372656 1
-0.458842 -0.413685 1.75893 0.183881 0.982716 -0.0213876 0.31952 -0.0803359 -0.944168 -0.929567 0.166781 -0.32877 94.8634 18.6339 78.8105 0.440107 0.631068 0.515886 -0.376724 1
-0.459349 -0.413439 1.75985 0.199725 0.979633 -0.0207122 0.321981 -0.0855796 -0.94287 -0.925439 0.181646 -0.332516 95.1862 18.7828 77.8214 0.442049 0.635968 0.511667 -0.371934 1
-0.459518 -0.4137 1.75856 0.226766 0.973845 -0.0142244 0.333072 -0.0912656 -0.938474 -0.915227 0.208076 -0.345056 95.5545 19.4553 76.0841 0.444535 0.644804 0.506711 -0.360362 1
-0.45853 -0.414457 1.75953 0.237881 0.97118 -0.0148704 0.350357 -0.100075 -0.931255 -0.905904 0.216318 -0.364065 96.1336 20.5091 75.2869 0.439812 0.652308 0.506485 -0.352891 1
-0.460116 -0.413967 1.75785 0.253927 0.967192 0.00775398 0.339057 -0.0815024 -0.937229 -0.905848 0.240617 -0.348629 94.97 19.8194 74.3408 0.453816 0.648856 0.503289 -0.34603 1
-0.461028 -0.41436 1.75875 0.261061 0.965029 0.0237894 0.338678 -0.0684866 -0.938406 -0.90396 0.253038 -0.344714 94.1741 19.7964 73.8914 0.460397 0.646966 0.503777 -0.340115 1
-0.461358 -0.413756 1.75856 0.268349 0.962894 0.0286944 0.340112 -0.0668331 -0.938007 -0.901284 0.261472 -0.345427 94.0754 19.8837 73.4196 0.462625 0.648192 0.502555 -0.336548 1
-0.460433 -0.414156 1.75889 0.330614 0.943543 0.0205121 0.339383 -0.0985821 -0.935468 -0.880632 0.31624 -0.352816 96.0158 19.8393 69.4225 0.468833 0.66746 0.480526 -0.322162 1
-0.459587 -0.414189 1.75871 0.34537 0.938447 -0.006034 0.325341 -0.125759 -0.937197 -0.880269 0.321716 -0.348748 97.6426 18.9862 68.5777 0.4666 0.674514 0.468407 -0.328497 1
-0.459891 -0.413993 1.7585 0.363437 0.931605 0.00503567 0.317328 -0.11871 -0.940857 -0.875909 0.34354 -0.338768 97.1911 18.5014 67.4652 0.47591 0.674706 0.462769 -0.322686 1
-0.459476 -0.413593 1.75865 0.413037 0.910507 -0.0194482 0.297905 -0.155258 -0.941885 -0.860612 0.383239 -0.335372 99.3603 17.3318 64.3621 0.48021 0.689867 0.437915 -0.318924 1
-0.457777 -0.414067 1.7593 0.427069 0.903311 -0.0405156 0.295393 -0.181725 -0.937933 -0.854608 0.388594 -0.344441 100.965 17.1811 63.4475 0.47458 0.698791 0.428849 -0.32024 1
-0.458439 -0.413751 1.7562 0.490862 0.871126 -0.0139418 0.297788 -0.182793 -0.936968 -0.818766 0.45577 -0.349137 101.039 17.3248 59.0567 0.489625 0.711124 0.410939 -0.292743 1
-0.4593 -0.413202 1.75499 0.514729 0.857351 0.00163154 0.303853 -0.180645 -0.935436 -0.801702 0.481992 -0.353492 100.93 17.6892 57.2977 0.495124 0.715693 0.405622 -0.279474 1
-0.460918 -0.413759 1.7555 0.533697 0.845059 0.0323005 0.3084 -0.158922 -0.937888 -0.787437 0.51051 -0.345432 99.6172 17.9628 55.8719 0.507283 0.713802 0.403984 -0.264477 1
-0.461328 -0.413361 1.7557 0.544579 0.8374 0.0468412 0.30566 -0.146149 -0.940857 -0.781029 0.526689 -0.335549 98.8295 17.7978 55.1135 0.515481 0.711737 0.401504 -0.257886 1
-0.460131 -0.413605 1.75586 0.540366 0.841405 0.00647762 0.286371 -0.176663 -0.941691 -0.791199 0.510713 -0.336417 100.625 16.6408 55.6681 0.506776 0.716492 0.393506 -0.273807 1
-0.463719 -0.412898 1.75504 0.614201 0.783752 0.0921402 0.3121 -0.134008 -0.940551 -0.724811 0.606444 -0.326917 98.1088 18.1858 49.7223 0.536953 0.720265 0.380364 -0.219597 1
-0.462305 -0.413937 1.75578 0.539853 0.83994 0.055323 0.306654 -0.135037 -0.942193 -0.783915 0.525611 -0.330471 98.1562 17.8577 55.4463 0.518253 0.708054 0.40484 -0.257252 1
-0.459183 -0.413739 1.7576 0.497112 0.867475 -0.0191726 0.29848 -0.19171 -0.934964 -0.814733 0.459059 -0.354225 101.588 17.3663 58.6104 0.487641 0.714676 0.407861 -0.291708 1
-0.459216 -0.413765 1.75584 0.471974 0.881325 -0.022495 0.299754 -0.184417 -0.936022 -0.829089 0.435035 -0.351221 101.146 17.4428 60.3485 0.483822 0.708451 0.416782 -0.300509 1
-0.461277 -0.413574 1.75522 0.421854 0.906481 0.0181731 0.326258 -0.13307 -0.935868 -0.845928 0.400729 -0.351883 98.0926 19.0418 63.4951 0.483968 0.690436 0.446363 -0.299722 1
-0.462374 -0.413096 1.75462 0.355544 0.931949 0.0711273 0.35739 -0.0652397 -0.931674 -0.863633 0.356671 -0.356265 94.0056 20.94 67.6238 0.483229 0.66653 0.483601 -0.297251 1
-0.462445 -0.413472 1.75533 0.289765 0.953849 0.0787996 0.34988 -0.0289343 -0.936348 -0.890854 0.298891 -0.342116 91.7699 20.4799 71.982 0.479248 0.644363 0.50582 -0.315061 1
-0.462468 -0.413826 1.75567 0.238188 0.969132 0.0636316 0.351976 -0.0250721 -0.935673 -0.905196 0.245263 -0.347083 91.5349 20.6082 75.2577 0.465304 0.634497 0.520534 -0.331587 1
-0.461358 -0.413633 1.75574 0.170491 0.984738 0.034995 0.352217 -0.027735 -0.935508 -0.920259 0.171822 -0.351569 91.6982 20.6229 79.5041 0.444743 0.622454 0.536969 -0.355554 1
-0.46155 -0.413966 1.75706 0.138546 0.989967 0.0277631 0.346207 -0.0221489 -0.937897 -0.927872 0.139554 -0.345802 91.3528 20.2555 81.5076 0.438918 0.613697 0.544313 -0.366675 1
-0.46256 -0.41349 1.75667 0.128098 0.990801 0.0436331 0.326597 -0.000601482 -0.945163 -0.936443 0.135324 -0.32367 90.0365 19.0624 82.2108 0.448282 0.602571 0.546574 -0.370417 1
-0.46309 -0.413507 1.75665 0.166676 0.984562 0.0534542 0.300556 0.000901049 -0.953764 -0.939087 0.175036 -0.295766 89.9459 17.491 79.9355 0.466854 0.604471 0.531505 -0.366284 1
-0.462608 -0.412572 1.75558 0.102015 0.993205 0.0560047 0.334532 0.0187677 -0.942197 -0.936846 0.114854 -0.330345 88.8589 19.5441 83.7854 0.444533 0.594473 0.558368 -0.37043 1
-0.463134 -0.412807 1.75602 0.0520138 0.996078 0.071572 0.339854 0.0497357 -0.939162 -0.939039 0.0731735 -0.335934 86.9686 19.868 86.8296 0.437554 0.578406 0.57742 -0.374939 1
-0.46262 -0.412769 1.75454 0.0523386 0.995606 0.0776485 0.326541 0.0564184 -0.943498 -0.943733 0.0747367 -0.322153 86.578 19.059 86.8257 0.443453 0.574037 0.575811 -0.37719 1
-0.462659 -0.413248 1.75558 0.0584417 0.995862 0.0695994 0.334044 0.0461917 -0.941425 -0.940744 0.0782677 -0.329962 87.191 19.5144 86.4452 0.440077 0.579269 0.573958 -0.375967 1
-0.462641 -0.413713 1.75455 0.0451334 0.996901 0.0644383 0.33506 0.0456613 -0.94109 -0.941115 0.0640652 -0.33196 87.2222 19.5762 87.2544 0.435555 0.576939 0.577167 -0.379883 1
-0.462015 -0.413033 1.75357 0.0287792 0.998064 0.055138 0.316115 0.0432424 -0.947735 -0.948284 0.044705 -0.314259 87.3876 18.4282 88.2617 0.435248 0.570043 0.576351 -0.391701 1
-0.462646 -0.412921 1.75384 -0.0163485 0.997577 0.0676168 0.319722 0.069291 -0.944974 -0.94737 0.00616963 -0.32008 85.8062 18.6461 90.9886 0.428037 0.555527 0.592815 -0.395909 1
-0.462057 -0.413185 1.75387 -0.0375491 0.997271 0.0635666 0.325504 0.0723484 -0.942769 -0.944795 -0.014709 -0.327332 85.6117 18.9961 92.2759 0.420555 0.551687 0.599423 -0.399333 1
-0.461724 -0.413067 1.7536 -0.00867224 0.997983 0.0628927 0.334733 0.0621638 -0.94026 -0.942273 0.0128981 -0.334597 86.2175 19.5563 90.5273 0.423938 0.562086 0.592755 -0.391124 1
-0.461923 -0.41333 1.75566 -0.00315298 0.998801 0.0488555 0.338586 0.0470363 -0.939759 -0.94093 0.0135787 -0.338328 87.1347 19.7908 90.192 0.419987 0.567481 0.589177 -0.392998 1
-0.460907 -0.413026 1.75437 -0.0425224 0.998469 0.0353638 0.339025 0.0477158 -0.939566 -0.939816 -0.0279634 -0.340535 87.0927 19.8175 92.5906 0.407633 0.559083 0.598075 -0.404435 1
-0.461761 -0.41367 1.75424 -0.0591958 0.997303 0.0433979 0.329585 0.0605621 -0.942182 -0.942268 -0.0414699 -0.332281 86.3222 19.2436 93.5947 0.408988 0.550573 0.602503 -0.408152 1
-0.462574 -0.412851 1.75449 -0.0855068 0.994605 0.0587362 0.307211 0.082399 -0.948068 -0.947792 -0.0630218 -0.312599 85.0328 17.8912 95.1551 0.41361 0.534952 0.60838 -0.415484 1
-0.462676 -0.412486 1.75388 -0.154114 0.985422 0.0720633 0.301071 0.116302 -0.946483 -0.941066 -0.12417 -0.314606 82.9947 17.522 99.3005 0.402362 0.510928 0.629488 -0.425208 1
-0.463563 -0.412682 1.75512 -0.199003 0.976205 0.0861507 0.28401 0.141585 -0.94831 -0.937942 -0.164249 -0.305428 81.5083 16.4997 101.979 0.39911 0.491131 0.641486 -0.433586 1
-0.462076 -0.413743 1.75459 -0.226033 0.971873 0.0661161 0.298869 0.133788 -0.944869 -0.927139 -0.193811 -0.320703 81.9408 17.3897 103.701 0.383097 0.490123 0.648175 -0.439187 1
-0.462038 -0.413142 1.75404 -0.239684 0.969354 0.0538856 0.304911 0.127855 -0.94376 -0.921727 -0.209773 -0.326212 82.2848 17.7528 104.576 0.37482 0.489559 0.650721 -0.443175 1
-0.46238 -0.413454 1.75339 -0.250941 0.966377 0.0560649 0.290587 0.130451 -0.947915 -0.923357 -0.221579 -0.313552 82.1642 16.8931 105.204 0.376151 0.482742 0.65095 -0.449149 1
-0.462441 -0.412578 1.75352 -0.274137 0.959931 0.0581433 0.282534 0.138182 -0.949253 -0.919252 -0.243798 -0.309094 81.7177 16.4115 106.605 0.372475 0.473491 0.656013 -0.454659 1
-0.460784 -0.413013 1.75485 -0.297422 0.954134 0.0342004 0.307171 0.129545 -0.942796 -0.903984 -0.269902 -0.331612 82.1763 17.8888 108.212 0.353734 0.475564 0.663057 -0.457238 1
-0.461745 -0.412711 1.75428 -0.31099 0.94937 0.0445272 0.294397 0.140771 -0.945259 -0.903668 -0.280858 -0.32327 81.5296 17.1214 108.99 0.355848 0.466773 0.666152 -0.460149 1
-0.462648 -0.413733 1.75562 -0.296214 0.953999 0.0463017 0.292733 0.136823 -0.946355 -0.909156 -0.266769 -0.319796 81.7732 17.0216 108.046 0.360837 0.470839 0.661973 -0.458147 1
-0.462969 -0.413093 1.75347 -0.232637 0.969342 0.0790947 0.280017 0.144641 -0.949036 -0.931381 -0.198633 -0.305081 81.3344 16.2612 104.024 0.389526 0.481613 0.648529 -0.442413 1
-0.462284 -0.412656 1.75419 -0.22207 0.973063 0.0619217 0.25774 0.119832 -0.958755 -0.940348 -0.196951 -0.277408 82.8757 14.936 103.287 0.393813 0.483608 0.636261 -0.454101 1
-0.462452 -0.412582 1.75376 -0.21319 0.975112 0.0608772 0.259426 0.116572 -0.958702 -0.941938 -0.188593 -0.277822 83.0673 15.036 102.753 0.395462 0.486842 0.633953 -0.452437 1
-0.461219 -0.410521 1.75126 -0.175918 0.982317 0.0640874 0.263287 0.109682 -0.958462 -0.948543 -0.151737 -0.277926 83.4718 15.2652 100.507 0.404919 0.498078 0.625205 -0.443934 1
-0.461075 -0.412247 1.752 -0.197071 0.978296 0.064028 0.292955 0.121087 -0.948428 -0.935596 -0.16815 -0.31046 82.7243 17.035 101.895 0.391649 0.498072 0.638087 -0.437471 1
-0.461341 -0.411938 1.75139 -0.18334 0.980774 0.0668438 0.297156 0.120107 -0.947245 -0.937062 -0.153804 -0.313464 82.7737 17.2869 101.07 0.394748 0.502498 0.635789 -0.432946 0
-0.461152 -0.410612 1.75164 -0.096783 0.992177 0.0788502 0.292145 0.104051 -0.950697 -0.951464 -0.0689756 -0.29993 83.754 16.9864 95.8082 0.420517 0.524189 0.612528 -0.416174 0
-0.462366 -0.407151 1.75159 -0.0577417 0.990952 0.121163 0.235938 0.131473 -0.962833 -0.970051 -0.0270087 -0.241395 82.2245 13.6469 93.4065 0.456162 0.512879 0.59804 -0.413786 0
-0.462626 -0.407817 1.75151 -0.121301 0.986125 0.113329 0.234256 0.139387 -0.962131 -0.964578 -0.0901591 -0.247913 81.7567 13.5478 97.1676 0.438798 0.496796 0.614126 -0.428369 0
-0.462668 -0.408534 1.75384 -0.156789 0.978939 0.130747 0.228842 0.164791 -0.959414 -0.960754 -0.120505 -0.24986 80.2539 13.2289 99.2686 0.435357 0.481736 0.626785 -0.430737 0
-0.462044 -0.409727 1.75417 -0.179672 0.971179 0.156619 0.274776 0.202419 -0.93996 -0.944572 -0.12585 -0.303225 77.847 15.9486 100.77 0.424123 0.479879 0.649099 -0.410496 0
-0.461209 -0.409402 1.75271 -0.201777 0.96477 0.168833 0.26617 0.219905 -0.938507 -0.942571 -0.144431 -0.301164 76.8127 15.4365 102.083 0.423368 0.468904 0.656286 -0.412525 0
-0.461187 -0.40925 1.75256 -0.229955 0.959408 0.163269 0.256315 0.221548 -0.940861 -0.938841 -0.174508 -0.296857 76.7497 14.8515 103.763 0.416754 0.459716 0.661128 -0.421767 0
-0.460502 -0.409272 1.75425 -0.257726 0.954196 0.151943 0.24907 0.21755 -0.943735 -0.933564 -0.205381 -0.29373 77.0189 14.4225 105.433 0.408073 0.452342 0.66502 -0.431985 1
-0.465548 -0.411366 1.75253 -0.245795 0.960241 0.132369 0.241095 0.19283 -0.951152 -0.93886 -0.201874 -0.278906 78.5396 13.9512 104.671 0.408696 0.458335 0.655273 -0.439903 1
-0.463016 -0.405821 1.75194 -0.277474 0.955989 0.0953604 0.195196 0.153285 -0.968712 -0.940695 -0.250178 -0.229138 81.0083 11.2562 106.434 0.40208 0.44676 0.644185 -0.473036 1
-0.462982 -0.405429 1.75277 -0.275061 0.956753 0.0946879 0.175552 0.146812 -0.973462 -0.945263 -0.251139 -0.208342 81.4236 10.1108 106.224 0.407249 0.443415 0.638399 -0.479559 1
-0.462369 -0.407405 1.7522 -0.264427 0.956934 0.119814 0.21264 0.17903 -0.960589 -0.940671 -0.228529 -0.250823 79.4426 12.2771 105.701 0.407363 0.449268 0.650823 -0.456775 1
-0.461439 -0.40857 1.75258 -0.264131 0.956401