-0.336798 -0.387228 1.45637 0.815305 0.579003 0.00581537 0.186545 -0.253143 -0.949273 -0.54816 0.775032 -0.314399 104.932 10.7512 33.9144 0.558516 0.771824 0.247967 -0.17567 0
-0.336746 -0.386913 1.4582 0.810299 0.585392 0.0270426 0.18745 -0.215193 -0.958413 -0.555227 0.78167 -0.284102 102.655 10.804 34.4194 0.572495 0.759868 0.254268 -0.173775 0
-0.337535 -0.387136 1.46368 0.80944 0.58635 0.0316416 0.178175 -0.193907 -0.964704 -0.559519 0.786507 -0.261429 101.365 10.2635 34.6539 0.58183 0.752459 0.254009 -0.175384 0
-0.341199 -0.371004 1.47386 0.843685 0.535699 0.0349684 0.174615 -0.212244 -0.96149 -0.507647 0.8173 -0.272608 102.448 10.0563 31.0354 0.582845 0.762977 0.232744 -0.15488 0
-0.341764 -0.362565 1.48046 0.852661 0.520687 0.0430689 0.172414 -0.202605 -0.963963 -0.493197 0.829359 -0.262527 101.87 9.92819 30.046 0.588967 0.761215 0.22763 -0.147832 0
-0.341045 -0.356038 1.48771 0.860352 0.508021 0.0413433 0.159095 -0.190599 -0.96869 -0.484235 0.839992 -0.244806 101.131 9.15434 29.3723 0.596856 0.757588 0.220145 -0.146152 0
-0.335372 -0.352045 1.49781 0.866782 0.497192 0.0385862 0.143473 -0.174522 -0.974145 -0.477603 0.849907 -0.222606 100.157 8.24885 28.8551 0.606146 0.752315 0.212898 -0.145889 0
-0.320305 -0.340515 1.50891 0.870676 0.491029 0.0285357 0.12278 -0.160798 -0.979321 -0.476286 0.856174 -0.200292 99.3244 7.0526 28.68 0.614326 0.746955 0.205437 -0.149859 0
-0.311245 -0.332816 1.51732 0.867774 0.496358 0.0244585 0.119495 -0.160632 -0.979754 -0.48238 0.853127 -0.198705 99.3109 6.86295 29.0689 0.614092 0.746175 0.206336 -0.153423 0
-0.327309 -0.348213 1.51399 0.896604 0.438996 0.0581661 0.132107 -0.139791 -0.981329 -0.422669 0.887548 -0.183331 98.1073 7.59136 25.2397 0.627193 0.744937 0.191662 -0.122327 0
-0.336569 -0.357834 1.53259 0.900615 0.427943 0.0758798 0.156854 -0.157218 -0.975028 -0.405326 0.890027 -0.208718 99.1598 9.02435 24.2304 0.619411 0.752753 0.194219 -0.109414 0
-0.338941 -0.359685 1.54252 0.893548 0.442009 0.0787366 0.168044 -0.166638 -0.971593 -0.416332 0.881397 -0.223176 99.7321 9.67411 24.9823 0.613134 0.75554 0.20186 -0.111707 0
-0.338388 -0.355115 1.56038 0.848891 0.528421 0.0124295 0.139169 -0.200762 -0.969704 -0.509917 0.824903 -0.243965 101.697 7.99978 30.9926 0.592487 0.757235 0.220404 -0.164245 0
-0.336754 -0.359518 1.57638 0.837503 0.546363 0.00874151 0.143107 -0.203869 -0.968482 -0.527361 0.812358 -0.24893 101.887 8.22768 32.1979 0.588367 0.756687 0.227792 -0.171345 0
-0.338224 -0.360434 1.58379 0.84105 0.540231 0.028021 0.143642 -0.173087 -0.974376 -0.521538 0.823524 -0.223174 100.073 8.25862 31.8032 0.600997 0.747882 0.228603 -0.164972 0
-0.341065 -0.362879 1.59679 0.831791 0.553693 0.039336 0.145096 -0.148476 -0.978214 -0.53579 0.819377 -0.20384 98.6307 8.34282 32.7872 0.608168 0.738936 0.236417 -0.167962 0
-0.343302 -0.364874 1.60616 0.821563 0.569328 0.0300009 0.135079 -0.143261 -0.980423 -0.553885 0.809532 -0.194602 98.3133 7.76321 33.9872 0.609036 0.734749 0.239676 -0.178253 0
-0.34539 -0.367672 1.61758 0.79383 0.607577 0.0261551 0.143173 -0.144918 -0.97903 -0.591046 0.780928 -0.202029 98.4199 8.23152 36.6696 0.601432 0.73157 0.256555 -0.193041 0
-0.347011 -0.369494 1.62536 0.774248 0.632294 0.0272854 0.149055 -0.140279 -0.978828 -0.61508 0.761922 -0.202858 98.1557 8.57217 38.4644 0.598145 0.727562 0.268482 -0.201974 0
-0.348801 -0.371413 1.63441 0.754831 0.655167 0.031398 0.159648 -0.137083 -0.97761 -0.636194 0.742943 -0.20807 97.9821 9.18645 40.1252 0.593649 0.724566 0.281139 -0.208675 0
-0.350598 -0.37362 1.64246 0.741252 0.670344 0.0344294 0.166622 -0.134075 -0.976863 -0.650218 0.729838 -0.211077 97.815 9.59147 41.2569 0.590783 0.722219 0.28972 -0.213158 0
-0.352491 -0.376209 1.65277 0.72005 0.693125 0.0332555 0.172767 -0.132651 -0.975989 -0.672071 0.708506 -0.215264 97.7399 9.94873 43.0261 0.585691 0.719021 0.301066 -0.222113 0
-0.359234 -0.389225 1.68567 0.699767 0.71425 0.0131521 0.149853 -0.128763 -0.980288 -0.698477 0.687944 -0.197137 97.4831 8.61841 44.9472 0.58606 0.71163 0.303565 -0.240759 0
-0.363685 -0.398802 1.7046 0.693905 0.720004 -0.00946678 0.122805 -0.131288 -0.983708 -0.709517 0.681438 -0.179522 97.6019 7.05403 45.6373 0.588025 0.70794 0.297627 -0.2539 0
-0.366237 -0.402486 1.71423 0.700875 0.713278 -0.00302761 0.128313 -0.130255 -0.983143 -0.701648 0.688672 -0.182816 97.5471 7.37213 45.0316 0.589026 0.709568 0.296515 -0.248276 0
-0.37018 -0.404862 1.72185 0.708605 0.705453 0.0146477 0.145776 -0.126053 -0.981254 -0.690382 0.697457 -0.19216 97.3202 8.38223 44.2537 0.589574 0.711832 0.298957 -0.237322 0
-0.360686 -0.406744 1.73893 0.782685 0.605953 0.142211 0.216146 -0.0503495 -0.975062 -0.583682 0.793905 -0.170382 92.956 12.4828 36.7135 0.624891 0.707711 0.290408 -0.15595 0
-0.384349 -0.413001 1.76521 0.631367 0.774947 -0.0288644 0.095681 -0.114782 -0.988772 -0.769559 0.621516 -0.146617 96.6216 5.49052 50.6336 0.585228 0.687889 0.316413 -0.290172 0
-0.389728 -0.412945 1.78078 0.609126 0.790306 -0.0661961 0.0712724 -0.13768 -0.987909 -0.789864 0.597043 -0.140192 97.934 4.08707 52.3614 0.5769 0.68684 0.313602 -0.311594 0
-0.401433 -0.414216 1.794 0.595883 0.791504 -0.135812 0.0272987 -0.188982 -0.981601 -0.802607 0.581212 -0.134218 100.898 1.5643 53.4086 0.564066 0.692655 0.295531 -0.338704 0
-0.416685 -0.413705 1.80312 0.597152 0.777245 -0.198243 -0.00920631 -0.240489 -0.970608 -0.802075 0.581426 -0.136453 103.916 -0.52749 53.332 0.552316 0.702512 0.273319 -0.355979 0
-0.434183 -0.41302 1.80592 0.611906 0.77521 -0.156911 0.0410298 -0.229233 -0.972506 -0.789866 0.588644 -0.172076 103.263 2.35149 52.2352 0.550136 0.709439 0.287636 -0.333636 0
-0.447441 -0.408899 1.80397 0.623919 0.767152 -0.149006 0.0484264 -0.228256 -0.972396 -0.779987 0.59948 -0.179564 103.21 2.77572 51.3434 0.551384 0.712695 0.28609 -0.325873 0
-0.451776 -0.40891 1.80107 0.63512 0.761966 -0.126608 0.0899462 -0.235756 -0.967641 -0.767159 0.60318 -0.218269 103.693 5.16051 50.3791 0.543391 0.722694 0.2947 -0.309179 0
-0.451061 -0.408581 1.79691 0.636609 0.766936 -0.0808619 0.133647 -0.212984 -0.967872 -0.759518 0.605349 -0.238086 102.41 7.68041 50.0311 0.544412 0.72244 0.311646 -0.290813 0
-0.452045 -0.411052 1.79636 0.610777 0.791789 0.00479328 0.174756 -0.128896 -0.976138 -0.772277 0.59704 -0.217096 97.5222 10.0645 51.6603 0.562313 0.699423 0.345479 -0.274328 0
-0.45192 -0.41103 1.79544 0.599849 0.799516 0.0309243 0.21424 -0.123258 -0.968973 -0.770897 0.587863 -0.245224 97.2494 12.3709 52.1129 0.554835 0.701486 0.361288 -0.263716 0
-0.451692 -0.410056 1.79528 0.564647 0.824999 0.02345 0.188947 -0.101557 -0.976722 -0.803413 0.555934 -0.213225 95.9361 10.8913 54.9001 0.558987 0.685461 0.369804 -0.284467 0
-0.451766 -0.409764 1.7963 0.526157 0.850231 0.0163029 0.183188 -0.094601 -0.978516 -0.830422 0.517839 -0.205527 95.5221 10.5555 57.6416 0.553631 0.6757 0.382351 -0.301213 0
-0.452101 -0.409421 1.79674 0.487914 0.872892 -0.000533563 0.174379 -0.0980703 -0.979783 -0.855296 0.477957 -0.200064 95.7159 10.0425 60.2969 0.545385 0.668216 0.391816 -0.320192 0
-0.451236 -0.409076 1.79517 0.459897 0.887961 -0.00450237 0.182114 -0.0992818 -0.978252 -0.869097 0.449075 -0.20737 95.795 10.4929 62.1137 0.536946 0.664558 0.402552 -0.328639 0
-0.451923 -0.409527 1.7958 0.428277 0.903558 -0.0127164 0.176794 -0.0975824 -0.979398 -0.886184 0.417205 -0.201536 95.6899 10.1831 64.2064 0.531309 0.657152 0.410998 -0.341968 0
-0.451416 -0.410946 1.79534 0.396873 0.917572 -0.0235385 0.155655 -0.0925537 -0.983466 -0.904579 0.386647 -0.179557 95.3763 8.95481 66.3111 0.530274 0.645946 0.415371 -0.359209 0
-0.4511 -0.408772 1.79469 0.48348 0.875182 -0.0174381 0.177966 -0.117781 -0.976963 -0.857074 0.469238 -0.212697 96.8743 10.2513 60.5724 0.53689 0.673416 0.390972 -0.324655 0
-0.452036 -0.410913 1.79569 0.372039 0.92802 -0.0191418 0.223841 -0.109712 -0.968431 -0.900823 0.356009 -0.248546 96.4634 12.9348 67.5594 0.503433 0.657704 0.437834 -0.349688 0
-0.452265 -0.411603 1.79693 0.319881 0.947452 -0.00321348 0.253648 -0.088904 -0.963202 -0.912874 0.307295 -0.268758 95.2735 14.6935 70.689 0.490464 0.6476 0.463674 -0.353647 0
-0.452088 -0.410688 1.79654 0.396791 0.917878 0.00753762 0.249328 -0.0998724 -0.963255 -0.883398 0.384091 -0.268482