-0.336877 -0.389207 1.45622 0.827813 0.56005 0.0326961 0.193445 -0.230254 -0.95371 -0.526597 0.795818 -0.298946 103.573 11.1539 32.4617 0.569784 0.767628 0.245397 -0.160853 0
-0.336459 -0.386673 1.45807 0.828365 0.559363 0.0304091 0.170749 -0.200418 -0.964716 -0.533532 0.80433 -0.261529 101.736 9.83135 32.7847 0.584469 0.756689 0.241219 -0.166225 0
-0.336621 -0.386599 1.46027 0.846479 0.531681 0.0280799 0.150856 -0.188929 -0.970334 -0.510603 0.825604 -0.240132 101.018 8.67655 31.0987 0.595277 0.754245 0.226232 -0.159936 0
-0.338599 -0.388999 1.46991 0.875819 0.481933 0.0260971 0.138883 -0.199869 -0.96993 -0.462226 0.853108 -0.241982 101.644 7.98319 27.8235 0.598742 0.761195 0.203895 -0.143238 0
-0.336331 -0.394203 1.48935 0.898881 0.4367 0.0361395 0.148406 -0.225794 -0.962805 -0.412297 0.87081 -0.267771 103.198 8.53457 24.6399 0.59273 0.773377 0.18914 -0.121596 0
-0.326545 -0.398046 1.49789 0.914178 0.402571 0.0470621 0.158731 -0.248756 -0.955471 -0.372938 0.880941 -0.291308 104.593 9.13325 22.193 0.586113 0.783301 0.179147 -0.104007 0
-0.316622 -0.399315 1.50406 0.924557 0.378553 0.0434898 0.145493 -0.245229 -0.958485 -0.352173 0.892502 -0.281806 104.351 8.36584 20.8523 0.591084 0.782878 0.167346 -0.0985732 0
-0.314985 -0.400316 1.50684 0.926633 0.374961 0.0275006 0.130226 -0.251486 -0.95906 -0.352694 0.892278 -0.281865 104.693 7.48268 20.8378 0.590187 0.784217 0.161048 -0.103668 0
-0.317079 -0.401263 1.51401 0.92744 0.372827 0.0292331 0.119997 -0.222644 -0.967487 -0.354197 0.900794 -0.251227 102.96 6.89195 20.9022 0.60282 0.774808 0.159015 -0.104853 0
-0.317773 -0.397676 1.51524 0.919509 0.392865 0.0126249 0.112802 -0.232975 -0.965918 -0.376534 0.889595 -0.258539 103.56 6.47686 22.2689 0.597494 0.776374 0.16283 -0.117182 0
-0.317026 -0.390493 1.51167 0.913777 0.40606 0.0112141 0.118336 -0.239685 -0.963612 -0.388597 0.881854 -0.26707 103.968 6.79607 23.0383 0.59309 0.777903 0.168529 -0.121282 0
-0.317975 -0.387538 1.51502 0.916635 0.398936 0.0251306 0.126668 -0.230266 -0.964849 -0.379126 0.887597 -0.261602 103.423 7.2771 22.4703 0.596818 0.775967 0.169338 -0.11405 0
-0.3199 -0.376984 1.52507 0.91271 0.407904 0.0239625 0.123252 -0.218922 -0.967927 -0.389576 0.88639 -0.250088 102.745 7.07982 23.1144 0.60077 0.771641 0.172087 -0.118453 0
-0.321517 -0.376556 1.54107 0.809617 0.586872 0.0101239 0.199473 -0.258879 -0.945089 -0.552025 0.767179 -0.326657 105.319 11.5061 34.2875 0.553191 0.773814 0.254048 -0.175075 0
-0.322402 -0.380114 1.55325 0.746362 0.664937 0.0283272 0.232739 -0.22089 -0.947122 -0.623519 0.713489 -0.319621 103.128 13.4584 39.8757 0.549056 0.756121 0.296803 -0.196791 0
-0.323101 -0.38323 1.5632 0.718538 0.692838 0.0606473 0.260572 -0.187333 -0.947105 -0.644829 0.696335 -0.31514 101.188 15.104 41.9054 0.551377 0.745153 0.319871 -0.195994 0
-0.326644 -0.391442 1.57922 0.638949 0.766669 0.062954 0.236635 -0.118023 -0.964404 -0.731948 0.631102 -0.256831 96.9771 13.688 48.8809 0.56216 0.709543 0.353504 -0.235713 0
-0.329235 -0.395695 1.59259 0.553148 0.832042 0.0416296 0.224514 -0.100764 -0.969247 -0.80226 0.545484 -0.242543 95.9352 12.9743 55.4142 0.549964 0.688559 0.383611 -0.276167 0
-0.331085 -0.397586 1.60292 0.499787 0.865642 0.0296274 0.220283 -0.0939523 -0.970901 -0.837669 0.49177 -0.237642 95.5272 12.7256 59.178 0.540415 0.676643 0.401218 -0.298548 0
-0.333028 -0.399957 1.61232 0.455076 0.890076 0.0259072 0.218628 -0.083481 -0.972231 -0.863196 0.448103 -0.232585 94.9077 12.6284 62.2019 0.533622 0.665421 0.416542 -0.314571 0
-0.335246 -0.402819 1.62273 0.441001 0.897145 0.0254934 0.227792 -0.0844088 -0.970044 -0.868118 0.433598 -0.241587 94.9731 13.1671 63.0696 0.527969 0.664642 0.423136 -0.316947 0
-0.337154 -0.404815 1.63139 0.429718 0.90246 0.0301319 0.224998 -0.074699 -0.971492 -0.874482 0.424247 -0.235152 94.3969 13.0028 63.8306 0.529119 0.659463 0.427415 -0.32009 0
-0.347834 -0.405945 1.63744 0.469879 0.881268 0.0508098 0.223667 -0.0631792 -0.972616 -0.853925 0.468376 -0.226797 93.7166 12.9245 61.1779 0.543117 0.663298 0.416455 -0.302698 0
-0.351572 -0.407064 1.64286 0.468463 0.882603 0.0394173 0.207473 -0.0665339 -0.975976 -0.858777 0.465387 -0.214285 93.8999 11.9743 61.3875 0.544896 0.661302 0.412095 -0.309752 0
-0.351973 -0.405748 1.64794 0.457435 0.888682 0.031586 0.225205 -0.0814122 -0.970904 -0.860253 0.451239 -0.237376 94.7931 13.0149 61.9984 0.533537 0.666375 0.41789 -0.310886 0
-0.3532 -0.405104 1.65538 0.434266 0.900464 0.0240443 0.246406 -0.0930747 -0.964687 -0.866428 0.424855 -0.262299 95.5109 14.2649 63.3793 0.519349 0.668887 0.428649 -0.314845 0
-0.361415 -0.413418 1.67334 0.491618 0.869543 0.0469687 0.209612 -0.0658137 -0.975567 -0.845207 0.489451 -0.214622 93.8594 12.0996 59.8154 0.550269 0.665592 0.405336 -0.299822 0
-0.368588 -0.408833 1.68206 0.486093 0.873427 0.0289567 0.221166 -0.0908955 -0.970991 -0.845458 0.478396 -0.237356 95.3479 12.7775 60.1034 0.538015 0.673488 0.406315 -0.303087 0
-0.380659 -0.411401 1.6895 0.480337 0.876866 0.0195362 0.232728 -0.105947 -0.966754 -0.845644 0.468914 -0.254961 96.2541 13.4577 60.4028 0.529015 0.678462 0.408863 -0.304404 0
-0.396371 -0.411613 1.69865 0.456288 0.889574 0.0214173 0.234743 -0.0971204 -0.967194 -0.85831 0.446347 -0.253136 95.7341 13.5765 62.0043 0.52584 0.672039 0.418249 -0.311326 0
-0.410519 -0.404874 1.70656 0.433798 0.900981 0.00721913 0.224896 -0.100516 -0.969184 -0.872491 0.422054 -0.246231 95.9211 12.9968 63.5637 0.521309 0.667185 0.421876 -0.324225 0
-0.42555 -0.396718 1.70797 0.43181 0.901535 0.0278493 0.246605 -0.0883044 -0.965085 -0.867598 0.423601 -0.260454 95.228 14.2767 63.5401 0.520349 0.66719 0.430215 -0.314659 0
-0.434237 -0.396123 1.70413 0.418746 0.907841 0.0218219 0.248784 -0.0915755 -0.96422 -0.87336 0.409192 -0.264203 95.4253 14.4055 64.3839 0.515502 0.666056 0.434132 -0.31962 0
-0.436469 -0.396226 1.70193 0.370865 0.92832 0.0261159 0.278567 -0.0843734 -0.956703 -0.885923 0.362082 -0.289891 95.04 16.1747 67.2849 0.499149 0.660517 0.456797 -0.32543 0
-0.435692 -0.396474 1.70268 0.346022 0.937251 0.042765 0.292528 -0.064465 -0.954081 -0.891457 0.342643 -0.296479 93.8655 17.0094 68.7861 0.496255 0.653255 0.470636 -0.324794 0
-0.435335 -0.396331 1.7034 0.343258 0.938101 0.0462661 0.284509 -0.0569067 -0.956983 -0.895114 0.341655 -0.286432 93.4031 16.5295 69.0192 0.49998 0.649345 0.470709 -0.326809 0
-0.435905 -0.395621 1.70191 0.340783 0.939251 0.0409253 0.268336 -0.0554542 -0.961728 -0.901034 0.338722 -0.270933 93.3001 15.5653 69.2827 0.503586 0.645595 0.467626 -0.333069 0
-0.436125 -0.395217 1.70152 0.329218 0.943422 0.0396169 0.259902 -0.0502011 -0.964329 -0.907781 0.327771 -0.261725 92.98 15.0643 70.0662 0.504305 0.640536 0.469655 -0.338843 0
-0.435759 -0.396138 1.70341 0.307904 0.95056 0.0403725 0.28027 -0.05007 -0.958615 -0.9092 0.306477 -0.28183 92.9899 16.2763 71.2911 0.493965 0.640274 0.480587 -0.33924 0
-0.436606 -0.396223 1.70241 0.294663 0.954882 0.0370656 0.288296 -0.0518496 -0.956137 -0.911076 0.292424 -0.290567 93.104 16.756 72.0776 0.487916 0.639742 0.485812 -0.341548 0
-0.437198 -0.394369 1.70308 0.291208 0.956158 0.0309863 0.237231 -0.040797 -0.970596 -0.926779 0.289997 -0.238711 92.4069 13.7232 72.5565 0.502917 0.626641 0.476105 -0.357379 0
-0.435903 -0.393302 1.69896 0.211545 0.977257 0.0147647 0.232976 -0.0357491 -0.971825 -0.949195 0.209024 -0.23524 92.1067 13.4723 77.436 0.484911 0.608797 0.496977 -0.38372 0
-0.434682 -0.392941 1.69909 0.186612 0.982342 0.013453 0.226909 -0.0297737 -0.973461 -0.95587 0.184712 -0.228458 91.7519 13.1151 78.9532 0.481763 0.601008 0.503009 -0.392015 0
-0.437084 -0.393685 1.69963 0.0629633 0.9973 0.0377902 0.229209 0.0224031 -0.973119 -0.971339 0.0699327 -0.227179 88.6812 13.2505 86.2912 0.463192 0.56297 0.54466 -0.414564 0
-0.436723 -0.393975 1.69867 -0.00478528 0.999231 0.0389142 0.244486 0.0389028 -0.968872 -0.969641 0.00487766 -0.244484 87.7007 14.1515 90.2828 0.444307 0.547904 0.567488 -0.424676 0
-0.436681 -0.394449 1.69812 -0.0639574 0.997225 0.0381127 0.270921 0.0541069 -0.96108 -0.960475 -0.0511427 -0.273629 86.7778 15.7191 93.8097 0.423238 0.537486 0.58985 -0.429017 0
-0.436429 -0.395103 1.69821 -0.108745 0.993271 0.0398416 0.292001 0.0702286 -0.953836 -0.950216 -0.0920912 -0.297673 85.7891 16.9778 96.5287 0.407373 0.528843 0.607587 -0.430361 0
-0.435602 -0.394857 1.69901 -0.158688 0.986944 0.0275626 0.279818 0.0717277 -0.95737 -0.946848 -0.14421 -0.287547 85.7153 16.2493 99.5141 0.395441 0.514084 0.616028 -0.44705 0
-0.435889 -0.394895 1.69818 -0.237343 0.970908 0.0317163 0.270021 0.0973004 -0.957925 -0.933143 -0.218793 -0.28526 84.2001 15.6655 104.27 0.379044 0.487498 0.636377 -0.462273 0
-0.433171 -0.394315 1.69799 -0.261142 0.965056 0.0217006 0.257964 0.0914322 -0.961818 -0.930193 -0.245573 -0.272827 84.5697 14.9493 105.682 0.373317 0.479649 0.637456 -0.47352 0
-0.433709 -0.394315 1.69762 -0.310864 0.950347 0.0143111 0.265953 0.101431 -0.958635 -0.912487 -0.294199 -0.284279 83.9601 15.4236 108.813 0.355769 0.4669 0.651263 -0.480925 0
-0.432097 -0.393971 1.69726 -0.34569 0.938336 0.0047706 0.262743 0.101675 -0.959494 -0.900813 -0.330434 -0.28169 83.9511 15.2329 110.994 0.344345 0.456707 0.657468 -0.490491 0
-0.430978 -0.393419 1.69794 -0.407957 0.912884 0.0146222 0.227999 0.117372 -0.966561 -0.884074 -0.390981 -0.25602 83.0763 13.1793 114.771 0.336673 0.427402 0.667336 -0.508568 0
-0.430153 -0.392962 1.69734 -0.472344 0.881382 0.00756592 0.223134 0.127875 -0.966364 -0.852703 -0.454768 -0.257067 82.462 12.8931 118.984 0.31562 0.405231 0.681411 -0.521393 0
-0.430485 -0.39215 1.69878 -0.481481 0.876415 0.00854867 0.195849 0.117091 -0.973618 -0.854295 -0.467104 -0.228022 83.1423 11.2943 119.406 0.319213 0.396689 0.675758 -0.533003 0
-0.430423 -0.39172 1.69724 -0.511509 0.859278 0.000764638 0.193498 0.116052 -0.974213 -0.837208 -0.49817 -0.22563 83.2067 11.157 121.424 0.30778 0.386675 0.68066 -0.540793 0
-0.429906 -0.391842 1.69705 -0.528245 0.849092 0.000815782 0.187543 0.117613 -0.97519 -0.828121 -0.514986 -0.22137 83.123 10.8094 122.533 0.303314 0.379313 0.683233 -0.545266 0
-0.431427 -0.393036 1.69741 -0.539295 0.842038 0.0114868 0.198458 0.140338 -0.97001 -0.818398 -0.520842 -0.242793 81.7677 11.4468 123.383 0.29927 0.37522 0.693258 -0.537625 0
-0.430397 -0.392034 1.69751 -0.466473 0.884176 0.0252012 0.180637 0.123113 -0.975814 -0.865895 -0.450638 -0.217144 82.8093 10.4069 118.312 0.331473 0.396093 0.672073 -0.530617 0
-0.429191 -0.392092 1.69721 -0.384604 0.923081 0.000522839 0.187523 0.0786864 -0.979103 -0.903833 -0.376469 -0.203362 85.4053 10.8083 113.051 0.350257 0.430137 0.645494 -0.525013 0
-0.431197 -0.392705 1.69804 -0.555732 0.831322 0.00815702 0.173037 0.12526 -0.976918 -0.813155 -0.541493 -0.21346 82.6934 9.96445 124.35 0.298357 0.364852 0.688195 -0.551591 0
-0.430641 -0.39287 1.6972 -0.76108 0.648654 0.00219956 0.155207 0.185398 -0.970329 -0.629816 -0.738157 -0.241778 79.183 8.9288 140.391 0.213623 0.271708 0.739638 -0.577474 0
-0.429959 -0.392681 1.69748 -0.786367 0.617701 0.00854626 0.14541 0.198525 -0.969249 -0.600403 -0.760942 -0.245933 78.4246 8.36102 142.638 0.203854 0.255461 0.746797 -0.579204 0
-0.429859 -0.392902 1.69883 -0.802104 0.597184 -0.000223752 0.145336 0.194844 -0.970007 -0.579229 -0.778079 -0.243078 78.6422 8.35675 144.166 0.193431 0.248057 0.748336 -0.583991 0
-0.429968 -0.392574 1.69777 -0.796488 0.604631 0.00521997 0.143368 0.197233 -0.969817 -0.587411 -0.771699 -0.243779 78.5044 8.2428 143.591 0.198095 0.250029 0.747914 -0.582125 0
-0.432052 -0.393534 1.69769 -0.773354 0.633718 0.0180381 0.145601 0.205231 -0.967823 -0.617028 -0.745843 -0.250986 78.0275 8.37207 141.415 0.212656 0.26096 0.746587 -0.573833 0
-0.431025 -0.392699 1.69718 -0.78775 0.615949 0.00758183 0.145589 0.198128 -0.969303 -0.598543 -0.762465 -0.245751 78.4477 8.3714 142.772 0.202872 0.254889 0.746932 -0.579627 0
-0.431878 -0.393648 1.69799 -0.7137 0.699992 0.0253642 0.165146 0.203349 -0.965078 -0.680705 -0.684587 -0.260731 78.1014 9.50571 136.356 0.239227 0.293122 0.737865 -0.558932 0
-0.431573 -0.39344 1.69747 -0.681903 0.730811 0.0304019 0.162334 0.191736 -0.967928 -0.713201 -0.655098 -0.24938 78.7954 9.34238 133.715 0.255173 0.306489 0.728529 -0.556953 0
-0.430426 -0.39424 1.6981 -0.778718 0.627204 0.0146084 0.150417 0.209257 -0.966223 -0.609076 -0.750218 -0.257294 77.78 8.65107 141.969 0.208114 0.25948 0.749211 -0.572749 0
-0.43219 -0.394751 1.6982 -0.715594 0.698117 0.0236288 0.185882 0.222925 -0.956949 -0.67333 -0.680395 -0.289291 76.8866 10.7126 136.743 0.233474 0.29613 0.746293 -0.548493 0
-0.42986 -0.393785 1.69906 -0.8081 0.588883 0.0138457 0.147934 0.225644 -0.962913 -0.570167 -0.776081 -0.269458 76.8116 8.50723 144.795 0.192409 0.242753 0.758815 -0.572931 0
-0.42931 -0.392813 1.6969 -0.826505 0.562848 0.00955616 0.132524 0.211046 -0.968451 -0.547107 -0.799163 -0.249022 77.7062 7.6155 146.497 0.184065 0.22993 0.756071 -0.584474 0
-0.429718 -0.391877 1.69775 -0.803832 0.594742 0.011627 0.120195 0.181531 -0.976012 -0.582586 -0.783153 -0.217406 79.4638 6.90333 144.067 0.200183 0.240854 0.742087 -0.592641 0
-0.429877 -0.391767 1.69784 -0.789014 0.614191 0.0150522 0.115767 0.172691 -0.978149 -0.60337 -0.770031 -0.207359 79.9877 6.64789 142.594 0.209951 0.247817 0.736387 -0.593499 0
-0.429587 -0.394018 1.69829 -0.801414 0.597746 0.0208798 0.13347 0.212758 -0.967946 -0.583028 -0.772938 -0.250288 77.6033 7.67015 143.964 0.200659 0.242959 0.752406 -0.578439 0
-0.42952 -0.393611 1.69874 -0.80788 0.589145 0.015412 0.129194 0.202554 -0.970711 -0.575011 -0.782228 -0.239754 78.2134 7.42302 144.559 0.1968 0.239436 0.750031 -0.584289 0
-0.429343 -0.392384 1.69785 -0.811816 0.583865 0.00748777 0.126389 0.188224 -0.97396 -0.57007 -0.78973 -0.226597 79.0621 7.26097 144.923 0.193527 0.23799 0.746096 -0.590973 0
-0.429333 -0.39162 1.69804 -0.809295 0.587403 -0.000597952 0.128983 0.176713 -0.975774 -0.573067 -0.789766 -0.218778 79.735 7.41084 144.697 0.19277 0.241231 0.742426 -0.594517 0
-0.430026 -0.392378 1.69803 -0.854169 0.519949 -0.00690529 0.128266 0.197809 -0.971813 -0.503927 -0.830978 -0.235654 78.4948 7.36941 149.461 0.164306 0.214287 0.756246 -0.595967 0
-0.430691 -0.392094 1.69778 -0.883652 0.468084 -0.00753414 0.109246 0.190532 -0.975583 -0.45522 -0.862899 -0.219501 78.9492 6.27185 152.744 0.147801 0.190602 0.757246 -0.606964 0
-0.432407 -0.393441 1.69824 -0.840477 0.541823 0.00511363 0.136127 0.220276 -0.965892 -0.524469 -0.811114 -0.258894 77.1531 7.82379 148.035 0.173857 0.222565 0.761519 -0.583375 0
-0.433587 -0.394016 1.69678 -0.796058 0.604532 0.0288523 0.143243 0.234515 -0.961501 -0.588024 -0.761278 -0.273283 76.2929 8.23557 143.548 0.203208 0.246328 0.758923 -0.567508 0
-0.431476 -0.394049 1.69701 -0.759583 0.650048 0.0216981 0.159569 0.21859 -0.962682 -0.630532 -0.727775 -0.269765 77.2071 9.18188 140.304 0.21751 0.269996 0.749656 -0.563744 0
-0.430213 -0.392755 1.69855 -0.742426 0.669915 0.00423556 0.157034 0.180171 -0.971019 -0.651264 -0.720245 -0.238963 79.4884 9.03479 138.742 0.222925 0.281232 0.735112 -0.575172 0
-0.430968 -0.392353 1.6988 -0.744861 0.667216 -0.00224918 0.143882 0.157332 -0.977008 -0.651521 -0.728059 -0.213191 80.8519 8.27254 138.824 0.223204 0.278836 0.727218 -0.586161 0
-0.43183 -0.39289 1.69802 -0.750753 0.66057 0.00413101 0.157296 0.184837 -0.9701 -0.641583 -0.727655 -0.242671 79.2125 9.04996 139.483 0.218753 0.277075 0.737947 -0.575162 0
-0.431346 -0.392208 1.69812 -0.760703 0.648946 0.0141092 0.133344 0.177507 -0.975044 -0.635256 -0.739838 -0.221563 79.6823 7.66287 140.135 0.22093 0.266154 0.734808 -0.583445 0
-0.432249 -0.393453 1.69846 -0.808178 0.588495 0.0228485 0.126078 0.210778 -0.969369 -0.575285 -0.780542 -0.244543 77.7326 7.24302 144.556 0.198783 0.23748 0.752246 -0.581562 0
-0.429915 -0.392982 1.69798 -0.797261 0.603124 0.0248072 0.12598 0.206442 -0.970315 -0.590342 -0.770469 -0.24057 77.989 7.23738 143.481 0.205311 0.243345 0.749045 -0.581001 0
-0.430377 -0.39492 1.69771 -0.814532 0.580046 0.00922786 0.152707 0.229731 -0.961199 -0.55966 -0.781518 -0.2757 76.5582 8.78383 145.507 0.186748 0.24054 0.761571 -0.57208 0
-0.431039 -0.394224 1.69794 -0.833276 0.552692 0.0135248 0.143126 0.239288 -0.960342 -0.534009 -0.798294 -0.278497 76.0086 8.2288 147.346 0.178546 0.2269 0.766659 -0.573474 0
-0.429897 -0.393724 1.69719 -0.838506 0.54489 0.00164351 0.145303 0.226505 -0.963111 -0.525162 -0.807335 -0.2691 76.7656 8.35485 147.941 0.172409 0.225881 0.76389 -0.579418 0
-0.430203 -0.393411 1.69702 -0.836307 0.548221 0.0067216 0.137976 0.222316 -0.965162 -0.530616 -0.806244 -0.261566 77.0287 7.93077 147.606 0.176383 0.225246 0.761608 -0.581469 0
-0.432026 -0.393371 1.69628 -0.834164 0.551517 -0.000586574 0.150203 0.226157 -0.962441 -0.530669 -0.802921 -0.271491 76.7764 8.63869 147.537 0.173567 0.229767 0.763514 -0.578039 0
-0.431215 -0.39257 1.69739 -0.862337 0.506334 0.00131201 0.120461 0.207673 -0.970753 -0.491797 -0.836958 -0.240078 77.9247 6.91874 150.304 0.162218 0.206197 0.759949 -0.594682 0
-0.431076 -0.391501 1.69774 -0.89627 0.44344 -0.00788191 0.105544 0.195994 -0.974909 -0.430768 -0.874613 -0.222466 78.6329 6.0585 154.33 0.138977 0.180418 0.760712 -0.607826 0
-0.432521 -0.391609 1.69692 -0.899883 0.436021 0.00982853 0.0832306 0.19381 -0.977502 -0.428116 -0.878819 -0.210696 78.7854 4.77428 154.557 0.144249 0.171029 0.759011 -0.611428 0
-0.433712 -0.393387 1.69676 -0.852998 0.521069 0.0297022 0.104507 0.226284 -0.968439 -0.511344 -0.822972 -0.247475 76.8483 5.99879 149.059 0.177349 0.205057 0.762685 -0.587205 0
-0.433906 -0.393223 1.69661 -0.786259 0.617641 0.0177651 0.144935 0.212299 -0.966397 -0.600658 -0.757264 -0.256441 77.61 8.33354 142.622 0.205912 0.25391 0.750833 -0.573916 0
-0.434124 -0.393569 1.69741 -0.757619 0.652547 0.0139628 0.158186 0.204327 -0.966037 -0.633238 -0.72968 -0.258026 78.0574 9.1016 140.11 0.217188 0.272066 0.744979 -0.569049 0
-0.434325 -0.393177 1.6961 -0.725528 0.68802 0.0154199 0.168975 0.199818 -0.965153 -0.667125 -0.69764 -0.261232 78.3031 9.72825 137.401 0.230791 0.289778 0.739354 -0.562245 0
-0.43158 -0.393267 1.69768 -0.693653 0.719975 0.0219677 0.170813 0.194043 -0.966007 -0.699764 -0.666321 -0.257579 78.6421 9.83509 134.749 0.246379 0.30409 0.732338 -0.557232 0
-0.432353 -0.39327 1.69659 -0.633858 0.77322 0.0188242 0.19015 0.179377 -0.965229 -0.749711 -0.608239 -0.260727 79.4723 10.9615 130.214 0.266829 0.334474 0.720063 -0.546295 0
-0.434383 -0.393698 1.69554 -0.620186 0.783925 0.0288322 0.192158 0.187451 -0.963295 -0.760556 -0.591882 -0.266892 78.9882 11.0787 129.195 0.274032 0.338842 0.720161 -0.539871 0
-0.434823 -0.393355 1.69515 -0.623478 0.781481 0.0237222 0.191168 0.181796 -0.964575 -0.75811 -0.596856 -0.26274 79.3265 11.0209 129.434 0.271836 0.338181 0.71903 -0.542895 0
-0.435307 -0.393581 1.69564 -0.569116 0.821912 0.0238018 0.207631 0.171658 -0.963028 -0.79561 -0.543133 -0.268348 79.8933 11.9836 125.577 0.289047 0.363171 0.708718 -0.531298 0
-0.434444 -0.393358 1.6952 -0.558241 0.82945 0.0194889 0.212016 0.165323 -0.963181 -0.802132 -0.533555 -0.268147 80.2605 12.2405 124.836 0.291091 0.368979 0.70564 -0.530276 0
-0.434988 -0.39406 1.69571 -0.548765 0.835566 0.0261909 0.22053 0.174912 -0.959569 -0.806365 -0.520802 -0.280253 79.6694 12.7402 124.237 0.294064 0.37302 0.707801 -0.522876 0
-0.435101 -0.39383 1.69595 -0.535001 0.844245 0.0320168 0.210057 0.169629 -0.962861 -0.818322 -0.508406 -0.268091 80.0086 12.1257 123.176 0.302711 0.37532 0.702268 -0.523756 0
-0.435189 -0.394383 1.69614 -0.521114 0.852388 0.0433047 0.212806 0.178902 -0.960577 -0.826531 -0.491355 -0.274622 79.4499 12.2868 122.231 0.309502 0.379014 0.702609 -0.516621 0
-0.434609 -0.39429 1.69558 -0.515123 0.85622 0.0391791 0.226492 0.180064 -0.957224 -0.826649 -0.484215 -0.286683 79.3465 13.0907 121.929 0.307514 0.384544 0.703895 -0.511951 0
-0.43481 -0.394306 1.69555 -0.525348 0.850339 0.0305517 0.231504 0.177392 -0.956524 -0.818789 -0.495435 -0.29005 79.4936 13.3857 122.685 0.30083 0.383181 0.705831 -0.514273 0
-0.434637 -0.394124 1.6958 -0.554634 0.831575 0.0294093 0.217728 0.179149 -0.959427 -0.803104 -0.525727 -0.280419 79.4233 12.5756 124.629 0.293298 0.369674 0.709613 -0.523227 0
-0.435129 -0.393596 1.69561 -0.577652 0.816012 0.0210306 0.208489 0.1724 -0.96271 -0.789209 -0.551727 -0.269716 79.8472 12.0338 126.202 0.285058 0.360439 0.710593 -0.532808 0
-0.435238 -0.393478 1.69602 -0.596209 0.802474 0.0238647 0.196962 0.175024 -0.964662 -0.778293 -0.57044 -0.262408 79.7164 11.3594 127.454 0.28125 0.350419 0.713029 -0.538233 0
-0.435053 -0.393399 1.69467 -0.602889 0.797163 0.0325131 0.191173 0.183908 -0.964174 -0.774582 -0.575074 -0.263272 79.201 11.0213 127.895 0.281845 0.345136 0.715903 -0.53752 0
-0.434886 -0.392166 1.69685 -0.537481 0.843229 -0.00888222 0.211101 0.124345 -0.969523 -0.816425 -0.522976 -0.24484 82.6915 12.1869 123.358 0.292414 0.381777 0.690411 -0.540439 0
-0.435115 -0.393683 1.69638 -0.513943 0.857556 0.0214346 0.218229 0.154871 -0.963531 -0.829601 -0.490522 -0.266739 80.8688 12.6051 121.778 0.305855 0.386628 0.695621 -0.522574 0
-0.433954 -0.394228 1.6974 -0.512149 0.858332 0.0311456 0.219776 0.166018 -0.96132 -0.830303 -0.485494 -0.273667 80.2018 12.6959 121.667 0.308303 0.385843 0.69854 -0.517799 0
-0.434499 -0.394128 1.69608 -0.506342 0.861273 0.0427482 0.214387 0.173745 -0.961172 -0.835258 -0.477517 -0.27262 79.7537 12.3796 121.225 0.314159 0.384881 0.698696 -0.514776 0
-0.433858 -0.393902 1.69655 -0.462142 0.886148 0.0341603 0.220364 0.152066 -0.963491 -0.85899 -0.437742 -0.265551 81.0311 12.7304 118.281 0.325719 0.403529 0.685522 -0.51101 0
-0.432906 -0.394109 1.69725 -0.514692 0.856794 0.0315522 0.213958 0.163991 -0.962979 -0.83025 -0.488887 -0.267722 80.3355 12.3544 121.796 0.308859 0.383745 0.697568 -0.520331 0
-0.431021 -0.393464 1.69758 -0.506283 0.862212 0.01636 0.219826 0.147378 -0.964343 -0.833879 -0.484634 -0.264151 81.3109 12.6988 121.264 0.306979 0.390669 0.692425 -0.523153 0
-0.43158 -0.394025 1.69761 -0.529648 0.84816 0.00984343 0.228934 0.154117 -0.961165 -0.816739 -0.506825 -0.2758 80.8905 13.2343 122.963 0.295241 0.384719 0.699922 -0.52434 0
-0.434633 -0.392862 1.69537 -0.631377 0.775353 0.0138433 0.191726 0.173372 -0.966014 -0.751402 -0.607265 -0.258118 79.8254 11.0535 130.039 0.266401 0.336664 0.718134 -0.547697 0
-0.434866 -0.393567 1.69507 -0.690617 0.72294 0.0201582 0.184368 0.20294 -0.961678 -0.699326 -0.660434 -0.273441 78.0839 10.6243 134.641 0.244378 0.308174 0.736036 -0.550962 0
-0.435367 -0.393611 1.69461 -0.690229 0.723312 0.0201057 0.187532 0.205653 -0.960489 -0.698867 -0.659187 -0.277591 77.9147 10.8088 134.644 0.24384 0.308913 0.737135 -0.549314 0
-0.434068 -0.394477 1.69594 -0.60803 0.7932 0.0336541 0.20705 0.199353 -0.957804 -0.766439 -0.575406 -0.285445 78.2426 11.9495 128.426 0.276531 0.34571 0.72333 -0.529913 0
-0.43176 -0.394036 1.69646 -0.573735 0.81876 0.0214711 0.2092 0.171839 -0.962656 -0.791874 -0.547817 -0.269874 79.879 12.0755 125.924 0.286457 0.362043 0.709832 -0.531983 0
-0.43292 -0.393077 1.69545 -0.625858 0.779862 0.0108558 0.197859 0.17222 -0.964983 -0.754423 -0.601794 -0.262088 79.881 11.4118 129.679 0.266587 0.340592 0.717664 -0.545791 0
-0.432655 -0.393419 1.6962 -0.651523 0.758547 0.0111834 0.200473 0.186368 -0.96181 -0.731662 -0.624399 -0.273491 79.0338 11.5646 131.684 0.255614 0.33 0.72653 -0.545817 0
-0.434056 -0.393415 1.69572 -0.627396 0.778581 0.0136556 0.203572 0.180918 -0.962199 -0.75162 -0.6009 -0.272004 79.3513 11.7459 129.853 0.265291 0.340474 0.721165 -0.541866 0
-0.433499 -0.393238 1.69696 -0.562686 0.826476 0.0179209 0.19964 0.156893 -0.967227 -0.802202 -0.540668 -0.253279 80.7864 11.5159 125.047 0.291945 0.365274 0.702292 -0.536776 0
-0.434541 -0.393382 1.69639 -0.631889 0.774784 0.0206388 0.187678 0.178791 -0.965821 -0.751993 -0.606418 -0.258386 79.5122 10.8173 130.04 0.268569 0.334554 0.719212 -0.546514 0
-0.434546 -0.392981 1.69558 -0.670134 0.742039 0.0172935 0.179542 0.184663 -0.966263 -0.720198 -0.644421 -0.256976 79.1806 10.3431 132.938 0.253749 0.317088 0.726597 -0.554188 0
-0.434729 -0.393264 1.69528 -0.657509 0.753074 0.0236832 0.178967 0.186636 -0.965991 -0.731883 -0.630909 -0.25749 79.0648 10.3096 131.936 0.260593 0.32146 0.724851 -0.550768 0
-0.43438 -0.392626 1.69605 -0.711401 0.702598 0.0162587 0.164708 0.189173 -0.968032 -0.683213 -0.685981 -0.250301 78.9426 9.48027 136.158 0.238469 0.295689 0.733293 -0.563899 0
-0.433388 -0.393493 1.6975 -0.689097 0.724624 0.00806423 0.18158 0.183429 -0.966117 -0.701551 -0.664284 -0.257978 79.2497 10.4618 134.487 0.243082 0.310424 0.729812 -0.5585 0
-0.433269 -0.393055 1.69618 -0.707586 0.706615 0.00406223 0.179392 0.185193 -0.966189 -0.683476 -0.682934 -0.257801 79.1495 10.3343 135.993 0.234417 0.302085 0.733243 -0.56227 0
-0.43212 -0.392932 1.69618 -0.728428 0.684913 0.0169459 0.16085 0.195008 -0.967522 -0.665973 -0.702044 -0.252217 78.6045 9.25624 137.565 0.231496 0.286697 0.737505 -0.565951 0
-0.432502 -0.393357 1.69655 -0.730655 0.682583 0.0149712 0.167117 0.200062 -0.965426 -0.661978 -0.702891 -0.260247 78.2925 9.62024 137.823 0.22867 0.287024 0.740095 -0.563548 0
-0.434542 -0.392918 1.69747 -0.740524 0.671859 0.0151496 0.150926 0.188233 -0.970459 -0.654863 -0.716362 -0.240792 79.023 8.68057 138.513 0.227441 0.2793 0.73647 -0.572604 0
-0.435711 -0.393184 1.69543 -0.730317 0.682897 0.0169688 0.163103 0.198444 -0.966446 -0.66335 -0.703044 -0.25631 78.3965 9.38708 137.751 0.230118 0.286159 0.739099 -0.564704 0
-0.434797 -0.393861 1.69657 -0.700955 0.712947 0.0192093 0.181952 0.204805 -0.961742 -0.689606 -0.670643 -0.273281 77.9783 10.4835 135.468 0.240088 0.303118 0.738079 -0.552917 0
-0.4345 -0.393696 1.69696 -0.687938 0.725494 0.019978 0.177523 0.194896 -0.964625 -0.703723 -0.660056 -0.262868 78.5775 10.2255 134.35 0.247027 0.308234 0.732411 -0.554566 0
-0.433414 -0.393907 1.6971 -0.709037 0.704752 0.0243195 0.17275 0.20703 -0.962962 -0.683684 -0.678574 -0.268538 77.8665 9.94777 136.043 0.239507 0.296846 0.739021 -0.555308 0
-0.435068 -0.394 1.69696 -0.74181 0.670151 0.0248156 0.168573 0.222159 -0.960327 -0.649077 -0.708197 -0.277769 76.9745 9.70485 138.814 0.225044 0.280089 0.748622 -0.557199 0
-0.434868 -0.394066 1.69642 -0.759145 0.650296 0.0285307 0.158787 0.227517 -0.960741 -0.631257 -0.724811 -0.275977 76.677 9.13652 140.255 0.219314 0.26894 0.752103 -0.560279 0
-0.432911 -0.393853 1.69589 -0.755382 0.654847 0.0239283 0.162334 0.222384 -0.96135 -0.634859 -0.722302 -0.274288 76.9752 9.34237 139.955 0.219495 0.272269 0.750342 -0.560961 0
-0.436166 -0.394384 1.69491 -0.731825 0.681183 0.0205203 0.173313 0.21515 -0.961079 -0.659086 -0.699786 -0.27551 77.3816 9.98051 137.994 0.227933 0.28659 0.7454 -0.557038 0
-0.434884 -0.394 1.69687 -0.720418 0.69316 0.0229627 0.172474 0.211129 -0.962121 -0.671752 -0.689169 -0.271654 77.6231 9.93171 137.002 0.234018 0.291593 0.742159 -0.556245 0
-0.433763 -0.394234 1.69805 -0.7215 0.692106 0.0206494 0.179157 0.215407 -0.959949 -0.668835 -0.688904 -0.279412 77.3527 10.3207 137.169 0.231568 0.29262 0.744365 -0.553778 0
-0.434753 -0.391866 1.69523 -0.825102 0.564762 0.015864 0.122643 0.206446 -0.970741 -0.551513 -0.799015 -0.239603 77.9939 7.04466 146.241 0.188243 0.228065 0.753517 -0.587165 0
-0.433896 -0.392623 1.69686 -0.827402 0.56121 0.0211855 0.114345 0.205273 -0.972002 -0.549846 -0.801814 -0.234015 78.0751 6.56584 146.394 0.189642 0.224354 0.752777 -0.589091 0
-0.434314 -0.391863 1.69648 -0.879197 0.476082 0.018942 0.0878412 0.201037 -0.975637 -0.468291 -0.856113 -0.218571 78.3567 5.03943 151.959 0.160678 0.185968 0.758091 -0.604067 0
-0.434654 -0.392118 1.69595 -0.888343 0.459179 -0.00064098 0.105653 0.203041 -0.973454 -0.446859 -0.864829 -0.228884 78.2183 6.0648 153.296 0.14647 0.185405 0.761621 -0.603411 0
-0.434075 -0.392572 1.69678 -0.916279 0.400347 0.0124291 0.0824719 0.218939 -0.972247 -0.391957 -0.889825 -0.233626 77.3093 4.73067 156.84 0.131371 0.156851 0.769553 -0.60492 0
-0.435365 -0.394441 1.69559 -0.947441 0.319892 0.004994 0.0833575 0.261895 -0.96149 -0.30888 -0.910539 -0.274795 74.7632 4.78158 161.943 0.0995723 0.127925 0.788056 -0.593875 0
-0.435261 -0.39393 1.69639 -0.970749 0.238652 0.0263022 0.0410968 0.273092 -0.96111 -0.236553 -0.931915 -0.274912 74.1379 2.35534 166.305 0.0828122 0.0881343 0.793529 -0.596394 0
-0.434194 -0.393638 1.69699 -0.947806 0.318375 0.0173706 0.0695243 0.259529 -0.96323 -0.311176 -0.911747 -0.268118 74.9205 3.98666 161.824 0.104409 0.123271 0.786679 -0.595852 0
-0.434469 -0.394321 1.6969 -0.973064 0.228488 0.030641 0.0348081 0.277009 -0.960237 -0.22789 -0.933306 -0.2775 73.9082 1.99476 166.819 0.0813076 0.0828061 0.794917 -0.595516 0
-0.434547 -0.393415 1.69674 -0.977404 0.210437 0.0199413 0.0364759 0.260833 -0.964695 -0.208209 -0.942169 -0.262615 74.8702 2.09038 167.974 0.0721352 0.0780675 0.790704 -0.6029 0
-0.434147 -0.393405 1.69668 -0.976486 0.215181 0.0131009 0.0435699 0.256505 -0.96556 -0.211131 -0.942286 -0.259849 75.1228 2.49716 167.8 0.0710101 0.0819418 0.789437 -0.60418 0
-0.432468 -0.392995 1.69751 -0.996071 0.0882446 0.00745518 0.0148041 0.248917 -0.968412 -0.0873129 -0.964496 -0.249246 75.5849 0.848243 174.99 0.0300029 0.0326245 0.789657 -0.611945 0
-0.434033 -0.393228 1.69606 -0.992439 0.120952 0.0208559 0.0108225 0.255499 -0.966749 -0.122259 -0.959214 -0.254876 75.196 0.620095 172.977 0.0452314 0.0416473 0.791014 -0.6087 0
-0.432798 -0.393363 1.69619 -0.996931 0.0761029 0.0183653 0.00218974 0.261602 -0.965173 -0.0782569 -0.962171 -0.260966 74.8348 0.125463 175.512 0.0304361 0.0246623 0.793646 -0.607117 0
-0.432228 -0.393992 1.69685 -0.997789 -0.062611 0.0222779 -0.0389563 0.279465 -0.959365 0.0538409 -0.958112 -0.281286 73.7591 -2.2326 -176.911 0.00986626 0.0317488 -0.799772 0.599383 0
-0.434414 -0.39446 1.69717 -0.984609 -0.173092 0.0241769 -0.0723633 0.277831 -0.9579 0.159088 -0.944907 -0.286081 73.8256 -4.14974 -170.822 0.0422546 0.0768775 -0.798204 0.595965 0
-0.435497 -0.394433 1.69531 -0.94683 -0.319892 0.0343775 -0.125696 0.269435 -0.95478 0.296164 -0.908336 -0.295318 74.2412 -7.22096 -162.631 0.082593 0.140582 -0.792399 0.587809 0
-0.434134 -0.394012 1.6955 -0.939015 -0.34252 0.0304916 -0.124704 0.25655 -0.958452 0.320467 -0.903804 -0.283618 75.0148 -7.16364 -161.156 0.0920824 0.148368 -0.787271 0.591364 0
-0.4354 -0.393541 1.69535 -0.925995 -0.376594 0.0266649 -0.12245 0.232777 -0.964791 0.357127 -0.896656 -0.261664 76.4354 -7.03354 -158.91 0.106205 0.160385 -0.777887 0.598238 0
-0.433085 -0.392926 1.69745 -0.925022 -0.37943 0.0191311 -0.111843 0.223847 -0.968186 0.363077 -0.897733 -0.2495 76.9818 -6.42155 -158.57 0.111046 0.158612 -0.774334 0.602427 0
-0.433828 -0.392559 1.6955 -0.93702 -0.349114 0.0106514 -0.0961791 0.228587 -0.968761 0.335773 -0.908772 -0.247768 76.7234 -5.51919 -160.285 0.104642 0.143319 -0.776752 0.60429 0
-0.429927 -0.391942 1.69552 -0.940687 -0.339271 -0.00193159 -0.0805712 0.228921 -0.970105 0.329571 -0.912409 -0.242678 76.7225 -4.6214 -160.692 0.106719 0.135158 -0.776577 0.60603 0
-0.434582 -0.3933 1.69502 -0.930297 -0.36621 0.0209329 -0.116928 0.241979 -0.96321 0.347672 -0.898519 -0.267932 75.8979 -6.71485 -159.508 0.104582 0.154642 -0.781058 0.5959 0
-0.43553 -0.393012 1.69509 -0.93239 -0.359535 0.037202 -0.122524 0.217548 -0.968329 0.340055 -0.907418 -0.246891 77.338 -7.03777 -159.962 0.09781 0.155687 -0.774085 0.605795 0
-0.435558 -0.39284 1.69395 -0.910624 -0.411788 0.0345778 -0.132951 0.212721 -0.968026 0.391266 -0.886104 -0.248456 77.6064 -7.64014 -156.748 0.115803 0.176856 -0.770033 0.601965 0
-0.434807 -0.392155 1.69464 -0.903802 -0.427682 0.0151978 -0.111797 0.201678 -0.973051 0.413091 -0.881144 -0.23009 78.2905 -6.4189 -155.437 0.130179 0.176501 -0.764128 0.606637 0
-0.435291 -0.391717 1.69466 -0.918721 -0.394704 0.012658 -0.105345 0.214061 -0.971123 0.380596 -0.893525 -0.238242 77.5693 -6.04707 -157.497 0.119475 0.162373 -0.769907 0.605479 0
-0.435069 -0.392738 1.69536 -0.938572 -0.344836 0.013107 -0.0992959 0.233497 -0.967274 0.33049 -0.909158 -0.253395 76.4286 -5.69862 -160.602 0.101896 0.142588 -0.778695 0.602428 0
-0.434227 -0.393041 1.69553 -0.940044 -0.340515 0.019149 -0.104048 0.232865 -0.966927 0.324794 -0.910946 -0.254334 76.4593 -5.97233 -160.939 0.0980914 0.142675 -0.778981 0.60267 0
-0.435864 -0.393314 1.69482 -0.917583 -0.395699 0.0382621 -0.133903 0.217009 -0.966942 0.374315 -0.892373 -0.252109 77.3508 -7.69522 -157.808 0.108762 0.171404 -0.772448 0.601761 0
-0.435734 -0.394297 1.69406 -0.897208 -0.440403 0.0325937 -0.147587 0.22947 -0.962061 0.416215 -0.86798 -0.27088 76.5845 -8.48712 -155.113 0.123876 0.18987 -0.774202 0.590944 0
-0.434594 -0.393563 1.69477 -0.894808 -0.44543 0.0301801 -0.147461 0.231069 -0.961698 0.421395 -0.864985 -0.272446 76.4895 -8.47981 -154.783 0.126308 0.191422 -0.774326 0.589765 0
-0.435031 -0.393439 1.69468 -0.89762 -0.439545 0.032845 -0.147694 0.229729 -0.961983 0.41529 -0.868346 -0.271127 76.5689 -8.4933 -155.172 0.123473 0.189591 -0.774351 0.590924 0
-0.433785 -0.394352 1.69639 -0.887571 -0.45969 0.0300589 -0.157106 0.24071 -0.957798 0.433054 -0.854836 -0.285867 75.8928 -9.03894 -153.992 0.129685 0.198486 -0.776876 0.583308 0
-0.433866 -0.393632 1.69605 -0.890431 -0.454857 0.0154259 -0.135706 0.233001 -0.962961 0.434416 -0.859544 -0.269198 76.398 -7.79943 -153.994 0.135436 0.190897 -0.773406 0.589116 0
-0.433927 -0.392613 1.69582 -0.901464 -0.432623 0.0141091 -0.119107 0.216585 -0.968971 0.416144 -0.875173 -0.246772 77.4003 -6.84059 -155.221 0.130718 0.17939 -0.768899 0.599605 0
-0.432065 -0.391931 1.69589 -0.903439 -0.428664 0.00675198 -0.108493 0.213362 -0.97093 0.414762 -0.877909 -0.239267 77.6062 -6.22842 -155.34 0.132907 0.174975 -0.767474 0.602248 0
-0.435327 -0.392134 1.69507 -0.903867 -0.427718 0.00907431 -0.107644 0.206846 -0.972434 0.41405 -0.879927 -0.233003 77.9916 -6.17952 -155.388 0.132265 0.17485 -0.76546 0.604983 0
-0.435059 -0.392721 1.69427 -0.892585 -0.450332 0.0222095 -0.130306 0.210491 -0.968873 0.431639 -0.867695 -0.246562 77.7428 -7.48725 -154.192 0.133552 0.189398 -0.766426 0.599069 0
-0.435422 -0.392658 1.69573 -0.902933 -0.429405 0.0179559 -0.118807 0.209234 -0.970621 0.413033 -0.87854 -0.239941 77.8351 -6.82325 -155.419 0.128802 0.178727 -0.766829 0.602859 0
-0.43587 -0.392725 1.69536 -0.914848 -0.402909 0.0267972 -0.118764 0.205051 -0.971519 0.385939 -0.891975 -0.235441 78.0819 -6.82076 -157.127 0.117006 0.169958 -0.767356 0.607115 0
-0.435401 -0.391886 1.69564 -0.922536 -0.385851 0.00687076 -0.0900214 0.197852 -0.976089 0.375266 -0.901096 -0.21726 78.5415 -5.16484 -157.865 0.120474 0.155622 -0.764468 0.613886 0
-0.435449 -0.392454 1.69543 -0.936934 -0.349415 0.00794129 -0.0892782 0.217303 -0.972013 0.33791 -0.911421 -0.234794 77.3982 -5.12209 -160.168 0.106741 0.141912 -0.772825 0.60927 0
-0.436385 -0.391895 1.69492 -0.936082 -0.350791 0.0263756 -0.102224 0.199508 -0.97455 0.336601 -0.914955 -0.222615 78.4304 -5.86724 -160.222 0.101008 0.1475 -0.767822 0.615215 0
-0.436532 -0.39343 1.69481 -0.907465 -0.417798 0.0441868 -0.144292 0.211161 -0.966743 0.394573 -0.883661 -0.251906 77.6787 -8.29627 -156.5 0.113787 0.182538 -0.769826 0.600916 0
-0.435697 -0.393454 1.69469 -0.879913 -0.474363 0.0270817 -0.149075 0.221507 -0.963697 0.451143 -0.852006 -0.265623 77.0553 -8.57334 -152.855 0.137815 0.20261 -0.76926 0.590081 0
-0.435095 -0.392287 1.69489 -0.858839 -0.512004 0.0157043 -0.140679 0.206275 -0.968328 0.492549 -0.833848 -0.249186 77.9745 -8.08714 -150.166 0.156724 0.214517 -0.760641 0.592321 0
-0.436124 -0.393121 1.69488 -0.869411 -0.493388 0.0262969 -0.147246 0.207927 -0.966998 0.471638 -0.844591 -0.253423 77.8649 -8.46738 -151.521 0.145852 0.209813 -0.763342 0.593309 0
-0.435974 -0.39329 1.69514 -0.863881 -0.503066 0.0251954 -0.152463 0.213484 -0.964976 0.480068 -0.837466 -0.261124 77.5252 -8.76968 -150.939 0.148728 0.214336 -0.764606 0.589337 0
-0.434985 -0.39248 1.69444 -0.8369 -0.547187 0.0135931 -0.149122 0.204041 -0.967538 0.526651 -0.811759 -0.25236 78.0916 -8.57607 -147.818 0.169397 0.229902 -0.757182 0.587473 0
-0.434204 -0.392483 1.69502 -0.814019 -0.580795 0.00714107 -0.151763 0.200806 -0.967804 0.560661 -0.788895 -0.251603 78.2783 -8.72911 -145.443 0.183837 0.243299 -0.752733 0.58344 0
-0.435154 -0.392632 1.69394 -0.787297 -0.616547 0.0058444 -0.163173 0.199204 -0.966277 0.594591 -0.761701 -0.257437 78.3513 -9.39114 -142.939 0.196514 0.260257 -0.748989 0.57677 0
-0.435138 -0.392722 1.6941 -0.764747 -0.643958 0.0219118 -0.178205 0.178706 -0.96763 0.619197 -0.743897 -0.251421 79.5363 -10.2652 -141.004 0.20158 0.277474 -0.740755 0.577629 0
-0.435902 -0.392952 1.6936 -0.690641 -0.722603 0.0293176 -0.214732 0.166186 -0.96243 0.690583 -0.670989 -0.269941 80.2032 -12.3998 -135.002 0.226718 0.32137 -0.729172 0.560025 0
-0.433645 -0.393206 1.69566 -0.635667 -0.771669 0.0213461 -0.221417 0.155764 -0.962659 0.739529 -0.616657 -0.269874 80.8089 -12.7923 -130.681 0.250112 0.345848 -0.717862 0.550006 0
-0.435843 -0.393863 1.69391 -0.618306 -0.784809 0.0420972 -0.245307 0.141822 -0.959016 0.746674 -0.603292 -0.280208 81.5879 -14.2 -129.628 0.246631 0.360583 -0.714202 0.546872 0
-0.435847 -0.393087 1.69445 -0.585817 -0.809823 0.031708 -0.22975 0.128425 -0.964739 0.777196 -0.572446 -0.26129 82.4174 -13.2823 -127.007 0.265197 0.369813 -0.702768 0.546832 0
-0.435887 -0.393375 1.69363 -0.582486 -0.811994 0.0370914 -0.235063 0.124589 -0.963962 0.778111 -0.570213 -0.263441 82.6355 -13.5953 -126.818 0.263943 0.37295 -0.701875 0.546456 0
-0.436424 -0.39374 1.69419 -0.602571 -0.796777 0.0453216 -0.244593 0.130323 -0.960828 0.759659 -0.590053 -0.273415 82.2757 -14.1578 -128.422 0.252159 0.367601 -0.708221 0.547456 0
-0.435684 -0.393532 1.69515 -0.632532 -0.773325 0.0432601 -0.230546 0.134663 -0.963698 0.739426 -0.619544 -0.263466 82.0452 -13.3292 -130.545 0.244267 0.352232 -0.712506 0.555519 0
-0.436251 -0.392821 1.69372 -0.640021 -0.767353 0.039275 -0.215554 0.130253 -0.967766 0.737503 -0.627856 -0.248771 82.3345 -12.448 -130.952 0.245694 0.345867 -0.710465 0.561471 0
-0.436142 -0.393115 1.6943 -0.650886 -0.758226 0.0379587 -0.217226 0.138098 -0.966303 0.727434 -0.637199 -0.254593 81.8667 -12.5462 -131.821 0.241153 0.341177 -0.714769 0.560846 0
-0.436598 -0.393314 1.69361 -0.672132 -0.739212 0.0424781 -0.223668 0.148012 -0.963361 0.705841 -0.657007 -0.264822 81.2653 -12.9246 -133.599 0.229706 0.333421 -0.721971 0.561092 0
-0.434463 -0.394533 1.69465 -0.687164 -0.724081 0.0592687 -0.246554 0.155687 -0.956542 0.683386 -0.671914 -0.285508 80.7556 -14.2737 -135.158 0.213901 0.332662 -0.729445 0.558115 0
-0.433147 -0.39443 1.69493 -0.702976 -0.709902 0.043176 -0.232675 0.172189 -0.95719 0.672077 -0.682928 -0.286221 79.8021 -13.4546 -136.287 0.213888 0.320568 -0.735083 0.557801 0
-0.432822 -0.393389 1.69528 -0.735089 -0.677793 0.0155228 -0.193587 0.187899 -0.962921 0.649744 -0.710838 -0.269335 78.9584 -11.1622 -138.527 0.21417 0.294256 -0.740325 0.565211 0
-0.434171 -0.392345 1.69569 -0.747444 -0.664114 0.0167319 -0.175797 0.173441 -0.969027 0.640642 -0.727235 -0.246387 79.8524 -10.125 -139.4 0.211902 0.285264 -0.736083 0.576111 0
-0.436287 -0.391824 1.695 -0.756034 -0.654213 0.020468 -0.155941 0.149664 -0.976362 0.635685 -0.741354 -0.21517 81.2851 -8.97137 -139.942 0.211223 0.278151 -0.72816 0.589746 0
-0.436642 -0.393057 1.69354 -0.732458 -0.680177 0.0293893 -0.200368 0.174111 -0.964126 0.650659 -0.712071 -0.263815 79.7633 -11.5585 -138.385 0.210854 0.29885 -0.736611 0.568888 0
-0.436018 -0.393819 1.69382 -0.718739 -0.694295 0.036999 -0.222456 0.179219 -0.958329 0.658732 -0.697019 -0.283262 79.4073 -12.8533 -137.494 0.210486 0.310364 -0.738448 0.560415 0
-0.434256 -0.393443 1.69414 -0.707163 -0.706538 0.0269146 -0.211739 0.1753 -0.961476 0.674601 -0.68562 -0.273567 79.6671 -12.2243 -136.35 0.22055 0.312691 -0.734171 0.560869 0
-0.435555 -0.393328 1.69378 -0.688598 -0.72435 0.0339165 -0.216169 0.160404 -0.96309 0.692173 -0.670513 -0.267036 80.5441 -12.4841 -134.852 0.226258 0.323278 -0.72733 0.561506 0
