-0.335702 -0.386899 1.45766 0.830317 0.55675 0.0245544 0.188848 -0.239641 -0.952317 -0.524318 0.795362 -0.30412 104.125 10.8856 32.2711 0.567132 0.770402 0.241951 -0.162176 0
-0.336502 -0.388987 1.45842 0.813662 0.57844 0.0579834 0.223055 -0.218531 -0.949995 -0.536844 0.785908 -0.306834 102.955 12.8885 33.4163 0.567516 0.764694 0.262031 -0.156553 0
-0.336112 -0.390669 1.4558 0.783505 0.615976 0.0818097 0.259746 -0.20506 -0.943654 -0.564492 0.760607 -0.320663 102.26 15.055 35.7716 0.560754 0.759807 0.28814 -0.158817 0
-0.335065 -0.390174 1.45145 0.775512 0.627006 0.0737905 0.249276 -0.196721 -0.948242 -0.580037 0.753767 -0.308857 101.72 14.4347 36.7943 0.563457 0.755164 0.290097 -0.167595 0
-0.334397 -0.389495 1.4496 0.768683 0.636264 0.065532 0.234341 -0.184811 -0.954426 -0.595156 0.749008 -0.291164 100.959 13.5528 37.7489 0.568487 0.749109 0.290547 -0.176751 0
-0.333965 -0.388538 1.44815 0.767522 0.638345 0.0585291 0.225078 -0.182877 -0.957025 -0.600208 0.747711 -0.28404 100.818 13.0075 38.0257 0.57022 0.747402 0.288808 -0.181187 0
-0.334558 -0.388258 1.45207 0.757815 0.651167 0.0412159 0.201492 -0.173476 -0.964006 -0.620578 0.738842 -0.262668 100.201 11.6242 39.3142 0.57482 0.740601 0.287827 -0.195572 0
-0.336649 -0.388739 1.46736 0.740555 0.671521 0.0252667 0.157126 -0.136477 -0.978103 -0.653368 0.728309 -0.206582 97.9433 9.04013 41.4209 0.591079 0.721736 0.287032 -0.217566 0
-0.339133 -0.389363 1.4849 0.692976 0.720555 0.0241797 0.134814 -0.0965612 -0.986155 -0.708244 0.686641 -0.164055 95.5924 7.74785 45.6243 0.598406 0.698855 0.30599 -0.244709 0
-0.340666 -0.390113 1.49454 0.646014 0.762845 0.0270821 0.123346 -0.0693106 -0.98994 -0.753294 0.642855 -0.138869 94.005 7.08523 49.3841 0.599549 0.680844 0.325402 -0.266659 0
-0.344645 -0.383157 1.51238 0.568794 0.8223 0.0172045 -0.0683992 0.0681371 -0.995329 -0.819631 0.56496 0.0950006 86.0838 -3.92205 55.2408 0.658014 0.592802 0.31794 -0.338404 0
-0.346459 -0.377348 1.52038 0.562013 0.8269 0.0194655 -0.12263 0.106574 -0.986714 -0.817988 0.552159 0.161299 83.8354 -7.0439 55.5083 0.676366 0.568801 0.309541 -0.350967 0
-0.348193 -0.377469 1.53361 0.55991 0.828267 0.0217703 -0.14744 0.125457 -0.981082 -0.815329 0.546108 0.192364 82.7128 -8.47862 55.5215 0.685152 0.557245 0.305443 -0.356019 0
-0.346929 -0.375055 1.54032 0.562687 0.826657 0.00474674 -0.240996 0.169528 -0.955605 -0.790762 0.536562 0.294612 79.9402 -13.9453 54.5653 0.711833 0.524058 0.279387 -0.374966 0
-0.345253 -0.374908 1.55005 0.557451 0.830207 -0.00234083 -0.324021 0.21497 -0.921302 -0.764368 0.514339 0.38884 76.866 -18.9063 53.8969 0.735061 0.488273 0.259171 -0.392562 0
-0.346891 -0.37091 1.55907 0.546108 0.83643 -0.0463717 -0.400267 0.211907 -0.891562 -0.735903 0.50545 0.450519 76.63 -23.5948 53.4211 0.743057 0.470022 0.231991 -0.416084 0
-0.34931 -0.362737 1.56628 0.566543 0.819992 -0.081501 -0.487584 0.25385 -0.835357 -0.664297 0.513005 0.543632 73.0969 -29.1819 49.5409 0.768769 0.438481 0.189522 -0.425217 0
-0.349277 -0.350833 1.5705 0.589989 0.805334 -0.0578853 -0.57492 0.368685 -0.730437 -0.566904 0.464229 0.680523 63.2178 -35.094 43.8569 0.81228 0.367689 0.156664 -0.424808 0
-0.349892 -0.335085 1.57957 0.569352 0.822093 0.000765886 -0.63151 0.437957 -0.639835 -0.52634 0.363808 0.768512 55.609 -39.1616 42.7519 0.83304 0.301199 0.158187 -0.436235 0
-0.342556 -0.3228 1.58409 0.610852 0.791668 0.0110089 -0.679841 0.531591 -0.505201 -0.405804 0.301119 0.862932 43.5419 -42.8312 33.597 0.866801 0.232556 0.120216 -0.424408 0
-0.340464 -0.309627 1.58893 0.638005 0.769776 0.0198439 -0.707011 0.595805 -0.380988 -0.305099 0.229043 0.924367 32.5969 -44.9922 25.5575 0.888563 0.171634 0.0914237 -0.415499 0
-0.343067 -0.29903 1.59075 0.644504 0.764374 0.0186033 -0.740609 0.630143 -0.233278 -0.190034 0.136571 0.972232 20.3145 -47.7833 16.4283 0.900955 0.102627 0.0578935 -0.417608 0
-0.343984 -0.300435 1.58897 0.609327 0.791227 0.0517794 -0.781059 0.610184 -0.132745 -0.136627 0.0404424 0.989797 12.2734 -51.3577 12.6381 0.895727 0.0483372 0.0525846 -0.43883 0
-0.346601 -0.300679 1.59036 0.616801 0.774737 0.139066 -0.769018 0.630809 -0.103398 -0.16783 -0.0431682 0.98487 9.30875 -50.2658 15.2215 0.898955 0.0167499 0.0853479 -0.429319 0
-0.345321 -0.299775 1.59046 0.619322 0.755989 0.211946 -0.76236 0.64358 -0.0679121 -0.187745 -0.11952 0.974919 6.02369 -49.6727 16.8645 0.899697 -0.0143403 0.111063 -0.421905 0
-0.344951 -0.299875 1.59006 0.600887 0.761059 0.244384 -0.77289 0.631177 -0.0652415 -0.203902 -0.149679 0.967481 5.9014 -50.6141 18.7439 0.894364 -0.0236027 0.125309 -0.428782 0
-0.345194 -0.299459 1.58926 0.593298 0.759152 0.267742 -0.772279 0.630629 -0.0767575 -0.227117 -0.161232 0.960428 6.93966 -50.559 20.947 0.892238 -0.0236692 0.138657 -0.429098 0
-0.345138 -0.299143 1.58755 0.607117 0.763152 0.221376 -0.766959 0.635646 -0.087908 -0.207804 -0.116415 0.971218 7.8739 -50.0816 18.895 0.896379 -0.00795072 0.119698 -0.426748 0
-0.346133 -0.299186 1.58867 0.598893 0.777409 0.192254 -0.775974 0.622681 -0.100661 -0.197967 -0.0888992 0.976169 9.18281 -50.8934 18.2916 0.894112 0.00328858 0.109109 -0.434337 0
-0.346363 -0.299539 1.58888 0.554947 0.814798 0.167746 -0.811895 0.574426 -0.104221 -0.181276 -0.0783551 0.980306 10.2836 -54.2815 18.0899 0.881714 0.00733391 0.0989614 -0.46123 0
-0.34649 -0.299197 1.58907 0.648257 0.742572 0.168373 -0.738328 0.667082 -0.0993632 -0.186103 -0.0599015 0.980703 8.47203 -47.5892 16.0178 0.90775 0.010868 0.0976247 -0.407849 0
-0.346301 -0.299577 1.58925 0.664067 0.726557 0.176437 -0.722589 0.684275 -0.0981476 -0.192041 -0.0623149 0.979406 8.16244 -46.2687 16.1293 0.912106 0.00982142 0.100997 -0.397198 0
-0.345992 -0.299377 1.58846 0.705826 0.685057 0.180294 -0.681273 0.726197 -0.0922171 -0.194103 -0.0577399 0.97928 7.23705 -42.9432 15.3763 0.923486 0.00933345 0.101354 -0.369884 0
-0.345709 -0.299666 1.58916 0.720326 0.665983 0.193901 -0.659796 0.744116 -0.104694 -0.21401 -0.0525216 0.975419 8.0087 -41.2843 16.5467 0.927343 0.014065 0.109968 -0.357413 0
-0.345652 -0.299678 1.5892 0.728131 0.657477 0.193776 -0.649269 0.752194 -0.112488 -0.219716 -0.0439067 0.974575 8.50539 -40.4865 16.7914 0.929368 0.0184485 0.111229 -0.351515 0
-0.346521 -0.299659 1.58837 0.724989 0.667489 0.169854 -0.65948 0.743869 -0.108379 -0.198691 -0.0334417 0.979491 8.28948 -41.2602 15.3262 0.928486 0.0201773 0.0992328 -0.357293 0
-0.34592 -0.298796 1.58484 0.726915 0.667464 0.161514 -0.659977 0.744006 -0.104328 -0.189802 -0.030758 0.98134 7.98221 -41.2981 14.6336 0.929013 0.0197978 0.0945401 -0.357218 0
-0.345614 -0.299118 1.58449 0.722364 0.669197 0.174261 -0.658503 0.74261 -0.12208 -0.211103 -0.0265649 0.977103 9.33554 -41.1858 16.2905 0.927642 0.0257414 0.103856 -0.357816 0
-0.344818 -0.301332 1.58327 0.707353 0.675583 0.207943 -0.645041 0.73724 -0.200995 -0.289093 0.00804278 0.957267 15.25 -40.1687 22.2297 0.922207 0.0566679 0.134741 -0.358006 0
-0.345413 -0.300811 1.58372 0.703944 0.678829 0.208936 -0.656259 0.734153 -0.174193 -0.271638 -0.0144939 0.96229 13.3478 -41.0152 21.1006 0.922007 0.043302 0.130306 -0.362006 0
-0.344421 -0.300346 1.58437 0.670419 0.668588 0.321757 -0.640191 0.740447 -0.204682 -0.375092 -0.068763 0.924434 15.4524 -39.806 29.2265 0.91314 0.037212 0.190784 -0.358318 0
-0.343591 -0.301599 1.58363 0.686961 0.663718 0.29591 -0.636495 0.746038 -0.195707 -0.350654 -0.0539024 0.934952 14.6991 -39.5309 27.0417 0.917599 0.0386345 0.176157 -0.354243 0
-0.343843 -0.301494 1.58327 0.670528 0.68323 0.289117 -0.65862 0.727589 -0.191918 -0.341483 -0.0617318 0.937858 14.7765 -41.1947 26.9886 0.913233 0.0356389 0.172629 -0.367335 0
-0.344231 -0.301447 1.58367 0.658399 0.713916 0.238402 -0.695978 0.69806 -0.168308 -0.286576 -0.0551083 0.956471 13.5558 -44.1052 23.5217 0.910073 0.0310964 0.144213 -0.387302 0
-0.344632 -0.301212 1.58343 0.665749 0.70927 0.231763 -0.694655 0.70254 -0.154573 -0.272457 -0.0580887 0.960413 12.4085 -43.9997 22.2568 0.912237 0.0264417 0.138182 -0.384748 0
-0.344885 -0.300723 1.58293 0.637694 0.736124 0.226865 -0.721957 0.673855 -0.157156 -0.26856 -0.0635689 0.961163 13.1278 -46.2163 22.838 0.904532 0.0258662 0.136929 -0.402993 0
-0.342994 -0.301481 1.58421 0.571395 0.787051 0.232503 -0.773815 0.611058 -0.166791 -0.273346 -0.0846107 0.958187 15.2673 -50.6977 25.5657 0.886093 0.0231862 0.142719 -0.440379 0
-0.342712 -0.301527 1.58418 0.569896 0.789756 0.226946 -0.77505 0.608372 -0.170826 -0.272978 -0.0785415 0.958809 15.6843 -50.8095 25.5943 0.88559 0.0260516 0.141127 -0.441741 0
-0.342462 -0.300915 1.58363 0.579096 0.781998 0.230491 -0.772949 0.616538 -0.149768 -0.259224 -0.0914276 0.96148 13.6537 -50.6194 24.115 0.888414 0.0164169 0.137806 -0.437563 0
-0.342902 -0.301514 1.58519 0.615558 0.750333 0.241018 -0.737762 0.656176 -0.158557 -0.27712 -0.0802126 0.957481 13.5844 -47.5411 24.237 0.898501 0.0217986 0.144167 -0.414049 0
-0.342264 -0.301493 1.58393 0.617931 0.749597 0.237204 -0.735472 0.657749 -0.162627 -0.277925 -0.0739651 0.957751 13.8877 -47.3471 24.2167 0.899087 0.0246532 0.143237 -0.412938 0
-0.342224 -0.301398 1.58414 0.616701 0.746731 0.249143 -0.734956 0.659552 -0.15758 -0.281993 -0.0859297 0.955561 13.4372 -47.3035 24.5727 0.898862 0.019928 0.147725 -0.412101 0
-0.341863 -0.301251 1.58353 0.62301 0.742576 0.245844 -0.731934 0.664287 -0.151643 -0.275917 -0.0854663 0.957374 12.8591 -47.0488 23.8875 0.900649 0.0183692 0.144829 -0.409291 0
-0.342353 -0.300765 1.58338 0.645111 0.724445 0.242923 -0.714924 0.684485 -0.142704 -0.269659 -0.0816118 0.959491 11.7766 -45.6369 22.6851 0.906792 0.016843 0.141317 -0.39683 0
-0.341956 -0.300763 1.58314 0.652851 0.713095 0.255502 -0.702445 0.696161 -0.148091 -0.283473 -0.082795 0.955399 12.0092 -44.6235 23.4709 0.908902 0.0179601 0.148249 -0.389355 0
-0.342228 -0.301537 1.5827 0.644024 0.724547 0.245489 -0.70749 0.686179 -0.169164 -0.291017 -0.0647354 0.954525 13.849 -45.0311 24.3169 0.906191 0.0288097 0.148011 -0.39507 0
-0.342588 -0.301213 1.58295 0.654414 0.713118 0.251406 -0.692864 0.69868 -0.178283 -0.30279 -0.0575189 0.95132 14.3148 -43.8573 24.8294 0.908902 0.0332171 0.152435 -0.386725 0
-0.341688 -0.301005 1.58267 0.643952 0.728956 0.232268 -0.71101 0.682298 -0.170103 -0.282474 -0.0556069 0.957662 13.999 -45.3171 23.685 0.906078 0.0315911 0.142025 -0.397307 0
-0.342869 -0.301208 1.58253 0.62733 0.747081 0.219833 -0.730873 0.66227 -0.164995 -0.268854 -0.057164 0.961483 13.9896 -46.9596 23.1984 0.901538 0.0299019 0.135515 -0.409842 0
-0.343107 -0.300967 1.58258 0.577294 0.789928 0.206748 -0.775506 0.609673 -0.163979 -0.25558 -0.06567 0.964555 15.0541 -50.851 23.88 0.887626 0.0276887 0.130215 -0.440905 0
-0.343145 -0.301359 1.58274 0.544706 0.812003 0.209633 -0.797864 0.578763 -0.168659 -0.258279 -0.0753886 0.963124 16.2468 -52.9266 25.3686 0.878435 0.0265445 0.133166 -0.458163 0
-0.342896 -0.301253 1.58305 0.513959 0.827786 0.22498 -0.81763 0.552066 -0.163412 -0.259474 -0.0999634 0.960563 16.4888 -54.8483 26.7871 0.869855 0.0182354 0.139234 -0.4729 0
-0.342697 -0.301273 1.58282 0.505951 0.831455 0.229555 -0.822629 0.545164 -0.161484 -0.259412 -0.107136 0.959806 16.4999 -55.3489 27.1452 0.8676 0.0156605 0.140897 -0.476626 0
-0.343506 -0.300674 1.5821 0.496097 0.842268 0.210884 -0.836883 0.528557 -0.142316 -0.231332 -0.105883 0.967096 15.0697 -56.8124 24.9999 0.864834 0.0105316 0.127833 -0.485397 0
-0.342985 -0.301251 1.58305 0.555223 0.797935 0.234579 -0.788114 0.594873 -0.158121 -0.265715 -0.0970826 0.959151 14.8853 -52.0096 25.5745 0.881653 0.0173078 0.141862 -0.449737 0
-0.342634 -0.301141 1.58236 0.567982 0.786902 0.241209 -0.773754 0.610418 -0.169399 -0.280538 -0.0904206 0.955574 15.51 -50.6922 26.2857 0.885152 0.0223064 0.147361 -0.440788 0
-0.34367 -0.300256 1.58055 0.560965 0.799839 0.213485 -0.786239 0.595476 -0.165033 -0.259125 -0.0752724 0.962906 15.4904 -51.8354 24.7935 0.883084 0.0254111 0.133795 -0.449017 0
-0.343994 -0.300279 1.58112 0.573062 0.798287 0.185305 -0.785194 0.599593 -0.154786 -0.234672 -0.0567985 0.970414 14.475 -51.7386 22.2693 0.886435 0.0276353 0.118446 -0.446587 0
-0.344391 -0.300412 1.58132 0.579616 0.79536 0.177338 -0.782953 0.60388 -0.149375 -0.225898 -0.052267 0.972748 13.8938 -51.5318 21.2927 0.888291 0.0273301 0.113486 -0.444199 0
-0.34372 -0.30034 1.58205 0.560939 0.806674 0.186074 -0.796265 0.587228 -0.145346 -0.226515 -0.0666343 0.971726 13.902 -52.7749 21.9895 0.883161 0.0222812 0.116793 -0.453751 0
-0.344113 -0.300202 1.58161 0.556786 0.810087 0.183706 -0.799903 0.582516 -0.144326 -0.223928 -0.0665883 0.972328 13.9155 -53.1209 21.909 0.881991 0.0220347 0.115544 -0.456351 0
-0.344173 -0.300315 1.58159 0.551812 0.812467 0.188151 -0.802397 0.578723 -0.145735 -0.227292 -0.0705533 0.971267 14.1345 -53.3596 22.3868 0.880597 0.021344 0.117944 -0.458457 0
-0.344601 -0.300087 1.581 0.559401 0.810306 0.174571 -0.798313 0.583358 -0.149632 -0.223085 -0.0556581 0.973209 14.3862 -52.9693 21.7417 0.882605 0.0266183 0.112637 -0.455645 0
-0.343843 -0.300662 1.58107 0.541937 0.819919 0.184493 -0.804641 0.56958 -0.167727 -0.242606 -0.0575527 0.968416 16.4084 -53.5756 24.1164 0.877487 0.0313893 0.121682 -0.462844 0
-0.343652 -0.301159 1.58055 0.555954 0.811901 0.178133 -0.796518 0.581641 -0.165085 -0.237643 -0.0501065 0.970059 15.8454 -52.7989 23.1443 0.881427 0.0326116 0.117927 -0.456197 0
-0.345111 -0.300854 1.57957 0.486973 0.860984 0.146845 -0.846944 0.506571 -0.161467 -0.213408 -0.0457399 0.975892 17.6794 -57.8808 23.6647 0.861602 0.0335789 0.10453 -0.495567 0
-0.345133 -0.300185 1.58049 0.526115 0.838529 0.141674 -0.824718 0.543731 -0.155551 -0.207467 -0.0350036 0.977616 15.9648 -55.5599 21.5212 0.872849 0.034527 0.100001 -0.476385 0
-0.345312 -0.300053 1.57966 0.560901 0.812267 0.160041 -0.79646 0.582187 -0.163433 -0.225925 -0.0357963 0.973487 15.6806 -52.7933 21.939 0.882691 0.0361499 0.109315 -0.455631 0
-0.344269 -0.300884 1.58041 0.563113 0.810845 0.15948 -0.794239 0.584336 -0.166539 -0.228227 -0.0328851 0.973052 15.9079 -52.5835 22.0625 0.883247 0.0378303 0.109739 -0.454314 0
-0.345691 -0.299958 1.58023 0.576461 0.801531 0.158876 -0.789016 0.596566 -0.146843 -0.212479 -0.0407064 0.976317 13.8283 -52.0936 20.2335 0.88732 0.0299036 0.104628 -0.448132 0
-0.344915 -0.299227 1.58115 0.583324 0.789451 0.191052 -0.782741 0.609182 -0.127337 -0.216911 -0.0752653 0.973285 11.8065 -51.5122 20.3979 0.889634 0.0146328 0.114644 -0.441809 0
-0.34491 -0.299654 1.58005 0.55834 0.808405 0.186384 -0.799475 0.584307 -0.139377 -0.221578 -0.071189 0.972541 13.4163 -53.08 21.6458 0.882495 0.0193169 0.115571 -0.455493 0
-0.343928 -0.299907 1.58075 0.549822 0.812197 0.195018 -0.800724 0.57897 -0.15374 -0.237776 -0.0716257 0.968675 14.8712 -53.1993 23.3866 0.879981 0.0233284 0.122955 -0.458226 0
-0.345366 -0.298527 1.57947 0.521183 0.837355 0.164943 -0.83105 0.541922 -0.125205 -0.194227 -0.0718208 0.978324 13.0093 -56.2068 20.4388 0.871985 0.0153055 0.102975 -0.478336 0
-0.344751 -0.298688 1.58023 0.517102 0.833288 0.195541 -0.830877 0.543558 -0.119117 -0.205546 -0.100875 0.973435 12.3606 -56.1889 21.6777 0.870933 0.00523627 0.115132 -0.477696 0
-0.344898 -0.298918 1.58043 0.511923 0.839198 0.183524 -0.837222 0.535241 -0.112139 -0.192337 -0.0962439 0.976598 11.833 -56.848 20.5919 0.869448 0.00457053 0.108075 -0.482036 0
-0.3462 -0.298175 1.5801 0.534422 0.833151 0.142312 -0.829881 0.549163 -0.0985802 -0.160285 -0.0654185 0.984901 10.1768 -56.0865 16.6951 0.875855 0.00946553 0.0863717 -0.474688 0
-0.34635 -0.298101 1.58 0.538503 0.832605 0.129546 -0.82871 0.551138 -0.0973968 -0.152491 -0.0549077 0.986778 10.0218 -55.9665 15.8108 0.876986 0.0121123 0.0803995 -0.473587 0
-0.346034 -0.297451 1.58061 0.521433 0.842345 0.136246 -0.840277 0.534673 -0.0897741 -0.148468 -0.0676736 0.986599 9.53132 -57.1694 15.8933 0.872168 0.00633493 0.0816112 -0.48231 0
-0.346042 -0.298132 1.58095 0.524902 0.835554 0.162258 -0.833974 0.542988 -0.0982465 -0.170194 -0.0837494 0.981845 10.256 -56.5091 17.9648 0.873174 0.00415067 0.0951851 -0.478005 0
-0.345114 -0.298161 1.58036 0.535631 0.826892 0.171316 -0.824917 0.555744 -0.103255 -0.180589 -0.0860148 0.97979 10.5254 -55.58 18.6316 0.876237 0.00491892 0.100402 -0.471279 0
-0.344763 -0.298744 1.58061 0.559489 0.810635 0.17275 -0.806838 0.580379 -0.11033 -0.189698 -0.0776532 0.978767 10.7635 -53.7881 18.7295 0.882983 0.00925181 0.10262 -0.457957 0
-0.345486 -0.298892 1.58114 0.579373 0.797879 0.166482 -0.792837 0.599067 -0.111932 -0.189042 -0.0671423 0.979671 10.5834 -52.4514 18.0709 0.888554 0.012602 0.100029 -0.447558 0
-0.345361 -0.298681 1.57899 0.577811 0.797867 0.171879 -0.786943 0.600477 -0.141946 -0.216463 -0.0532411 0.974838 13.2999 -51.9007 20.5373 0.887852 0.0249773 0.109349 -0.446248 0
-0.345396 -0.298946 1.57923 0.562536 0.80852 0.172769 -0.798087 0.585598 -0.14189 -0.215894 -0.0580662 0.974689 13.6203 -52.9478 20.9962 0.883575 0.0237173 0.109969 -0.454575 0
-0.345458 -0.298579 1.57908 0.533873 0.829539 0.163843 -0.821215 0.554838 -0.133268 -0.201457 -0.0634019 0.977443 13.5062 -55.2066 20.674 0.875522 0.0199498 0.104309 -0.471363 0
-0.345409 -0.297785 1.57962 0.524158 0.834834 0.168254 -0.832128 0.544094 -0.107348 -0.181164 -0.0837419 0.979881 11.1609 -56.318 19.0666 0.872945 0.00676053 0.100069 -0.477396 0
-0.345518 -0.298392 1.58012 0.486856 0.854824 0.179573 -0.851087 0.510495 -0.122663 -0.196526 -0.0931131 0.976067 13.511 -58.3301 21.9821 0.86218 0.00856822 0.109055 -0.494651 0
-0.345163 -0.299087 1.58021 0.437071 0.878311 0.193749 -0.875385 0.464874 -0.132638 -0.206567 -0.111633 0.972043 15.9245 -61.0906 25.2961 0.847642 0.00619522 0.118067 -0.517228 0
-0.345661 -0.298799 1.57879 0.425904 0.889303 0.166572 -0.881199 0.449467 -0.146521 -0.20517 -0.0843793 0.975082 18.0553 -61.7873 25.7214 0.844164 0.0184032 0.110092 -0.524336 0
-0.345432 -0.298275 1.5789 0.464732 0.870116 0.164081 -0.86443 0.48598 -0.12878 -0.191794 -0.0819886 0.978005 14.8418 -59.8177 22.4259 0.855675 0.013671 0.103975 -0.506777 0
-0.3457 -0.298313 1.57903 0.489152 0.857803 0.157808 -0.852322 0.508522 -0.122282 -0.185143 -0.0746884 0.979869 13.5209 -58.4651 20.7315 0.862778 0.0137908 0.0993738 -0.495529 0
-0.34563 -0.297849 1.58003 0.516824 0.839756 0.166442 -0.838243 0.535886 -0.100874 -0.173903 -0.0873844 0.980878 10.6605 -56.955 18.5973 0.87086 0.00387244 0.0977036 -0.481707 0
-0.345732 -0.297585 1.5791 0.52494 0.83609 0.159347 -0.832919 0.54315 -0.10599 -0.175167 -0.0770843 0.981517 11.0419 -56.3998 18.4533 0.873156 0.00827629 0.095777 -0.477867 0
-0.345729 -0.29698 1.57944 0.532546 0.833065 0.149656 -0.832847 0.547278 -0.0827841 -0.150868 -0.0805543 0.985266 8.60165 -56.3923 15.8172 0.87537 0.000636809 0.0858278 -0.475774 0
-0.346112 -0.296582 1.57875 0.525683 0.839595 0.136886 -0.839268 0.538141 -0.0776705 -0.138876 -0.0740538 0.987537 8.21285 -57.0629 14.7984 0.873407 0.00103524 0.0789327 -0.48055 0
-0.344678 -0.297112 1.57897 0.556945 0.806692 0.197637 -0.803178 0.583706 -0.119132 -0.211465 -0.0923876 0.973009 11.5354 -53.4346 20.7911 0.882278 0.00757833 0.115922 -0.456168 0
-0.345005 -0.297651 1.57812 0.564447 0.808215 0.167894 -0.799169 0.585973 -0.134034 -0.20671 -0.0585206 0.976651 12.8841 -53.0508 20.1136 0.884176 0.0213514 0.105919 -0.454486 0
-0.345611 -0.29777 1.57865 0.558001 0.816857 0.146214 -0.809476 0.574587 -0.120829 -0.182713 -0.050934 0.981846 11.8756 -54.0447 18.1306 0.882388 0.0198028 0.0931923 -0.460776 0
-0.345726 -0.297147 1.57927 0.591107 0.792013 0.152673 -0.788751 0.607174 -0.0959779 -0.168715 -0.063688 0.983605 8.98261 -52.0689 15.9299 0.891892 0.00905096 0.0900861 -0.443093 0
-0.344726 -0.29695 1.58027 0.617347 0.769366 0.164191 -0.770086 0.633663 -0.073748 -0.160781 -0.0809133 0.983668 6.63843 -50.3616 14.5978 0.89926 -0.001992 0.0903443 -0.427977 0
-0.34534 -0.297108 1.57912 0.584522 0.792595 0.173569 -0.792499 0.603583 -0.0873637 -0.174007 -0.0864875 0.980939 8.2359 -52.4197 16.5778 0.89009 0.000246087 0.097624 -0.445206 0
-0.345794 -0.296981 1.57965 0.717337 0.681098 0.146738 -0.680765 0.730005 -0.0604267 -0.148276 -0.0565481 0.987328 4.73191 -42.9035 11.6788 0.926643 0.00104641 0.0795923 -0.367419 0
-0.345444 -0.297198 1.57939 0.724516 0.672649 0.150398 -0.669713 0.738602 -0.0771409 -0.162973 -0.0448334 0.985611 5.96246 -42.0449 12.6771 0.928538 0.00869849 0.084372 -0.361418 0
-0.345966 -0.297234 1.57983 0.75808 0.63843 0.133124 -0.636268 0.768823 -0.0638343 -0.143102 -0.0363108 0.989042 4.74631 -39.5141 10.6899 0.937543 0.00733927 0.0736569 -0.339904 0
-0.345841 -0.296688 1.57932 0.754153 0.641635 0.13985 -0.640816 0.765585 -0.0568633 -0.143553 -0.0467345 0.988539 4.2478 -39.8527 10.7773 0.93652 0.00270385 0.0756531 -0.342345 0
-0.345128 -0.296532 1.57946 0.738527 0.655839 0.156374 -0.655069 0.752871 -0.0637932 -0.159567 -0.0553225 0.985636 4.84328 -40.9249 12.192 0.93234 0.00227136 0.0847171 -0.35151 0
-0.345406 -0.296737 1.58097 0.737705 0.651376 0.177483 -0.651993 0.755596 -0.0630934 -0.175203 -0.0691734 0.982099 4.77321 -40.692 13.3601 0.932121 -0.0016307 0.0945924 -0.349571 0
-0.345523 -0.296213 1.57855 0.715774 0.682792 0.1465 -0.681611 0.728721 -0.0661136 -0.151899 -0.0525335 0.986999 5.184 -42.9697 11.9814 0.926215 0.0036655 0.0805427 -0.368274 0
-0.346385 -0.296534 1.57913 0.727676 0.673603 0.129406 -0.67129 0.738124 -0.0673967 -0.140916 -0.0378256 0.989299 5.2171 -42.1667 10.9598 0.929395 0.00795439 0.0727144 -0.361766 0
-0.345756 -0.296711 1.57972 0.719052 0.680189 0.142501 -0.679363 0.731176 -0.0620359 -0.146389 -0.0522029 0.987849 4.84959 -42.7939 11.5074 0.927103 0.00265154 0.0779014 -0.366613 0
-0.345151 -0.296738 1.57958 0.716267 0.678314 0.163867 -0.676143 0.732687 -0.0774618 -0.172607 -0.0553144 0.983436 6.03506 -42.5429 13.5489 0.926336 0.00597715 0.0908079 -0.365541 0
-0.34498 -0.2963 1.57845 0.665884 0.72929 0.157273 -0.730699 0.680073 -0.0598322 -0.150592 -0.0750781 0.985741 5.02788 -46.945 12.7433 0.912647 -0.0041763 0.0843332 -0.399933 0
-0.345136 -0.296371 1.57905 0.633207 0.756002 0.16586 -0.758806 0.648598 -0.0594495 -0.152521 -0.0882118 0.984356 5.237 -49.359 13.5428 0.903626 -0.00795747 0.0880842 -0.419091 0
-0.345683 -0.295885 1.57827 0.578424 0.802696 0.145272 -0.805435 0.590203 -0.0541806 -0.12923 -0.0856674 0.987907 5.24505 -53.6522 12.5941 0.888332 -0.00886121 0.0772521 -0.45257 0
-0.344865 -0.296316 1.57861 0.563317 0.81052 0.160409 -0.814529 0.577338 -0.0567678 -0.138622 -0.0986797 0.985417 5.61566 -54.5409 13.8247 0.884035 -0.0118524 0.0845642 -0.459555 0
-0.345553 -0.29657 1.57851 0.581073 0.799089 0.154308 -0.799801 0.595762 -0.0733915 -0.150577 -0.0807697 0.985293 7.02284 -53.1111 14.5279 0.889119 -0.00207457 0.0857267 -0.449572 0
-0.345556 -0.296296 1.57798 0.615282 0.773883 0.150108 -0.775792 0.628231 -0.0589327 -0.139909 -0.0801921 0.986912 5.35909 -50.8769 12.8107 0.898669 -0.00591413 0.0806796 -0.431103 0
-0.345923 -0.296621 1.57807 0.634207 0.757875 0.152993 -0.758331 0.648314 -0.0679928 -0.150717 -0.0728979 0.985885 5.98708 -49.3173 13.3682 0.903937 -0.00135659 0.0839966 -0.419334 0
-0.345798 -0.296629 1.57944 0.661657 0.729281 0.174239 -0.733038 0.678022 -0.0542267 -0.157685 -0.0918445 0.983209 4.57266 -47.1417 13.4046 0.91144 -0.0103182 0.0910438 -0.401101 0
-0.345662 -0.295983 1.57849 0.727602 0.667759 0.157137 -0.669674 0.741077 -0.048393 -0.148766 -0.07002 0.98639 3.73617 -42.0419 11.5554 0.929391 -0.0058175 0.0822859 -0.359761 0
-0.346476 -0.296025 1.57874 0.748682 0.649104 0.134682 -0.649567 0.758877 -0.0465602 -0.132429 -0.052626 0.989794 3.51093 -40.509 10.0309 0.935061 -0.00162175 0.0714154 -0.347216 0
-0.345621 -0.295897 1.57835 0.758387 0.637258 0.136937 -0.636609 0.769275 -0.054264 -0.139923 -0.0460224 0.989092 4.03491 -39.5394 10.4535 0.937651 0.0021974 0.0738175 -0.339643 0
-0.345397 -0.296103 1.57928 0.751142 0.642754 0.150509 -0.644134 0.763528 -0.0460046 -0.144488 -0.0623921 0.987538 3.44805 -40.1008 10.8883 0.935709 -0.00437838 0.0788164 -0.343827 0
-0.345411 -0.295815 1.57848 0.768336 0.621024 0.154883 -0.623747 0.780779 -0.0363803 -0.143522 -0.0686556 0.987263 2.66776 -38.5903 10.5807 0.940263 -0.00858146 0.079341 -0.330964 0
-0.345721 -0.29632 1.57842 0.74835 0.646706 0.14746 -0.648249 0.760159 -0.0439602 -0.140522 -0.0626933 0.988091 3.30975 -40.4097 10.635 0.93496 -0.00500904 0.077004 -0.346259 0
-0.345542 -0.296249 1.57858 0.713984 0.68127 0.161549 -0.682183 0.728831 -0.0585813 -0.157651 -0.0683795 0.985125 4.59539 -43.0144 12.4514 0.925735 -0.00264606 0.0862018 -0.368208 0
-0.345109 -0.296372 1.57825 0.713843 0.683293 0.153422 -0.680967 0.728397 -0.07564 -0.163437 -0.0504804 0.985261 5.9286 -42.9192 12.8958 0.925676 0.00679493 0.085575 -0.36845 0
-0.345032 -0.296641 1.57831 0.705732 0.687333 0.171802 -0.686231 0.72346 -0.0754537 -0.176154 -0.0646457 0.982238 5.95417 -43.3325 14.0149 0.923503 0.00292581 0.0941945 -0.371835 0
-0.345689 -0.295492 1.57811 0.71636 0.671874 0.188186 -0.672691 0.736664 -0.0693776 -0.185243 -0.0768918 0.97968 5.38014 -42.2751 14.4985 0.926378 -0.00202785 0.100777 -0.362855 0
-0.345606 -0.295486 1.57786 0.710328 0.685775 0.158574 -0.688198 0.723934 -0.0479876 -0.147706 -0.0750436 0.98618 3.79243 -43.4876 11.7467 0.924722 -0.00731461 0.0828034 -0.371456 0
-0.345104 -0.296051 1.57835 0.701339 0.696212 0.153009 -0.697324 0.714618 -0.0553211 -0.147858 -0.0678979 0.986675 4.42664 -44.2127 11.9049 0.922311 -0.00340905 0.0815525 -0.377729 0
-0.345316 -0.29674 1.57898 0.697504 0.696941 0.166618 -0.696738 0.713941 -0.0696061 -0.167467 -0.0675387 0.983562 5.56849 -44.1659 13.5009 0.921277 0.000560998 0.0906581 -0.378192 0
-0.345268 -0.296866 1.57882 0.689318 0.703829 0.171657 -0.702227 0.707386 -0.0805147 -0.178096 -0.0650416 0.981861 6.49346 -44.606 14.4865 0.919044 0.00420901 0.0951403 -0.382478 0
-0.345404 -0.296065 1.57766 0.680032 0.712026 0.174861 -0.714538 0.697057 -0.0595593 -0.164296 -0.0844424 0.98279 4.88372 -45.6053 13.5824 0.916499 -0.00678753 0.0925142 -0.389134 0
-0.34505 -0.296152 1.57789 0.675321 0.719035 0.164101 -0.721954 0.689971 -0.0521777 -0.150742 -0.0832364 0.985063 4.32465 -46.2161 12.583 0.915199 -0.00848414 0.0860039 -0.393628 0
-0.345239 -0.296037 1.5788 0.625755 0.763653 0.158948 -0.768362 0.638568 -0.0430185 -0.13435 -0.0952104 0.986349 3.85403 -50.207 12.1175 0.901481 -0.0144739 0.0813378 -0.424861 0
-0.345191 -0.295694 1.57917 0.584531 0.794962 0.162353 -0.801409 0.596937 -0.0375356 -0.126754 -0.108171 0.986018 3.59804 -53.2649 12.235 0.889872 -0.0198442 0.0812217 -0.448484 0
-0.345488 -0.29564 1.57818 0.576398 0.802788 0.152633 -0.807869 0.587909 -0.0413572 -0.122935 -0.0994691 0.987417 4.02392 -53.8883 12.0398 0.887655 -0.0163667 0.0776112 -0.453627 0
-0.345401 -0.296127 1.57846 0.599451 0.78354 0.163473 -0.788495 0.61319 -0.0476821 -0.137601 -0.100314 0.985395 4.44641 -52.0451 12.928 0.894153 -0.0147157 0.0841784 -0.439532 0
-0.345653 -0.295837 1.57812 0.591457 0.78659 0.177357 -0.794792 0.605798 -0.0362493 -0.135956 -0.119522 0.983479 3.42434 -52.6357 12.9455 0.891731 -0.0233459 0.0878384 -0.443346 0
-0.34503 -0.296898 1.57859 0.613991 0.766112 0.189967 -0.77016 0.634179 -0.0683353 -0.172826 -0.104348 0.979409 6.15011 -50.3683 15.7208 0.898273 -0.0100227 0.100969 -0.427563 0
-0.345087 -0.296604 1.5781 0.615439 0.769481 0.170687 -0.771946 0.632188 -0.0666178 -0.159167 -0.0907621 0.983071 6.01544 -50.529 14.5004 0.898707 -0.00671639 0.0917581 -0.42879 0
-0.345111 -0.2974 1.57767 0.667026 0.721349 0.186364 -0.715156 0.690049 -0.111282 -0.208873 -0.0590518 0.976158 9.16101 -45.656 17.3875 0.912857 0.014304 0.108242 -0.393409 0
-0.345285 -0.296989 1.57772 0.635511 0.755298 0.160157 -0.750801 0.652922 -0.0999544 -0.180065 -0.0567239 0.982018 8.70371 -48.6598 15.8195 0.904219 0.0119524 0.0940653 -0.416409 0
-0.346064 -0.296538 1.57865 0.565454 0.808231 0.164394 -0.811524 0.580794 -0.064092 -0.14728 -0.0971683 0.98431 6.29725 -54.2451 14.5991 0.884669 -0.00934707 0.0880763 -0.457729 0
-0.345942 -0.296337 1.57788 0.514164 0.841307 0.166846 -0.846761 0.528872 -0.0573621 -0.136499 -0.111785 0.984313 6.19016 -57.8611 14.8679 0.869964 -0.0156395 0.0871719 -0.485097 0
-0.346116 -0.296161 1.57864 0.506397 0.848202 0.15529 -0.854383 0.517892 -0.0426344 -0.116586 -0.111087 0.986949 4.70614 -58.6916 12.9651 0.867646 -0.0197236 0.0783371 -0.490576 0
-0.345456 -0.296014 1.57849 0.524319 0.83595 0.162101 -0.839571 0.539289 -0.0654832 -0.14216 -0.101761 0.984599 6.92326 -57.0949 15.17 0.872956 -0.0103893 0.0871351 -0.479841 0
-0.3459 -0.296243 1.57845 0.510327 0.846447 0.151966 -0.850738 0.522735 -0.0547067 -0.125744 -0.101365 0.986871 5.97452 -58.292 13.8419 0.868898 -0.0134245 0.0799029 -0.488316 0
-0.345959 -0.296349 1.57772 0.507901 0.849245 0.144288 -0.853057 0.519144 -0.0527588 -0.119712 -0.0962896 0.988128 5.80285 -58.5457 13.2625 0.868213 -0.0125346 0.0760181 -0.490174 0
-0.346022 -0.295855 1.57758 0.500342 0.853059 0.148148 -0.858456 0.511047 -0.0434183 -0.112749 -0.105454 0.988012 4.85616 -59.1436 12.6991 0.865939 -0.0179101 0.0753219 -0.494121 0
-0.346198 -0.295305 1.57735 0.508074 0.850224 0.137766 -0.855546 0.516653 -0.033319 -0.0995059 -0.100937 0.989904 3.6899 -58.8201 11.0811 0.868135 -0.0194721 0.0683281 -0.491217 0
-0.345558 -0.295823 1.57845 0.514154 0.846801 0.136288 -0.850008 0.5243 -0.0509421 -0.114593 -0.0896535 0.989359 5.54955 -58.2126 12.5646 0.870031 -0.0111236 0.0720897 -0.487572 0
-0.345055 -0.295702 1.57973 0.529756 0.831268 0.168381 -0.838406 0.543253 -0.0441798 -0.128199 -0.117767 0.984731 4.64932 -56.9721 13.6038 0.87432 -0.0210412 0.0848028 -0.477421 0
-0.344303 -0.295126 1.57939 0.486176 0.860355 0.153045 -0.866883 0.496928 -0.0396994 -0.110208 -0.113371 0.987422 4.56764 -60.0985 12.7721 0.861761 -0.0213724 0.0763705 -0.501078 0
-0.345359 -0.295729 1.57766 0.466958 0.870841 0.15358 -0.87657 0.478736 -0.049361 -0.11651 -0.111575 0.986903 5.8868 -61.2314 14.0097 0.856241 -0.0181647 0.0788593 -0.510198 0
-0.346017 -0.29604 1.57811 0.449025 0.879586 0.157179 -0.88707 0.45993 -0.0396443 -0.107162 -0.121628 0.986774 4.92652 -62.5073 13.4229 0.850842 -0.0240889 0.0776706 -0.51909 0
-0.345685 -0.29581 1.57843 0.428475 0.889447 0.159036 -0.897419 0.439398 -0.0396115 -0.105113 -0.12575 0.986478 5.15125 -63.8208 13.7835 0.844741 -0.0254925 0.0781745 -0.52882 0
-0.344305 -0.296283 1.57765 0.417887 0.891166 0.176618 -0.89726 0.435327 -0.07358 -0.142458 -0.127724 0.981525 9.59359 -63.8003 18.8244 0.841834 -0.0160792 0.0947562 -0.53111 0
-0.345814 -0.296091 1.5789 0.337359 0.929647 0.148141 -0.935594 0.348524 -0.0565203 -0.104175 -0.119532 0.98735 9.21148 -69.3243 17.1604 0.817501 -0.0192696 0.0771605 -0.570409 0
-0.346017 -0.295929 1.57874 0.267749 0.953206 0.14039 -0.960016 0.276297 -0.0450514 -0.0817326 -0.122714 0.989071 9.26084 -73.743 16.9753 0.795788 -0.0243981 0.0697807 -0.601046 0
-0.345703 -0.296371 1.57772 0.240651 0.957348 0.159913 -0.964558 0.254255 -0.070587 -0.108235 -0.137259 0.984604 15.5159 -74.7001 24.2162 0.787323 -0.0211704 0.0851455 -0.610266 0
-0.346606 -0.295409 1.57871 0.212838 0.946205 0.243712 -0.967351 0.239181 -0.0838092 -0.137592 -0.217917 0.96622 19.3105 -75.3189 32.8812 0.777534 -0.0431197 0.1226 -0.615264 0
-0.345269 -0.296661 1.57737 0.238784 0.954163 0.180429 -0.963544 0.255899 -0.0780922 -0.120684 -0.155204 0.980483 16.9705 -74.4815 26.8126 0.786633 -0.024507 0.0956969 -0.609467 0
-0.343909 -0.297228 1.5792 0.218152 0.939923 0.262592 -0.964573 0.248567 -0.0883919 -0.148353 -0.234006 0.96085 19.5757 -74.7034 34.2175 0.779033 -0.0467292 0.131877 -0.611173 0
-0.344579 -0.297394 1.57864 0.234433 0.941214 0.243224 -0.95911 0.264751 -0.100074 -0.158585 -0.209818 0.964794 20.7062 -73.5587 34.0768 0.784853 -0.0349568 0.127988 -0.605312 0
-0.344965 -0.29608 1.57761 0.109049 0.938252 0.328317 -0.98797 0.138734 -0.068321 -0.109651 -0.316917 0.942094 26.2184 -81.1038 45.1579 0.739912 -0.0839952 0.14798 -0.650828 0
-0.344588 -0.29497 1.57773 0.111244 0.932406 0.343865 -0.988039 0.140948 -0.0625477 -0.106787 -0.332794 0.936934 23.9299 -81.1294 43.829 0.739785 -0.0913261 0.152292 -0.648988 0
-0.343987 -0.297169 1.57687 0.134405 0.93216 0.336174 -0.982514 0.169473 -0.0771055 -0.128847 -0.319932 0.938638 24.4642 -79.2695 43.7905 0.748752 -0.0810772 0.155265 -0.639289 0
-0.343766 -0.296848 1.57699 0.120112 0.929566 0.348541 -0.985161 0.154963 -0.0737905 -0.122604 -0.334506 0.934384 25.4629 -80.1171 45.5883 0.743212 -0.0876988 0.158483 -0.644071 0
-0.343878 -0.297573 1.57681 0.0776209 0.931744 0.354724 -0.985554 0.12543 -0.113803 -0.150528 -0.340766 0.928019 42.2177 -80.2492 62.7218 0.729909 -0.0777365 0.173053 -0.65669 0
-0.343393 -0.296854 1.57719 0.108405 0.927847 0.356858 -0.98788 0.140662 -0.065633 -0.111094 -0.345418 0.93185 25.0138 -81.0704 45.7018 0.738396 -0.0947272 0.158435 -0.648611 0
-0.344219 -0.29734 1.57656 0.107706 0.92318 0.368969 -0.983305 0.153669 -0.0974521 -0.146665 -0.352313 0.924319 32.3816 -79.5158 53.7077 0.739205 -0.0861942 0.174388 -0.644776 0
-0.343073 -0.299038 1.57699 0.0392721 0.923594 0.381354 -0.979848 0.110398 -0.166465 -0.195846 -0.367132 0.909318 56.4481 -78.4779 78.6611 0.717459 -0.0699228 0.201127 -0.663259 0
-0.34355 -0.299096 1.57659 0.0556169 0.923685 0.379096 -0.975648 0.13096 -0.175954 -0.212172 -0.360078 0.908475 53.3401 -77.3297 75.3115 0.723715 -0.063604 0.204248 -0.656106 0
-0.343292 -0.298787 1.57669 0.0622053 0.926275 0.371678 -0.977802 0.131215 -0.163359 -0.200085 -0.353266 0.913876 51.2274 -77.9051 72.7298 0.725827 -0.0654105 0.196935 -0.655831 0
-0.342366 -0.298844 1.57853 0.0653986 0.913776 0.400918 -0.977342 0.139712 -0.159007 -0.20131 -0.381436 0.902209 48.6957 -77.78 72.0028 0.725831 -0.0766118 0.207427 -0.651364 0
-0.342736 -0.298474 1.5777 0.0756057 0.915777 0.394507 -0.978377 0.144516 -0.147966 -0.192517 -0.37479 0.906901 45.6758 -78.0633 68.5589 0.729216 -0.0777628 0.201252 -0.64938 0
-0.342247 -0.297983 1.57616 0.0692655 0.916736 0.393444 -0.980874 0.134497 -0.140701 -0.181903 -0.376173 0.908518 46.2913 -78.7761 69.154 0.726684 -0.0810093 0.197936 -0.652831 0
-0.34179 -0.298144 1.57642 0.041513 0.916791 0.397203 -0.987677 0.0976948 -0.122266 -0.150897 -0.387233 0.90955 51.3738 -80.996 74.618 0.715674 -0.0925587 0.191463 -0.665271 0
-0.342971 -0.298826 1.57748 -0.0355299 0.920543 0.389022 -0.98971 0.0215766 -0.141449 -0.138603 -0.390045 0.910305 81.3269 -81.7736 104.378 0.68854 -0.090262 0.191574 -0.693588 0
-0.341652 -0.298053 1.57679 0.0124823 0.908955 0.416706 -0.992452 0.0621079 -0.105747 -0.122 -0.412241 0.90287 59.5731 -82.9557 84.1582 0.703111 -0.108978 0.191544 -0.676069 0
-0.342106 -0.298737 1.57686 -0.038881 0.922135 0.38491 -0.992738 0.00823728 -0.120014 -0.113839 -0.386781 0.915118 86.0736 -83.0908 108.857 0.686381 -0.0971646 0.181659 -0.697453 0
-0.343752 -0.298559 1.57711 -0.0547289 0.924468 0.37731 -0.991122 -0.00443983 -0.132884 -0.121172 -0.381233 0.916504 91.9136 -82.3594 114.307 0.68142 -0.0911143 0.182883 -0.702793 0
-0.343388 -0.298714 1.577 -0.016845 0.926355 0.376275 -0.98977 0.0378741 -0.137552 -0.141674 -0.374743 0.91624 74.6055 -81.7975 96.7807 0.695929 -0.0852064 0.186064 -0.688333 0
-0.343025 -0.298604 1.57697 -0.00313815 0.92821 0.372044 -0.991244 0.0462255 -0.123689 -0.132007 -0.369174 0.919937 69.5081 -82.4123 91.3618 0.70054 -0.0876058 0.179879 -0.684991 0
-0.342462 -0.298442 1.57747 0.0130399 0.917503 0.397515 -0.990357 0.0666879 -0.121435 -0.137926 -0.392098 0.909525 61.2259 -82.0365 84.5992 0.705204 -0.0959518 0.189818 -0.67635 0
-0.342354 -0.298528 1.57744 0.044502 0.91469 0.4017 -0.987176 0.10197 -0.122827 -0.15331 -0.391082 0.907497 50.3008 -80.8141 73.8133 0.716584 -0.0935881 0.19363 -0.663518 0
-0.342716 -0.298059 1.57675 0.13729 0.910551 0.389934 -0.975475 0.192661 -0.10644 -0.172044 -0.365758 0.91467 28.9195 -77.2846 51.4104 0.749103 -0.0865429 0.18755 -0.629428 0
-0.342635 -0.299916 1.57657 -0.101096 0.911592 0.398472 -0.98327 -0.030551 -0.179573 -0.151523 -0.40996 0.89943 99.6554 -79.5048 123.711 0.66479 -0.0866389 0.206831 -0.712579 0
-0.343121 -0.298821 1.57664 0.146625 0.905198 0.398896 -0.966633 0.216745 -0.13654 -0.210054 -0.365565 0.906774 32.2091 -75.1572 55.0837 0.75335 -0.0760024 0.202081 -0.621169 0
-0.342566 -0.298029 1.57631 0.217698 0.878023 0.426243 -0.948159 0.293845 -0.121035 -0.231521 -0.377797 0.896475 22.3868 -71.4703 46.7625 0.775889 -0.0827316 0.211939 -0.588416 0
-0.342592 -0.298617 1.57732 0.221166 0.89819 0.37992 -0.946376 0.291736 -0.138788 -0.235494 -0.328852 0.914548 25.4418 -71.1515 46.7971 0.779014 -0.0609953 0.197498 -0.591956 0
-0.342728 -0.298548 1.57648 0.290825 0.880236 0.374974 -0.922792 0.361581 -0.133093 -0.252736 -0.307316 0.917432 20.2079 -67.3378 40.9917 0.801536 -0.0543405 0.195784 -0.562367 0
-0.343395 -0.298276 1.57616 0.300149 0.874592 0.380789 -0.919561 0.371425 -0.128259 -0.253609 -0.311662 0.915723 19.0507 -66.862 40.1959 0.804254 -0.0570102 0.197201 -0.557707 0
-0.342839 -0.298681 1.57692 0.301458 0.874852 0.379154 -0.923245 0.367172 -0.11315 -0.238204 -0.315942 0.918389 17.1276 -67.4052 38.3149 0.804211 -0.0630408 0.191914 -0.558963 0
-0.343239 -0.298395 1.57698 0.292915 0.874641 0.386269 -0.927885 0.357513 -0.105895 -0.230717 -0.327395 0.916287 16.4993 -68.1075 38.226 0.801049 -0.069128 0.192556 -0.562552 0
-0.342104 -0.298541 1.57726 0.295652 0.870459 0.393563 -0.923742 0.365508 -0.114474 -0.243495 -0.329706 0.912143 17.3901 -67.4795 39.4744 0.802076 -0.067086 0.198565 -0.559237 0
-0.341281 -0.298289 1.57776 0.286478 0.859934 0.422427 -0.917386 0.373351 -0.137885 -0.276285 -0.348027 0.895848 20.27 -66.5469 43.9624 0.799324 -0.0657251 0.218532 -0.555882 0
-0.341766 -0.299299 1.5757 0.313709 0.859869 0.402756 -0.907275 0.396563 -0.139967 -0.280071 -0.321501 0.904542 19.4405 -65.1314 41.7577 0.808519 -0.0561318 0.211135 -0.546414 0
-0.342068 -0.299095 1.57653 0.311443 0.859842 0.404568 -0.909356 0.393249 -0.135749 -0.275818 -0.325619 0.904376 19.0446 -65.4165 41.5286 0.80763 -0.0587739 0.210612 -0.547651 0
-0.340647 -0.298891 1.57676 0.263205 0.869932 0.417063 -0.92966 0.344226 -0.131302 -0.257788 -0.353168 0.899343 20.879 -68.3819 44.4042 0.79164 -0.0700651 0.213118 -0.568312 0
-0.341189 -0.298665 1.57735 0.205307 0.888927 0.40946 -0.952293 0.277971 -0.125979 -0.225804 -0.364062 0.903588 24.3805 -72.2307 47.7221 0.772474 -0.0770521 0.205594 -0.595884 0
-0.342534 -0.298969 1.57622 0.115358 0.920566 0.373164 -0.975947 0.174999 -0.130011 -0.184987 -0.349191 0.918611 36.6094 -77.4079 58.0523 0.74313 -0.0737355 0.18777 -0.638015 0
-0.343067 -0.298537 1.57696 0.245767 0.896634 0.368302 -0.944822 0.306486 -0.115664 -0.216588 -0.319554 0.922483 20.6759 -70.8778 41.3888 0.786565 -0.0648038 0.1859 -0.585284 0
-0.343529 -0.298424 1.57676 0.273189 0.891546 0.361266 -0.934009 0.335708 -0.122177 -0.230206 -0.304048 0.924424 19.9984 -69.0687 40.1196 0.79582 -0.0571332 0.185806 -0.573482 0
-0.342736 -0.299119 1.57727 0.272678 0.876401 0.396949 -0.916756 0.361856 -0.16917 -0.291899 -0.317777 0.902116 25.0564 -66.4563 46.9499 0.796343 -0.0466529 0.216254 -0.562935 0
-0.342927 -0.298885 1.57697 0.259126 0.882253 0.393044 -0.919817 0.349545 -0.178196 -0.294601 -0.315353 0.902088 27.0122 -66.8994 48.6656 0.792269 -0.04328 0.216986 -0.568642 0
-0.343991 -0.298683 1.57664 0.237761 0.901457 0.361725 -0.936376 0.311715 -0.161349 -0.258205 -0.300348 0.918216 27.3669 -69.4516 47.3604 0.785445 -0.044242 0.197318 -0.584966 0
-0.341975 -0.29805 1.57753 0.235386 0.86941 0.434418 -0.932547 0.327943 -0.151026 -0.273767 -0.369566 0.88796 24.7272 -68.8355 49.311 0.78283 -0.0697919 0.226162 -0.575463 0
-0.341259 -0.298331 1.57857 0.235318 0.868724 0.435827 -0.936079 0.323226 -0.138858 -0.2615 -0.375292 0.889254 23.2484 -69.4031 48.0167 0.782272 -0.07556 0.222853 -0.576782 0
-0.340964 -0.29834 1.57652 0.274612 0.861249 0.427595 -0.924741 0.358418 -0.128023 -0.263518 -0.360258 0.894859 19.6562 -67.6294 43.8189 0.794967 -0.073033 0.21734 -0.561656 0
-0.342327 -0.298131 1.57696 0.289641 0.867839 0.403687 -0.924426 0.362962 -0.117025 -0.248082 -0.339284 0.907382 17.8701 -67.582 40.5806 0.799998 -0.0694561 0.203678 -0.560085 0
