-0.335353 -0.386514 1.456 0.831526 0.5544 0.0347181 0.195505 -0.233584 -0.952479 -0.519945 0.798799 -0.302619 103.779 11.2742 32.0173 0.569061 0.769371 0.243675 -0.15767 0
-0.336104 -0.386292 1.45635 0.830056 0.556587 0.0348911 0.174396 -0.199638 -0.964225 -0.52971 0.806446 -0.262777 101.698 10.0435 32.5445 0.584731 0.757045 0.241394 -0.163405 0
-0.336482 -0.386416 1.45941 0.827944 0.559958 0.0309141 0.161386 -0.185106 -0.969376 -0.537088 0.807578 -0.243627 100.811 9.28737 32.9715 0.591441 0.751112 0.240092 -0.168475 0
-0.337513 -0.387869 1.46434 0.821139 0.57005 0.0278001 0.166442 -0.192593 -0.96706 -0.545919 0.798718 -0.253026 101.263 9.58101 33.6172 0.586413 0.752788 0.244588 -0.172067 0
-0.33846 -0.388914 1.46865 0.818814 0.573429 0.0268926 0.164711 -0.189802 -0.967908 -0.549922 0.796966 -0.249863 101.095 9.48046 33.8856 0.587186 0.751412 0.245584 -0.174016 0
-0.340486 -0.391226 1.47721 0.799078 0.600659 0.0261347 0.1709 -0.185249 -0.967717 -0.576427 0.777747 -0.250681 100.837 9.84017 35.8054 0.58377 0.747497 0.258048 -0.184045 0
-0.342341 -0.39341 1.48505 0.793598 0.607863 0.0265619 0.170382 -0.180109 -0.968778 -0.5841 0.773345 -0.246503 100.532 9.81 36.3536 0.584591 0.745018 0.261149 -0.187089 0
-0.345101 -0.396575 1.49758 0.755218 0.654832 0.0290129 0.177542 -0.16175 -0.97073 -0.630972 0.738263 -0.238416 99.4601 10.2266 39.8782 0.582033 0.734061 0.283482 -0.20501 0
-0.347641 -0.398589 1.50585 0.741997 0.669697 0.0307535 0.182208 -0.157307 -0.970595 -0.645167 0.725783 -0.238745 99.2061 10.4984 41.007 0.580074 0.731104 0.291308 -0.210098 0
-0.349545 -0.401473 1.51529 0.733961 0.678714 0.0254616 0.187664 -0.166625 -0.967997 -0.652751 0.715251 -0.249667 99.7669 10.8165 41.6484 0.573949 0.733187 0.295415 -0.213891 0
-0.35508 -0.419589 1.55509 0.745176 0.662655 0.0748409 0.197322 -0.111898 -0.973932 -0.637006 0.740518 -0.21414 96.5541 11.3804 40.5251 0.595638 0.719586 0.298775 -0.195309 0
-0.356263 -0.424785 1.56652 0.751328 0.65794 0.0511944 0.169617 -0.117557 -0.978473 -0.637759 0.743838 -0.199922 96.8509 9.76556 40.326 0.598717 0.719168 0.287679 -0.203904 0
-0.358166 -0.427926 1.57496 0.756452 0.65263 0.0430761 0.155777 -0.11581 -0.98098 -0.635228 0.748774 -0.18927 96.7329 8.96189 40.0217 0.602364 0.717902 0.281517 -0.206209 0
-0.359773 -0.436337 1.58127 0.733618 0.677378 0.0544346 0.190896 -0.128541 -0.973158 -0.652198 0.724318 -0.223609 97.5245 11.0051 41.6376 0.587679 0.72211 0.300603 -0.206951 0
-0.361696 -0.438307 1.59161 0.708842 0.703965 0.0444666 0.196521 -0.136552 -0.970944 -0.677439 0.696985 -0.235137 98.0055 11.3336 43.7023 0.578177 0.721202 0.312147 -0.219416 0
-0.364702 -0.442625 1.60556 0.693292 0.720196 0.0257679 0.203286 -0.161138 -0.965769 -0.69139 0.674798 -0.258121 99.4725 11.7292 44.9213 0.564365 0.726731 0.317684 -0.228978 0
-0.367728 -0.446309 1.61835 0.687532 0.725451 0.0319371 0.220263 -0.166437 -0.961136 -0.691942 0.667847 -0.274221 99.8243 12.7245 45.1831 0.558318 0.729416 0.324134 -0.22621 0
-0.370085 -0.449627 1.63012 0.687053 0.725631 0.0376469 0.220898 -0.159233 -0.96221 -0.692215 0.669406 -0.269693 99.3966 12.7618 45.2144 0.560831 0.72732 0.325348 -0.224993 0
-0.372961 -0.45243 1.64088 0.685088 0.727407 0.0391682 0.216957 -0.152415 -0.964209 -0.695402 0.669066 -0.262234 98.9826 12.5303 45.4281 0.563569 0.724523 0.325857 -0.226436 0
-0.37555 -0.455515 1.6523 0.669012 0.742294 0.0377141 0.220069 -0.149366 -0.963981 -0.709924 0.653215 -0.263283 98.8077 12.7131 46.6994 0.560438 0.721398 0.333506 -0.232954 0
-0.377868 -0.458523 1.66327 0.648449 0.760461 0.0348294 0.214612 -0.138722 -0.966798 -0.73038 0.634394 -0.253158 98.1654 12.3928 48.4006 0.560484 0.7142 0.341316 -0.243472 0
-0.380601 -0.463122 1.67446 0.622425 0.782021 0.0320902 0.20547 -0.1237 -0.970814 -0.755228 0.610853 -0.237675 97.2614 11.857 50.5062 0.561482 0.704237 0.350553 -0.25671 0
-0.38252 -0.465473 1.68348 0.626011 0.779034 0.0348821 0.212572 -0.127438 -0.9688 -0.750282 0.613894 -0.245378 97.4938 12.2731 50.1595 0.559731 0.706899 0.350688 -0.253006 0
-0.384654 -0.474497 1.69339 0.630599 0.775994 0.0133247 0.18577 -0.134249 -0.973379 -0.753548 0.616287 -0.228813 97.8527 10.706 50.0761 0.562925 0.705985 0.340575 -0.262124 0
-0.386198 -0.479949 1.69875 0.669004 0.74304 0.018045 0.184623 -0.142612 -0.972407 -0.719964 0.653875 -0.23259 98.3434 10.6392 47.1012 0.568727 0.714879 0.324413 -0.245468 0
-0.387316 -0.481711 1.70394 0.656208 0.753892 0.0322155 0.209413 -0.14093 -0.967618 -0.724939 0.641705 -0.250355 98.2867 12.088 47.8489 0.562344 0.715453 0.336607 -0.242058 0
-0.388609 -0.48409 1.71126 0.667578 0.743187 0.0448717 0.215873 -0.135528 -0.96697 -0.712558 0.655214 -0.25091 97.9785 12.4668 46.8667 0.565937 0.716592 0.334591 -0.232938 0
-0.391337 -0.486015 1.72019 0.660875 0.747915 0.0621894 0.22731 -0.120505 -0.966338 -0.715244 0.652765 -0.249647 97.1083 13.1388 47.2625 0.56805 0.712571 0.34215 -0.229119 0
-0.392739 -0.48793 1.72889 0.657425 0.74923 0.0802916 0.236665 -0.104144 -0.965994 -0.71539 0.65407 -0.245783 96.1533 13.6898 47.4178 0.571729 0.708405 0.347928 -0.22413 0
-0.397122 -0.49045 1.75504 0.608594 0.776477 0.163391 0.262785 -0.0029385 -0.96485 -0.748704 0.630139 -0.205835 90.1745 15.2354 50.8936 0.59157 0.674049 0.385455 -0.217088 0
-0.395683 -0.491688 1.77291 0.655506 0.733995 0.17766 0.246975 0.013958 -0.968921 -0.713663 0.679011 -0.172129 89.1747 14.2986 47.4323 0.611828 0.673364 0.364205 -0.199002 0
-0.409029 -0.497734 1.78497 0.751477 0.659713 0.00781136 0.150909 -0.16035 -0.975456 -0.642269 0.734211 -0.220056 99.3351 8.67963 40.5197 0.585464 0.730049 0.277592 -0.217265 0
-0.41469 -0.500145 1.79636 0.790861 0.611781 -0.0162097 0.119317 -0.180114 -0.976382 -0.600251 0.770249 -0.215442 100.452 6.85271 37.1979 0.590615 0.739327 0.247217 -0.208453 0
-0.419517 -0.503989 1.82048 0.750432 0.656752 -0.07435 0.0836495 -0.205958 -0.974979 -0.655632 0.725437 -0.209494 101.928 4.79837 41.1428 0.577707 0.735847 0.251547 -0.248007 0
-0.425835 -0.499014 1.83244 0.722904 0.682902 -0.105138 0.132907 -0.286758 -0.948739 -0.678045 0.671874 -0.298061 106.818 7.63762 43.166 0.533405 0.75956 0.268514 -0.257775 0
-0.418701 -0.483345 1.83953 0.757232 0.643819 -0.109983 0.0168013 -0.187535 -0.982114 -0.65293 0.741841 -0.152825 100.811 0.962688 40.7698 0.595162 0.724153 0.228066 -0.263381 0
-0.420677 -0.46646 1.84368 0.771769 0.62498 -0.117358 0.0138305 -0.201006 -0.979492 -0.635753 0.754318 -0.163774 101.597 0.792457 39.4804 0.593083 0.730847 0.218517 -0.257616 0
-0.420234 -0.445138 1.84428 0.806053 0.581201 -0.111729 0.0254247 -0.222611 -0.974576 -0.591297 0.782719 -0.194213 102.867 1.45688 36.2627 0.589328 0.745466 0.203439 -0.235767 0
-0.4198 -0.421481 1.84649 0.830279 0.553812 -0.0626788 0.0781068 -0.226967 -0.970765 -0.551848 0.801111 -0.231702 103.159 4.47975 33.6101 0.585579 0.756463 0.20884 -0.203092 0
-0.418586 -0.408156 1.847 0.841752 0.538948 -0.0314332 0.0989969 -0.21133 -0.972388 -0.53071 0.815398 -0.231242 102.261 5.68141 32.2307 0.591435 0.755699 0.211045 -0.185968 0
-0.415656 -0.40583 1.84583 0.817622 0.575702 -0.00788819 0.114216 -0.17561 -0.977812 -0.564313 0.798579 -0.209337 100.181 6.55843 34.613 0.598472 0.742053 0.232436 -0.192776 0
-0.414527 -0.405408 1.84097 0.79845 0.602019 0.0071191 0.119917 -0.147434 -0.981775 -0.589998 0.784752 -0.189911 98.5404 6.88731 36.4618 0.604381 0.730718 0.246995 -0.19942 0
-0.4129 -0.407219 1.83694 0.78748 0.615219 -0.0371681 0.0417043 -0.113354 -0.992679 -0.614928 0.780165 -0.114921 96.5144 2.39017 37.9856 0.624341 0.709886 0.231348 -0.229648 0
-0.414662 -0.415741 1.83672 0.789289 0.614004 0.00472783 0.0792842 -0.0942768 -0.992384 -0.608882 0.783652 -0.123093 95.4268 4.54743 37.6477 0.626881 0.708283 0.244707 -0.213246 0
-0.415898 -0.417733 1.84032 0.784027 0.620724 0.00180353 0.0932167 -0.114867 -0.988998 -0.613688 0.775569 -0.147921 96.6249 5.34869 38.0516 0.616693 0.715335 0.249513 -0.213845 0
-0.414577 -0.41857 1.8396 0.78273 0.618743 -0.0670105 0.0461268 -0.165051 -0.985206 -0.620649 0.76806 -0.157731 99.5104 2.64381 38.4119 0.604142 0.725519 0.229101 -0.236954 0
-0.414141 -0.418045 1.83866 0.781269 0.618079 -0.0871632 0.0304976 -0.177272 -0.983689 -0.623449 0.765867 -0.157347 100.216 1.74766 38.5897 0.601384 0.727305 0.222938 -0.244262 0
-0.414212 -0.418195 1.83986 0.779313 0.620546 -0.0871386 0.032639 -0.179066 -0.983295 -0.625784 0.763451 -0.159803 100.321 1.87041 38.7643 0.600092 0.727699 0.224401 -0.244924 0
-0.414267 -0.417931 1.83951 0.788406 0.609614 -0.0823848 0.0337808 -0.176628 -0.983698 -0.614227 0.77277 -0.159848 100.179 1.93587 37.9212 0.60248 0.728849 0.220689 -0.238943 0
-0.414102 -0.418195 1.83973 0.78028 0.620712 -0.0766828 0.0431905 -0.175793 -0.983479 -0.623937 0.764077 -0.163976 100.134 2.4754 38.647 0.600106 0.728019 0.227982 -0.240591 0
-0.413937 -0.417692 1.83922 0.786579 0.612612 -0.0774571 0.0356873 -0.17033 -0.984741 -0.616457 0.771812 -0.15584 99.8133 2.04517 38.0865 0.604237 0.726765 0.223009 -0.2387 0
-0.414321 -0.417598 1.83958 0.79562 0.600563 -0.0794521 0.0343122 -0.175617 -0.98386 -0.604823 0.780053 -0.160331 100.121 1.96633 37.2418 0.604084 0.729995 0.217425 -0.234343 0
-0.414076 -0.417746 1.83943 0.826525 0.55896 -0.0664811 0.040042 -0.176189 -0.983542 -0.561474 0.81026 -0.168007 100.156 2.29485 34.189 0.608755 0.736668 0.203281 -0.213106 0
-0.41422 -0.417839 1.83957 0.809735 0.582506 -0.0708175 0.0377682 -0.172171 -0.984343 -0.585579 0.794382 -0.161413 99.9212 2.16447 35.8734 0.607485 0.732004 0.211841 -0.224178 0
-0.413855 -0.41781 1.83895 0.798459 0.598462 -0.0656283 0.0454609 -0.168629 -0.984631 -0.600331 0.783203 -0.16185 99.7183 2.60562 36.9381 0.605801 0.729544 0.220659 -0.228211 0
-0.414197 -0.418175 1.83932 0.809155 0.58218 -0.0795895 0.0290953 -0.17498 -0.984142 -0.586874 0.794008 -0.158525 100.082 1.66727 35.9531 0.607382 0.731892 0.2088 -0.227651 0
-0.414033 -0.41801 1.83944 0.80249 0.592331 -0.0717815 0.0477141 -0.183627 -0.981837 -0.594754 0.78449 -0.175621 100.593 2.73485 36.5435 0.600675 0.735143 0.21766 -0.226669 0
-0.413769 -0.417746 1.83883 0.786237 0.61367 -0.0723905 0.0536432 -0.184494 -0.981369 -0.615592 0.767705 -0.177975 100.647 3.075 38.0595 0.596609 0.732923 0.22762 -0.234671 0
-0.413838 -0.417581 1.83802 0.799146 0.596938 -0.070921 0.0509719 -0.184842 -0.981446 -0.598971 0.780704 -0.178143 100.666 2.92174 36.8521 0.5992 0.735209 0.220315 -0.22779 0
-0.414439 -0.418122 1.83892 0.81539 0.577058 -0.0462939 0.055592 -0.157647 -0.985929 -0.576237 0.801343 -0.160624 99.0845 3.18683 35.2489 0.611784 0.730353 0.216556 -0.213092 0
-0.413478 -0.416712 1.83928 0.87579 0.476636 -0.0762195 -0.00625232 -0.14669 -0.989163 -0.482651 0.866776 -0.12549 98.4353 -0.358234 28.8593 0.633169 0.732798 0.160475 -0.190663 0
-0.413743 -0.416406 1.83841 0.858911 0.505508 -0.0820583 -0.00807178 -0.146849 -0.989126 -0.512061 0.850234 -0.12205 98.4446 -0.462484 30.8023 0.630479 0.729351 0.170506 -0.203647 0
-0.413399 -0.416986 1.83882 0.861444 0.501671 -0.0790026 0.0151548 -0.180886 -0.983387 -0.507627 0.845935 -0.163426 100.423 0.868342 30.5098 0.615859 0.742589 0.173994 -0.197495 0
-0.413878 -0.417489 1.83838 0.863231 0.498224 -0.081275 0.0110802 -0.179663 -0.983666 -0.504688 0.84823 -0.160611 100.351 0.634864 30.3127 0.617041 0.74221 0.17155 -0.197371 0
-0.413832 -0.417531 1.83948 0.86633 0.493138 -0.0792979 0.00549265 -0.16816 -0.985744 -0.499442 0.853544 -0.148391 99.681 0.314707 29.9636 0.622451 0.738729 0.168746 -0.195857 0
-0.414127 -0.417289 1.83908 0.872856 0.481046 -0.0819588 -0.00679492 -0.155958 -0.98774 -0.487931 0.862712 -0.13286 98.9726 -0.389323 29.2054 0.629293 0.735132 0.161281 -0.193805 0
-0.414129 -0.417388 1.83902 0.889309 0.451232 -0.0742928 0.000152504 -0.16275 -0.986667 -0.457307 0.877441 -0.144804 99.3665 0.00873782 27.2135 0.628839 0.741091 0.15227 -0.17933 0
-0.41436 -0.417767 1.83838 0.888667 0.45587 -0.0495306 0.0364133 -0.17783 -0.983387 -0.457104 0.872101 -0.174631 100.25 2.08679 27.22 0.619719 0.74852 0.164419 -0.169212 0
-0.413364 -0.418105 1.83808 0.871295 0.486997 -0.0606617 0.0295098 -0.175374 -0.98406 -0.489872 0.855616 -0.167173 100.105 1.69103 29.3462 0.618213 0.743949 0.173569 -0.185004 0
-0.413637 -0.41823 1.83922 0.836207 0.54469 -0.0637943 0.0574815 -0.202736 -0.977545 -0.545393 0.813763 -0.200839 101.717 3.29526 33.1133 0.598463 0.748295 0.201181 -0.203525 0
-0.414038 -0.418809 1.84002 0.834143 0.548951 -0.0534609 0.0724694 -0.205173 -0.976039 -0.546766 0.810282 -0.210926 101.871 4.15583 33.2441 0.595408 0.75004 0.207129 -0.200065 0
-0.414089 -0.418477 1.83863 0.829967 0.554153 -0.0637891 0.0629831 -0.206722 -0.97637 -0.554245 0.806338 -0.206475 101.954 3.61105 33.7347 0.595141 0.74886 0.206025 -0.206325 0
-0.414045 -0.417217 1.83894 0.828929 0.553864 -0.0781726 0.0201938 -0.169296 -0.985358 -0.558989 0.815214 -0.151519 99.7489 1.1571 33.9938 0.614026 0.7331 0.195764 -0.217283 0
-0.413648 -0.417547 1.83907 0.829318 0.555131 -0.0637337 0.0298024 -0.15784 -0.987015 -0.557982 0.81665 -0.147444 99.0856 1.7078 33.9335 0.617259 0.730514 0.200179 -0.212767 0
-0.41353 -0.417443 1.83869 0.848003 0.525872 -0.0659533 0.0260558 -0.165658 -0.985839 -0.529351 0.834276 -0.15418 99.5387 1.49306 31.9737 0.618095 0.736179 0.18743 -0.20216 0
-0.413749 -0.41751 1.83935 0.849473 0.521672 -0.079085 0.0118298 -0.168679 -0.9856 -0.5275 0.836305 -0.14946 99.7117 0.677815 31.8392 0.618735 0.736141 0.181182 -0.206002 0
-0.413972 -0.417498 1.83851 0.881754 0.463147 -0.0894663 -0.00849842 -0.174036 -0.984703 -0.471633 0.869026 -0.149521 100.023 -0.48693 28.1415 0.624139 0.742514 0.153078 -0.188919 0
-0.414205 -0.417596 1.83783 0.915454 0.39317 -0.0858018 -0.0103968 -0.190034 -0.981722 -0.402289 0.899614 -0.16988 100.955 -0.595704 23.7227 0.623606 0.754216 0.126878 -0.161787 0
-0.414329 -0.417865 1.83829 0.936339 0.340279 -0.0864865 -0.0176388 -0.200429 -0.979549 -0.350655 0.918715 -0.181667 101.564 -1.01068 20.5307 0.623346 0.76132 0.105948 -0.143547 0
-0.414579 -0.417963 1.839 0.947157 0.307225 -0.0922284 -0.0325871 -0.193876 -0.980485 -0.31911 0.931679 -0.173619 101.185 -1.86743 18.6194 0.628423 0.760699 0.0902583 -0.135184 0
-0.413851 -0.417567 1.83817 0.94595 0.310402 -0.0939663 -0.0348859 -0.190669 -0.981034 -0.322431 0.931287 -0.169534 100.999 -1.99922 18.8219 0.629632 0.759301 0.0907136 -0.137099 0
-0.414484 -0.417893 1.8382 0.980466 0.177163 -0.0854348 -0.0485625 -0.202871 -0.978 -0.190598 0.963045 -0.190305 101.719 -2.78352 11.0008 0.629939 0.770331 0.0417356 -0.0895825 0
-0.413892 -0.418662 1.83839 0.994269 0.0876745 -0.0611671 -0.0391972 -0.233336 -0.971606 -0.0994575 0.968436 -0.228563 103.504 -2.24641 5.71234 0.618945 0.783608 0.015466 -0.0512452 0
-0.415288 -0.4177 1.83854 0.991188 0.0853568 -0.101292 -0.0861953 -0.165014 -0.982518 -0.100579 0.982591 -0.156202 99.5338 -4.94476 5.79415 0.646137 0.76033 -0.000275695 -0.066376 0
-0.414367 -0.416901 1.83872 0.994413 0.0305198 -0.101047 -0.0963459 -0.128638 -0.987 -0.0431216 0.991222 -0.124979 97.4256 -5.52879 2.48301 0.659696 0.749672 -0.0219516 -0.0480773 0
-0.414283 -0.417146 1.83841 0.995633 -0.0360804 -0.0860983 -0.0903712 -0.141291 -0.985835 0.0234044 0.98931 -0.143935 98.1562 -5.18496 -1.34661 0.653913 0.755126 -0.0418644 -0.0207561 0
-0.414313 -0.417907 1.83927 0.995289 -0.0512171 -0.0823165 -0.0898205 -0.167568 -0.98176 0.0364893 0.984529 -0.171379 99.686 -5.15328 -2.09964 0.643495 0.76391 -0.0461565 -0.0149976 0
-0.41444 -0.417894 1.83924 0.995092 -0.0456843 -0.0877769 -0.0943841 -0.171744 -0.98061 0.0297233 0.984082 -0.175213 99.934 -5.41587 -1.71091 0.641899 0.765188 -0.0457628 -0.0189671 0
-0.414455 -0.417697 1.83863 0.994591 -0.0511759 -0.0903842 -0.0978041 -0.168493 -0.980839 0.0349661 0.984373 -0.172587 99.7474 -5.61273 -2.01348 0.642945 0.764145 -0.0487407 -0.0181307 0
-0.414473 -0.417547 1.83866 0.991297 -0.0963646 -0.0896853 -0.104343 -0.159785 -0.981622 0.0802632 0.982437 -0.168449 99.2453 -5.9893 -4.62902 0.644799 0.7615 -0.0658921 -0.00309329 0
-0.413783 -0.417675 1.83842 0.98135 -0.176625 -0.0758626 -0.104434 -0.158549 -0.981813 0.161385 0.971425 -0.174037 99.1733 -5.99457 -9.33881 0.642021 0.760581 -0.0923831 0.0281108 0
-0.414516 -0.418682 1.83968 0.96448 -0.253531 -0.0741596 -0.12639 -0.196396 -0.972345 0.231954 0.947181 -0.221464 101.419 -7.26106 -13.5226 0.621816 0.771742 -0.123073 0.0511165 0
-0.414413 -0.418516 1.83658 0.969439 -0.235655 -0.0682318 -0.11134 -0.174775 -0.978293 0.218614 0.955992 -0.195672 100.129 -6.39256 -12.708 0.632256 0.764834 -0.113422 0.0491553 0
-0.418383 -0.418904 1.83594 0.954378 -0.298549 0.00553539 -0.0571298 -0.200761 -0.977973 0.293084 0.93304 -0.208658 101.601 -3.27508 -17.0714 0.621482 0.768732 -0.115671 0.0971142 0
-0.418767 -0.419407 1.83648 0.950401 -0.309319 0.0325444 -0.0375474 -0.217974 -0.975232 0.308752 0.92564 -0.218777 102.599 -2.15181 -17.9971 0.615153 0.772521 -0.112251 0.110449 0
-0.418222 -0.419655 1.8382 0.952971 -0.30203 0.0249725 -0.0470202 -0.228755 -0.972348 0.299391 0.925445 -0.232198 103.239 -2.69505 -17.4409 0.610741 0.77684 -0.11233 0.104385 0
-0.418404 -0.419479 1.83795 0.952044 -0.305378 0.0188716 -0.0513586 -0.220311 -0.974077 0.301619 0.926395 -0.22543 102.744 -2.94393 -17.5788 0.613658 0.774239 -0.115189 0.103486 0
-0.418248 -0.418311 1.83788 0.939638 -0.341414 -0.0227166 -0.0892768 -0.180534 -0.979509 0.330317 0.922412 -0.200117 100.443 -5.12201 -19.3684 0.624297 0.761625 -0.141372 0.100968 0
-0.41422 -0.417647 1.8379 0.886387 -0.456365 -0.0777785 -0.145938 -0.116009 -0.982468 0.439341 0.882198 -0.16943 96.7343 -8.3916 -26.3655 0.632643 0.736856 -0.204349 0.122671 0
-0.41566 -0.416894 1.83694 0.90739 -0.415222 -0.0650653 -0.130124 -0.130343 -0.982893 0.399638 0.900334 -0.172303 97.554 -7.47679 -23.7699 0.633392 0.74331 -0.183418 0.112528 0
-0.417052 -0.41804 1.83703 0.951121 -0.307277 -0.0308096 -0.095671 -0.198327 -0.975456 0.293625 0.930724 -0.21803 101.493 -5.48994 -17.1562 0.619428 0.769331 -0.130941 0.0854039 0
-0.418184 -0.418393 1.83736 0.947871 -0.318069 -0.0193104 -0.0865699 -0.198717 -0.976226 0.30667 0.927008 -0.215894 101.506 -4.96631 -17.9282 0.619124 0.768518 -0.131629 0.0934783 0
-0.417394 -0.418006 1.83724 0.947336 -0.319648 -0.0195002 -0.0791722 -0.17477 -0.981421 0.310301 0.931279 -0.190873 100.097 -4.54099 -18.1363 0.628827 0.760424 -0.131118 0.0956049 0
-0.417928 -0.417794 1.83679 0.938601 -0.34497 -0.0048347 -0.0703565 -0.177671 -0.981572 0.337753 0.921645 -0.191033 100.26 -4.03446 -19.7911 0.626478 0.759491 -0.136712 0.109586 0
-0.419515 -0.417873 1.83667 0.923464 -0.383575 -0.00919438 -0.083309 -0.177061 -0.980668 0.374532 0.906377 -0.195465 100.235 -4.77879 -22.0761 0.622683 0.757626 -0.154062 0.120553 0
-0.418843 -0.417875 1.83665 0.917781 -0.397014 -0.00762368 -0.0808428 -0.168019 -0.982463 0.388771 0.902302 -0.1863 99.7047 -4.63701 -22.9575 0.625192 0.753674 -0.158509 0.12643 0
-0.418608 -0.419057 1.83781 0.892138 -0.451747 -0.00380065 -0.105657 -0.200463 -0.973987 0.439234 0.869332 -0.226571 101.63 -6.06501 -26.2128 0.605207 0.761441 -0.18301 0.142964 0
-0.41899 -0.418534 1.83798 0.902742 -0.430147 0.00551602 -0.0853897 -0.191744 -0.977723 0.421622 0.882161 -0.209826 101.096 -4.89843 -25.0347 0.612612 0.758998 -0.169808 0.140691 0
-0.418019 -0.418911 1.83887 0.907706 -0.419559 0.00629248 -0.0827942 -0.193784 -0.977544 0.411357 0.886802 -0.210636 101.213 -4.74919 -24.3792 0.613043 0.760284 -0.165186 0.137333 0
-0.418948 -0.418392 1.8381 0.878817 -0.477093 -0.00790082 -0.103263 -0.173994 -0.979318 0.465851 0.861457 -0.202175 100.075 -5.92708 -27.9276 0.612913 0.750831 -0.193238 0.152481 0
-0.416874 -0.417719 1.83703 0.907185 -0.419917 -0.0261832 -0.101954 -0.159031 -0.981995 0.408192 0.893521 -0.187083 99.199 -5.85172 -24.2256 0.624714 0.75055 -0.17383 0.127243 0
-0.416804 -0.416954 1.83582 0.895383 -0.444734 -0.0223704 -0.0978055 -0.147405 -0.984229 0.434422 0.88345 -0.175481 98.5177 -5.61282 -25.8817 0.626996 0.744693 -0.182135 0.138329 0
-0.417183 -0.41696 1.83593 0.895619 -0.444298 -0.0216053 -0.0943342 -0.142245 -0.985326 0.434705 0.884514 -0.16931 98.2147 -5.413 -25.8905 0.629298 0.742828 -0.181277 0.139029 0
-0.418581 -0.4179 1.83686 0.921407 -0.388599 0.000783093 -0.0710227 -0.170382 -0.982815 0.382055 0.905517 -0.184591 99.8351 -4.07273 -22.521 0.625786 0.754384 -0.152317 0.126871 0
-0.419433 -0.418441 1.83662 0.90741 -0.420221 0.00455383 -0.0749918 -0.172578 -0.982137 0.413501 0.89086 -0.188112 99.9661 -4.30075 -24.4984 0.621836 0.753011 -0.164411 0.138794 0
-0.418627 -0.418228 1.83769 0.901794 -0.432153 -0.00344526 -0.0856106 -0.170822 -0.981576 0.423602 0.885474 -0.191043 99.8722 -4.91114 -25.161 0.620469 0.752273 -0.172066 0.139629 0
-0.416711 -0.418301 1.8367 0.943655 -0.330926 -0.0018592 -0.0695865 -0.192931 -0.978742 0.323532 0.923724 -0.205089 101.151 -3.99024 -18.9243 0.621618 0.765127 -0.130865 0.105105 0
-0.418685 -0.418272 1.83638 0.956703 -0.291065 -3.6982e-05 -0.0558327 -0.183392 -0.981453 0.28566 0.938961 -0.191703 100.584 -3.20064 -16.625 0.62881 0.763511 -0.113586 0.0935229 0
-0.418295 -0.417789 1.83627 0.974859 -0.222205 -0.0166136 -0.057079 -0.176954 -0.982563 0.21539 0.958808 -0.185189 100.209 -3.27216 -12.4591 0.634964 0.764363 -0.0913452 0.0650138 0
-0.417207 -0.416109 1.83576 0.951464 -0.306711 -0.025377 -0.0659116 -0.122533 -0.990273 0.300618 0.943882 -0.136802 97.0537 -3.77919 -17.5341 0.650409 0.743438 -0.125304 0.0925568 0
-0.41842 -0.417234 1.83639 0.975807 -0.218017 -0.0163951 -0.0486942 -0.143616 -0.988435 0.213141 0.96532 -0.150758 98.267 -2.79108 -12.3213 0.648351 0.753356 -0.0885077 0.0652898 0
-0.417593 -0.41748 1.83661 0.980344 -0.196917 -0.0121774 -0.0459148 -0.167686 -0.984771 0.191876 0.965974 -0.173432 99.6636 -2.63165 -11.0741 0.640161 0.761817 -0.0796884 0.0589705 0
-0.41831 -0.41752 1.83584 0.987226 -0.159324 -0.000135813 -0.0279502 -0.17235 -0.984639 0.156853 0.972066 -0.174601 99.9284 -1.60163 -9.02783 0.640366 0.763901 -0.0612886 0.0512884 0
-0.418523 -0.417148 1.83535 0.998882 -0.0462599 -0.0097695 -0.0169464 -0.157397 -0.98739 0.0441388 0.986451 -0.158005 99.0571 -0.971005 -2.53016 0.648745 0.760638 -0.0207741 0.0112962 0
-0.417388 -0.417176 1.83656 0.995227 -0.0937453 -0.0271244 -0.0411923 -0.151558 -0.98759 0.0884709 0.983993 -0.154696 98.7247 -2.36081 -5.07997 0.649802 0.758532 -0.0444733 0.0202188 0
-0.415497 -0.417071 1.83695 0.993229 -0.106598 -0.0461936 -0.0615735 -0.145833 -0.987391 0.0985171 0.98355 -0.151409 98.4015 -3.53013 -5.66457 0.65115 0.756715 -0.0555596 0.0172864 0
-0.41847 -0.416527 1.83746 0.998209 -0.0426839 -0.0419248 -0.0477153 -0.145199 -0.988251 0.036095 0.988481 -0.146976 98.3584 -2.73493 -2.0709 0.653076 0.756701 -0.0298663 -0.00192604 0
-0.416201 -0.415961 1.83599 0.998297 -0.0356214 -0.0461941 -0.050809 -0.141949 -0.988569 0.028657 0.989233 -0.143517 98.1712 -2.9124 -1.64428 0.654376 0.755606 -0.0285964 -0.00580232 0
-0.418062 -0.416016 1.83504 0.996957 0.0759743 -0.0174738 -0.00585194 -0.150579 -0.988581 -0.0777379 0.985674 -0.149676 98.6606 -0.335293 4.45863 0.651288 0.757828 0.0231327 -0.0314094 0
-0.417908 -0.416592 1.83479 0.996983 0.0767059 -0.0119044 6.07622e-05 -0.154131 -0.98805 -0.0776241 0.985068 -0.15367 98.8664 0.00348142 4.45201 0.649843 0.759076 0.0252829 -0.029486 0
-0.41844 -0.416828 1.83598 0.99898 0.0409397 -0.0190405 -0.0125615 -0.153054 -0.988138 -0.0433683 0.98737 -0.152383 98.8046 -0.719737 2.4858 0.650681 0.759015 0.00934707 -0.0205558 0
-0.418361 -0.417139 1.83497 0.997485 0.0700851 0.0105921 0.0220039 -0.164125 -0.986194 -0.0673791 0.983947 -0.165255 99.4487 1.26084 3.8644 0.645776 0.762703 0.0301851 -0.0186137 0
-0.4179 -0.417195 1.83617 0.997135 0.0741792 -0.0147887 -0.000914265 -0.183682 -0.982985 -0.0756335 0.980183 -0.183088 100.584 -0.0523836 4.33763 0.638429 0.76875 0.023826 -0.0294056 0
-0.418743 -0.417458 1.83609 0.998074 0.0605597 -0.0134167 -0.00260673 -0.175159 -0.984537 -0.0619733 0.982676 -0.174663 100.088 -0.149355 3.5531 0.641921 0.766142 0.0189106 -0.0246005 0
-0.417046 -0.417035 1.83504 0.99966 0.00750843 -0.0249814 -0.0232263 -0.179716 -0.983444 -0.0118737 0.98369 -0.179481 100.356 -1.33089 0.680512 0.640403 0.767929 -0.00511698 -0.0119982 0
-0.417651 -0.416913 1.8368 0.998823 0.0420099 -0.0242617 -0.0171052 -0.16302 -0.986475 -0.0453969 0.985728 -0.162109 99.3836 -0.980105 2.60232 0.646857 0.762226 0.00816842 -0.0228471 0
-0.41719 -0.416971 1.83676 0.999812 -0.00818048 -0.0176053 -0.018753 -0.172523 -0.984827 0.00501904 0.984972 -0.172644 99.9363 -1.07453 -0.287621 0.643165 0.765666 -0.00879414 -0.00410958 0
-0.417479 -0.417876 1.83545 0.994419 -0.105502 -0.000994827 -0.02017 -0.180842 -0.983305 0.103561 0.977837 -0.181961 100.421 -1.15574 -5.94546 0.638673 0.767662 -0.0409268 0.033402 0
-0.418445 -0.417288 1.83423 0.994454 -0.103447 0.0189947 0.00110325 -0.170328 -0.985387 0.105171 0.979942 -0.169269 99.8069 0.0632113 -6.03701 0.643206 0.76388 -0.0334948 0.0406365 0
-0.419535 -0.417276 1.83275 0.998965 -0.0292916 0.0347925 0.0289494 -0.180491 -0.983151 0.0350778 0.98314 -0.179456 100.403 1.65891 -2.01107 0.640121 0.767937 -0.000111424 0.0227461 0
-0.419193 -0.418045 1.8353 0.990986 -0.133305 0.0132539 -0.0115526 -0.18361 -0.982931 0.133463 0.973918 -0.183496 100.581 -0.661931 -7.67028 0.637158 0.767804 -0.0471662 0.0477717 0
-0.418466 -0.416969 1.83515 0.983323 -0.180939 -0.0183273 -0.0488517 -0.16572 -0.984962 0.175181 0.969432 -0.171796 99.5506 -2.80011 -10.1014 0.641445 0.761715 -0.075419 0.0514805 0
-0.419802 -0.41749 1.83564 0.986831 -0.161699 -0.00436334 -0.03327 -0.176498 -0.983739 0.158299 0.970928 -0.179554 100.172 -1.90658 -9.11326 0.63851 0.765324 -0.0636882 0.0502845 0
-0.418246 -0.417334 1.83516 0.984918 -0.172572 -0.0124675 -0.0426645 -0.172402 -0.984102 0.167679 0.969792 -0.177164 99.9366 -2.44524 -9.66177 0.639404 0.763951 -0.0704352 0.0507923 0
-0.414585 -0.417169 1.83458 0.984909 -0.168166 -0.0409164 -0.0700915 -0.171409 -0.982703 0.158244 0.970742 -0.180609 99.8943 -4.01925 -9.12761 0.638923 0.764351 -0.077928 0.0383748 0
-0.415156 -0.417952 1.83541 0.987353 -0.154209 -0.0367838 -0.066345 -0.19119 -0.979308 0.143986 0.969364 -0.199003 101.047 -3.80409 -8.29694 0.631894 0.770965 -0.0715189 0.0347622 0
-0.417636 -0.417279 1.83535 0.989598 -0.134133 -0.0519975 -0.0740519 -0.165077 -0.983497 0.123336 0.977117 -0.173293 99.5281 -4.24675 -7.10425 0.642501 0.762884 -0.0682229 0.0233778 0
-0.419326 -0.418627 1.83525 0.992257 -0.123961 -0.00777676 -0.0316855 -0.192094 -0.980865 0.120095 0.973516 -0.194534 101.081 -1.81575 -6.9011 0.633567 0.771182 -0.0504573 0.0364112 0
-0.418409 -0.417239 1.8354 0.995223 -0.0940685 -0.0261388 -0.0421411 -0.172384 -0.984128 0.0880695 0.980528 -0.175525 99.9354 -2.41522 -5.05706 0.641739 0.765364 -0.0444918 0.0202292 0
-0.416186 -0.417478 1.83492 0.997283 -0.07251 -0.0129614 -0.0262564 -0.185537 -0.982286 0.0688208 0.979958 -0.186937 100.696 -1.50455 -3.94762 0.63734 0.769701 -0.0320795 0.0181432 0
-0.417016 -0.417826 1.83476 0.997518 -0.0699073 -0.00842191 -0.0221813 -0.198462 -0.979858 0.0668278 0.977612 -0.19952 101.45 -1.271 -3.83275 0.632364 0.77387 -0.0297494 0.0188681 0
-0.417981 -0.417066 1.83513 0.996645 -0.0776942 -0.0257548 -0.0388631 -0.172247 -0.984287 0.0720372 0.981985 -0.174688 99.9261 -2.22725 -4.13413 0.642205 0.765438 -0.0380688 0.0151163 0
-0.415471 -0.41747 1.83535 0.99515 -0.0943927 -0.0276709 -0.0430979 -0.165541 -0.985261 0.0884208 0.981675 -0.168806 99.5376 -2.47009 -5.07749 0.644361 0.763135 -0.0450414 0.0199014 0
-0.416513 -0.41728 1.83436 0.990697 -0.134579 -0.0201818 -0.0460021 -0.191621 -0.98039 0.128073 0.972198 -0.196029 101.059 -2.63666 -7.36608 0.633057 0.771095 -0.058547 0.0349798 0
-0.415436 -0.417051 1.83367 0.991504 -0.127652 -0.0250073 -0.0494198 -0.191836 -0.980182 0.120325 0.97309 -0.196515 101.074 -2.8327 -6.91935 0.633078 0.771339 -0.0573911 0.0308936 0
-0.413886 -0.417086 1.83361 0.956896 -0.286571 -0.0471872 -0.0959384 -0.158541 -0.98268 0.274127 0.94485 -0.1792 99.1648 -5.50533 -15.9857 0.63623 0.757403 -0.126257 0.0749071 0
-0.415201 -0.416571 1.83463 0.948491 -0.311892 -0.0555678 -0.100061 -0.128511 -0.986647 0.300586 0.941387 -0.1531 97.421 -5.74271 -17.5839 0.645539 0.746676 -0.137929 0.0820362 0
-0.418457 -0.41696 1.83421 0.953367 -0.297443 -0.0511816 -0.104216 -0.16528 -0.980725 0.283251 0.940324 -0.188571 99.5661 -5.98202 -16.547 0.63236 0.759476 -0.132216 0.0763911 0
-0.416924 -0.416979 1.83472 0.961918 -0.269276 -0.0469495 -0.097667 -0.178172 -0.97914 0.255294 0.946438 -0.197687 100.313 -5.60484 -14.8637 0.629694 0.76449 -0.119996 0.0681317 0
-0.417653 -0.417945 1.83503 0.973003 -0.229751 -0.0218969 -0.0702558 -0.204483 -0.976346 0.219839 0.951526 -0.215104 101.829 -4.02868 -12.7315 0.623181 0.7734 -0.0969765 0.0639843 0
-0.417572 -0.418009 1.83496 0.975903 -0.217645 -0.0156485 -0.0606844 -0.20182 -0.977541 0.209598 0.954934 -0.210164 101.665 -3.4791 -12.1215 0.625284 0.772639 -0.0900579 0.0627557 0
-0.417058 -0.417579 1.8347 0.977239 -0.21201 -0.0074471 -0.0498231 -0.195249 -0.979487 0.206207 0.957564 -0.201368 101.273 -2.85583 -11.9152 0.628614 0.770366 -0.0849703 0.0645017 0
-0.416502 -0.417954 1.83443 0.965379 -0.260834 0.00296439 -0.0550381 -0.214785 -0.975109 0.254978 0.941187 -0.221705 102.422 -3.15504 -14.7952 0.618241 0.774898 -0.101907 0.0832181 0
-0.416871 -0.418141 1.83504 0.968233 -0.25005 -0.000450517 -0.054747 -0.21023 -0.976118 0.243984 0.945134 -0.217241 102.154 -3.13834 -14.1434 0.620637 0.773903 -0.098461 0.0786704 0
-0.417498 -0.418382 1.83417 0.972134 -0.23383 0.0167343 -0.0345055 -0.21333 -0.976371 0.231874 0.948585 -0.215453 102.325 -1.97741 -13.4156 0.621158 0.774745 -0.0865882 0.0802227 0
-0.419369 -0.418128 1.83555 0.970417 -0.241406 0.00384903 -0.046141 -0.201081 -0.978487 0.236987 0.949363 -0.206271 101.613 -2.64462 -13.7237 0.625113 0.771001 -0.0932382 0.0780919 0
-0.417779 -0.417803 1.83465 0.969053 -0.246707 -0.00847115 -0.0601302 -0.202628 -0.977408 0.239416 0.94767 -0.211192 101.712 -3.44729 -13.8777 0.623545 0.771828 -0.0993864 0.0748047 0
-0.41619 -0.417058 1.83458 0.976599 -0.214144 -0.019914 -0.0599307 -0.182043 -0.981462 0.206549 0.959689 -0.190617 100.508 -3.43583 -11.942 0.633233 0.766365 -0.0894073 0.0608832 0
-0.414214 -0.416597 1.83461 0.964332 -0.247974 -0.0925835 -0.133503 -0.153627 -0.979069 0.228561 0.956508 -0.181252 98.9176 -7.67205 -13.3339 0.63825 0.758158 -0.125791 0.0448381 0
-0.416498 -0.417092 1.83544 0.971091 -0.232244 -0.055181 -0.093819 -0.158765 -0.982849 0.2195 0.959613 -0.175964 99.176 -5.38335 -12.7368 0.639602 0.759246 -0.107364 0.0541059 0
-0.413568 -0.417408 1.8351 0.978447 -0.198323 -0.0575261 -0.0933533 -0.176337 -0.979893 0.184192 0.964144 -0.191051 100.202 -5.35655 -10.6611 0.634638 0.765806 -0.0952189 0.0413504 0
-0.416373 -0.41767 1.83519 0.980597 -0.192246 -0.0383418 -0.0750637 -0.187551 -0.979382 0.181091 0.963258 -0.198343 100.841 -4.30488 -10.4632 0.631408 0.76917 -0.0868825 0.0463973 0
-0.418403 -0.417625 1.83585 0.97501 -0.220751 -0.0250037 -0.0630333 -0.166956 -0.983947 0.213033 0.960934 -0.176699 99.6302 -3.61394 -12.325 0.638622 0.761358 -0.0931835 0.0617413 0
-0.418651 -0.416683 1.83417 0.957694 -0.286981 -0.0215217 -0.0691763 -0.156969 -0.985178 0.279349 0.944988 -0.17018 99.0529 -3.96668 -16.2614 0.638464 0.755785 -0.11781 0.0852847 0
-0.416868 -0.416768 1.83514 0.960078 -0.27924 -0.0165719 -0.0606418 -0.149932 -0.986835 0.273079 0.948444 -0.16088 98.639 -3.47666 -15.8776 0.642119 0.753474 -0.112772 0.0851083 0
-0.417641 -0.41656 1.83429 0.962697 -0.27053 -0.00532073 -0.051 -0.162104 -0.985455 0.265733 0.948965 -0.169854 99.3413 -2.92335 -15.4311 0.638502 0.757406 -0.106129 0.0859553 0
-0.417289 -0.416788 1.83459 0.957697 -0.287242 -0.0175567 -0.0631236 -0.150156 -0.986645 0.280769 0.946016 -0.161936 98.6534 -3.61912 -16.3396 0.641406 0.753291 -0.116278 0.0873542 0
-0.417485 -0.417664 1.83569 0.955621 -0.294496 -0.00773232 -0.0636829 -0.180878 -0.981442 0.287632 0.938379 -0.191606 100.442 -3.65123 -16.7512 0.629114 0.762907 -0.117373 0.0917214 0
-0.417283 -0.417229 1.83551 0.944654 -0.327679 -0.0159953 -0.0758906 -0.170829 -0.982374 0.319171 0.929217 -0.186242 99.8647 -4.3524 -18.6686 0.629997 0.758572 -0.133003 0.0999167 0
-0.418835 -0.41786 1.83477 0.943479 -0.331187 0.012784 -0.0515485 -0.184734 -0.981436 0.3274 0.925305 -0.191365 100.66 -2.95482 -19.1375 0.625975 0.761508 -0.12565 0.111681 0
-0.418654 -0.418475 1.83452 0.966164 -0.2568 0.0241099 -0.0331025 -0.216155 -0.975798 0.255797 0.941982 -0.217342 102.49 -1.89698 -14.8291 0.619004 0.774542 -0.0935724 0.0903459 0
-0.418479 -0.417456 1.83469 0.974394 -0.224812 0.00411189 -0.0385601 -0.18509 -0.981965 0.221518 0.956662 -0.189019 100.674 -2.20988 -12.8079 0.632512 0.766241 -0.0859298 0.0736159 0
-0.41827 -0.417757 1.83607 0.970579 -0.24078 0.000518568 -0.0442674 -0.180557 -0.982568 0.236677 0.953637 -0.185903 100.413 -2.53716 -13.7042 0.633269 0.764369 -0.0932298 0.0775788 0
-0.419223 -0.417246 1.83623 0.967832 -0.251336 0.0114336 -0.0356629 -0.182031 -0.982646 0.249055 0.950629 -0.185139 100.495 -2.04377 -14.431 0.632586 0.764036 -0.0939087 0.0852345 0
-0.418064 -0.41727 1.83573 0.977472 -0.211061 0.00151397 -0.034848 -0.168455 -0.985093 0.20817 0.962848 -0.172015 99.7039 -1.99705 -12.0225 0.639727 0.761239 -0.0807595 0.0688627 0
-0.416526 -0.417543 1.83511 0.96292 -0.269773 -0.00268899 -0.0530346 -0.179509 -0.982326 0.264522 0.946044 -0.18716 100.356 -3.04009 -15.3607 0.631714 0.76315 -0.105748 0.0857739 0
-0.416817 -0.417293 1.83508 0.956731 -0.289962 -0.0242517 -0.0739613 -0.161731 -0.984059 0.281418 0.943274 -0.176179 99.3332 -4.24154 -16.391 0.636164 0.757404 -0.120122 0.084884 0
-0.414538 -0.41755 1.83513 0.921698 -0.386087 -0.0375361 -0.109708 -0.166637 -0.979896 0.37207 0.907287 -0.195946 99.6512 -6.2985 -21.9829 0.624323 0.755692 -0.16402 0.110671 0
-0.416403 -0.41824 1.83507 0.921422 -0.387636 -0.0268308 -0.105216 -0.182438 -0.977571 0.374047 0.903579 -0.208888 100.571 -6.03963 -22.0945 0.618485 0.760386 -0.16204 0.114158 0
-0.415142 -0.418146 1.83535 0.946139 -0.320876 -0.0431295 -0.110732 -0.195531 -0.974426 0.304237 0.926718 -0.22053 101.346 -6.35751 -17.8255 0.618482 0.768472 -0.140411 0.0849437 0
-0.419233 -0.417686 1.83576 0.967425 -0.252843 -0.0126616 -0.0682615 -0.212366 -0.974803 0.243783 0.943913 -0.222708 102.29 -3.91414 -14.1436 0.618941 0.775 -0.103582 0.0745553 0
-0.419103 -0.418693 1.83548 0.990254 -0.138588 -0.0137846 -0.0453902 -0.227577 -0.972702 0.131668 0.963848 -0.231649 103.168 -2.60156 -7.57384 0.618674 0.782541 -0.058776 0.0376604 0
-0.418257 -0.419176 1.83585 0.999822 -0.0150646 0.0113842 0.00750584 -0.236145 -0.971689 0.0173265 0.971601 -0.23599 103.66 0.430057 -0.992811 0.617998 0.786123 -0.00240382 0.00913047 0
-0.416597 -0.418592 1.83499 0.991664 0.128854 -0.000365041 0.0285157 -0.222218 -0.97458 -0.12566 0.966445 -0.22404 102.845 1.63405 7.2218 0.621572 0.780692 0.0503942 -0.0403567 0
-0.41572 -0.418106 1.83448 0.973744 0.227637 -0.00184628 0.0481339 -0.213812 -0.975688 -0.222497 0.949982 -0.219156 102.36 2.75894 12.8709 0.62064 0.775679 0.0888804 -0.0723055 0
-0.414445 -0.417182 1.8349 0.875026 0.482676 -0.0367725 0.0600361 -0.183587 -0.981168 -0.480338 0.856341 -0.189622 100.598 3.44189 28.7642 0.612743 0.749706 0.180975 -0.172438 0
-0.415567 -0.417965 1.83624 0.826609 0.562399 -0.0206003 0.106577 -0.192378 -0.975516 -0.552592 0.804175 -0.21896 101.156 6.11802 33.7629 0.594826 0.747989 0.223592 -0.191578 0
-0.415786 -0.41713 1.83508 0.835729 0.547868 -0.037384 0.0721795 -0.17708 -0.981546 -0.544378 0.817608 -0.187536 100.227 4.13918 33.0795 0.606447 0.741678 0.209002 -0.196097 0
-0.416396 -0.416698 1.83534 0.873955 0.483923 -0.0449531 0.0581229 -0.195902 -0.978899 -0.482518 0.852902 -0.199337 101.317 3.33208 28.9035 0.608012 0.753192 0.179916 -0.175079 0
-0.417967 -0.417222 1.83518 0.810657 0.585447 -0.00930469 0.118026 -0.178952 -0.976753 -0.573503 0.790713 -0.214167 100.382 6.77819 35.2777 0.595302 0.742256 0.236938 -0.196296 0
-0.415397 -0.417206 1.83526 0.82048 0.570465 -0.0371892 0.0740556 -0.170566 -0.982559 -0.566859 0.803416 -0.182192 99.848 4.24696 34.6401 0.605748 0.737095 0.218601 -0.204874 0
-0.415724 -0.417759 1.83586 0.765758 0.642805 -0.0204018 0.112324 -0.164909 -0.979892 -0.633244 0.748069 -0.198483 99.553 6.44929 39.589 0.592108 0.72958 0.258754 -0.22398 0
-0.415629 -0.417484 1.83477 0.772014 0.635353 -0.0178947 0.113543 -0.165557 -0.979642 -0.625382 0.754266 -0.199952 99.5922 6.5196 39.0097 0.592981 0.731014 0.256116 -0.219995 0
-0.41881 -0.418026 1.83608 0.793037 0.609173 3.48307e-05 0.130597 -0.169959 -0.976759 -0.59501 0.774611 -0.21434 99.8708 7.50411 36.8806 0.593451 0.73779 0.250671 -0.201607 0
-0.415879 -0.418722 1.83744 0.758321 0.651248 -0.0287158 0.130679 -0.195025 -0.972054 -0.638648 0.733377 -0.232996 101.345 7.50882 40.1036 0.576693 0.739314 0.264409 -0.22567 0
-0.415873 -0.417908 1.83722 0.777087 0.629336 -0.00852658 0.12776 -0.170991 -0.976954 -0.61629 0.758089 -0.213279 99.9276 7.34017 38.4172 0.590088 0.735078 0.257488 -0.2125 0
-0.416153 -0.41747 1.83566 0.768033 0.640294 -0.0121956 0.109515 -0.150079 -0.98259 -0.630976 0.753326 -0.185388 98.6841 6.28737 39.4048 0.598449 0.725172 0.258493 -0.221731 0
-0.416748 -0.417429 1.83559 0.765888 0.642757 -0.0167093 0.102847 -0.148119 -0.983607 -0.634695 0.751614 -0.179549 98.5637 5.90315 39.6487 0.599629 0.723456 0.257653 -0.225102 0
-0.416053 -0.417112 1.83421 0.787646 0.616118 -0.00349968 0.111708 -0.148389 -0.9826 -0.605917 0.77355 -0.185704 98.5877 6.4138 37.5702 0.602817 0.72831 0.249834 -0.209189 0
-0.415914 -0.41667 1.83467 0.742106 0.66989 -0.0229295 0.104416 -0.149327 -0.983259 -0.6621 0.727288 -0.180764 98.6355 5.99349 41.739 0.594141 0.719756 0.268947 -0.237938 0
-0.416647 -0.417736 1.83508 0.816958 0.576697 7.9543e-05 0.112816 -0.159681 -0.980701 -0.565554 0.801201 -0.195514 99.248 6.47766 34.6936 0.604517 0.736911 0.23392 -0.191839 0
-0.417671 -0.418013 1.83511 0.903797 0.427939 0.00439804 0.0913972 -0.182969 -0.978861 -0.418088 0.885094 -0.204479 100.588 5.24399 24.8248 0.615701 0.756843 0.171547 -0.13665 0
-0.41884 -0.417658 1.83478 0.915023 0.403244 -0.0112225 0.0694342 -0.18484 -0.980313 -0.39738 0.89623 -0.197131 100.678 3.98149 23.4745 0.619082 0.757792 0.155939 -0.1348 0
-0.418257 -0.417358 1.83483 0.914757 0.403925 -0.00799912 0.0695188 -0.17688 -0.981774 -0.397978 0.897529 -0.189883 100.213 3.98635 23.5121 0.622092 0.755235 0.156721 -0.134388 0
-0.418014 -0.417765 1.83515 0.924884 0.380205 -0.00586784 0.0699226 -0.185221 -0.980206 -0.373766 0.906166 -0.197893 100.701 4.00954 22.0047 0.62084 0.759605 0.148145 -0.124945 0
-0.416683 -0.417365 1.83518 0.96741 0.252882 -0.013003 0.034322 -0.181832 -0.982731 -0.250879 0.950257 -0.184585 100.483 1.96689 14.5383 0.632652 0.763843 0.0939997 -0.0863666 0
-0.418129 -0.417052 1.83512 0.973482 0.228673 -0.00644066 0.0347043 -0.175451 -0.983876 -0.226116 0.957562 -0.178734 100.111 1.98881 13.0765 0.636258 0.762835 0.0863153 -0.0762146 0
-0.418828 -0.417391 1.83537 0.991528 0.129889 -9.06039e-05 0.0225603 -0.172904 -0.98468 -0.127915 0.976337 -0.174369 99.9592 1.29272 7.35102 0.641143 0.764657 0.0498425 -0.0418507 0
-0.419368 -0.417334 1.83439 0.999015 0.0378699 0.0231479 0.0297236 -0.18352 -0.982566 -0.0329616 0.982286 -0.184465 100.58 1.70329 1.88974 0.638559 0.769253 0.0219673 -0.00318936 0
-0.418253 -0.417774 1.83579 0.999597 -0.0193237 0.0207828 0.0168285 -0.186051 -0.982396 0.0228502 0.98235 -0.185651 100.724 0.964249 -1.30952 0.637945 0.769951 -0.000810163 0.0141674 0
-0.417684 -0.418104 1.83554 0.996421 -0.0837165 0.0116512 -0.00503033 -0.196336 -0.980524 0.0843735 0.976956 -0.196055 101.323 -0.288218 -4.84006 0.633252 0.772789 -0.0287099 0.0310643 0
-0.41627 -0.418013 1.83462 0.990422 -0.137061 0.0166869 -0.0129295 -0.21239 -0.977099 0.137467 0.967525 -0.212128 102.263 -0.740829 -7.90195 0.62568 0.777004 -0.0482594 0.0495988 0
