-0.336138 -0.388095 1.4608 0.819989 0.57221 0.0139257 0.189112 -0.247878 -0.950154 -0.540236 0.781749 -0.311469 104.622 10.901 33.3782 0.561392 0.771255 0.24678 -0.170602 0
-0.337968 -0.393468 1.46782 0.816466 0.576344 0.0347933 0.212004 -0.24319 -0.946527 -0.537063 0.780184 -0.320744 104.409 12.2398 33.3365 0.559583 0.771427 0.255483 -0.162773 0
-0.34203 -0.398718 1.47928 0.812191 0.578117 0.0782655 0.260254 -0.238981 -0.935498 -0.522123 0.780172 -0.344556 104.33 15.0851 32.7352 0.554224 0.773907 0.270824 -0.143382 0
-0.346932 -0.400103 1.49736 0.818466 0.565232 0.103084 0.297713 -0.263767 -0.917493 -0.491406 0.781627 -0.384161 106.039 17.3203 30.9806 0.540957 0.785238 0.27474 -0.123632 0
-0.347227 -0.399035 1.508 0.810165 0.579799 0.0864069 0.311815 -0.301421 -0.901064 -0.496391 0.756954 -0.42499 108.496 18.1686 31.496 0.520518 0.796332 0.279913 -0.12871 0
-0.34691 -0.393654 1.51563 0.811585 0.580122 0.0692001 0.320989 -0.343793 -0.882481 -0.488156 0.738421 -0.46523 111.285 18.7227 31.0263 0.50064 0.809415 0.278322 -0.129401 0
-0.340211 -0.383049 1.51718 0.817518 0.574543 -0.0395524 0.265614 -0.437098 -0.859299 -0.510992 0.691987 -0.509942 116.961 15.4034 32.0076 0.466497 0.831348 0.252649 -0.165558 0
-0.323972 -0.373573 1.52232 0.782542 0.619554 -0.0614874 0.27134 -0.428267 -0.861952 -0.560359 0.65783 -0.503247 116.421 15.744 35.6055 0.461256 0.82372 0.270387 -0.188731 0
-0.313426 -0.355448 1.52369 0.764675 0.634292 -0.113782 0.254424 -0.459382 -0.851021 -0.592065 0.621805 -0.512657 118.36 14.7394 37.7496 0.44515 0.827151 0.268608 -0.213337 0
-0.306766 -0.343153 1.52842 0.753937 0.637257 -0.159633 0.219905 -0.473781 -0.852744 -0.619049 0.607811 -0.497337 119.056 12.7035 39.389 0.442385 0.825387 0.259624 -0.235853 0
-0.305863 -0.335434 1.53119 0.744653 0.653357 -0.13644 0.206844 -0.420252 -0.883518 -0.634592 0.629693 -0.448085 115.438 11.9374 40.4376 0.468059 0.808237 0.266073 -0.238492 0
-0.303978 -0.331644 1.53524 0.737253 0.662643 -0.131765 0.174124 -0.3748 -0.910607 -0.652793 0.648405 -0.391704 112.372 10.0277 41.523 0.492633 0.791163 0.26441 -0.247913 0
-0.305631 -0.323226 1.5351 0.721932 0.675531 -0.149906 0.0631919 -0.280096 -0.95789 -0.689073 0.682059 -0.244898 106.299 3.62305 43.6659 0.547023 0.749487 0.246409 -0.279851 0
-0.302824 -0.320399 1.53443 0.71725 0.681382 -0.145847 0.0062906 -0.215628 -0.976455 -0.696788 0.699445 -0.158946 102.453 0.360427 44.171 0.579369 0.723157 0.237733 -0.291304 0
-0.302663 -0.314399 1.5364 0.732229 0.661246 -0.163075 -0.0432424 -0.193821 -0.980083 -0.679684 0.724698 -0.113328 101.186 -2.47838 42.8687 0.596884 0.714034 0.216378 -0.29507 0
-0.301832 -0.317104 1.53458 0.708994 0.688231 -0.153836 -0.0465744 -0.171967 -0.984001 -0.703675 0.704816 -0.08987 99.9131 -2.66948 44.7842 0.601489 0.701932 0.228532 -0.305411 0
-0.303504 -0.318753 1.53529 0.670315 0.731376 -0.125569 0.00264676 -0.171568 -0.985169 -0.742072 0.660041 -0.11694 99.879 0.151648 47.9084 0.587751 0.69979 0.26223 -0.309965 0
-0.304176 -0.316985 1.52997 0.651676 0.752844 -0.0924297 0.0433372 -0.158616 -0.986389 -0.757258 0.638801 -0.135993 99.1353 2.48381 49.2856 0.582466 0.697547 0.285351 -0.304527 0
-0.304965 -0.316466 1.52836 0.682861 0.724715 -0.0921401 0.038657 -0.161793 -0.986067 -0.729525 0.669785 -0.138497 99.318 2.21543 46.8923 0.587914 0.704122 0.271037 -0.291734 0
-0.306139 -0.318343 1.5286 0.675143 0.72967 -0.10846 0.0467356 -0.18904 -0.980857 -0.736205 0.65715 -0.161731 100.909 2.67873 47.4773 0.575407 0.711673 0.27274 -0.296718 0
-0.305277 -0.317462 1.52948 0.694149 0.716447 -0.0697231 0.0451857 -0.140038 -0.989115 -0.718412 0.683443 -0.12958 98.0583 2.58983 45.984 0.596769 0.700672 0.27175 -0.281207 0
-0.304668 -0.316403 1.52904 0.716413 0.691766 -0.0906236 0.0246559 -0.154916 -0.98762 -0.697241 0.705309 -0.12804 98.9146 1.41282 44.223 0.598635 0.706995 0.253333 -0.278596 0
-0.304296 -0.316282 1.52882 0.745256 0.658084 -0.107328 0.00591855 -0.167488 -0.985856 -0.666753 0.73408 -0.128716 99.642 0.33911 41.8178 0.601883 0.714398 0.232364 -0.270886 0
-0.305442 -0.316668 1.52898 0.777424 0.620584 -0.102406 0.00261946 -0.166008 -0.986121 -0.628971 0.766366 -0.130684 99.5558 0.150084 38.9744 0.608427 0.720089 0.216363 -0.253919 0
-0.304835 -0.317984 1.52837 0.820995 0.565452 -0.0789373 0.019571 -0.166051 -0.985923 -0.5706 0.807893 -0.147393 99.5601 1.12141 34.7997 0.613912 0.730486 0.200217 -0.222296 0
-0.305665 -0.314745 1.52957 0.895748 0.444001 -0.0223207 0.0455679 -0.141643 -0.988868 -0.44222 0.88476 -0.147108 98.1514 2.61175 26.275 0.633837 0.739003 0.165618 -0.157151 0
-0.305391 -0.315829 1.52912 0.924942 0.379127 -0.0272897 0.0307195 -0.146119 -0.98879 -0.378865 0.913735 -0.146798 98.4061 1.76038 22.2745 0.638754 0.744624 0.137602 -0.136362 0
-0.304246 -0.317145 1.52781 0.950028 0.304269 -0.069771 -0.0213632 -0.159611 -0.986949 -0.311434 0.939119 -0.145135 99.1864 -1.22412 18.15 0.641343 0.750795 0.0942021 -0.126934 0
-0.304181 -0.317643 1.52767 0.967418 0.230722 -0.104258 -0.0732935 -0.138948 -0.987584 -0.242344 0.963048 -0.11751 98.0087 -4.20317 14.0635 0.654018 0.745633 0.0527835 -0.116211 0
-0.305568 -0.317118 1.52849 0.972123 0.21354 -0.096838 -0.068107 -0.138033 -0.988083 -0.224362 0.967134 -0.119642 97.9526 -3.90527 12.9961 0.654685 0.746625 0.0486967 -0.107551 0
-0.305054 -0.315049 1.52925 0.985896 0.141158 -0.0899039 -0.0657532 -0.167286 -0.983713 -0.153899 0.975751 -0.155645 99.6511 -3.7701 8.87231 0.64478 0.759741 0.0248128 -0.0802257 0
-0.304018 -0.316358 1.52936 0.984009 0.131634 -0.119992 -0.0994068 -0.153139 -0.983192 -0.147797 0.979398 -0.137605 98.8531 -5.70501 8.54192 0.650628 0.754114 0.0106839 -0.0887762 0
-0.304554 -0.317365 1.52855 0.990173 0.0971251 -0.100615 -0.0863371 -0.141417 -0.986178 -0.110011 0.985174 -0.131642 98.1605 -4.95292 6.33973 0.655194 0.752202 0.00358546 -0.0700031 0
-0.304885 -0.314193 1.52835 0.979156 0.170286 -0.110712 -0.0860015 -0.146214 -0.985508 -0.184006 0.974487 -0.128522 98.4391 -4.93362 10.6431 0.652767 0.750648 0.0280705 -0.0981543 0
-0.305056 -0.315885 1.52777 0.980701 0.168377 -0.0993672 -0.0764401 -0.137572 -0.987538 -0.179949 0.976075 -0.122046 97.9307 -4.38397 10.3975 0.65595 0.748385 0.0307118 -0.0933064 0
-0.304044 -0.317236 1.52629 0.978066 0.182761 -0.099928 -0.0751529 -0.137802 -0.987604 -0.194266 0.973452 -0.121045 97.9433 -4.31001 11.234 0.655595 0.747816 0.0359741 -0.098351 0
-0.305268 -0.316054 1.5252 0.981798 0.159869 -0.102538 -0.0794953 -0.144412 -0.986319 -0.17249 0.976518 -0.129074 98.3298 -4.55956 9.96447 0.653512 0.75088 0.0267599 -0.0915685 0
-0.305829 -0.315362 1.52522 0.986906 0.129658 -0.0959491 -0.0770318 -0.143772 -0.986608 -0.141716 0.98108 -0.131901 98.291 -4.41797 8.1716 0.65407 0.752093 0.0174931 -0.0790012 0
-0.305598 -0.316471 1.52617 0.987934 0.12313 -0.0939447 -0.0776323 -0.131173 -0.988315 -0.134015 0.983683 -0.120031 97.5603 -4.45249 7.7251 0.658925 0.748188 0.0152027 -0.0761705 0
-0.306277 -0.315324 1.52653 0.985054 0.136861 -0.104587 -0.086943 -0.129103 -0.987812 -0.148696 0.982141 -0.115274 97.4461 -4.98776 8.5841 0.659674 0.746564 0.016716 -0.0848162 0
-0.306413 -0.31591 1.52644 0.983453 0.152731 -0.0974366 -0.0755158 -0.143283 -0.986796 -0.164676 0.977826 -0.129379 98.2616 -4.33086 9.5058 0.653986 0.751018 0.0257037 -0.0872524 0
-0.30526 -0.314048 1.52616 0.98766 0.116668 -0.104485 -0.0854813 -0.157438 -0.983822 -0.13123 0.980613 -0.145522 99.0918 -4.9037 7.56854 0.64898 0.75674 0.0103028 -0.0778718 0
-0.306075 -0.313904 1.52629 0.988988 0.106749 -0.10251 -0.0840304 -0.165148 -0.982682 -0.121829 0.980475 -0.15436 99.5399 -4.82027 7.02265 0.646042 0.759687 0.00747616 -0.0738261 0
-0.305735 -0.316692 1.52611 0.988741 0.11044 -0.100966 -0.083573 -0.152129 -0.984821 -0.124124 0.982171 -0.141186 98.7813 -4.79397 7.15531 0.651043 0.755324 0.00889261 -0.074501 0
-0.306171 -0.315369 1.52453 0.992428 0.0760532 -0.0964503 -0.0834539 -0.158651 -0.983801 -0.0901232 0.984401 -0.151103 99.1608 -4.78712 5.18884 0.64859 0.758647 -0.00243878 -0.0614823 0
-0.305654 -0.314428 1.52469 0.993268 0.0728815 -0.0900346 -0.0789128 -0.143256 -0.986535 -0.0847981 0.986999 -0.13654 98.2622 -4.52608 4.87967 0.654498 0.753834 -0.00200021 -0.0579811 0
-0.305584