-0.334978 -0.387081 1.45674 0.832476 0.552959 0.0349305 0.195759 -0.234564 -0.952186 -0.518326 0.79951 -0.303515 103.839 11.2891 31.9077 0.568858 0.76983 0.243144 -0.156981 0
-0.328253 -0.38191 1.45976 0.840293 0.539165 0.0566421 0.193509 -0.200695 -0.960352 -0.50642 0.817938 -0.272976 101.804 11.1576 31.0761 0.584513 0.760586 0.240825 -0.147839 0
-0.321532 -0.368185 1.46623 0.842937 0.532165 0.0791096 0.205344 -0.182319 -0.961558 -0.497284 0.826777 -0.262961 100.736 11.8497 30.5381 0.591113 0.756343 0.243775 -0.138222 0
-0.311329 -0.359751 1.47377 0.853466 0.517173 0.0642438 0.170033 -0.159806 -0.972394 -0.492629 0.84083 -0.224325 99.3327 9.78974 29.994 0.606081 0.74793 0.229703 -0.14319 0
-0.30202 -0.352039 1.47628 0.881243 0.467986 0.0663271 0.169327 -0.18156 -0.968692 -0.441292 0.864884 -0.239241 100.616 9.74869 26.5999 0.604244 0.758624 0.210023 -0.123567 0
-0.292048 -0.342847 1.48268 0.865691 0.499927 0.0255275 0.135738 -0.185352 -0.973252 -0.481824 0.846001 -0.228317 100.783 7.8013 29.0993 0.602499 0.754877 0.210519 -0.151116 0
-0.290456 -0.33394 1.48767 0.891207 0.453212 0.018673 0.122775 -0.20139 -0.971786 -0.436664 0.868356 -0.235123 101.708 7.05231 26.1034 0.603054 0.762843 0.188763 -0.136985 0
-0.290802 -0.324634 1.49106 0.890176 0.455594 -0.00454593 0.0983035 -0.201796 -0.974482 -0.444886 0.867013 -0.224421 101.699 5.64148 26.5546 0.604971 0.760985 0.181967 -0.147648 0
-0.290616 -0.316269 1.50182 0.89671 0.438767 -0.0582639 0.0642115 -0.259198 -0.963687 -0.437936 0.860407 -0.260599 105.054 3.68158 26.03 0.58671 0.777256 0.16178 -0.1596 0
-0.288735 -0.3079 1.50721 0.886043 0.453789 -0.0948854 0.0365184 -0.27235 -0.961505 -0.462163 0.84847 -0.257886 105.815 2.09282 27.5467 0.582196 0.777219 0.157712 -0.17918 0
-0.289008 -0.306685 1.50665 0.883403 0.460858 -0.0849056 0.0382295 -0.251456 -0.967114 -0.467052 0.851105 -0.239755 104.575 2.19092 27.8653 0.589956 0.770489 0.161939 -0.179093 1
-0.289451 -0.304677 1.51005 0.893583 0.43796 -0.0984928 0.0143468 -0.247161 -0.968868 -0.448669 0.864351 -0.227142 104.311 0.822042 26.6613 0.595668 0.769397 0.146968 -0.177789 1
-0.291636 -0.301159 1.5164 0.895858 0.435615 -0.0876214 0.0475601 -0.290067 -0.955824 -0.441787 0.852115 -0.280577 106.882 2.72602 26.25 0.57559 0.785255 0.153827 -0.168547 1
-0.290117 -0.300146 1.51177 0.916594 0.391401 -0.0816142 0.0509729 -0.316858 -0.947102 -0.396557 0.863948 -0.310381 108.498 2.9218 23.3953 0.567749 0.79747 0.13868 -0.149902 0
-0.28902 -0.301035 1.50733 0.929815 0.360077 -0.0760901 0.0534672 -0.336722 -0.940085 -0.364124 0.870036 -0.332341 109.707 3.06491 21.3858 0.561416 0.806052 0.128262 -0.136534 0
-0.286973 -0.301173 1.49439 0.943795 0.322022 -0.0745131 0.0490953 -0.359512 -0.931848 -0.326864 0.875816 -0.355115 111.097 2.81409 19.1025 0.554339 0.815234 0.113807 -0.123087 1
-0.285673 -0.299651 1.4893 0.95854 0.275828 -0.0715507 0.0371882 -0.370032 -0.928274 -0.28252 0.887128 -0.364948 111.733 2.13122 16.4223 0.553073 0.820597 0.0953622 -0.10787 1
-0.284006 -0.296868 1.48846 0.954498 0.287286 -0.0799966 0.0269465 -0.35024 -0.936272 -0.296996 0.891515 -0.342044 110.51 1.5441 17.2837 0.561742 0.813447 0.0965744 -0.115863 0
-0.282772 -0.295903 1.48458 0.96149 0.26343 -0.0783677 0.0305594 -0.385842 -0.922059 -0.273135 0.884156 -0.379033 112.707 1.7512 15.8585 0.54695 0.825585 0.0890244 -0.10644 0
-0.281214 -0.291186 1.47768 0.962477 0.250145 -0.105193 -0.00723409 -0.363858 -0.931426 -0.271267 0.897237 -0.348395 111.338 -0.414486 15.7401 0.559067 0.81773 0.0742637 -0.115093 1
-0.27779 -0.288705 1.47342 0.960325 0.255916 -0.110831 -0.0157445 -0.347025 -0.937724 -0.27844 0.902264 -0.329228 110.308 -0.902132 16.1692 0.566584 0.811877 0.0739557 -0.119868 1
-0.260723 -0.29352 1.46162 0.964898 0.215569 -0.150004 -0.100656 -0.224 -0.969377 -0.242569 0.950449 -0.194439 103.011 -5.77693 14.1113 0.621784 0.771903 0.0372176 -0.127144 1
-0.254117 -0.294567 1.4661 0.967269 0.216127 -0.132966 -0.0878879 -0.206223 -0.97455 -0.238047 0.954338 -0.180479 101.948 -5.04211 13.8258 0.628603 0.767133 0.0417915 -0.120909 1
-0.254563 -0.295056 1.46809 0.972309 0.217127 -0.0864295 -0.0490067 -0.172174 -0.983847 -0.228501 0.960839 -0.156766 99.9263 -2.809 13.225 0.64097 0.758493 0.0554126 -0.103801 1
-0.255479 -0.295047 1.46913 0.974088 0.213781 -0.0738259 -0.0376565 -0.168563 -0.984971 -0.223013 0.962229 -0.156145 99.7112 -2.15807 12.8953 0.642141 0.758089 0.0580817 -0.0978904 1
-0.254815 -0.294156 1.46814 0.973508 0.212569 -0.0842366 -0.0457651 -0.179806 -0.982637 -0.224024 0.96046 -0.165315 100.369 -2.62306 12.9593 0.638041 0.761352 0.0547723 -0.101222 1
-0.254837 -0.292989 1.46666 0.972236 0.212146 -0.0987464 -0.0610462 -0.177431 -0.982238 -0.225898 0.960996 -0.159554 100.239 -3.49987 13.0805 0.639385 0.759806 0.0497165 -0.106818 1
-0.254387 -0.293385 1.46415 0.992148 0.12068 -0.0328372 -0.00535536 -0.221322 -0.975186 -0.124953 0.967705 -0.218938 102.787 -0.306841 7.17814 0.622874 0.779809 0.036972 -0.0505861 1
-0.254464 -0.292776 1.46333 0.995545 0.0903476 -0.0269562 -0.00560863 -0.22865 -0.973492 -0.0941163 0.969307 -0.227125 103.218 -0.321352 5.40054 0.620437 0.782835 0.0270616 -0.0386648 1
-0.254792 -0.292382 1.46305 0.998455 0.0535865 -0.0146938 -0.000977178 -0.24747 -0.968895 -0.0555559 0.967413 -0.247035 104.328 -0.0559882 3.18476 0.613178 0.789456 0.01666 -0.0222462 1
-0.254889 -0.294395 1.4674 0.999465 0.0209314 -0.0251316 -0.0183474 -0.27729 -0.960611 -0.0270757 0.960558 -0.276758 106.101 -1.05129 1.55177 0.601128 0.798986 0.000808533 -0.0163355 1
-0.255645 -0.293505 1.46788 0.999554 0.0249338 -0.0164571 -0.00871913 -0.283407 -0.95896 -0.0285746 0.958675 -0.283064 106.464 -0.499575 1.63749 0.598557 0.800941 0.00506113 -0.0140558 1
-0.253212 -0.29029 1.45469 0.988627 0.149995 -0.0108487 0.0281967 -0.255739 -0.966335 -0.14772 0.955039 -0.257059 104.823 1.61577 8.49822 0.607419 0.790795 0.0563331 -0.0501295 1
-0.249876 -0.285814 1.43505 0.958142 0.286097 -0.0105957 0.0483386 -0.198143 -0.97898 -0.282183 0.93749 -0.203679 101.442 2.77068 16.4102 0.623763 0.768109 0.10885 -0.095292 1
-0.245694 -0.286291 1.42912 0.952173 0.305552 0.00214262 0.0595129 -0.17857 -0.982126 -0.299707 0.935281 -0.188214 100.305 3.41185 17.472 0.629561 0.761406 0.119865 -0.0977024 0
-0.244076 -0.286937 1.42863 0.969668 0.244317 0.00731659 0.0612314 -0.213824 -0.974951 -0.236632 0.945827 -0.222298 102.37 3.5105 13.7141 0.619182 0.775531 0.0984965 -0.0739222 1
-0.242824 -0.286168 1.42843 0.976875 0.213285 -0.0149557 0.0356361 -0.23139 -0.972208 -0.210818 0.949193 -0.23364 103.388 2.04223 12.1782 0.614786 0.78133 0.0796467 -0.0722403 1
-0.244315 -0.285131 1.42937 0.980964 0.193266 -0.0189332 0.0267715 -0.23116 -0.972547 -0.192337 0.953527 -0.231933 103.37 1.53408 11.0932 0.616009 0.781674 0.0703738 -0.0675698 1
-0.243112 -0.285604 1.42976 0.981697 0.190263 -0.00847645 0.0343211 -0.220513 -0.97478 -0.187334 0.956647 -0.223007 102.747 1.96684 10.8037 0.620116 0.778655 0.0721064 -0.0628681 1
-0.244899 -0.284221 1.42357 0.979825 0.199522 -0.0115898 0.0298096 -0.20324 -0.978675 -0.197623 0.958585 -0.205087 101.732 1.70822 11.4031 0.626797 0.772682 0.0741998 -0.0676903 1
-0.241314 -0.279787 1.41104 0.969706 0.243515 -0.0192328 0.0308188 -0.200069 -0.979297 -0.242321 0.949038 -0.201513 101.547 1.76606 14.0304 0.626124 0.769949 0.0890753 -0.0849258 1
-0.234948 -0.274992 1.38272 0.900454 0.430726 -0.060479 0.0475849 -0.235768 -0.970644 -0.432341 0.871142 -0.232795 103.653 2.72744 25.6474 0.598308 0.769581 0.15538 -0.160094 1
-0.234111 -0.273554 1.37467 0.887155 0.45677 -0.0657006 0.0507236 -0.23803 -0.969932 -0.458675 0.857148 -0.234339 103.788 2.9075 27.3397 0.594724 0.768037 0.165192 -0.170687 1
-0.23328 -0.270818 1.36598 0.90146 0.429597 -0.0530658 0.0660512 -0.257675 -0.963971 -0.427793 0.865477 -0.26066 104.966 3.78721 25.3869 0.588032 0.777785 0.159314 -0.15456 1
-0.232461 -0.268825 1.35925 0.906224 0.41937 -0.0537334 0.0733824 -0.281173 -0.956847 -0.416381 0.863175 -0.28558 106.376 4.20828 24.6773 0.578678 0.786285 0.156671 -0.149473 1
-0.230073 -0.267377 1.3532 0.90793 0.414417 -0.0626134 0.0746562 -0.306914 -0.948805 -0.412418 0.856774 -0.309595 107.925 4.28147 24.4294 0.568204 0.794424 0.153908 -0.149489 1
-0.228859 -0.265551 1.34605 0.90954 0.413508 -0.0418139 0.0938791 -0.302411 -0.948543 -0.404875 0.858813 -0.313874 107.683 5.38681 23.9959 0.568607 0.794642 0.159627 -0.140531 1
-0.22725 -0.264198 1.34002 0.912305 0.407106 -0.0443284 0.0834623 -0.290818 -0.953131 -0.400917 0.865846 -0.299293 106.968 4.78761 23.7233 0.574933 0.790951 0.155056 -0.140731 1
-0.226158 -0.263 1.33554 0.904264 0.42292 -0.0586996 0.0792944 -0.301425 -0.950187 -0.419547 0.854565 -0.306103 107.6 4.54801 24.8897 0.569372 0.792432 0.158441 -0.150879 1
-0.224916 -0.260825 1.32665 0.920179 0.388624 -0.047353 0.0638519 -0.268309 -0.961214 -0.386257 0.881465 -0.271707 105.596 3.66093 22.7708 0.587402 0.78425 0.144238 -0.138224 1
-0.223863 -0.25954 1.32165 0.915251 0.396871 -0.0693442 0.0367658 -0.253678 -0.96659 -0.401202 0.882123 -0.24677 104.705 2.107 23.6703 0.594727 0.777126 0.1395 -0.151374 1
-0.222842 -0.257404 1.31376 0.910485 0.407089 -0.0727728 0.0210191 -0.221301 -0.974979 -0.413008 0.886174 -0.210048 102.788 1.20439 24.3997 0.608098 0.765153 0.139877 -0.15872 1
-0.223457 -0.257178 1.31552 0.908812 0.410896 -0.0722827 0.0221859 -0.220607 -0.97511 -0.416615 0.884589 -0.209606 102.748 1.27127 24.6275 0.607988 0.764694 0.141587 -0.159835 1
-0.220847 -0.252906 1.30132 0.864844 0.496369 -0.0752432 -0.0164712 -0.12174 -0.992425 -0.50177 0.859533 -0.0971107 96.9935 -0.943773 30.1217 0.641481 0.721751 0.166227 -0.199866 1
-0.2201 -0.251164 1.29768 0.877196 0.471786 -0.0891321 -0.0597418 -0.0769477 -0.995244 -0.476401 0.878349 -0.0393129 94.4211 -3.42499 28.5062 0.663501 0.705949 0.145919 -0.200274 1
-0.219305 -0.25049 1.29913 0.863284 0.490781 -0.117791 -0.105143 -0.0533861 -0.993023 -0.493645 0.869646 0.00551469 93.0773 -6.0354 29.7619 0.673686 0.691223 0.139477 -0.221143 1
-0.220669 -0.249821 1.30053 0.857324 0.502325 -0.112544 -0.10309 -0.0466623 -0.993577 -0.50435 0.863419 0.0117798 92.6889 -5.91712 30.4676 0.674989 0.687787 0.145116 -0.224231 1
-0.22114 -0.249078 1.30322 0.867215 0.481994 -0.124982 -0.111845 -0.0560317 -0.992145 -0.48521 0.874381 0.00531682 93.2324 -6.42166 29.2272 0.673888 0.692447 0.133638 -0.220303 1
-0.219952 -0.250006 1.30226 0.872551 0.470241 -0.132392 -0.123653 -0.0495892 -0.991086 -0.472615 0.881144 0.0148776 92.8644 -7.10296 28.4421 0.677835 0.690518 0.125481 -0.219041 1
-0.221306 -0.250035 1.30066 0.871605 0.47992 -0.0999107 -0.101493 -0.0227275 -0.994577 -0.479588 0.877018 0.0288989 91.3091 -5.82513 28.8211 0.68516 0.682904 0.138536 -0.212145 1
-0.222744 -0.253168 1.32346 0.817542 0.555393 -0.152195 -0.169879 -0.0199298 -0.985263 -0.550241 0.831349 0.0780561 91.1588 -9.78079 33.9423 0.684775 0.663215 0.14532 -0.264785 1
-0.222198 -0.251731 1.31592 0.841754 0.520774 -0.142283 -0.155342 -0.0187621 -0.987683 -0.517029 0.853488 0.0651051 91.0883 -8.93664 31.5594 0.68704 0.669965 0.136362 -0.246025 1
-0.221879 -0.252083 1.31694 0.835726 0.529721 -0.144763 -0.156062 -0.0236422 -0.987464 -0.526504 0.847842 0.0629109 91.3715 -8.97838 32.2107 0.684652 0.67016 0.139392 -0.250413 1
-0.224453 -0.254074 1.32668 0.823643 0.551701 -0.131297 -0.186228 0.0444393 -0.981501 -0.53566 0.832857 0.139344 87.4076 -10.7327 33.0382 0.708418 0.640285 0.142699 -0.260414 1
-0.224499 -0.25322 1.32795 0.841252 0.526536 -0.122697 -0.181594 0.0614301 -0.981453 -0.509233 0.847931 0.147294 86.4185 -10.4626 31.1876 0.715887 0.638852 0.134985 -0.247291 1
-0.225181 -0.25275 1.32924 0.845462 0.515064 -0.141081 -0.208727 0.0755431 -0.975052 -0.491556 0.853816 0.171377 85.5698 -12.0478 30.174 0.723253 0.632167 0.121145 -0.250186 1
-0.223405 -0.250333 1.3224 0.850542 0.5045 -0.148519 -0.243336 0.127168 -0.961569 -0.466225 0.853995 0.230925 82.4663 -14.0835 28.7294 0.743074 0.610829 0.106889 -0.251602 1
-0.22471 -0.250988 1.32703 0.835516 0.521676 -0.172531 -0.263704 0.105234 -0.958846 -0.482051 0.846629 0.225492 83.7368 -15.2899 29.9828 0.735908 0.61335 0.105149 -0.266806 1
-0.223257 -0.249699 1.32093 0.823991 0.539604 -0.17282 -0.293404 0.145422 -0.944863 -0.484721 0.829264 0.278149 81.2504 -17.0618 30.4666 0.749593 0.591697 0.104023 -0.27782 1
-0.221661 -0.249192 1.31778 0.810749 0.553011 -0.192003 -0.324441 0.151475 -0.933699 -0.487262 0.819289 0.302227 80.7851 -18.9317 31.006 0.752405 0.582462 0.0981052 -0.291549 1
-0.220897 -0.247403 1.31072 0.827006 0.530875 -0.185022 -0.318628 0.171457 -0.932244 -0.463182 0.829924 0.310947 79.5787 -18.58 29.2519 0.759837 0.579785 0.0915196 -0.279502 1
-0.219742 -0.245732 1.2993 0.847765 0.505398 -0.160832 -0.294736 0.196824 -0.935089 -0.440936 0.840139 0.315819 78.1135 -17.1417 27.4796 0.768181 0.577737 0.0911581 -0.260399 1
-0.218093 -0.242403 1.28977 0.840842 0.517673 -0.158113 -0.287386 0.179426 -0.940859 -0.458688 0.836553 0.29964 79.2031 -16.7015 28.6129 0.761562 0.583476 0.0986705 -0.264279 1
-0.215685 -0.239984 1.27834 0.848605 0.50042 -0.171609 -0.292121 0.172799 -0.940641 -0.441062 0.848363 0.292821 79.5906 -16.985 27.4631 0.760629 0.588002 0.0885624 -0.260489 1
-0.214793 -0.239799 1.27668 0.823592 0.532684 -0.194793 -0.335454 0.180543 -0.924594 -0.457348 0.826833 0.327384 78.9511 -19.6002 29.0438 0.763466 0.573512 0.0859746 -0.284275 1
-0.218243 -0.241384 1.28788 0.775245 0.601352 -0.193317 -0.388761 0.213021 -0.896375 -0.497856 0.770064 0.398925 76.6318 -22.8774 32.7082 0.772527 0.539282 0.0985528 -0.320414 1
-0.218045 -0.241666 1.28701 0.789848 0.58926 -0.170037 -0.363316 0.226193 -0.903791 -0.494106 0.775635 0.392746 75.9491 -21.304 32.0289 0.776013 0.541043 0.104402 -0.306881 1
-0.217618 -0.241264 1.28501 0.805194 0.570792 -0.160808 -0.347084 0.233741 -0.908239 -0.480828 0.787122 0.38632 75.5677 -20.3091 30.8439 0.778661 0.544319 0.102747 -0.294697 1
-0.215889 -0.24316 1.2891 0.727418 0.658859 -0.191749 -0.390084 0.16715 -0.905481 -0.564533 0.733461 0.378598 79.541 -22.9597 37.8143 0.753851 0.543523 0.123626 -0.347861 1
-0.219238 -0.247421 1.29901 0.790869 0.577737 -0.201856 -0.466226 0.355124 -0.810259 -0.396433 0.734919 0.550213 66.3329 -27.7896 26.6229 0.821006 0.470514 0.0592497 -0.317891 1
-0.230917 -0.247734 1.29753 0.695314 0.640738 -0.325567 -0.644795 0.356046 -0.676366 -0.317456 0.680211 0.660708 62.2372 -40.1503 24.5398 0.823418 0.411874 -0.00246263 -0.390304 1
-0.232767 -0.244328 1.29942 0.688222 0.676537 -0.262009 -0.648066 0.410933 -0.641206 -0.326132 0.611091 0.721253 57.3452 -40.3959 25.3551 0.839703 0.372839 0.0190909 -0.394366 1
-0.225353 -0.24209 1.30408 0.671761 0.711956 -0.204587 -0.666422 0.460243 -0.586565 -0.323449 0.530373 0.783636 51.8808 -41.7915 25.7105 0.853762 0.327064 0.0348054 -0.403619 1
-0.219603 -0.241348 1.30627 0.658978 0.720569 -0.215703 -0.689422 0.463977 -0.556258 -0.300741 0.515272 0.802527 50.1684 -43.5844 24.5308 0.855202 0.313239 0.0248592 -0.412181 1
-0.219595 -0.243801 1.303 0.651192 0.734904 -0.189382 -0.666229 0.434073 -0.606399 -0.36344 0.521054 0.772279 54.4041 -41.7767 29.1665 0.845214 0.333482 0.0514834 -0.414431 1
-0.220053 -0.244113 1.30416 0.652519 0.730103 -0.202898 -0.671306 0.432747 -0.60173 -0.351521 0.528847 0.772498 54.2774 -42.1679 28.312 0.845246 0.334393 0.0439584 -0.414497 1
-0.218896 -0.245193 1.30199 0.628549 0.747079 -0.216329 -0.669382 0.377978 -0.639579 -0.396048 0.546813 0.737659 59.4178 -42.0194 32.215 0.828279 0.358089 0.0542447 -0.427531 1
-0.220336 -0.243957 1.29863 0.624502 0.754274 -0.202651 -0.640744 0.346424 -0.685155 -0.446591 0.557729 0.699639 63.1782 -39.8473 35.5691 0.817093 0.380276 0.0746365 -0.426823 1
-0.21776 -0.243947 1.30182 0.663395 0.714225 -0.223136 -0.606884 0.339126 -0.718808 -0.437719 0.612271 0.658427 64.7425 -37.3646 33.4175 0.815621 0.407996 0.065773 -0.40494 1
-0.218898 -0.244115 1.29194 0.716032 0.665112 -0.211956 -0.574594 0.389132 -0.720012 -0.39641 0.63734 0.6608 61.6109 -35.0712 28.9698 0.831559 0.408074 0.0554542 -0.372705 1
-0.217483 -0.243259 1.28951 0.757474 0.61852 -0.208963 -0.524751 0.386378 -0.758517 -0.38842 0.684211 0.617241 63.0063 -31.6515 27.148 0.830827 0.434124 0.0539994 -0.344016 1
-0.216898 -0.240871 1.28091 0.800319 0.571458 -0.181454 -0.4653 0.401097 -0.789061 -0.378134 0.715931 0.586905 63.0548 -27.7296 25.2898 0.834913 0.450643 0.0588924 -0.310439 1
-0.216784 -0.241485 1.28124 0.802961