-0.336558 -0.395873 1.45729 0.844449 0.535446 0.0142592 0.17738 -0.254428 -0.950685 -0.505413 0.805335 -0.309829 104.983 10.2172 30.901 0.565728 0.776 0.229648 -0.158232 0
-0.336888 -0.395826 1.45955 0.854749 0.518903 0.0120262 0.158306 -0.238559 -0.958138 -0.494312 0.820871 -0.286053 103.981 9.10856 30.0413 0.576658 0.771259 0.219514 -0.156331 0
-0.337646 -0.393473 1.46084 0.867254 0.49781 0.00753616 0.135526 -0.221485 -0.9657 -0.479066 0.838528 -0.25955 102.918 7.78903 28.916 0.588689 0.766206 0.206647 -0.153852 0
-0.338167 -0.391003 1.46029 0.874857 0.484346 0.00578143 0.133657 -0.229913 -0.96399 -0.465576 0.844126 -0.265877 103.414 7.68095 28.0207 0.587169 0.769845 0.200691 -0.149314 0
-0.337888 -0.388386 1.45859 0.883404 0.468587 0.00490348 0.124737 -0.225048 -0.96633 -0.451706 0.854272 -0.257258 103.11 7.16554 27.0818 0.59184 0.769043 0.192877 -0.145246 0
-0.337684 -0.386875 1.45674 0.889102 0.4577 -0.00283132 0.112852 -0.225206 -0.967754 -0.443579 0.860112 -0.251883 103.1 6.47973 26.5149 0.594141 0.769121 0.185456 -0.145104 0
-0.338122 -0.386682 1.45781 0.894238 0.447591 5.40241e-05 0.116406 -0.23245 -0.965617 -0.432189 0.863498 -0.259968 103.535 6.68472 25.7947 0.591993 0.77244 0.182537 -0.13986 0
-0.339274 -0.38714 1.46008 0.901456 0.432871 -0.000178827 0.113205 -0.236148 -0.965101 -0.417806 0.869975 -0.26188 103.749 6.50008 24.8668 0.592332 0.774513 0.176264 -0.134919 0
-0.340635 -0.388008 1.46383 0.906403 0.422408 -0.0020135 0.10842 -0.23725 -0.965379 -0.408262 0.874805 -0.260842 103.807 6.22426 24.2478 0.593362 0.775322 0.171164 -0.132292 0
-0.341622 -0.387842 1.46335 0.91557 0.401988 0.0116801 0.114683 -0.233144 -0.965656 -0.385459 0.885465 -0.259561 103.574 6.58533 22.8313 0.596419 0.775931 0.166468 -0.120429 0
-0.342283 -0.388127 1.46321 0.921427 0.388206 0.0163613 0.118088 -0.239675 -0.963645 -0.370172 0.889861 -0.266685 103.967 6.78178 21.8872 0.594783 0.779068 0.162468 -0.113536 0
-0.342367 -0.387708 1.46191 0.923977 0.381726 0.0234745 0.120471 -0.23225 -0.965167 -0.362977 0.89462 -0.260581 103.53 6.91929 21.447 0.598153 0.777304 0.161519 -0.109192 0
-0.342641 -0.389224 1.46334 0.928571 0.368465 0.044604 0.132969 -0.218056 -0.966835 -0.346519 0.903706 -0.251475 102.71 7.64118 20.4643 0.603954 0.77429 0.161901 -0.0974813 0
-0.340394 -0.388043 1.45218 0.94111 0.330698 0.0703593 0.147909 -0.215562 -0.965223 -0.304031 0.918788 -0.25178 102.589 8.50575 17.9033 0.606994 0.775959 0.154198 -0.0752847 0
-0.338693 -0.386077 1.4431 0.927725 0.367207 0.0669682 0.154926 -0.215582 -0.964117 -0.339593 0.904811 -0.256891 102.604 8.91248 20.1051 0.603169 0.774629 0.16851 -0.0879857 0
-0.335976 -0.383593 1.43121 0.915894 0.394387 0.0748144 0.180996 -0.239378 -0.953907 -0.358299 0.887219 -0.290627 104.087 10.4278 21.3655 0.588619 0.781968 0.183953 -0.0906318 0
-0.334472 -0.382636 1.42527 0.914034 0.399664 0.0693631 0.181711 -0.250542 -0.9509 -0.362662 0.881758 -0.301627 104.761 10.4694 21.6417 0.583495 0.785207 0.185102 -0.0933827 0
-0.333187 -0.382106 1.42178 0.918483 0.389889 0.0661482 0.175272 -0.251402 -0.951881 -0.354498 0.88588 -0.299245 104.795 10.0945 21.1046 0.584772 0.785673 0.179833 -0.0917524 0
-0.331838 -0.380798 1.41656 0.92752 0.36845 0.0628579 0.164018 -0.2501 -0.954226 -0.335864 0.895374 -0.292405 104.687 9.44019 19.9058 0.588433 0.785816 0.1694 -0.0868543 0
-0.330415 -0.378628 1.40862 0.929615 0.363967 0.0578273 0.159568 -0.25608 -0.953394 -0.332196 0.895517 -0.296133 105.035 9.18183 19.6642 0.586814 0.787691 0.166161 -0.08708 0
-0.32829 -0.376388 1.40015 0.936397 0.346599 0.0550393 0.151896 -0.258899 -0.953886 -0.316366 0.901577 -0.295079 105.185 8.73683 18.6678 0.587882 0.789046 0.157942 -0.0827984 0
-0.326585 -0.374623 1.39198 0.942319 0.327392 0.0696429 0.155046 -0.242546 -0.95767 -0.296642 0.913228 -0.279316 104.212 8.91946 17.474 0.595914 0.784885 0.153665 -0.0723033 0
-0.324594 -0.372675 1.3856 0.949387 0.307739 0.0629288 0.139845 -0.234721 -0.961951 -0.28126 0.922064 -0.265877 103.712 8.03888 16.5021 0.601828 0.782621 0.142976 -0.0697434 0
-0.323503 -0.370956 1.38088 0.941809 0.332438 0.0498139 0.130573 -0.225242 -0.965514 -0.309754 0.915834 -0.255542 103.131 7.50271 18.2056 0.604364 0.778234 0.148738 -0.083503 0
-0.323844 -0.371863 1.38154 0.923025 0.381766 0.0477531 0.129298 -0.190899 -0.973057 -0.362364 0.90433 -0.225566 101.1 7.42902 21.4341 0.61371 0.764769 0.167065 -0.102845 0
-0.322609 -0.370362 1.37445 0.926914 0.364239 0.0903315 0.162477 -0.172535 -0.971511 -0.338277 0.915184 -0.219106 100.07 9.35069 20.0495 0.619531 0.76134 0.172957 -0.0814173 0
-0.323891 -0.372239 1.38058 0.906451 0.420004 0.0440928 0.107508 -0.128526 -0.985862 -0.408398 0.898375 -0.161657 97.4277 6.1717 24.2538 0.635663 0.741052 0.17796 -0.122901 0
-0.321327 -0.370446 1.37059 0.916731 0.395484 0.0565339 0.13107 -0.164058 -0.977704 -0.377391 0.903702 -0.202233 99.5254 7.5314 22.3755 0.622583 0.755484 0.174244 -0.106176 0
-0.315293 -0.365749 1.34714 0.916804 0.395359 0.0562286 0.15683 -0.226973 -0.961191 -0.367253 0.890042 -0.270094 103.286 9.02294 21.83 0.595764 0.776832 0.177705 -0.100094 0
-0.315109 -0.365918 1.34284 0.902937 0.429035 0.025194 0.14701 -0.253245 -0.956167 -0.403848 0.867062 -0.291737 104.834 8.45369 24.0971 0.582656 0.782291 0.184089 -0.121008 0
-0.31627 -0.366224 1.34482 0.881299 0.472466 0.00934346 0.161133 -0.281859 -0.945829 -0.444239 0.835064 -0.324532 106.594 9.27265 26.7514 0.564559 0.788621 0.200857 -0.137866 0
-0.317317 -0.365895 1.3475 0.8765 0.480978 0.0202062 0.180054 -0.288612 -0.940364 -0.446462 0.827867 -0.33957 107.062 10.3729 26.9929 0.558641 0.791309 0.208841 -0.134668 0
-0.317339 -0.366238 1.34721 0.86402 0.503218 0.0155289 0.188929 -0.29549 -0.936478 -0.466664 0.81207 -0.350382 107.512 10.8903 28.3739 0.551849 0.792132 0.218444 -0.14238 0
-0.3174 -0.36633 1.34678 0.873706 0.486208 0.0155044 0.174984 -0.284384 -0.942606 -0.453893 0.826273 -0.333546 106.789 10.0777 27.4521 0.560307 0.789246 0.209438 -0.138863 0
-0.316606 -0.365239 1.34072 0.884036 0.467207 0.0140402 0.163748 -0.281425 -0.945509 -0.437797 0.838163 -0.325294 106.575 9.4245 26.3458 0.565092 0.789106 0.199896 -0.134252 0
-0.315035 -0.363064 1.33311 0.908689 0.417107 0.0175099 0.146316 -0.278915 -0.949104 -0.390994 0.865002 -0.314476 106.377 8.4135 23.2814 0.573432 0.790898 0.178096 -0.118057 0
-0.313205 -0.36181 1.32483 0.901795 0.431811 0.0174789 0.14998 -0.274775 -0.949739 -0.405305 0.859091 -0.312554 106.136 8.62579 24.2012 0.573251 0.788848 0.18438 -0.122909 0
-0.31066 -0.357463 1.31346 0.92915 0.369192 0.0194234 0.12621 -0.267375 -0.955291 -0.347493 0.890061 -0.295027 105.636 7.25062 20.5053 0.58454 0.789233 0.156925 -0.10392 0
-0.309301 -0.354723 1.30526 0.943443 0.329739 0.0344493 0.12122 -0.246374 -0.961564 -0.308578 0.911357 -0.272411 104.371 6.96253 18.1117 0.596795 0.784574 0.143696 -0.0873496 0
-0.30882 -0.354007 1.30083 0.933097 0.35754 0.0386613 0.130652 -0.236871 -0.962716 -0.335052 0.903359 -0.267737 103.823 7.50726 19.7519 0.597597 0.780658 0.15634 -0.0949169 0
-0.30837 -0.352394 1.29807 0.925106 0.378418 0.0312766 0.118459 -0.209369 -0.970635 -0.360757 0.901646 -0.238516 102.172 6.80317 21.3039 0.607705 0.770226 0.161276 -0.106943 0
-0.306963 -0.350616 1.29418 0.910472 0.412059 0.0353287 0.124751 -0.19219 -0.973396 -0.394306 0.890657 -0.226389 101.169 7.16638 23.4164 0.610715 0.763061 0.175874 -0.117611 0
-0.305424 -0.348823 1.2857 0.910025 0.412572 0.0404769 0.13492 -0.202436 -0.969957 -0.391984 0.888146 -0.239886 101.789 7.75398 23.3034 0.605744 0.766868 0.178483 -0.114592 0
-0.305221 -0.345974 1.27994 0.919916 0.391123 0.0278846 0.112822 -0.195907 -0.974111 -0.375535 0.899246 -0.224346 101.371 6.47801 22.2066 0.612304 0.76488 0.164714 -0.113629 0
-0.303798 -0.340748 1.2775 0.94477 0.327193 -0.0188271 0.0159845 -0.103381 -0.994513 -0.327344 0.939286 -0.102901 95.9346 0.915882 19.1102 0.659259 0.733323 0.116994 -0.118014 0
-0.302937 -0.339905 1.27495 0.953622 0.300742 -0.0126494 0.0136375 -0.0851472 -0.996275 -0.300699 0.949897 -0.0852996 94.8849 0.781398 17.5013 0.667678 0.728709 0.107855 -0.107501 0
-0.301741 -0.33741 1.26517 0.967948 0.250719 0.0147286 0.0427941 -0.10686 -0.993353 -0.247479 0.962144 -0.114164 96.14