-0.335685 -0.386473 1.4539 0.835972 0.547779 0.033003 0.187827 -0.2291 -0.955109 -0.515628 0.804643 -0.294409 103.489 10.826 31.6663 0.572814 0.76803 0.239446 -0.157098 0
-0.335352 -0.384796 1.45311 0.839568 0.542342 0.0314906 0.159223 -0.190235 -0.968741 -0.519398 0.818337 -0.246069 101.11 9.16182 31.743 0.592297 0.7543 0.232522 -0.161709 0
-0.335822 -0.385196 1.45599 0.856167 0.515983 0.0271989 0.14146 -0.183444 -0.972799 -0.496958 0.836726 -0.23005 100.679 8.13233 30.1328 0.600557 0.75327 0.218196 -0.155907 0
-0.336293 -0.385831 1.45964 0.859296 0.511074 0.0203544 0.133175 -0.185136 -0.973647 -0.493837 0.839362 -0.227149 100.766 7.65307 29.886 0.601459 0.753588 0.213727 -0.157076 0
-0.337281 -0.387219 1.4641 0.868208 0.495667 0.0229977 0.134702 -0.19083 -0.972337 -0.477566 0.847289 -0.232448 101.104 7.7414 28.8134 0.601026 0.756883 0.208212 -0.150145 0
-0.337977 -0.388277 1.46599 0.876671 0.480411 0.0255791 0.138831 -0.201721 -0.969554 -0.460624 0.85353 -0.243539 101.753 7.98023 27.7185 0.598208 0.761894 0.203192 -0.142751 0
-0.339022 -0.389162 1.46969 0.867316 0.497123 0.0251096 0.142697 -0.199997 -0.96935 -0.476865 0.844316 -0.244398 101.658 8.20391 28.8027 0.596431 0.760216 0.210407 -0.148561 0
-0.339557 -0.39031 1.47404 0.877012 0.479557 0.0295916 0.141582 -0.199087 -0.9697 -0.459135 0.854628 -0.242499 101.602 8.13938 27.6331 0.599046 0.761347 0.20396 -0.141047 0
-0.338817 -0.392316 1.48177 0.870808 0.490401 0.0346422 0.149959 -0.197855 -0.968693 -0.468194 0.84874 -0.245834 101.544 8.62457 28.2649 0.597311 0.760673 0.210459 -0.14249 0
-0.343329 -0.399535 1.50367 0.871546 0.487411 0.0532679 0.176157 -0.209884 -0.961726 -0.457576 0.847572 -0.268784 102.311 10.146 27.7002 0.590101 0.76652 0.216422 -0.131865 0
-0.356097 -0.399142 1.53593 0.902517 0.42768 0.050532 0.16742 -0.240327 -0.956145 -0.39678 0.871397 -0.288502 104.109 9.63783 23.7321 0.586022 0.779639 0.190826 -0.111028 0
-0.365031 -0.39168 1.54715 0.924932 0.37789 0.0412189 0.141708 -0.242153 -0.959834 -0.352731 0.893622 -0.277525 104.159 8.1467 20.8748 0.592717 0.781762 0.166163 -0.0996184 0
-0.38062 -0.382393 1.55923 0.937779 0.344041 0.0469785 0.145669 -0.266979 -0.952629 -0.315201 0.900199 -0.300484 105.656 8.376 18.5783 0.585302 0.791398 0.154698 -0.0847307 0
-0.397556 -0.367589 1.57048 0.953101 0.298851 0.0478235 0.127229 -0.252255 -0.95926 -0.274612 0.920356 -0.278447 104.733 7.30949 16.073 0.596322 0.788004 0.135177 -0.0719502 0
-0.412976 -0.355265 1.57675 0.966704 0.246613 0.0683067 0.133773 -0.259466 -0.956442 -0.218148 0.933734 -0.283817 105.178 7.6877 12.7165 0.596536 0.792147 0.120049 -0.0472897 0
-0.417608 -0.347008 1.58174 0.976933 0.195157 0.0866884 0.140305 -0.280573 -0.949523 -0.160983 0.939783 -0.301483 106.462 8.06548 9.35736 0.590525 0.799842 0.104852 -0.0232218 0
-0.418609 -0.345808 1.58246 0.987339 0.126442 0.0957773 0.129195 -0.290703 -0.948051 -0.092031 0.948422 -0.303358 107.047 7.42305 5.32521 0.590186 0.803337 0.0795547 0.00116586 0
-0.417503 -0.347093 1.57381 0.990427 0.0577629 0.125368 0.136635 -0.281217 -0.949867 -0.0196115 0.957904 -0.286417 106.492 7.85315 1.13437 0.596405 0.799697 0.0607722 0.0330614 0
-0.413488 -0.35232 1.56806 0.993433 0.00314189 0.114375 0.110876 -0.273244 -0.955533 0.0282502 0.96194 -0.271798 105.958 6.36582 -1.62888 0.601746 0.79663 0.0357814 0.044759 0
-0.41296 -0.356048 1.571 0.992766 -0.0877642 0.0819393 0.0541305 -0.282001 -0.957886 0.107175 0.955391 -0.27521 106.404 3.10296 -6.16156 0.599073 0.798432 -0.0105312 0.0592143 0
-0.412177 -0.356702 1.5692 0.988828 -0.134436 0.0643965 0.029246 -0.248642 -0.968154 0.146166 0.959221 -0.241933 104.403 1.67591 -8.40845 0.612016 0.787306 -0.0334019 0.0668618 0
-0.411893 -0.355032 1.56951 0.983274 -0.179013 0.0335772 0.00146543 -0.176572 -0.984287 0.182129 0.967872 -0.173356 100.17 0.0839629 -10.4938 0.639012 0.763741 -0.0581178 0.0706085 0
-0.412637 -0.354428 1.56903 0.974978 -0.221195 0.0221518 -0.0128853 -0.155712 -0.987718 0.221928 0.962718 -0.154666 98.9588 -0.738294 -12.8234 0.645097 0.75587 -0.0774208 0.080728 0
-0.412657 -0.354686 1.56747 0.964339 -0.262448 0.0342298 -0.0110065 -0.168984 -0.985557 0.264442 0.950034 -0.165846 99.7293 -0.63064 -15.3348 0.638261 0.75815 -0.0901717 0.098487 0
-0.412681 -0.354825 1.57182 0.960571 -0.274894 0.0416809 -0.00479406 -0.166265 -0.986069 0.277995 0.94699 -0.161027 99.5709 -0.274681 -16.1407 0.638999 0.756284 -0.0924546 0.105673 0
-0.412622 -0.354848 1.57136 0.966942 -0.252745 0.0338007 -0.0063277 -0.156297 -0.98769 0.254916 0.954825 -0.152729 98.9922 -0.362553 -14.7689 0.643801 0.754316 -0.0858633 0.0956883 0
-0.412883 -0.354598 1.5694 0.971798 -0.233735 0.0312464 -0.00703817 -0.161194 -0.986898 0.235709 0.958845 -0.158293 99.2764 -0.403261 -13.6338 0.642711 0.75685 -0.0795312 0.0881797 0
-0.412083 -0.354683 1.56853 0.936328 -0.350466 0.0215106 -0.0421662 -0.17305 -0.98401 0.348584 0.92045 -0.176809 99.9741 -2.41666 -20.4197 0.629776 0.756007 -0.129837 0.122385 0
-0.412344 -0.354098 1.56708 0.93225 -0.360931 0.0252578 -0.0357555 -0.16137 -0.986246 0.360043 0.918525 -0.163343 99.2924 -2.04908 -21.117 0.633944 0.75116 -0.132025 0.128235 0
-0.412893 -0.354657 1.56663 0.924577 -0.380975 0.00396816 -0.0651915 -0.168456 -0.983551 0.375377 0.90911 -0.180587 99.7189 -3.73785 -22.0971 0.627601 0.753926 -0.147948 0.12579 0
-0.412311 -0.354506 1.56808 0.936204 -0.35142 -0.00507915 -0.0632953 -0.154372 -0.985983 0.34571 0.923403 -0.166767 98.8984 -3.62898 -20.2676 0.635426 0.751223 -0.138013 0.113359 0
-0.412992 -0.355294 1.56943 0.949173 -0.314717 0.00491687 -0.0515791 -0.170932 -0.983932 0.3105 0.933668 -0.178477 99.8553 -2.95657 -18.1143 0.632409 0.758054 -0.120801 0.104022 0
-0.414388 -0.355156 1.56847 0.960261 -0.279078 0.00386615 -0.048665 -0.181056 -0.982268 0.274829 0.943045 -0.187442 100.444 -2.7894 -15.9713 0.630825 0.763014 -0.107384 0.091314 0
-0.414123 -0.354774 1.56715 0.959552 -0.281424 0.00782444 -0.0424608 -0.172138 -0.984157 0.278312 0.944017 -0.177125 99.9212 -2.43356 -16.1745 0.634486 0.759739 -0.106578 0.0941563 0
-0.414749 -0.354506 1.56595 0.952805 -0.303566 0.00319513 -0.0520397 -0.173688 -0.983425 0.299089 0.936846 -0.181289 100.016 -2.983 -17.4273 0.632026 0.759569 -0.117042 0.099492 0
-0.412294 -0.354773 1.56902 0.943796 -0.330282 0.0127332 -0.0439406 -0.163558 -0.985555 0.327594 0.929603 -0.168878 99.4227 -2.51842 -19.142 0.634697 0.754359 -0.12402 0.112787 0
-0.410438 -0.353739 1.56289 0.932065 -0.360194 0.0389162 -0.0318713 -0.188522 -0.981552 0.360885 0.91363 -0.187195 100.872 -1.8264 -21.1658 0.623769 0.759569 -0.129042 0.131588 0
-0.411797 -0.3544 1.56261 0.924675 -0.37437 0.0694556 -0.0254454 -0.242764 -0.969752 0.379907 0.894937 -0.234003 104.054 -1.45807 -22.3355 0.601645 0.774829 -0.129001 0.144988 0
-0.411206 -0.352696 1.5641 0.916259 -0.395328 0.0646911 -0.0601675 -0.295474 -0.953454 0.396041 0.869719 -0.294517 107.218 -3.44943 -23.3758 0.575819 0.791557 -0.14386 0.145515 0
-0.412007 -0.352543 1.565 0.904403 -0.423958 0.0481071 -0.0998977 -0.32001 -0.942133 0.41482 0.847262 -0.331771 108.761 -5.73328 -24.6394 0.559603 0.799404 -0.163827 0.144773 0
-0.412896 -0.351937 1.56475 0.89643 -0.441899 0.0337382 -0.124586 -0.324325 -0.937706 0.425313 0.836384 -0.345789 109.079 -7.15682 -25.3821 0.553696 0.801022 -0.1768 0.14327 0
-0.412796 -0.352061 1.56404 0.881718 -0.470988 0.0272675 -0.143879 -0.323494 -0.935227 0.449302 0.820684 -0.352996 109.08 -8.27236 -27.0023 0.548914 0.79972 -0.192213 0.14898 0
-0.412828 -0.351178 1.5632 0.864885 -0.501608 0.0190458 -0.157085 -0.306497 -0.93882 0.476757 0.80898 -0.34388 108.08 -9.03776 -28.8652 0.551024 0.792979 -0.207664 0.15631 0
-0.414136 -0.351839 1.56472 0.848843 -0.528358 0.0174052 -0.169992 -0.303983 -0.937389 0.500568 0.792737 -0.34785 107.967 -9.78733 -30.5281 0.54704 0.790676 -0.220808 0.163775 0
-0.413641 -0.352127 1.56471 0.817946 -0.575216 0.00953394 -0.189149 -0.284543 -0.939818 0.543311 0.766917 -0.341542 106.844 -10.9031 -33.5936 0.545862 0.78167 -0.244465 0.176815 0
-0.413739 -0.352003 1.56366 0.803741 -0.594956 0.00521239 -0.201338 -0.280216 -0.938585 0.559877 0.75333 -0.345009 106.623 -11.6152 -34.8606 0.542797 0.779257 -0.255466 0.181291 0
-0.412276 -0.351592 1.5636 0.784175 -0.61981 0.0300859 -0.187248 -0.28257 -0.940794 0.591615 0.732113 -0.337642 106.718 -10.7922 -37.0325 0.539436 0.775304 -0.260239 0.20047 0
-0.411878 -0.352536 1.56501 0.789439 -0.612222 0.0443927 -0.167653 -0.284623 -0.943866 0.59049 0.737682 -0.327333 106.781 -9.65137 -36.796 0.542559 0.774822 -0.25163 0.204848 0
-0.411993 -0.352067 1.56594 0.779184 -0.624548 0.0530375 -0.172146 -0.294594 -0.939989 0.602693 0.723294 -0.337056 107.401 -9.91262 -37.7217 0.535615 0.776343 -0.256553 0.21116 0
-0.412079 -0.352293 1.56565 0.783835 -0.61884 0.0513869 -0.175667 -0.300353 -0.937512 0.595604 0.725828 -0.344137 107.764 -10.1175 -37.2297 0.533701 0.779154 -0.254926 0.207594 0
-0.411772 -0.352089 1.56505 0.812279 -0.580835 0.0532277 -0.150472 -0.296846 -0.942995 0.563525 0.757966 -0.328522 107.474 -8.65428 -34.7513 0.544727 0.780648 -0.234199 0.197513 0
-0.411337 -0.351852 1.5651 0.842889 -0.534431 0.0626165 -0.126763 -0.310313 -0.942145 0.522943 0.786186 -0.329305 108.23 -7.28257 -31.8162 0.548469 0.787799 -0.209823 0.185821 0
-0.411432 -0.352235 1.5659 0.878481 -0.472099 0.0734427 -0.0966814 -0.326191 -0.940347 0.467893 0.818976 -0.332196 109.131 -5.54811 -28.0405 0.552289 0.796377 -0.178552 0.169937 0
-0.411136 -0.351859 1.56572 0.902615 -0.424256 0.0727508 -0.0769375 -0.325301 -0.942475 0.423517 0.845095 -0.326263 109.042 -4.41256 -25.1365 0.559252 0.79909 -0.156801 0.15526 0
-0.411227 -0.35193 1.56395 0.932138 -0.356255 0.0648211 -0.0608437 -0.330563 -0.941821 0.356955 0.873963 -0.329806 109.34 -3.48824 -20.954 0.563864 0.805063 -0.129523 0.130976 0
-0.411451 -0.351619 1.56419 0.95047 -0.305582 0.0568069 -0.0511399 -0.334026 -0.941175 0.306581 0.891654 -0.333109 109.54 -2.93138 -17.8775 0.566422 0.808951 -0.110242 0.112302 0
-0.411645 -0.351991 1.56492 0.960691 -0.271848 0.0563236 -0.0382934 -0.330696 -0.94296 0.274967 0.903736 -0.328107 109.326 -2.19459 -15.9721 0.570501 0.809243 -0.0958121 0.102346 0
-0.4114 -0.351551 1.56479 0.967474 -0.246382 0.0573659 -0.0276842 -0.328524 -0.94409 0.251452 0.911794 -0.324659 109.187 -1.58639 -14.5692 0.573213 0.809422 -0.0846486 0.0953823 0
-0.411253 -0.35177 1.5651 0.972093 -0.227844 0.0558841 -0.0215778 -0.324041 -0.945797 0.233603 0.918197 -0.319914 108.912 -1.23642 -13.5125 0.576224 0.80871 -0.0771048 0.0894903 0
-0.410931 -0.352254 1.56573 0.992583 -0.101869 0.0663495 0.0280164 -0.339403 -0.940224 0.118299 0.935109 -0.334032 109.849 1.60543 -6.79664 0.574271 0.816397 -0.0226155 0.0565438 0
-0.411574 -0.352375 1.56594 0.996901 -0.04007 0.0676892 0.0504045 -0.335233 -0.940786 0.060389 0.941283 -0.332175 109.613 2.88919 -3.46655 0.576518 0.816136 0.00316568 0.0392331 0
-0.41169 -0.351981 1.56545 0.997435 -0.0376587 0.0608694 0.0452824 -0.326598 -0.944078 0.0554326 0.944413 -0.324055 109.083 2.59538 -3.18095 0.580255 0.813647 0.00234244 0.0357348 0
-0.411591 -0.351914 1.56426 0.997159 -0.0326486 0.0678762 0.053787 -0.322183 -0.945148 0.0527264 0.946114 -0.319512 108.823 3.08326 -3.02679 0.582122 0.812228 0.0065063 0.0371209 0
-0.41194 -0.35203 1.56446 0.998173 -0.0294412 0.0527662 0.040377 -0.324677 -0.944963 0.0449528 0.945367 -0.322895 108.962 2.31406 -2.57858 0.581077 0.813287 0.00336161 0.0300383 0
-0.411631 -0.351332 1.56413 0.997004 -0.0562156 0.0531379 0.0314508 -0.333012 -0.942398 0.0706731 0.941245 -0.330246 109.462 1.8023 -4.05466 0.577439 0.815515 -0.00759178 0.0379548 0
-0.41198 -0.351959 1.56434 0.994691 -0.0859476 0.0565943 0.0239299 -0.341695 -0.939506 0.100086 0.935872 -0.337825 109.986 1.37121 -5.74579 0.573405 0.817651 -0.0189622 0.0479057 0
-0.412362 -0.352009 1.5638 0.990345 -0.133966 0.0356353 -0.0125111 -0.34239 -0.939475 0.138059 0.929958 -0.34076 110.024 -0.716853 -7.93618 0.571663 0.817541 -0.0447921 0.0531149 0
-0.411922 -0.351913 1.5639 0.990212 -0.133302 0.0413692 -0.00847863 -0.3533 -0.935472 0.139316 0.925964 -0.350972 110.69 -0.485796 -8.00854 0.566997 0.820744 -0.0431865 0.0550369 0
-0.412172 -0.351706 1.5629 0.989904 -0.137982 0.0324269 -0.0181924 -0.350567 -0.936361 0.140569 0.926317 -0.349537 110.526 -1.0424 -8.08213 0.567847 0.820062 -0.0476107 0.0527387 0
-0.4123 -0.352147 1.56425 0.9871 -0.155473 0.0382432 -0.0190985 -0.351493 -0.935996 0.158964 0.923191 -0.349928 110.583 -1.09433 -9.14845 0.566939 0.819835 -0.0532336 0.0601362 0
-0.412197 -0.351865 1.56359 0.987958 -0.152464 0.0263393 -0.028532 -0.346844 -0.937489 0.152068 0.925448 -0.347018 110.303 -1.63498 -8.75041 0.568792 0.818813 -0.0552615 0.0544714 0
-0.410979 -0.351891 1.56339 0.988313 -0.141505 0.0566952 0.00557144 -0.338139 -0.94108 0.152338 0.930397 -0.333399 109.764 0.319221 -8.76259 0.573754 0.815452 -0.0416742 0.0640851 0
-0.411817 -0.351321 1.56377 0.990216 -0.128698 0.0539368 0.00876762 -0.32838 -0.944505 0.139267 0.935737 -0.324038 109.171 0.502354 -8.00577 0.578316 0.812809 -0.0368876 0.0594249 0
-0.411787 -0.351722 1.56402 0.99027 -0.13414 0.0370349 -0.0104559 -0.337105 -0.941409 0.138765 0.931862 -0.335227 109.702 -0.599089 -7.97682 0.574007 0.815874 -0.0443069 0.0538685 0
-0.411308 -0.351952 1.56279 0.995531 -0.083983 0.0431777 0.0107656 -0.353318 -0.935441 0.0938167 0.931726 -0.350835 110.692 0.616837 -5.38353 0.568194 0.821536 -0.0222807 0.0416885 0
-0.411041 -0.351924 1.56311 0.997384 -0.0433318 0.0578578 0.0395434 -0.342953 -0.93852 0.0605103 0.938353 -0.340342 110.073 2.26626 -3.47182 0.573169 0.818639 -0.00115694 0.0361478 0
-0.411294 -0.351747 1.56327 0.998118 -0.00816502 0.0607724 0.0544704 -0.337073 -0.939901 0.0281591 0.941443 -0.335994 109.729 3.12247 -1.61601 0.575554 0.817188 0.0141661 0.0272066 0
-0.412243 -0.352024 1.56342 0.998412 0.0228388 0.0515001 0.0561987 -0.339729 -0.938843 -0.00394597 0.940246 -0.340473 109.893 3.22165 0.226446 0.574067 0.818324 0.0241462 0.0145279 0
-0.411446 -0.351245 1.56205 0.997486 0.0539436 0.0459565 0.0613549 -0.332886 -0.940969 -0.035461 0.941423 -0.335359 109.482 3.51759 2.03603 0.576464 0.816353 0.035309 0.00321414 0
-0.411528 -0.351449 1.56168 0.994866 0.0861577 0.0530893 0.0790554 -0.334128 -0.939206 -0.0631813 0.938581 -0.339224 109.583 4.53427 3.63382 0.574785 0.816734 0.0505713 -0.00308913 0
-0.411823 -0.351604 1.56339 0.994483 0.0919077 0.050556 0.0793115 -0.34341 -0.935831 -0.0686486 0.934678 -0.348805 110.151 4.54899 3.94883 0.570585 0.819558 0.0522292 -0.00551901 0
-0.412046 -0.351695 1.56196 0.99112 0.128558 0.0339833 0.0756757 -0.335178 -0.939111 -0.109339 0.933343 -0.34193 109.642 4.34005 6.29535 0.573152 0.816735 0.0625151 -0.0230662 0
-0.411805 -0.35131 1.56163 0.988551 0.148196 0.0283596 0.0773224 -0.336165 -0.938624 -0.129566 0.93007 -0.343775 109.705 4.43467 7.46702 0.571973 0.816776 0.0690269 -0.0309776 0
-0.411578 -0.351388 1.56299 0.984521 0.169026 0.0463487 0.0986764 -0.31601 -0.94361 -0.144848 0.933578 -0.327797 108.515 5.66296 8.36963 0.578946 0.810606 0.0825625 -0.0303784 0
-0.411862 -0.350798 1.56041 0.98639 0.160784 0.0343887 0.0855384 -0.323194 -0.942459 -0.140418 0.932574 -0.332549 108.928 4.90698 8.10191 0.576769 0.812732 0.0757698 -0.032615 0
-0.411726 -0.351236 1.5611 0.984921 0.169623 0.034044 0.0911938 -0.341793 -0.93534 -0.147019 0.924341 -0.352108 110.073 5.23229 8.48986 0.568115 0.818355 0.0796771 -0.0345129 0
-0.411712 -0.351014 1.5601 0.973934 0.224775 0.0304879 0.104606 -0.325802 -0.939633 -0.201273 0.91833 -0.340822 109.123 6.00448 11.6764 0.571688 0.81249 0.101349 -0.05255 0
-0.410833 -0.350417 1.5603 0.961927 0.270048 0.0420688 0.126377 -0.303014 -0.94457 -0.242332 0.913924 -0.325605 107.786 7.26027 14.1399 0.577345 0.804759 0.12315 -0.0622121 0
-0.411925 -0.350263 1.55938 0.976699 0.214281 0.0119431 0.0817681 -0.320095 -0.94385 -0.198427 0.922834 -0.330158 108.734 4.6902 11.4839 0.575857 0.810394 0.0913289 -0.0575287 0
-0.412541 -0.351031 1.56056 0.981416 0.191546 0.0114895 0.073396 -0.319385 -0.944779 -0.177299 0.928064 -0.327508 108.678 4.20906 10.2404 0.577608 0.810603 0.0817115 -0.0511378 0
-0.411838 -0.350843 1.5593 0.974835 0.222274 0.0170808 0.0909189 -0.326446 -0.940833 -0.203547 0.918709 -0.33844 109.136 5.21647 11.794 0.572265 0.812361 0.0963836 -0.057384 0
-0.411673 -0.350877 1.56105 0.978538 0.202857 0.0362228 0.102071 -0.324453 -0.940378 -0.17901 0.923894 -0.338196 109.036 5.85846 10.3668 0.573561 0.812586 0.093814 -0.0439297 0
-0.411936 -0.351186 1.56119 0.980367 0.194439 0.0327777 0.0958634 -0.324727 -0.940937 -0.172311 0.925606 -0.336991 109.04 5.50101 9.96858 0.574162 0.812725 0.0892991 -0.0429214 0
-0.412123 -0.350673 1.55967 0.985135 0.171521 0.00949625 0.066692 -0.330933 -0.941295 -0.158309 0.927935 -0.337453 109.37 3.82401 9.12924 0.573748 0.814481 0.0731178 -0.0456771 0
-0.412074 -0.351111 1.55907 0.987138 0.158836 0.0181681 0.0706307 -0.331338 -0.940865 -0.143424 0.930046 -0.338295 109.4 4.05021 8.26679 0.573913 0.81498 0.0703903 -0.0384228 0
-0.412002 -0.351092 1.55995 0.986224 0.164797 0.0143019 0.068053 -0.325413 -0.94312 -0.150769 0.931101 -0.332145 109.036 3.90217 8.69182 0.576339 0.812985 0.0716034 -0.0419649 0
-0.412133 -0.350792 1.55896 0.985451 0.169926 0.00336086 0.0599989 -0.329313 -0.942313 -0.159017 0.928804 -0.334718 109.263 3.43975 9.1665 0.574765 0.813861 0.0706279 -0.0478141 0
-0.412473 -0.350682 1.55929 0.984868 0.173307 -0.000726914 0.0578314 -0.332593 -0.941296 -0.163375 0.92701 -0.337582 109.46 3.31535 9.41873 0.5733 0.814715 0.0709261 -0.0503555 0
-0.412444 -0.350626 1.55886 0.986518 0.163628 0.00286296 0.0565921 -0.324677 -0.944131 -0.153556 0.931564 -0.329559 108.978 3.24422 8.84737 0.577123 0.81252 0.0677583 -0.0463661 0
-0.412235 -0.350695 1.55956 0.989546 0.143775 0.0113307 0.0584072 -0.327679 -0.942982 -0.131864 0.933786 -0.332651 109.162 3.34839 7.59036 0.576458 0.813922 0.0621011 -0.0370224 0
-0.409794 -0.350288 1.56024 0.988005 0.139279 0.0666946 0.108719 -0.320645 -0.940939 -0.109668 0.936904 -0.331941 108.818 6.24147 6.33387 0.577802 0.812495 0.0763075 -0.0132226 0
-0.411196 -0.351049 1.56006 0.986732 0.149174 0.0640864 0.110926 -0.331183 -0.937024 -0.118555 0.9317 -0.343336 109.465 6.3687 6.85121 0.572759 0.815667 0.07972 -0.0166946 0
-0.411161 -0.350925 1.56008 0.977962 0.202943 0.0490311 0.11344 -0.319353 -0.940821 -0.175275 0.92565 -0.335337 108.749 6.51366 10.161 0.575168 0.811272 0.097496 -0.0389031 0
-0.411485 -0.351133 1.56077 0.975732 0.215282 0.0400136 0.11007 -0.324244 -0.939548 -0.189293 0.921151 -0.340071 109.04 6.31933 10.9791 0.572585 0.812411 0.100119 -0.0459373 0
-0.411404 -0.350888 1.55921 0.97333 0.226288 0.0377293 0.112785 -0.328788 -0.937645 -0.199772 0.916893 -0.345541 109.323 6.47591 11.5987 0.569868 0.813582 0.104191 -0.0497932 0
-0.411145 -0.350742 1.56031 0.965265 0.257827 0.042282 0.128398 -0.327171 -0.936201 -0.227545 0.909112 -0.348911 109.263 7.37702 13.2643 0.567711 0.812611 0.118822 -0.0569961 0
-0.411077 -0.350532 1.56038 0.947221 0.316658 0.0499951 0.152122 -0.3067 -0.939571 -0.282189 0.897587 -0.338684 108.078 8.74991 16.5895 0.57049 0.805079 0.14557 -0.0721029 0
-0.41055 -0.350602 1.55921 0.942659 0.330565 0.0460461 0.149053 -0.293517 -0.944262 -0.298625 0.896981 -0.325958 107.267 8.57203 17.5777 0.575149 0.800333 0.149818 -0.0788979 0
-0.411336 -0.351097 1.56023 0.959441 0.279163 0.0392632 0.129229 -0.311743 -0.941337 -0.250547 0.908231 -0.335175 108.323 7.42502 14.6353 0.572827 0.807211 0.126482 -0.0654363 0
-0.411197 -0.350923 1.55981 0.967824 0.248977 0.0364377 0.116992 -0.317033 -0.941171 -0.222778 0.915151 -0.33596 108.616 6.71855 12.9628 0.57333 0.809447 0.113031 -0.0575518 0
-0.411781 -0.350899 1.55963 0.980124 0.197011 0.0233327 0.0896185 -0.334754 -0.938034 -0.176993 0.921481 -0.345756 109.64 5.14166 10.2363 0.570003 0.815572 0.0878616 -0.0471019 0
-0.411427 -0.350669 1.55871 0.98289 0.182761 0.0229086 0.0835622 -0.331608 -0.939709 -0.164146 0.925546 -0.341206 109.437 4.79335 9.48108 0.572293 0.814817 0.0817127 -0.043334 0
-0.411361 -0.350972 1.56001 0.981641 0.187747 0.0336546 0.09357 -0.32025 -0.942701 -0.166211 0.928543 -0.331938 108.763 5.36902 9.61017 0.57651 0.811454 0.0866707 -0.0408393 0
-0.410507 -0.351046 1.55991 0.97153 0.228866 0.0612411 0.134536 -0.320173 -0.937757 -0.195013 0.919298 -0.341849 108.851 7.73181 11.35 0.572169 0.811411 0.111966 -0.0412158 0
-0.410393 -0.350147 1.55943 0.977374 0.206446 0.0460468 0.112205 -0.321495 -0.94024 -0.179305 0.924133 -0.337385 108.877 6.44245 10.3956 0.574128 0.811827 0.0981278 -0.0410365 0
-0.410897 -0.350617 1.55897 0.985785 0.165022 0.0315542 0.0849567 -0.327571 -0.940999 -0.14495 0.930304 -0.336934 109.194 4.87354 8.36483 0.574735 0.813986 0.0767763 -0.0348273 0
-0.41157 -0.350536 1.55874 0.98939 0.143135 0.0249112 0.0726936 -0.339249 -0.937884 -0.125793 0.929743 -0.346054 109.886 4.16871 7.24583 0.570983 0.817724 0.0659846 -0.0308423 0
-0.41119 -0.350399 1.5582 0.991292 0.12744 0.0331404 0.074565 -0.335828 -0.938967 -0.108533 0.933262 -0.342406 109.68 4.27623 6.24819 0.572944 0.816934 0.061818 -0.0230717 0
-0.410822 -0.35052 1.55878 0.993435 0.107139 0.0401052 0.0739295 -0.333723 -0.939768 -0.0873014 0.936563 -0.339453 109.551 4.23972 5.02216 0.574513 0.816488 0.0554412 -0.014451 0
-0.410538 -0.350244 1.55832 0.995289 0.0828915 0.050293 0.0750139 -0.329705 -0.941099 -0.0614272 0.940438 -0.33437 109.307 4.30202 3.5317 0.576891 0.815378 0.0484148 -0.00341382 0
-0.410452 -0.350797 1.55982 0.995971 0.0572284 0.0690434 0.0840718 -0.327916 -0.940958 -0.0312091 0.942972 -0.331406 109.213 4.82265 1.7948 0.578068 0.814754 0.0433567 0.0116091 0
-0.411684 -0.350859 1.55906 0.994003 0.104431 0.0324267 0.0658779 -0.335219 -0.939834 -0.0872774 0.936334 -0.340089 109.63 3.77726 5.01792 0.574172 0.816901 0.0521203 -0.0167862 0
-0.410897 -0.350778 1.55926 0.997902 0.0512595 0.0395554 0.0548772 -0.345387 -0.936855 -0.0343608 0.937059 -0.347475 110.237 3.14581 1.97209 0.571192 0.820177 0.0323518 0.0015834 0
-0.410561 -0.350585 1.56015 0.998522 -0.0191636 0.050857 0.041169 -0.344181 -0.938 0.0354794 0.938708 -0.342883 110.15 2.35948 -2.03497 0.572595 0.819388 0.006714 0.0263418 0
-0.41068 -0.350345 1.55944 0.998046 0.0403471 0.0477038 0.058443 -0.332935 -0.941137 -0.0220899 0.942086 -0.334643 109.482 3.35045 1.26793 0.57673 0.816337 0.0302541 0.00784417 0
-0.411485 -0.350756 1.55899 0.999433 -0.00302662 0.0335228 0.0304709 -0.341745 -0.939299 0.0142992 0.939788 -0.341459 109.993 1.74612 -0.81969 0.573635 0.818938 0.00837801 0.0145988 0
-0.410963 -0.350368 1.55906 0.990066 -0.131832 0.0488835 0.00156151 -0.337338 -0.941382 0.140595 0.932107 -0.333781 109.715 0.0894679 -8.08229 0.574227 0.815657 -0.0399282 0.0580754 0
-0.4108 -0.350358 1.55855 0.974735 -0.221353 0.0298955 -0.0490993 -0.342907 -0.938085 0.217899 0.912917 -0.345112 110.079 -2.81432 -12.6011 0.567168 0.815897 -0.0828696 0.0759271 0
-0.411161 -0.350576 1.55887 0.939454 -0.340808 0.0357328 -0.0864977 -0.336742 -0.937616 0.331579 0.877756 -0.345832 109.756 -4.96215 -19.4404 0.560553 0.809634 -0.131944 0.113419 0
-0.412112 -0.351052 1.56083 0.929612 -0.367587 0.026474 -0.103131 -0.328434 -0.93888 0.353815 0.870064 -0.343226 109.281 -5.91951 -20.8371 0.560793 0.806423 -0.145928 0.117894 0
-0.410948 -0.350759 1.5606 0.928062 -0.366068 0.0685142 -0.0631455 -0.335974 -0.939752 0.367032 0.867822 -0.33492 109.673 -3.62038 -21.5779 0.560618 0.806064 -0.13312 0.135084 0
-0.411306 -0.351067 1.55979 0.92897 -0.36661 0.0511033 -0.0796181 -0.33273 -0.939655 0.361491 0.868843 -0.338285 109.499 -4.56662 -21.2626 0.560793 0.806223 -0.13837 0.12794 0
-0.410762 -0.350251 1.55873 0.940355 -0.337609 0.0418608 -0.0732716 -0.321157 -0.944187 0.33221 0.884804 -0.326739 108.785 -4.20192 -19.4574 0.568432 0.804402 -0.127698 0.116258 0
-0.410399 -0.349849 1.55961 0.951211 -0.30416 0.0518018 -0.0525084 -0.325027 -0.944246 0.304039 0.895457 -0.325141 108.994 -3.00989 -17.7256 0.570317 0.80644 -0.110569 0.110312 0
-0.410927 -0.350982 1.5615 0.916671 -0.396893 0.0467923 -0.0923648 -0.324318 -0.941428 0.388822 0.858658 -0.333952 109.009 -5.29967 -22.9851 0.560892 0.802331 -0.152449 0.135734 0
-0.410834 -0.351151 1.56072 0.831719 -0.553562 0.0425738 -0.15606 -0.30669 -0.938928 0.532812 0.77428 -0.341469 108.089 -8.9783 -32.6443 0.543958 0.787381 -0.225311 0.18269 0
-0.411115 -0.350585 1.55981 0.866056 -0.49836 0.039795 -0.142394 -0.322187 -0.935906 0.479239 0.804881 -0.349995 108.996 -8.18637 -28.9583 0.546323 0.796593 -0.201092 0.162892 0
-0.411113 -0.351015 1.56 0.8846 -0.462261 0.0616338 -0.103733 -0.323891 -0.940391 0.454668 0.825476 -0.334465 109.005 -5.95417 -27.2023 0.55368 0.797332 -0.177465 0.161884 0
-0.410793 -0.350663 1.55932 0.913593 -0.40234 0.0589113 -0.081737 -0.323624 -0.942649 0.398331 0.856382 -0.328547 108.948 -4.68842 -23.5574 0.561565 0.8009 -0.151104 0.142728 0
-0.411782 -0.350789 1.55966 0.913597 -0.403947 0.0465534 -0.0943291 -0.321911 -0.942059 0.395528 0.856271 -0.3322 108.866 -5.41271 -23.4095 0.561134 0.801203 -0.155477 0.137943 0
-0.41031 -0.350746 1.55949 0.763942 -0.643248 0.0512298 -0.174801 -0.282714 -0.943142 0.621158 0.711551 -0.328417 106.686 -10.0671 -39.1144 0.536845 0.770564 -0.265406 0.218148 0
-0.410969 -0.350489 1.55903 0.742488 -0.667968 0.0503144 -0.190481 -0.282548 -0.940151 0.642207 0.688466 -0.337023 106.727 -10.9808 -40.8578 0.529839 0.768449 -0.279279 0.225298 0
-0.411344 -0.350713 1.55959 0.747816 -0.662677 0.0403847 -0.197946 -0.280613 -0.939188 0.63371 0.694346 -0.341021 106.635 -11.4169 -40.2784 0.530609 0.769651 -0.27955 0.218961 0
-0.411172 -0.350947 1.56013 0.718914 -0.693903 0.0407493 -0.205199 -0.267875 -0.941348 0.66412 0.668387 -0.334967 105.885 -11.8411 -42.7312 0.528221 0.761866 -0.295033 0.231297 0
-0.411294 -0.350669 1.5604 0.686983 -0.725753 0.0365618 -0.213712 -0.249872 -0.9444 0.694537 0.640973 -0.32676 104.82 -12.34 -45.3133 0.526866 0.752266 -0.312212 0.242966 0
-0.410773 -0.350449 1.56067 0.618335 -0.784601 0.0454235 -0.235098 -0.239809 -0.941924 0.749927 0.571746 -0.33274 104.284 -13.5974 -50.4935 0.511318 0.740082 -0.344455 0.26867 0
-0.411258 -0.350393 1.55932 0.594621 -0.802802 0.0439847 -0.243268 -0.231788 -0.941857 0.76632 0.549348 -0.333122 103.826 -14.0795 -52.1906 0.507374 0.734767 -0.355919 0.275701 0
-0.411823 -0.350859 1.55855 0.597561 -0.801381 0.0266447 -0.245972 -0.214838 -0.945168 0.763164 0.558242 -0.325496 102.806 -14.2393 -51.9389 0.514108 0.731077 -0.358154 0.270084 0
-0.41159 -0.350214 1.55747 0.611959 -0.79072 0.0163477 -0.247297 -0.210942 -0.9457 0.751232 0.574687 -0.324631 102.574 -14.3176 -50.8335 0.518745 0.732723 -0.354164 0.261893 0
-0.411821 -0.349927 1.55862 0.623592 -0.781422 0.0226484 -0.236315 -0.216043 -0.947355 0.745176 0.585411 -0.319384 102.847 -13.6692 -50.0761 0.521576 0.73468 -0.34632 0.261279 0
-0.410898 -0.351196 1.55989 0.662193 -0.747995 0.0447674 -0.22441 -0.25496 -0.94055 0.714941 0.61278 -0.336691 105.167 -12.9682 -47.1935 0.517335 0.75064 -0.323858 0.25302 0
-0.411374 -0.350671 1.55916 0.679982 -0.732495 0.0327967 -0.22792 -0.253671 -0.940055 0.696905 0.631745 -0.339442 105.101 -13.1747 -45.7042 0.521265 0.753839 -0.318508 0.241995 0
-0.411289 -0.35067 1.55928 0.681298 -0.731369 0.0305196 -0.228856 -0.25242 -0.940164 0.695311 0.633548 -0.339352 105.029 -13.2297 -45.5832 0.521902 0.753835 -0.318447 0.240713 0
-0.411493 -0.350722 1.5599 0.655365 -0.754808 0.027604 -0.243604 -0.245821 -0.938205 0.71495 0.608142 -0.344977 104.682 -14.0994 -47.4898 0.515889 0.74936 -0.333088 0.247729 0
-0.411945 -0.35046 1.5585 0.686164 -0.727104 0.0223528 -0.234794 -0.250448 -0.939227 0.688514 0.639215 -0.342568 104.931 -13.5795 -45.098 0.522768 0.754848 -0.318574 0.235434 0
-0.411694 -0.350379 1.55816 0.639508 -0.768671 0.0132133 -0.247594 -0.2222 -0.94304 0.727824 0.59981 -0.332417 103.258 -14.3352 -48.6956 0.52079 0.740629 -0.343041 0.250138 0
-0.411543 -0.350485 1.55719 0.622539 -0.782527 0.00979437 -0.246087 -0.207624 -0.946749 0.742891 0.586978 -0.321824 102.369 -14.2461 -50.0371 0.522755 0.733483 -0.350593 0.256545 0
-0.411132 -0.350377 1.55749 0.621724 -0.782497 0.0340276 -0.234648 -0.227534 -0.945076 0.747261 0.579592 -0.325074 103.537 -13.5708 -50.2394 0.51699 0.737281 -0.344897 0.264922 0
-0.41142 -0.350651 1.55862 0.627064 -0.778789 0.0166724 -0.243317 -0.216156 -0.945554 0.739991 0.588867 -0.325037 102.877 -14.0824 -49.7223 0.521026 0.73625 -0.347065 0.256932 0
-0.410963 -0.350464 1.55926 0.62613 -0.778847 0.036856 -0.241315 -0.238512 -0.94068 0.741437 0.580094 -0.337287 104.228 -13.9642 -49.8195 0.512428 0.741945 -0.343746 0.262247 0
-0.411549 -0.350352 1.55786 0.621193 -0.783203 0.0266864 -0.24438 -0.22596 -0.942985 0.744578 0.579254 -0.331764 103.475 -14.1452 -50.1621 0.515623 0.738058 -0.34807 0.261248 0
-0.411577 -0.350083 1.55679 0.617865 -0.786234 0.00886089 -0.255926 -0.21175 -0.94322 0.743468 0.580515 -0.33205 102.653 -14.8284 -50.2715 0.518185 0.73513 -0.354413 0.255849 0
-0.411174 -0.350495 1.55791 0.620709 -0.783458 0.0302382 -0.241929 -0.228072 -0.943108 0.745782 0.57808 -0.331107 103.595 -14.0004 -50.2297 0.515153 0.738222 -0.347249 0.2628 0
-0.411892 -0.351179 1.55718 0.618146 -0.786063 -0.000527907 -0.254923 -0.199832 -0.946087 0.743579 0.584954 -0.323911 101.927 -14.769 -50.2629 0.523069 0.73176 -0.355645 0.253858 0
-0.411749 -0.351438 1.5586 0.60993 -0.792455 0.000768925 -0.259832 -0.200902 -0.944524 0.748647 0.575893 -0.328441 102.008 -15.0601 -50.83 0.519756 0.731313 -0.359726 0.256189 0
-0.4115 -0.350821 1.5597 0.640088 -0.767962 0.0228543 -0.251015 -0.237148 -0.938484 0.72614 0.594975 -0.344566 104.181 -14.5376 -48.604 0.514387 0.745285 -0.341808 0.251244 0
-0.411264 -0.350306 1.55825 0.606804 -0.794357 0.0280543 -0.254851 -0.227868 -0.939748 0.752888 0.563093 -0.340714 103.63 -14.7648 -51.1323 0.509466 0.737459 -0.355683 0.264741 0
-0.411434 -0.350255 1.55853 0.653788 -0.755929 0.0336522 -0.232945 -0.243385 -0.941542 0.719929 0.60773 -0.335212 104.493 -13.4705 -47.7565 0.518457 0.747058 -0.330923 0.252183 0
-0.411798 -0.350494 1.55762 0.627899 -0.778201 0.0121157 -0.262592 -0.226478 -0.937952 0.732658 0.585757 -0.346555 103.575 -15.2239 -49.4029 0.513533 0.741777 -0.350777 0.25101 0
-0.411325 -0.350126 1.55608 0.648772 -0.760878 0.0126083 -0.250546 -0.229217 -0.940578 0.718555 0.607062 -0.339344 103.696 -14.5098 -47.9216 0.519666 0.744536 -0.339616 0.24551 0
-0.410938 -0.34986 1.55625 0.628449 -0.777565 0.0210612 -0.248334 -0.226223 -0.941888 0.737144 0.586699 -0.335266 103.505 -14.379 -49.5509 0.516469 0.739922 -0.346624 0.256177 0
-0.411171 -0.350284 1.55874 0.589777 -0.806756 0.0361787 -0.257682 -0.230458 -0.938344 0.765352 0.544091 -0.343805 103.799 -14.9326 -52.3823 0.503864 0.735534 -0.361791 0.272432 0
-0.411279 -0.350371 1.55817 0.555989 -0.830846 0.023885 -0.275688 -0.211443 -0.937704 0.784138 0.514768 -0.346614 102.707 -16.003 -54.6616 0.499483 0.726988 -0.38052 0.277867 0
-0.410675 -0.350369 1.55761 0.518318 -0.854465 0.0351542 -0.282809 -0.210056 -0.935893 0.807072 0.475148 -0.350526 102.65 -16.4279 -57.2906 0.48932 0.720919 -0.394383 0.292067 0
-0.411419 -0.349963 1.55695 0.55552 -0.831127 0.0250065 -0.267052 -0.206815 -0.941228 0.787452 0.516194 -0.336844 102.393 -15.4889 -54.7983 0.502957 0.724427 -0.378982 0.28038 0
-0.41069 -0.350269 1.55839 0.531664 -0.846125 0.0374924 -0.264167 -0.207723 -0.941842 0.804705 0.490839 -0.333957 102.437 -15.3174 -56.5475 0.49749 0.719955 -0.385542 0.292448 0
-0.411135 -0.350477 1.55838 0.535134 -0.844087 0.0338853 -0.26472 -0.205649 -0.942142 0.802218 0.495203 -0.333497 102.313 -15.3503 -56.294 0.498996 0.720118 -0.384939 0.290266 0
-0.411567 -0.350459 1.55789 0.605582 -0.795335 0.0267041 -0.260011 -0.22947 -0.937943 0.752107 0.561058 -0.345759 103.747 -15.0707 -51.1597 0.507532 0.738378 -0.357319 0.26369 0
-0.411704 -0.350492 1.55842 0.59562 -0.802868 0.025309 -0.257274 -0.220521 -0.94084 0.760951 0.553872 -0.337904 103.191 -14.9084 -51.9486 0.509214 0.733833 -0.361166 0.267861 0
-0.411163 -0.35081 1.55983 0.531411 -0.846592 0.0297365 -0.269182 -0.202043 -0.941658 0.803208 0.492403 -0.335255 102.11 -15.6156 -56.511 0.498526 0.71915 -0.387879 0.289559 0
-0.411198 -0.350755 1.5592 0.461945 -0.88637 0.0309177 -0.285125 -0.181426 -0.941163 0.839828 0.42595 -0.336535 100.911 -16.5663 -61.1872 0.485794 0.703546 -0.416282 0.309413 0
-0.411615 -0.350488 1.55979 0.433492 -0.900614 0.031302 -0.285708 -0.170297 -0.943064 0.854667 0.399867 -0.331135 100.236 -16.6012 -63.1056 0.482716 0.695508 -0.426423 0.318461 0
-0.411931 -0.350411 1.5591 0.381489 -0.924066 0.0238473 -0.296533 -0.146773 -0.943677 0.87552 0.352931 -0.330008 98.8406 -17.2495 -66.4559 0.475581 0.681592 -0.447701 0.329877 0
-0.411985 -0.350374 1.55776 0.475505 -0.879698 0.00521448 -0.280268 -0.157107 -0.946978 0.833874 0.448831 -0.321256 99.4198 -16.2762 -60.3067 0.499285 0.698904 -0.414923 0.300144 0
-0.411461 -0.350847 1.55822 0.29991 -0.953832 0.0160791 -0.302207 -0.110982 -0.94676 0.904834 0.279083 -0.32154 96.6859 -17.5902 -71.6621 0.465668 0.658109 -0.477139 0.349833 0
-0.411451 -0.351095 1.55921 0.199055 -0.979956 0.00798375 -0.312594 -0.0712131 -0.947214 0.928796 0.186052 -0.320503 94.2995 -18.2156 -77.9036 0.44926 0.630629 -0.512405 0.371367 0
-0.411721 -0.35084 1.55997 0.20868 -0.977828 0.0174648 -0.332262 -0.0876817 -0.939103 0.919812 0.190169 -0.343192 95.3341 -19.4061 -77.2176 0.440967 0.640225 -0.511574 0.365995 0
-0.411266 -0.350439 1.55903 0.170627 -0.984943 0.0278175 -0.315642 -0.0813807 -0.945382 0.933411 0.152528 -0.324775 94.92 -18.3996 -79.6407 0.43717 0.62785 -0.517872 0.382746 0
-0.41128 -0.350462 1.55797 0.161012 -0.986694 0.0225653 -0.319715 -0.0737757 -0.944637 0.933733 0.144884 -0.32734 94.4657 -18.6457 -80.2162 0.43586 0.624926 -0.522626 0.382565 0
-0.41172 -0.351035 1.55872 0.152558 -0.988196 0.0139429 -0.32989 -0.0642172 -0.941833 0.931611 0.139085 -0.335792 93.9006 -19.2621 -80.6999 0.433748 0.62301 -0.528918 0.379429 0
-0.411578 -0.350397 1.55778 0.167966 -0.985682 0.0147696 -0.329312 -0.070226 -0.941606 0.929161 0.153294 -0.336392 94.2653 -19.227 -79.7532 0.436276 0.627412 -0.523975 0.376121 0
-0.411286 -0.3502 1.55752 0.1555 -0.987537 0.0243174 -0.325103 -0.0744061 -0.942747 0.932806 0.138692 -0.332621 94.5127 -18.9718 -80.5357 0.432572 0.625006 -0.525051 0.382846 0
-0.411209 -0.350185 1.55703 0.153162 -0.98806 0.0166878 -0.332768 -0.0674695 -0.940592 0.930487 0.13851 -0.339128 94.1028 -19.4369 -80.6527 0.43202 0.624452 -0.528795 0.379203 0
-0.411054 -0.350873 1.55868 0.169415 -0.985163 0.0274288 -0.332615 -0.0833524 -0.939372 0.927721 0.15002 -0.341801 95.0707 -19.4276 -79.651 0.431353 0.631381 -0.521784 0.378199 0
-0.411415 -0.350286 1.55781 0.155237 -0.987726 0.0172861 -0.334185 -0.068973 -0.93998 0.929635 0.140143 -0.340791 94.1967 -19.523 -80.5198 0.431704 0.6255 -0.528342 0.378466 0
-0.41128 -0.350254 1.55735 0.133007 -0.99099 0.0157385 -0.333725 -0.0597325 -0.940776 0.93324 0.119878 -0.338663 93.633 -19.495 -81.8887 0.428547 0.618749 -0.535239 0.383426 0
-0.411548 -0.3505 1.55857 0.141419 -0.989744 0.0201818 -0.340323 -0.0677506 -0.937865 0.929614 0.125763 -0.346414 94.1318 -19.8965 -81.3501 0.426396 0.623615 -0.533208 0.380762 0
-0.411096 -0.350443 1.55767 0.1148 -0.993053 0.0258273 -0.327701 -0.0624014 -0.942718 0.937781 0.0997603 -0.332588 93.7871 -19.1293 -83.0208 0.424208 0.614367 -0.537445 0.392114 0
-0.412377 -0.350725 1.55821 0.0908526 -0.995689 0.0186794 -0.327741 -0.0476066 -0.943567 0.940389 0.0796036 -0.330653 92.8883 -19.1317 -84.4817 0.422076 0.606035 -0.545938 0.395633 0
-0.41107 -0.351215 1.55946 0.0925121 -0.994944 0.039086 -0.320669 -0.0669335 -0.944823 0.942663 0.0748739 -0.32524 94.0522 -18.7034 -84.395 0.418431 0.609238 -0.53986 0.402859 0
-0.411435 -0.350482 1.55985 0.166444 -0.985209 0.0407447 -0.332706 -0.0950104 -0.938232 0.928226 0.142608 -0.343599 95.7824 -19.4331 -79.8341 0.426566 0.633454 -0.520131 0.382416 0
-0.410647 -0.350671 1.5606 0.193334 -0.979636 0.0541878 -0.314549 -0.114202 -0.942347 0.929345 0.165143 -0.330222 96.9099 -18.3336 -78.2482 0.432698 0.639875 -0.50564 0.384268 0
-0.410865 -0.350086 1.55942 0.193781 -0.978818 0.0660652 -0.296737 -0.122667 -0.947048 0.935091 0.163916 -0.314222 97.3802 -17.2617 -78.2922 0.434997 0.638488 -0.499443 0.392003 0
-0.411456 -0.351078 1.55932 0.143117 -0.989197 0.0317443 -0.326206 -0.0774292 -0.942122 0.934402 0.124479 -0.333763 94.6983 -19.0387 -81.292 0.427763 0.62336 -0.527545 0.387475 0
-0.411554 -0.350901 1.5596 0.161752 -0.986514 0.0250355 -0.33694 -0.0790552 -0.938201 0.927528 0.143321 -0.345183 94.8165 -19.6905 -80.1076 0.429393 0.629681 -0.525446 0.378193 0
-0.411894 -0.351115 1.55972 0.142055 -0.989731 0.0158882 -0.341743 -0.0641015 -0.937605 0.928995 0.127762 -0.34734 93.9111 -19.9831 -81.3061 0.42738 0.623197 -0.534131 0.379047 0
-0.412172 -0.350868 1.55843 0.148347 -0.988929 -0.0035162 -0.336919 -0.0471969 -0.94035 0.929773 0.140682 -0.340191 92.8733 -19.6893 -80.9348 0.436165 0.619624 -0.534941 0.373718 0
-0.411092 -0.350247 1.55813 0.179836 -0.983257 0.0294111 -0.33014 -0.0884924 -0.939775 0.926643 0.159295 -0.340527 95.3793 -19.2773 -79.017 0.433248 0.634203 -0.517735 0.376872 0
-0.410944 -0.350399 1.55814 0.128193 -0.991263 0.0310656 -0.344791 -0.0739156 -0.935765 0.929885 0.109247 -0.351254 94.5164 -20.169 -82.1507 0.419232 0.62317 -0.535991 0.385509 0
-0.411599 -0.350628 1.55877 0.126877 -0.991296 0.0351445 -0.342645 -0.0770502 -0.9363 0.930858 0.106753 -0.349439 94.7044 -20.0381 -82.2384 0.418446 0.62317 -0.535143 0.387535 0
-0.410995 -0.350228 1.55785 0.120063 -0.991937 0.0405751 -0.331107 -0.0785404 -0.940319 0.935924 0.0994627 -0.337867 94.7746 -19.336 -82.6899 0.419421 0.619772 -0.533681 0.393894 0
-0.410873 -0.350527 1.55817 0.120137 -0.992234 0.0322333 -0.318409 -0.0692648 -0.945419 0.94031 0.103317 -0.324258 94.1902 -18.5667 -82.7191 0.426209 0.615154 -0.532648 0.395243 0
-0.411244 -0.35056 1.55872 0.197218 -0.979799 0.0331452 -0.327688 -0.0977474 -0.939716 0.923973 0.174467 -0.340346 95.9384 -19.1285 -77.9513 0.435639 0.639396 -0.511219 0.374227 0
-0.411379 -0.350244 1.55796 0.222523 -0.974672 0.0223165 -0.318707 -0.0943571 -0.943145 0.921363 0.202759 -0.331631 95.7132 -18.5847 -76.4222 0.446244 0.641972 -0.503674 0.367493 0
-0.410812 -0.350807 1.55882 0.281831 -0.958709 0.0380576 -0.312209 -0.129142 -0.941195 0.907247 0.253376 -0.335714 97.8128 -18.1924 -72.7429 0.451933 0.660811 -0.480817 0.35763 0
-0.410844 -0.350609 1.55882 0.305865 -0.95087 0.0478907 -0.304972 -0.145503 -0.941181 0.901908 0.273269 -0.334492 98.7881 -17.7565 -71.2666 0.454387 0.66818 -0.469874 0.355368 0
-0.411456 -0.350412 1.55796 0.288375 -0.957298 0.0205291 -0.320784 -0.116789 -0.939925 0.902185 0.264465 -0.340764 97.0829 -18.7103 -72.274 0.455747 0.660668 -0.483632 0.34916 0
-0.410921 -0.351394 1.56018 0.415829 -0.908906 0.0312389 -0.298387 -0.168801 -0.9394 0.859099 0.381309 -0.341398 100.187 -17.3607 -64.1716 0.475823 0.693907 -0.434962 0.32077 0
-0.410708 -0.350676 1.55838 0.385481 -0.921556 0.0462464 -0.291563 -0.169204 -0.941467 0.87544 0.349434 -0.333917 100.189 -16.9515 -66.2348 0.46967 0.687132 -0.44137 0.335338 0
-0.411895 -0.35055 1.55871 0.466218 -0.883699 0.0414368 -0.271753 -0.18763 -0.943899 0.841897 0.428802 -0.327625 101.243 -15.7686 -61.0236 0.487587 0.703824 -0.410419 0.313762 0
-0.411065 -0.35031 1.55825 0.505767 -0.862134 0.0304157 -0.274979 -0.194533 -0.941564 0.817671 0.467849 -0.335457 101.673 -15.9607 -58.2613 0.493907 0.7134 -0.398484 0.297199 0
-0.411024 -0.350586 1.55794 0.548492 -0.835665 0.0286369 -0.272167 -0.210812 -0.938874 0.790621 0.507171 -0.343069 102.655 -15.7932 -55.2491 0.498651 0.724978 -0.382023 0.282511 0
-0.410532 -0.350384 1.55788 0.626204 -0.778999 0.0320685 -0.244081 -0.234939 -0.940866 0.740468 0.581347 -0.337259 104.02 -14.1276 -49.7792 0.513324 0.74135 -0.345006 0.260517 0
-0.411849 -0.350526 1.55845 0.642323 -0.765889 0.028909 -0.245543 -0.241366 -0.938856 0.726037 0.59595 -0.343094 104.418 -14.214 -48.5009 0.514262 0.74612 -0.338897 0.252957 0
