-0.33571 -0.385516 1.45575 0.844485 0.534098 0.0398165 0.199541 -0.244769 -0.948826 -0.49702 0.809214 -0.313278 104.465 11.5101 30.4789 0.567106 0.775005 0.236656 -0.147484 0
-0.335238 -0.381858 1.45356 0.858464 0.509245 0.0608942 0.195982 -0.215999 -0.956523 -0.473951 0.833075 -0.285231 102.725 11.3021 28.9027 0.582502 0.768065 0.229547 -0.134447 0
-0.335148 -0.378593 1.45162 0.875555 0.4825 0.0244309 0.162647 -0.246772 -0.955327 -0.454916 0.840415 -0.294539 104.484 9.36059 27.4552 0.577547 0.777314 0.207493 -0.138453 0
-0.3345 -0.376166 1.45171 0.890714 0.446901 -0.0831115 0.0702949 -0.316059 -0.946132 -0.449096 0.836891 -0.312933 108.472 4.03093 26.7571 0.561632 0.793679 0.162911 -0.167639 0
-0.334459 -0.376884 1.4507 0.896418 0.430719 -0.104482 0.0582624 -0.348212 -0.935604 -0.439364 0.832604 -0.337238 110.414 3.34008 26.111 0.55022 0.80341 0.152158 -0.169231 0
-0.334644 -0.377673 1.44932 0.914514 0.393705 -0.0930627 0.0701603 -0.380899 -0.921951 -0.398424 0.836608 -0.37596 112.448 4.0232 23.5412 0.537972 0.817217 0.141904 -0.150354 0
-0.335747 -0.377158 1.44876 0.931789 0.360906 -0.0389273 0.123827 -0.416826 -0.900513 -0.341226 0.834268 -0.433084 114.838 7.11301 20.113 0.520067 0.833921 0.145317 -0.113966 0
-0.336178 -0.376288 1.44888 0.936476 0.350732 -0.000389156 0.165333 -0.442427 -0.881433 -0.309319 0.825376 -0.472309 116.654 9.51657 18.2784 0.505406 0.844277 0.152813 -0.0917081 0
-0.335858 -0.375065 1.44774 0.935398 0.353568 0.00447035 0.176122 -0.45491 -0.872948 -0.306613 0.817341 -0.487793 117.525 10.144 18.1486 0.49817 0.848248 0.156113 -0.0890489 0
-0.336834 -0.375463 1.4477 0.940914 0.335656 0.0449 0.194747 -0.427851 -0.882619 -0.277046 0.839213 -0.467939 115.862 11.2299 16.4067 0.511157 0.842126 0.157459 -0.0689166 0
-0.337761 -0.373029 1.44278 0.954668 0.289364 0.0698337 0.191651 -0.417987 -0.888007 -0.227768 0.861136 -0.454496 115.206 11.0492 13.419 0.520141 0.840707 0.143039 -0.0469648 0
-0.337869 -0.372799 1.44055 0.948409 0.30987 0.0670885 0.206896 -0.444548 -0.871534 -0.240238 0.840451 -0.485724 117.025 11.9405 14.2144 0.504514 0.848334 0.152289 -0.0510264 0
-0.338115 -0.372626 1.43973 0.946713 0.307602 0.0954748 0.234283 -0.454282 -0.8595 -0.221011 0.836068 -0.50214 117.858 13.5493 13.1404 0.497567 0.851929 0.159017 -0.0368389 0
-0.338648 -0.372109 1.43964 0.94734 0.29494 0.124728 0.253064 -0.450851 -0.855974 -0.196228 0.842463 -0.501748 117.776 14.6589 11.7025 0.498684 0.85146 0.160901 -0.0209933 0
-0.339813 -0.371881 1.44114 0.946333 0.285765 0.150969 0.272186 -0.452819 -0.849041 -0.174264 0.844567 -0.506299 118.072 15.7944 10.4339 0.496794 0.852269 0.163666 -0.00683315 0
-0.340618 -0.368464 1.44063 0.933584 0.286444 0.215337 0.331107 -0.459648 -0.82407 -0.13707 0.840639 -0.523964 119.152 19.336 8.35258 0.487333 0.85399 0.180784 0.0229121 0
-0.341124 -0.365687 1.43949 0.921361 0.290862 0.257864 0.367777 -0.437552 -0.820542 -0.125835 0.850851 -0.510115 118.069 21.5786 7.77708 0.49338 0.84691 0.194424 0.0389737 0
-0.347201 -0.360401 1.44029 0.896915 0.301446 0.323534 0.430769 -0.430307 -0.793268 -0.0999086 0.850862 -0.515802 118.478 25.5164 6.35606 0.487546 0.843063 0.217129 0.0663134 0
-0.351658 -0.349894 1.44211 0.871788 0.329438 0.36257 0.473057 -0.373816 -0.797796 -0.12729 0.867025 -0.481731 115.106 28.2329 8.30707 0.504044 0.825732 0.242965 0.0712336 0
-0.363485 -0.337645 1.43905 0.848155 0.355082 0.393129 0.499832 -0.290542 -0.815937 -0.175504 0.888539 -0.423906 109.6 29.9889 11.6909 0.532378 0.800407 0.267025 0.0679733 0
-0.378226 -0.326296 1.43499 0.841086 0.369844 0.394701 0.497521 -0.242648 -0.832823 -0.212242 0.896849 -0.388093 106.244 29.8361 14.1625 0.550079 0.786102 0.275844 0.0580265 0
-0.389688 -0.322769 1.43257 0.853385 0.367931 0.36927 0.46097 -0.201891 -0.864145 -0.243394 0.907671 -0.341896 103.15 27.4497 15.9187 0.572188 0.77414 0.267685 0.0406504 0
-0.391795 -0.320279 1.43468 0.872266 0.360832 0.33008 0.404116 -0.151743 -0.902033 -0.275396 0.920203 -0.278179 99.5491 23.8358 17.5222 0.600488 0.758648 0.252076 0.0180202 0
-0.390633 -0.317375 1.43443 0.883137 0.387499 0.264414 0.328317 -0.107943 -0.93838 -0.335079 0.915529 -0.222551 96.562 19.1666 20.7777 0.623025 0.743914 0.240557 -0.0237479 0
-0.386796 -0.313515 1.43805 0.891504 0.4202 0.169268 0.250103 -0.144996 -0.957301 -0.377715 0.895772 -0.234358 98.6128 14.4836 22.9615 0.614848 0.753468 0.222406 -0.0691626 0
-0.386815 -0.307472 1.4367 0.897429 0.436164 0.0661992 0.150858 -0.162397 -0.975125 -0.414564 0.885092 -0.211538 99.4552 8.67664 24.7944 0.617149 0.753552 0.194751 -0.115574 0
-0.385245 -0.310256 1.43543 0.881293 0.472569 0.000197788 0.115914 -0.215761 -0.969542 -0.458133 0.854474 -0.244926 102.546 6.65633 27.4673 0.595946 0.765177 0.19227 -0.149618 0
-0.386106 -0.318259 1.43459 0.83315 0.552441 0.0258807 0.207679 -0.269149 -0.94044 -0.512572 0.788903 -0.338972 105.971 11.9864 31.6008 0.553405 0.781228 0.243245 -0.155746 0
-0.386151 -0.319884 1.43368 0.814451 0.579425 0.030605 0.232626 -0.277752 -0.932062 -0.53156 0.766238 -0.361004 106.594 13.4517 33.1309 0.542147 0.783136 0.259231 -0.159919 0
-0.386298 -0.320108 1.43456 0.801977 0.596741 0.0270711 0.241333 -0.282213 -0.928501 -0.546435 0.75117 -0.370341 106.906 13.9652 34.2689 0.536056 0.783347 0.267466 -0.165751 0
-0.386179 -0.320106 1.43447 0.802707 0.595587 0.0306327 0.244812 -0.28224 -0.927582 -0.54381 0.752075 -0.372363 106.924 14.1707 34.1165 0.535748 0.78379 0.268056 -0.163684 0
-0.38409 -0.320011 1.43294 0.803444 0.594564 0.0311798 0.242036 -0.278323 -0.929492 -0.543964 0.754341 -0.367523 106.67 14.0067 34.0996 0.537958 0.78251 0.267281 -0.163827 0
-0.382915 -0.319364 1.43256 0.795141 0.605925 0.0246183 0.238438 -0.275055 -0.931392 -0.557582 0.746458 -0.363183 106.453 13.7944 35.0396 0.537797 0.779965 0.270641 -0.17083 0
-0.380602 -0.319393 1.43319 0.795486 0.60594 -0.00623676 0.215444 -0.292427 -0.931703 -0.56638 0.739813 -0.363167 107.425 12.4416 35.4506 0.533829 0.782796 0.262324 -0.182875 0
-0.382706 -0.316156 1.43406 0.810764 0.584825 -0.0253124 0.186237 -0.298699 -0.935999 -0.554957 0.75416 -0.351091 107.699 10.7333 34.3911 0.538743 0.784308 0.245778 -0.184962 0
-0.383496 -0.31762 1.43358 0.773572 0.633659 0.00795091 0.219161 -0.255737 -0.941577 -0.594605 0.73012 -0.336704 105.195 12.6597 37.5476 0.543399 0.769093 0.277216 -0.190697 0
-0.384027 -0.320137 1.43247 0.754063 0.65572 0.0376742 0.246695 -0.2296 -0.941502 -0.608712 0.719246 -0.334896 103.705 14.282 38.9119 0.545336 0.761341 0.296324 -0.187511 0
-0.383005 -0.319563 1.43365 0.750682 0.660661 -0.00169554 0.249292 -0.285635 -0.925347 -0.611825 0.694219 -0.379118 107.154 14.4356 39.1809 0.52104 0.777084 0.292746 -0.197379 0
-0.383674 -0.319816 1.43271 0.758071 0.652129 0.00749216 0.259433 -0.291 -0.920876 -0.59835 0.700034 -0.389783 107.537 15.0364 38.2842 0.518963 0.780842 0.291852 -0.189173 0
-0.383986 -0.319575 1.43279 0.738346 0.674418 0.00242453 0.250713 -0.271137 -0.929316 -0.62609 0.686764 -0.369278 106.265 14.5197 40.2967 0.523911 0.771162 0.299915 -0.202184 0
-0.382054 -0.319571 1.43257 0.745116 0.666703 -0.0175878 0.215394 -0.265517 -0.939737 -0.631195 0.696425 -0.341445 105.777 12.4386 40.2683 0.533421 0.766824 0.287581 -0.211516 0
-0.382439 -0.320065 1.4333 0.742196 0.670181 0.00168564 0.224768 -0.24655 -0.942705 -0.631367 0.700051 -0.333624 104.657 12.9893 40.3869 0.538986 0.761966 0.293631 -0.206597 0
-0.382494 -0.320069 1.43383 0.736146 0.676765 -0.00885707 0.244118 -0.277698 -0.929134 -0.631265 0.681816 -0.369636 106.64 14.1297 40.614 0.521731 0.771926 0.298242 -0.207313 0
-0.382624 -0.319903 1.43298 0.727579 0.685909 0.0125279 0.249329 -0.247375 -0.936291 -0.639111 0.68435 -0.351002 104.8 14.4378 41.2963 0.53132 0.762554 0.306613 -0.205423 0
-0.382803 -0.319664 1.43285 0.693982 0.719822 0.0156816 0.247745 -0.218288 -0.943913 -0.676026 0.658944 -0.329821 103.021 14.3441 44.2491 0.535227 0.748681 0.323091 -0.220503 0
-0.382851 -0.312757 1.43342 0.602512 0.798087 -0.00599434 0.239414 -0.187899 -0.952562 -0.761354 0.572495 -0.304285 101.159 13.852 51.643 0.52686 0.723653 0.358425 -0.265095 0
-0.382929 -0.317861 1.43251 0.65773 0.751424 0.0524726 0.25533 -0.156872 -0.954043 -0.708659 0.6409 -0.295041 