-0.335871 -0.388219 1.46088 0.829505 0.558316 0.014271 0.180197 -0.243362 -0.95305 -0.52863 0.793132 -0.302477 104.324 10.3812 32.5087 0.566495 0.770608 0.239588 -0.166868 0
-0.337466 -0.388039 1.46446 0.833078 0.552762 0.0208766 0.159299 -0.203598 -0.966008 -0.529722 0.808085 -0.257667 101.902 9.16619 32.4507 0.585622 0.757354 0.235049 -0.167968 0
-0.346203 -0.389626 1.47108 0.844299 0.535019 0.0302432 0.155603 -0.190766 -0.969224 -0.512784 0.823021 -0.244314 101.135 8.95178 31.2724 0.593553 0.75488 0.228719 -0.159807 0
-0.353437 -0.39098 1.47653 0.852404 0.521991 0.0305382 0.150068 -0.188277 -0.970583 -0.500886 0.831912 -0.238822 100.978 8.63088 30.4392 0.596931 0.754901 0.222565 -0.155765 0
-0.352602 -0.392424 1.48242 0.855119 0.51763 0.0288133 0.146409 -0.187804 -0.971233 -0.497329 0.834739 -0.236381 100.944 8.4189 30.1819 0.598108 0.754868 0.219919 -0.155165 0
-0.356421 -0.394484 1.48844 0.845626 0.532901 0.0305611 0.156789 -0.193253 -0.96854 -0.51023 0.823814 -0.246973 101.284 9.02054 31.1058 0.592748 0.755952 0.228086 -0.158631 0
-0.35527 -0.395633 1.49333 0.854876 0.518298 0.0235666 0.148183 -0.200378 -0.968447 -0.497222 0.831394 -0.248101 101.69 8.52167 30.1836 0.592958 0.75884 0.219572 -0.156046 0
-0.355301 -0.396893 1.4976 0.867378 0.496911 0.02712 0.145024 -0.200263 -0.968949 -0.47605 0.844378 -0.245768 101.678 8.33869 28.7597 0.596101 0.760495 0.211025 -0.147578 0
-0.357893 -0.399148 1.50622 0.864669 0.501523 0.0286895 0.147072 -0.198129 -0.969079 -0.480331 0.842152 -0.245076 101.555 8.45729 29.0526 0.596126 0.759584 0.21347 -0.148648 0
-0.361855 -0.400836 1.52949 0.861803 0.507076 0.013023 0.127473 -0.191655 -0.973149 -0.490964 0.840323 -0.229808 101.141 7.32362 29.6699 0.600071 0.755524 0.20997 -0.158149 0
-0.368253 -0.397662 1.57157 0.851565 0.521878 0.0498092 0.150284 -0.151987 -0.97689 -0.502247 0.839371 -0.207857 98.8433 8.6434 30.5318 0.61068 0.74354 0.226001 -0.152123 0
-0.370744 -0.397544 1.58169 0.84202 0.535517 0.0649911 0.182655 -0.169668 -0.968427 -0.507582 0.827305 -0.240678 99.9373 10.5244 31.0822 0.598263 0.750394 0.239265 -0.147453 0
-0.374531 -0.407989 1.59797 0.844899 0.53311 0.0440528 0.173546 -0.195281 -0.96527 -0.505992 0.823201 -0.257512 101.437 9.99407 30.9165 0.589938 0.757907 0.233095 -0.152373 0
-0.376373 -0.410676 1.60773 0.834133 0.55037 0.0362743 0.173061 -0.198708 -0.964658 -0.523711 0.81093 -0.260997 101.639 9.96582 32.1227 0.58618 0.757271 0.238828 -0.160919 0
-0.378839 -0.412981 1.61833 0.837928 0.544821 0.03235 0.169296 -0.203111 -0.964409 -0.51886 0.813582 -0.262428 101.893 9.74688 31.7665 0.585745 0.758859 0.23526 -0.160277 0
-0.381223 -0.415686 1.62815 0.844735 0.533783 0.038705 0.170452 -0.199783 -0.9649 -0.507315 0.821683 -0.259748 101.698 9.81413 30.9874 0.588473 0.758991 0.231964 -0.154353 0
-0.383709 -0.418306 1.63868 0.837445 0.544947 0.0414569 0.171995 -0.19079 -0.966445 -0.518752 0.816475 -0.253505 101.167 9.90383 31.776 0.590159 0.755272 0.237313 -0.157988 0
-0.396988 -0.420974 1.6546 0.802484 0.593797 0.058511 0.188998 -0.159951 -0.968863 -0.565949 0.788556 -0.240585 99.3745 10.8943 35.1933 0.592019 0.742129 0.263699 -0.17094 0
-0.402593 -0.423737 1.66362 0.791621 0.607673 0.0637926 0.192566 -0.149039 -0.9699 -0.579874 0.780077 -0.235 98.736 11.1026 36.2233 0.593208 0.737506 0.271265 -0.174941 0
-0.407108 -0.425249 1.6716 0.778183 0.625832 0.0525827 0.18619 -0.149932 -0.971007 -0.599803 0.765412 -0.233198 98.7776 10.7305 37.6241 0.590562 0.73507 0.276172 -0.186112 0
-0.405399 -0.428543 1.67986 0.777041 0.627841 0.0449712 0.183344 -0.157408 -0.970365 -0.602156 0.762258 -0.237424 99.214 10.5646 37.7734 0.587837 0.736864 0.275216 -0.189039 0
-0.407545 -0.430103 1.68669 0.76139 0.647394 0.0341453 0.178289 -0.158463 -0.971135 -0.623296 0.7455 -0.236075 99.2674 10.2701 39.3047 0.584562 0.734154 0.281168 -0.200622 0
-0.408785 -0.432518 1.6957 0.76046 0.648758 0.0285311 0.173199 -0.160284 -0.971757 -0.625862 0.743923 -0.234253 99.3662 9.97386 39.4546 0.584363 0.733995 0.27996 -0.203452 0
-0.41139 -0.4315 1.69627 0.727982 0.684529 0.0382432 0.190975 -0.148892 -0.970237 -0.658461 0.713618 -0.239119 98.7245 11.0097 42.1294 0.578786 0.727323 0.300934 -0.213185 0
-0.416066 -0.437569 1.72073 0.750939 0.657461 0.0619346 0.20571 -0.14377 -0.967995 -0.627515 0.739645 -0.243209 98.448 11.8711 39.8835 0.583943 0.731081 0.29517 -0.193405 0
-0.421177 -0.439196 1.74877 0.837219 0.546204 0.0269429 0.153448 -0.187345 -0.970235 -0.524899 0.816433 -0.240663 100.929 8.82681 32.0859 0.593551 0.752534 0.232432 -0.165426 0
-0.422422 -0.443786 1.76173 0.883381 0.468628 0.00499686 0.117649 -0.211426 -0.970287 -0.453648 0.857722 -0.241904 102.293 6.75643 27.1821 0.597924 0.764315 0.191766 -0.146749 0
-0.424854 -0.447491 1.77554 0.8849 0.465779 0.00148815 0.115885 -0.217065 -0.969254 -0.451135 0.857865 -0.246057 102.623 6.65466 27.0132 0.596192 0.766163 0.189798 -0.14672 0
-0.426581 -0.450896 1.7926 0.898269 0.43941 0.00561445 0.100221 -0.192406 -0.976184 -0.427865 0.877439 -0.21687 101.15 5.75192 25.4695 0.610121 0.75953 0.17762 -0.138984 0
-0.428598 -0.453495 1.8023 0.900275 0.434484 0.0269935 0.118232 -0.184363 -0.975721 -0.418958 0.881609 -0.217347 100.7 6.79005 24.9557 0.612079 0.758615 0.182146 -0.129171 0
-0.434738 -0.45841 1.82101 0.893958 0.448114 0.00567551 0.106754 -0.200634 -0.973832 -0.435249 0.871171 -0.227197 101.641 6.12825 25.9605 0.605419 0.761871 0.182074 -0.14096 0
-0.447888 -0.462458 1.83761 0.892999 0.447092 -0.0516021 0.0487098 -0.209994 -0.976489 -0.447416 0.869489 -0.209302 102.137 2.79197 26.6121 0.606981 0.760312 0.163026 -0.164083 0
-0.46091 -0.463149 1.84583 0.876253 0.478122 -0.0598239 0.0477786 -0.209757 -0.976586 -0.479476 0.852878 -0.206644 102.122 2.73856 28.687 0.604122 0.757076 0.173662 -0.178086 0
-0.475746 -0.462195 1.84581 0.898856 0.428971 -0.0896759 0.0163643 -0.237336 -0.97129 -0.437939 0.871582 -0.220351 103.731 0.937645 25.9762 0.600243 0.767552 0.145051 -0.17185 0
-0.496346 -0.457589 1.84462 0.780149 0.620325 -0.0810191 0.0965099 -0.247297 -0.964121 -0.618104 0.74434 -0.252796 104.386 5.53823 38.3894 0.565698 0.755024 0.237355 -0.231491 0
-0.51034 -0.457115 1.83762 0.755307 0.642735 -0.128073 0.0728707 -0.276572 -0.958226 -0.651307 0.714423 -0.255733 106.1 4.17888 40.7714 0.552947 0.756243 0.236566 -0.257649 0
-0.518585 -0.455776 1.83179 0.73623 0.662154 -0.139708 0.0786143 -0.288732 -0.954177 -0.67215 0.69151 -0.264628 106.836 4.50892 42.3949 0.543799 0.756569 0.244779 -0.26827 0
-0.520041 -0.4548 1.82955 0.732694 0.674537 -0.0903347 0.115152 -0.253699 -0.960404 -0.670746 0.69328 -0.263558 104.797 6.61241 42.4726 0.551234 0.749992 0.263233 -0.253696 0
-0.519527 -0.456323 1.82809 0.737786 0.672737 -0.0556501 0.15906 -0.253374 -0.954202 -0.656027 0.695145 -0.293942 104.871 9.15237 41.6429 0.545543 0.755828 0.275128 -0.235397 0
-0.51881 -0.458266 1.82877 0.745737 0.665527 0.0308242 0.242331 -0.227859 -0.943057 -0.620606 0.710742 -0.331201 103.583 14.0241 39.7674 0.544674 0.759078 0.299 -0.194243 0
-0.518809 -0.457647 1.82905 0.751846 0.657497 0.049241 0.268302 -0.236872 -0.933759 -0.60228 0.715255 -0.354499 104.234 15.5632 38.6971 0.538627 0.765379 0.302399 -0.180642 0
-0.51908 -0.458428 1.82922 0.755205 0.65179 0.0695313 0.286845 -0.233237 -0.92915 -0.589394 0.721644 -0.363104 104.091 16.6691 37.9699 0.538253 0.766738 0.306048 -0.169505 0
-0.519339 -0.458257 1.83004 0.744418 0.665636 0.0526366 0.28159 -0.241483 -0.928651 -0.605432 0.706127 -0.3672 104.576 16.3551 39.1213 0.532854 0.766991 0.308747 -0.180183 0
-0.518874 -0.458197 1.83034 0.73696 0.673822 0.0534267 0.265225 -0.215563 -0.939781 -0.621728 0.706751 -0.337576 102.919 15.3803 40.1523 0.544018 0.756654 0.310263 -0.187768 0
-0.519028 -0.45751 1.82854 0.739611 0.671786 0.0409796 0.247436 -0.214784 -0.944798 -0.6259 0.708923 -0.325081 102.808 14.3258 40.2397 0.547665 0.754897 0.30442 -0.193709 0
-0.519893 -0.456914 1.82971 0.722184 0.690458 0.0414579 0.237254 -0.190964 -0.952493 -0.649739 0.697711 -0.301725 101.337 13.7245 41.9773 0.554413 0.744122 0.31168 -0.204362 0
-0.519012 -0.45785 1.83094 0.721291 0.690187 0.0581465 0.250597 -0.181782 -0.950871 -0.645709 0.700426 -0.304077 100.823 14.5129 41.8353 0.55575