-0.337328 -0.387559 1.45703 0.83196 0.554659 0.0139839 0.181811 -0.248722 -0.951358 -0.524202 0.794034 -0.30777 104.651 10.4753 32.2142 0.564683 0.772731 0.238269 -0.16507 0
-0.341606 -0.386093 1.45796 0.842937 0.537149 0.0304805 0.161758 -0.198997 -0.966558 -0.51312 0.819678 -0.25463 101.634 9.30897 31.3301 0.589345 0.757721 0.230595 -0.159241 0
-0.34887 -0.385108 1.4575 0.846798 0.531306 0.0254394 0.137209 -0.171976 -0.975499 -0.513914 0.829541 -0.218529 99.9983 7.88637 31.2532 0.603385 0.747881 0.22347 -0.163286 0
-0.348116 -0.386938 1.46444 0.83371 0.551811 0.0207861 0.137527 -0.171034 -0.97562 -0.534803 0.816243 -0.218482 99.9434 7.90478 32.6791 0.600873 0.745524 0.231159 -0.172367 0
-0.348327 -0.388314 1.46842 0.816097 0.577447 0.0232738 0.151941 -0.175532 -0.972678 -0.557584 0.797335 -0.230988 100.23 8.7394 34.3422 0.593628 0.745422 0.244622 -0.179197 0
-0.350039 -0.390375 1.47476 0.804221 0.593631 0.0288193 0.167631 -0.180043 -0.96927 -0.5702 0.784338 -0.244305 100.523 9.65013 35.337 0.58734 0.74642 0.254971 -0.181326 0
-0.352074 -0.392637 1.48303 0.800407 0.598428 0.0351145 0.17351 -0.175206 -0.969122 -0.573797 0.781784 -0.244069 100.248 9.99195 35.6361 0.587608 0.74493 0.259064 -0.180783 0
-0.354362 -0.394103 1.48839 0.788161 0.614689 0.0309983 0.177524 -0.178822 -0.967733 -0.589312 0.768232 -0.250062 100.469 10.2256 36.7856 0.58294 0.744487 0.266026 -0.187482 0
-0.355552 -0.395586 1.49672 0.780898 0.624038 0.0278419 0.182636 -0.185466 -0.965529 -0.597363 0.759064 -0.258802 100.873 10.5233 37.4149 0.578063 0.745849 0.270388 -0.190897 0
-0.357445 -0.39694 1.50412 0.760275 0.64897 0.0286369 0.187176 -0.176639 -0.966315 -0.622051 0.740025 -0.255766 100.359 10.788 39.2898 0.576166 0.740385 0.282335 -0.200373 0
-0.360168 -0.397975 1.51494 0.747465 0.663583 0.0308829 0.196962 -0.176981 -0.964305 -0.63443 0.726867 -0.262988 100.4 11.3594 40.3238 0.571729 0.739499 0.290922 -0.204039 0
-0.364523 -0.388824 1.53403 0.682571 0.729789 0.0387998 0.25404 -0.187154 -0.948914 -0.685245 0.657558 -0.313141 101.157 14.7167 45.112 0.543663 0.738726 0.332948 -0.21877 0
-0.36663 -0.407162 1.55359 0.792689 0.609587 -0.00685603 0.167935 -0.229162 -0.958792 -0.586039 0.758873 -0.284025 103.442 9.66779 36.4757 0.565575 0.759256 0.256015 -0.195222 0
-0.367729 -0.393093 1.56169 0.728672 0.68426 -0.028735 0.172057 -0.223514 -0.959394 -0.662898 0.69414 -0.2806 103.114 9.90746 42.2939 0.553299 0.747126 0.286537 -0.231431 0
-0.369354 -0.379042 1.57507 0.699959 0.713041 -0.0403651 0.14873 -0.200815 -0.968273 -0.698525 0.671748 -0.246613 101.717 8.55333 44.9412 0.559583 0.732698 0.29404 -0.252113 0
-0.370238 -0.358329 1.58061 0.738559 0.673595 0.028295 0.144489 -0.117152 -0.982547 -0.658524 0.729757 -0.183851 96.7994 8.30771 41.7213 0.599491 0.714066 0.286418 -0.220648 0
-0.372297 -0.350183 1.58881 0.751186 0.659506 0.0277816 0.137467 -0.115134 -0.983792 -0.645618 0.74283 -0.177147 96.675 7.90127 40.6779 0.603926 0.714749 0.278759 -0.216102 0
-0.373593 -0.34937 1.59565 0.751452 0.659417 0.0221219 0.124965 -0.109325 -0.98612 -0.647845 0.743786 -0.164557 96.3262 7.17875 40.7654 0.607777 0.711571 0.275581 -0.219839 0
-0.375273 -0.353164 1.60399 0.744648 0.666778 0.0301125 0.131724 -0.10258 -0.985965 -0.65433 0.738163 -0.164217 95.9397 7.56923 41.3061 0.607834 0.709127 0.281509 -0.220065 0
-0.377283 -0.355536 1.61051 0.743739 0.667249 0.0403811 0.152711 -0.110785 -0.982042 -0.650793 0.73655 -0.184291 96.4364 8.78405 41.1868 0.601802 0.713935 0.287127 -0.213749 0
-0.379636 -0.366383 1.61504 0.740221 0.670287 0.0528075 0.162182 -0.101777 -0.981498 -0.652511 0.73509 -0.184045 95.9201 9.33354 41.3964 0.602992 0.711696 0.292424 -0.21066 0
-0.379665 -0.378376 1.61739 0.751314 0.658368 0.0455897 0.167051 -0.122894 -0.978259 -0.638452 0.742596 -0.202313 97.1603 9.61642 40.3572 0.597099 0.720507 0.286402 -0.20571 0
-0.379711 -0.389968 1.61911 0.768821 0.638427 0.0363968 0.162265 -0.139718 -0.976805 -0.618534 0.756895 -0.211013 98.1401 9.33837 38.8174 0.595418 0.727934 0.274988 -0.199928 0
-0.380006 -0.402225 1.62094 0.779732 0.62531 0.0317074 0.167879 -0.160013 -0.972735 -0.603187 0.763795 -0.229743 99.3414 9.66451 37.7249 0.589486 0.736459 0.269258 -0.193996 0
-0.379482 -0.41306 1.62039 0.786588 0.616356 0.0372111 0.175541 -0.165433 -0.970473 -0.592001 0.769894 -0.238323 99.674 10.1101 36.9658 0.587969 0.739991 0.267536 -0.187431 0
-0.379198 -0.423449 1.61999 0.783706 0.620364 0.0308633 0.178942 -0.177917 -0.967639 -0.594798 0.763868 -0.250444 100.418 10.3081 37.1968 0.582097 0.743651 0.26871 -0.189583 0
-0.380613 -0.436827 1.62643 0.776433 0.629677 0.0256763 0.17359 -0.174525 -0.96923 -0.605821 0.756999 -0.244813 100.208 9.99661 37.9636 0.582472 0.740907 0.271042 -0.195755 0
-0.382351 -0.440566 1.63538 0.753249 0.657139 0.0280102 0.184553 -0.170286 -0.967958 -0.631313 0.734283 -0.249544 99.9775 10.6351 39.9671 0.577369 0.737068 0.285486 -0.204629 0
-0.383685 -0.441194 1.63855 0.754868 0.655015 0.0336122 0.200293 -0.181421 -0.962792 -0.624545 0.733513 -0.268144 100.671 11.5541 39.6029 0.571249 0.742367 0.288034 -0.199003 0
-0.384196 -0.440999 1.64023 0.760798 0.647911 0.0373829 0.194661 -0.172869 -0.965517 -0.619107 0.741841 -0.257642 100.151 11.2249 39.1373 0.57669 0.740154 0.284594 -0.196488 0
-0.390702 -0.438873 1.66947 0.83609 0.547935 0.0268348 0.159089 -0.195358 -0.967743 -0.525018 0.813389 -0.250508 101.413 9.15404 32.1265 0.589539 0.755307 0.234019 -0.164894 0
-0.392725 -0.429871 1.67731 0.855765 0.516858 0.022896 0.147397 -0.201147 -0.968408 -0.495924 0.832104 -0.248318 101.734 8.4761 30.0927 0.592938 0.759149 0.21875 -0.155776 0
-0.394307 -0.420051 1.6844 0.874798 0.483529 0.0304618 0.144806 -0.200947 -0.96884 -0.462341 0.851951 -0.245806 101.718 8.32605 27.857 0.597504 0.761832 0.206192 -0.141724 0
-0.396654 -0.410052 1.69216 0.893669 0.447122 0.0379269 0.141983 -0.201578 -0.969127 -0.425672 0.871463 -0.243628 101.75 8.16262 25.4694 0.60176 0.764669 0.192601 -0.126769 0
-0.397921 -0.399963 1.69958 0.912078 0.408519 0.0350041 0.133515 -0.215201 -0.9674 -0.387669 0.887018 -0.250823 102.541 7.67279 23.0274 0.60126 0.771055 0.175745 -0.114345 0
-0.397682 -0.396652 1.69892 0.900826 0.432514 0.0380041 0.140409 -0.20737 -0.968134 -0.41085 0.877456 -0.247533 102.09 8.07149 24.5169 0.601233 0.767419 0.186639 -0.121461 0
-0.398846 -0.398459 1.70198 0.907502 0.418599 0.0348659 0.129519 -0.199896 -0.971219 -0.399582 0.885899 -0.235622 101.63 7.44179 23.7644 0.606627 0.765346 0.179042 -0.119134 0
-0.402364 -0.40198 1.7179 0.929073 0.367924 0.0381512 0.114903 -0.189027 -0.975226 -0.351598 0.91044 -0.217895 100.97 6.59805 20.7286 0.616877 0.764198 0.157952 -0.102541 0
-0.412401 -0.40897 1.73435 0.957793 0.284322 0.042348 0.0977615 -0.183644 -0.978119 -0.270324 0.940976 -0.203688 100.634 5.61028 15.761 0.62659 0.76569 0.124751 -0.0744348 0
-0.417096 -0.406114 1.75443 0.969031 0.24551 0.0265243 0.0786844 -0.205171 -0.975558 -0.234068 0.947433 -0.218135 101.877 4.51295 13.5796 0.621636 0.773359 0.104801 -0.0670915 0
-0.424694 -0.406668 1.75951 0.975652 0.21932 -0.00130062 0.0464841 -0.212575 -0.976039 -0.214341 0.952214 -0.217594 102.287 2.6643 12.3905 0.621587 0.775535 0.0856839 -0.0695137 0
-0.42661 -0.408407 1.76732 0.975831 0.218351 -0.00874957 0.0387302 -0.212216 -0.976455 -0.215067 0.952516 -0.215544 102.262 2.21963 12.4289 0.622108 0.775176 0.0829107 -0.0721825 0
-0.428117 -0.410454 1.77449 0.977385 0.211407 -0.00512497 0.0420591 -0.218086 -0.975023 -0.207245 0.952757 -0.222045 102.608 2.41052 11.9717 0.61993 0.777418 0.0815091 -0.0682933 0
-0.430321 -0.412769 1.78622 0.980003 0.198974 0.00204648 0.044451 -0.208886 -0.976929 -0.193956 0.957484 -0.213553 102.069 2.54769 11.1949 0.624012 0.774991 0.078525 -0.061907 0
-0.429231 -0.415359 1.79817 0.968855 0.247166 0.0151581 0.0669209 -0.202403 -0.977013 -0.238416 0.947598 -0.212639 101.704 3.83715 13.8247 0.62326 0.771994 0.101713 -0.0722991 0
-0.430135 -0.417654 1.80762 0.948879 0.312934 0.041244 0.0985369 -0.169545 -0.980584 -0.299865 0.93452 -0.191713 99.8096 5.65492 17.5376 0.630004 0.759957 0.13536 -0.0850776 0
-0.432632 -0.41992 1.81698 0.944697 0.325195 0.0423882 0.106376 -0.181597 -0.977602 -0.310214 0.928047 -0.206147