-0.336975 -0.387451 1.45622 0.84327 0.537448 -0.00674585 0.161941 -0.266017 -0.950268 -0.512515 0.80024 -0.311359 105.639 9.31959 31.29 0.56256 0.777921 0.224762 -0.166874 0
-0.3357 -0.386149 1.45636 0.862735 0.505448 0.0145245 0.144637 -0.21915 -0.964911 -0.484529 0.834563 -0.262175 102.796 8.31628 29.3194 0.587667 0.765516 0.212303 -0.153493 0
-0.336294 -0.386152 1.45881 0.8714 0.489922 0.0252584 0.137108 -0.193785 -0.971416 -0.471023 0.849955 -0.236036 101.282 7.88051 28.3928 0.600329 0.758489 0.206671 -0.146925 0
-0.337078 -0.38699 1.46254 0.888218 0.458596 0.027534 0.133831 -0.200942 -0.970418 -0.439497 0.865628 -0.239855 101.699 7.691 26.3265 0.601544 0.763056 0.194097 -0.134971 1
-0.337286 -0.387259 1.46386 0.901151 0.43274 0.025726 0.125503 -0.203628 -0.970971 -0.41494 0.878221 -0.23781 101.844 7.2098 24.724 0.604093 0.765276 0.182367 -0.127148 1
-0.337518 -0.388835 1.46918 0.90835 0.417305 0.0274976 0.123772 -0.205446 -0.97081 -0.399475 0.885239 -0.238267 101.949 7.10985 23.739 0.605111 0.766822 0.176402 -0.121272 1
-0.351505 -0.391808 1.47777 0.893506 0.448478 0.0226973 0.133423 -0.216878 -0.967038 -0.428772 0.867082 -0.253619 102.641 7.66743 25.6353 0.59645 0.768766 0.189232 -0.132054 1
-0.383293 -0.394798 1.48745 0.8957 0.440337 0.0618357 0.180013 -0.23193 -0.955931 -0.406591 0.867359 -0.287006 103.638 10.3705 24.415 0.586678 0.776955 0.19961 -0.110931 0
-0.402041 -0.395551 1.48646 0.874849 0.480031 0.0648845 0.188287 -0.213578 -0.95861 -0.446305 0.850855 -0.277232 102.56 10.8529 27.0284 0.588226 0.769035 0.217259 -0.123993 0
-0.422468 -0.394542 1.48289 0.868959 0.488703 0.0779731 0.196402 -0.195933 -0.960748 -0.454243 0.850164 -0.26624 101.527 11.3267 27.5981 0.59304 0.763402 0.224359 -0.123221 0
-0.44244 -0.393148 1.47907 0.862861 0.500883 0.0677254 0.179746 -0.178853 -0.967317 -0.472399 0.846834 -0.244357 100.475 10.355 28.6998 0.599927 0.755988 0.225079 -0.133823 0
-0.450303 -0.393802 1.47552 0.841147 0.538093 0.0541044 0.171308 -0.170217 -0.970402 -0.512957 0.82552 -0.235357 99.9489 9.86388 31.3761 0.599077 0.749453 0.236639 -0.153062 0
-0.45044 -0.392606 1.47382 0.832615 0.552403 0.0400358 0.156012 -0.164563 -0.97395 -0.531425 0.817172 -0.223199 99.5904 8.97551 32.5485 0.60101 0.745047 0.237708 -0.164885 0
-0.448298 -0.392739 1.47338 0.83491 0.547618 0.0551333 0.157142 -0.141175 -0.977433 -0.527477 0.824733 -0.203922 98.2187 9.04104 32.2837 0.610289 0.738242 0.238661 -0.159955 0
-0.447495 -0.394106 1.47476 0.825492 0.562271 0.0491356 0.1467 -0.129679 -0.980644 -0.545016 0.816722 -0.189534 97.533 8.43572 33.4341 0.613653 0.732241 0.242055 -0.169302 0
-0.447082 -0.394211 1.4749 0.819401 0.572219 0.0338698 0.125649 -0.121647 -0.984588 -0.55928 0.811028 -0.171576 97.0433 7.21822 34.3154 0.617693 0.726743 0.240067 -0.180741 0
-0.447324 -0.394951 1.47707 0.812549 0.582255 0.0272794 0.11711 -0.117225 -0.986176 -0.571008 0.804511 -0.163439 96.7789 6.72533 35.0971 0.618847 0.723397 0.241695 -0.187908 0
-0.4479 -0.395429 1.47734 0.810972 0.584824 0.0174703 0.105143 -0.116297 -0.987634 -0.57556 0.80278 -0.155804 96.7159 6.03538 35.3639 0.620256 0.721643 0.239026 -0.19334 0
-0.446812 -0.39452 1.47381 0.820499 0.57114 0.0240904 0.101972 -0.104767 -0.989255 -0.562479 0.81414 -0.144201 96.0454 5.85274 34.4319 0.626804 0.719282 0.233953 -0.187127 0
-0.44483 -0.393012 1.46772 0.827417 0.560403 0.0364571 0.117333 -0.109023 -0.98709 -0.549194 0.821013 -0.155961 96.3027 6.73821 33.574 0.624986 0.723257 0.234266 -0.177232 0
-0.445215 -0.392922 1.46698 0.812367 0.581387 0.04526 0.138082 -0.116372 -0.98356 -0.566562 0.805262 -0.174816 96.7477 7.93686 34.8927 0.61668 0.725182 0.248031 -0.179714 0
-0.442369 -0.390842 1.45831 0.794496 0.606553 0.0294965 0.1395 -0.13502 -0.980974 -0.591029 0.783494 -0.191887 97.8369 8.0189 36.6457 0.60572 0.728252 0.256111 -0.192767 0
-0.432839 -0.385628 1.42721 0.67683 0.736138 0.00183347 0.0692447 -0.0611859 -0.995722 -0.732876 0.674061 -0.092386 93.5163 3.9706 47.2767 0.617102 0.676462 0.297645 -0.270171 0
-0.432457 -0.385682 1.4254 0.641043 0.767013 0.0275005 0.0797562 -0.0309349 -0.996334 -0.76335 0.640886 -0.0810046 91.7784 4.57455 49.9773 0.618285 0.662001 0.319776 -0.277888 0
-0.430678 -0.384641 1.4209 0.671764 0.740737 -0.00651668 0.0481166 -0.0524115 -0.997466 -0.739201 0.669748 -0.0708499 93.0078 2.75794 47.7364 0.622194 0.669893 0.294395 -0.278297 0
-0.429432 -0.383565 1.41674 0.687882 0.725801 -0.00555006 0.0528913 -0.0577514 -0.996929 -0.723892 0.685476 -0.0781147 93.3154 3.03186 46.4611 0.6229 0.675231 0.288306 -0.270071 0
-0.429529 -0.382596 1.41419 0.696617 0.717442 0.00142929 0.0589227 -0.0552267 -0.996734 -0.715019 0.694426 -0.0807455 93.1714 3.37798 45.7469 0.624629 0.676866 0.28675 -0.263564 0
-0.427917 -0.381587 1.40909 0.714957 0.699158 -0.00370636 0.0506222 -0.0570519 -0.997087 -0.697333 0.712687 -0.0761826 93.2748 2.90168 44.285 0.628833 0.679741 0.27576 -0.257833 0
-0.424983 -0.379892 1.40185 0.721922 0.691961 -0.00427899 0.0497521 -0.0580721 -0.997072 -0.690183 0.719596 -0.07635 93.3333 2.85176 43.7124 0.62998 0.681239 0.272193 -0.254853 0
-0.423298 -0.377813 1.39585 0.722207 0.691651 0.00592138 0.0648016 -0.0591362 -0.996144 -0.688635 0.719806 -0.0875287 93.3974 3.71546 43.6368 0.627603 0.683533 0.27667 -0.2497 0
-0.421108 -0.375803 1.38853 0.741919 0.670483 0.00300427 0.0717827 -0.0749741 -0.994598 -0.666636 0.738127 -0.103754 94.3109 4.11639 41.9406 0.625138 0.692937 0.267797 -0.239427 0
-0.418263 -0.372854 1.37878 0.765209 0.643779 0.00197369 0.0798167 -0.0918289 -0.992571 -0.638815 0.759682 -0.121653 95.2857 4.57803 39.8559 0.622842 0.70333 0.257203 -0.226366 0
-0.415026 -0.370656 1.36642 0.788998 0.614119 0.0184491 0.110453 -0.112239 -0.987523 -0.604386 0.781191 -0.156388 96.4842 6.34142 37.4528 0.616517 0.717221 0.252562 -0.204239 0
-0.412138 -0.368037 1.35805 0.790281 0.612414 0.0201289 0.11607 -0.117363 -0.986283 -0.601651 0.781777 -0.163832 96.786 6.66532 37.2825 0.614224 0.719631 0.253075 -0.202021 0
-0.407512 -0.363293 1.3409 0.812399 0.582984 0.0117314 0.126574 -0.156673 -0.979506 -0.569198 0.797235 -0.201071 99.0875 7.27165 35.0166 0.603045 0.73657 0.240832 -0.18921 0
-0.405499 -0.361226 1.33257 0.811623 0.584018 0.0137764 0.134937 -0.164476 -0.977108 -0.568383 0.794903 -0.212298 99.555 7.75496 35.0037 0.598926 0.739662 0.243001 -0.187453 0
-0.403399 -0.359116 1.32203 0.825679 0.563627 0.0240444 0.148497 -0.176025 -0.973121 -0.544245 0.807056 -0.229037 100.253 8.53982 33.3908 0.595948 0.746783 0.238397 -0.174147 0
-0.399982 -0.355547 1.30629 0.824727 0.560071 0.0783911 0.241705 -0.223764 -0.944197 -0.511277 0.797653 -0.319916 103.332 13.9872 31.7962 0.565917 0.769482 0.260492 -0.140642 0
-0.398681 -0.353783 1.30037 0.825837 0.558933 0.0747476 0.237316 -0.224236 -0.945198 -0.511541 0.798319 -0.317825 103.346 13.7282 31.775 0.566519 0.769399 0.258724 -0.141927 0
-0.396984 -0.352028 1.29507 0.836746 0.543439 0.0673095 0.220273 -0.2215 -0.949956 -0.501334 0.809699 -0.305044 103.125 12.7251 30.9278 0.57232 0.76865 0.248394 -0.141165 0
-0.393763 -0.350197 1.28589 0.841461 0.537057 0.0592672 0.209046 -0.222444 -0.95227 -0.49824 0.813688 -0.299448 103.148 12.0664 30.6303 0.574362 0.76866 0.242663 -0.142772 0
-0.391404 -0.347839 1.2776 0.837882 0.543992 0.0450142 0.193286 -0.218561 -0.956489 -0.510484 0.810126 -0.288274 102.871 11.1446 31.3521 0.576855 0.765623 0.240744 -0.151991 0
-0.38853 -0.344272 1.26838 0.845659 0.531812 0.0451289 0.183822 -0.210833 -0.960083 -0.501069 0.820199 -0.276052 102.385 10.5925 30.6475 0.582832 0.763633 0.234286 -0.149267 0
-0.386982 -0.341833 1.26305 0.867954 0.491972 0.0679606 0.195541 -0.212732 -0.957345 -0.45653 0.84422 -0.280843 102.528 11.2763 27.7436 0.58617 0.768363 0.223694 -0.126428 0
-0.385433 -0.340137 1.25901 0.875766 0.478749 0.0619067 0.192323 -0.228403 -0.954381 -0.44277 0.847721 -0.292102 103.459 11.0884 26.8202 0.582078 0.773995 0.216756 -0.123019 0
-0.38367 -0.338072 1.25321 0.88013 0.470118 0.0660317 0.194168 -0.229551 -0.953732 -0.433209 0.852229 -0.293317 103.533 11.1961 26.2069 0.582508 0.77508 0.214264 -0.118432 0
-0.38244 -0.336614 1.24899 0.878926 0.473329 0.0587297 0.204363 -0.26247 -0.943051 -0.430958 0.840874 -0.327423 105.553