-0.335812 -0.395659 1.45367 0.831285 0.554786 0.0343115 0.200488 -0.24169 -0.949416 -0.51843 0.796114 -0.312141 104.282 11.5655 31.9497 0.565122 0.772191 0.244523 -0.156735 0
-0.336148 -0.404198 1.45264 0.834122 0.549088 0.0523747 0.191183 -0.198741 -0.961224 -0.517387 0.811791 -0.270751 101.682 11.0219 31.8104 0.584087 0.758883 0.243869 -0.15319 0
-0.335512 -0.41383 1.45278 0.838759 0.542582 0.0456995 0.173363 -0.186547 -0.967029 -0.516167 0.819027 -0.250531 100.919 9.9834 31.6079 0.591963 0.754294 0.23729 -0.15593 0
-0.332346 -0.421027 1.44489 0.898514 0.435805 0.0524004 0.155947 -0.205349 -0.966184 -0.410308 0.876302 -0.252472 101.999 8.97173 24.5439 0.600144 0.767518 0.192749 -0.116579 0
-0.336258 -0.426017 1.45405 0.882142 0.466423 0.0653841 0.185945 -0.217351 -0.958219 -0.432724 0.857443 -0.278463 102.78 10.7162 26.1297 0.588712 0.771031 0.211524 -0.119107 0
-0.333632 -0.421856 1.44364 0.930254 0.362772 0.0549994 0.135251 -0.199689 -0.97048 -0.34108 0.910231 -0.234826 101.627 7.77311 20.1356 0.611502 0.76889 0.161929 -0.0930174 0
-0.332964 -0.421207 1.44132 0.946134 0.319641 0.0515694 0.11709 -0.189299 -0.974913 -0.30186 0.928437 -0.216529 100.988 6.72421 17.695 0.620545 0.766805 0.142387 -0.0816017 0
-0.332395 -0.42069 1.43859 0.952468 0.299897 0.0535432 0.114191 -0.18852 -0.975408 -0.282428 0.935159 -0.213805 100.939 6.55695 16.5163 0.622524 0.767267 0.134923 -0.0745779 0
-0.342772 -0.430593 1.47965 0.963115 0.258893 0.0733801 0.0987953 -0.0865485 -0.991337 -0.250299 0.962021 -0.108934 94.9895 5.6698 14.568 0.664762 0.734608 0.121727 -0.0602086 0
-0.343794 -0.433139 1.48672 0.97336 0.221693 0.0585022 0.0764952 -0.073458 -0.99436 -0.216145 0.972346 -0.0884595 94.225 4.38714 12.52 0.672949 0.730629 0.102031 -0.0539407 0
-0.346042 -0.434285 1.4936 0.972449 0.23289 0.0102771 0.0257128 -0.0633401 -0.997661 -0.231694 0.970438 -0.0675833 93.6328 1.4734 13.4013 0.678514 0.72515 0.0891547 -0.0763347 0
-0.348097 -0.433353 1.50049 0.999199 0.0398153 -0.0041103 -0.0077829 0.0925305 -0.995679 -0.0392629 0.994913 0.0927662 84.6906 -0.445932 2.25025 0.739002 0.673406 0.0118919 -0.0161022 0
-0.350875 -0.427828 1.50846 0.991391 -0.121497 -0.0488077 -0.0236524 0.200452 -0.979418 0.12878 0.972141 0.195852 78.4333 -1.35531 -7.4012 0.772608 0.631484 -0.0574638 0.0316606 0
-0.353254 -0.427339 1.51609 0.987756 -0.137909 -0.0729304 -0.0317136 0.280221 -0.959412 0.152748 0.949978 0.272416 73.7182 -1.81736 -8.79067 0.796931 0.598982 -0.0707961 0.0333138 0
-0.366935 -0.416718 1.52082 0.988816 -0.130268 0.0726201 0.119245 0.398095 -0.909561 0.0895774 0.908048 0.409176 66.3621 6.84854 -5.17633 0.836075 0.543495 -0.00507052 0.0746086 0
-0.377948 -0.404672 1.5348 0.991632 -0.102494 0.0784936 0.120258 0.512256 -0.850371 0.046949 0.852695 0.520295 58.9356 6.90701 -2.71065 0.869509 0.489663 0.00906968 0.0640454 0
-0.381848 -0.391431 1.54335 0.990744 -0.133142 0.0264313 0.103213 0.612441 -0.783749 0.0881625 0.779223 0.620515 51.995 5.9242 -5.08513 0.897733 0.435255 -0.0171908 0.0658199 0
-0.390341 -0.377741 1.54514 0.989706 -0.137052 -0.0412175 0.0718589 0.724944 -0.685049 0.123768 0.675035 0.72733 43.3793 4.12076 -7.12813 0.927629 0.366548 -0.0444643 0.0563024 1
-0.39428 -0.374274 1.54534 0.982427 -0.144773 -0.117808 0.0491346 0.809507 -0.585051 0.180066 0.568981 0.802394 35.8566 2.81634 -10.3863 0.947936 0.304354 -0.0785584 0.0511394 1
-0.395329 -0.372387 1.54715 0.974358 -0.144971 -0.172077 0.0397722 0.863696 -0.502441 0.221462 0.482713 0.847315 30.188 2.27938 -12.8052 0.959866 0.256587 -0.102499 0.048117 1
-0.394188 -0.375058 1.54889 0.973691 -0.134091 -0.184244 0.0459078 0.90739 -0.417775 0.223201 0.398326 0.889673 24.722 2.63125 -12.911 0.970921 0.210136 -0.104912 0.0463474 1
-0.395408 -0.37295 1.54492 0.94511 -0.160163 -0.284806 0.0330153 0.913976 -0.404423 0.325079 0.372822 0.869096 23.8688 1.89198 -18.9811 0.965425 0.20127 -0.157932 0.0500242 1
-0.39552 -0.371387 1.5434 0.930181 -0.156642 -0.332004 0.0228756 0.927368 -0.37345 0.366388 0.339781 0.866204 21.9346 1.31079 -21.4989 0.964851 0.184803 -0.180958 0.0465144 1
-0.394764 -0.369971 1.54288 0.911092 -0.197215 -0.361964 0.0538091 0.927509 -0.369907 0.408676 0.317543 0.855658 21.743 3.08452 -24.1589 0.961023 0.178833 -0.200474 0.0653012 1
-0.395856 -0.371207 1.54388 0.90869 -0.191462 -0.370979 0.0520678 0.93367 -0.35433 0.414213 0.30266 0.858385 20.7819 2.98462 -24.5052 0.961866 0.170759 -0.20408 0.0632962 1
-0.396167 -0.371583 1.54459 0.912592 -0.194198 -0.359808 0.0462572 0.923394 -0.381056 0.406245 0.331105 0.851666 22.4244 2.65129 -23.9965 0.960163 0.185427 -0.199459 0.0626079 1
-0.394941 -0.371741 1.54454 0.91631 -0.197982 -0.348107 0.0419982 0.911962 -0.408119 0.398261 0.359343 0.843955 24.1093 2.40703 -23.4915 0.958153 0.200245 -0.194742 0.0626154 1
-0.396406 -0.372435 1.54349 0.904671 -0.242029 -0.350704 0.0779557 0.903149 -0.422191 0.41892 0.354605 0.83592 25.0545 4.47107 -24.8471 0.954429 0.203471 -0.201593 0.0838158 1
-0.39477 -0.374224 1.54283 0.88844 -0.331449 -0.317516 0.143981 0.8581 -0.492883 0.435826 0.39218 0.810093 29.8725 8.27826 -26.1304 0.942952 0.234652 -0.19973 0.126048 1
-0.394419 -0.375133 1.542 0.85963 -0.359523 -0.363015 0.171995 0.872681 -0.456996 0.481097 0.330411 0.812019 27.6397 9.90386 -29.2338 0.94132 0.209123 -0.224183 0.141163 1
-0.39533 -0.372979 1.5414 0.855949 -0.38288 -0.347497 0.198972 0.864215 -0.462106 0.477243 0.326397 0.815907 28.1339 11.4769 -29.1423 0.940222 0.209659 -0.219294 0.154711 1
-0.394984 -0.374323 1.54173 0.873365 -0.383382 -0.300418 0.217015 0.858483 -0.464663 0.436048 0.340626 0.832969 28.425 12.5338 -26.5317 0.944036 0.213257 -0.195031 0.158997 1
-0.39476 -0.374788 1.53924 0.88199 -0.405405 -0.240291 0.271281 0.853687 -0.444552 0.385357 0.326904 0.862922 27.5079 15.7405 -23.6014 0.948499 0.203336 -0.164905 0.178357 1
-0.394758 -0.37313 1.5424 0.89091 -0.367324 -0.26712 0.23805 0.878532 -0.414141 0.386798 0.305375 0.870134 25.2393 13.7715 -23.4686 0.953884 0.188575 -0.171383 0.15866 1
-0.392416 -0.37431 1.54107 0.915659 -0.382251 -0.124308 0.301629 0.857845 -0.41608 0.265684 0.343492 0.900791 25.8747 17.5555 -16.1804 0.958423 0.198131 -0.101728 0.178387 1
-0.391092 -0.373902 1.54362 0.920802 -0.381415 -0.0815293 0.321108 0.859991 -0.396618 0.22139 0.339026 0.914356 24.7586 18.73 -13.5191 0.961138 0.191347 -0.0787918 0.182732 1
-0.390455 -0.373314 1.54374 0.927889 -0.368873 -0.0543503 0.319883 0.862451 -0.392241 0.191562 0.346571 0.918255 24.456 18.6559 -11.6648 0.962886 0.191822 -0.0638476 0.178826 1
-0.389899 -0.373255 1.54404 0.934492 -0.354342 -0.0341438 0.310509 0.858267 -0.40861 0.174092 0.371241 0.91207 25.4585 18.0899 -10.553 0.962397 0.20258 -0.0540931 0.172707 1
-0.390856 -0.374663 1.54191 0.945324 -0.313913 -0.0884363 0.24715 0.866472 -0.433754 0.212789 0.388181 0.896681 26.5925 14.3089 -12.6856 0.96287 0.213408 -0.0782102 0.145675 1
-0.391684 -0.374681 1.54112 0.944325 -0.30828 -0.114949 0.229939 0.868264 -0.439598 0.235325 0.388693 0.890809 26.8529 13.2935 -13.9931 0.962211 0.215205 -0.0910077 0.139839 1
-0.39136 -0.373804 1.54148 0.964843 -0.227867 -0.130979 0.157403 0.900056 -0.406354 0.210483 0.371451 0.904279 24.2981 9.05619 -12.3064 0.970719 0.200317 -0.0879404 0.0992228 1
-0.392033 -0.373855 1.54144 0.98359 -0.123062 -0.131936 0.0576477 0.907302 -0.416509 0.170962 0.402068 0.899507 24.6581 3.3048 -9.86034 0.973447 0.210226 -0.0777902 0.0464097 1
-0.394243 -0.372572 1.54002 0.982508 -0.0170681 -0.185434 -0.0621294 0.908688 -0.412826 0.175548 0.417126 0.891733 24.4328 -3.56205 -10.1303 0.972488 0.213358 -0.0927987 -0.011584 1
-0.39588 -0.373137 1.54066 0.951618 -0.208626 -0.225606 0.0922642 0.894312 -0.437829 0.293105 0.395831 0.870292 26.085 5.29388 -17.1192 0.963875 0.216226 -0.134538 0.0780419 1
-0.397372 -0.363517 1.5429 0.945909 0.126174 -0.298893 -0.23609 0.899599 -0.367401 0.222527 0.418093 0.880727 22.2154 -13.6559 -13.2383 0.965173 0.20346 -0.135059 -0.093834 1
-0.398001 -0.362824 1.54081 0.930368 0.220779 -0.292699 -0.316578 0.886441 -0.337639 0.184916 0.40679 0.89461 20.8515 -18.4561 -11.2414 0.963252 0.193207 -0.123959 -0.139464 1
-0.39937 -0.362538 1.54162 0.918655 0.170304 -0.356468 -0.303782 0.881372 -0.3618 0.252565 0.440658 0.861412 22.318 -17.6849 -15.3725 0.956744 0.209685 -0.159142 -0.12388 1
-0.398628 -0.36299 1.54205 0.916771 0.247834 -0.313224 -0.357661 0.858463 -0.367587 0.17779 0.449021 0.875654 23.1802 -20.9566 -10.9752 0.955365 0.21369 -0.128489 -0.158446 1
-0.397019 -0.362502 1.53979 0.906102 0.316837 -0.280347 -0.408346 0.828238 -0.383765 0.110603 0.462208 0.879847 24.8607 -24.101 -6.95936 0.950551 0.222496 -0.102822 -0.190727 1
-0.397048 -0.363259 1.53991 0.900863 0.34172 -0.267718 -0.426966 0.808858 -0.404287 0.078393 0.478514 0.874574 26.557 -25.2752 -4.97334 0.946612 0.233148 -0.0914079 -0.20301 1
-0.396682 -0.364696 1.54072 0.900323 0.344199 -0.266356 -0.429296 0.802982 -0.413431 0.0715766 0.486567 0.870706 27.2426 -25.4229 -4.54551 0.945253 0.238031 -0.0893763 -0.204574 1
-0.395889 -0.364319 1.53945 0.901103 0.356762 -0.246443 -0.431514 0.793588 -0.428968 0.0425353 0.492888 0.869053 28.3931 -25.5637 -2.70256 0.943894 0.244163 -0.0765389 -0.208783 1
-0.396271 -0.364461 1.54106 0.892853 0.378999 -0.243256 -0.44925 0.787266 -0.422358 0.0314337 0.486386 0.873178 28.213 -26.6956 -2.01632 0.94251 0.241044 -0.0728611 -0.219692 1
-0.395703 -0.366614 1.54074 0.877058 0.390716 -0.279481 -0.475656 0.787754 -0.391402 0.067235 0.476219 0.876753 26.4208 -28.402 -4.3837 0.940952 0.230517 -0.0921183 -0.230185 1
-0.397169 -0.364115 1.54256 0.819384 0.501036 -0.278518 -0.573243 0.717377 -0.395933 0.0014253 0.48408 0.875023 28.8951 -34.9767 -0.0996649 0.923551 0.238215 -0.075779 -0.290801 1
-0.397148 -0.36463 1.54193 0.812827 0.502718 -0.294256 -0.582247 0.716212 -0.384746 0.0173306 0.484061 0.874862 28.2445 -35.6087 -1.22144 0.922483 0.235453 -0.0844422 -0.294034 1
-0.397267 -0.361618 1.53895 0.780708 0.543751 -0.307946 -0.624425 0.697955 -0.350647 0.0242681 0.466042 0.88443 26.6746 -38.64 -1.78045 0.916937 0.222668 -0.0905772 -0.318499 1
-0.396943 -0.361297 1.53852 0.768668 0.563782 -0.302159 -0.639553 0.685543 -0.347854 0.0110291 0.460631 0.887523 26.9039 -39.7585 -0.822042 0.914021 0.221134 -0.0856621 -0.329132 1
-0.39672 -0.362067 1.53965 0.766964 0.577132 -0.28051 -0.641266 0.673437 -0.367778 -0.0233506 0.461953 0.886597 28.6399 -39.8862 1.74386 0.912003 0.227448 -0.0704929 -0.333989 1
-0.397033 -0.361939 1.53998 0.717299 0.636596 -0.283244 -0.69534 0.628031 -0.349399 -0.0445402 0.447575 0.893137 29.089 -44.0543 3.55318 0.899787 0.221434 -0.0663223 -0.37007 1
-0.397208 -0.362295 1.5403 0.689034 0.665787 -0.286287 -0.721665 0.59403 -0.355426 -0.0665751 0.451504 0.889782 30.8934 -46.1921 5.51884 0.890624 0.226507 -0.0616735 -0.38946 1
-0.396261 -0.362457 1.54082 0.6627 0.673471 -0.327513 -0.747578 0.569105 -0.342413 -0.0442162 0.471759 0.880618 31.034 -48.381 3.81719 0.882103 0.230747 -0.0802901 -0.402745 1
-0.397967 -0.361303 1.53921 0.630815 0.709047 -0.315159 -0.772042 0.532918 -0.346337 -0.0776151 0.461791 0.883587 33.0194 -50.5376 7.01439 0.872829 0.231468 -0.0680386 -0.424221 1
-0.397553 -0.361407 1.53855 0.580733 0.732298 -0.355653 -0.810599 0.479699 -0.335886 -0.0753618 0.483352 0.872176 34.9998 -54.1545 7.39396 0.856243 0.239195 -0.0818377 -0.450484 1
-0.400061 -0.361971 1.53955 0.56599 0.72754 -0.387738 -0.819859 0.447365 -0.357346 -0.0865238 0.520145 0.849684 38.6172 -55.0707 8.69161 0.846026 0.259298 -0.0890084 -0.457255 1
-0.400385 -0.361976 1.53951 0.555782 0.728134 -0.401157 -0.826921 0.43459 -0.356839 -0.0854881 0.53005 0.843646 39.3892 -55.7837 8.74447 0.841727 0.263413 -0.0937562 -0.461864 1
-0.3989 -0.362192 1.53797 0.573108 0.728707 -0.374877 -0.811636 0.441606 -0.382402 -0.113111 0.523422 0.844533 40.8904 -54.2561 11.1647 0.845465 0.267848 -0.077403 -0.455472 1
-0.398408 -0.361882 1.53949 0.586077 0.722386 -0.366978 -0.80427 0.46371 -0.371648 -0.0983019 0.512964 0.852763 38.711 -53.5398 9.52152 0.851844 0.259617 -0.0788514 -0.448045 1
-0.399606 -0.362017 1.53997 0.576555 0.721287 -0.383835 -0.812401 0.455985 -0.363432 -0.087116 0.521366 0.848875 38.5558 -54.3311 8.59225 0.848737 0.260622 -0.0874001 -0.451756 1
-0.399663 -0.362282 1.53878 0.595719 0.714683 -0.366534 -0.79822 0.476086 -0.369035 -0.0892416 0.512416 0.854088 37.7808 -52.9605 8.51983 0.855262 0.257655 -0.0810548 -0.442234 1
-0.397982 -0.361975 1.53937 0.61555 0.71557 -0.330239 -0.78141 0.499687 -0.37378 -0.10245 0.488132 0.866736 36.7975 -51.3899 9.44944 0.863419 0.249564 -0.0659556 -0.433445 1
-0.39676 -0.361894 1.5376 0.6277 0.724629 -0.284441 -0.768645 0.519106 -0.373782 -0.123199 0.453257 0.882825 35.7558 -50.2324 11.1043 0.870292 0.237575 -0.0463184 -0.428958 1
-0.396294 -0.362493 1.53856 0.647599 0.712534 -0.27002 -0.751742 0.539538 -0.379187 -0.124497 0.448546 0.885046 35.0995 -48.7415 10.882 0.876382 0.236122 -0.0415123 -0.417705 1
-0.396221 -0.361455 1.53811 0.670554 0.689005 -0.275009 -0.736833 0.575469 -0.354841 -0.0862284 0.440575 0.893565 31.6585 -47.4623 7.32761 0.885944 0.224454 -0.0532709 -0.40235 1
-0.39531 -0.365098 1.54003 0.70988 0.645404 -0.282001 -0.702782 0.622603 -0.344185 -0.0465636 0.442515 0.895551 28.9345 -44.6506 3.75286 0.898337 0.218933 -0.0655204 -0.375189 1
-0.39954 -0.35994 1.53803 0.634421 0.674059 -0.378356 -0.772987 0.552841 -0.311219 -0.000609267 0.489909 0.871773 29.3771 -50.6229 0.055024 0.874505 0.229023 -0.107989 -0.413676 1
-0.398897 -0.360776 1.53773 0.610505 0.674045 -0.415869 -0.791561 0.536986 -0.291678 0.0267115 0.507257 0.861381 28.5098 -52.3317 -2.50527 0.867305 0.230292 -0.127573 -0.42246 1
-0.398371 -0.359612 1.53604 0.585961 0.67348 -0.450638 -0.809949 0.504026 -0.2999 0.0251569 0.540723 0.840824 30.753 -54.0909 -2.45835 0.855981 0.245515 -0.138962 -0.433254 1
-0.39828 -0.360066 1.53682 0.592172 0.673932 -0.441756 -0.805697 0.50446 -0.31044 0.0136331 0.539755 0.841711 31.6078 -53.6776 -1.31884 0.85708 0.247992 -0.132832 -0.43159 1
-0.399981 -0.361297 1.53795 0.555308 0.728757 -0.400684 -0.829261 0.448757 -0.333081 -0.062925 0.517234 0.853528 36.5839 -56.0229 6.46493 0.845221 0.251507 -0.0999025 -0.460832 1
-0.397299 -0.361471 1.53818 0.522075 0.780276 -0.344395 -0.846564 0.424944 -0.32055 -0.103769 0.458903 0.882406 37.0285 -57.8399 11.2417 0.841045 0.231692 -0.0715259 -0.483577 1
-0.398385 -0.359551 1.53643 0.46168 0.807932 -0.366194 -0.879011 0.361254 -0.311183 -0.119125 0.465555 0.876965 40.7414 -61.5233 14.4682 0.821569 0.236358 -0.075182 -0.51333 1
-0.403416 -0.366919 1.5357 0.425055 0.82626 -0.369626 -0.900509 0.344628 -0.265168 -0.0917143 0.445563 0.89054 37.5759 -64.2251 12.1761 0.81551 0.21788 -0.0851959 -0.529353 1
-0.405239 -0.37281 1.53475 0.398946 0.847729 -0.349568 -0.912769 0.330659 -0.239829 -0.0877226 0.414754 0.905695 35.9537 -65.8908 12.4012 0.81168 0.201614 -0.0806492 -0.542239 0
-0.401681 -0.367813 1.5362 0.401066 0.846723 -0.34958 -0.912337 0.334891 -0.235561 -0.0823836 0.413411 0.90681 35.1224 -65.8303 11.6077 0.81283 0.199603 -0.0821811 -0.54103 1
-0.39881 -0.365283 1.5373 0.385247 0.854576 -0.34826 -0.918849 0.320283 -0.23051 -0.0854468 0.408802 0.908614 35.7429 -66.7584 12.5056 0.808416 0.197705 -0.0812742 -0.548426 1
-0.396766 -0.353764 1.53935 0.30845 0.875816 -0.371221 -0.946086 0.241881 -0.215442 -0.0988967 0.41766 0.903205 41.6914 -71.1001 17.7772 0.783188 0.202091 -0.0869281 -0.581566 1
-0.395124 -0.350108 1.54068 0.400717 0.858304 -0.32053 -0.910145 0.332753 -0.246803 -0.105175 0.390627 0.914521 36.5644 -65.5254 14.7065 0.813632 0.19586 -0.066171 -0.543381 1
-0.39367 -0.343327 1.54166 0.431995 0.832001 -0.348074 -0.895148 0.348497 -0.277956 -0.109956 0.431653 0.895313 38.5753 -63.5275 14.2804 0.817894 0.216901 -0.0727837 -0.527925 1
-0.400111 -0.327097 1.54219 0.477101 0.795859 -0.372805 -0.876993 0.403585 -0.260773 -0.0570796 0.451363 0.890513 32.8681 -61.2817 6.82235 0.832346 0.213894 -0.0948301 -0.502451 1
-0.397267 -0.311666 1.54384 0.471166 0.791241 -0.389795 -0.879623 0.38878 -0.274066 -0.0653078 0.472003 0.879174 35.1815 -61.597 7.89143 0.827514 0.225395 -0.0980306 -0.504784 1
-0.398225 -0.294945 1.54757 0.44661 0.79439 -0.411683 -0.892963 0.366848 -0.260845 -0.0561872 0.484114 0.873199 35.4144 -63.2479 7.1706 0.819551 0.227246 -0.108442 -0.514718 1
-0.400843 -0.284541 1.54891 0.429311 0.79554 -0.427562 -0.902449 0.359116 -0.237953 -0.0357571 0.488008 0.872106 33.5288 -64.4818 4.76115 0.815557 0.222536 -0.120103 -0.5205 1
-0.402537 -0.285395 1.54831 0.41525 0.801339 -0.430608 -0.909695 0.363343 -0.201087 -0.00468046 0.475223 0.879853 28.9617 -65.4633 0.645779 0.815237 0.207397 -0.130615 -0.524705 1
-0.401629 -0.283472 1.54963 0.411921 0.802645 -0.431371 -0.911086 0.37089 -0.179898 0.0155971 0.46712 0.884056 25.8754 -65.6558 -2.16842 0.816527 0.1981 -0.13685 -0.524701 1
-0.399959 -0.281708 1.54893 0.397738 0.817339 -0.416847 -0.916841 0.371265 -0.146847 0.0347365 0.440589 0.897036 21.5804 -66.4686 -4.99127 0.8164 0.179886 -0.138285 -0.531045 1
-0.400541 -0.28192 1.54911 0.365718 0.836539 -0.407986 -0.930191 0.343378 -0.129755 0.0315484 0.426959 0.903721 20.7005 -68.4646 -4.93037 0.808211 0.172206 -0.135959 -0.546494 1
-0.400607 -0.282041 1.5497 0.332595 0.84504 -0.418674 -0.94307 0.298077 -0.147545 0.000115409 0.443911 0.896071 26.335 -70.5737 -0.0198814 0.794786 0.186043 -0.13173 -0.56245 1
-0.400825 -0.28235 1.54924 0.312386 0.852139 -0.41985 -0.949775 0.271549 -0.155528 -0.0185213 0.447347 0.894168 29.8016 -71.7638 3.39309 0.7871 0.191486 -0.127471 -0.572327 1
-0.401295 -0.281671 1.54924 0.293111 0.852192 -0.433422 -0.956077 0.262153 -0.131124 0.00188006 0.452818 0.891601 26.5733 -72.9554 -0.367499 0.782123 0.186653 -0.139141 -0.578 1
-0.400583 -0.281789 1.54952 0.227799 0.878907 -0.419082 -0.972873 0.187618 -0.135345 -0.0403283 0.438545 0.897804 35.8061 -76.624 10.0393 0.760464 0.188664 -0.124514 -0.608767 1
-0.400783 -0.282109 1.54975 0.161748 0.895394 -0.414858 -0.983669 0.112655 -0.140375 -0.0789555 0.430788 0.898993 51.2521 -79.6308 26.0189 0.737122 0.193714 -0.113924 -0.637297 1
-0.400867 -0.282331 1.5494 0.139736 0.898597 -0.415931 -0.986089 0.0880992 -0.140952 -0.0900157 0.42984 0.898407 57.9934 -80.4319 32.789 0.729082 0.195723 -0.111755 -0.646253 1
-0.413692 -0.285138 1.54839 0.177163 0.882221 -0.436234 -0.978379 0.109813 -0.175258 -0.106712 0.457851 0.882601 57.9295 -78.064 31.0621 0.736474 0.214912 -0.111858 -0.63159 1
-0.418825 -0.285915 1.54796 0.184034 0.886211 -0.425161 -0.972485 0.101304 -0.209788 -0.142846 0.452071 0.88047 64.2247 -76.5282 37.8184 0.735834 0.224867 -0.0959166 -0.631493 0
-0.419294 -0.285375 1.54919 0.179842 0.890918 -0.41704 -0.972299 0.0966475 -0.212823 -0.149302 0.443762 0.88362 65.5762 -76.4826 39.6989 0.734866 0.223369 -0.0910838 -0.633863 0
-0.419311 -0.28531 1.54906 0.171286 0.889631 -0.423342 -0.973268 0.0860588 -0.21294 -0.153006 0.448498 0.88059 67.9941 -76.7222 41.7737 0.731084 0.226184 -0.0924434 -0.637033 1
-0.420378 -0.286762 1.54646 0.166698 0.881555 -0.44167 -0.962817 0.0489541 -0.265682 -0.212591 0.469536 0.856937 79.5599 -74.3266 51.8992 0.719824 0.255346 -0.0795606 -0.640563 1
-0.420296 -0.287339 1.54486 0.153573 0.877871 -0.453605 -0.953297 0.0108038 -0.30184 -0.260076 0.478775 0.838532 87.9501 -72.4202 59.4385 0.707621 0.275789 -0.068373 -0.646946 1
-0.419867 -0.287186 1.54312 0.141952 0.875262 -0.462349 -0.954333 -0.00302514 -0.29873 -0.262866 0.48364 0.834862 90.5802 -72.6177 61.6301 0.702458 0.27844 -0.0709947 -0.65114 1
-0.419466 -0.287255 1.54107 0.125024 0.866247 -0.483719 -0.951238 -0.0339106 -0.306589 -0.281985 0.498463 0.819768 96.3116 -72.0336 66.0888 0.691173 0.29119 -0.072968 -0.657391 1
-0.419203 -0.286582 1.5385 0.112947 0.857769 -0.501473 -0.950551 -0.053671 -0.305897 -0.289304 0.511225 0.809291 99.9515 -71.9064 68.6739 0.683478 0.298884 -0.0776064 -0.661441 0
-0.419493 -0.287072 1.54059 0.164956 0.802011 -0.574081 -0.944991 -0.0381713 -0.32486 -0.282455 0.596089 0.751597 96.7016 -70.9075 59.7147 0.68527 0.33598 -0.106391 -0.637341 0
-0.418988 -0.286502 1.52703 0.230004 0.768377 -0.59724 -0.919051 -0.0303387 -0.39297 -0.320068 0.639278 0.699199 94.4147 -66.7877 54.2986 0.688997 0.374548 -0.100571 -0.612277 0
-0.41753 -0.286303 1.51698 0.276591 0.744572 -0.607545 -0.896373 -0.028013 -0.442414 -0.346428 0.666954 0.659666 93.623 -63.6854 51.3959 0.690696 0.40154 -0.0945122 -0.593946 0
-0.415734 -0.285969 1.51006 0.284162 0.734915 -0.615753 -0.883228 -0.0492287 -0.466353 -0.373043 0.67637 0.635109 96.0259 -62.0342 52.702 0.683747 0.417816 -0.0887425 -0.591645 0
-0.412552 -0.285479 1.50097 0.320491 0.718989 -0.616717 -0.860387 -0.0513996 -0.507043 -0.396257 0.693118 0.602136 95.7884 -59.3601 51.0342 0.683964 0.438678 -0.0805818 -0.577288 0
-0.411827 -0.284557 1.48287 0.457037 0.640316 -0.617343 -0.838194 0.0778549 -0.539787 -0.297571 0.764156 0.572291 81.7927 -56.9499 33.0676 0.725807 0.449136 -0.110144 -0.509264 0
-0.410261 -0.283753 1.47609 0.525251 0.606127 -0.597262 -0.811145 0.144485 -0.566717 -0.257207 0.782134 0.567548 75.6971 -54.2079 26.0903 0.747877 0.450893 -0.113673 -0.473765 0
-0.408757 -0.28269 1.47172 0.549871 0.580332 -0.600713 -0.801486 0.16419 -0.575032 -0.235079 0.797657 0.555411 74.0643 -53.2722 23.1475 0.753238 0.455596 -0.121354 -0.458626 0
-0.406727 -0.281059 1.46543 0.555948 0.551525 -0.621886 -0.801148 0.156124 -0.577744 -0.221549 0.819418 0.528649 74.8781 -53.2398 21.7276 0.748452 0.466684 -0.133722 -0.451823 0
-0.404659 -0.280556 1.45695 0.565211 0.517396 -0.642525 -0.789322 0.112772 -0.603534 -0.239807 0.848283 0.472132 79.4161 -52.1222 22.9905 0.733164 0.495052 -0.137322 -0.445575 0
-0.402485 -0.2797 1.44817 0.59597 0.472046 -0.64961 -0.759362 0.0682264 -0.647082 -0.261132 0.87893 0.399114 83.9811 -49.4079 23.6612 0.718211 0.531185 -0.135224 -0.428637 0
-0.399713 -0.276664 1.43514 0.640127 0.438814 -0.630619 -0.723874 0.0695055 -0.686422 -0.25738 0.895886 0.362138 84.2181 -46.3752 21.9039 0.719682 0.549655 -0.129654 -0.403889 0
-0.397452 -0.274378 1.42436 0.653498 0.435504 -0.619094 -0.703773 0.0484971 -0.708768 -0.278647 0.89888 0.338189 86.0857 -44.7305 23.093 0.714175 0.562764 -0.119175 -0.398809 0
-0.392277 -0.271176 1.40357 0.602834 0.548865 -0.579084 -0.599343 -0.167576 -0.782755 -0.526668 0.818941 0.227938 102.084 -36.8229 41.1422 0.644825 0.620981 -0.0203217 -0.445163 0
-0.390897 -0.269237 1.39696 0.569505 0.566957 -0.595167 -0.56487 -0.256065 -0.784444 -0.597148 0.782937 0.174427 108.078 -34.3933 46.3573 0.609891 0.642484 0.000812079 -0.463947 0
-0.385618 -0.264946 1.38043 0.575493 0.607434 -0.547569 -0.522656 -0.241793 -0.817537 -0.628998 0.756677 0.178328 106.476 -31.5106 47.5435 0.614823 0.640109 0.0331107 -0.459518 0
-0.378787 -0.259902 1.35585 0.60334 0.663826 -0.441946 -0.463079 -0.159547 -0.871839 -0.64926 0.730671 0.211143 100.37 -27.586 47.0995 0.643222 0.622845 0.0805767 -0.437993 0
-0.373217 -0.255444 1.3345 0.612918 0.70151 -0.363614 -0.422864 -0.0975181 -0.900931 -0.667471 0.705956 0.236873 96.1777 -25.0155 47.4397 0.661867 0.606952 0.114773 -0.424698 0
-0.370131 -0.253543 1.32206 0.596473 0.712956 -0.368664 -0.429075 -0.104938 -0.897153 -0.678317 0.693312 0.243319 96.6715 -25.4089 48.6735 0.658569 0.603758 0.117548 -0.433527 0
-0.366451 -0.251434 1.30831 0.573014 0.727728 -0.376917 -0.43494 -0.119765 -0.892459 -0.694609 0.675328 0.247891 97.6432 -25.7815 50.4793 0.652139 0.601017 0.121789 -0.445713 0
-0.362517 -0.24933 1.29157 0.564732 0.724122 -0.395885 -0.43425 -0.147189 -0.888686 -0.701787 0.673782 0.231328 99.4042 -25.7376 51.1762 0.642042 0.608398 0.119113 -0.45105 0
-0.367094 -0.250084 1.27688 0.571553 0.717108 -0.398851 -0.287206 -0.280497 -0.915879 -0.768661 0.638026 0.0456389 107.028 -16.6907 53.3666 0.578078 0.672014 0.159931 -0.434333 0
-0.376602 -0.264358 1.28346 0.41155 0.73711 -0.535999 -0.454016 -0.344131 -0.821854 -0.790251 0.581586 0.193033 112.72 -27.0017 62.4902 0.561349 0.625029 0.113232 -0.530475 1
-0.384859 -0.274945 1.28457 0.404922 0.694312 -0.594953 -0.48223 -0.390668 -0.784113 -0.776848 0.604408 0.176628 116.484 -28.8311 62.4698 0.545638 0.636192 0.0833406 -0.539067 1
-0.394985 -0.290327 1.28548 0.392588 0.62107 -0.678341 -0.519444 -0.458927 -0.720808 -0.758981 0.635341 0.142442 122.484 -31.295 62.6494 0.518677 0.653658 0.0388682 -0.549723 1
-0.407615 -0.307422 1.28533 0.376137 0.551248 -0.744746 -0.556022 -0.508675 -0.657335 -0.741188 0.661343 0.115175 127.734 -33.7812 63.0932 0.49564 0.665139 -0.00179426 -0.558505 1
-0.417079 -0.317817 1.2807 0.312941 0.664315 -0.678789 -0.594829 -0.420079 -0.685355 -0.740436 0.618239 0.263694 121.506 -36.5005 67.089 0.537716