-0.337669 -0.396541 1.45585 0.832489 0.553953 0.00996521 0.172164 -0.241551 -0.954993 -0.526614 0.796737 -0.29646 104.194 9.91367 32.3165 0.568876 0.769821 0.235807 -0.167782 0
-0.3372 -0.404884 1.45502 0.832466 0.554076 0.000228219 0.142493 -0.213689 -0.966454 -0.53544 0.804573 -0.256841 102.468 8.19212 32.749 0.58351 0.758781 0.229502 -0.176339 0
-0.338263 -0.414325 1.45575 0.833628 0.552103 -0.0157058 0.116797 -0.204004 -0.971978 -0.539836 0.808433 -0.234547 101.853 6.70729 32.9261 0.590567 0.753687 0.221876 -0.184275 0
-0.339602 -0.415545 1.45671 0.827369 0.560988 -0.0274314 0.11669 -0.219463 -0.968617 -0.549403 0.798203 -0.247038 102.766 6.7011 33.5856 0.583281 0.757276 0.223722 -0.190431 0
-0.341188 -0.417223 1.46664 0.857878 0.513837 -0.00407572 0.113003 -0.19639 -0.973993 -0.501274 0.835106 -0.226543 101.4 6.48843 30.2985 0.598946 0.755118 0.20753 -0.167308 0
-0.342438 -0.418751 1.47019 0.860879 0.508492 -0.0179707 0.087054 -0.181998 -0.979438 -0.501306 0.841614 -0.200944 100.527 4.99415 30.2131 0.607852 0.748969 0.198788 -0.173331 0
-0.342828 -0.420648 1.47574 0.855123 0.518182 -0.015915 0.0806645 -0.163315 -0.983271 -0.512112 0.839533 -0.181453 99.4304 4.62676 30.9164 0.614482 0.741601 0.201876 -0.178002 0
-0.343848 -0.423488 1.47893 0.817819 0.574777 -0.0283387 0.0369322 -0.101564 -0.994143 -0.574288 0.811983 -0.104289 95.8332 2.11654 35.0773 0.634816 0.711279 0.215003 -0.211811 0
-0.344316 -0.424394 1.48245 0.810218 0.58608 -0.00754647 0.0511855 -0.0835748 -0.995186 -0.58389 0.805931 -0.0977126 94.8004 2.934 35.7787 0.638148 0.705604 0.225788 -0.20955 0
-0.346087 -0.422393 1.48434 0.810026 0.577609 -0.101124 -0.0365481 -0.122385 -0.991809 -0.585254 0.807087 -0.0780248 97.0345 -2.09452 35.8486 0.634353 0.708949 0.190797 -0.242041 0
-0.346145 -0.421115 1.48857 0.838744 0.536076 -0.0955542 -0.0579731 -0.0865727 -0.994557 -0.541431 0.839719 -0.0415344 94.9749 -3.32348 32.8433 0.653957 0.701222 0.170453 -0.227098 0
-0.349092 -0.418611 1.50814 0.869666 0.485715 -0.0880993 -0.106376 0.0101228 -0.994274 -0.482042 0.874059 0.0604719 89.4167 -6.10645 28.9989 0.696466 0.670647 0.141408 -0.212534 0
-0.349953 -0.420007 1.51199 0.891572 0.444476 -0.0868372 -0.143482 0.09536 -0.985048 -0.42955 0.8907 0.148794 84.4706 -8.24936 25.7243 0.730706 0.641759 0.117254 -0.201161 0
-0.351492 -0.420261 1.51401 0.916572 0.3864 -0.102915 -0.188932 0.191645 -0.963108 -0.352422 0.902201 0.24866 78.7459 -10.8905 21.0318 0.767606 0.607509 0.0812616 -0.187379 0
-0.34946 -0.417159 1.51727 0.91217 0.385148 -0.140025 -0.258512 0.275649 -0.925845 -0.31799 0.880726 0.351004 73.4203 -14.9818 19.219 0.796684 0.566903 0.0558455 -0.201981 0
-0.347946 -0.409059 1.52403 0.885644 0.418273 -0.201697 -0.357089 0.335783 -0.871629 -0.296852 0.843977 0.446745 68.9315 -20.9215 18.5302 0.816727 0.525147 0.029127 -0.237338 0
-0.350629 -0.403588 1.53085 0.860597 0.434111 -0.266307 -0.455356 0.421702 -0.784104 -0.228086 0.796062 0.560591 61.728 -27.0878 14.844 0.843044 0.46859 -0.0113343 -0.263767 0
-0.351433 -0.393899 1.53899 0.833531 0.466657 -0.295733 -0.524375 0.499715 -0.689431 -0.173945 0.729737 0.661231 54.0646 -31.6262 11.7876 0.865228 0.410056 -0.0351895 -0.28635 0
-0.348102 -0.381069 1.54733 0.811336 0.50118 -0.300919 -0.571116 0.569722 -0.590969 -0.124741 0.651334 0.748467 46.0487 -34.8281 8.74066 0.884523 0.351122 -0.0497947 -0.303072 0
-0.343899 -0.364821 1.55664 0.787984 0.520356 -0.329106 -0.61322 0.615404 -0.495217 -0.0551556 0.592037 0.804021 38.8237 -37.8227 4.00394 0.895462 0.303546 -0.076483 -0.316478 0
-0.342188 -0.351439 1.56278 0.775102 0.548708 -0.313268 -0.631835 0.674377 -0.382101 0.00159931 0.494101 0.869403 29.5358 -39.1856 -0.118222 0.91089 0.240479 -0.0864176 -0.324008 0
-0.342111 -0.344406 1.56461 0.765796 0.565192 -0.306783 -0.639302 0.720745 -0.267993 0.0696446 0.401355 0.913271 20.3965 -39.7398 -5.19642 0.921929 0.181507 -0.102076 -0.326623 0
-0.3456 -0.347353 1.56119 0.772833 0.534123 -0.342697 -0.626012 0.730235 -0.273616 0.104104 0.425992 0.898717 20.5408 -38.7565 -7.67183 0.922196 0.189658 -0.121124 -0.314503 0
-0.346127 -0.346838 1.56015 0.777778 0.511188 -0.365715 -0.611796 0.749115 -0.254032 0.144104 0.421324 0.895388 18.7323 -37.7195 -10.4966 0.92497 0.182534 -0.137793 -0.303519 1
-0.34641 -0.346993 1.56222 0.798434 0.473406 -0.372008 -0.576444 0.779445 -0.245313 0.173827 0.410308 0.895227 17.4702 -35.2008 -12.2822 0.931814 0.175899 -0.146444 -0.281668 0
-0.345957 -0.347853 1.56246 0.808219 0.467892 -0.357574 -0.57056 0.772471 -0.278835 0.145751 0.429378 0.891287 19.8478 -34.7893 -10.2226 0.931662 0.19004 -0.135061 -0.278656 1
-0.345634 -0.349718 1.56179 0.795513 0.498308 -0.344744 -0.599712 0.728836 -0.330369 0.0866362 0.46956 0.87864 24.384 -36.8492 -6.21536 0.92236 0.216816 -0.116923 -0.297612 0
-0.345122 -0.348952 1.56132 0.790209 0.506631 -0.344811 -0.605491 0.732291 -0.311657 0.0946074 0.455054 0.885424 23.0542 -37.2642 -6.82722 0.923028 0.207662 -0.119016 -0.301216 0
-0.345864 -0.348461 1.56097 0.789757 0.506488 -0.346055 -0.604543 0.738277 -0.299124 0.103981 0.44544 0.889253 22.0561 -37.196 -7.50056 0.924295 0.201387 -0.121724 -0.300508 1
-0.344785 -0.346451 1.55606 0.771277 0.539466 -0.3378 -0.628265 0.730331 -0.268141 0.102053 0.419039 0.902215 20.1607 -38.9223 -7.53739 0.922473 0.186233 -0.119205 -0.316468 0
-0.344798 -0.345877 1.55494 0.765617 0.544017 -0.343331 -0.633371 0.730861 -0.254328 0.112569 0.412174 0.904124 19.1871 -39.2993 -8.36427 0.922036 0.180715 -0.123612 -0.319236 0
-0.345234 -0.346142 1.5545 0.756364 0.554667 -0.346782 -0.645195 0.719975 -0.255653 0.107872 0.417109 0.902432 19.5493 -40.1803 -8.11674 0.919072 0.183001 -0.123672 -0.326379 0
-0.345517 -0.345899 1.55534 0.750979 0.576355 -0.322251 -0.655509 0.709538 -0.258581 0.079615 0.405427 0.910654 20.0235 -40.9582 -6.0516 0.918037 0.180823 -0.109436 -0.335461 0
-0.346012 -0.347465 1.55622 0.78007 0.541373 -0.313697 -0.615415 0.754357 -0.228494 0.112939 0.371295 0.921621 16.8515 -37.9821 -8.23805 0.929522 0.161317 -0.114746 -0.311124 1
-0.344364 -0.346641 1.55625 0.825934 0.48729 -0.283518 -0.544757 0.819313 -0.178791 0.145167 0.302118 0.942153 12.3101 -33.0081 -9.96855 0.947022 0.126953 -0.113167 -0.272445 0
-0.34403 -0.345808 1.55483 0.825845 0.483818 -0.289656 -0.541586 0.823592 -0.168467 0.157051 0.296001 0.942188 11.5605 -32.7916 -10.7674 0.947579 0.122541 -0.117855 -0.270532 0
-0.344362 -0.345805 1.55621 0.828363 0.48193 -0.285584 -0.535216 0.831389 -0.149453 0.165406 0.27665 0.946628 10.1908 -32.3586 -11.2922 0.949524 0.112189 -0.118741 -0.267804 0
-0.345039 -0.345158 1.55697 0.819454 0.488407 -0.299922 -0.545293 0.82551 -0.145565 0.176494 0.282829 0.942793 10.0003 -33.0447 -12.1547 0.947069 0.113084 -0.125761 -0.272868 0
-0.345223 -0.346443 1.55668 0.833525 0.456353 -0.311413 -0.517767 0.841888 -0.152123 0.192753 0.288038 0.938019 10.2424 -31.1826 -13.0208 0.950451 0.115777 -0.132612 -0.256226 1
-0.343528 -0.348392 1.5551 0.865904 0.404853 -0.293775 -0.464455 0.868794 -0.171694 0.185719 0.285116 0.940328 11.1789 -27.6749 -12.1054 0.958518 0.119145 -0.125061 -0.226732 1
-0.340091 -0.352022 1.55528 0.872417 0.418796 -0.251988 -0.467817 0.864807 -0.182365 0.141547 0.276982 0.950392 11.9077 -27.8927 -9.21575 0.960158 0.119602 -0.102466 -0.230851 1
-0.339689 -0.352675 1.55482 0.88584 0.386254 -0.25709 -0.437728 0.879456 -0.186952 0.153888 0.278145 0.948132 12.0011 -25.959 -9.85507 0.963513 0.120677 -0.106635 -0.213796 1
-0.340915 -0.352755 1.55522 0.887389 0.358963 -0.289286 -0.421012 0.886667 -0.191235 0.187854 0.291493 0.937946 12.1711 -24.8985 -11.9526 0.963328 0.125276 -0.123826 -0.202417 0
-0.341231 -0.352893 1.55527 0.886486 0.343954 -0.309577 -0.41362 0.88893 -0.196779 0.20751 0.302489 0.93029 12.4821 -24.4325 -13.1746 0.962511 0.129679 -0.134307 -0.19677 0
-0.341799 -0.351626 1.55446 0.881025 0.345312 -0.323349 -0.422352 0.882052 -0.208815 0.213104 0.320538 0.922953 13.3189 -24.9832 -13.5977 0.959952 0.137859 -0.139708 -0.199923 0
-0.34451 -0.341231 1.55625 0.89998 0.338351 -0.274871 -0.396813 0.896903 -0.195204 0.180486 0.284752 0.941457 12.2785 -23.3791 -11.3399 0.966739 0.124117 -0.117756 -0.190114 0
-0.34426 -0.337215 1.55821 0.907762 0.34505 