-0.33698 -0.387961 1.45952 0.845428 0.53391 0.0138548 0.179311 -0.259307 -0.949004 -0.50309 0.804798 -0.314961 105.283 10.3296 30.7556 0.563729 0.777769 0.229252 -0.157256 0
-0.336974 -0.388012 1.46236 0.856562 0.515472 0.0242863 0.165171 -0.229272 -0.959246 -0.488896 0.825665 -0.281527 103.442 9.5072 29.7162 0.580035 0.769312 0.221186 -0.150982 0
-0.337889 -0.386706 1.46685 0.868663 0.49461 0.0280426 0.143497 -0.197032 -0.969839 -0.474166 0.846487 -0.242129 101.484 8.25026 28.6283 0.597809 0.759576 0.210021 -0.146833 0
-0.339875 -0.389233 1.47254 0.877877 0.477961 0.0297609 0.136569 -0.190303 -0.97218 -0.459 0.857519 -0.232337 101.076 7.84933 27.6029 0.603166 0.758373 0.202581 -0.1415 0
-0.350394 -0.391543 1.47941 0.892671 0.450298 0.0192641 0.125418 -0.207121 -0.970243 -0.432908 0.868523 -0.241366 102.05 7.20488 25.8715 0.600871 0.765042 0.188132 -0.13517 0
-0.360845 -0.391237 1.47861 0.914539 0.404176 0.0161276 0.109869 -0.209837 -0.971544 -0.38929 0.890287 -0.236311 102.188 6.30778 23.0579 0.605886 0.768226 0.167283 -0.121436 0
-0.365958 -0.393146 1.48397 0.933947 0.35543 0.0375764 0.124322 -0.224495 -0.966512 -0.335092 0.907343 -0.253854 103.076 7.14161 19.7376 0.603241 0.776578 0.154444 -0.0957778 0
-0.365255 -0.395882 1.49187 0.948761 0.313405 0.0403578 0.119857 -0.238749 -0.963656 -0.29238 0.919117 -0.264079 103.915 6.88388 17.1277 0.601235 0.782878 0.138356 -0.0804793 0
-0.365454 -0.396767 1.49598 0.95747 0.285969 0.0383718 0.110339 -0.240016 -0.964478 -0.266601 0.927693 -0.261362 103.975 6.33484 15.5595 0.603343 0.784036 0.126368 -0.072774 0
-0.36651 -0.396814 1.50136 0.959006 0.281711 0.0307586 0.100371 -0.236155 -0.966518 -0.265015 0.929984 -0.25475 103.73 5.76053 15.4478 0.605826 0.78261 0.122054 -0.0748317 0
-0.369585 -0.390774 1.51447 0.937867 0.345095 0.0362593 0.116475 -0.214657 -0.96972 -0.326862 0.913691 -0.241515 102.482 6.68873 19.2143 0.608625 0.773634 0.149157 -0.0939084 0
-0.371598 -0.392151 1.52204 0.930952 0.363006 0.0394422 0.123084 -0.210277 -0.969863 -0.343772 0.90775 -0.240438 102.233 7.07013 20.2676 0.608325 0.771633 0.157487 -0.0985993 0
-0.378592 -0.398729 1.5517 0.942222 0.331188 0.0503156 0.135164 -0.238432 -0.961707 -0.306509 0.912943 -0.269421 103.924 7.76812 18.0199 0.598826 0.782636 0.148968 -0.0818368 0
-0.378334 -0.401126 1.56615 0.953969 0.296114 0.0475324 0.120685 -0.233943 -0.964731 -0.27455 0.92606 -0.258911 103.631 6.93163 16.0557 0.604383 0.782116 0.133228 -0.0725652 0
-0.380432 -0.400566 1.57814 0.963891 0.261904 0.0481601 0.103321 -0.201133 -0.9741 -0.245434 0.943902 -0.220931 101.667 5.93045 14.2856 0.620852 0.772327 0.118222 -0.063857 0
-0.383431 -0.396818 1.58958 0.967307 0.249007 0.0480958 0.0965781 -0.186324 -0.97773 -0.2345 0.95041 -0.204281 100.789 5.54216 13.6271 0.627834 0.767775 0.112528 -0.0606964 0
-0.387318 -0.386259 1.60534 0.96979 0.237742 0.0546484 0.0999846 -0.183045 -0.978007 -0.222511 0.953925 -0.201286 100.601 5.73828 12.9224 0.629575 0.767157 0.110058 -0.0547027 0
-0.390078 -0.379147 1.61772 0.971802 0.230915 0.0477442 0.0942757 -0.194901 -0.976282 -0.216133 0.953253 -0.211175 101.29 5.40963 12.5387 0.625645 0.771018 0.105442 -0.0545995 0
-0.39291 -0.380468 1.62709 0.970739 0.230519 0.0672756 0.118513 -0.216239 -0.969121 -0.208853 0.948737 -0.237231 102.578 6.8063 12.142 0.615888 0.778494 0.112086 -0.0454653 0
-0.394644 -0.383012 1.63468 0.9712 0.230204 0.0614516 0.113343 -0.219511 -0.969004 -0.209579 0.948062 -0.239281 102.764 6.50809 12.1774 0.6149 0.779422 0.110193 -0.0475121 0
-0.395858 -0.385396 1.64123 0.973582 0.221782 0.0543259 0.103812 -0.218013 -0.970409 -0.203376 0.950412 -0.235277 102.662 5.95875 11.7991 0.6165 0.778921 0.104502 -0.0478386 0
-0.397409 -0.38695 1.64804 0.976135 0.212572 0.0444176 0.0915271 -0.217229 -0.97182 -0.196933 0.952693 -0.231501 102.6 5.25146 11.4062 0.617941 0.778599 0.097643 -0.0489711 0
-0.408755 -0.396626 1.67883 0.952436 0.296176 0.0717249 0.13581 -0.201842 -0.969956 -0.272801 0.933563 -0.232465 101.755 7.80549 15.983 0.616062 0.772454 0.13981 -0.065077 0
-0.418657 -0.39734 1.69433 0.946301 0.320627 0.0413954 0.100518 -0.170107 -0.980285 -0.307264 0.931806 -0.193201 99.8444 5.769 17.9886 0.629085 0.75987 0.138558 -0.0874717 0
-0.432432 -0.396353 1.70713 0.944177 0.32917 0.0132839 0.0652272 -0.147266 -0.986944 -0.322916 0.932716 -0.160516 98.4867 3.7399 18.8811 0.639608 0.750327 0.131408 -0.103166 0
-0.450882 -0.392246 1.71828 0.950099 0.311044 -0.0237424 0.00725854 -0.0981323 -0.995147 -0.311865 0.945316 -0.0954931 95.6318 0.415888 18.1721 0.66266 0.732073 0.108699 -0.114608 0
-0.466858 -0.385359 1.71627 0.967914 0.24481 -0.0566701 -0.00409788 -0.210115 -0.977668 -0.25125 0.94653 -0.20237 102.129 -0.234792 14.5516 0.623584 0.771427 0.0780087 -0.0997892 0
-0.480297 -0.38065 1.70892 0.972966 0.200256 -0.115045 -0.0601242 -0.261329 -0.963375 -0.222986 0.944248 -0.242224 105.177 -3.44694 12.9082 0.606097 0.786848 0.0445231 -0.1074 0
-0.483998 -0.377937 1.69784 0.97433 0.194933 -0.112613 -0.0609097 -0.253306 -0.965467 -0.216727 0.947543 -0.23493 104.701 -3.49203 12.5405 0.609527 0.784628 0.0427029 -0.104935 0
-0.48366 -0.376721 1.68883 0.97509 0.192566 -0.110079 -0.05409 -0.274862 -0.959961 -0.215113 0.942003 -0.2576 105.978 -3.10064 12.4406 0.600547 0.791763 0.0437241 -0.10268 0
-0.485334 -0.376743 1.68151 0.98549 0.164813 -0.0405605 0.00709332 -0.278753 -0.960337 -0.169583 0.946115 -0.275877 106.186 0.406421 9.76379 0.598093 0.796888 0.0539306 -0.0659262 0
-0.484944 -0.37663 1.68148 0.979318 0.195417 -0.0524213 0.00699105 -0.291622 -0.956508 -0.202205 0.936359 -0.286957 106.956 0.400561 11.6662 0.591764 0.799671 0.0632784 -0.0796033 0
-0.484817 -0.376642 1.67887 0.966921 0.243651 -0.0754788 0.0070109 -0.321183 -0.946991 -0.254978 0.915137 -0.312267 108.735 0.401698 14.7727 0.57738 0.806283 0.0777215 -0.102463 0
-0.484778 -0.377701 1.68021 0.970914 0.234855 -0.0465733 0.0324848 -0.321934 -0.946205 -0.237215 0.91717 -0.320199 108.79 1.86157 13.7296 0.576364 0.808246 0.0826914 -0.087779 0
-0.484283 -0.378875 1.67773 0.96141 0.265131 -0.0734631 0.0323441 -0.374093 -0.926827 -0.273212 0.888684 -0.368232 111.98 1.85351 15.864 0.552061 0.822152 0.0904562 -0.105417 0
-0.484733 -0.378497 1.67604 0.96707 0.243401 -0.0743797 0.0247094 -0.380653 -0.924388 -0.25331 0.892109 -0.374132 112.381 1.41589 14.6781 0.550519 0.824902 0.0812553 -0.0993117 0
-0.48578 -0.380678 1.67464 0.973594 0.209051 -0.091715 0.0171774 -0.467704 -0.883718 -0.227637 0.858808 -0.458945 117.89 0.984239 13.16 0.511602 0.851505 0.0664201 -0.0937611 0
-0.486387 -0.384114 1.67495 0.983076 0.145649 -0.11112 -0.000641499 -0.603821 -0.79712 -0.183196 0.783701 -0.593508 127.144 -0.0367552 10.556 0.443212 0.891685 0.0406554 -0.082517 0
-0.486127 -0.38222 1.67069 0.983894 0.0924491 -0.152987 -0.0612077 -0.629884 -0.774274 -0.167945 0.771168 -0.614081 129.129 -3.50914 9.68671 0.430096 0.898312 0.00869447 -0.0893155 0
-0.486351 -0.381011 1.67297 0.985287 0.0308915 -0.168091 -0.108056 -0.649402 -0.752729 -0.132411 0.759818 -0.63651 130.785 -6.20324 7.65404 0.418143 0.904323 -0.021332 -0.0830738 0
-0.486629 -0.381137 1.67305 0.981525 0.107062 -0.158578 -0.0631595 -0.601045 -0.796716 -0.18061 0.792012 -0.583178 127.031 -3.62118 10.4264 0.446459 0.889627 0.0123373 -0.0953175 0
-0.486047 -0.38005 1.67351 0.979409 0.122843 -0.160209 -0.0593323 -0.583377 -0.810031 -0.192969 0.802858 -0.564077 125.761 -3.40149 11.146 0.456058 0.884147 0.0179581 -0.0998639 0
-0.486515 -0.379142 1.67564 0.97795 0.125093 -0.167227 -0.0676528 -0.567804 -0.820379 -0.197576 0.813604 -0.546821 124.688 -3.87918 11.4218 0.464577 0.879286 0.0163315 -0.103721 0
-0.484845 -0.380216 1.67627 0.980819 0.092936 -0.171339 -0.0873793 -0.576114 -0.812686 -0.174239 0.812069 -0.556942 125.333 -5.01286 10.0733 0.46037 0.882309 0.00157446 -0.0979186 0
-0.48595 -0.380567 1.67568 0.977609 0.122069 -0.171408 -0.0650811 -0.599228 -0.797928 -0.200115 0.791217 -0.577867 126.906 -3.73151 11.5685 0.447357 0.888074 0.0160426 -0.104587 0
-0.48644 -0.381535 1.67561 0.974406 0.158097 -0.159808 -0.035729 -0.592946 -0.804449 -0.221938 0.78957 -0.572122 126.393 -2.04756 12.8312 0.449816 0.885928 0.0345309 -0.107725 0
-0.486699 -0.379092 1.67484 0.968412 0.189389 -0.162206 -0.0224513 -0.58163 -0.813144 -0.248344 0.7911 -0.559005 125.576 -1.28647 14.3833 0.454911 0.881624 0.0473382 -0.116419 0
-0.485659 -0.379254 1.67617 0.965276 0.197003 -0.171558 -0.0315882 -0.563884 -0.82525 -0.259315 0.802013 -0.538081 124.344 -1.81017 15.0371 0.464573 0.875677 0.0472247 -0.123011 0
-0.486004 -0.379003 1.67453 0.969401 0.179892 -0.167035 -0.037574 -0.563684 -0.825135 -0.242591 0.806163 -0.539677 124.339 -2.15334 14.0496 0.465306 0.876465 0.0405944 -0.116841 0
-0.486224 -0.380284 1.67354 0.976808 0.151659 -0.151149 -0.0368515 -0.576305 -0.816403 -0.210923 0.803039 -0.557351 125.219 -2.11192 12.1848 0.459117 0.881825 0.0325482 -0.102648 0
-0.48615 -0.380002 1.67248 0.978754 0.135295 -0.154062 -0.0487727 -0.576193 -0.815857 -0.19915 0.806038 -0.557352 125.231 -2.79558 11.5012 0.459676 0.882085 0.024522 -0.100107 0
-0.486121 -0.37966 1.67368 0.97289 0.155829 -0.17089 -0.0507119 -0.577196 -0.81503 -0.225642 0.8016 -0.553645 125.306 -2.90683 13.0577 0.458816 0.88087 0.0298332 -0.11254 0
-0.486465 -0.379331 1.67427 0.965359 0.200968 -0.166417 -0.0139017 -0.597274 -0.801917 -0.260556 0.776451 -0.573789 126.679 -0.796536 15.1046 0.445616 0.885497 0.0528139 -0.120546 0
-0.485911 -0.379301 1.67382 0.960311 0.21786 -0.174181 -0.0131107 -0.588515 -0.80838 -0.278622 0.77858 -0.562301 126.055 -0.751209 16.1794 0.44986 0.881919 0.0580409 -0.128357 0
-0.486021 -0.37884 1.67244 0.954988 0.247057 -0.164195 0.0123171 -0.586058 -0.810176 -0.296387 0.771686 -0.562721 125.881 0.705735 17.2421 0.448946 0.880876 0.0736125 -0.130717 0
-0.485656 -0.379314 1.67279 0.950965 0.265308 -0.158987 0.027784 -0.585224 -0.810396 -0.308047 0.766241 -0.563899 125.835 1.59211 17.9488 0.447728 0.880353 0.0832313 -0.132627 0
-0.485844 -0.378912 1.67304 0.934728 0.31442 -0.165601 0.0568938 -0.592402 -0.803631 -0.35078 0.741755 -0.571623 126.396 3.26154 20.5699 0.438949 0.880164 0.105467 -0.146672 0
-0.485732 -0.378622 1.67196 0.919774 0.356465 -0.164159 0.0815006 -0.582673 -0.80861 -0.383892 0.73036 -0.564979 125.776 4.67482 22.6545 0.439352 0.875703 0.125033 -0.15646 0
-0.484976 -0.378235 1.66972 0.901316 0.401682 -0.162114 0.106426 -0.568141 -0.81602 -0.419885 0.718239 -0.554824 124.847 6.10934 24.9788 0.441121 0.869523 0.146088 -0.167333 0
-0.485733 -0.37948 1.66889 0.897001 0.414191 -0.154389 0.131828 -0.584047 -0.800943 -0.421914 0.698094 -0.578493 126.1 7.57526 25.1904 0.428503 0.874577 0.156081 -0.164738 0
-0.485683 -0.380693 1.66769 0.894229 0.423106 -0.146066 0.157703 -0.603212 -0.781835 -0.418908 0.676104 -0.606135 127.651 9.0736 25.1011 0.413788 0.880848 0.164844 -0.16035 0
-0.485321 -0.380367 1.66594 0.892895 0.426827 -0.143378 0.161538 -0.600894 -0.782835 -0.420291 0.675829 -0.605484 127.509 9.29619 25.2066 0.414281 0.880238 0.167104 -0.16009 0
-0.485329 -0.380712 1.66649 0.88496 0.441924 -0.146799 0.168917 -0.598417 -0.783176 -0.433951 0.668282 -0.604224 127.383 9.72489 26.1216 0.413013 0.878578 0.173815 -0.165253 0
-0.48549 -0.380131 1.66635 0.88435 0.445162 -0.140554 0.186774 -0.613343 -0.767415 -0.427831 0.652412 -0.625555 128.633 10.7646 25.8168 0.4017 0.883636 0.178789 -0.160809 0
-0.485721 -0.380994 1.66815 0.883301 0.445989 -0.144474 0.182916 -0.611617 -0.769718 -0.431649 0.653466 -0.62182 128.471 10.5397 26.0437 0.403071 0.882714 0.178117 -0.163168 0
-0.485893 -0.381157 1.66914 0.885963 0.438463 -0.151059 0.169172 -0.608846 -0.77504 -0.431798 0.661102 -0.613591 128.152 9.73967 25.9836 0.407286 0.881533 0.172323 -0.165297 0
-0.48486 -0.380811 1.67029 0.888837 0.394783 -0.232628 0.154563 -0.736223 -0.658852 -0.43137 0.549656 -0.715401 138.174 8.89145 25.8882 0.33061 0.913846 0.150284 -0.181649 0
-0.484745 -0.381494 1.6688 0.901672 0.349639 -0.254441 0.141914 -0.795087 -0.589658 -0.40847 0.49557 -0.766526 143.438 8.1586 24.3712 0.291573 0.930495 0.132067 -0.178107 0
-0.484126 -0.380891 1.66582 0.909966 0.327398 -0.254505 0.127492 -0.804886 -0.579573 -0.394598 0.494944 -0.774159 144.244 7.32471 23.4435 0.287629 0.933945 0.121766 -0.173753 0
-0.483559 -0.38096 1.66494 0.916619 0.308373 -0.254394 0.110223 -0.80665 -0.58066 -0.384267 0.504204 -0.773381 144.252 6.32818 22.7445 0.290081 0.934967 0.111928 -0.170771 0
-0.483429 -0.38075 1.66469 0.924378 0.273823 -0.265607 0.0733176 -0.810799 -0.580715 -0.374367 0.517326 -0.76956 144.389 4.20456 22.0476 0.293266 0.936047 0.0927145 -0.170925 0
-0.483603 -0.381039 1.66538 0.941545 0.207045 -0.265755 0.0184762 -0.819401 -0.572923 -0.336381 0.534523 -0.775328 145.039 1.05867 19.66 0.294455 0.940249 0.0599632 -0.1601 0
-0.484001 -0.38135 1.66622 0.95707 0.107325 -0.269254 -0.062438 -0.830781 -0.553087 -0.283051 0.546154 -0.788414 146.347 -3.57976 16.4755 0.290635 0.945551 0.0118679 -0.146028 0
-0.483786 -0.380775 1.66455 0.949596 0.176921 -0.258779 -0.000398928 -0.824829 -0.565381 -0.313476 0.536987 -0.783184 145.571 -0.0228569 18.2688 0.292225 0.943081 0.046794 -0.151698 0
-0.48352 -0.380626 1.6634 0.948901 0.178518 -0.260226 -0.00223223 -0.820797 -0.571215 -0.315565 0.542608 -0.778457 145.165 -0.127897 18.3949 0.295655 0.941827 0.0467934 -0.152839 0
-0.483427 -0.380897 1.66511 0.951376 0.139169 -0.274801 -0.0486441 -0.813046 -0.580164 -0.304167 0.565321 -0.766743 144.49 -2.7882 17.7297 0.30479 0.93957 0.0240868 -0.154051 0
-0.483624 -0.380541 1.66478 0.957226 0.0860448 -0.27625 -0.0941078 -0.81026 -0.578465 -0.273609 0.579719 -0.767505 144.476 -5.39997 15.9518 0.308002 0.940079 -0.00214421 -0.146227 0
-0.482905 -0.381153 1.66511 0.964667 0.0389593 -0.260576 -0.125072 -0.802756 -0.583044 -0.231894 0.595034 -0.769519 144.009 -7.18491 13.5167 0.313206 0.940338 -0.022894 -0.130929 0
-0.482393 -0.380537 1.66455 0.961777 -0.0330957 -0.271827 -0.19382 -0.78351 -0.590377 -0.19344 0.620497 -0.759977 143.002 -11.1758 11.3721 0.323377 0.936118 -0.0606001 -0.124254 0
-0.482792 -0.380342 1.66441 0.962121 -0.0436135 -0.269113 -0.20444 -0.768456 -0.606366 -0.180355 0.638414 -0.748264 141.724 -11.7967 10.6172 0.333692 0.932583 -0.0664963 -0.12049 0
-0.482593 -0.380847 1.66464 0.956693 -0.118684 -0.265806 -0.25974 -0.7603 -0.595381 -0.13143 0.638637 -0.758201 141.936 -15.0546 7.82231 0.33098 0.932094 -0.101498 -0.106544 0
-0.482825 -0.380648 1.6657 0.966848 -0.00619993 -0.255276 -0.165302 -0.777164 -0.607199 -0.194627 0.629267 -0.752425 141.999 -9.51476 11.3815 0.330628 0.934938 -0.0458591 -0.120303 0
-0.48266 -0.380536 1.66342 0.935571 -0.232348 -0.265935 -0.347822 -0.736483 -0.580184 -0.0610524 0.635301 -0.769848 141.77 -20.3541 3.73365 0.327582 0.927618 -0.15636 -0.0881257 0
-0.483156 -0.380014 1.6638 0.873475 -0.42871 -0.230758 -0.469168 -0.614532 -0.634217 0.130087 0.662237 -0.737915 134.097 -27.9803 -8.47083 0.360911 0.898043 -0.249954 -0.0280251 0
-0.48283 -0.379973 1.66274 0.853 -0.460132 -0.246311 -0.497765 -0.575355 -0.648997 0.156908 0.676199 -0.719816 131.558 -29.8523 -10.423 0.37344 0.887154 -0.269935 -0.0251935 0
-0.482286 -0.380177 1.66326 0.834321 -0.482562 -0.266537 -0.531697 -0.576664 -0.620288 0.145625 0.659237 -0.737699 132.913 -32.1202 -9.90085 0.360541 0.887227 -0.285795 -0.0340702 0
-0.483356 -0.3801 1.66461 0.810896 -0.517695 -0.272835 -0.568779 -0.587607 -0.575507 0.137617 0.62186 -0.770942 135.596 -34.6651 -9.63191 0.336284 0.890147 -0.305139 -0.0379763 0
-0.482555 -0.380535 1.6637 0.787127 -0.556519 -0.265929 -0.591775 -0.55986 -0.579965 0.173878 0.613876 -0.770015 133.989 -36.2831 -12.4567 0.338102 0.882752 -0.325203 -0.0260695 0
-0.483302 -0.380602 1.66432 0.772469 -0.574169 -0.271332 -0.609668 -0.550904 -0.569921 0.177754 0.605669 -0.775609 134.028 -37.5655 -12.9588 0.3339 0.880196 -0.336242 -0.0265787 0
-0.482586 -0.380911 1.66444 0.77246 -0.572349 -0.275177 -0.609347 -0.54593 -0.575027 0.178889 0.611864 -0.770468 133.513 -37.5423 -13.0389 0.337662 0.878757 -0.336184 -0.0273931 0
-0.48288 -0.380585 1.66585 0.792101 -0.557673 -0.248145 -0.574845 -0.544844 -0.61049 0.205253 0.626215 -0.752148 131.748 -35.0888 -14.5273 0.35182 0.878791 -0.322181 -0.012202 0
-0.482913 -0.380111 1.66507 0.777095 -0.578624 -0.247625 -0.583783 -0.515629 -0.627156 0.235205 0.631919 -0.738483 129.426 -35.7171 -16.8396 0.361588 0.870518 -0.333826 -0.00356699 0
-0.482456 -0.38012 1.66262 0.761506 -0.59796 -0.250105 -0.594557 -0.490783 -0.636894 0.25809 0.633701 -0.729255 127.617 -36.4811 -18.7226 0.367923 0.863357 -0.345314 0.00231219 0
-0.482653 -0.379554 1.66273 0.748924 -0.608919 -0.261402 -0.616566 -0.495779 -0.611596 0.242814 0.61921 -0.746739 129.029 -38.0658 -17.9636 0.355811 0.864789 -0.354273 -0.00537337 0
-0.483361 -0.380491 1.66398 0.75305 -0.606943 -0.25404 -0.621967 -0.530694 -0.575779 0.214648 0.591594 -0.777137 132.667 -38.4599 -15.9096 0.333623 0.874769 -0.35121 -0.0112577 0
-0.483193 -0.380656 1.66388 0.760431 -0.593907 -0.262717 -0.619788 -0.542897 -0.56668 0.193927 0.593749 -0.780932 133.772 -38.3007 -14.3067 0.33038 0.878103 -0.345545 -0.0195848 0
-0.482979 -0.380241 1.6637 0.753501 -0.598962 -0.271072 -0.627516 -0.532231 -0.568291 0.196112 0.59831 -0.776895 133.123 -38.8671 -14.5886 0.333308 0.875018 -0.350415 -0.0214168 0
-0.482896 -0.380485 1.66397 0.731696 -0.627858 -0.265358 -0.639972 -0.49877 -0.58452 0.234643 0.597513 -0.76676 130.474 -39.7897 -17.7802 0.341382 0.865625 -0.36616 -0.00887087 0
-0.483029 -0.380589 1.66485 0.722847 -0.637317 -0.267056 -0.645477 -0.484789 -0.590202 0.24668 0.599004 -0.761802 129.4 -40.2015 -18.8428 0.345056 0.861603 -0.372212 -0.00591226 0
-0.482872 -0.380755 1.66395 0.662439 -0.699511 -0.268065 -0.692071 -0.434505 -0.576405 0.286726 0.567353 -0.771945 127.01 -43.7943 -23.4046 0.337635 0.84689 -0.410792 0.00550884 0
-0.483219 -0.380111 1.66281 0.618471 -0.743944 -0.253064 -0.705441 -0.383762 -0.595885 0.346189 0.547059 -0.762154 122.782 -44.8652 -29.2379 0.343713 0.831322 -0.435867 0.0280051 0
-0.482979 -0.381092 1.66477 0.565319 -0.789296 -0.239637 -0.724211 -0.33585 -0.602265 0.394884 0.514019 -0.761479 119.146 -46.4032 -34.9349 0.342049 0.815881 -0.463765 0.0475704 0
-0.482955 -0.380796 1.66416 0.556249 -0.797213 -0.234603 -0.724588 -0.327056 -0.606635 0.406889 0.507431 -0.759576 118.33 -46.4346 -36.185 0.342643 0.812847 -0.468047 0.0529886 0
-0.482394 -0.380901 1.66421 0.560169 -0.790583 -0.247364 -0.722966 -0.320807 -0.611885 0.404389 0.521595 -0.751271 117.668 -46.2999 -35.8257 0.349318 0.81121 -0.466448 0.0483921 0
-0.482756 -0.380558 1.66417 0.560177 -0.790723 -0.246897 -0.719613 -0.316879 -0.617855 0.410316 0.523779 -0.746523 117.152 -46.0225 -36.2219 0.352411 0.809873 -0.466226 0.0504458 0
-0.483007 -0.380444 1.66413 0.548619 -0.799795 -0.243608 -0.719323 -0.30302 -0.625103 0.426136 0.518176 -0.741553 115.862 -45.9986 -37.838 0.354981 0.80517 -0.471676 0.0566737 0
-0.482607 -0.380511 1.66527 0.586105 -0.767414 -0.259915 -0.707029 -0.327746 -0.626652 0.395716 0.551052 -0.734678 117.61 -44.9937 -34.0257 0.361829 0.813715 -0.452997 0.0417225 0
-0.482444 -0.380729 1.66551 0.56194 -0.785335 -0.259755 -0.718506 -0.307832 -0.623689 0.409844 0.537111 -0.737251 116.269 -45.9313 -36.1047 0.359464 0.807314 -0.465693 0.0464779 0
-0.48224 -0.381393 1.66545 0.585351 -0.767043 -0.262697 -0.724621 -0.349578 -0.593902 0.363715 0.537997 -0.760441 120.482 -46.4373 -31.8553 0.344722 0.820879 -0.454288 0.0307652 0
-0.482959 -0.381207 1.66484 0.61621 -0.742252 -0.263338 -0.713749 -0.384955 -0.585126 0.332937 0.548518 -0.766995 123.341 -45.5408 -28.3823 0.340683 0.831889 -0.437558 0.0209159 0
-0.483043 -0.381528 1.66545 0.596317 -0.764772 -0.243985 -0.715813 -0.369014 -0.592823 0.363341 0.528159 -0.767484 121.901 -45.7099 -31.3543 0.33905 0.826562 -0.447815 0.0361001 0
-0.483282 -0.381511 1.66582 0.597212 -0.765642 -0.239022 -0.709531 -0.365329 -0.602578 0.374037 0.52946 -0.761425 121.227 -45.1968 -32.0591 0.342949 0.825222 -0.446902 0.0409026 0
-0.483149 -0.380695 1.66571 0.605877 -0.75724 -0.243927 -0.694673 -0.354127 -0.626117 0.38774 0.5488 -0.740592 119.492 -44.0012 -32.6178 0.357476 0.821675 -0.441754 0.0437559 0
-0.48268 -0.380749 1.66474 0.601751 -0.757795 -0.252274 -0.699851 -0.348096 -0.623729 0.384843 0.551884 -0.739811 119.165 -44.415 -32.6005 0.358415 0.820009 -0.444399 0.0404168 0
-0.482766 -0.381143 1.66499 0.541654 -0.799514 -0.259591 -0.744241 -0.312557 -0.590265 0.390788 0.512918 -0.76433 117.902 -48.094 -35.8094 0.340869 0.809095 -0.477 0.0405382 0
-0.482454 -0.380965 1.66335 0.520675 -0.815794 -0.251749 -0.750403 -0.296664 -0.590666 0.407177 0.496458 -0.76664 116.668 -48.6253 -38.026 0.338146 0.803738 -0.48716 0.0483453 0
-0.482987 -0.380369 1.66253 0.503956 -0.821543 -0.266637 -0.766045 -0.282522 -0.57737 0.399004 0.495225 -0.771718 116.074 -50 -38.3702 0.335304 0.799718 -0.496296 0.0413792 0
-0.482553 -0.381638 1.66466 0.442121 -0.862194 -0.247287 -0.776799 -0.230214 -0.586161 0.448455 0.451247 -0.771534 111.442 -50.9684 -45.4075 0.331803 0.781644 -0.524213 0.0643413 0
-0.482216 -0.381719 1.66518 0.412579 -0.872015 -0.263378 -0.790619 -0.19919 -0.579003 0.452437 0.447116 -0.771614 108.984 -52.2434 -47.6382 0.332331 0.77191 -0.53848 0.0612309 0
-0.482406 -0.381192 1.66506 0.405131 -0.870644 -0.279012 -0.795401 -0.185176 -0.577103 0.450785 0.455728 -0.767532 107.79 -52.6931 -48.0532 0.336312 0.767763 -0.5425 0.055933 0
-0.483304 -0.380388 1.66409 0.353882 -0.895921 -0.268503 -0.800964 -0.142069 -0.581612 0.482933 0.420883 -0.767876 103.727 -53.2223 -53.7669 0.333143 0.752301 -0.563898 0.071258 0
-0.483026 -0.380571 1.66382 0.303993 -0.915364 -0.264002 -0.806674 -0.0998994 -0.582492 0.506819 0.390037 -0.768769 99.7317 -53.7722 -59.0444 0.329896 0.736998 -0.58414 0.082367 0
-0.482549 -0.380085 1.66381 0.279514 -0.926012 -0.253721 -0.789764 -0.0714615 -0.609234 0.546026 0.370669 -0.751305 96.6901 -52.1635 -62.8919 0.337915 0.724962 -0.591678 0.1008 0
-0.482973 -0.379767 1.66328 0.287658 -0.923431 -0.254022 -0.78514 -0.0754837 -0.614701 0.54846 0.376267 -0.746736 97.0007 -51.7336 -62.3237 0.341115 0.726271 -0.588131 0.101352 0
-0.483156 -0.380281 1.66426 0.283873 -0.925569 -0.250474 -0.785867 -0.0749105 -0.613842 0.54939 0.371093 -0.748639 96.9577 -51.8009 -62.6743 0.339236 0.725848 -0.589461 0.102954 0
-0.48247 -0.380319 1.66416 0.254939 -0.922901 -0.288548 -0.818009 -0.0467182 -0.573306 0.515624 0.382193 -0.766851 94.6587 -54.8859 -63.6909 0.332178 0.719116 -0.605226 0.0789429 0
-0.483459 -0.380549 1.66361 0.269008 -0.923117 -0.274756 -0.825392 -0.0739419 -0.559697 0.496349 0.377344 -0.781824 97.5258 -55.6283 -61.5435 0.321419 0.72883 -0.599765 0.0760101 0
-0.483006 -0.380376 1.66256 0.281003 -0.920821 -0.270419 -0.820484 -0.0843369 -0.565415 0.497839 0.380758 -0.779217 98.4837 -55.1332 -60.5577 0.323051 0.732215 -0.594533 0.0776479 0
-0.483059 -0.380055 1.66206 0.317967 -0.914346 -0.250736 -0.800026 -0.116837 -0.588479 0.508778 0.387712 -0.768651 101.229 -53.1326 -57.9962 0.328816 0.742202 -0.577461 0.0869179 0
-0.482142 -0.380051 1.66235 0.330963 -0.905248 -0.266439 -0.795863 -0.116069 -0.594247 0.507015 0.408723 -0.758868 101.052 -52.7369 -56.8648 0.337648 0.742614 -0.572677 0.0809899 0
-0.482884 -0.379796 1.66344 0.33709 -0.905194 -0.258833 -0.779764 -0.114372 -0.615538 0.527578 0.40932 -0.744391 100.526 -51.239 -57.424 0.345806 0.74092 -0.568535 0.0906796 0
-0.482604 -0.380161 1.66322 0.366608 -0.897073 -0.246696 -0.762872 -0.138064 -0.631636 0.532564 0.41976 -0.734967 102.33 -49.7181 -55.4572 0.351275 0.748271 -0.554594 0.0955096 0
-0.482865 -0.380358 1.6634 0.40752 -0.883474 -0.231087 -0.760355 -0.188121 -0.621668 0.505756 0.42905 -0.748417 106.836 -49.4955 -51.1394 0.343141 0.765516 -0.536837 0.0897005 0
-0.482941 -0.379593 1.66255 0.398632 -0.885073 -0.240287 -0.766535 -0.1777 -0.617127 0.503504 0.430195 -0.749277 106.064 -50.0438 -51.6308 0.343386 0.762497 -0.541513 0.0863009 0
-0.485076 -0.375825 1.65925 0.206151 -0.954381 -0.216006 -0.762628 -0.0183916 -0.646575 0.613107 0.298024 -0.73163 91.6293 -49.6965 -71.4153 0.337687 0.699316 -0.613817 0.14196 0
-0.486816 -0.376109 1.66022 0.151991 -0.966378 -0.207394 -0.763498 0.018458 -0.645546 0.62767 0.256463 -0.735022 88.3622 -49.7736 -76.3877 0.329935 0.683476 -0.63275 0.153727 0
-0.486476 -0.376589 1.6609 0.140944 -0.967829 -0.208427 -0.770866 0.0248165 -0.636513 0.621209 0.250382 -0.742569 87.7673 -50.4317 -77.2168 0.325266 0.68167 -0.63766 0.151386 0
-0.486237 -0.376016 1.65903 0.149469 -0.96661 -0.208146 -0.772777 0.0171232 -0.634447 0.616827 0.25568 -0.744414 88.454 -50.6039 -76.3787 0.324876 0.684974 -0.634836 0.149159 1
-0.486185 -0.375935 1.65913 0.155002 -0.965225 -0.210512 -0.767755 0.0164067 -0.640533 0.621712 0.260906 -0.738513 88.5327 -50.1527 -76.0007 0.328974 0.685038 -0.632439 0.150065 0
-0.486164 -0.376405 1.65929 0.170341 -0.96284 -0.209579 -0.77032 0.00251546 -0.637653 0.614485 0.270061 -0.741266 89.774 -50.3826 -74.5062 0.328477 0.690849 -0.627184 0.146524 0
-0.485974 -0.376747 1.65985 0.193338 -0.957707 -0.213115 -0.775273 -0.0160002 -0.631424 0.601309 0.2873 -0.745577 91.4516 -50.8298 -72.176 0.328542 0.699091 -0.619726 0.138821 0
-0.485689 -0.376496 1.65877 0.235527 -0.947949 -0.214288 -0.774303 -0.0497757 -0.630855 0.587352 0.314507 -0.745723 94.5114 -50.7419 -68.1493 0.331673 0.71257 -0.604239 0.130887 0
-0.485815 -0.3761 1.65769 0.262268 -0.942573 -0.206812 -0.76844 -0.0743605 -0.635587 0.583709 0.325617 -0.743813 96.673 -50.214 -65.805 0.333202 0.721187 -0.593124 0.130652 0
-0.485873 -0.375705 1.65796 0.217048 -0.954258 -0.205626 -0.766082 -0.035964 -0.641736 0.604986 0.296814 -0.738846 93.2076 -50.0033 -70.2638 0.332505 0.705666 -0.609474 0.141483 0
-0.48615 -0.376254 1.65908 0.219348 -0.954339 -0.202789 -0.762537 -0.0380309 -0.645826 0.608625 0.296295 -0.736061 93.3701 -49.6884 -70.1809 0.333638 0.705946 -0.608005 0.14372 0
-0.4859 -0.376288 1.6589 0.233302 -0.948725 -0.213288 -0.759221 -0.0406701 -0.649561 0.60758 0.313476 -0.72978 93.5827 -49.3956 -68.9939 0.340166 0.70777 -0.603284 0.139273 0
-0.486011 -0.376122 1.65984 0.248286 -0.945688 -0.209828 -0.755857 -0.0536631 -0.652534 0.605834 0.320615 -0.728129 94.7013 -49.1003 -67.715 0.341502 0.712404 -0.597114 0.138968 0
-0.485589 -0.3762 1.66019 0.259871 -0.939924 -0.221383 -0.757991 -0.0565178 -0.649811 0.598261 0.336674 -0.727141 94.9708 -49.2874 -66.521 0.34504 0.71476 -0.593876 0.13182 0
-0.485793 -0.376412 1.65926 0.401434 -0.89353 -0.201136 -0.74671 -0.192127 -0.636798 0.530354 0.405822 -0.744334 106.789 -48.3062 -52.8773 0.340945 0.764509 -0.53637 0.107657 0
-0.485734 -0.376745 1.65917 0.463593 -0.860514 -0.211179 -0.732332 -0.23796 -0.638016 0.49877 0.450433 -0.740499 110.454 -47.0822 -47.0934 0.348258 0.781353 -0.509643 0.092017 0
-0.486034 -0.376497 1.65958 0.487625 -0.846315 -0.214411 -0.726652 -0.257295 -0.637006 0.483941 0.466422 -0.74044 111.994 -46.6064 -44.7827 0.349961 0.788251 -0.498879 0.0854834 0
-0.485913 -0.376529 1.65966 0.513848 -0.830161 -0.216316 -0.718071 -0.278241 -0.637931 0.469398 0.48313 -0.739088 113.565 -45.8954 -42.4115 0.352321 0.795484 -0.486569 0.0795372 0
-0.485945 -0.376205 1.66002 0.532562 -0.819511 -0.211613 -0.704582 -0.29072 -0.647337 0.468979 0.493846 -0.732239 114.185 -44.7958 -41.3675 0.356932 0.7993 -0.476696 0.0804973 0
-0.486234 -0.376521 1.66001 0.532676 -0.819182 -0.212596 -0.704713 -0.290223 -0.647418 0.468653 0.494683 -0.731883 114.146 -44.8064 -41.3416 0.357271 0.799184 -0.476703 0.0800993 0
-0.485785 -0.376127 1.65998 0.540699 -0.812917 -0.216357 -0.706931 -0.299696 -0.640649 0.455952 0.499348 -0.736722 115.07 -44.9858 -40.1397 0.355064 0.80267 -0.473372 0.0746244 0
-0.48565 -0.376 1.65901 0.544913 -0.811372 -0.211529 -0.702075 -0.303576 -0.644152 0.458432 0.499516 -0.735067 115.234 -44.5937 -40.0737 0.355763 0.803672 -0.470791 0.0768046 0
-0.486033 -0.375764 1.66005 0.556371 -0.802295 -0.216274 -0.697697 -0.309696 -0.645993 0.451298 0.510306 -0.732065 115.614 -44.2425 -39.0471 0.358682 0.805936 -0.465295 0.0729041 0
-0.486347 -0.376393 1.66033 0.608724 -0.764449 -0.212306 -0.677392 -0.361466 -0.640689 0.413032 0.533817 -0.737864 119.431 -42.6402 -34.1578 0.356859 0.822808 -0.438085 0.0609883 0
-0.48572 -0.376501 1.65972 0.659233 -0.720238 -0.216032 -0.6536 -0.406811 -0.63821 0.371779 0.561928 -0.73893 122.514 -40.8136 -29.4211 0.358292 0.837403 -0.410148 0.046497 0
-0.486131 -0.376425 1.6599 0.711719 -0.669033 -0.21413 -0.619258 -0.453651 -0.640875 0.331626 0.588724 -0.737176 125.293 -38.262 -24.9832 0.360864 0.851843 -0.378089 0.0344829 0
-0.486268 -0.376571 1.66011 0.733643 -0.645879 -0.211207 -0.606657 -0.482488 -0.631801 0.306162 0.591647 -0.745801 127.368 -37.3482 -22.6516 0.355441 0.860513 -0.363892 0.0275866 0
-0.486046 -0.37666 1.66073 0.734025 -0.642009 -0.221428 -0.604537 -0.469149 -0.643765 0.309421 0.606402 -0.732486 126.083 -37.1956 -22.8573 0.364826 0.856688 -0.363769 0.0256781 0
-0.485911 -0.376207 1.6597 0.727578 -0.650369 -0.218289 -0.605856 -0.459889 -0.649185 0.321821 0.604584 -0.728635 125.314 -37.2905 -23.8607 0.367102 0.85383 -0.367821 0.0303138 0
-0.486082 -0.375738 1.65978 0.753282 -0.623316 -0.209865 -0.582067 -0.48325 -0.653963 0.306208 0.614774 -0.726835 126.463 -35.5961 -22.1217 0.36851 0.860722 -0.350108 0.0279834 0
-0.48594 -0.375788 1.65895 0.808359 -0.548759 -0.213117 -0.537939 -0.541521 -0.646046 0.239116 0.636882 -0.732943 129.97 -32.5435 -16.4785 0.365341 0.877899 -0.30946 0.00740389 0
-0.48665 -0.376365 1.6597 0.892721 -0.396944 -0.213273 -0.43543 -0.638093 -0.635011 0.115976 0.659753 -0.74248 135.139 -25.8127 -7.40201 0.357823 0.904612 -0.230036 -0.026889 0
-0.486232 -0.376307 1.6599 0.911341 -0.353183 -0.211468 -0.402816 -0.65925 -0.634924 0.0848337 0.663815 -0.74307 136.077 -23.7543 -5.31815 0.356729 0.910173 -0.207652 -0.0347831 0
-0.485939 -0.376194 1.65961 0.927004 -0.314565 -0.204235 -0.369477 -0.672421 -0.641356 0.0644162 0.67 -0.739561 136.355 -21.6834 -3.97501 0.358825 0.913645 -0.187174 -0.0382585 0
-0.485867 -0.376311 1.65887 0.936467 -0.281153 -0.20972 -0.348905 -0.685336 -0.639203 0.0359848 0.671765 -0.73989 136.995 -20.4203 -2.20057 0.357506 0.916746 -0.171819 -0.0473783 0
-0.485808 -0.376113 1.65877 0.94454 -0.254923 -0.207022 -0.327708 -0.690888 -0.644423 0.0212496 0.676526 -0.736112 136.993 -19.1297 -1.28878 0.359701 0.918088 -0.158654 -0.0505868 0
-0.485919 -0.375995 1.65841 0.949885 -0.235995 -0.205 -0.3125 -0.700252 -0.641865 0.00792528 0.673761 -0.738907 137.491 -18.2099 -0.478031 0.357325 0.920468 -0.148972 -0.0535258 0
-0.485711 -0.375868 1.65909 0.955249 -0.202503 -0.215618 -0.295059 -0.703933 -0.646079 -0.0209473 0.680786 -0.732182 137.454 -17.1611 1.25622 0.360255 0.920783 -0.135092 -0.0642293 0
-0.485706 -0.375988 1.65955 0.951374 -0.213875 -0.221688 -0.307526 -0.700968 -0.643484 -0.0177708 0.680368 -0.732655 137.448 -17.9102 1.07011 0.359774 0.919918 -0.141698 -0.065076 0
-0.484812 -0.377699 1.66086 0.952499 -0.207591 -0.222827 -0.303893 -0.695612 -0.650979 -0.0198638 0.687772 -0.725655 136.898 -17.6916 1.19469 0.364428 0.918391 -0.139234 -0.066064 0
-0.485223 -0.376899 1.66101 0.949131 -0.224505 -0.220789 -0.314875 -0.681143 -0.660982 -0.00199518 0.69688 -0.717185 135.861 -18.3533 0.120442 0.37108 0.914803 -0.147403 -0.0608831 0
-0.486106 -0.375883 1.66009 0.965181 -0.159077 -0.207653 -0.258123 -0.707865 -0.657495 -0.0423981 0.688202 -0.724279 137.113 -14.9587 2.51525 0.365047 0.921592 -0.113174 -0.0678312 0
-0.485957 -0.375828 1.66091 0.969448 -0.111853 -0.21831 -0.231899 -0.708015 -0.667037 -0.0799562 0.697283 -0.712322 136.707 -13.4089 4.71486 0.37051 0.920568 -0.0933534 -0.0810005 0
-0.485649 -0.375337 1.66034 0.970854 -0.0741881 -0.227901 -0.211809 -0.710568 -0.670992 -0.11216 0.699707 -0.705571 136.641 -12.2284 6.58999 0.372396 0.920189 -0.0777007 -0.0923889 0
-0.486172 -0.376344 1.6608 0.978235 -0.0312227 -0.205135 -0.162489 -0.7301 -0.663741 -0.129046 0.682627 -0.719283 137.726 -9.35139 7.51488 0.363611 0.925691 -0.0523154 -0.0902518 0
-0.486196 -0.37627 1.66087 0.974622 -0.052854 -0.217528 -0.186707 -0.728022 -0.65964 -0.1235 0.683514 -0.719414 137.821 -10.7607 7.2218 0.363038 0.92494 -0.0647504 -0.0921756 0
-0.486125 -0.375848 1.66121 0.976031 -0.0448923 -0.212953 -0.177465 -0.730578 -0.659365 -0.125978 0.681352 -0.721033 137.933 -10.2221 7.35462 0.362084 0.925695 -0.0600514 -0.0915342 0
-0.485896 -0.376042 1.65885 0.974121 -0.07181 -0.214315 -0.197513 -0.731448 -0.652666 -0.109893 0.678106 -0.726702 138.258 -11.3916 6.43644 0.359156 0.926319 -0.0726863 -0.087499 0
-0.485962 -0.375756 1.65887 0.975345 -0.0412144 -0.216805 -0.176682 -0.734487 -0.655219 -0.132236 0.67737 -0.72366 138.265 -10.1766 7.72099 0.359582 0.926484 -0.0587966 -0.0941841 0
-0.486042 -0.375573 1.65989 0.975279 0.00480422 -0.220927 -0.144871 -0.74104 -0.655646 -0.166865 0.671443 -0.722025 138.499 -8.32981 9.70902 0.357846 0.927139 -0.0377685 -0.104567 0
-0.485628 -0.376095 1.6603 0.975025 0.0279028 -0.220337 -0.126999 -0.743836 -0.656186 -0.182204 0.66778 -0.721715 138.582 -7.29618 10.5848 0.356887 0.927439 -0.0267122 -0.108509 0
-0.486187 -0.375888 1.66026 0.968746 0.121305 -0.21637 -0.05353 -0.749482 -0.659857 -0.242209 0.650816 -0.719565 138.639 -3.06851 14.0375 0.353447 0.927064 0.0182768 -0.123664 0
-0.48613 -0.375319 1.65892 0.967 0.144295 -0.209977 -0.0286651 -0.757308 -0.652429 -0.25316 0.636918 -0.72818 139.255 -1.64262 14.6707 0.346955 0.929043 0.0311154 -0.124627 0
-0.486154 -0.375613 1.65911 0.962826 0.173495 -0.207042 -0.000306846 -0.765766 -0.643119 -0.270124 0.619275 -0.737246 139.975 -0.017581 15.6716 0.339047 0.930838 0.0465142 -0.128155 0
-0.486214 -0.376271 1.65995 0.957658 0.199723 -0.207369 0.0218463 -0.768593 -0.639365 -0.287078 0.607763 -0.740412 140.244 1.2518 16.6872 0.334908 0.930949 0.0595009 -0.13278 0
-0.486107 -0.376835 1.66008 0.947261 0.243647 -0.208163 0.0600856 -0.773088 -0.631447 -0.314779 0.585638 -0.746956 140.759 3.44473 18.3819 0.32681 0.931035 0.0815579 -0.140419 0
-0.485961 -0.376665 1.65986 0.945572 0.245368 -0.21375 0.0570078 -0.7716 -0.633548 -0.320382 0.586879 -0.743591 140.611 3.26808 18.7176 0.328017 0.930156 0.0812701 -0.14356 0
-0.486066 -0.376051 1.65941 0.949589 0.230481 -0.212508 0.0466653 -0.774228 -0.631184 -0.310006 0.589448 -0.745954 140.812 2.6747 18.0799 0.327645 0.931366 0.0743923 -0.140255 0
-0.485943 -0.376225 1.65906 0.955696 0.201626 -0.214456 0.0175017 -0.766198 -0.642366 -0.293834 0.610153 -0.735782 140.024 1.00283 17.0903 0.336792 0.929741 0.0589218 -0.136675 0
-0.485401 -0.375785 1.65858 0.939709 0.267088 -0.213569 0.0678759 -0.75776 -0.648993 -0.335173 0.595368 -0.730203 139.421 3.89199 19.6302 0.33606 0.925699 0.0904625 -0.148197 0
-0.485989 -0.375743 1.65932 0.936245 0.277726 -0.215207 0.0722687 -0.751643 -0.655599 -0.343835 0.598248 -0.723793 138.904 4.1443 20.1657 0.339415 0.923537 0.094743 -0.151332 0
-0.485852 -0.37564 1.65898 0.941344 0.257667 -0.217896 0.0537631 -0.751989 -0.65698 -0.333138 0.606729 -0.721733 138.858 3.08188 19.4886 0.341914 0.923995 0.0842619 -0.14909 0
-0.486176 -0.376275 1.65997 0.939802 0.262211 -0.219131 0.0583419 -0.754962 -0.653168 -0.336703 0.601064 -0.724813 139.135 3.34465 19.7111 0.339126 0.924605 0.0866729 -0.15029 0
-0.485791 -0.375947 1.65915 0.944109 0.247613 -0.217591 0.0487793 -0.757781 -0.650683 -0.326004 0.603702 -0.727506 139.348 2.79596 19.05 0.338682 0.925931 0.0800253 -0.14677 0
-0.485799 -0.375987 1.65918 0.942982 0.251419 -0.218114 0.049899 -0.754684 -0.654188 -0.329082 0.606004 -0.724199 139.08 2.86019 19.238 0.340624 0.924914 0.0814447 -0.147905 0
-0.485922 -0.375765 1.6596 0.939724 0.261792 -0.219963 0.0558378 -0.752145 -0.656628 -0.337344 0.604767 -0.721426 138.879 3.20093 19.7472 0.341377 0.923755 0.0859617 -0.150826 0
-0.48582 -0.375824 1.65951 0.934984 0.281322 -0.216016 0.0750502 -0.752152 -0.654702 -0.346659 0.595924 -0.724363 138.962 4.30411 20.343 0.338551 0.923512 0.096472 -0.152319 0
-0.485975 -0.376119 1.65936 0.927626 0.307729 -0.211689 0.101227 -0.752671 -0.650569 -0.359531 0.582056 -0.729348 139.162 5.80985 21.1854 0.333769 0.923261 0.110737 -0.154674 0
-0.485897 -0.376193 1.65897 0.926508 0.310863 -0.212007 0.107403 -0.758483 -0.642782 -0.36062 0.572773 -0.736128 139.72 6.16563 21.2672 0.328595 0.924813 0.113068 -0.154795 0
-0.486151 -0.375892 1.65908 0.922163 0.324887 -0.209914 0.115662 -0.749469 -0.651857 -0.369104 0.57684 -0.72871 138.985 6.6418 21.8142 0.333161 0.922001 0.119455 -0.157 0
-0.486157 -0.375739 1.65985 0.911217 0.350762 -0.215986 0.13276 -0.746423 -0.652095 -0.389947 0.565526 -0.72672 138.859 7.62912 23.1681 0.330936 0.919831 0.131416 -0.164686 0
-0.485969 -0.375676 1.65922 0.897871 0.386311 -0.211167 0.165112 -0.740105 -0.651906 -0.408124 0.550462 -0.728304 138.625 9.50376 24.444 0.327667 0.917371 0.150273 -0.168768 0
-0.486004 -0.375819 1.65926 0.889448 0.404657 -0.212449 0.178587 -0.735606 -0.653445 -0.4207 0.543265 -0.72655 138.385 10.2875 25.3137 0.326838 0.915369 0.159292 -0.172922 0
-0.485905 -0.376083 1.65871 0.891617 0.402353 -0.20768 0.185581 -0.743105 -0.642927 -0.413011 0.534703 -0.737234 139.134 10.695 24.8543 0.320655 0.918144 0.160087 -0.169007 0
-0.485978 -0.375525 1.65909 0.882586 0.415522 -0.219962 0.178933 -0.729516 -0.660144 -0.43477 0.543275 -0.718211 137.858 10.3076 26.2253 0.329719 0.912457 0.162872 -0.179387 0
-0.485872 -0.375722 1.65925 0.891847 0.391712 -0.226212 0.15944 -0.740223 -0.653183 -0.423307 0.546472 -0.72262 138.574 9.17442 25.3909 0.327492 0.915791 0.150458 -0.177311 0
-0.486145 -0.37618 1.66051 0.917034 0.332115 -0.220792 0.117634 -0.754251 -0.645962 -0.381066 0.566397 -0.730742 139.422 6.75559 22.5649 0.328649 0.922229 0.121919 -0.163153 0
-0.486149 -0.376614 1.66042 0.926298 0.309592 -0.214767 0.105665 -0.760553 -0.64062 -0.361672 0.570712 -0.737212 139.892 6.06549 21.3281 0.327312 0.925211 0.112206 -0.155759 0
-0.486127 -0.376103 1.65959 0.944501 0.246768 -0.216851 0.0499667 -0.760338 -0.647603 -0.324688 0.600826 -0.73047 139.578 2.86407 18.9712 0.336784 0.926729 0.0800489 -0.146089 0
-0.486133 -0.376056 1.66007 0.970372 0.113222 -0.213446 -0.054483 -0.75812 -0.649835 -0.235394 0.642211 -0.72949 139.398 -3.12319 13.6355 0.347405 0.929782 0.0157938 -0.120684 0
-0.485714 -0.375985 1.65916 0.975905 0.0407565 -0.214356 -0.110826 -0.753658 -0.647856 -0.187956 0.656002 -0.730982 139.317 -6.36293 10.9015 0.350452 0.930127 -0.0188333 -0.108134 0
-0.485947 -0.376052 1.65946 0.973748 0.0641997 -0.218387 -0.0924766 -0.765089 -0.63725 -0.207997 0.640717 -0.739067 140.209 -5.3061 12.0574 0.342634 0.932457 -0.00758128 -0.114317 0
-0.48596 -0.376118 1.66037 0.97574 0.00392685 -0.218895 -0.142288 -0.748502 -0.647687 -0.166387 0.663121 -0.729785 139.13 -8.18027 9.67721 0.352652 0.929251 -0.0372239 -0.103654 0
-0.485858 -0.376359 1.65998 0.976747 0.0274292 -0.212633 -0.120669 -0.749445 -0.650978 -0.177213 0.661499 -0.728708 139.022 -6.9307 10.2834 0.353056 0.929368 -0.0250814 -0.104869 0
-0.485714 -0.375933 1.66007 0.970409 0.105136 -0.217379 -0.0637367 -0.756783 -0.650551 -0.232905 0.645155 -0.727688 139.317 -3.65432 13.4961 0.348546 0.929365 0.0111365 -0.121127 0
-0.485579 -0.375968 1.65955 0.974609 0.0506264 -0.218114 -0.104125 -0.759901 -0.641646 -0.198229 0.648065 -0.735335 139.823 -5.97675 11.4968 0.346184 0.931376 -0.0143601 -0.111755 0
-0.485796 -0.375934 1.65949 0.976082 -0.0359889 -0.214402 -0.170583 -0.738178 -0.652683 -0.134778 0.673645 -0.726662 138.518 -9.8217 7.8617 0.357506 0.927486 -0.0556805 -0.09412 0
-0.485832 -0.375571 1.65895 0.974792 -0.0647745 -0.213507 -0.19133 -0.734954 -0.650566 -0.114778 0.675016 -0.72882 138.485 -11.0304 6.71542 0.357428 0.927169 -0.0690554 -0.088518 0
-0.485934 -0.376263 1.65925 0.974993 -0.0690122 -0.211249 -0.190475 -0.749204 -0.63436 -0.11449 0.658735 -0.743613 139.745 -10.9805 6.69737 0.347194 0.931103 -0.0696721 -0.0874606 0
-0.485791 -0.376397 1.6587 0.974879 -0.080896 -0.207527 -0.196764 -0.74941 -0.632193 -0.104381 0.657146 -0.746501 139.849 -11.3478 6.1114 0.346037 0.931503 -0.0745194 -0.0837108 0
