-0.336135 -0.388055 1.4589 0.83002 0.557662 0.00891982 0.177625 -0.249148 -0.952037 -0.528692 0.791795 -0.305852 104.665 10.2314 32.4956 0.564584 0.772176 0.238057 -0.168282 0
-0.337234 -0.38747 1.46149 0.82254 0.568705 0.00176346 0.153041 -0.218361 -0.963793 -0.547728 0.793028 -0.266646 102.766 8.80322 33.6596 0.578259 0.759531 0.237563 -0.179705 1
-0.338119 -0.387744 1.46399 0.806487 0.591231 0.00503282 0.149979 -0.196335 -0.968999 -0.571914 0.782239 -0.247014 101.454 8.62573 35.3421 0.583767 0.749973 0.247079 -0.188967 1
-0.338062 -0.38761 1.46429 0.784733 0.619831 -0.00155166 0.149104 -0.191201 -0.97016 -0.601632 0.761085 -0.242462 101.149 8.57503 37.4763 0.581178 0.744714 0.258131 -0.202488 1
-0.338469 -0.387654 1.46424 0.774644 0.632395 -0.00179424 0.155352 -0.193045 -0.968813 -0.613019 0.750207 -0.247785 101.269 8.9372 38.3565 0.577454 0.744223 0.26462 -0.206528 1
-0.339851 -0.389702 1.46969 0.750137 0.661283 -0.000578719 0.169914 -0.19359 -0.966257 -0.639081 0.724726 -0.25758 101.329 9.78282 40.4294 0.569861 0.74184 0.280113 -0.215565 1
-0.340835 -0.390234 1.4725 0.7207 0.693213 -0.00687318 0.171292 -0.187674 -0.96718 -0.671752 0.695869 -0.253999 100.981 9.86297 42.9868 0.56547 0.73525 0.293949 -0.230746 1
-0.342171 -0.391064 1.47567 0.698217 0.715792 -0.0116271 0.176279 -0.187647 -0.966289 -0.693843 0.67263 -0.257197 100.99 10.1531 44.82 0.559771 0.73196 0.304686 -0.240953 1
-0.3412 -0.389655 1.47034 0.700345 0.713655 -0.0145707 0.176001 -0.19243 -0.965399 -0.691766 0.673548 -0.260371 101.273 10.1369 44.6469 0.558468 0.73368 0.303149 -0.240683 1
-0.340983 -0.389329 1.4683 0.702827 0.711236 -0.0133208 0.181027 -0.196934 -0.963559 -0.687941 0.674804 -0.267163 101.551 10.4296 44.3868 0.556491 0.736024 0.303069 -0.238193 1
-0.341773 -0.389545 1.46918 0.663918 0.74775 -0.00914308 0.18925 -0.179836 -0.96532 -0.723462 0.639163 -0.260908 100.553 10.909 47.4575 0.552986 0.725373 0.322937 -0.252493 1
-0.340829 -0.388385 1.46456 0.654204 0.756312 0.00310461 0.19865 -0.167867 -0.965587 -0.729764 0.632307 -0.260061 99.8623 11.458 48.1251 0.553687 0.72148 0.330904 -0.251795 1
-0.339867 -0.387162 1.46003 0.638041 0.769995 -0.00341944 0.19155 -0.163022 -0.96785 -0.745797 0.616872 -0.251507 99.561 11.0432 49.4525 0.553062 0.716339 0.335576 -0.261474 1
-0.340895 -0.389529 1.4655 0.444594 0.895563 -0.0174079 0.186221 -0.111422 -0.97617 -0.876161 0.430757 -0.21631 96.5117 10.7323 63.0952 0.528408 0.665644 0.406292 -0.335603 1
-0.342804 -0.39381 1.47318 0.115309 0.991319 -0.0631658 0.14909 -0.0801416 -0.985571 -0.982077 0.104228 -0.157037 94.6488 8.5742 83.3033 0.468543 0.581483 0.490302 -0.449387 1
-0.34248 -0.393954 1.47178 -0.00573675 0.996924 -0.0781578 0.154651 -0.0763343 -0.985016 -0.987952 -0.017738 -0.153738 94.4313 8.89657 90.3327 0.43709 0.553248 0.52037 -0.48175 1
-0.34228 -0.394339 1.46949 -0.0794652 0.995031 -0.0599906 0.173625 -0.0454452 -0.983763 -0.981601 -0.0885908 -0.169151 92.6449 9.99863 94.6283 0.420101 0.532713 0.548446 -0.488815 1
-0.341603 -0.3928 1.46453 -0.120728 0.99201 -0.0366066 0.191282 -0.0129378 -0.98145 -0.974082 -0.125491 -0.188192 90.7552 11.0276 97.0652 0.411747 0.519712 0.569206 -0.486177 1
-0.343698 -0.392848 1.46834 -0.293852 0.955842 -0.00403178 0.165317 0.0466676 -0.985136 -0.941446 -0.290151 -0.17173 87.2878 9.51564 107.335 0.381145 0.455854 0.614868 -0.518521 1
-0.342763 -0.391749 1.4633 -0.350245 0.936543 0.0146968 0.151767 0.0722267 -0.985774 -0.924281 -0.343032 -0.167434 85.8095 8.72936 110.754 0.37234 0.431556 0.630457 -0.526921 1
-0.340786 -0.388024 1.45095 -0.258552 0.965044 0.0429059 0.168329 0.0887458 -0.981728 -0.951218 -0.246605 -0.18539 84.8346 9.69067 105.206 0.401498 0.457737 0.619009 -0.496089 1
-0.33846 -0.386407 1.44313 -0.174749 0.982713 0.0611369 0.187039 0.0940932 -0.977836 -0.966685 -0.159441 -0.200248 84.5036 10.78 100.247 0.423998 0.482547 0.60603 -0.46915 1
-0.337119 -0.385848 1.43833 -0.156102 0.986335 0.0526847 0.201013 0.0839451 -0.975985 -0.967071 -0.141763 -0.21137 85.0841 11.5962 99.1694 0.423224 0.492779 0.602374 -0.463893 1
-0.335893 -0.384745 1.43312 -0.157483 0.986693 0.0404543 0.21626 0.0744296 -0.973495 -0.963551 -0.14456 -0.225103 85.6279 12.4894 99.2823 0.415886 0.498295 0.603534 -0.463128 1
-0.333377 -0.3818 1.42463 -0.164852 0.986013 0.0245281 0.225161 0.0618333 -0.972358 -0.960274 -0.154773 -0.232205 86.3614 13.0123 99.7411 0.407669 0.501378 0.603923 -0.466587 1
-0.330621 -0.378062 1.41196 -0.17016 0.985216 0.0198811 0.218455 0.057388 -0.974158 -0.960897 -0.16142 -0.22499 86.6286 12.6183 100.042 0.40689 0.49936 0.602607 -0.471111 1
-0.328084 -0.375011 1.40087 -0.143374 0.98948 0.0193034 0.213915 0.050028 -0.97557 -0.966273 -0.135743 -0.218837 87.0644 12.3519 98.4399 0.414673 0.506319 0.594188 -0.467576 1
-0.325668 -0.373053 1.39251 -0.131976 0.991021 0.0214542 0.227971 0.0514085 -0.97231 -0.964682 -0.12343 -0.232709 86.9734 13.1777 97.7901 0.414344 0.512183 0.594999 -0.460396 1
-0.324176 -0.370357 1.38407 -0.130991 0.991067 0.0250477 0.230912 0.0550711 -0.971415 -0.964117 -0.121463 -0.236063 86.7553 13.3508 97.7372 0.414734 0.512348 0.596264 -0.458219 1
-0.318541 -0.35303 1.34862 -0.241038 0.969675 0.0403941 0.174955 0.0843537 -0.980956 -0.954616 -0.22938 -0.189982 85.0852 10.076 104.171 0.404145 0.464917 0.615502 -0.491605 1
-0.320592 -0.342786 1.33439 -0.294632 0.955077 0.0319377 0.19343 0.0923341 -0.97676 -0.935829 -0.281607 -0.211945 84.5998 11.153 107.476 0.382674 0.454142 0.63224 -0.497583 1
-0.321923 -0.334707 1.33189 -0.349081 0.936742 0.0256426 0.185191 0.0957846 -0.978023 -0.918612 -0.33666 -0.206912 84.4065 10.6722 110.807 0.367353 0.436477 0.642607 -0.511464 1
-0.322337 -0.332118 1.33537 -0.39888 0.916981 0.00634536 0.206279 0.0964676 -0.973726 -0.893501 -0.387091 -0.227633 84.3421 11.9044 114.057 0.342766 0.427868 0.656312 -0.518358 1
-0.322478 -0.335073 1.33507 -0.460342 0.887649 -0.0128125 0.268431 0.125424 -0.955099 -0.846186 -0.443111 -0.296011 82.5187 15.5709 118.547 0.303756 0.42138 0.685889 -0.509634 1
-0.321861 -0.338393 1.33498 -0.497449 0.867317 -0.0174703 0.332685 0.172135 -0.927195 -0.801165 -0.467045 -0.374172 79.4827 19.4318 121.836 0.274096 0.419699 0.7148 -0.487633 1
-0.32134 -0.341382 1.33404 -0.52246 0.852655 0.00396017 0.361992 0.226009 -0.904368 -0.772009 -0.471063 -0.426735 75.9687 21.2226 124.088 0.263066 0.411784 0.737429 -0.466293 1
-0.318912 -0.341355 1.33361 -0.506347 0.860151 0.0612551 0.354238 0.272242 -0.894651 -0.786211 -0.431305 -0.442547 73.075 20.7467 122.783 0.284318 0.407418 0.745174 -0.444848 1
-0.318172 -0.343103 1.33272 -0.507613 0.856975 0.0890114 0.361047 0.30538 -0.881129 -0.782288 -0.415135 -0.464423 70.8848 21.1645 122.979 0.28868 0.403556 0.754555 -0.429479 1
-0.318684 -0.344003 1.33236 -0.494298 0.864477 0.091377 0.373719 0.306233 -0.875532 -0.784859 -0.398624 -0.474441 70.7218 21.9451 122.202 0.290471 0.41046 0.754151 -0.422381 1
-0.317863 -0.343178 1.33194 -0.456934 0.883167 0.105956 0.367681 0.295998 -0.881587 -0.809952 -0.363869 -0.459975 71.4402 21.5726 119.429 0.307851 0.420429 0.743792 -0.418617 1
-0.317921 -0.342655 1.3318 -0.432577 0.895274 0.106588 0.368433 0.283431 -0.885395 -0.822882 -0.343731 -0.452454 72.2492 21.619 117.73 0.315595 0.429082 0.736285 -0.417341 1
-0.318422 -0.342172 1.33263 -0.420741 0.902894 0.0880883 0.370922 0.25983 -0.891575 -0.827886 -0.342448 -0.444224 73.7524 21.7725 116.94 0.314192 0.436936 0.728834 -0.423287 1
-0.319106 -0.343594 1.33225 -0.417995 0.902502 0.103784 0.389227 0.281144 -0.877189 -0.820843 -0.326265 -0.468794 72.2291 22.9064 116.986 0.313988 0.43865 0.736195 -0.408674 1
-0.319653 -0.343809 1.3329 -0.422347 0.900711 0.101699 0.394413 0.283632 -0.874066 -0.816126 -0.329047 -0.475044 72.0219 23.2294 117.362 0.310742 0.438482 0.738414 -0.40733 1
-0.318283 -0.343456 1.3335 -0.461367 0.881824 0.0976074 0.374193 0.293159 -0.879794 -0.804437 -0.369384 -0.465227 71.5712 21.9745 119.835 0.302723 0.421515 0.744942 -0.41922 1
-0.318001 -0.34284 1.33242 -0.491762 0.865603 0.0943451 0.356806 0.299164 -0.88498 -0.794267 -0.401537 -0.45597 71.3224 20.9042 121.763 0.296408 0.407751 0.749483 -0.429135 1
-0.317978 -0.342895 1.33205 -0.506442 0.856531 0.0993525 0.349011 0.308982