-0.337742 -0.388502 1.46146 0.831281 0.555143 0.0280714 0.191702 -0.238923 -0.951928 -0.521749 0.796701 -0.305034 104.09 11.0521 32.1142 0.567302 0.77059 0.242296 -0.160162 0
-0.337257 -0.388668 1.46343 0.837185 0.545737 0.0359485 0.178049 -0.209807 -0.961395 -0.517127 0.811266 -0.272815 102.311 10.2562 31.7035 0.581928 0.761546 0.237604 -0.157961 0
-0.335398 -0.390341 1.45373 0.845009 0.529648 0.0737079 0.208788 -0.199879 -0.957317 -0.492309 0.824331 -0.279484 101.793 12.0513 30.2254 0.584304 0.762295 0.242175 -0.137283 0
-0.335426 -0.39022 1.45216 0.846737 0.528108 0.0643242 0.190276 -0.187708 -0.963619 -0.496821 0.828171 -0.259426 101.023 10.9689 30.4022 0.591524 0.757277 0.237161 -0.14278 0
-0.335093 -0.389691 1.4514 0.845547 0.53099 0.0556784 0.178272 -0.182491 -0.966911 -0.503259 0.827494 -0.248965 100.688 10.2691 30.7606 0.594578 0.754487 0.235014 -0.148306 0
-0.334315 -0.388924 1.4486 0.850354 0.523771 0.0506089 0.171868 -0.185549 -0.967488 -0.497352 0.831406 -0.247802 100.857 9.89644 30.3223 0.59519 0.755597 0.230162 -0.147811 0
-0.331848 -0.386459 1.43782 0.825355 0.562979 0.0429412 0.156743 -0.155399 -0.975337 -0.542422 0.81173 -0.216503 99.0528 9.01792 33.3129 0.602796 0.741157 0.24277 -0.16848 0
-0.332279 -0.386617 1.43997 0.848691 0.526556 0.0496239 0.16668 -0.177241 -0.96995 -0.501938 0.831459 -0.238189 100.356 9.59486 30.6012 0.598594 0.75235 0.230357 -0.1503 0
-0.332773 -0.386802 1.44201 0.85007 0.523944 0.0535125 0.167767 -0.17307 -0.970516 -0.499235 0.833984 -0.235022 100.111 9.65801 30.4251 0.600412 0.751359 0.230153 -0.148305 0
-0.332601 -0.386691 1.44124 0.8758 0.480127 0.0495267 0.152799 -0.178455 -0.972011 -0.45785 0.858855 -0.229654 100.403 8.7892 27.5997 0.605741 0.75563 0.209403 -0.135094 0
-0.331801 -0.385556 1.43757 0.884051 0.464384 0.0529289 0.156174 -0.186763 -0.969912 -0.440526 0.865718 -0.237633 100.899 8.9849 26.4873 0.604081 0.759679 0.204217 -0.127553 0
-0.331409 -0.385316 1.43522 0.89892 0.434883 0.0530896 0.15048 -0.192674 -0.969656 -0.411458 0.879632 -0.23864 101.239 8.65475 24.5947 0.605724 0.763255 0.191733 -0.117382 0
-0.331604 -0.385532 1.43602 0.915189 0.399779 0.0510387 0.143583 -0.205094 -0.968153 -0.37658 0.893372 -0.245101 101.961 8.25524 22.3661 0.605185 0.76899 0.176648 -0.105834 0
-0.33131 -0.384975 1.43529 0.918519 0.392739 0.0455995 0.135146 -0.203485 -0.969706 -0.371562 0.896856 -0.239982 101.851 7.76709 22.0245 0.607259 0.768438 0.17174 -0.106047 0
-0.3311 -0.384573 1.43215 0.933241 0.358556 0.0223523 0.115734 -0.241163 -0.963559 -0.340099 0.901819 -0.26656 104.052 6.64599 20.0232 0.596975 0.781179 0.151787 -0.101688 0
-0.331602 -0.384257 1.43169 0.938778 0.344127 -0.0165029 0.0847074 -0.276981 -0.957134 -0.333947 0.897139 -0.289174 106.14 4.8592 19.5818 0.585795 0.791349 0.135476 -0.110713 0
-0.331967 -0.384265 1.43212 0.938724 0.343628 -0.0267721 0.0743897 -0.277836 -0.957744 -0.336546 0.897066 -0.286374 106.177 4.26616 19.7235 0.586198 0.791033 0.132111 -0.114824 0
-0.331621 -0.383809 1.43054 0.943665 0.330132 -0.0225561 0.0749726 -0.279702 -0.957155 -0.322297 0.901543 -0.288696 106.29 4.29965 18.857 0.586359 0.792474 0.127797 -0.10879 0
-0.330827 -0.383018 1.42659 0.941893 0.335362 -0.0192327 0.071751 -0.256792 -0.9638 -0.328161 0.906416 -0.265933 104.919 4.11457 19.2086 0.595644 0.784955 0.129661 -0.110641 0
-0.328243 -0.380913 1.41876 0.949551 0.31341 -0.0112657 0.0695471 -0.245466 -0.966907 -0.305804 0.917344 -0.254879 104.245 3.98797 17.8512 0.601915 0.782607 0.122334 -0.101286 0
-0.328948 -0.380581 1.41811 0.955011 0.296291 -0.0129058 0.0673493 -0.25905 -0.963513 -0.288823 0.919296 -0.267351 105.049 3.86175 16.8269 0.597622 0.787625 0.115423 -0.0957718 0
-0.328788 -0.37919 1.41385 0.955351 0.29535 -0.00850634 0.0701274 -0.254616 -0.964496 -0.287029 0.920836 -0.26396 104.788 4.0213 16.7226 0.599328 0.786436 0.116181 -0.0939478 0
-0.328648 -0.37682 1.40677 0.9593 0.282313 0.0064889 0.0733686 -0.226985 -0.971131 -0.27269 0.932082 -0.23846 103.156 4.20749 15.8683 0.611117 0.77858 0.114209 -0.0854766 0
-0.326512 -0.37568 1.40056 0.973809 0.227126 0.0104463 0.0649952 -0.234053 -0.970049 -0.217878 0.945322 -0.242685 103.565 3.72658 12.6115 0.611774 0.782711 0.0933043 -0.0662543 0
-0.324624 -0.374288 1.39075 0.982596 0.181579 0.039169 0.0741738 -0.190214 -0.978937 -0.170304 0.964805 -0.200372 100.996 4.25375 9.83284 0.630875 0.770257 0.083009 -0.0425621 0
-0.32333 -0.374137 1.38621 0.981964 0.18214 0.050719 0.0811704 -0.163844 -0.983141 -0.170759 0.969526 -0.175673 99.4616 4.65584 9.86483 0.64079 0.76182 0.0864082 -0.0393925 0
-0.324879 -0.374927 1.38501 0.987767 0.14597 0.054847 0.0747667 -0.134683 -0.988064 -0.136841 0.980078 -0.143949 97.7622 4.28782 7.88731 0.653669 0.752728 0.0733123 -0.0272323 0
-0.323437 -0.373298 1.38138 0.989951 0.138947 0.0262912 0.0454333 -0.136447 -0.989605 -0.133915 0.980855 -0.141388 97.8504 2.60403 7.70391 0.654239 0.752958 0.0612186 -0.0357338 0
-0.322456 -0.371921 1.37597 0.99063 0.136014 0.0123594 0.0341862 -0.159334 -0.986633 -0.132226 0.97781 -0.162491 99.1737 1.95911 7.60272 0.645911 0.760338 0.0559619 -0.0394123 0
-0.321378 -0.37033 1.37088 0.992966 0.117836 0.0115485 0.0286575 -0.144553 -0.989082 -0.11488 0.982456 -0.146913 98.3148 1.64218 6.59941 0.652208 0.755717 0.0484616 -0.0341831 0
-0.319009 -0.367546 1.35989 0.992051 0.122741 0.0277322 0.0458226 -0.147118 -0.988057 -0.117195 0.981474 -0.151573 98.4689 2.62636 6.73735 0.650646 0.75676 0.0556859 -0.0295546 0
-0.315867 -0.36531 1.35071 0.990111 0.13739 0.0283447 0.0501601 -0.15803 -0.986159 -0.131009 0.97783 -0.163359 99.1041 2.87517 7.53743 0.645895 0.760181 0.0616793 -0.033763 0
-0.314953 -0.363867 1.34461 0.99136 0.128817 0.0247153 0.0466159 -0.169887 -0.98436 -0.122604 0.977008 -0.174425 99.792 2.67186 7.05009 0.641687 0.764145 0.0573951 -0.0320254 0
-0.312618 -0.362127 1.33597 0.996536 0.0817082 0.0154909 0.0326422 -0.212978 -0.976512 -0.0764898 0.973634 -0.214908 102.304 1.87059 4.38917 0.626229 0.778528 0.0367201 -0.0195879 0
-0.310526 -0.360132 1.3274 0.998423 0.053098 0.0182423 0.0306074 -0.242374 -0.9697 -0.0470676 0.968729 -0.243617 104.033 1.75395 2.69904 0.614905 0.788101 0.0265529 -0.00914392 0
-0.308551 -0.358472 1.31815 0.999213 0.0168608 0.0358977 0.0391202 -0.27016 -0.96202 -0.00652229 0.962668 -0.270607 105.686 2.24199 0.373989 0.603831 0.796866 0.0175628 0.00921591 0
-0.30426 -0.355699 1.31042 0.998776 0.0123553 0.0478914 0.0494334 -0.280794 -0.958494 0.00160514 0.959689 -0.281061 106.328 2.83348 -0.0920801 0.599358 0.800099 0.0193066 0.0154658 0
-0.299119 -0.351873 1.29804 0.996123 -0.0280173 0.0833907 0.0732171 -0.261447 -0.962437 0.0487671 0.964811 -0.258382 105.198 4.19879 -2.80279 0.607514 0.793088 0.014248 0.0416593 0
-0.297564 -0.349307 1.28896 0.996064 -0.0539771 0.0703064 0.0545699 -0.25161 -0.966289 0.0698472 0.966322 -0.247674 104.595 3.12818 -4.0112 0.611715 0.789834 0.000187636 0.0443618 0
-0.294519 -0.345834 1.27687 0.996564 -0.0689034 0.0459706 0.0270195 -0.254216 -0.96677 0.0783002 0.96469 -0.251481 104.733 1.54829 -4.49251 0.610505 0.790927 -0.0132389 0.0392801 0
-0.291911 -0.342532 1.26421 0.996503 -0.0768312 0.032854 0.0126249 -0.250228 -0.968105 0.0826016 0.965134 -0.248383 104.492 0.723372 -4.7385 0.611942 0.789797 -0.0203237 0.036546 0
-0.287996 -0.338557 1.25121 0.994391 -0.103917 0.0196823 -0.00554122 -0.237027 -0.971487 0.10562 0.965929 -0.236274 103.711 -0.31749 -6.06296 0.616662 0.785444 -0.0348397 0.0398825 0
-0.285089 -0.332516 1.23531 0.996023 -0.0711703 0.0536032 0.0293657 -0.305781 -0.951649 0.08412 0.949438 -0.302475 107.813 1.68277 -4.82751 0.589018 0.806889 -0.0129524 0.0426711 0
-0.283303 -0.330465 1.22976 0.996016 -0.0788198 0.0416981 0.0168049 -0.293325 -0.955865 0.0875722 0.952758 -0.290832 107.06 0.962894 -5.02466 0.594108 0.803146 -0.0193037 0.0402387 0
-0.281289 -0.327913 1.22067 0.995662 -0.0798798 0.0477212 0.022575 -0.290164 -0.956711 0.0902688 0.953637 -0.287102 106.872 1.29356 -5.18039 0.595482 0.802017 -0.0178627 0.0430134 0
-0.275652 -0.319272 1.19246 0.976308 -0.0558326 0.209056 0.153883 -0.500076 -0.8522 0.152125 0.86418 -0.479637 120.405 8.85201 -8.85639 0.499148 0.859654 0.0285144 0.105037 0
-0.274292 -0.31839 1.18683 0.978343 -0.0696251 0.194928 0.132701 -0.511761 -0.848818 0.158855 0.856302 -0.491438 121.086 7.62568 -9.22273 0.493747 0.863357 0.0182646 0.102444 0
-0.271821 -0.316845 1.17901 0.979001 -0.0658092 0.192942 0.132154 -0.515766 -0.846476 0.155219 0.854198 -0.496238 121.354 7.59407 -9.00916 0.49168 0.864726 0.0191808 0.100656 0
-0.26732 -0.31414 1.16374 0.98531 -0.0403594 0.16594 0.111658 -0.58297 -0.804785 0.129219 0.811491 -0.569899 125.919 6.4109 -7.47143 0.456191 0.885745 0.0201239 0.083308 0
-0.264503 -0.312021 1.15481 0.984443 -0.0460111 0.169574 0.109639 -0.593301 -0.797479 0.137301 0.803664 -0.579027 126.648 6.2945 -7.93989 0.450587 0.888365 0.0179059 0.0863596 0
-0.262363 -0.310455 1.1483 0.983634 -0.0689873 0.166446 0.097793 -0.571467 -0.814777 0.151328 0.81772 -0.555368 125.045 5.6121 -8.74613 0.462817 0.881826 0.00816649 0.0900897 0
-0.259658 -0.30865 1.14073 0.987968 -0.0646107 0.140516 0.0784484 -0.573646 -0.815338 0.133286 0.816551 -0.561675 125.129 4.49939 -7.68335 0.461694 0.883642 0.00391497 0.0774642 0
-0.257099 -0.307067 1.12979 0.989894 -0.0586961 0.129089 0.0692143 -0.594531 -0.801088 0.123768 0.801927 -0.58446 126.581 3.96886 -7.1268 0.450251 0.890068 0.00295433 0.0710218 0
-0.25428 -0.303698 1.1178 0.988943 -0.0806551 0.124442 0.0602772 -0.548081 -0.834251 0.135491 0.832528 -0.537159 123.304 3.45572 -7.80129 0.475317 0.876667 -0.0058112 0.0741255 0
-0.251613 -0.299531 1.10656 0.991278 -0.0701553 0.11156 0.060824 -0.50742 -0.85955 0.11691 0.858838 -0.498727 120.555 3.48711 -6.72631 0.496269 0.865654 -0.00269487 0.065982 0
-0.249635 -0.297401 1.09753 0.990501 -0.0838531 0.108982 0.0528467 -0.499553 -0.86467 0.126948 0.862216 -0.490376 120.017 3.0293 -7.3035 0.500143 0.863196 -0.00898011 0.0683303 0
-0.247434 -0.295189 1.08908 0.991344 -0.0654925 0.113787 0.0679933 -0.485296 -0.871702 0.11231 0.871894 -0.476642 119.106 3.89874 -6.46352 0.507298 0.859256 0.000727623 0.0657827 0
-0.246811 -0.292539 1.07965 0.996944 0.00162039 0.078099 0.0684949 -0.498815 -0.863998 0.037557 0.866707 -0.497402 119.999 3.92754 -2.15743 0.500182 0.865038 0.0202636 0.0334251 0
-0.2461 -0.290749 1.06909 0.996865 0.0106749 0.0784023 0.0730338 -0.505393 -0.859793 0.0304458 0.862823 -0.504588 120.447 4.18826 -1.74936 0.49671 0.867013 0.0241371 0.031386 0
-0.243758 -0.287068 1.05611 0.994882 -0.00895615 0.100645 0.0839946 -0.480361 -0.87304 0.0561649 0.877025 -0.47715 118.82 4.81822 -3.23114 0.509257 0.859126 0.0218357 0.0456306 0
-0.240639 -0.282959 1.0425 0.994226 -0.00697931 0.107078 0.0930654 -0.440653 -0.89284 0.0534156 0.89765 -0.437459 116.268 5.33998 -3.07531 0.528231 0.847399 0.0253972 0.0473489 0
-0.236958 -0.278704 1.02621 0.994597 0.0210974 0.101646 0.101774 -0.391229 -0.914649 0.0204702 0.920052 -0.391262 113.158 5.84135 -1.17906 0.550478 0.83323 0.0368661 0.0366394 0
-0.232434 -0.274073 1.00835 0.996193 0.0459189 0.074096 0.0857587 -0.363881 -0.927489 -0.0156272 0.930313 -0.366433 111.422 4.91965 0.898717 0.562556 0.825607 0.0398729 0.0177048 0
-0.228225 -0.268265 0.988759 0.996373 0.0690894 0.0496653 0.0700341 -0.334398 -0.939826 -0.048324 0.939896 -0.338024 109.586 4.01595 2.77666 0.575315 0.816822 0.0425807 0.000410535 0
-0.224608 -0.2612 0.970786 0.999973 0.00525586 0.00520786 0.00636374 -0.25185 -0.967745 -0.00377473 0.967752 -0.251877 104.587 0.364618 0.216281 0.611606 0.791154 0.00367173 0.00045286 0
-0.22301 -0.257155 0.956036 0.999849 -0.0014652 0.0173002 0.0164917 -0.231406 -0.972717 0.0054286 0.972856 -0.231347 103.382 0.944945 -0.31108 0.619898 0.784634 0.00478773 0.00724186 0
-0.221678 -0.25454 0.947608 0.99865 -0.0153945 0.0496164 0.0449003 -0.224607 -0.973414 0.0261294 0.974328 -0.223612 102.993 2.57346 -1.49879 0.622581 0.782124 0.00943131 0.0242116 0
-0.217312 -0.251419 0.93683 0.999212 -0.0275877 0.0285225 0.0216118 -0.224481 -0.974239 0.0332798 0.974088 -0.223708 102.975 1.23836 -1.90759 0.6227 0.782209 -0.00190994 0.0197525 0
-0.212204 -0.247786 0.923328 0.999685 -0.0134338 0.0211815 0.0173411 -0.239967 -0.970626 0.0181221 0.970688 -0.239659 103.887 0.99362 -1.03853 0.616454 0.787291 0.00124072 0.0124806 0
-0.211162 -0.247172 0.916453 0.99974 0.012862 0.0188276 0.0215682 -0.265549 -0.963856 -0.00739743 0.964012 -0.265757 105.403 1.23586 0.423944 0.605895 0.795463 0.0108208 0.00359231 0
-0.205174 -0.241251 0.892399 0.997666 0.0619265 0.0287787 0.0418365 -0.221214 -0.974327 -0.0539705 0.973257 -0.223288 102.792 2.39776 3.0965 0.62313 0.781372 0.033199 -0.00806011 0
-0.201206 -0.237285 0.875012 0.994565 0.100703 0.0264553 0.0493035 -0.231702 -0.971537 -0.0917074 0.96756 -0.235408 103.414 2.82603 5.26826 0.617951 0.784486 0.0478042 -0.0207945 0
-0.199143 -0.235425 0.865181 0.991358 0.127868 0.029322 0.0596895 -0.240614 -0.968784 -0.116822 0.962161 -0.246167 103.948 3.42199 6.72074 0.613306 0.787105 0.0595721 -0.0277916 0
-0.198944 -0.23416 0.860132 0.991999 0.126027 0.00744493 0.0391912 -0.251355 -0.967101 -0.12001 0.959655 -0.254283 104.569 2.24607 6.898 0.609582 0.790196 0.0522714 -0.035613 0
-0.197323 -0.231802 0.849009 0.989007 0.14683 -0.0174942 0.0157717 -0.222381 -0.974832 -0.147025 0.96384 -0.222252 102.851 0.903691 8.45562 0.621364 0.780006 0.0521155 -0.0527301 0
-0.193238 -0.226158 0.829118 0.985791 0.167937 -0.00372244 0.0320953 -0.21006 -0.977162 -0.164883 0.963157 -0.212465 102.132 1.83924 9.49538 0.625153 0.775937 0.0644485 -0.0543232 0
-0.19156 -0.224647 0.821974 0.989259 0.146111 0.00429136 0.0388363 -0.234416 -0.97136 -0.14092 0.961094 -0.237573 103.568 2.22572 8.10726 0.615888 0.784418 0.058944 -0.0435447 0
-0.191185 -0.224605 0.818055 0.989965 0.140286 0.0169934 0.0518173 -0.248496 -0.967246 -0.131468 0.95842 -0.253272 104.408 2.97024 7.56466 0.609958 0.789261 0.060849 -0.0362601 0
-0.191228 -0.224978 0.816698 0.98438 0.175646 0.0120121 0.0598692 -0.269802 -0.961053 -0.165565 0.94676 -0.276103 105.681 3.4323 9.54732 0.599682 0.795343 0.0740295 -0.0482661 0
-0.191594 -0.225097 0.816249 0.984623 0.174692 0.000280178 0.048816 -0.273603 -0.960603 -0.167733 0.945846 -0.277923 105.898 2.79806 9.66768 0.59856 0.796265 0.0701739 -0.0525745 0
-0.19305 -0.223939 0.8173 0.989451 0.144853 0.00229523 0.0371572 -0.238433 -0.970448 -0.140025 0.960295 -0.2413 103.804 2.12944 8.05489 0.614353 0.785682 0.0579147 -0.0438249 0
-0.193248 -0.223805 0.817625 0.99007 0.140414 -0.00667184 0.0267736 -0.23495 -0.971639 -0.137999 0.961812 -0.236377 103.594 1.5342 7.93495 0.616187 0.784442 0.0532823 -0.0461064 0
-0.192821 -0.223722 0.816802 0.988672 0.149942 -0.00674905 0.0294872 -0.238126 -0.970786 -0.147168 0.95959 -0.23985 103.782 1.68974 8.46658 0.614552 0.785278 0.0571227 -0.0490009 0
-0.193277 -0.223923 0.817214 0.994042 0.107816 0.0160198 0.0411215 -0.234832 -0.971166 -0.100945 0.966038 -0.237867 103.593 2.35675 5.79852 0.616714 0.785293 0.0474146 -0.0270362 0
-0.192525 -0.223685 0.810655 0.994268 0.0980279 0.0426725 0.0648393 -0.235525 -0.969703 -0.0850075 0.966912 -0.240531 103.652 3.71763 4.88676 0.616079 0.785863 0.0518115 -0.0134677 0
-0.190782 -0.221954 0.803134 0.996946 0.0591323 0.0510054 0.0634773 -0.233209 -0.970352 -0.0454842 0.970627 -0.236251 103.514 3.63943 2.61222 0.617957 0.78524 0.0390357 0.00175781 0
-0.189465 -0.220567 0.796159 0.997771 0.0539378 0.0392889 0.0516352 -0.251109 -0.96658 -0.0422694 0.966455 -0.253335 104.563 2.9598 2.42582 0.611009 0.79092 0.0333704 -0.000942128 0
-0.186182 -0.218582 0.783304 0.999129 0.0416992 0.00123424 0.0130499 -0.284306 -0.958645 -0.0396238 0.957826 -0.284603 106.519 0.747724 2.27106 0.597959 0.801255 0.0170823 -0.0119779 0
-0.186079 -0.215931 0.778952 0.999026 0.0438098 -0.00527467 0.00601778 -0.253686 -0.967268 -0.043714 0.966294 -0.253702 104.696 0.344795 2.50547 0.610663 0.791583 0.0157367 -0.0154717 0
-0.185422 -0.213487 0.773648 0.996471 0.0839268 -0.00155281 0.0177679 -0.228967 -0.973272 -0.0820391 0.969809 -0.22965 103.238 1.01808 4.70653 0.620051 0.783436 0.0324515 -0.0266748 0
-0.185624 -0.213661 0.773758 0.995651 0.0931389 0.00201679 0.024111 -0.236714 -0.97128 -0.0899865 0.967105 -0.23793 103.697 1.38159 5.16434 0.616645 0.785859 0.0372999 -0.0279852 0
-0.1857 -0.213812 0.774609 0.997563 0.0696918 0.00339347 0.019609 -0.233343 -0.972197 -0.0669623 0.969894 -0.234141 103.497 1.12359 3.84027 0.618482 0.785023 0.0284389 -0.0202443 0
-0.186024 -0.214851 0.776581 0.997733 0.0672486 -0.00235908 0.0137477 -0.238036 -0.971159 -0.0658706 0.968925 -0.238421 103.772 0.787712 3.7772 0.6167 0.786478 0.0257465 -0.0216884 0
-0.18626 -0.215468 0.776802 0.998119 0.0612627 -0.00220286 0.0136977 -0.257906 -0.966073 -0.0597524 0.964226 -0.25826 104.947 0.784843 3.42592 0.608677 0.792825 0.0236371 -0.0195362 0
-0.185629 -0.214717 0.774393 0.999129 0.0403056 0.010816 0.0207664 -0.255384 -0.966617 -0.0361979 0.965999 -0.255998 104.8 1.18991 2.07489 0.609866 0.79223 0.0192722 -0.00800965 0
-0.185485 -0.215816 0.77402 0.999269 0.0360209 0.0128151 0.0225719 -0.285288 -0.958176 -0.0308584 0.957765 -0.285893 106.58 1.29339 1.76879 0.597513 0.801631 0.018273 -0.00562707 0
-0.185367 -0.216706 0.773904 0.99971 0.0240138 0.00185668 0.00913924 -0.306889 -0.951701 -0.0222842 0.951442 -0.307019 107.873 0.523647 1.27695 0.5886 0.808334 0.0102535 -0.00631778 0
-0.18552 -0.215752 0.773441 0.997555 0.0698331 0.00278182 0.0225395 -0.283786 -0.958623 -0.0661542 0.956342 -0.284666 106.491 1.29153 3.79409 0.597726 0.800938 0.0288326 -0.0197807 0
-0.185553 -0.216402 0.773529 0.999718 0.0229759 0.00599432 0.0126149 -0.300041 -0.953843 -0.0201169 0.95365 -0.300246 107.462 0.722801 1.15278 0.591488 0.806227 0.0110362 -0.00437921 0
-0.185795 -0.216468 0.775555 0.999724 0.0223212 0.00732072 0.0134845 -0.290109 -0.956898 -0.0192353 0.956733 -0.29033 106.866 0.772628 1.10227 0.595669 0.803144 0.0111455 -0.00370874 0
-0.18606 -0.215189 0.775565 0.999554 0.0297748 -0.0022341 0.00562541 -0.261273 -0.965248 -0.0293238 0.964806 -0.261324 105.146 0.322314 1.6804 0.60765 0.794064 0.0111453 -0.00993556 0
-0.185895 -0.214323 0.776513 0.999801 0.00642932 -0.0188745 -0.0168433 -0.234299 -0.972019 -0.0106717 0.972143 -0.234145 103.552 -0.965097 0.611542 0.61874 0.785533 -0.00331431 -0.00940324 0
-0.190436 -0.215919 0.785574 0.995794 0.0415928 -0.0816369 -0.0698072 -0.232681 -0.970045 -0.0593423 0.971663 -0.228799 103.488 -4.00291 3.41039 0.619337 0.783785 -0.0089994 -0.0449674 0
-0.190812 -0.21623 0.786903 0.994757 0.0541042 -0.0867831 -0.0714855 -0.238971 -0.968392 -0.0731327 0.969518 -0.23385 103.862 -4.09931 4.20472 0.616834 0.785426 -0.00553244 -0.050901 0
-0.190358 -0.215916 0.783464 0.991355 0.100692 -0.0841184 -0.0572083 -0.24524 -0.967773 -0.118076 0.964219 -0.237359 104.22 -3.27958 6.79227 0.614157 0.786441 0.013823 -0.0642753 0
-0.189492 -0.214924 0.780073 0.992824 0.0928152 -0.0754096 -0.04955 -0.254632 -0.965768 -0.10884 0.962574 -0.248206 104.77 -2.84017 6.25615 0.610325 0.789883 0.0136935 -0.0583154 0
-0.188331 -0.214372 0.77559 0.997789 0.0425198 -0.0510847 -0.0386996 -0.253209 -0.966637 -0.0540363 0.966477 -0.251003 104.679 -2.21788 3.09989 0.61106 0.790886 0.00120758 -0.0332289 0
-0.188151 -0.21415 0.77408 0.998774 0.00804066 -0.0488455 -0.0451469 -0.25678 -0.965415 -0.0203051 0.966437 -0.256102 104.895 -2.58761 1.16466 0.609486 0.79241 -0.0117068 -0.0218166 0
-0.187986 -0.214006 0.774122 0.998693 -0.00175514 -0.0510859 -0.0498749 -0.252359 -0.966348 -0.0111959 0.967632 -0.252116 104.636 -2.85881 0.642291 0.611191 0.79107 -0.0163165 -0.0196828 0
-0.188305 -0.213932 0.775049 0.997002 -0.0238722 -0.0736034 -0.0772193 -0.246099 -0.966164 0.00495071 0.968951 -0.247205 104.29 -4.42875 -0.284505 0.613127 0.789035 -0.0320301 -0.0217521 0
-0.187999 -0.213043 0.774493 0.997598 -0.0344124 -0.0601194 -0.0664173 -0.2286 -0.971252 0.0196798 0.972912 -0.230337 103.244 -3.80824 -1.13014 0.620214 0.783667 -0.032166 -0.0129008 0
-0.188947 -0.214372 0.778106 0.997521 -0.025604 -0.0655406 -0.0697646 -0.238541 -0.968623 0.0091665 0.970795 -0.239736 103.835 -4.00047 -0.526492 0.616288 0.786733 -0.0303052 -0.017914 0
-0.189223 -0.214907 0.779943 0.99669 -0.00663738 -0.0810192 -0.080052 -0.253458 -0.964028 -0.0141364 0.967324 -0.253151 104.731 -4.59156 0.812588 0.610344 0.791091 -0.0273955 -0.030071 0
-0.189276 -0.214833 0.777682 0.99761 0.0153808 -0.0673575 -0.0612957 -0.252836 -0.965566 -0.0318815 0.967387 -0.251289 104.674 -3.51419 1.83043 0.611041 0.790844 -0.0145145 -0.0313712 0
-0.189276 -0.215059 0.779031 0.995964 0.0583166 -0.0682242 -0.0512711 -0.254228 -0.965784 -0.0736657 0.965385 -0.250212 104.748 -2.9389 4.23014 0.61064 0.790633 0.00222781 -0.0448659 0
-0.188151 -0.21446 0.775456 0.9971 0.0508554 -0.0566084 -0.0416087 -0.258491 -0.965117 -0.0637141 0.964674 -0.255625 104.994 -2.38469 3.65619 0.608889 0.792341 0.0029175 -0.0379642 0
-0.188616 -0.215407 0.775718 0.997128 0.0572896 -0.0495336 -0.031485 -0.281268 -0.959113 -0.0688794 0.957918 -0.278656 106.344 -1.80425 3.95159 0.599417 0.799539 0.00806859 -0.0370254 0
-0.189355 -0.215486 0.778215 0.994865 0.0806111 -0.0611981 -0.0365858 -0.277342 -0.960074 -0.0943655 0.957383 -0.272969 106.113 -2.09668 5.41844 0.600948 0.79768 0.0137979 -0.048755 0
-0.18946 -0.215566 0.779732 0.994906 0.0775882 -0.0643543 -0.0419206 -0.262131 -0.964121 -0.0916737 0.961908 -0.257543 105.21 -2.40258 5.26454 0.607296 0.792872 0.0112463 -0.0491972 0
-0.189416 -0.215289 0.780444 0.996992 0.0369695 -0.0681132 -0.0566793 -0.251575 -0.966177 -0.0528546 0.967131 -0.248723 104.595 -3.24922 3.03464 0.611697 0.790141 -0.00623616 -0.0382741 0
-0.189926 -0.215521 0.780964 0.997393 0.00570509 -0.0719397 -0.0681437 -0.253692 -0.964882 -0.0237553 0.967268 -0.252642 104.731 -3.90737 1.36438 0.610545 0.791158 -0.0197301 -0.0302389 0
-0.189474 -0.215388 0.779626 0.997256 -0.0470517 -0.0571477 -0.0671426 -0.249863 -0.96595 0.0311705 0.967137 -0.252337 104.503 -3.84988 -1.79027 0.611362 0.790483 -0.0361153 -0.00821559 0
-0.188615 -0.214812 0.776391 0.996084 -0.0695985 -0.0545176 -0.0705185 -0.253548 -0.964749 0.0533222 0.964816 -0.257463 104.725 -4.04377 -3.06423 0.609318 0.791691 -0.0442462 -0.000377478 0
-0.188161 -0.213322 0.772001 0.993839 -0.101551 -0.0443991 -0.0679451 -0.241751 -0.967957 0.0875634 0.96501 -0.247161 104.023 -3.89597 -5.03511 0.613377 0.787837 -0.0537852 0.0136971 0
-0.188077 -0.212843 0.771164 0.993313 -0.108162 -0.0403809 -0.0649735 -0.234579 -0.969923 0.0954367 0.966061 -0.240038 103.596 -3.72533 -5.48808 0.616177 0.785482 -0.055105 0.0175229 0
-0.18813 -0.212786 0.772353 0.986355 -0.155831 -0.0531068 -0.0876128 -0.223745 -0.970702 0.139383 0.96211 -0.234345 102.98 -5.02629 -8.0433 0.618115 0.781736 -0.0778537 0.0275913 0
-0.188475 -0.213542 0.772496 0.991918 -0.121781 -0.0356186 -0.0643212 -0.240639 -0.968481 0.109372 0.962944 -0.246528 103.954 -3.68788 -6.29218 0.613341 0.787255 -0.0590986 0.023421 0
-0.188993 -0.214192 0.773884 0.99667 -0.0734681 -0.0353781 -0.0530915 -0.255364 -0.965386 0.0618908 0.964049 -0.258415 104.817 -3.04335 -3.55337 0.60887 0.79222 -0.0399383 0.00836657 0
-0.189425 -0.214878 0.774508 0.99738 -0.0596197 -0.0409806 -0.0555288 -0.267779 -0.961879 0.0463732 0.961634 -0.270388 105.557 -3.1832 -2.66205 0.603989 0.79617 -0.036157 0.00169328 0
-0.18909 -0.215091 0.776057 0.997282 -0.0486491 -0.0553265 -0.0663047 -0.265307 -0.961881 0.0321161 0.962936 -0.267812 105.42 -3.80177 -1.8445 0.605013 0.795362 -0.0361325 -0.00729555 0
-0.189859 -0.215054 0.778274 0.995102 -0.0703344 -0.0694558 -0.0851878 -0.253785 -0.963502 0.0501406 0.9647 -0.258534 104.756 -4.88682 -2.88454 0.608848 0.791742 -0.0491076 -0.00609896 0
-0.18915 -0.214644 0.777419 0.995257 -0.0694595 -0.0681043 -0.0832969 -0.246913 -0.965451 0.0502439 0.966545 -0.251528 104.346 -4.7781 -2.89003 0.611722 0.789572 -0.0483668 -0.0056551 0
-0.188974 -0.213425 0.774821 0.996475 -0.0551796 -0.063189 -0.0745018 -0.235835 -0.968933 0.0385632 0.970225 -0.239115 103.68 -4.2726 -2.21622 0.616751 0.786038 -0.0412453 -0.00783225 0
-0.18961 -0.212844 0.773324 0.993586 -0.112112 -0.0147466 -0.0397592 -0.224286 -0.973712 0.105858 0.968053 -0.227305 102.971 -2.27863 -6.0814 0.620885 0.781853 -0.0485614 0.029133 0
-0.189862 -0.213055 0.774183 0.994449 -0.10232 -0.0245414 -0.04713 -0.22461 -0.973308 0.0940766 0.969062 -0.228186 102.995 -2.70135 -5.4042 0.620817 0.782184 -0.0477669 0.0222247 0
-0.190089 -0.213678 0.774514 0.996156 -0.0779785 -0.0398956 -0.0573213 -0.235955 -0.970072 0.0662312 0.96863 -0.239518 103.671 -3.28607 -3.80381 0.61658 0.786071 -0.0430304 0.00837569 0
-0.189722 -0.213711 0.774629 0.995501 -0.0812809 -0.0486932 -0.0670102 -0.240637 -0.968299 0.0669869 0.967206 -0.245001 103.956 -3.84228 -3.84961 0.614383 0.787581 -0.0470717 0.00580693 0
-0.188147 -0.212687 0.772035 0.994834 -0.0763772 -0.0668687 -0.0833713 -0.238923 -0.967453 0.0579148 0.96803 -0.244057 103.872 -4.78237 -3.33174 0.614787 0.787054 -0.0507426 -0.00284413 0
-0.18767 -0.212998 0.771069 0.993773 -0.0764158 -0.0810902 -0.0975024 -0.244161 -0.964821 0.0539284 0.966719 -0.250092 104.201 -5.59536 -3.10618 0.612275 0.788674 -0.0551299 -0.00860995 0
-0.188772 -0.213647 0.775049 0.993434 -0.0873769 -0.0738528 -0.0927475 -0.237133 -0.96704 0.0669841 0.96754 -0.243679 103.778 -5.32169 -3.85743 0.614943 0.786487 -0.057256 -0.00218334 0
-0.189045 -0.213628 0.774011 0.995854 -0.0774634 -0.0476932 -0.0650705 -0.240218 -0.968536 0.0635693 0.967623 -0.244263 103.93 -3.7309 -3.65246 0.614689 0.787454 -0.0452515 0.00504031 0
-0.189012 -0.213518 0.77315 0.994408 -0.0987401 -0.0374692 -0.0607781 -0.244899 -0.967642 0.0863688 0.964508 -0.249531 104.203 -3.48447 -4.96394 0.612368 0.788803 -0.0505571 0.015498 0
-0.188977 -0.213471 0.77202 0.990131 -0.13732 -0.0279916 -0.0611815 -0.243847 -0.967882 0.126084 0.960043 -0.249842 104.141 -3.50763 -7.25704 0.611646 0.788007 -0.0629759 0.0311205 0
-0.190161 -0.213424 0.772966 0.998753 0.0444501 -0.0227296 -0.0112387 -0.243414 -0.969857 -0.048643 0.968903 -0.242611 104.089 -0.643942 2.78831 0.614965 0.788159 0.0105345 -0.022639 0
-0.189928 -0.21319 0.772927 0.994402 0.0987997 -0.037461 -0.01247 -0.242322 -0.970116 -0.104925 0.965152 -0.239734 104.025 -0.714495 6.02331 0.614887 0.786838 0.0274293 -0.0452399 0
-0.189923 -0.213958 0.774548 0.992771 0.113458 -0.0391415 -0.00948219 -0.250959 -0.967951 -0.119645 0.961326 -0.248069 104.535 -0.543298 6.87192 0.611094 0.789272 0.0329342 -0.0502952 0
-0.188622 -0.213892 0.773568 0.991734 0.117507 -0.0515358 -0.0187773 -0.26441 -0.964228 -0.12693 0.957225 -0.260018 105.335 -1.07592 7.29355 0.605662 0.793121 0.0311208 -0.0562545 0
-0.189415 -0.214336 0.775601 0.990759 0.122611 -0.0579869 -0.0244247 -0.259253 -0.965501 -0.133415 0.957995 -0.253863 105.03 -1.39957 7.66925 0.607792 0.791182 0.0310253 -0.0604796 0
-0.188069 -0.212605 0.771951 0.996735 0.0693573 -0.0413446 -0.0240959 -0.233212 -0.972127 -0.0770662 0.969949 -0.23078 103.49 -1.38073 4.42123 0.61902 0.784335 0.0144267 -0.0377424 0
-0.189296 -0.212269 0.771311 0.997644 0.0667878 -0.0156533 -0.000246834 -0.224693 -0.974429 -0.0685972 0.972138 -0.224148 102.985 -0.0141425 3.93342 0.622255 0.782062 0.021271 -0.0269322 0
-0.189696 -0.213158 0.77272 0.997632 0.0635781 -0.0262427 -0.0102092 -0.240436 -0.970611 -0.0680193 0.968581 -0.239217 103.913 -0.584952 3.90043 0.616031 0.78697 0.0169539 -0.0299446 0
-0.189609 -0.213401 0.772439 0.997933 0.0566498 -0.0303399 -0.0154224 -0.247204 -0.968841 -0.0623848 0.967306 -0.24582 104.314 -0.883671 3.57713 0.613374 0.789138 0.0130609 -0.0293753 0
-0.189372 -0.213175 0.773324 0.998604 0.026638 -0.0456206 -0.0379735 -0.23841 -0.970422 -0.0367265 0.970799 -0.237066 103.803 -2.17625 2.10627 0.617075 0.78646 -0.00360335 -0.0261765 0
-0.18983 -0.213441 0.773771 0.999609 0.0197112 -0.0198083 -0.0145388 -0.238511 -0.971031 -0.0238647 0.97094 -0.238131 103.8 -0.833041 1.36762 0.617043 0.786805 0.00164348 -0.0138767 0
-0.19017 -0.213127 0.772529 0.999716 0.00704168 -0.0227831 -0.0204471 -0.238499 -0.970927 -0.0122707 0.971117 -0.238287 103.801 -1.17161 0.703224 0.617035 0.786845 -0.00425923 -0.0111374 0
-0.189942 -0.213327 0.772977 0.999673 -0.00619694 -0.0247969 -0.0255595 -0.239856 -0.970472 6.62589e-05 0.970789 -0.239936 103.883 -1.46461 -0.00379759 0.616417 0.787316 -0.0100838 -0.00785284 0
-0.190443 -0.213709 0.774836 0.999417 -0.00575688 -0.0336564 -0.0340571 -0.238848 -0.97046 -0.00245194 0.97104 -0.238904 103.827 -1.9517 0.140568 0.616779 0.786951 -0.0126482 -0.011471 0
-0.190091 -0.212965 0.773703 0.998789 0.0360871 -0.0334311 -0.0242823 -0.229357 -0.973039 -0.0427819 0.972673 -0.228204 103.263 -1.39141 2.45269 0.620731 0.783637 0.00376603 -0.0243138 0
-0.189964 -0.21267 0.77188 0.998859 0.0416304 -0.0233913 -0.0131315 -0.231496 -0.972747 -0.0459109 0.971945 -0.230686 103.386 -0.752402 2.63165 0.619814 0.784385 0.0090832 -0.0220881 0
-0.189417 -0.212317 0.771543 0.998131 -0.0545461 -0.0275429 -0.039053 -0.222761 -0.974091 0.0469974 0.973346 -0.224475 102.881 -2.23814 -2.6958 0.622675 0.781883 -0.0299274 0.00622039 0
-0.18884 -0.21197 0.769738 0.999081 -0.0255171 -0.0344529 -0.0394161 -0.230533 -0.972266 0.0168669 0.97273 -0.231327 103.339 -2.25896 -0.967198 0.619923 0.784369 -0.020696 -0.00560515 0
-0.189427 -0.212459 0.771289 0.999003 0.0222144 -0.0387302 -0.032545 -0.231557 -0.972277 -0.0305668 0.972568 -0.230603 103.396 -1.86502 1.75255 0.619847 0.784405 -0.0032925 -0.0220859 0
-0.190296 -0.213238 0.77338 0.997535 0.0591908 -0.0376917 -0.0224743 -0.239353 -0.970673 -0.0664766 0.969127 -0.237432 103.852 -1.28779 3.8126 0.616593 0.786499 0.0116709 -0.0331114 0
-0.190325 -0.213649 0.774748 0.994209 0.101694 -0.0347438 -0.00927733 -0.240875 -0.970512 -0.107065 0.965214 -0.238537 103.939 -0.531559 6.14639 0.615385 0.786387 0.0293803 -0.0450822 0
-0.190305 -0.213777 0.775337 0.990392 0.134038 -0.0340103 -1.13103e-05 -0.245865 -0.969304 -0.138285 0.959992 -0.243501 104.233 -0.000648034 7.94862 0.612582 0.787362 0.0425554 -0.0547065 0
-0.190109 -0.214615 0.775848 0.990082 0.134959 -0.0390322 -0.00274165 -0.259216 -0.965815 -0.140463 0.956344 -0.256275 105.024 -0.157085 8.07466 0.607164 0.79145 0.0417642 -0.0566982 0
-0.18985 -0.215267 0.775994 0.988058 0.147511 -0.0445182 -0.00269447 -0.27234 -0.962197 -0.154058 0.950827 -0.26869 105.804 -0.154382 8.86223 0.601463 0.795155 0.0455308 -0.0624333 0
-0.189591 -0.213809 0.77429 0.996314 0.0656788 -0.0551744 -0.0370197 -0.251005 -0.967278 -0.0773787 0.965755 -0.247648 104.547 -2.12156 4.44096 0.611895 0.789773 0.00907192 -0.0419592 0
-0.188338 -0.212376 0.77105 0.998827 -0.00099673 -0.0484117 -0.047335 -0.230747 -0.971862 -0.0102022 0.973013 -0.230524 103.356 -2.71311 0.585208 0.619991 0.784235 -0.0154073 -0.0186851 0
-0.188726 -0.211788 0.769795 0.998453 -0.0094921 -0.054786 -0.0554987 -0.230224 -0.971554 -0.00339093 0.973091 -0.230394 103.331 -3.18148 0.194586 0.620047 0.784071 -0.0207222 -0.0185496 0
-0.187768 -0.210849 0.763752 0.998219 -0.0171268 -0.0571433 -0.0595524 -0.230016 -0.971363 0.00349245 0.973036 -0.230627 103.322 -3.41412 -0.200459 0.619995 0.784038 -0.0244501 -0.0171072 0
-0.184464 -0.208829 0.753817 0.996774 -0.0522329 -0.0609437 -0.0714874 -0.232482 -0.96997 0.036496 0.971197 -0.235466 103.478 -4.09942 -2.0969 0.618229 0.784971 -0.0394028 -0.00778616 0
-0.18251 -0.204291 0.734712 0.991783 -0.0281568 -0.124793 -0.127922 -0.228694 -0.965057 -0.00136642 0.973091 -0.230416 103.332 -7.34955 0.0789386 0.619006 0.782766 -0.0498486 -0.0402927 0
-0.181248 -0.202702 0.728983 0.988423 0.00957213 -0.151419 -0.144757 -0.239391 -0.960072 -0.0454382 0.970876 -0.235234 104.001 -8.32323 2.63206 0.615183 0.784705 -0.0430688 -0.062717 0
-0.179054 -0.201075 0.720577 0.987787 -0.0355846 -0.151689 -0.155797 -0.236843 -0.958975 -0.0018018 0.970896 -0.239495 103.873 -8.963 0.104512 0.614705 0.784877 -0.060959 -0.0488902 0
-0.177581 -0.198721 0.710314 0.981927 -0.0576176 -0.180279 -0.189165 -0.268236 -0.944598 0.00606827 0.961629 -0.274287 105.853 -10.9041 -0.354082 0.599876 0.794426 -0.0776608 -0.0548229 0
-0.173551 -0.195222 0.69419 0.978265 0.00650389 -0.207255 -0.196854 -0.284937 -0.938115 -0.065156 0.958524 -0.277464 106.895 -11.353 3.81048 0.59495 0.796973 -0.0597103 -0.0854516 0
-0.169806 -0.191594 0.676347 0.982094 0.031943 -0.185661 -0.170351 -0.270237 -0.947604 -0.0804418 0.962264 -0.259956 105.917 -9.80824 4.68255 0.602474 0.79251 -0.0436614 -0.0839431 0
-0.166323 -0.188479 0.663492 0.981651 0.0649879 -0.179269 -0.155633 -0.270149 -0.950157 -0.110178 0.960623 -0.255078 105.872 -8.95352 6.40393 0.603412 0.791656 -0.0286252 -0.0914056 0
-0.160831 -0.183869 0.64218 0.983258 -0.0255485 -0.18042 -0.181279 -0.237655 -0.954284 -0.0184972 0.971014 -0.238307 103.984 -10.4443 1.07773 0.61386 0.784095 -0.0659446 -0.0634226 0
-0.157532 -0.181042 0.628817 0.983105 -0.0638349 -0.171549 -0.181969 -0.239602 -0.953666 0.0197738 0.96877 -0.24717 104.103 -10.4845 -1.15227 0.611624 0.785792 -0.0782027 -0.0482873 0
-0.15416 -0.176241 0.608181 0.983255 -0.0987384 -0.153167 -0.173398 -0.248366 -0.95302 0.0560581 0.963621 -0.261328 104.607 -9.98547 -3.26306 0.606952 0.789454 -0.0861788 -0.0307521 0
-0.150432 -0.173383 0.587859 0.979422 -0.125264 -0.158245 -0.187457 -0.274099 -0.943255 0.0747815 0.953509 -0.29194 106.203 -10.8044 -4.36621 0.594429 0.797725 -0.0980042 -0.0261566 0
-0.146592 -0.16953 0.572111 0.978633 -0.134902 -0.155173 -0.188021 -0.281696 -0.940901 0.0832181 0.949973 -0.301041 106.667 -10.8373 -4.86046 0.59074 0.800214 -0.100887 -0.02248 0
-0.142611 -0.165208 0.550208 0.97238 -0.141114 -0.185912 -0.221084 -0.301528 -0.927471 0.0748215 0.942957 -0.324398 108.01 -12.7727 -4.40005 0.580184 0.805963 -0.112349 -0.0344588 0
-0.137786 -0.16005 0.532945 0.969273 -0.0906884 -0.22866 -0.244973 -0.27156 -0.930722 0.0223108 0.958139 -0.285432 106.266 -14.1802 -1.31861 0.594197 0.794712 -0.105592 -0.0649131 0
-0.132379 -0.15662 0.512573 0.965863 -0.216759 -0.141862 -0.198912 -0.269716 -0.942171 0.165962 0.938226 -0.303625 105.975 -11.4733 -9.74981 0.590026 0.796744 -0.130428 0.00756222 0
-0.128858 -0.15252 0.497478 0.957764 -0.247735 -0.145999 -0.20609 -0.237293 -0.949325 0.200537 0.939319 -0.278326 104.034 -11.8933 -11.8258 0.600447 0.78635 -0.144282 0.017339 0
-0.124174 -0.148217 0.480428 0.953949 -0.259697 -0.150128 -0.210672 -0.223751 -0.951605 0.213538 0.939411 -0.268158 103.232 -12.1617 -12.6174 0.604574 0.781962 -0.150381 0.0202727 0
-0.118779 -0.142902 0.457142 0.915346 -0.360913 -0.178558 -0.257816 -0.184669 -0.948382 0.309309 0.914133 -0.262085 101.019 -14.9405 -18.6709 0.605927 0.768456 -0.20129 0.0425369 0
-0.115579 -0.139739 0.443342 0.903584 -0.391462 -0.174051 -0.251002 -0.154505 -0.955576 0.34718 0.907131 -0.237866 99.1845 -14.5368 -21.018 0.614657 0.75762 -0.212001 0.0571292 0
-0.114607 -0.137973 0.43799 0.903289 -0.399693 -0.155934 -0.232918 -0.151619 -0.960604 0.360304 0.904023 -0.230052 98.9694 -13.4689 -21.7461 0.616769 0.755804 -0.209251 0.0676 0
-0.112838 -0.136792 0.432685 0.864807 -0.474247 -0.164918 -0.262187 -0.14641 -0.953846 0.428213 0.868132 -0.250958 98.7265 -15.1999 -26.3425 0.60569 0.752026 -0.244816 0.0875283 0
-0.113102 -0.135891 0.435009 0.836782 -0.522206 -0.164614 -0.272249 -0.135975 -0.952571 0.475055 0.84191 -0.255951 98.1238 -15.7981 -29.5843 0.601011 0.746443 -0.26608 0.103974 0
-0.113095 -0.13576 0.435052 0.826511 -0.535539 -0.173429 -0.269946 -0.106718 -0.956943 0.493973 0.83774 -0.23277 96.3633 -15.661 -30.8651 0.609718 0.735867 -0.273652 0.1089 0
-0.113475 -0.135475 0.436174 0.818549 -0.547572 -0.173615 -0.277382 -0.11211 -0.954196 0.503027 0.829214 -0.243654 96.701 -16.104 -31.5722 0.604728 0.737278 -0.27973 0.111699 0
-0.114652 -0.135483 0.436679 0.818016 -0.548961 -0.171731 -0.281932 -0.122426 -0.951591 0.501363 0.826833 -0.254916 97.3311 -16.3755 -31.5042 0.60014 0.740837 -0.28039 0.111236 0
-0.113864 -0.134596 0.433547 0.804302 -0.557943 -0.204445 -0.311965 -0.103651 -0.944423 0.505743 0.823381 -0.257425 96.2632 -18.1777 -32.1615 0.600672 0.735761 -0.295581 0.102376 0
-0.114847 -0.13507 0.435315 0.804113 -0.560086 -0.199263 -0.310026 -0.109094 -0.944448 0.507234 0.82122 -0.261366 96.5891 -18.0608 -32.2437 0.598676 0.737322 -0.295025 0.104422 0
-0.115072 -0.134778 0.436693 0.810159 -0.552286 -0.196529 -0.302849 -0.107275 -0.946982 0.501922 0.826724 -0.254169 96.463 -17.6288 -31.7797 0.601813 0.736818 -0.290144 0.103619 0
-0.115336 -0.135267 0.437189 0.808186 -0.549692 -0.211361 -0.312973 -0.0968616 -0.94481 0.498882 0.829733 -0.250321 95.8535 -18.2385 -31.6864 0.60436 0.734059 -0.2938 0.0979215 0
-0.11438 -0.134964 0.434829 0.810342 -0.547296 -0.209314 -0.309142 -0.0958587 -0.946173 0.497772 0.831431 -0.24687 95.785 -18.0075 -31.5613 0.605725 0.733667 -0.291835 0.098293 0
-0.113732 -0.134649 0.435045 0.808741 -0.552372 -0.202046 -0.304553 -0.0994034 -0.947294 0.503175 0.82765 -0.248618 95.9904 -17.7313 -31.8886 0.604301 0.734296 -0.29175 0.102523 0
-0.114996 -0.135122 0.435647 0.797015 -0.568246 -0.204608 -0.308112 -0.091179 -0.946971 0.519456 0.817792 -0.247754 95.4998 -17.9455 -33.0944 0.603755 0.730744 -0.299817 0.107715 0
-0.114673 -0.135374 0.435786 0.778749 -0.589934 -0.213371 -0.316075 -0.0751735 -0.945751 0.541891 0.803945 -0.245005 94.5446 -18.4257 -34.832 0.603857 0.724384 -0.312683 0.113379 0
-0.116381 -0.134684 0.436503 0.814293 -0.538312 -0.217136 -0.324219 -0.111524 -0.939385 0.481466 0.835334 -0.265344 96.7705 -18.9183 -30.5945 0.599463 0.740128 -0.291345 0.0892851 0
-0.115409 -0.134734 0.434 0.858111 -0.46049 -0.227143 -0.314792 -0.122323 -0.941245 0.40565 0.879196 -0.249926 97.4046 -18.3483 -25.3012 0.60948 0.74672 -0.259563 0.0597634 0
-0.115071 -0.134141 0.431773 0.872969 -0.428198 -0.233607 -0.312728 -0.123784 -0.941742 0.374335 0.895167 -0.241969 97.4881 -18.2237 -23.21 0.613844 0.748118 -0.247597 0.0470274 0
-0.11441 -0.13354 0.429803 0.911135 -0.348367 -0.220165 -0.288508 -0.157725 -0.944397 0.294271 0.923993 -0.244216 99.4815 -16.7686 -17.899 0.614246 0.76044 -0.209377 0.024363 0
-0.112333 -0.130447 0.418671 0.903949 -0.350009 -0.245703 -0.31885 -0.16876 -0.93266 0.284974 0.92142 -0.264151 100.256 -18.5934 -17.4977 0.606432 0.76434 -0.21877 0.012845 0
-0.110226 -0.128631 0.405375 0.902633 -0.356825 -0.240684 -0.332971 -0.224567 -0.915805 0.272733 0.906777 -0.321515 103.778 -19.4492 -16.8123 0.582355 0.782419 -0.220405 0.0102404 0
-0.109521 -0.127222 0.400399 0.916106 -0.308549 -0.256023 -0.32904 -0.213717 -0.919814 0.229091 0.926889 -0.297312 103.08 -19.2105 -14.0401 0.59268 0.778963 -0.204628 -0.0086433 0
-0.109268 -0.126187 0.400072 0.923822 -0.274934 -0.266391 -0.323517 -0.188657 -0.927224 0.204669 0.942772 -0.263232 101.501 -18.8758 -12.4919 0.606616 0.770667 -0.194134 -0.0200222 0
-0.109323 -0.126286 0.399618 0.918306 -0.286529 -0.273158 -0.324285 -0.148709 -0.934197 0.227053 0.94646 -0.229477 99.0447 -18.9223 -13.888 0.620508 0.757709 -0.201533 -0.0152118 0
-0.109564 -0.126595 0.397808 0.913333 -0.283977 -0.291857 -0.33766 -0.12752 -0.93259 0.227617 0.950313 -0.212356 97.7862 -19.7344 -13.9939 0.627187 0.750535 -0.207065 -0.0213983 0
-0.10928 -0.124957 0.397515 0.921652 -0.2356 -0.308301 -0.354079 -0.185702 -0.916593 0.158697 0.953943 -0.254573 101.453 -20.737 -9.76981 0.608559 0.768428 -0.191846 -0.0486722 0
-0.109525 -0.125091 0.398101 0.93689 -0.198376 -0.287897 -0.326699 -0.203455 -0.92297 0.124521 0.958777 -0.255424 102.431 -19.0686 -7.57078 0.607867 0.773913 -0.169617 -0.0527759 0
-0.10944 -0.124992 0.398181 0.941724 -0.16433 -0.293515 -0.324405 -0.212861 -0.921657 0.0889782 0.963164 -0.253766 103.005 -18.9295 -5.39753 0.607268 0.775943 -0.157465 -0.0658994 0
-0.110312 -0.125277 0.399162 0.944197 -0.119869 -0.306795 -0.327206 -0.234498 -0.915394 0.0377847 0.964698 -0.260634 104.369 -19.0993 -2.29163 0.601885 0.780918 -0.143125 -0.0861199 0
-0.110146 -0.125716 0.399071 0.9391 -0.119548 -0.322179 -0.343012 -0.269262 -0.899911 0.0208318 0.955618 -0.29387 106.658 -20.0605 -1.27077 0.586508 0.790922 -0.146209 -0.0952519 0
