-0.336839 -0.396693 1.4544 0.816922 0.57616 0.0260526 0.203927 -0.246299 -0.947497 -0.539493 0.779344 -0.318702 104.571 11.7667 33.4407 0.559446 0.771674 0.252726 -0.16634 0
-0.337151 -0.407975 1.45967 0.792518 0.609244 0.0271671 0.206145 -0.225701 -0.952136 -0.573951 0.760185 -0.304465 103.336 11.8966 35.9125 0.561772 0.762018 0.26751 -0.179387 0
-0.337388 -0.416795 1.45965 0.779763 0.625674 0.0223961 0.187582 -0.199352 -0.961806 -0.597312 0.754183 -0.272813 101.71 10.8117 37.4527 0.571751 0.750321 0.270969 -0.191557 0
-0.337155 -0.420108 1.46474 0.768519 0.63853 0.0407084 0.210976 -0.192832 -0.958282 -0.604042 0.745047 -0.28291 101.378 12.1796 38.1667 0.568502 0.749043 0.283531 -0.188018 0
-0.339861 -0.420575 1.47837 0.822153 0.568675 -0.025936 0.0863689 -0.16964 -0.981714 -0.562676 0.804879 -0.188586 99.8039 4.95475 34.3875 0.604964 0.738305 0.221807 -0.199312 0
-0.344558 -0.422229 1.48584 0.828552 0.558108 -0.0449149 0.0624127 -0.171778 -0.983157 -0.556423 0.811793 -0.17716 99.9107 3.57831 33.8838 0.608197 0.737816 0.210256 -0.203756 0
-0.345753 -0.42375 1.49169 0.838504 0.541209 -0.0632826 0.0451315 -0.184718 -0.981755 -0.543024 0.820349 -0.179312 100.656 2.58672 32.9275 0.60714 0.742047 0.197542 -0.204268 0
-0.343696 -0.424773 1.49341 0.858092 0.512053 -0.0384757 0.0485582 -0.155509 -0.98664 -0.511195 0.844759 -0.158306 98.957 2.78328 30.7837 0.621345 0.73687 0.1902 -0.186489 0
-0.344988 -0.425606 1.49789 0.861058 0.507728 -0.0281149 0.0511487 -0.141487 -0.988618 -0.505927 0.84982 -0.147798 98.1446 2.93188 30.437 0.626852 0.733203 0.19056 -0.182092 0
-0.347501 -0.426716 1.49992 0.893715 0.443556 -0.067315 -0.01657 -0.117306 -0.992958 -0.448329 0.888536 -0.0974888 96.7376 -0.949436 26.6405 0.647866 0.726035 0.147027 -0.177555 0
-0.347404 -0.426395 1.49844 0.882131 0.451543 -0.13399 -0.130724 -0.0385872 -0.990668 -0.4525 0.891414 0.0249887 92.2306 -7.51146 27.1561 0.683471 0.688427 0.116504 -0.212982 0
-0.348782 -0.42466 1.50417 0.854231 0.481736 -0.195499 -0.238549 0.0290729 -0.970695 -0.461935 0.875834 0.139753 88.2845 -13.8009 28.4028 0.711171 0.649116 0.0936609 -0.253204 0
-0.350121 -0.420647 1.51049 0.845627 0.482959 -0.227302 -0.317288 0.112367 -0.941649 -0.429237 0.868403 0.248257 83.1951 -18.499 26.9122 0.742673 0.609303 0.0679758 -0.269381 0
-0.347471 -0.417033 1.51799 0.828567 0.498107 -0.255667 -0.391086 0.188123 -0.900922 -0.400659 0.846462 0.350676 78.2054 -23.0221 25.8064 0.769312 0.56784 0.0471176 -0.288957 0
-0.34661 -0.409759 1.52767 0.802732 0.516477 -0.298116 -0.491482 0.289858 -0.821235 -0.337738 0.80575 0.486518 70.5593 -29.438 22.8182 0.80298 0.506546 0.0123361 -0.313818 0
-0.348104 -0.400489 1.53561 0.789266 0.54192 -0.28876 -0.539863 0.388326 -0.746827 -0.292588 0.745336 0.599055 62.527 -32.6743 20.3402 0.833164 0.44774 0.00114872 -0.324601 0
-0.348221 -0.390623 1.54458 0.7495 0.596053 -0.288044 -0.609846 0.45238 -0.650723 -0.25756 0.66338 0.70256 55.1931 -37.5784 18.9649 0.852121 0.385539 -0.0089438 -0.353793 0
-0.342874 -0.373603 1.55413 0.700332 0.644886 -0.306035 -0.677585 0.465731 -0.569186 -0.22453 0.605984 0.763131 50.7086 -42.6552 17.7761 0.855744 0.343318 -0.0238112 -0.386351 0
-0.342183 -0.363254 1.55705 0.663956 0.686508 -0.296429 -0.725572 0.495586 -0.47743 -0.180853 0.532073 0.827158 43.931 -46.5165 15.237 0.864103 0.292067 -0.033438 -0.408539 0
-0.342204 -0.35977 1.55851 0.654878 0.692855 -0.301806 -0.749125 0.542435 -0.380232 -0.0997355 0.475096 0.874263 35.0294 -48.5146 8.6594 0.876296 0.244018 -0.0576491 -0.411385 0
-0.344924 -0.359008 1.55855 0.65107 0.679172 -0.338869 -0.758613 0.567698 -0.319727 -0.0247746 0.465235 0.88484 29.3882 -49.3421 2.17917 0.880853 0.222785 -0.089145 -0.408066 0
-0.34503 -0.358106 1.5589 0.644709 0.678483 -0.352152 -0.76439 0.576796 -0.288122 0.00763381 0.454937 0.890491 26.5431 -49.8528 -0.678391 0.882042 0.210607 -0.101975 -0.408958 0
-0.344042 -0.354693 1.56055 0.633302 0.703276 -0.323004 -0.773863 0.579806 -0.254875 0.00803217 0.411373 0.911432 23.7296 -50.7021 -0.726644 0.883818 0.188457 -0.093638 -0.417829 0
-0.345502 -0.357156 1.55863 0.657035 0.656047 -0.37136 -0.753093 0.59342 -0.284083 0.0340003 0.466321 0.883962 25.5815 -48.859 -2.96231 0.885214 0.211927 -0.114481 -0.397966 0
-0.345729 -0.357983 1.55845 0.663156 0.649769 -0.371516 -0.748076 0.591702 -0.300451 0.0246033 0.477168 0.878467 26.9203 -48.424 -2.12472 0.88506 0.219652 -0.111891 -0.394845 0
-0.345394 -0.358441 1.55835 0.662012 0.656057 -0.362394 -0.749453 0.584501 -0.310934 0.00782937 0.477439 0.87863 28.0114 -48.543 -0.677585 0.883904 0.22298 -0.104713 -0.397529 0
-0.344859 -0.359183 1.55911 0.650753 0.671149 -0.355076 -0.758988 0.561816 -0.32909 -0.021381 0.483655 0.874998 30.3601 -49.3751 1.88182 0.878574 0.231268 -0.0949536 -0.406949 0
-0.345199 -0.357428 1.55898 0.655397 0.664945 -0.358193 -0.754828 0.593141 -0.280033 0.0262522 0.453907 0.890662 25.2729 -49.0104 -2.29378 0.885889 0.20712 -0.108491 -0.400663 0
-0.343955 -0.35767 1.55869 0.633048 0.674166 -0.380461 -0.773845 0.538201 -0.333923 -0.0203551 0.505807 0.862407 31.8172 -50.7004 1.84166 0.87087 0.241061 -0.103375 -0.415679 0
-0.344974 -0.357796 1.55788 0.646947 0.655214 -0.390071 -0.762527 0.558333 -0.326829 0.00364628 0.508881 0.860829 30.3433 -49.6874 -0.322924 0.875515 0.238634 -0.112424 -0.40483 0
-0.346738 -0.359162 1.55649 0.643394 0.665953 -0.37756 -0.765488 0.554166 -0.326999 -0.0085347 0.499406 0.866326 30.5437 -49.9504 0.759992 0.875198 0.236062 -0.105412 -0.40889 0
-0.345127 -0.35872 1.55591 0.625951 0.682533 -0.377272 -0.779698 0.537803 -0.320684 -0.0159797 0.494891 0.868808 30.807 -51.233 1.46236 0.870713 0.234169 -0.103735 -0.419837 0
-0.345531 -0.35796 1.55593 0.607329 0.692937 -0.388574 -0.794171 0.516569 -0.320076 -0.0210668 0.502986 0.864038 31.7831 -52.577 1.98666 0.864282 0.238077 -0.106304 -0.430157 0
-0.345469 -0.357739 1.55762 0.576991 0.726619 -0.372968 -0.815989 0.493129 -0.301638 -0.0352541 0.47838 0.877445 31.4533 -54.6853 3.49641 0.858424 0.227166 -0.098353 -0.449256 0
-0.345207 -0.357214 1.55721 0.574326 0.738115 -0.354028 -0.818197 0.503552 -0.277471 -0.0265343 0.449023 0.893126 28.856 -54.9047 2.64523 0.86183 0.210742 -0.0949994 -0.451456 1
-0.34472 -0.357925 1.55685 0.60991 0.706523 -0.358936 -0.792325 0.534982 -0.293282 -0.0151859 0.46327 0.886087 28.7319 -52.4033 1.42629 0.870485 0.217279 -0.0987237 -0.430463 1
-0.34501 -0.362213 1.55561 0.635272 0.687222 -0.352357 -0.771883 0.550216 -0.318527 -0.0250263 0.474329 0.879992 30.0671 -50.5233 2.25598 0.875426 0.22642 -0.0934775 -0.416684 1
-0.342063 -0.372712 1.55575 0.666468 0.673779 -0.319127 -0.742875 0.564056 -0.360525 -0.0629088 0.47735 0.876459 32.5853 -47.9769 5.39225 0.881332 0.237673 -0.0726793 -0.40185 1
-0.343695 -0.371247 1.55399 0.675565 0.667121 -0.313946 -0.73492 0.575096 -0.359385 -0.0592045 0.473513 0.878795 32.0018 -47.3004 5.00844 0.884513 0.235411 -0.0720004 -0.396275 1
-0.345151 -0.366961 1.5511 0.681507 0.650711 -0.334848 -0.731804 0.607994 -0.307906 0.00322824 0.454883 0.890545 26.859 -47.0379 -0.271403 0.891634 0.213874 -0.0947913 -0.387635 1
-0.348556 -0.361341 1.55097 0.678376 0.64175 -0.357719 -0.733357 0.621036 -0.276591 0.0446543 0.449968 0.891928 24.0067 -47.1685 -3.76608 0.893216 0.203355 -0.112619 -0.384875 1
-0.34875 -0.357683 1.55147 0.702952 0.587093 -0.401473 -0.708145 0.630314 -0.318174 0.0662565 0.507962 0.858827 26.784 -45.0842 -5.38449 0.893322 0.231198 -0.130896 -0.362478 1
-0.34733 -0.358149 1.55187 0.677651 0.525413 -0.514519 -0.728513 0.575059 -0.372259 0.100289 0.627095 0.772459 32.9166 -46.7619 -8.41838 0.869651 0.287286 -0.17674 -0.360468 1
-0.347232 -0.358528 1.55096 0.649499 0.511423 -0.56267 -0.753297 0.533445 -0.384682 0.103418 0.673708 0.731725 35.7965 -48.8768 -9.0471 0.85362 0.309971 -0.195077 -0.370399 1
-0.348238 -0.358515 1.55119 0.657865 0.483742 -0.577241 -0.739153 0.561709 -0.371667 0.14445 0.671176 0.727088 33.4915 -47.6593 -12.3842 0.858292 0.303755 -0.210211 -0.3562 1
-0.348896 -0.358848 1.55158 0.662008 0.501376 -0.557106 -0.735465 0.577717 -0.354027 0.144349 0.644101 0.751198 31.5001 -47.3465 -12.3007 0.864714 0.288571 -0.2028 -0.357587 1
-0.347826 -0.357901 1.55163 0.643265 0.551274 -0.531326 -0.7591 0.549737 -0.34865 0.0998878 0.627604 0.772098 32.3834 -49.3849 -8.82653 0.860973 0.283474 -0.183285 -0.380492 1
-0.346786 -0.357561 1.55154 0.633706 0.571576 -0.521266 -0.768964 0.538893 -0.34393 0.0843244 0.618786 0.781021 32.5467 -50.261 -7.57957 0.859305 0.280086 -0.176186 -0.390007 1
-0.34697 -0.357523 1.55111 0.631703 0.574161 -0.520855 -0.770136 0.541563 -0.337048 0.088556 0.614043 0.784289 31.8965 -50.3661 -7.98007 0.859877 0.276519 -0.17718 -0.39084 0
-0.348488 -0.356586 1.55205 0.616471 0.625147 -0.4787 -0.78208 0.556563 -0.280334 0.0911766 0.5472 0.832021 26.7339 -51.4515 -8.4131 0.866755 0.238688 -0.164371 -0.40589 1
-0.348047 -0.356378 1.5504 0.601822 0.564008 -0.565425 -0.786231 0.542694 -0.295507 0.140184 0.622397 0.770046 28.5691 -51.8347 -13.1122 0.853604 0.268832 -0.206656 -0.395452 0
-0.346762 -0.355762 1.55027 0.601915 0.585401 -0.543143 -0.788932 0.541228 -0.290962 0.123635 0.603637 0.787615 28.2623 -52.0858 -11.6073 0.855973 0.261281 -0.194743 -0.401395 1
-0.347427 -0.355885 1.54997 0.599123 0.560933 -0.571319 -0.786083 0.547629 -0.286665 0.152071 0.620852 0.769037 27.6306 -51.8209 -14.2422 0.853784 0.265734 -0.211819 -0.394425 1
-0.347664 -0.356695 1.55193 0.608671 0.572056 -0.549792 -0.784047 0.53988 -0.30627 0.121618 0.61748 0.777128 29.5659 -51.6326 -11.2994 0.855231 0.270029 -0.196266 -0.396414 1
-0.346357 -0.355902 1.55119 0.594027 0.605017 -0.530175 -0.797522 0.529197 -0.289671 0.105311 0.594899 0.796872 28.6954 -52.8941 -10.0531 0.854414 0.258824 -0.185942 -0.41038 1
-0.346698 -0.356445 1.55193 0.597695 0.60492 -0.52615 -0.796453 0.523143 -0.30329 0.091785 0.600328 0.794469 30.1029 -52.7927 -8.73043 0.853713 0.264614 -0.180955 -0.410375 1
-0.346962 -0.357091 1.55257 0.608946 0.594449 -0.525181 -0.788738 0.524005 -0.321422 0.0841285 0.609958 0.787955 31.5247 -52.0677 -7.86586 0.854533 0.272482 -0.178258 -0.404662 1
-0.344854 -0.357853 1.54914 0.649583 0.567492 -0.505959 -0.757161 0.543185 -0.362846 0.0689173 0.618791 0.782527 33.7428 -49.2145 -6.05612 0.862452 0.284548 -0.16664 -0.383979 1
-0.347936 -0.356969 1.54947 0.58162 0.574515 -0.575891 -0.808057 0.489516 -0.327748 0.0936121 0.655977 0.748953 33.8036 -53.9065 -9.14338 0.839656 0.292895 -0.199339 -0.411648 1
-0.347519 -0.357773 1.55053 0.579456 0.572246 -0.580315 -0.811203 0.473644 -0.342944 0.078614 0.669474 0.738664 35.9066 -54.2137 -7.72607 0.835429 0.302964 -0.197183 -0.413994 1
-0.34684 -0.358061 1.55162 0.555403 0.599934 -0.575852 -0.830375 0.437398 -0.345198 0.0447805 0.669897 0.741102 38.2808 -56.1372 -4.60961 0.826726 0.306962 -0.187678 -0.432522 1
-0.346452 -0.358359 1.55253 0.549534 0.625321 -0.554063 -0.835264 0.426005 -0.347642 0.0186455 0.65383 0.756412 39.2162 -56.6433 -1.94328 0.826431 0.302951 -0.173248 -0.441835 1
-0.346311 -0.357681 1.55313 0.537127 0.652917 -0.534036 -0.843438 0.423488 -0.33056 0.0103291 0.627979 0.778162 37.9744 -57.505 -1.10168 0.827462 0.289602 -0.164468 -0.452092 1
-0.346286 -0.357239 1.55149 0.537741 0.681257 -0.496713 -0.84311 0.434608 -0.316671 0.000141033 0.58907 0.808082 36.0784 -57.47 -0.0150269 0.833731 0.271593 -0.148985 -0.457092 1
-0.346985 -0.356862 1.54994 0.496924 0.691981 -0.523669 -0.867631 0.384458 -0.315292 -0.0168471 0.611028 0.79143 39.355 -60.1845 1.94174 0.817437 0.2833 -0.155003 -0.476982 1
-0.34612 -0.355898 1.54804 0.488072 0.705179 -0.514303 -0.872518 0.379139 -0.308166 -0.0223203 0.599146 0.800329 39.1044 -60.7525 2.6184 0.81663 0.277761 -0.150614 -0.48299 1
-0.347412 -0.364272 1.5494 0.44948 0.735657 -0.506732 -0.892441 0.345069 -0.290649 -0.0389603 0.582869 0.811631 40.1072 -63.1816 4.95394 0.807183 0.270545 -0.144878 -0.504253 1
-0.344284 -0.370679 1.54913 0.425953 0.736334 -0.525714 -0.904147 0.325307 -0.276937 -0.0328997 0.593285 0.80432 40.4081 -64.7086 4.41664 0.799309 0.272179 -0.154138 -0.513094 1
-0.343697 -0.373593 1.55152 0.459467 0.758863 -0.461537 -0.881461 0.32572 -0.341955 -0.109166 0.563944 0.818566 46.3929 -61.8191 13.3652 0.806808 0.280705 -0.109187 -0.508276 1
-0.342889 -0.372486 1.55208 0.472539 0.77289 -0.423496 -0.867276 0.322392 -0.379337 -0.156654 0.546539 0.822651 49.6394 -60.1436 18.3412 0.808947 0.286136 -0.0824659 -0.506883 1
-0.341679 -0.367234 1.55092 0.420049 0.769329 -0.481343 -0.902873 0.300776 -0.307172 -0.0915401 0.563619 0.820947 45.6028 -64.5383 12.2941 0.797147 0.273096 -0.12225 -0.524434 1
-0.33932 -0.365058 1.55021 0.447351 0.777245 -0.442456 -0.886246 0.318763 -0.336093 -0.120188 0.542477 0.831429 46.5159 -62.4052 15.0382 0.805845 0.272562 -0.0999785 -0.51607 1
-0.341174 -0.357993 1.5501 0.443578 0.790046 -0.423162 -0.890303 0.334196 -0.309311 -0.102951 0.513945 0.851623 42.7854 -62.9114 13.0666 0.810771 0.25385 -0.0987365 -0.518134 1
-0.346388 -0.356432 1.55317 0.460962 0.79439 -0.395548 -0.884434 0.374717 -0.278143 -0.0727357 0.478049 0.875316 36.5856 -62.182 8.96684 0.823255 0.229635 -0.0980293 -0.509813 0
-0.347238 -0.355585 1.5525 0.458553 0.783666 -0.419041 -0.887886 0.384253 -0.252998 -0.0372482 0.488074 0.872007 33.3615 -62.6088 4.64393 0.823835 0.224885 -0.115859 -0.507248 0
-0.346868 -0.353873 1.55096 0.47142 0.765009 -0.438776 -0.881872 0.41346 -0.226611 0.00805696 0.493773 0.869553 28.7265 -61.869 -0.979137 0.829824 0.217029 -0.134617 -0.496154 1
-0.344707 -0.352694 1.55158 0.455299 0.760828 -0.462432 -0.889606 0.409816 -0.201623 0.0361115 0.503181 0.863426 26.1965 -62.8238 -4.53485 0.825915 0.213341 -0.150906 -0.499577 1
-0.346506 -0.354296 1.55057 0.507626 0.718636 -0.475266 -0.860359 0.452131 -0.235286 0.0457979 0.528337 0.847799 27.4921 -59.357 -5.15526 0.837788 0.227869 -0.155488 -0.47118 1
-0.345654 -0.355773 1.54942 0.531708 0.683007 -0.500787 -0.846243 0.45222 -0.281726 0.0340455 0.573584 0.818439 31.9222 -57.8054 -3.66367 0.837014 0.255465 -0.159744 -0.456758 1
-0.345147 -0.356346 1.55088 0.562458 0.674548 -0.478148 -0.8266 0.472254 -0.306119 0.0193157 0.567416 0.823205 32.9516 -55.751 -1.96685 0.845269 0.25836 -0.147132 -0.443985 1
-0.345062 -0.357621 1.55112 0.617166 0.620656 -0.483624 -0.786526 0.503787 -0.357176 0.0219599 0.60082 0.799083 35.336 -51.8621 -2.03783 0.854406 0.280311 -0.147934 -0.411743 1
-0.346352 -0.357945 1.54966 0.601426 0.645001 -0.471445 -0.798921 0.488148 -0.351336 0.00352309 0.58795 0.80889 35.7438 -53.0272 -0.335629 0.851244 0.275857 -0.139492 -0.424063 1
-0.346313 -0.357876 1.55165 0.609062 0.676378 -0.414193 -0.793119 0.520842 -0.31573 0.00217613 0.520803 0.853674 31.2239 -52.478 -0.204712 0.863652 0.24215 -0.120526 -0.425373 1
-0.345519 -0.356715 1.55239 0.606892 0.685934 -0.401468 -0.794517 0.536695 -0.284079 0.0206068 0.491379 0.870702 27.8928 -52.6097 -1.94472 0.868085 0.223324 -0.121553 -0.426355 1
-0.345369 -0.355316 1.55065 0.604153 0.70578 -0.369965 -0.796479 0.549345 -0.252669 0.0249101 0.44732 0.894027 24.6998 -52.7951 -2.36105 0.872858 0.200487 -0.113098 -0.43027 1
-0.344258 -0.355449 1.55197 0.612507 0.694817 -0.376915 -0.789686 0.559029 -0.25275 0.0350915 0.452455 0.891096 24.3288 -52.1561 -3.27898 0.875019 0.201483 -0.117714 -0.424134 1
-0.345686 -0.355107 1.55136 0.613612 0.691144 -0.381838 -0.788217 0.564838 -0.244279 0.0468443 0.450864 0.891363 23.3874 -52.0192 -4.3656 0.876044 0.198376 -0.122335 -0.422171 1
-0.342939 -0.352862 1.55127 0.618061 0.691228 -0.374438 -0.783781 0.578621 -0.225579 0.0607311 0.432898 0.899395 21.2986 -51.608 -5.61191 0.879784 0.187113 -0.123658 -0.41914 0
-0.341508 -0.354016 1.55391 0.636064 0.683334 -0.358437 -0.77017 0.590828 -0.240334 0.0475467 0.428926 0.902088 22.1352 -50.3692 -4.27499 0.884446 0.189175 -0.114757 -0.410851 1
-0.342609 -0.355114 1.5521 0.666891 0.646065 -0.37129 -0.744021 0.604807 -0.283974 0.0410926 0.465627 0.884026 25.1514 -48.0751 -3.526 0.888218 0.210985 -0.11607 -0.391257 1
-0.355582 -0.357912 1.55535 0.662566 0.665616 -0.343456 -0.747267 0.618644 -0.242636 0.0509743 0.417416 0.907285 21.4154 -48.3542 -4.39936 0.892818 0.184823 -0.110445 -0.395624 0
-0.353678 -0.356211 1.54821 0.698672 0.643618 -0.312432 -0.711565 0.670526 -0.209928 0.0743803 0.368987 0.926454 17.3843 -45.3624 -6.0768 0.907696 0.159446 -0.106537 -0.373248 0
-0.351333 -0.354369 1.55009 0.737083 0.590921 -0.327903 -0.665244 0.719869 -0.198089 0.118992 0.364144