-0.3357 -0.387581 1.45742 0.837214 0.546176 0.0276448 0.193464 -0.248515 -0.949111 -0.511512 0.799958 -0.313725 104.673 11.155 31.4236 0.564574 0.774509 0.238745 -0.156185 0
-0.33631 -0.384104 1.45884 0.845835 0.532581 0.0303479 0.170907 -0.216661 -0.961171 -0.505326 0.818178 -0.274281 102.703 9.84056 30.8553 0.581999 0.764326 0.230101 -0.155358 0
-0.337007 -0.367715 1.46191 0.874072 0.485115 0.0257354 0.145392 -0.210682 -0.966682 -0.46353 0.848691 -0.254683 102.295 8.35998 27.9375 0.593445 0.764761 0.206112 -0.143115 0
-0.337495 -0.357941 1.46448 0.886435 0.461817 0.0309417 0.13578 -0.195548 -0.971249 -0.442489 0.865151 -0.236046 101.384 7.8037 26.5274 0.603084 0.761254 0.196254 -0.135154 0
-0.337454 -0.349607 1.4672 0.892738 0.449361 0.033066 0.132014 -0.190692 -0.972733 -0.430803 0.872761 -0.22956 101.091 7.586 25.7603 0.60673 0.760426 0.191135 -0.130761 0
-0.339296 -0.340865 1.47183 0.906903 0.420022 0.0332892 0.119863 -0.181448 -0.976068 -0.40393 0.88919 -0.214901 100.531 6.88422 24.0079 0.614523 0.758823 0.177869 -0.12211 0
-0.336071 -0.330992 1.47594 0.908954 0.415351 0.0358643 0.11442 -0.165819 -0.979496 -0.400888 0.89442 -0.198246 99.6085 6.57015 23.7996 0.621468 0.753827 0.175694 -0.121057 0
-0.331982 -0.321299 1.48191 0.9174 0.395974 0.0397788 0.115068 -0.168242 -0.979007 -0.380968 0.902718 -0.199909 99.751 6.60753 22.5516 0.622344 0.755902 0.169017 -0.112842 0
-0.328485 -0.313065 1.48818 0.929506 0.366863 0.0378302 0.109965 -0.177773 -0.977908 -0.352033 0.913131 -0.205583 100.303 6.31328 20.7432 0.621721 0.760405 0.156768 -0.103301 0
-0.326366 -0.304904 1.49716 0.945927 0.322405 0.0357239 0.0976537 -0.178017 -0.97917 -0.30933 0.929712 -0.199875 100.304 5.60407 18.1084 0.626106 0.762204 0.137778 -0.0897418 0
-0.327386 -0.296787 1.50758 0.947187 0.319728 0.0247174 0.0840757 -0.173212 -0.981289 -0.309464 0.931543 -0.190945 100.01 4.82288 18.0932 0.629093 0.760155 0.132803 -0.0936476 0
-0.328671 -0.296299 1.5171 0.952012 0.305941 0.00862877 0.0616809 -0.164169 -0.984502 -0.299783 0.937789 -0.175161 99.4671 3.5363 17.4789 0.634957 0.756859 0.12143 -0.0961717 0
-0.330179 -0.305151 1.51992 0.96636 0.256815 0.0139404 0.0614915 -0.178074 -0.982094 -0.249734 0.949914 -0.187876 100.277 3.52543 14.4898 0.632537 0.763595 0.104213 -0.0771984 0
-0.332866 -0.308737 1.53288 0.98006 0.198696 -0.00156923 0.0355174 -0.182947 -0.982481 -0.195502 0.962834 -0.186356 100.548 2.03542 11.2813 0.634578 0.766382 0.0764023 -0.0642863 0
-0.336021 -0.31315 1.56444 0.998961 0.0452794 -0.00509834 0.00430024 -0.205075 -0.978737 -0.0453622 0.977698 -0.205057 101.834 0.246386 2.59998 0.630244 0.776063 0.0159715 -0.0162553 0
-0.336427 -0.316027 1.57424 0.999055 0.00755043 0.0428083 0.0434319 -0.214087 -0.975849 0.00179662 0.976785 -0.214213 102.374 2.48925 -0.103036 0.626649 0.778998 0.0163615 0.0143148 0
-0.337574 -0.31731 1.581 0.998945 -0.017612 0.0424098 0.037612 -0.21605 -0.975658 0.0263459 0.976223 -0.21516 102.486 2.15552 -1.51075 0.626046 0.779448 0.00641482 0.0220527 0
-0.338921 -0.318107 1.58739 0.99829 -0.0485767 0.0325294 0.0214741 -0.21284 -0.976851 0.0543757 0.975879 -0.211432 102.292 1.23047 -3.11776 0.627299 0.778229 -0.00870648 0.0279176 0
-0.340758 -0.31907 1.59455 0.997547 -0.0643798 0.0274915 0.0138047 -0.204091 -0.978854 0.0686292 0.976833 -0.202702 101.777 0.790974 -3.93563 0.630625 0.775297 -0.0163083 0.0309948 0
-0.343158 -0.32137 1.60555 0.995244 -0.0933322 0.0278989 0.00900152 -0.197059 -0.98035 0.096996 0.975939 -0.195282 101.366 0.515756 -5.56644 0.633029 0.772591 -0.0272883 0.0404143 0
-0.345933 -0.32423 1.61933 0.991115 -0.130018 0.0280397 0.000884153 -0.204369 -0.978894 0.133004 0.970221 -0.202438 101.793 0.0506582 -7.64322 0.629346 0.774261 -0.0416957 0.0519991 0
-0.347763 -0.327896 1.62736 0.986558 -0.162609 0.0161802 -0.0164222 -0.197171 -0.980232 0.162585 0.966789 -0.197191 101.373 -0.940965 -9.35824 0.630911 0.771511 -0.0580132 0.0579269 0
-0.35412 -0.33004 1.64279 0.993484 -0.11126 0.0247136 0.000541161 -0.212231 -0.977219 0.113971 0.970865 -0.210788 102.253 0.0310063 -6.54427 0.626591 0.777255 -0.0356122 0.0446071 0
-0.364422 -0.333739 1.65897 0.998233 -0.052607 0.0276185 0.0146025 -0.233358 -0.972281 0.0575937 0.970967 -0.232177 103.496 0.83669 -3.30206 0.619011 0.78482 -0.0121061 0.0271439 0
-0.368858 -0.345422 1.67358 0.997673 -0.0603143 0.0317974 0.0188247 -0.204567 -0.978672 0.0655326 0.976993 -0.202955 101.806 1.07864 -3.7581 0.630506 0.775435 -0.0133763 0.0313792 0
-0.370687 -0.350437 1.68176 0.99594 -0.0828593 0.0351908 0.0176336 -0.203777 -0.978858 0.0882787 0.975505 -0.201489 101.76 1.01038 -5.06538 0.63061 0.774791 -0.0210462 0.0398396 0
-0.376007 -0.374678 1.6983 0.987585 -0.156688 0.0112145 -0.0129626 -0.152432 -0.988229 0.156553 0.975814 -0.15257 98.7686 -0.742721 -9.00762 0.648572 0.757064 -0.0560224 0.0554006 0
-0.387367 -0.387644 1.71142 0.991288 -0.124494 0.0429987 0.0145486 -0.220969 -0.975172 0.130904 0.967302 -0.217233 102.767 0.833604 -7.52265 0.623114 0.779341 -0.0352686 0.0557852 0
-0.394158 -0.393802 1.71884 0.991565 -0.122301 0.0429209 0.0128648 -0.236644 -0.971511 0.128974 0.963868 -0.233075 103.69 0.737116 -7.41092 0.616815 0.784424 -0.034878 0.0547838 0
-0.417765 -0.39989 1.74245 0.978335 -0.202543 0.0428596 -0.0193624 -0.295632 -0.955106 0.206121 0.933583 -0.293149 107.199 -1.10945 -11.8974 0.589397 0.801111 -0.0692493 0.0776985 0
-0.433104 -0.403572 1.75809 0.961003 -0.268017 0.0681136 -0.0188677 -0.309283 -0.950783 0.275893 0.91242 -0.302279 108.019 -1.0811 -16.0181 0.580827 0.801961 -0.0894323 0.107239 0
-0.451092 -0.405189 1.77615 0.94561 -0.311742 0.0929474 -0.0278159 -0.362165 -0.931699 0.324112 0.878438 -0.351138 111.242 -1.59394 -18.9194 0.555046 0.815309 -0.104119 0.127884 0
-0.472882 -0.41018 1.7871 0.933574 -0.342406 0.105815 -0.0365237 -0.384619 -0.922352 0.356518 0.85722 -0.371577 112.636 -2.09312 -20.9011 0.542535 0.820026 -0.115524 0.140951 0
-0.481941 -0.405148 1.78907 0.881229 -0.450302 0.143746 -0.0777049 -0.437969 -0.895625 0.466259 0.778082 -0.420942 116.059 -4.45665 -27.8833 0.505549 0.827668 -0.159486 0.184254 0
-0.483906 -0.405955 1.78665 0.851504 -0.498825 0.161602 -0.118625 -0.483467 -0.867288 0.510754 0.719329 -0.470846 119.137 -6.81273 -30.9564 0.473601 0.837529 -0.184307 0.200697 0
-0.482047 -0.405326 1.78696 0.830764 -0.53186 0.164185 -0.134295 -0.477769 -0.86816 0.540182 0.699187 -0.468339 118.825 -7.71784 -33.0329 0.470281 0.833197 -0.199879 0.211345 0
-0.481592 -0.404748 1.78297 0.821921 -0.545015 0.165543 -0.124523 -0.455527 -0.88147 0.555824 0.703885 -0.442274 117.329 -7.1532 -34.0685 0.480656 0.824579 -0.202994 0.218708 0
-0.480026 -0.4045 1.77985 0.81852 -0.552941 0.155826 -0.118252 -0.427609 -0.896196 0.562176 0.715127 -0.415393 115.508 -6.79125 -34.4821 0.493842 0.815709 -0.205709 0.220055 0
-0.47997 -0.4032 1.77579 0.800809 -0.585843 0.12447 -0.100783 -0.336673 -0.936213 0.590379 0.737183 -0.328654 109.779 -5.78424 -36.3987 0.532795 0.785197 -0.218616 0.227602 0
-0.480295 -0.40307 1.77652 0.809466 -0.550173 0.205119 -0.0203059 -0.375359 -0.926657 0.586815 0.745933 -0.315012 112.051 -1.16353 -35.9399 0.528936 0.790544 -0.180407 0.25044 0
-0.477827 -0.405546 1.78001 0.786662 -0.616 0.0413115 -0.125534 -0.225111 -0.966212 0.604486 0.754897 -0.254415 103.115 -7.21159 -37.5394 0.57165 0.752693 -0.246294 0.214496 0
-0.473994 -0.40499 1.78197 0.777583 -0.628759 -0.00513046 -0.16796 -0.199838 -0.965326 0.605933 0.751483 -0.260997 101.696 -9.66921 -37.9276 0.573748 0.748067 -0.266259 0.200785 0
-0.47244 -0.404975 1.7771 0.794172 -0.606297 -0.0411706 -0.215741 -0.217961 -0.951813 0.568108 0.764785 -0.303902 102.898 -12.459 -35.5779 0.563983 0.760926 -0.270078 0.173124 0
-0.473752 -0.406465 1.77619 0.806502 -0.589613 -0.0437129 -0.229758 -0.244432 -0.942053 0.544762 0.769811 -0.332604 104.546 -13.2828 -34.0376 0.554406 0.771936 -0.265363 0.16227 0
-0.475236 -0.407398 1.78006 0.806075 -0.590338 -0.0417738 -0.243784 -0.266896 -0.932382 0.539271 0.761753 -0.359053 105.974 -14.11 -33.7829 0.543168 0.779747 -0.267433 0.159506 0
-0.473004 -0.407446 1.77799 0.787557 -0.61613 -0.0117271 -0.226709 -0.271987 -0.935215 0.573024 0.739194 -0.353887 106.216 -13.1034 -36.0395 0.538907