-0.335656 -0.393459 1.45611 0.823547 0.567023 0.0159942 0.186359 -0.243822 -0.951746 -0.535762 0.786788 -0.306469 104.369 10.7404 33.0462 0.564193 0.770363 0.244489 -0.168676 0
-0.334748 -0.395081 1.45181 0.818347 0.574113 0.0264986 0.176106 -0.206602 -0.962446 -0.547078 0.792282 -0.270177 102.115 10.1431 33.7633 0.57913 0.757484 0.247602 -0.171812 0
-0.335993 -0.412767 1.45711 0.811866 0.583083 0.0297841 0.220765 -0.259359 -0.94021 -0.540496 0.7699 -0.339289 105.422 12.7539 33.6535 0.550731 0.776292 0.258874 -0.164472 0
-0.3363 -0.406476 1.45702 0.809199 0.583276 0.0706195 0.241523 -0.220662 -0.944973 -0.535597 0.781727 -0.319434 103.144 13.9765 33.5 0.563272 0.766371 0.26906 -0.151682 0
-0.336761 -0.402204 1.45733 0.811278 0.578691 0.0833353 0.247397 -0.210638 -0.945741 -0.529738 0.787876 -0.314053 102.556 14.3236 33.1432 0.567139 0.764194 0.270248 -0.146037 0
-0.33698 -0.40258 1.45948 0.810001 0.582451 0.0681859 0.228591 -0.206522 -0.951365 -0.540041 0.786193 -0.300426 102.248 13.2141 33.6921 0.570757 0.761076 0.266413 -0.154996 0
-0.335984 -0.39799 1.45665 0.85755 0.509158 0.0732474 0.133474 -0.0827282 -0.987593 -0.496782 0.856688 -0.138903 94.7883 7.67037 30.0838 0.639515 0.720968 0.222836 -0.146863 0
-0.33715 -0.398456 1.45766 0.886417 0.459049 0.0594943 0.104637 -0.0735125 -0.99179 -0.450906 0.885364 -0.113196 94.2391 6.00623 26.9617 0.651864 0.719918 0.195746 -0.135922 0
-0.338324 -0.400539 1.46409 0.90134 0.427619 0.0687648 0.10489 -0.0614732 -0.992582 -0.42022 0.901866 -0.100261 93.5439 6.02085 24.9958 0.65947 0.71817 0.18537 -0.122344 0
-0.338488 -0.400251 1.46553 0.911748 0.405012 0.068417 0.0949957 -0.0458675 -0.99442 -0.399614 0.91316 -0.080294 92.6409 5.45107 23.6676 0.668129 0.713777 0.175128 -0.116002 0
-0.344129 -0.395785 1.48502 0.888939 0.457664 -0.0182124 -0.085709 0.127153 -0.988173 -0.449935 0.879987 0.152257 82.6678 -4.9168 26.8462 0.736266 0.634336 0.146592 -0.184503 0
-0.341705 -0.393227 1.48941 0.889838 0.452846 -0.0558535 -0.141328 0.157155 -0.977409 -0.433838 0.877629 0.203842 80.8657 -8.12469 25.9914 0.750139 0.618231 0.125971 -0.198021 0
-0.341805 -0.390801 1.49475 0.890892 0.445072 -0.0906766 -0.206892 0.219905 -0.95333 -0.40436 0.868074 0.287993 77.0108 -11.9403 24.4125 0.774401 0.588004 0.101267 -0.210474 0
-0.339583 -0.388496 1.49839 0.892948 0.431428 -0.128507 -0.256584 0.253228 -0.93276 -0.369878 0.865878 0.336816 74.8113 -14.8674 22.5004 0.787876 0.570724 0.076589 -0.218312 0
-0.336667 -0.385089 1.4999 0.889217 0.423991 -0.171826 -0.316695 0.29945 -0.900019 -0.330147 0.854729 0.400551 71.597 -18.4632 20.3689 0.804552 0.545256 0.0491954 -0.230155 0
-0.323781 -0.383273 1.50263 0.910771 0.345356 -0.22633 -0.352836 0.366212 -0.861043 -0.214482 0.864071 0.455389 66.9594 -20.6609 13.2514 0.826495 0.521817 -0.00358381 -0.211191 0
-0.316821 -0.376795 1.51683 0.946711 0.179253 -0.267595 -0.321812 0.492215 -0.808803 -0.013266 0.851817 0.523671 58.6765 -18.7725 0.802818 0.86061 0.482396 -0.0738805 -0.145555 0
-0.314443 -0.367251 1.52876 0.931898 0.221722 -0.287063 -0.362719 0.567853 -0.738904 -0.000821619 0.792706 0.609603 52.4575 -21.2673 0.0505155 0.881668 0.434293 -0.0811647 -0.16572 0
-0.307981 -0.354778 1.53491 0.908725 0.234994 -0.344959 -0.413193 0.623436 -0.663776 0.0590762 0.745725 0.66363 46.795 -24.4056 -3.71957 0.893839 0.394227 -0.113006 -0.181293 0
-0.306618 -0.340522 1.53366 0.896036 0.297342 -0.329708 -0.441585 0.673908 -0.592326 0.0460695 0.67634 0.735148 41.3136 -26.2051 -2.94326 0.908996 0.34892 -0.10335 -0.203226 0
-0.305418 -0.337561 1.53186 0.899649 0.313174 -0.304228 -0.430567 0.751929 -0.499213 0.0724178 0.580107 0.811315 33.5806 -25.5036 -4.60214 0.930442 0.290002 -0.101201 -0.199835 0
-0.304953 -0.337108 1.53341 0.904421 0.330133 -0.270249 -0.417648 0.814453 -0.402785 0.0871324 0.477157 0.874488 26.3146 -24.6862 -5.50292 0.947808 0.232099 -0.0942652 -0.19724 0
-0.3035 -0.337193 1.53466 0.883053 0.374676 -0.28255 -0.456973 0.823512 -0.336159 0.106733 0.425964 0.898422 22.2053 -27.192 -6.89182 0.94934 0.200698 -0.102514 -0.219007 0
-0.303177 -0.337543 1.53568 0.834321 0.408204 -0.37051 -0.527325 0.786908 -0.320476 0.160738 0.462759 0.87179 22.1591 -31.8249 -10.9048 0.934481 0.209537 -0.142124 -0.25028 0
-0.303468 -0.337335 1.53416 0.791498 0.420954 -0.44309 -0.563707 0.782941 -0.263131 0.236147 0.45804 0.856991 18.5764 -34.3125 -16.6127 0.926206 0.194657 -0.183338 -0.265778 0
-0.304635 -0.332009 1.53255 0.711378 0.438197 -0.549477 -0.593246 0.793592 -0.135169 0.376829 0.422131 0.824503 9.66618 -36.3877 -27.911 0.912342 0.152711 -0.253826 -0.282636 0
-0.304529 -0.331496 1.53313 0.673465 0.406834 -0.617197 -0.588256 0.800574 -0.114177 0.44766 0.439964 0.778481 8.1167 -36.0334 -33.6125 0.901737 0.153631 -0.295224 -0.275881 0
-0.304075 -0.331454 1.53164 0.668507 0.38262 -0.637731 -0.586781 0.79821 -0.136195 0.456932 0.465255 0.758123 9.68287 -35.9289 -34.3531 0.897892 0.167462 -0.304787 -0.26991 0
-0.303741 -0.331377 1.53067 0.682002 0.356503 -0.638575 -0.561724 0.81448 -0.145218 0.468336 0.457742 0.755734 10.1094 -34.1751 -34.4776 0.901695 0.167174 -0.306897 -0.254584 0
-0.304357 -0.331053 1.53086 0.66676 0.377665 -0.642496 -0.574125 0.809971 -0.119698 0.475197 0.448682 0.756883 8.40635 -35.0384 -35.4773 0.899113 0.158039 -0.310777 -0.264647 0
-0.303717 -0.331157 1.53197 0.700976 0.351957 -0.62029 -0.531555 0.837692 -0.125386 0.475481 0.417611 0.774286 8.51288 -32.1106 -34.1496 0.910076 0.149163 -0.301011 -0.242703 0
-0.30379 -0.330963 1.53021 0.66466 0.387923 -0.638547 -0.579788 0.806847 -0.113331 0.471246 0.445549 0.761192 7.99557 -35.4357 -35.3367 0.898985 0.15542 -0.308624 -0.269112 0
-0.304067 -0.330583 1.52989 0.664269 0.409476 -0.62536 -0.601273 0.789741 -0.121573 0.444092 0.456769 0.770808 8.75141 -36.9611 -33.7644 0.897889 0.161028 -0.297769 -0.281424 0
-0.304598 -0.330692 1.53058 0.669584 0.391387 -0.631248 -0.589636 0.796919 -0.131339 0.451649 0.460149 0.764379 9.35869 -36.1312 -34.0006 0.898733 0.164534 -0.301229 -0.272891 0
-0.305338 -0.328345 1.53069 0.677228 0.369746 -0.636121 -0.570574 0.809779 -0.136761 0.464551 0.455572 0.759372 9.58602 -34.7902 -34.4485 0.900886 0.164375 -0.305442 -0.260943 0
-0.304787 -0.330109 1.53183 0.686269 0.353635 -0.635592 -0.555105 0.819306 -0.143514 0.469992 0.451309 0.758569 9.93543 -33.718 -34.4054 0.903347 0.164616 -0.305969 -0.251492 0
-0.30567 -0.329383 1.53016 0.689869 0.349595 -0.633928 -0.542536 0.829437 -0.132999 0.479308 0.43568 0.761871 9.10974 -32.8564 -34.7908 0.905701 0.156972 -0.307286 -0.246254 0
-0.305937 -0.329121 1.52971 0.683145 0.332959 -0.649962 -0.533974 0.834888 -0.133542 0.498182 0.438291 0.748141 9.08761 -32.2743 -36.1013 0.903628 0.158205 -0.317648 -0.239848 0
-0.30591 -0.32882 1.52922 0.674296 0.342728 -0.654112 -0.535009 0.837279 -0.112819 0.509009 0.426029 0.747937 7.67406 -32.3445 -37.0482 0.902706 0.149231 -0.322121 -0.243085 0
-0.304425 -0.32823 1.53028 0.6825 0.355397 -0.63866 -0.523385 0.847575 -0.0876592 0.510159 0.394093 0.764479 5.90474 -31.5596 -36.7776 0.907545 0.132707 -0.316463 -0.242077 0
-0.305407 -0.327447 1.53095 0.687503 0.352615 -0.634824 -0.507936 0.858265 -0.073359 0.51898 0.372885 0.769166 4.8854 -30.5265 -37.0483 0.910348 0.122548 -0.316858 -0.236325 0
-0.305734 -0.327718 1.53126 0.682457 0.34833 -0.642588 -0.502671 0.861905 -0.0666421 0.530636 0.368491 0.763308 4.42128 -30.1769 -37.8664 0.90935 0.119627 -0.322545 -0.233959 0
-0.305005 -0.32717 1.53082 0.682448 0.374245 -0.627857 -0.529247 0.845466 -0.0713098 0.504145 0.380957 0.775055 4.82113 -31.9546 -36.4544 0.908704 0.124426 -0.311433 -0.248566 0
-0.3043 -0.327364 1.5308 0.679657 0.410338 -0.608021 -0.554055 0.830392 -0.0589218 0.480718 0.376923 0.791732 4.05871 -33.6456 -35.2716 0.90854 0.11993 -0.299585 -0.265369 0
-0.305188 -0.327197 1.53092 0.674987 0.388606 -0.627198 -0.534747 0.843351 -0.0529595 0.508367 0.371139 0.777057 3.59326 -32.3268 -36.9853 0.907661 0.116811 -0.312772 -0.254322 0
-0.304822 -0.327077 1.53039 0.651508 0.434123 -0.622153 -0.59132 0.804351 -0.0579641 0.475266 0.405656 0.780747 4.12179 -36.2507 -36.1102 0.899529 0.128851 -0.304998 -0.284995 0
-0.304595 -0.325881 1.52968 0.613823 0.465249 -0.637781 -0.647915 0.758462