-0.336381 -0.386514 1.45352 0.840784 0.541344 0.00537248 0.175314 -0.262872 -0.948769 -0.512198 0.798652 -0.315924 105.486 10.0969 31.3494 0.561691 0.77775 0.230363 -0.162914 0
-0.335344 -0.386412 1.4545 0.816217 0.576677 0.0351185 0.1853 -0.203726 -0.961332 -0.547224 0.791163 -0.273142 101.965 10.6786 33.8395 0.578651 0.757147 0.251595 -0.169091 0
-0.33476 -0.384867 1.45263 0.819486 0.572261 0.0309892 0.169833 -0.190848 -0.966816 -0.547357 0.797555 -0.253586 101.167 9.77812 33.7401 0.586313 0.752317 0.246603 -0.171593 0
-0.335267 -0.385063 1.45505 0.828212 0.55975 0.0273103 0.156916 -0.184841 -0.97016 -0.537999 0.807784 -0.240921 100.787 9.02796 33.0074 0.592125 0.750662 0.238678 -0.170079 0
-0.336846 -0.387515 1.46154 0.839021 0.543657 0.0219196 0.15189 -0.195346 -0.968901 -0.522468 0.816258 -0.246476 101.399 8.73648 31.911 0.591016 0.755123 0.230276 -0.165717 0
-0.337946 -0.388484 1.46593 0.845557 0.533473 0.0209802 0.149537 -0.198926 -0.968539 -0.512516 0.822092 -0.247977 101.606 8.60008 31.2212 0.591323 0.757044 0.225552 -0.162321 0
-0.333267 -0.392356 1.47717 0.835624 0.547577 0.0434979 0.192692 -0.218056 -0.956724 -0.514395 0.807844 -0.287726 102.839 11.1099 31.6157 0.576594 0.765083 0.241892 -0.153871 0
-0.326761 -0.394074 1.48364 0.832729 0.551934 0.043949 0.195242 -0.218438 -0.95612 -0.518115 0.804769 -0.28966 102.869 11.2589 31.8894 0.575463 0.764988 0.244179 -0.154959 0
-0.331246 -0.394898 1.48747 0.82728 0.560418 0.0392364 0.184632 -0.20526 -0.961134 -0.530583 0.802372 -0.273279 102.055 10.6397 32.6744 0.580677 0.759246 0.245326 -0.161788 0
-0.334676 -0.394171 1.49302 0.805633 0.591323 0.0359479 0.182277 -0.189687 -0.964777 -0.563675 0.783809 -0.260603 101.123 10.5024 34.9792 0.582096 0.750987 0.257528 -0.175678 0
-0.335666 -0.397487 1.49889 0.815486 0.577874 0.0323109 0.171474 -0.187908 -0.967103 -0.552792 0.794199 -0.252327 100.996 9.87354 34.1321 0.586356 0.750953 0.249466 -0.173273 1
-0.337125 -0.399104 1.50503 0.814623 0.579332 0.0276362 0.168067 -0.190185 -0.967255 -0.555106 0.792594 -0.252296 101.124 9.67546 34.2715 0.585692 0.751183 0.248741 -0.175546 1
-0.339582 -0.402174 1.51643 0.821156 0.569684 0.034109 0.175708 -0.195502 -0.964834 -0.542982 0.798273 -0.260636 101.455 10.1199 33.4743 0.58417 0.754535 0.246971 -0.168605 1
-0.341385 -0.410042 1.52872 0.797094 0.603665 0.0151615 0.169818 -0.199996 -0.964968 -0.579485 0.771745 -0.261929 101.709 9.77724 36.0171 0.577748 0.751502 0.257313 -0.187732 1
-0.351328 -0.423594 1.54998 0.786861 0.617053 0.00972966 0.184609 -0.220309 -0.957801 -0.588871 0.755453 -0.287267 102.954 10.6383 36.8104 0.565527 0.75737 0.26462 -0.191168 1
-0.356552 -0.426917 1.56687 0.762442 0.643791 0.0649193 0.266087 -0.220501 -0.938391 -0.589813 0.732743 -0.339424 103.223 15.4316 37.725 0.548297 0.761966 0.29853 -0.172217 1
-0.359069 -0.430968 1.57846 0.780017 0.620819 0.0784657 0.277577 -0.230892 -0.932545 -0.560825 0.749181 -0.352425 103.906 16.1157 35.7158 0.546969 0.768657 0.292197 -0.156884 1
-0.36146 -0.429681 1.58858 0.779997 0.620032 0.0846481 0.231837 -0.160671 -0.959394 -0.581255 0.767948 -0.269069 99.5072 13.4052 36.6935 0.581003 0.743259 0.286532 -0.167037 1
-0.36232 -0.429309 1.593 0.761883 0.644851 0.0608383 0.212562 -0.160198 -0.963926 -0.611842 0.747331 -0.259123 99.4359 12.2726 38.7668 0.579345 0.738445 0.290277 -0.186542 1
-0.363206 -0.43 1.59782 0.746537 0.664018 0.041977 0.207222 -0.172093 -0.963038 -0.632251 0.727642 -0.266073 100.132 11.9596 40.2617 0.57192 0.739037 0.294721 -0.199677 1
-0.365946 -0.433411 1.61102 0.734876 0.677698 0.0261286 0.206577 -0.186978 -0.960398 -0.645975 0.711171 -0.277402 101.017 11.9218 41.3163 0.563581 0.741494 0.298139 -0.208985 1
-0.368182 -0.435943 1.62106 0.71982 0.693534 0.0294854 0.205777 -0.172624 -0.963253 -0.662959 0.699436 -0.266971 100.16 11.875 42.6453 0.565735 0.734747 0.305993 -0.215541 1
-0.37213 -0.438608 1.63656 0.674434 0.737771 0.028859 0.16215 -0.10987 -0.98063 -0.72031 0.66605 -0.19373 96.3928 9.33168 46.8839 0.585413 0.703213 0.319932 -0.245818 1
-0.373911 -0.442466 1.65085 0.663841 0.747096 0.0340821 0.150686 -0.0889785 -0.984569 -0.732535 0.658734 -0.171645 95.164 8.66669 47.8164 0.592288 0.693625 0.323583 -0.25174 1
-0.377139 -0.444718 1.66202 0.662553 0.746001 0.0671325 0.173133 -0.0653308 -0.982729 -0.728731 0.662733 -0.172443 93.8034 9.97004 47.7233 0.596821 0.689262 0.333376 -0.239966 1
-0.38082 -0.447033 1.6723 0.662629 0.745643 0.0702837 0.167597 -0.056163 -0.984254 -0.729955 0.663974 -0.162183 93.2658 9.64814 47.7679 0.600892 0.685743 0.332938 -0.240495 1
-0.386634 -0.449245 1.68561 0.668227 0.740283 0.0738486 0.162824 -0.0486698 -0.985454 -0.72592 0.670532 -0.153059 92.8274 9.37088 47.3697 0.605495 0.683732 0.330213 -0.238424 1
-0.395822 -0.452407 1.7051 0.677801 0.734747 0.0270644 0.117954 -0.0723312 -0.990381 -0.725722 0.674474 -0.135692 94.1771 6.77402 46.9555 0.606172 0.686627 0.310467 -0.25438 1
-0.403856 -0.450332 1.71934 0.697056 0.716871 0.0144804 0.111876 -0.0887918 -0.989747 -0.708235 0.691529 -0.142094 95.1264 6.4235 45.4558 0.605428 0.694252 0.298432 -0.249821 1
-0.415266 -0.443599 1.73401 0.726154 0.687414 -0.0127522 0.101179 -0.12519 -0.98696 -0.680046 0.715395 -0.160459 97.229 5.80706 43.122 0.600105 0.70919 0.277991 -0.244222 1
-0.420554 -0.429213 1.73003 0.674367 0.736361 0.0547893 0.174049 -0.0864088 -0.980939 -0.71759 0.671049 -0.186434 95.0341 10.0233 46.7786 0.59193 0.697712 0.326212 -0.237491 1
-0.430668 -0.415606 1.73206 0.68425 0.725213 0.0766028 0.185772 -0.0717668 -0.979968 -0.705189 0.684774 -0.183831 94.1885 10.7062 45.8634 0.597631 0.696392 0.327038 -0.225658 1
-0.442324 -0.400862 1.72887 0.660053 0.747802 0.0715686 0.20654 -0.0890515 -0.974377 -0.722268 0.657923 -0.21323 95.2219 11.9197 47.577 0.582617 0.700417 0.340634 -0.232254 1
-0.458189 -0.398977 1.71938 0.708208 0.705064 -0.0364113 0.0790062 -0.130397 -0.988309 -0.701569 0.697052 -0.148053 97.5162 4.53144 44.7302 0.597862 0.704744 0.27814 -0.26179 1
-0.462283 -0.393219 1.71677 0.747756 0.662431 -0.0452318 0.0158193 -0.0858776 -0.99618 -0.663785 0.744184 -0.0746947 94.9271 0.906416 41.5956 0.629917 0.690711 0.24549 -0.256626 0
-0.460486 -0.392125 1.71644 0.798059 0.600534 -0.0496122 -0.0117751 -0.0667753 -0.997699 -0.602464 0.796806 -0.0462192 93.8291 -0.67468 37.0496 0.64905 0.691204 0.212947 -0.235848 0
-0.461374 -0.394204 1.71767 0.819295 0.566852 -0.0862237 -0.0192284 -0.123132 -0.992204 -0.573049 0.814566 -0.089982 97.0742 -1.10178 34.9705 0.633676 0.712813 0.192064 -0.231222 0
-0.459288 -0.396959 1.71647 0.86784 0.495258 -0.0396677 0.032897 -0.136942 -0.990033 -0.495754 0.857885 -0.135136 97.8752 1.8852 29.7372 0.631617 0.731423 0.180523 -0.183007 0
-0.459997 -0.39712 1.71932 0.892869 0.45014 -0.0126367 0.0780827 -0.182395 -0.98012 -0.443496 0.874132 -0.198003 100.542 4.47837 26.414 0.614913 0.753868 0.175171 -0.151264 0
-0.460201 -0.398727 1.71986 0.918872 0.394553 0.00148516 0.0997336 -0.228623 -0.968393 -0.381743 0.889977 -0.249426 103.283 5.72383 22.5603 0.600171 0.7741 0.159633 -0.122807 0
-0.461156 -0.399605 1.71977 0.936745 0.349712 0.0144803 0.108601 -0.251075 -0.961856 -0.332737 0.902587 -0.273172 104.63 6.2347 19.5553 0.594243 0.784378 0.146076 -0.101436 0
-0.460952 -0.398753 1.72012 0.950716 0.310037 0.00400023 0.0822964 -0.239878 -0.967308 -0.298942 0.919965 -0.253571 103.928 4.72058 17.4551 0.603587 0.781691 0.125476 -0.0943279 0
-0.459605 -0.398791 1.72085 0.944481 0.328558 0.00224372 0.0829894 -0.231944 -0.969182 -0.317913 0.915561 -0.246334 103.459 4.76042 18.6033 0.605434 0.778261 0.132201 -0.101402 0
-0.461591 -0.398747 1.71847 0.931912 0.361758 0.0258946 0.112875 -0.221441 -0.968619 -0.344672 0.905591 -0.247197 102.877 6.48109 20.2971 0.60483 0.774685 0.15317 -0.102873 0
-0.458809 -0.397835 1.71962 0.967706 0.2519 0.00956748 0.0660225 -0.21664 -0.974017 -0.243282 0.943193 -0.226275 102.54 3.78556 14.1117 0.617412 0.776309 0.102383 -0.0752647 0
-0.460132 -0.398614 1.72036 0.954455 0.297986 0.0148391 0.086022 -0.227224 -0.970036 -0.285686 0.927132 -0.242508 103.183 4.93479 16.6634 0.609246 0.77849 0.123318 -0.0869782 0
-0.459439 -0.399522 1.71931 0.954462 0.298132 0.0109644 0.0886686 -0.248396 -0.964592 -0.284852 0.921638 -0.263519 104.441 5.08702 16.6173 0.60053 0.785235 0.123148 -0.0871992 0
-0.459325 -0.398059 1.71929 0.94776 0.318906 0.00705959 0.0821518 -0.222643 -0.971433 -0.308224 0.921265 -0.237211 102.909 4.71226 18.0152 0.609899 0.775824 0.129236 -0.0970467 0
-0.459566 -0.399124 1.71899 0.938611 0.344881 -0.00811186 0.0825925 -0.247486 -0.965365 -0.334944 0.905432 -0.260777 104.379 4.7376 19.6389 0.597986 0.782124 0.136639 -0.109655 0
-0.459302 -0.399327 1.72092 0.913458 0.406714 -0.0133844 0.0980176 -0.251827 -0.962796 -0.394953 0.878161 -0.269898 104.658 5.62503 23.3823 0.589859 0.780254 0.16172 -0.130835 0
-0.459226 -0.399983 1.72054 0.92407 0.381876 0.0162765 0.119234 -0.247543 -0.961512 -0.363149 0.890445 -0.27428 104.437 6.84791 21.4543 0.592083 0.781968 0.160208 -0.110897 0
-0.457837 -0.39964 1.71943 0.928829 0.369712 0.0242734 0.122938 -0.24573 -0.961511 -0.349517 0.896064 -0.273693 104.336 7.06169 20.6213 0.593592 0.782345 0.157427 -0.103932 1
-0.458107 -0.400683 1.71807 0.932535 0.360285 0.0239371 0.131438 -0.276965 -0.951848 -0.336307 0.890778 -0.305634 106.224 7.5527 19.8312 0.580934 0.792959 0.155028 -0.0984823 1
-0.455652 -0.399236 1.7172 0.933443 0.358113 0.0209659 0.117152 -0.24908 -0.961371 -0.339057 0.899841 -0.274456 104.525 6.72777 19.9627 0.593697 0.783738 0.151602 -0.101466 1
-0.45681 -0.399805 1.71872 0.949272 0.311698 0.0415524 0.124889 -0.252434 -0.959521 -0.288591 0.916036 -0.278557 104.74 7.17434 16.91 0.595458 0.787443 0.138609 -0.0784308 1
-0.456973 -0.399397 1.71922 0.940149 0.338434 0.0397667 0.120254 -0.220316 -0.967987 -0.318839 0.914835 -0.247828 102.822 6.90674 18.7337 0.606631 0.775934 0.147786 -0.0899149 1
-0.456737 -0.399378 1.71699 0.962673 0.261518 0.0697851 0.130142 -0.221153 -0.966517 -0.237328 0.939521 -0.246933 102.888 7.47779 13.849 0.611266 0.779544 0.125605 -0.053731 1
-0.45712 -0.39886 1.71797 0.971623 0.226489 0.0682075 0.11757 -0.212212 -0.970125 -0.205249 0.950615 -0.232818 102.339 6.75187 11.928 0.617777 0.777279 0.110661 -0.0440772 1
-0.456801 -0.399834 1.71869 0.975503 0.205036 0.0797126 0.123471 -0.210415 -0.969784 -0.182067 0.955869 -0.230577 102.242 7.09248 10.572 0.619377 0.777254 0.105663 -0.0329219 1
-0.459589 -0.401814 1.71711 0.979379 0.177004 0.0974026 0.13737 -0.229898 -0.963471 -0.148146 0.956983 -0.249472 103.421 7.8957 8.60164 0.612374 0.78402 0.100244 -0.0161805 1
-0.462851 -0.402201 1.71686 0.981042 0.138136 0.135924 0.166218 -0.239149 -0.95665 -0.0996417 0.961107 -0.257576 104.035 9.56801 5.79949 0.609163 0.787046 0.0966761 0.0115249 1
-0.457737 -0.403277 1.72015 0.990398 0.0622212 0.123451 0.136452 -0.296624 -0.945196 -0.0221927 0.952965 -0.302266 107.423 7.84258 1.28366 0.589811 0.804563 0.0617332 0.0314638 1
-0.454443 -0.403355 1.71976 0.993103 -0.00541615 0.117124 0.10965 -0.310863 -0.944108 0.0415229 0.950439 -0.308125 108.225 6.29515 -2.39422 0.586113 0.808098 0.0322467 0.0490803 1
-0.45324 -0.402447 1.71653 0.989433 -0.0462926 0.137404 0.116873 -0.306221 -0.944759 0.0858115 0.950834 -0.297575 107.959 6.71167 -4.95674 0.588565 0.805175 0.0219146 0.0693065 1
-0.455773 -0.400466 1.71094 0.99047 -0.115798 0.0745629 0.0306902 -0.342202 -0.939125 0.134264 0.932464 -0.335387 110.021 1.75869 -7.71972 0.572905 0.81671 -0.0260519 0.0639232 1
-0.45551 -0.400489 1.7115 0.988627 -0.139582 0.0559837 0.0052278 -0.340134 -0.940362 0.1503 0.92996 -0.335536 109.885 0.299532 -8.6444 0.572922 0.816134 -0.0411557 0.0631891 1
-0.456033 -0.399834 1.71216 0.985335 -0.164489 0.0453709 -0.0108798 -0.325924 -0.945333 0.170284 0.930976 -0.322934 109.023 -0.623378 -9.80493 0.578031 0.81151 -0.0540254 0.0664364 1
-0.455401 -0.401214 1.71696 0.976975 -0.206831 0.052359 -0.0189015 -0.328348 -0.944368 0.212516 0.921634 -0.324697 109.172 -1.08304 -12.2721 0.575311 0.810867 -0.069596 0.0816643 1
-0.454699 -0.398334 1.71621 0.976394 -0.209468 0.0526972 0.000891365 -0.240064 -0.970757 0.215993 0.947888 -0.234211 103.89 0.0510715 -12.4738 0.612805 0.782731 -0.0666183 0.0858182 1
-0.453467 -0.399472 1.71781 0.982744 -0.167006 0.079514 0.0343727 -0.257502 -0.965666 0.181747 0.951736 -0.247318 104.931 1.9698 -10.4778 0.60785 0.788601 -0.0420471 0.0828243 1
-0.454051 -0.400718 1.71417 0.973746 -0.179449 0.140059 0.0877496 -0.271821 -0.958339 0.210044 0.945469 -0.248938 105.835 5.03416 -12.1726 0.6027 0.7897 -0.0290298 0.110834 1
-0.451975 -0.400335 1.71193 0.965901 -0.213912 0.145867 0.0767158 -0.301629 -0.950334 0.247286 0.929119 -0.274933 107.609 4.39982 -14.3602 0.589351 0.797255 -0.0430216 0.123283 1
-0.452525 -0.399935 1.71204 0.959033 -0.252704 0.128049 0.050303 -0.292914 -0.954814 0.278793 0.92214 -0.268203 107.055 2.88337 -16.2093 0.591167 0.793749 -0.0637484 0.128139 1
-0.454751 -0.399058 1.71351 0.951913 -0.292243 0.0919558 0.0112788 -0.266516 -0.963765 0.306161 0.918457 -0.250404 105.458 0.646239 -17.8292 0.598956 0.785626 -0.0894077 0.126688 1
-0.462395 -0.403337 1.71863 0.929627 -0.355779 0.0959956 -0.00125476 -0.263556 -0.964643 0.3685 0.896638 -0.245455 105.281 -0.0718923 -21.6232 0.595948 0.780807 -0.114316 0.148723 1
-0.463421 -0.403147 1.71661 0.91715 -0.389619 0.0838595 -0.0286026 -0.274222 -0.961241 0.397514 0.879204 -0.262647 105.922 -1.63903 -23.433 0.587427 0.783265 -0.133487 0.153643 0
-0.461728 -0.400774 1.71638 0.91701 -0.395701 0.0501435 -0.0543597 -0.248526 -0.967099 0.395144 0.884113 -0.249411 104.412 -3.11612 -23.3114 0.595624 0.777005 -0.144806 0.14327 0
-0.461501 -0.39981 1.71811 0.887944 -0.456837 0.0534399 -0.0601424 -0.230507 -0.97121 0.456003 0.859166 -0.232153 103.352 -3.44799 -27.1828 0.596926 0.766584 -0.168599 0.166141 0
-0.462022 -0.401817 1.7163 0.878126 -0.477823 0.0240638 -0.0961709 -0.225563 -0.96947 0.468663 0.849003 -0.244026 103.098 -5.51872 -28.0892 0.593409 0.766113 -0.187307 0.160788 0
-0.460905 -0.398783 1.7157 0.856106 -0.516787 0.00358471 -0.12782 -0.218457 -0.967439 0.500743 0.827773 -0.253078 102.725 -7.34365 -30.3237 0.588339 0.76283 -0.211255 0.165282 0
-0.461549 -0.398695 1.71555 0.805477 -0.592432 0.0151766 -0.152379 -0.231788 -0.960757 0.572701 0.771556 -0.276974 103.564 -8.76482 -35.4132 0.569367 0.760631 -0.2448 0.19322 0
-0.460828 -0.399503 1.71644 0.790535 -0.612257 0.0140087 -0.164859 -0.234782 -0.957966 0.58981 0.754996 -0.286539 103.771 -9.48904 -36.7262 0.563297 0.760239 -0.25555 0.198562 0
-0.463012 -0.40187 1.71545 0.775806 -0.629325 0.0455564 -0.155126 -0.260221 -0.953006 0.611606 0.732281 -0.299506 105.272 -8.92413 -38.2504 0.55138 0.764122 -0.256651 0.215006 0
-0.463143 -0.39988 1.71583 0.727073 -0.684836 0.0486182 -0.164656 -0.242682 -0.95603 0.666523 0.687099 -0.28921 104.243 -9.47725 -42.5121 0.546622 0.751493 -0.282602 0.237907 0
-0.461587 -0.398224 1.71616 0.693999 -0.71986 0.0129321 -0.17937 -0.190266 -0.965207 0.697274 0.667533 -0.261166 101.151 -10.3331 -45.1349 0.557352 0.732365 -0.306961 0.242436 0
-0.462203 -0.400109 1.71654 0.682477 -0.730773 0.0140087 -0.185532 -0.191746 -0.963749 0.706967 0.655137 -0.266444 101.253 -10.6922 -46.0098 0.553238 0.731551 -0.313138 0.246386 0
-0.462313 -0.39977 1.71645 0.662567 -0.748846 0.0153036 -0.216276 -0.21084 -0.953295 0.717098 0.628312 -0.301653 102.471 -12.4904 -47.2634 0.536208 0.737404 -0.327203 0.248304 0
-0.460985 -0.399727 1.7161 0.609928 -0.792285 0.0164753 -0.229048 -0.196156 -0.953446 0.758633 0.57776 -0.301112 101.625 -13.241 -51.2013 0.527414 0.725809 -0.351791 0.266981 0
-0.460964 -0.399914 1.71599 0.530077 -0.84788 0.0108303 -0.255974 -0.17218 -0.951226 0.808391 0.501451 -0.308304 100.26 -14.8313 -56.7464 0.512248 0.708971 -0.389245 0.288877 0
-0.462145 -0.403867 1.71739 0.440161 -0.897773 0.0161935 -0.301358 -0.164691 -0.939181 0.845838 0.408511 -0.343041 99.946 -17.5392 -62.5082 0.482812 0.697835 -0.42959 0.308824 0
-0.461587 -0.402978 1.71496 0.429949 -0.901531 0.048843 -0.291477 -0.189803 -0.937559 0.854509 0.388866 -0.344381 101.445 -16.9464 -63.2906 0.473224 0.700738 -0.425626 0.322286 0
-0.46132 -0.400547 1.71558 0.26227 -0.963673 0.0504922 -0.292315 -0.129203 -0.947554 0.919656 0.233755 -0.315582 97.7646 -16.9966 -74.0828 0.452074 0.653272 -0.480653 0.371265 0
-0.462149 -0.400331 1.7141 0.190055 -0.978887 0.0752282 -0.265492 -0.125014 -0.955974 0.945195 0.161715