-0.337328 -0.3878 1.45719 0.84576 0.5334 0.0132107 0.172591 -0.250064 -0.952723 -0.504879 0.808055 -0.303554 104.707 9.93848 30.8352 0.568362 0.774496 0.227887 -0.158706 0
-0.336093 -0.38681 1.45843 0.867211 0.497532 0.0201665 0.148373 -0.219533 -0.964257 -0.475322 0.839206 -0.264201 102.826 8.53262 28.7273 0.588107 0.76664 0.210629 -0.148425 0
-0.336825 -0.38799 1.46277 0.886754 0.461361 0.0285069 0.139918 -0.209127 -0.967827 -0.440556 0.862213 -0.249997 102.193 8.04309 26.419 0.597417 0.765813 0.196288 -0.134514 0
-0.337708 -0.388254 1.46666 0.903482 0.427411 0.032247 0.133304 -0.208686 -0.968855 -0.40737 0.879642 -0.24552 102.155 7.66053 24.2701 0.60193 0.767738 0.182587 -0.122152 0
-0.339238 -0.389978 1.47311 0.913856 0.404982 0.0292656 0.124891 -0.211775 -0.969306 -0.386353 0.889461 -0.24411 102.324 7.17445 22.9173 0.603732 0.769698 0.172104 -0.115983 0
-0.341399 -0.392596 1.4827 0.919711 0.391478 0.0296272 0.121753 -0.212666 -0.96951 -0.373241 0.895276 -0.243254 102.372 6.99329 22.0885 0.604936 0.770654 0.166492 -0.111468 0
-0.341305 -0.394227 1.48826 0.932965 0.358985 0.0265689 0.112148 -0.219738 -0.969091 -0.342051 0.907108 -0.245267 102.776 6.43916 20.1344 0.605797 0.774269 0.152122 -0.101865 0
-0.331093 -0.375019 1.48267 0.892718 0.449 0.0381336 0.152484 -0.221369 -0.963195 -0.424033 0.865676 -0.266085 102.943 8.77088 25.4073 0.592719 0.77139 0.194935 -0.125066 0
-0.331173 -0.364731 1.48409 0.88833 0.457607 0.0382888 0.152906 -0.216142 -0.964315 -0.433002 0.862484 -0.261976 102.633 8.79534 25.9862 0.593762 0.769163 0.198434 -0.128293 0
-0.33079 -0.358785 1.48905 0.889636 0.454861 0.040601 0.148724 -0.204521 -0.967498 -0.431774 0.86676 -0.249598 101.936 8.55297 25.889 0.599065 0.765466 0.19713 -0.127756 0
-0.327781 -0.348334 1.4979 0.890853 0.452144 0.0441228 0.14906 -0.199173 -0.968561 -0.429141 0.869423 -0.244831 101.62 8.57246 25.721 0.601425 0.764012 0.196726 -0.125986 0
-0.329465 -0.365211 1.49029 0.90534 0.424009 0.0239936 0.117839 -0.196527 -0.973392 -0.408011 0.884078 -0.227888 101.414 6.76739 24.2597 0.608466 0.763177 0.177497 -0.125796 0
-0.328099 -0.371797 1.48809 0.906414 0.422207 0.012441 0.108595 -0.204471 -0.97283 -0.408191 0.883138 -0.231185 101.87 6.23433 24.2438 0.606374 0.765191 0.173421 -0.129298 0
-0.322434 -0.326705 1.55567 0.864237 0.489606 0.115676 0.204864 -0.132495 -0.969781 -0.459484 0.861819 -0.21481 97.7798 11.8215 27.998 0.615819 0.743563 0.233494 -0.115595 0
-0.320251 -0.319488 1.57011 0.853007 0.493462 0.169925 0.240594 -0.082879 -0.967081 -0.463135 0.86581 -0.18942 94.8983 13.9216 28.4995 0.628631 0.728922 0.251761 -0.100563 0
-0.322274 -0.312707 1.58471 0.849541 0.492639 0.188644 0.251434 -0.0637714 -0.965771 -0.463746 0.867894 -0.178042 93.7778 14.5624 28.6292 0.633981 0.723076 0.257259 -0.0951152 0
-0.330016 -0.299627 1.59652 0.886747 0.457344 0.0672027 0.161227 -0.169745 -0.97221 -0.433227 0.872939 -0.224257 99.9039 9.2781 26.0382 0.61089 0.755107 0.204796 -0.121183 0
-0.331421 -0.290044 1.6052 0.898747 0.437334 0.0315159 0.121094 -0.178487 -0.976462 -0.421415 0.881409 -0.213373 100.359 6.95523 25.1215 0.613777 0.756738 0.184485 -0.128809 0
-0.332192 -0.298141 1.608 0.912584 0.407291 0.0361249 0.11279 -0.165827 -0.979684 -0.393026 0.898118 -0.197269 99.6071 6.47619 23.3003 0.622392 0.754268 0.17238 -0.118294 0
-0.333191 -0.299972 1.61195 0.918875 0.393256 0.0319167 0.102764 -0.160443 -0.981681 -0.380932 0.905322 -0.18784 99.2822 5.89836 22.5171 0.626616 0.752854 0.164713 -0.115897 0
-0.334118 -0.300888 1.61643 0.921645 0.386974 0.0286715 0.0933707 -0.149446 -0.984351 -0.376634 0.909899 -0.173868 98.6328 5.35755 22.2276 0.632125 0.749159 0.160295 -0.116118 0
-0.335257 -0.301853 1.62113 0.91993 0.391058 0.028331 0.0955108 -0.153427 -0.983533 -0.380272 0.907488 -0.178492 98.8664 5.48072 22.4588 0.630082 0.750308 0.162123 -0.117266 0
-0.335896 -0.302564 1.62563 0.92529 0.378524 0.0236193 0.0888879 -0.155898 -0.983766 -0.368697 0.912368 -0.177897 99.0048 5.09963 21.7256 0.630772 0.751513 0.15549 -0.114794 0
-0.337276 -0.303562 1.63192 0.931723 0.36216 0.0270853 0.0871463 -0.150552 -0.984754 -0.35256 0.919878 -0.171833 98.6922 4.99945 20.7264 0.634298 0.750684 0.149632 -0.108393 0
-0.339178 -0.30522 1.64104 0.935397 0.35219 0.0315489 0.0895745 -0.149699 -0.984666 -0.342066 0.923879 -0.171575 98.6445 5.13913 20.087 0.635241 0.751111 0.147037 -0.103353 0
-0.340804 -0.306994 1.64974 0.936091 0.35038 0.0310909 0.0912017 -0.15639 -0.983476 -0.339728 0.923459 -0.178351 99.0354 5.23274 19.9469 0.632722 0.753464 0.146517 -0.102406 0
-0.342748 -0.308899 1.658 0.949236 0.313269 0.0285436 0.0862065 -0.171798 -0.981353 -0.302523 0.933996 -0.190083 99.9297 4.94541 17.6772 0.629951 0.760118 0.131386 -0.090111 0
-0.344137 -0.309975 1.66491 0.950577 0.30926 0.0275983 0.0834036 -0.168713 -0.98213 -0.299078 0.935892 -0.186168 99.7473 4.78423 17.465 0.631604 0.759187 0.129304 -0.0893981 0
-0.347543 -0.312929 1.67914 0.936399 0.349167 0.0352027 0.101678 -0.173929 -0.979495 -0.335884 0.920778 -0.198369 100.069 5.83579 19.7328 0.62532 0.75972 0.148359 -0.0989448 0
-0.349684 -0.313759 1.68983 0.927336 0.373152 0.0283702 0.0964992 -0.16519 -0.98153 -0.361573 0.912946 -0.189196 99.5533 5.53761 21.3011 0.627087 0.755268 0.155458 -0.110293 0
-0.353378 -0.311719 1.7056 0.907068 0.420463 0.0209551 0.0875699 -0.13976 -0.986306 -0.411776 0.896481 -0.163591 98.0651 5.02382 24.4163 0.63319 0.743374 0.170854 -0.131435 0
-0.344517 -0.304078 1.7356 0.956243 0.287935 0.0518955 0.0920444 -0.127697 -0.987533 -0.277719 0.949098 -0.148612 97.368 5.28123 16.1947 0.648061 0.747086 0.127154 -0.075568 0
-0.344782 -0.30714 1.74366 0.966189 0.256384 0.0273099 0.0652043 -0.14049 -0.987933 -0.249453 0.956311 -0.152457 98.0935 3.73858 14.4766 0.646769 0.751521 0.106979 -0.0738978 0
-0.3463 -0.308071 1.7497 0.970304 0.241811 0.00606875 0.0463883 -0.161399 -0.985798 -0.237398 0.956806 -0.167824 99.2982 2.65881 13.7481 0.640523 0.75821 0.0950263 -0.0762747 0
-0.341511 -0.310262 1.76109 0.976312 0.216358 -0.00220253 0.0358319 -0.171713 -0.984495 -0.213382 0.961095 -0.175398 99.8938 2.05346 12.3287 0.638201 0.762139 0.0827245 -0.0707169 0
-0.336124 -0.312066 1.774 0.982584 0.184923 0.0182322 0.0503746 -0.170644 -0.984044 -0.178861 0.967824 -0.176987 99.8379 2.88748 10.3167 0.639326 0.763252 0.0770708 -0.0526134 0
-0.337475 -0.313823 1.77996 0.984825 0.170103 0.0344305 0.0650948 -0.178135 -0.981851 -0.160883 0.969192 -0.186505 100.283 3.7323 9.27799 0.636432 0.766398 0.0767219 -0.0412489 0
-0.338544 -0.314798 1.78577 0.984869 0.170081 0.0332564 0.0626918 -0.170751 -0.983318 -0.161566 0.970524 -0.17883 99.8511 3.59433 9.31626 0.639392 0.763945 0.0761747 -0.041989 0
-0.339581 -0.316296 1.79197 0.984872 0.170794 0.0292717 0.0581736 -0.166763 -0.984279 -0.163228 0.971092 -0.174176 99.6161 3.33499 9.41037 0.64108 0.76253 0.0750683 -0.0439182 0
-0.340983 -0.316779 1.79843 0.980711 0.192722 0.03263 0.0646579 -0.16232 -0.984618 -0.184461 0.967735 -0.17165 99.3613 3.70721 10.6523 0.641627 0.760704 0.0845863 -0.0498983 0
-0.342453 -0.318588 1.80804 0.976278 0.213992 0.0329888 0.0691324 -0.163691 -0.984086 -0.205187 0.963023 -0.174602 99.444 3.96416 11.8692 0.639919 0.760686 0.0930491 -0.056593 0
-0.344493 -0.320656 1.81817 0.975894 0.215879 0.0320354 0.0689184 -0.16556 -0.983789 -0.207076 0.962282 -0.176447 99.5527 3.95187 11.9799 0.639118 0.761233 0.0935317 -0.0574858 0
-0.345785 -0.321607 1.82528 0.9828 0.182969 0.0250396 0.0550063 -0.160595 -0.985486 -0.176292 0.969913 -0.167898 99.2556 3.15322 10.1694 0.643099 0.760147 0.0782663 -0.0497446 0
-0.347888 -0.323792 1.83549 0.986025 0.164288 0.0276396 0.0559825 -0.170489 -0.983768 -0.156909 0.971567 -0.177304 99.8318 3.20924 9.04181 0.639967 0.763842 0.0720928 -0.0423088 0
-0.349449 -0.325022 1.84376 0.989969 0.138672 0.0270452 0.0496486 -0.162235 -0.985502 -0.132274 0.97696 -0.167492 99.3483 2.84582 7.61046 0.644252 0.761527 0.0618234 -0.0345453 0
-0.350939 -0.326623 1.85298 0.991123 0.131094 0.0221355 0.0435479 -0.162803 -0.985697 -0.125615 0.977911 -0.167067 99.3786 2.4959 7.22316 0.644448 0.76174 0.0573167 -0.0339615 0
-0.352938 -0.3282 1.86273 0.989313 0.143673 0.02484 0.0473183 -0.155227 -0.986745 -0.137912 0.977375 -0.160366 98.94 2.71215 7.93601 0.646862 0.759096 0.0629008 -0.0372392 0
-0.354978 -0.330194 1.8728 0.989331 0.143541 0.0248988 0.0479386 -0.159366 -0.986055 -0.137571 0.976728 -0.164547 99.1807 2.74773 7.91648 0.645255 0.760468 0.0629479 -0.0370405 0
-0.355479 -0.330731 1.8753 0.990974 0.130921 0.0287977 0.0500005 -0.161677 -0.985576 -0.124377 0.978121 -0.166763 99.316 2.86601 7.15377 0.644697 0.761481 0.0593979 -0.0313794 0
-0.357281 -0.33242 1.88433 0.987304 0.156695 0.0260168 0.0519807 -0.16396 -0.985096 -0.150094 0.973942 -0.170024 99.4497 2.97962 8.64413 0.642907 0.761789 0.068482 -0.0407189 0
-0.358804 -0.333064 1.89276 0.977993 0.206035 0.0328416 0.0667571 -0.159891 -0.984875 -0.197667 0.965393 -0.170127 99.2213 3.82775 11.4264 0.641868 0.759607 0.0897805 -0.054247 0
-0.359861 -0.334686 1.90016 0.972209 0.231927 0.0319304 0.0698925 -0.157362 -0.985065 -0.223438 0.95992 -0.169199 99.0762 4.00781 12.9433 0.641414 0.758085 0.0995335 -0.0631552 0
-0.361692 -0.337145 1.91083 0.960572 0.277174 0.0218303 0.0695926 -0.163675 -0.984057 -0.269182 0.946776 -0.176511 99.4434 3.99059 15.6545 0.636472 0.758412 0.114307 -0.0815361 0
-0.36365 -0.338911 1.92127 0.945355 0.325545 0.018033 0.07024 -0.149337 -0.986288 -0.318388 0.933659 -0.164043 98.61 4.02777 18.6131 0.638744 0.751454 0.131673 -0.0999244 0
-0.365134 -0.338479 1.92717 0.933593 0.357559 0.0235813 0.0816213 -0.148114 -0.985596 -0.348916 0.92207 -0.167462 98.5463 4.68176 20.4925 0.636006 0.749861 0.14642 -0.108465 0
-0.366023 -0.337179 1.93177 0.916955 0.397983 0.0283342 0.0941862 -0.146903 -0.984656 -0.387714 0.905554 -0.172188 98.4855 5.40448 22.92 0.632033 0.747671 0.164567 -0.120166 0
-0.372524 -0.346647 1.94621 0.885059 0.464029 0.036701 0.128084 -0.166979 -0.977606 -0.44751 0.86994 -0.207221 99.6928 7.3589 26.8224 0.614585 0.751541 0.196966 -0.136655 0
-0.387678 -0.359464 1.96906 0.842773 0.537208 0.0337807 0.172856 -0.210675 -0.962152 -0.509759 0.816715 -0.270411 102.351 9.95392 31.1681 0.583457 0.76221 0.232896 -0.156118 0
-0.390043 -0.356783 1.97918 0.773645 0.633599 -0.0050927 0.101821 -0.132251 -0.985973 -0.625385 0.762274 -0.166829 97.6396 5.84402 38.9507 0.607158 0.719848 0.255408 -0.218962 0
-0.402563 -0.362584 1.97579 0.815893 0.577028 0.0368593 0.179534 -0.192225 -0.964789 -0.549624 0.793781 -0.260431 101.268 10.3426 33.9661 0.583789 0.753085 0.251154 -0.170221 0
-0.41239 -0.368145 2.01324 0.785984 0.608545 0.109096 0.253227 -0.155898 -0.954763 -0.564009 0.778054 -0.276633 99.2737 14.6685 35.6626 0.58169 0.744734 0.289288 -0.15271 0
-0.411242 -0.370374 2.02701 0.765562 0.632373 0.118405 0.259243 -0.134776 -0.956362 -0.588819 0.76285 -0.267118 98.0216 15.0252 37.5651 0.583881 0.736114 0.302812 -0.159762 0
-0.413093 -0.372993 2.04154 0.759412 0.642094 0.104917 0.261702 -0.153831 -0.952811 -0.595655 0.751033 -0.284858 99.1712 15.1711 38.1093 0.574614 0.7413 0.304801 -0.165499 0
-0.42592 -0.380016 2.0656 0.796662 0.594889 0.106942 0.286689 -0.216145 -0.933322 -0.532108 0.774202 -0.342743 103.039 16.6598 33.7398 0.556276 0.76739 0.2872 -0.13851 0
-0.428943 -0.388097 2.08159 0.769542 0.631834 0.0926832 0.282034 -0.206054 -0.937016 -0.572941 0.747213 -0.336766 102.402 16.3817 36.6685 0.553788 0.760323 0.300487 -0.157912 0
-0.429094 -0.397372 2.10131 0.747162 0.66087 0.0707102 0.282146 -0.219049 -0.93403 -0.601784 0.717822 -0.350126 103.198 16.3883 38.8489 0.542675 0.760976 0.309805 -0.174471 0
-0.415925 -0.39665 2.11773 0.754154 0.654808 0.0497716 0.285444 -0.258606 -0.922846 -0.591416 0.710175 -0.38194 105.654 16.5854 38.1039 0.527638 0.773741 0.303801 -0.175008 0
-0.401388 -0.399426 2.12827 0.73793 0.674206 0.0300932 0.27709 -0.262018 -0.924428 -0.61537 0.690502 -0.380167 105.825 16.0866 39.8252 0.523389 0.771381 0.308309 -0.189685 0
-0.388077 -0.398303 2.12863 0.704247 0.709941 -0.00443256 0.25949 -0.26321 -0.929185 -0.660834 0.653226 -0.369588 105.816 15.0398 43.1785 0.517554 0.76437 0.317069 -0.217587 0
-0.381185 -0.395276 2.11911 0.694667 0.718501 -0.0345476 0.24137 -0.278068 -0.929741 -0.677626 0.637522 -0.36659 106.651 13.9674 44.2886 0.51235 0.764743 0.313789 -0.232815 0
-0.38223 -0.393454 2.11315 0.6851 0.727561 -0.035958 0.240933 -0.272904 -0.931383 -0.687451 0.629427 -0.36226 106.331 13.9416 45.0982 0.512332 0.761621 0.317906 -0.237457 0
-0.383551 -0.394375 2.11341 0.668482 0.743296 -0.0253692 0.254178 -0.260385 -0.931447 -0.698946 0.616207 -0.362992 105.618 14.7249 46.2763 0.511152 0.756944 0.329441 -0.239223 0
-0.383234 -0.395627 2.11562 0.646009 0.763188 0.0146746 0.296582 -0.233238 -0.926088 -0.703357 0.602614 -0.377022 104.136 17.2524 47.4336 0.508859 0.751044 0.352766 -0.229242 0
-0.382007 -0.391779 2.11518 0.664068 0.74749 0.0165041 0.226457 -0.180048 -0.957236 -0.712552 0.639407 -0.288839 100.652 13.0886 47.0171 0.546622 0.730232 0.333438 -0.238297 0
-0.381613 -0.389954 2.11576 0.670939 0.741111 0.0243938 0.193597 -0.14332 -0.970556 -0.715794 0.655907 -0.239636 98.4001 11.1628 46.8526 0.567447 0.716571 0.326105 -0.241218 0
-0.381992 -0.39001 2.11529 0.681144 0.731789 0.0229885 0.195208 -0.151257 -0.969028 -0.705646 0.664535 -0.245879 98.8718 11.2569 46.0122 0.56657 0.720812 0.321511 -0.236767 0
-0.382721 -0.390126 2.1156 0.710456 0.703555 0.0162019 0.193655 -0.173317 -0.965639 -0.676572 0.689182 -0.259381 100.175 11.1662 43.6006 0.56519 0.731976 0.306434 -0.225544 0
-0.381972 -0.390112 2.11496 0.693547 0.719938 0.0260924 0.204234 -0.161756 -0.965466 -0.690855 0.674925 -0.259221 99.5111 11.7846 44.8886 0.564041 0.72707 0.317773 -0.228576 0
-0.381178 -0.390174 2.11309 0.665361 0.745887 0.0307593 0.231029 -0.166557 -0.958584 -0.709873 0.644911 -0.283142 99.8569 13.3577 46.8538 0.551285 0.727162 0.335866 -0.233481 0
-0.381381 -0.390257 2.11247 0.658616 0.751729 0.0336048 0.247075 -0.173857 -0.953272 -0.71076 0.636143 -0.300238 100.336 14.3045 47.1807 0.544178 0.73019 0.341967 -0.231842 0
-0.381755 -0.390596 2.11251 0.640687 0.766798 0.039268 0.25212 -0.161797 -0.954074 -0.725228 0.621163 -0.296987 99.625 14.603 48.5417 0.543577 0.724477 0.351604 -0.236709 0
-0.381445 -0.391159 2.11357 0.614442 0.788115 0.0365419 0.248501 -0.149365 -0.957046 -0.748804 0.59713 -0.287624 98.8705 14.3888 50.6289 0.542553 0.716141 0.361876 -0.248646 0
-0.380875 -0.401406 2.10879 0.762252 0.646425 0.0332558 0.190448 -0.174876 -0.965996 -0.618628 0.742666 -0.25641 100.261 10.9789 39.0621 0.576838 0.74053 0.282525 -0.197619 0
-0.380357 -0.402582 2.11053 0.838044 0.544824 0.0291576 0.157813 -0.190897 -0.968841 -0.522281 0.816533 -0.24596 101.147 9.07998 31.9318 0.591859 0.754139 0.232927 -0.163473 0
-0.380616 -0.402977 2.11027 0.862104 0.505526 0.0349309 0.153522 -0.194873 -0.968739 -0.482915 0.840517 -0.24561 101.374 8.83111 29.2558 0.596159 0.758714 0.21716 -0.147613 0
-0.38055 -0.403315 2.10908 0.871007 0.490074 0.0342663 0.156942 -0.211481 -0.964699 -0.465527 0.845638 -0.261115 102.365 9.02946 28.1232 0.591272 0.765441 0.211321 -0.140854 0
-0.38088 -0.403588 2.10873 0.882084 0.470332 0.0267555 0.152933 -0.232174 -0.960576 -0.445578 0.851401 -0.276726 103.588 8.79692 26.8003 0.585915 0.77314 0.201537 -0.135429 0
-0.381047 -0.404002 2.10945 0.881841 0.470574 0.0302798 0.160944 -0.240002 -0.957338 -0.443231 0.849093 -0.28738 104.074 9.26168 26.685 0.581906 0.776084 0.203431 -0.133024 0
-0.380902 -0.40396 2.10918 0.893865 0.44677 0.0374377 0.161445 -0.242854 -0.956534 -0.418259 0.861057 -0.289207 104.246 9.29079 25.0759 0.583482 0.778769 0.195249 -0.122251 0
-0.380366 -0.403692 2.10915 0.913732 0.403899 0.0442652 0.153799 -0.242971 -0.957763 -0.376084 0.881947 -0.28413 104.235 8.84717 22.3716 0.588776 0.781158 0.178484 -0.106195 0
-0.380303 -0.403574 2.10821 0.904556 0.424712 0.037405 0.157188 -0.250652 -0.955231 -0.396322 0.869939 -0.293488 104.703 9.04371 23.6601 0.583184 0.782415 0.18593 -0.114682 0
-0.380694 -0.403807 2.10909 0.923685 0.381487 0.0356882 0.142308 -0.255097 -0.956386 -0.355745 0.888478 -0.289918 104.935 8.18142 21.0635 0.587084 0.785605 0.166685 -0.10185 0
-0.380744 -0.403715 2.10891 0.928985 0.368024 0.0393106 0.141703 -0.255541 -0.956357 -0.341917 0.894012 -0.289544 104.96 8.14642 20.2064 0.588196 0.786459 0.162033 -0.0961928 0
-0.380316 -0.403646 2.10861 0.893698 0.446748 0.0414669 0.162289 -0.235714 -0.958176 -0.418289 0.86305 -0.28316 103.821 9.33979 25.0816 0.586264 0.776623 0.196053 -0.121302 0
-0.380541 -0.403704 2.10896 0.846648 0.530237 0.0451236 0.187834 -0.218428 -0.957605 -0.497902 0.81923 -0.284529 102.849 10.8264 30.4592 0.579588 0.766421 0.234229 -0.147692 0
-0.380477 -0.404023 2.10815 0.846926 0.530006 0.0425423 0.189034 -0.225351 -0.955763 -0.496973 0.817503 -0.291045 103.267 10.8964 30.4042 0.576743 0.768655 0.233863 -0.147801 0
-0.38078 -0.403939 2.10937 0.795151 0.605156 0.0390016 0.213524 -0.219204 -0.952028 -0.567577 0.765333 -0.303516 102.966 12.3289 35.5192 0.56401 0.761228 0.268868 -0.173593 0
-0.381329 -0.404811 2.10937 0.809741 0.586146 0.0274263 0.204009 -0.237392 -0.94975 -0.550181 0.774647 -0.311805 104.034 11.7715 34.1943 0.56137 0.767942 0.257231 -0.170181 0
-0.3808 -0.404142 2.10861 0.922408 0.38453 0.036064 0.150571 -0.27205 -0.95043 -0.355657 0.882114 -0.30884 105.973 8.66 21.0854 0.57912 0.791091 0.169102 -0.100998 0
-0.380489 -0.40338 2.10894 0.962732 0.267708 0.0384566 0.115937 -0.280038 -0.952962 -0.244347 0.921906 -0.300639 106.376 6.65766 14.2413 0.587804 0.797403 0.120279 -0.0645501 0
-0.380492 -0.403946 2.10833 0.983714 0.174094 0.0446949 0.0939105 -0.285803 -0.953676 -0.153255 0.942342 -0.297498 106.683 5.38862 8.85508 0.591695 0.801095 0.0836369 -0.0338788 0
-0.380049 -0.402816 2.10855 0.992113 0.118761 0.0400828 0.0706882 -0.266051 -0.961364 -0.103509 0.956615 -0.272348 105.469 4.05351 5.9562 0.602851 0.795379 0.0595468 -0.0199357 0
-0.380561 -0.402888 2.10807 0.99587 0.0851862 0.0313917 0.0530634 -0.265607 -0.96262 -0.0736641 0.96031 -0.269031 105.425 3.04174 4.23044 0.604407 0.795379 0.043454 -0.0132869 0
-0.380829 -0.403656 2.10834 0.997565 0.0607694 0.0342292 0.050286 -0.286578 -0.956736 -0.0483309 0.956128 -0.288936 106.675 2.88239 2.77375 0.596249 0.802041 0.0346165 -0.00439557 0
-0.380582 -0.404174 2.10911 0.998936 0.027959 0.0366679 0.0431701 -0.287608 -0.956775 -0.0162045 0.95734 -0.288509 106.731 2.47423 0.929358 0.59641 0.802349 0.0221628 0.00637608 0
-0.380321 -0.403474 2.10867 0.999215 0.00303829 0.039506 0.0387246 -0.285966 -0.957457 0.00838835 0.958235 -0.285859 106.629 2.21931 -0.480983 0.597367 0.801723 0.0130228 0.0149348 0
-0.380267 -0.40376 2.10902 0.999117 0.00168703 0.0419807 0.0407011 -0.286751 -0.95714 0.0104233 0.958004 -0.286566 106.678 2.33265 -0.597716 0.597034 0.80194 0.0132142 0.0163366 0
-0.37991 -0.403291 2.10884 0.998145 -0.0355792 0.0494045 0.037158 -0.286804 -0.957268 0.0482282 0.957328 -0.28495 106.679 2.12949 -2.76626 0.597158 0.801545 0.00049245 0.0304514 0
-0.380086 -0.403741 2.10871 0.983509 -0.175128 0.0451802 -0.00973713 -0.300714 -0.953665 0.180599 0.937497 -0.29746 107.501 -0.557905 -10.4052 0.588501 0.803381 -0.0575271 0.0702592 0
-0.380222 -0.403865 2.10847 0.97333 -0.226207 0.0381869 -0.0331633 -0.303453 -0.952269 0.226998 0.925606 -0.302862 107.675 -1.90047 -13.1277 0.584597 0.803064 -0.080744 0.0825541 0
-0.38066 -0.403857 2.10822 0.971484 -0.23486 0.0325583 -0.0384029 -0.291359 -0.955843 0.233975 0.927335 -0.29207 106.952 -2.20087 -13.5414 0.589079 0.799205 -0.0854795 0.0833746 0
-0.380438 -0.403659 2.11004 0.963123 -0.265465 0.0438521 -0.0340136 -0.281799 -0.95887 0.266904 0.922018 -0.280437 106.377 -1.94921 -15.4893 0.591795 0.794569 -0.0942268 0.0977751 0
-0.379935 -0.403142 2.10891 0.968304 -0.244989 0.0486499 -0.0215693 -0.276066 -0.960897 0.24884 0.929391 -0.2726 106.029 -1.23592 -14.4123 0.595743 0.793248 -0.0840086 0.0937569 0
-0.380293 -0.403181 2.1081 0.971326 -0.234531 0.0390088 -0.0289552 -0.279544 -0.959696 0.235983 0.931048 -0.278319 106.24 -1.65924 -13.6554 0.594446 0.795171 -0.0828394 0.0864568 0
-0.380193 -0.403673 2.10899 0.963341 -0.264628 0.0441236 -0.0342698 -0.2845 -0.958063 0.266084 0.921429 -0.283139 106.539 -1.9639 -15.4407 0.590699 0.795453 -0.0939397 0.097494 0
-0.380338 -0.403771 2.10934 0.966834 -0.251221 0.0460514 -0.0326509 -0.300399 -0.953255 0.253312 0.920135 -0.298639 107.491 -1.87109 -14.6816 0.584764 0.800917 -0.0886085 0.0934439 0
-0.38034 -0.404193 2.10926 0.96248 -0.267119 0.0477419 -0.0347996 -0.295996 -0.954555 0.269111 0.917079 -0.294186 107.228 -1.99427 -15.6211 0.585726 0.798853 -0.0944852 0.0991589 0
-0.380876 -0.4042 2.10972 0.943436 -0.328856 0.0422126 -0.0599219 -0.294341 -0.95382 0.326094 0.897339 -0.297398 107.15 -3.43533 -19.0674 0.581313 0.796112 -0.122086 0.115658 0
-0.381354 -0.404362 2.1107 0.925548 -0.377621 0.0276287 -0.0883443 -0.286335 -0.954048 0.36818 0.880576 -0.298377 106.706 -5.06837 -21.6925 0.578972 0.79219 -0.14705 0.12491 0
-0.381037 -0.404014 2.11116 0.896812 -0.440839 0.0372731 -0.0984999 -0.281094 -0.954612 0.431308 0.852436 -0.295511 106.408 -5.65279 -25.6845 0.574501 0.786355 -0.171468 0.148972 0
-0.381216 -0.404462 2.11093 0.908856 -0.415564 0.0358783 -0.0947892 -0.28954 -0.952461 0.406196 0.862249 -0.302541 106.909 -5.43919 -24.0814 0.573754 0.790718 -0.161358 0.13977 0
-0.381412 -0.404888 2.1115 0.93445 -0.354103 0.0376198 -0.0789429 -0.309015 -0.947775 0.347235 0.882678 -0.316713 108.058 -4.5278 -20.3847 0.571997 0.800028 -0.135322 0.120263 0
-0.381311 -0.404747 2.11162 0.930657 -0.362559 0.049281 -0.0683381 -0.304552 -0.950041 0.359455 0.880794 -0.30821 107.774 -3.91854 -21.1184 0.573998 0.797405 -0.135094 0.128146 0
-0.381302 -0.404529 2.11161 0.93991 -0.338275 0.046258 -0.0584915 -0.293021 -0.954315 0.336375 0.894265 -0.295199 107.069 -3.35323 -19.6913 0.581311 0.795005 -0.124769 0.120324 0
-0.381352 -0.404472 2.11137 0.956605 -0.28994 0.0290255 -0.0571438 -0.284342 -0.957018 0.285731 0.91383 -0.288571 106.547 -3.27588 -16.6305 0.588152 0.795223 -0.109115 0.0989522 0
-0.381234 -0.404017 2.11047 0.963533 -0.266376 0.025451 -0.0517255 -0.278727 -0.958977 0.262542 0.922689 -0.282341 106.207 -2.96498 -15.2419 0.592129 0.79445 -0.100101 0.0906267 0
-0.380751 -0.404129 2.11013 0.917101 -0.397586 0.0291836 -0.0932539 -0.285127 -0.953942 0.387595 0.87214 -0.298567 106.641 -5.35083 -22.9104 0.577366 0.790695 -0.155192 0.131776 0
-0.381352 -0.404623 2.11126 0.915057 -0.401959 0.0331628 -0.0926435 -0.289502 -0.952684 0.39254 0.868688 -0.30215 106.903 -5.3157 -23.2183 0.575197 0.791629 -0.156197 0.134439 0
-0.381349 -0.404781 2.11104 0.912759 -0.406821 0.0369738 -0.0959366 -0.301464 -0.948639 0.397072 0.862332 -0.314193 107.63 -5.50523 -23.5102 0.569452 0.79505 -0.15809 0.136484 0
-0.381288 -0.404914 2.11102 0.921403 -0.386228 0.0429573 -0.0819453 -0.301159 -0.950046 0.379871 0.871855 -0.309138 107.588 -4.70039 -22.4051 0.572517 0.795566 -0.14712 0.13287 0
-0.381024 -0.404096 2.11139 0.926104 -0.374904 0.0421625 -0.0744761 -0.291235 -0.953748 0.369843 0.88013 -0.297635 106.98 -4.27112 -21.7695 0.578194 0.792934 -0.141683 0.129899 0
-0.381682 -0.404156 2.11091 0.944936 -0.325826 0.0305597 -0.0669269 -0.283811 -0.956542 0.32034 0.901825 -0.28999 106.526 -3.8375 -18.727 0.585477 0.793526 -0.123737 0.110551 0
-0.381206 -0.403851 2.11037 0.945103 -0.325436 0.0295177 -0.0649107 -0.275501 -0.959107 0.32026 0.904539 -0.281502 106.027 -3.72172 -18.7196 0.589088 0.790902 -0.123386 0.110563 0
-0.381912 -0.404648 2.11157 0.94883 -0.314556 0.0278564 -0.0675044 -0.28821 -0.955185 0.308488 0.904428 -0.294696 106.79 -3.87066 -18.0106 0.584364 0.795571 -0.120059 0.105693 0
-0.381809 -0.405068 2.11092 0.969446 -0.244004 0.0252313 -0.0523871 -0.306419 -0.950454 0.239646 0.920092 -0.30984 107.869 -3.00294 -13.8851 0.581633 0.804006 -0.0921608 0.0823618 0
-0.381858 -0.405409 2.11083 0.991434 -0.126083 0.0340815 -0.00788408 -0.318242 -0.947977 0.13037 0.939588 -0.31651 108.557 -0.451729 -7.49122 0.582383 0.810276 -0.0413339 0.0507394 0
-0.381208 -0.403878 2.11092 0.924945 -0.378656 0.0331023 -0.0783885 -0.275244 -0.958173 0.37193 0.883663 -0.284268 106.027 -4.49594 -21.9055 0.584259 0.788108 -0.144982 0.128482 0
-0.381454 -0.404604 2.111 0.906805 -0.420602 0.0282669 -0.100737 -0.281321 -0.954312 0.409338 0.862527 -0.297473 106.425 -5.78162 -24.2947 0.576197 0.788289 -0.165339 0.138783 0
-0.381639 -0.40457 2.11224 0.91981 -0.391169 0.0305906 -0.0893795 -0.284808 -0.954408 0.382047 0.875141 -0.296932 106.616 -5.12791 -22.5558 0.578375 0.790815 -0.151916 0.130447 0
-0.381742 -0.404535 2.11177 0.89848 -0.43778 0.0329113 -0.0997954 -0.276668 -0.95577 0.427522 0.855455 -0.292269 106.144 -5.72739 -25.4464 0.576529 0.785401 -0.171115 0.14656 0
-0.381596 -0.404795 2.11114 0.809428 -0.586299 0.0328696 -0.156264 -0.269015 -0.950375 0.566046 0.764124 -0.309365 105.805 -8.99011 -34.9657 0.554763 0.772627 -0.240272 0.193792 0
-0.381276 -0.404907 2.11105 0.825075 -0.563379 0.043084 -0.143968 -0.283352 -0.948148 0.546374 0.77609 -0.314896 106.639 -8.27754 -33.513 0.553811 0.778351 -0.227194 0.189329 0
-0.381319 -0.404593 2.11087 0.837765 -0.544832 0.036165 -0.139992 -0.278334 -0.950228 0.52778 0.791005 -0.30945 106.326 -8.04737 -32.2104 0.559013 0.778709 -0.219859 0.181051 0
-0.381481 -0.404922 2.11155 0.756925 -0.652808 0.0301027 -0.179679 -0.252182 -0.950852 0.628315 0.714315 -0.308179 104.854 -10.3511 -39.6957 0.546938 0.761132 -0.273437 0.216263 0
-0.38179 -0.404676 2.11136 0.745879 -0.665758 0.0207557 -0.179889 -0.231345 -0.956096 0.641331 0.709398 -0.292318 103.602 -10.3633 -40.69 0.552769 0.75325 -0.280666 0.219743 0
-0.381295 -0.404233 2.1112 0.723731 -0.689333 0.0321432 -0.175003 -0.228394 -0.957711 0.667523 0.6875 -0.285931 103.413 -10.0788 -42.6865 0.549865 0.748007 -0.28888 0.233844 0
-0.381473 -0.404418 2.11187 0.721073 -0.692048 0.0335184 -0.17674 -0.230498 -0.956887 0.669938 0.684062 -0.288518 103.544 -10.1799 -42.8947 0.548192 0.748346 -0.290236 0.235003 0
-0.381034 -0.404079 2.1101 0.723632 -0.689069 0.0392498 -0.170612 -0.233694 -0.957224 0.668766 0.685982 -0.286672 103.72 -9.82341 -42.7435 0.548467 0.748999 -0.286943 0.236321 0
-0.380457 -0.403938 2.10929 0.704663 -0.708292 0.0421097 -0.181111 -0.23693 -0.954496 0.686039 0.664971 -0.295235 103.94 -10.4345 -44.2328 0.54141 0.747801 -0.297339 0.24343 0
-0.380648 -0.404253 2.10871 0.698081 -0.714745 0.0426901 -0.192273 -0.244554 -0.950381 0.68972 0.655235 -0.308144 104.43 -11.0854 -44.6548 0.535113 0.75013 -0.302287 0.244095 0
-0.380435 -0.402338 2.1084 0.722541 -0.690679 0.0299323 -0.162485 -0.211746 -0.963723 0.671962 0.691466 -0.26522 102.392 -9.35114 -42.9228 0.558027 0.741537 -0.287634 0.236635 0
-0.38031 -0.402694 2.1089 0.728728 -0.683808 0.0369039 -0.157467 -0.21977 -0.962759 0.666453 0.695779 -0.267829 102.859 -9.0599 -42.4442 0.55703 0.744367 -0.282547 0.236227 0
-0.380696 -0.403162 2.10954 0.736906 -0.67514 0.0339832 -0.160081 -0.223126 -0.961556 0.656767 0.703136 -0.2725 103.064 -9.21158 -41.709 0.557064 0.747083 -0.279494 0.231149 0
-0.381278 -0.404504 2.10935 0.746219 -0.665221 0.0252682 -0.175971 -0.23372 -0.956247 0.642021 0.709124 -0.291466 103.735 -10.1352 -40.7076 0.552502 0.753559 -0.279073 0.221379 0
-0.381407 -0.404315 2.10965 0.744652 -0.666932 0.026378 -0.181471 -0.240334 -0.953576 0.64231 0.705296 -0.299994 104.146 -10.4555 -40.7799 0.548709 0.755807 -0.280628 0.221183 0
-0.380772 -0.403375 2.10934 0.747303 -0.663679 0.0326957 -0.163829 -0.231711 -0.95889 0.643971 0.711225 -0.281888 103.585 -9.42922 -40.7524 0.555361 0.751815 -0.27517 0.225011 0
-0.380805 -0.404196 2.10888 0.77584 -0.629973 0.0347326 -0.160084 -0.249802 -0.954972 0.610283 0.735346 -0.294655 104.659 -9.2118 -38.1889 0.554838 0.761626 -0.259332 0.211723 0
-0.380484 -0.403587 2.10919 0.782075 -0.621788 0.0416933 -0.141744 -0.242635 -0.959707 0.60685 0.744653 -0.277893 104.188 -8.14875 -37.8096 0.561593 0.758716 -0.251587 0.213698 0
-0.381198 -0.404379 2.11024 0.777165 -0.628202 0.0371009 -0.165073 -0.260398 -0.951285 0.60726 0.733181 -0.306072 105.309 -9.5015 -38.0033 0.550158 0.765447 -0.259089 0.210453 0
-0.38104 -0.404145 2.11026 0.774141 -0.632099 0.0340103 -0.156576 -0.243265 -0.957239 0.613343 0.735712 -0.287293 104.259 -9.00821 -38.3894 0.55758 0.759062 -0.259753 0.213209 0
-0.380574 -0.404001 2.10907 0.783836 -0.620241 0.0300577 -0.158887 -0.247118 -0.95587 0.600297 0.744469 -0.292247 104.495 -9.14228 -37.4465 0.557779 0.762102 -0.255585 0.206782 0
-0.380528 -0.40391 2.1084 0.811939 -0.582768 0.0337013 -0.141325 -0.25226 -0.957284 0.566376 0.772493 -0.28718 104.763 -8.12454 -34.8981 0.564026 0.76671 -0.236104 0.195666 0
-0.380666 -0.403394 2.1089 0.818324 -0.57402 0.0290954 -0.144109 -0.253921 -0.956429 0.556397 0.778476 -0.290512 104.868 -8.2857 -34.2127 0.564334 0.768563 -0.233595 0.19045 0
-0.380194 -0.403431 2.10812 0.863059 -0.503473 0.0405527 -0.112222 -0.269412 -0.956464 0.492479 0.820934 -0.289019 105.731 -6.44342 -29.71 0.571102 0.778057 -0.197831 0.17127 0
-0.380348 -0.403763 2.10823 0.881809 -0.470074 0.0379879 -0.104591 -0.273473 -0.956176 0.459862 0.839192 -0.290317 105.961 -6.00362 -27.542 0.574025 0.781921 -0.183735 0.159176 0
-0.380657 -0.404463 2.10922 0.876412 -0.480119 0.0372475 -0.116514 -0.286463 -0.95098 0.467254 0.829111 -0.307 106.764 -6.69097 -28.064 0.566337 0.785792 -0.189819 0.160507 0
-0.380614 -0.40447 2.10886 0.869372 -0.492608 0.0391104 -0.124531 -0.294992 -0.94735 0.478209 0.818729 -0.317803 107.296 -7.15369 -28.8136 0.560486 0.787745 -0.195856 0.164177 0
-0.380909 -0.404692 2.10904 0.870631 -0.49069 0.0350077 -0.131822 -0.301267 -0.944384 0.473946 0.817595 -0.326976 107.693 -7.57487 -28.5626 0.557312 0.790391 -0.1969 0.160982 0
-0.381337 -0.404839 2.10878 0.871069 -0.490547 0.0245251 -0.140063 -0.29595 -0.944879 0.470766 0.81962 -0.3265 107.391 -8.05147 -28.3888 0.558708 0.789544 -0.199675 0.156828 0
-0.380721 -0.404462 2.10887 0.85599 -0.515801 0.0350756 -0.137487 -0.292517 -0.946325 0.498376 0.805223 -0.321307 107.177 -7.90246 -30.2089 0.557262 0.785782 -0.207846 0.16972 0
-0.380992 -0.404211 2.10786 0.857107 -0.514114 0.0324719 -0.137736 -0.289454 -0.94723 0.496384 0.807405 -0.318905 106.992 -7.91683 -30.0768 0.558737 0.78509 -0.207572 0.168406 0
-0.381014 -0.404582 2.10843 0.865472 -0.500067 0.0298418 -0.135988 -0.291854 -0.946746 0.482146 0.815325 -0.320595 107.133 -7.81577 -29.1217 0.559693 0.787071 -0.202032 0.162624 0
-0.381137 -0.405066 2.10843 0.865966 -0.498509 0.0398959 -0.12545 -0.293759 -0.947612 0.484112 0.815595 -0.316924 107.223 -7.20676 -29.2071 0.560197 0.786869 -0.198241 0.166485 0
-0.380506 -0.406183 2.10878 0.871752 -0.488867 0.0325359 -0.102826 -0.247479 -0.963421 0.479037 0.836519 -0.266008 104.406 -5.90191 -28.7893 0.582723 0.772211 -0.191558 0.165619 0
-0.379726 -0.415682 2.10541 0.858868 -0.511698 0.0226108 -0.08548 -0.186721 -0.978687 0.505014 0.83863 -0.204109 100.802 -4.90363 -30.4555 0.605813 0.74995 -0.199073 0.175887 0
-0.37938 -0.41599 2.10424 0.857648 -0.512813 0.0382538 -0.0777839 -0.202902 -0.976105 0.508321 0.834178 -0.213907 101.743 -4.4612 -30.6549 0.600175 0.754065 -0.195804 0.181209 0
-0.379543 -0.416719 2.10481 0.861167 -0.505695 0.0516232 -0.0879393 -0.248235 -0.9647 0.500658 0.826228 -0.258242 104.43 -5.04507 -30.1725 0.581956 0.769358 -0.192899 0.179462 0
-0.37992 -0.416148 2.1047 0.843544 -0.535776 0.0371098 -0.109291 -0.238903 -0.964873 0.525821 0.809858 -0.260081 103.907 -6.27447 -31.9372 0.579776 0.765266 -0.210733 0.1839 0
-0.379491 -0.41662 2.10448 0.842043 -0.53772 0.0426679 -0.115053 -0.25632 -0.95972 0.526997 0.803217 -0.277699 104.953 -6.60666 -32.0406 0.571844 0.770724 -0.21174 0.184782 0
-0.379442 -0.41677 2.1046 0.824055 -0.564778 0.0442526 -0.120536 -0.251124 -0.960421 0.553537 0.786106 -0.275016 104.653 -6.92302 -33.8902 0.569631 0.766517 -0.223515 0.19497 0
-0.379664 -0.416976 2.10356 0.833157 -0.551711 0.0382629 -0.12937 -0.261698 -0.95644 0.537691 0.791915 -0.28941 105.303 -7.43318 -32.8368 0.566138 0.772053 -0.220542 0.186501 0
-0.379568 -0.417967 2.10313 0.857346 -0.511965 0.053385 -0.117985 -0.296406 -0.947746 0.501036 0.806248 -0.314527 107.367 -6.77585 -30.3022 0.558214 0.785538 -0.200484 0.176446 0
-0.379365 -0.417576 2.10374 0.859448 -0.508408 0.0535765 -0.105979 -0.279711 -0.954217 0.500118 0.814422 -0.294278 106.338 -6.08359 -30.1954 0.56689 0.779974 -0.196926 0.177472 0
-0.37933 -0.417095 2.10473 0.865663 -0.498909 0.0414517 -0.105622 -0.262945 -0.959012 0.489359 0.825803 -0.280317 105.333 -6.06298 -29.4795 0.574979 0.776035 -0.19475 0.171001 0
-0.379586 -0.416979 2.10527 0.8692 -0.492852 0.039839 -0.100372 -0.254762 -0.96178 0.484165 0.831981 -0.270908 104.836 -5.76062 -29.1188 0.579554 0.773768 -0.191667 0.169303 0
-0.379408 -0.416777 2.1045 0.873729 -0.48437 0.0445382 -0.0977257 -0.264502 -0.959421 0.476495 0.833921 -0.278438 105.413 -5.60822 -28.6062 0.576799 0.777282 -0.187222 0.167582 0
-0.379434 -0.416677 2.10358 0.878757 -0.475263 0.043729 -0.097822 -0.269032 -0.958151 0.467138 0.837704 -0.282904 105.684 -5.61377 -27.9946 0.575938 0.779534 -0.183791 0.163837 0
-0.379515 -0.417194 2.10439 0.881896 -0.469519 0.0425529 -0.0942995 -0.264116 -0.95987 0.461916 0.842493 -0.277199 105.385 -5.411 -27.6445 0.578917 0.778333 -0.181098 0.162035 0
-0.3796 -0.41652 2.10512 0.883077 -0.467637 0.0386144 -0.0917097 -0.252717 -0.963184 0.460179 0.847024 -0.266055 104.702 -5.26197 -27.5244 0.584017 0.774895 -0.180459 0.160923 0
-0.379332 -0.4162 2.10469 0.887465 -0.459148 0.039858 -0.0864935 -0.250875 -0.964148 0.452686 0.8522 -0.262356 104.585 -4.96191 -27.0256 0.586139 0.774709 -0.17608 0.158945 0
-0.379327 -0.416445 2.10486 0.884958 -0.463717 0.0426199 -0.0815461 -0.244428 -0.966232 0.458476 0.851599 -0.254123 104.196 -4.67744 -27.3876 0.588729 0.771931 -0.176591 0.162286 0
-0.379349 -0.416629 2.1043 0.882796 -0.467621 0.0447376 -0.0845061 -0.25177 -0.964091 0.462092 0.847315 -0.261778 104.636 -4.84762 -27.6294 0.585074 0.774007 -0.178334 0.163703 0
-0.379681 -0.417007 2.10418 0.879925 -0.473651 0.0372404 -0.0932179 -0.24897 -0.964015 0.465878 0.844789 -0.263228 104.481 -5.34876 -27.8991 0.584749 0.773325 -0.183257 0.162648 0
-0.37942 -0.416488 2.10493 0.855545 -0.515933 0.0430725 -0.098431 -0.243771 -0.964825 0.508285 0.821212 -0.259341 104.18 -5.64883 -30.7148 0.581471 0.767896 -0.200015 0.179503 0
-0.378969 -0.416349 2.10357 0.86344 -0.501946 0.0502064 -0.0945558 -0.258805 -0.96129 0.49551 0.82527 -0.270925 105.068 -5.42575 -29.8506 0.577432 0.773494 -0.192795 0.17638 0
-0.379268 -0.416662 2.10411 0.863762 -0.50172 0.0468281 -0.0969878 -0.256726 -0.961605 0.494478 0.826056 -0.270411 104.948 -5.56574 -29.7899 0.578062 0.773127 -0.193599 0.175038 0
-0.379399 -0.417157 2.10494 0.867507 -0.495287 0.0460646 -0.0976045 -0.260297 -0.960583 0.487754 0.828817 -0.274151 105.162 -5.60124 -29.3468 0.577291 0.774912 -0.191277 0.172219 0
-0.379434 -0.416689 2.10367 0.883861 -0.466001 0.040413 -0.0883393 -0.251146 -0.96391 0.459332 0.848392 -0.263144 104.604 -5.06807 -27.4604 0.585143 0.774298 -0.178981 0.161354 0
-0.379228 -0.416529 2.10407 0.912075 -0.407251 0.0476065 -0.0662769 -0.261012 -0.963058 0.404632 0.875225 -0.265054 105.164 -3.80017 -23.9239 0.588645 0.780727 -0.15163 0.144813 0
-0.378798 -0.415995 2.10426 0.91247 -0.406375 0.0475205 -0.0623581 -0.252919 -0.965476 0.404364 0.878004 -0.256122 104.68 -3.57518 -23.9007 0.592332 0.77806 -0.150609 0.145196 0
-0.3792 -0.416484 2.10486 0.918871 -0.391853 0.0461151 -0.0614933 -0.257678 -0.964272 0.389736 0.883206 -0.260869 104.961 -3.52553 -22.9841 0.591677 0.780612 -0.14519 0.139586 0
-0.379602 -0.416677 2.10476 0.904528 -0.42456 0.0397229 -0.0762867 -0.252772 -0.964514 0.419535 0.869399 -0.261027 104.685 -4.37516 -24.8826 0.589646 0.777549 -0.161034 0.147662 0
-0.379561 -0.416801 2.10506 0.898085 -0.437576 0.0444 -0.0791923 -0.260178 -0.962308 0.432635 0.860717 -0.268315 105.129 -4.54214 -25.7215 0.585148 0.778874 -0.16587 0.153117 0
-0.379309 -0.416662 2.10525 0.897844 -0.437885 0.0461832 -0.073292 -0.252049 -0.964935 0.434171 0.862976 -0.258395 104.639 -4.20309 -25.807 0.58894 0.775933 -0.164697 0.154767 0
-0.379274 -0.416406 2.10441 0.902653 -0.427924 0.0458025 -0.0766029 -0.264481 -0.961344 0.423496 0.864252 -0.271515 105.382 -4.39332 -25.1345 0.584521 0.780809 -0.16154 0.15026 0
-0.379625 -0.417363 2.10482 0.915491 -0.399039 0.0514169 -0.069108 -0.281857 -0.956964 0.396358 0.872539 -0.285615 106.411 -3.96276 -23.41 0.580521 0.787871 -0.148548 0.142084 0
-0.379442 -0.417268 2.10499 0.908351 -0.415248 0.0496793 -0.0700826 -0.268252 -0.960796 0.412296 0.869258 -0.272769 105.6 -4.01873 -24.413 0.584664 0.782523 -0.155053 0.147591 0
-0.379759 -0.417302 2.10532 0.91215 -0.407526 0.0436497 -0.0738441 -0.268164 -0.960539 0.40315 0.872932 -0.274699 105.599 -4.23481 -23.8444 0.585082 0.783424 -0.153611 0.142579 0
-0.379641 -0.41682 2.1054 0.911127 -0.410622 0.0351671 -0.0761137 -0.251522 -0.964854 0.405036 0.876428 -0.260422 104.611 -4.36522 -23.9672 0.591435 0.778311 -0.156344 0.141397 0
-0.379188 -0.415951 2.10537 0.93565 -0.350385 0.0422933 -0.0496573 -0.249341 -0.967142 0.349418 0.902806 -0.250695 104.457 -2.84633 -20.4781 0.599085 0.780334 -0.128164 0.125495 0
-0.379518 -0.416596 2.10541 0.949562 -0.310375 0.0447181 -0.0423752 -0.268303 -0.962402 0.310703 0.911965 -0.267923 105.578 -2.42865 -18.1185 0.594419 0.788319 -0.111868 0.112715 0
-0.379545 -0.416712 2.1046 0.933342 -0.356308 0.0437848 -0.0529775 -0.257341 -0.964867 0.355058 0.898232 -0.259063 104.934 -3.03681 -20.8276 0.595176 0.782583 -0.130748 0.127412 0
-0.379639 -0.416959 2.10446 0.954624 -0.294304 0.0455824 -0.0399142 -0.278111 -0.959719 0.295126 0.914352 -0.277239 106.161 -2.28752 -17.1792 0.591455 0.792145 -0.105479 0.107527 0
-0.379182 -0.416834 2.10415 0.974986 -0.217905 0.0438213 -0.0227266 -0.293856 -0.955579 0.221103 0.93068 -0.291458 107.094 -1.30225 -12.7772 0.589422 0.800047 -0.075193 0.0827839 0
-0.379626 -0.417318 2.10407 0.978195 -0.202426 0.0464576 -0.0172053 -0.301903 -0.953184 0.206974 0.9316 -0.298802 107.575 -0.985842 -11.9469 0.586833 0.802948 -0.0683827 0.0789068 0
-0.379645 -0.416894 2.10468 0.980503 -0.192065 0.0415224 -0.0135265 -0.276777 -0.960839 0.196036 0.941544 -0.273979 106.069 -0.775035 -11.3063 0.59786 0.795497 -0.064611 0.0746572 0
-0.379236 -0.416919 2.10391 0.984288 -0.17152 0.0419254 -0.00771232 -0.27898 -0.960266 0.176401 0.944855 -0.27592 106.2 -0.441888 -10.1605 0.597785 0.796741 -0.0562392 0.0685062 0
-0.379102 -0.416557 2.10387 0.975289 -0.215882 0.0469772 -0.0159315 -0.280797 -0.959635 0.220359 0.935173 -0.277297 106.31 -0.912844 -12.7317 0.59523 0.79583 -0.0728211 0.0839802 0
-0.379264 -0.416771 2.10409 0.968603 -0.244047 0.0474333 -0.0233883 -0.279392 -0.959892 0.247511 0.928645 -0.276328 106.228 -1.34017 -14.3343 0.594324 0.794406 -0.084162 0.0928192 0
-0.379568 -0.416565 2.10422 0.963974 -0.262025 0.0457932 -0.0292205 -0.27543 -0.960877 0.264386 0.924922 -0.273164 105.995 -1.67445 -15.3372 0.594849 0.792554 -0.0918692 0.0978418 0
-0.379419 -0.416825 2.10337 0.95336 -0.298692 0.0434539 -0.0404958 -0.269238 -0.962222 0.299107 0.915584 -0.268777 105.632 -2.32087 -17.4187 0.594841 0.789205 -0.107446 0.108515 0
-0.379248 -0.41672 2.10443 0.946394 -0.319055 0.0504223 -0.0410024 -0.273495 -0.960999 0.320402 0.907416 -0.271916 105.886 -2.34992 -18.7035 0.591815 0.789273 -0.114047 0.117458 0
-0.379156 -0.416403 2.10407 0.946001 -0.319618 0.0540955 -0.0400214 -0.280757 -0.958944 0.321683 0.904997 -0.278388 106.319 -2.29367 -18.7804 0.588824 0.791383 -0.113611 0.11871 0
-0.379126 -0.416727 2.10389 0.964906 -0.258293 0.0473455 -0.0274287 -0.278446 -0.96006 0.26116 0.925069 -0.275759 106.174 -1.57175 -15.1447 0.593865 0.793585 -0.0900098 0.0971873 0
-0.379409 -0.41714 2.10481 0.974588 -0.218477 0.0494501 -0.0140369 -0.279887 -0.95993 0.223564 0.934843 -0.275841 106.255 -0.804284 -12.9197 0.59558 0.795348 -0.0730857 0.0858157 0
