-0.337905 -0.387438 1.45621 0.826911 0.562275 0.0081168 0.182237 -0.254296 -0.949802 -0.531985 0.78688 -0.312747 104.989 10.5001 32.7548 0.561219 0.77362 0.240593 -0.169291 0
-0.335375 -0.386612 1.45566 0.827518 0.560675 0.0292731 0.174477 -0.207258 -0.962602 -0.53364 0.801678 -0.269334 102.151 10.0482 32.8167 0.581147 0.758965 0.242156 -0.166136 0
-0.3351 -0.38503 1.45328 0.837376 0.545971 0.0267602 0.15716 -0.193577 -0.968416 -0.523547 0.815134 -0.247901 101.304 9.04211 32.0146 0.590741 0.754794 0.232889 -0.164544 0
-0.335282 -0.38494 1.45393 0.848534 0.528374 0.0284653 0.152081 -0.192 -0.96954 -0.506815 0.827017 -0.243274 101.201 8.74755 30.8491 0.594403 0.755614 0.225133 -0.158265 0
-0.335836 -0.385804 1.45638 0.854272 0.51918 0.0259179 0.149612 -0.197814 -0.968755 -0.497831 0.831457 -0.246663 101.541 8.60445 30.2317 0.593674 0.758081 0.220554 -0.155628 0
-0.336372 -0.386856 1.45963 0.864044 0.502662 0.0275508 0.151917 -0.208177 -0.966221 -0.479948 0.839043 -0.256237 102.159 8.73802 29.0507 0.59153 0.762964 0.214486 -0.148237 0
-0.338505 -0.389792 1.46906 0.873776 0.485181 0.0333974 0.161151 -0.22406 -0.961159 -0.458853 0.84522 -0.273966 103.122 9.27371 27.7057 0.586462 0.770033 0.209839 -0.138129 0
-0.340588 -0.39194 1.47743 0.877163 0.479517 0.0254729 0.147394 -0.218377 -0.964669 -0.457012 0.849927 -0.26223 102.755 8.47591 27.5201 0.59088 0.767751 0.204138 -0.140521 0
-0.340251 -0.393375 1.48536 0.885707 0.463701 0.0224566 0.135541 -0.212023 -0.96782 -0.444018 0.860248 -0.250641 102.357 7.7899 26.6253 0.596457 0.76622 0.195519 -0.137546 0
-0.333042 -0.39583 1.49501 0.885969 0.463702 0.00627424 0.112747 -0.202257 -0.972821 -0.44983 0.862597 -0.231474 101.745 6.4737 26.9181 0.602544 0.761528 0.189241 -0.145614 0
-0.315341 -0.39693 1.50011 0.898426 0.438966 0.0118557 0.106094 -0.190784 -0.975882 -0.426117 0.878015 -0.217976 101.062 6.09017 25.3746 0.610259 0.759471 0.179421 -0.136365 0
-0.306262 -0.39801 1.50475 0.899214 0.437228 0.0156654 0.111777 -0.19497 -0.974419 -0.422989 0.877962 -0.224192 101.315 6.41775 25.1922 0.608287 0.761311 0.180283 -0.133757 0
-0.296802 -0.39945 1.51208 0.895104 0.445392 0.0203831 0.124219 -0.205214 -0.970802 -0.428204 0.871501 -0.239014 101.936 7.13563 25.5658 0.602262 0.764744 0.18621 -0.13332 0
-0.280355 -0.399108 1.52283 0.903932 0.42745 0.0139427 0.115541 -0.212687 -0.970265 -0.411774 0.878664 -0.241643 102.364 6.63484 24.491 0.601997 0.767832 0.176794 -0.129531 0
-0.262867 -0.399602 1.53051 0.90468 0.425824 0.0150941 0.11756 -0.215398 -0.969424 -0.409552 0.878793 -0.244926 102.527 6.75131 24.3565 0.600907 0.768929 0.176669 -0.128249 0
-0.254595 -0.410947 1.53906 0.877725 0.477604 0.0386506 0.162931 -0.221625 -0.961424 -0.450614 0.850163 -0.272343 102.981 9.37707 27.1755 0.588166 0.770015 0.207962 -0.133752 0
-0.244666 -0.411067 1.54357 0.876121 0.479968 0.0451977 0.170113 -0.220069 -0.960537 -0.45108 0.849235 -0.274456 102.904 9.79442 27.2421 0.587707 0.769845 0.211108 -0.131806 0
-0.23528 -0.410765 1.55079 0.881881 0.469445 0.0436757 0.160351 -0.211529 -0.964128 -0.443367 0.857249 -0.26182 102.375 9.22727 26.691 0.593408 0.767338 0.205189 -0.13022 0
-0.225793 -0.408699 1.55916 0.881764 0.470284 0.0364019 0.145878 -0.198497 -0.969184 -0.448566 0.859902 -0.243632 101.575 8.38813 26.9631 0.599924 0.762216 0.202096 -0.135186 0
-0.217051 -0.401004 1.57667 0.87424 0.485353 0.0117386 0.116624 -0.186474 -0.975513 -0.471279 0.854201 -0.219627 100.822 6.69728 28.3279 0.605834 0.75504 0.199319 -0.152158 0
-0.206903 -0.393911 1.58578 0.85945 0.511105 -0.0108318 0.115541 -0.21484 -0.969791 -0.497992 0.832235 -0.243698 102.491 6.63481 30.0893 0.591801 0.761247 0.205796 -0.167102 0
-0.197621 -0.385802 1.5945 0.844167 0.536079 0.00089573 0.134422 -0.210057 -0.968404 -0.518953 0.817616 -0.249384 102.238 7.7252 31.5812 0.588372 0.758882 0.220884 -0.170665 0
-0.187637 -0.375733 1.60115 0.823387 0.567446 0.0061837 0.144078 -0.198498 -0.969454 -0.548885 0.799127 -0.245197 101.572 8.28387 33.6882 0.587302 0.752842 0.236279 -0.180218 0
-0.177431 -0.366111 1.60895 0.80403 0.59452 0.00904364 0.140262 -0.174866 -0.97455 -0.577808 0.784837 -0.223986 100.172 8.06299 35.7025 0.592701 0.742105 0.247533 -0.191605 0
-0.167692 -0.357461 1.62009 0.794741 0.606833 0.0118438 0.139136 -0.163157 -0.97674 -0.590786 0.777903 -0.2141 99.4832 7.99786 36.626 0.595291 0.736885 0.253082 -0.196415 0
-0.157568 -0.348556 1.62873 0.784533 0.619938 0.0135922 0.138874 -0.154297 -0.978216 -0.604336 0.76933 -0.207144 98.9636 7.98267 37.6075 0.596467 0.732457 0.258995 -0.201631 0
-0.156397 -0.336803 1.63072 0.819247 0.573322 0.0117184 0.114524 -0.143557 -0.982993 -0.561889 0.806656 -0.183268 98.3088 6.57617 34.4447 0.610824 0.732474 0.234768 -0.187778 0
-0.156885 -0.327465 1.63262 0.82056 0.571503 0.00815601 0.118663 -0.156382 -0.980543 -0.559107 0.805562 -0.196137 99.0615 6.81494 34.2695 0.605814 0.737068 0.234091 -0.186872 0
-0.157948 -0.318722 1.63873 0.81785 0.575416 0.00422395 0.10929 -0.148121 -0.982912 -0.564958 0.804336 -0.184028 98.5698 6.2744 34.6361 0.609447 0.733144 0.233483 -0.191209 0
-0.158669 -0.325743 1.64405 0.79364 0.608387 0.000745249 0.116145 -0.150309 -0.981793 -0.597198 0.779277 -0.189952 98.7042 6.66968 36.9607 0.602781 0.730394 0.247994 -0.204155 0
-0.15823 -0.326989 1.64406 0.780344 0.625344 0.00284221 0.12385 -0.15009 -0.980884 -0.612963 0.765779 -0.194571 98.6996 7.11436 38.1498 0.5991 0.72887 0.256971 -0.20927 0
-0.158586 -0.327547 1.64812 0.757104 0.653241 0.00831965 0.133519 -0.142256 -0.980783 -0.639505 0.743666 -0.194923 98.2528 7.67297 40.1868 0.595803 0.723582 0.271828 -0.218077 0
-0.159578 -0.328437 1.65241 0.739635 0.672933 0.0100774 0.139366 -0.138497 -0.980508 -0.65842 0.726623 -0.196221 98.0398 8.01114 41.6754 0.592646 0.720131 0.281997 -0.225078 0
-0.160176 -0.328772 1.65735 0.738245 0.674419 0.0123965 0.140826 -0.136129 -0.980631 -0.659668 0.725692 -0.195472 97.9031 8.09563 41.7828 0.59301 0.719348 0.283328 -0.224951 0
-0.15999 -0.329035 1.65954 0.740031 0.672489 0.0105771 0.143672 -0.1427 -0.979283 -0.657048 0.72622 -0.20222 98.2907 8.2604 41.6008 0.590574 0.721968 0.282617 -0.223857 0
-0.160816 -0.329982 1.66472 0.750549 0.660758 0.00865613 0.151051 -0.158796 -0.975688 -0.643319 0.733609 -0.218992 99.244 8.68785 40.6009 0.585824 0.729441 0.27823 -0.217517 0
-0.161336 -0.330265 1.66914 0.727671 0.685906 0.00516542 0.153558 -0.15556 -0.975818 -0.668516 0.710868 -0.218523 99.0576 8.83318 42.5739 0.581719 0.724871 0.289522 -0.228782 0
-0.161598 -0.330715 1.67525 0.752701 0.658357 -0.00253626 0.142301 -0.166452 -0.975727 -0.642799 0.73407 -0.218974 99.6811 8.18104 40.497 0.584653 0.731117 0.273779 -0.220668 0
-0.162009 -0.330703 1.6809 0.736564 0.67635 -0.00496883 0.131435 -0.150335 -0.979859 -0.663475 0.721076 -0.199628 98.7226 7.55254 42.0116 0.58877 0.722241 0.279611 -0.231378 0
-0.162734 -0.329746 1.68232 0.717922 0.696122 -0.00121423 0.131807 -0.137647 -0.981672 -0.683531 0.704604 -0.190574 97.9818 7.57403 43.5942 0.589428 0.715217 0.289398 -0.239349 0
-0.169463 -0.331531 1.72316 0.707889 0.70491 0.0446603 0.142597 -0.0806997 -0.986486 -0.69178 0.704691 -0.157645 94.6767 8.19815 44.3406 0.606124 0.697537 0.30375 -0.23193 0
-0.171622 -0.331018 1.73533 0.677506 0.735008 0.0273669 0.144706 -0.0967201 -0.984736 -0.721142 0.671125 -0.171888 95.6096 8.32025 46.787 0.593485 0.697516 0.315302 -0.248659 0
-0.170582 -0.331724 1.73866 0.632418 0.774018 0.0307102 0.178204 -0.106793 -0.978181 -0.753851 0.624092 -0.205471 96.2306 10.2652 50.0062 0.57449 0.697259 0.341416 -0.25928 0
-0.17104 -0.33725 1.75566 0.690255 0.714455 0.114467 0.201544 -0.0379061 -0.978746 -0.694931 0.698654 -0.170159 92.2179 11.6272 45.1934 0.608726 0.688898 0.332415 -0.210649 0
-0.168939 -0.334025 1.75274 0.621693 0.783167 0.0121538 0.169834 -0.119638 -0.978184 -0.764627 0.610194 -0.207386 96.973 9.77819 50.8866 0.568918 0.697982 0.341341 -0.269517 0
-0.164324 -0.335456 1.76259 0.674541 0.738145 0.0116454 0.157405 -0.128394 -0.979152 -0.721261 0.662311 -0.202795 97.4705 9.05632 46.9171 0.579515 0.708119 0.316172 -0.250528 0
-0.165422 -0.336328 1.76684 0.686582 0.726924 0.0136583 0.158781 -0.131584 -0.978506 -0.709503 0.673993 -0.205765 97.6588