-0.336012 -0.386846 1.45522 0.840052 0.542482 0.00504917 0.171987 -0.257477 -0.950855 -0.514522 0.799637 -0.309594 105.151 9.90335 31.4869 0.564132 0.775745 0.230252 -0.164188 0
-0.346035 -0.386555 1.45981 0.788805 0.614318 0.0200192 0.177595 -0.196615 -0.964263 -0.588427 0.76417 -0.264191 101.525 10.2297 36.722 0.576194 0.749935 0.263994 -0.189486 0
-0.347317 -0.387113 1.46213 0.760266 0.649142 0.0247136 0.185558 -0.180549 -0.965904 -0.622547 0.738929 -0.257719 100.588 10.6937 39.3125 0.574891 0.741373 0.281471 -0.201597 0
-0.347734 -0.387752 1.46465 0.746444 0.664802 0.0293146 0.184124 -0.164001 -0.969124 -0.639468 0.728795 -0.244824 99.605 10.61 40.5862 0.578277 0.734042 0.289127 -0.207806 0
-0.348854 -0.389136 1.46895 0.745136 0.666154 0.0318012 0.18775 -0.163778 -0.968466 -0.639939 0.72761 -0.247107 99.5985 10.8215 40.6567 0.577549 0.73417 0.290772 -0.207084 0
-0.35015 -0.390441 1.47413 0.761798 0.647044 0.0315777 0.18161 -0.16652 -0.969169 -0.621837 0.744046 -0.244364 99.7492 10.4635 39.2239 0.581144 0.737001 0.28109 -0.200223 0
-0.351047 -0.391765 1.47884 0.770544 0.636778 0.0278363 0.178702 -0.173908 -0.968412 -0.611823 0.751179 -0.247797 100.181 10.2942 38.45 0.580698 0.740312 0.275384 -0.197209 0
-0.352946 -0.393496 1.48611 0.748153 0.663052 0.0250798 0.180381 -0.166868 -0.969339 -0.638537 0.729738 -0.244445 99.7675 10.392 40.4802 0.578109 0.734756 0.286977 -0.208728 0
-0.354304 -0.39523 1.49193 0.737828 0.67444 0.0272108 0.185785 -0.16416 -0.96878 -0.648917 0.719849 -0.246423 99.6174 10.7069 41.3315 0.576031 0.732873 0.293443 -0.212079 0
-0.35529 -0.396209 1.49579 0.741776 0.670074 0.0277403 0.185384 -0.165118 -0.968694 -0.644517 0.723697 -0.246701 99.6733 10.6835 40.9868 0.576619 0.733757 0.291465 -0.210143 0
-0.356703 -0.397278 1.49955 0.732937 0.679557 0.03171 0.189054 -0.158686 -0.96906 -0.6535 0.716255 -0.24478 99.2998 10.8976 41.7208 0.576514 0.730822 0.297135 -0.212702 0
-0.356709 -0.397861 1.5022 0.709612 0.703773 0.0339786 0.197787 -0.152679 -0.968282 -0.676263 0.693825 -0.24754 98.9606 11.4076 43.6215 0.572143 0.726263 0.310342 -0.221092 0
-0.357871 -0.399812 1.50696 0.691769 0.721446 0.0311507 0.203809 -0.153677 -0.966874 -0.692761 0.675202 -0.253346 99.0312 11.7598 45.041 0.566733 0.72436 0.319335 -0.228343 1
-0.358696 -0.400821 1.51122 0.69297 0.72027 0.0316954 0.200557 -0.150355 -0.968076 -0.69251 0.677204 -0.248647 98.8283 11.5695 44.981 0.568764 0.723183 0.318324 -0.22844 0
-0.361777 -0.40465 1.52344 0.738966 0.672671 0.0379917 0.195154 -0.159734 -0.967678 -0.64486 0.722495 -0.249313 99.3733 11.2537 41.1096 0.576611 0.732805 0.296063 -0.207036 0
-0.367337 -0.408659 1.53733 0.730413 0.681403 0.0467623 0.208461 -0.157209 -0.965313 -0.650415 0.714826 -0.256873 99.2498 12.0322 41.6843 0.573658 0.732205 0.30383 -0.206108 0
-0.375849 -0.420261 1.56532 0.678454 0.733382 0.0430193 0.21188 -0.139269 -0.967322 -0.703425 0.665398 -0.249877 98.1928 12.2326 46.0353 0.567739 0.718957 0.328692 -0.22964 0
-0.381941 -0.426774 1.58401 0.681052 0.72927 0.0658335 0.232595 -0.130209 -0.963818 -0.694311 0.671722 -0.258303 97.6939 13.4499 45.5524 0.568449 0.719299 0.334306 -0.218434 0
-0.384327 -0.429863 1.59629 0.696865 0.715231 0.0531472 0.217994 -0.140633 -0.965764 -0.68327 0.684593 -0.253918 98.2851 12.5912 44.4356 0.570595 0.723086 0.322653 -0.217859 0
-0.387315 -0.432136 1.60723 0.711275 0.701939 0.0370165 0.20535 -0.15714 -0.965991 -0.67225 0.694686 -0.255913 99.2395 11.85 43.3843 0.569698 0.728754 0.311247 -0.217918 0
-0.390069 -0.435749 1.62149 0.703076 0.710566 0.0279434 0.202151 -0.162038 -0.965856 -0.681777 0.684719 -0.257566 99.5236 11.6628 44.1189 0.566452 0.728471 0.313231 -0.224386 0
-0.392754 -0.438857 1.63266 0.702727 0.711044 0.0242972 0.1972 -0.161853 -0.96691 -0.683583 0.684266 -0.253957 99.5028 11.3733 44.2088 0.567212 0.72776 0.312 -0.226478 0
-0.39637 -0.441629 1.64727 0.569271 0.82215 0.000384468 0.140873 -0.097082 -0.985256 -0.809991 0.560932 -0.171085 95.6275 8.09836 54.9 0.57033 0.677761 0.355222 -0.298633 0
-0.397848 -0.443966 1.65721 0.54949 0.835249 -0.0204899 0.1237 -0.105584 -0.986687 -0.826292 0.53964 -0.161337 96.1079 7.10567 56.3758 0.566253 0.673871 0.355761 -0.314148 0
-0.401885 -0.446422 1.6681 0.561508 0.827286 -0.0175177 0.117652 -0.100774 -0.987928 -0.819064 0.552669 -0.153918 95.8243 6.75663 55.5675 0.57158 0.673832 0.350583 -0.310382 0
-0.407039 -0.448728 1.68851 0.517816 0.85546 -0.00738169 0.106385 -0.0729526 -0.991645 -0.848852 0.512704 -0.128785 94.2075 6.10699 58.616 0.573602 0.655659 0.366748 -0.326478 0
-0.412888 -0.441298 1.70526 0.485587 0.873922 0.0215842 0.101309 -0.0317328 -0.994349 -0.868298 0.485029 -0.103945 91.8279 5.81454 60.7843 0.580928 0.636644 0.382957 -0.332491 0
-0.41673 -0.430319 1.72499 0.433803 0.900316 0.0353052 0.106748 -0.0124476 -0.994208 -0.894662 0.435059 -0.101507 90.7173 6.12787 64.1322 0.574423 0.622044 0.404739 -0.345376 0
-0.416388 -0.418045 1.73633 0.371962 0.927618 0.0342012 0.1145 -0.00928721 -0.99338 -0.921159 0.373415 -0.109667 90.5356 6.57481 68.0113 0.559689 0.610515 0.426737 -0.3632 0
-0.415011 -0.402345 1.74333 0.3143 0.947166 0.0639704 0.168409 0.0106866 -0.985659 -0.934267 0.320566 -0.156153 89.3788 9.69534 71.4064 0.540563 0.604104 0.461665 -0.36016 0
-0.40412 -0.398268 1.74248 0.275955 0.960858 0.0244909 0.150673 -0.0180795 -0.988418 -0.949287 0.276449 -0.149765 91.0479 8.66596 73.791 0.526334 0.600791 0.462528 -0.384824 0
-0.405764 -0.390788 1.7387 0.23317 0.972102 0.0254801 0.148589 -0.00972164 -0.988851 -0.961017 0.234356 -0.14671 90.5633 8.54516 76.362 0.51883 0.589407 0.475347 -0.396813 0
-0.404735 -0.390149 1.73846 0.202778 0.979021 0.0199616 0.200328 -0.0215213 -0.979492 -0.958514 0.202618 -0.20049 91.2587 11.5561 78.055 0.495168 0.596823 0.494012 -0.393146 0
-0.405822 -0.39002 1.73775 0.163293 0.986423 0.0174966 0.211638 -0.0177018 -0.977188 -0.96361 0.163271 -0.211655 91.0378 12.2184 80.3821 0.483202 0.590053 0.507607 -0.40086 0
-0.406677 -0.390091 1.73915 0.17099 0.984775 0.0313121 0.200223 -0.00361327 -0.979744 -0.964714 0.173795 -0.197793 90.2113 11.55 79.9491 0.492337 0.585746 0.505764 -0.398381 0
-0.40835 -0.390966 1.73859 0.168994 0.984646 0.0437392 0.192573 0.010536 -0.981226 -0.966621 0.174245 -0.187836 89.3848 11.103 80.0832 0.497919 0.58015 0.507291 -0.397691 0
-0.407548 -0.392604 1.73966 0.157839 0.985784 0.0575912 0.205173 0.0243099 -0.978424 -0.965915 0.16625 -0.198419 88.5767 11.8396 80.7194 0.495916 0.57705 0.515967 -0.39352 0
-0.410366 -0.394791 1.73786 0.151743 0.988254 0.0180987 0.255278 -0.0214943 -0.966629 -0.954886 0.151299 -0.255542 91.2738 14.7901 80.9705 0.467629 0.597658 0.520169 -0.391858 0
-0.40818 -0.393994 1.73835 0.189728 0.980659 0.0480701 0.241091 0.000928231 -0.970502 -0.951776 0.195721 -0.236252 89.9452 13.951 78.7264 0.488468 0.596878 0.511726 -0.378514 0
-0.408926 -0.391417 1.73958 0.183514 0.980929 0.0640392 0.202831 0.0259588 -0.97887 -0.961864 0.192625 -0.194199 88.4809 11.7026 79.1984 0.503804 0.581325 0.509079 -0.386111 0
-0.408081 -0.390269 1.73759 0.188855 0.980985 0.0447446 0.206911 0.00479062 -0.978348 -0.959959 0.194024 -0.202072 89.7194 11.9414 78.8702 0.497889 0.588672 0.504482 -0.388678 0
-0.407951 -0.390941 1.73798 0.179949 0.983125 0.0329069 0.211386 -0.00597692 -0.977384 -0.960695 0.182836 -0.208895 90.3504 12.2036 79.3908 0.491192 0.590513 0.50571 -0.392789 0
-0.407042 -0.391126 1.73902 0.164319 0.986065 0.0259929 0.216946 -0.0104213 -0.976128 -0.962254 0.166036 -0.215636 90.6117 12.5297 80.3094 0.48432 0.589571 0.510121 -0.39701 0
-0.406461 -0.391008 1.7395 0.154552 0.987713 0.023148 0.215491 -0.010835 -0.976446 -0.964198 0.1559 -0.214518 90.6357 12.4443 80.8935 0.481975 0.587347 0.512135 -0.400551 0
-0.408069 -0.39012 1.73858 0.137568 0.990212 0.0235653 0.200562 -0.00454921 -0.979671 -0.969974 0.139498 -0.199224 90.2661 11.5698 81.9278 0.483165 0.579082 0.514079 -0.408582 0
-0.410851 -0.390461 1.73853 0.113464 0.993166 0.0273471 0.204485 0.00359186 -0.978863 -0.972271 0.116658 -0.20268 89.7898 11.7994 83.3437 0.478115 0.572833 0.522687 -0.412391 0
-0.41048 -0.392269 1.73874 0.106476 0.994139 0.0187282 0.208182 -0.00387126 -0.978082 -0.972277 0.108041 -0.207374 90.2268 12.0159 83.7504 0.473083 0.57396 0.523695 -0.415338 0
-0.411054 -0.389975 1.7365 0.0448692 0.998921 0.0119607 0.200179 0.00273967 -0.979756 -0.978731 0.0463551 -0.19984 89.8398 11.5474 87.3752 0.460372 0.557218 0.537985 -0.433749 0
-0.410735 -0.389048 1.7332 -0.0247844 0.999693 0.000517122 0.205253 0.0055949 -0.978693 -0.978395 -0.0241502 -0.205329 89.6725 11.8443 91.4511 0.440307 0.541975 0.555812 -0.451071 0
-0.410767 -0.389232 1.73542 -0.0612031 0.998119 0.00359865 0.195508 0.0155236 -0.980579 -0.978791 -0.0593109 -0.19609 89.093 11.2744 93.578 0.435382 0.529 0.564096 -0.460866 0
-0.410367 -0.388859 1.73508 -0.0976944 0.995168 0.00987055 0.196458 0.029007 -0.980083 -0.975633 -0.0938095 -0.198343 88.3047 11.3299 95.7182 0.428068 0.517601 0.575553 -0.466461 0
-0.411062 -0.389078 1.73508 -0.0751911 0.997162 0.00367333 0.190259 0.0179624 -0.98157 -0.97885 -0.0731064 -0.191069 88.9516 10.9679 94.3926 0.433504 0.523907 0.566618 -0.465338 0
-0.411574 -0.388558 1.73349 -0.0616399 0.998096 -0.00210842 0.193999 0.00990866 -0.980952 -0.979063 -0.0608748 -0.19424 89.4213 11.1862 93.6025 0.434174 0.529786 0.562536 -0.463004 0
-0.411288 -0.387268 1.7336 -0.0635866 0.99786 -0.0152392 0.17864 -0.00364264 -0.983908 -0.981858 -0.0652857 -0.178026 90.2121 10.2906 93.7054 0.43438 0.528697 0.556321 -0.471488 0
-0.409593 -0.387583 1.73476 -0.0667261 0.997771 0.00124775 0.169799 0.0125876 -0.985398 -0.983217 -0.0655399 -0.17026 89.2681 9.77613 93.8824 0.440341 0.522242 0.558922 -0.470074 0
-0.412214 -0.387805 1.73471 -0.10243 0.994591 0.0172164 0.160348 0.0335899 -0.986489 -0.981731 -0.0982858 -0.162921 88.0498 9.22708 95.9565 0.438246 0.506681 0.569856 -0.475899 0
-0.410605 -0.386767 1.73454 -0.113248 0.993564 0.00218809 0.146369 0.0188616 -0.98905 -0.982726 -0.111688 -0.147563 88.9075 8.41658 96.5737 0.43533 0.503849 0.565613 -0.486524 0
-0.411331 -0.386391 1.73384 -0.145879 0.989302 0.000354067 0.126038 0.01894 -0.991845 -0.981241 -0.144645 -0.127452 88.906 7.24068 98.4561 0.431743 0.490569 0.568391 -0.499872 0
-0.412635 -0.385625 1.73144 -0.0710967 0.997246 -0.0211305 0.140491 -0.0109614 -0.990021 -0.987526 -0.0733559 -0.139325 90.6343 8.07626 94.1179 0.441196 0.51942 0.547599 -0.485472 0
-0.412451 -0.385953 1.73044 -0.0666608 0.997695 -0.012675 0.149734 -0.00255654 -0.988723 -0.986477 -0.0678069 -0.149218 90.1481 8.61151 93.8659 0.442031 0.520844 0.550755 -0.479583 0
-0.412697 -0.386768 1.73251 -0.0680604 0.997614 -0.0115945 0.164516 -0.000240052 -0.986374 -0.984024 -0.0690405 -0.164107 90.0139 9.46912 93.9566 0.438062 0.523519 0.554961 -0.475445 0
-0.41186 -0.387069 1.73165 -0.0594642 0.998164 -0.0115221 0.177839 -0.000764852 -0.984059 -0.982261 -0.0605653 -0.177467 90.0445 10.2439 93.4643 0.43655 0.528859 0.555915 -0.469777 0
-0.411549 -0.388536 1.73308 -0.0668708 0.997697 0.0113679 0.191897 0.0240409 -0.981121 -0.979134 -0.0634269 -0.193063 88.5963 11.0635 93.907 0.437066 0.524917 0.566563 -0.460914 0
-0.412624 -0.39004 1.73293 -0.0890466 0.995403 0.0352629 0.216396 0.053892 -0.974817 -0.972236 -0.0791734 -0.220201 86.8357 12.4975 95.2331 0.431464 0.518956 0.583768 -0.451374 0
-0.410799 -0.391394 1.73373 -0.158591 0.987199 0.0169401 0.265394 0.059148 -0.962324 -0.951007 -0.14812 -0.271377 86.4828 15.3903 99.4676 0.396604 0.513234 0.610147 -0.454991 0
-0.410239 -0.389607 1.73305 -0.16645 0.986034 0.00552527 0.232146 0.0446327 -0.971656 -0.958333 -0.16045 -0.236333 87.37 13.4234 99.8532 0.400578 0.506273 0.601543 -0.470501 0
-0.410343 -0.388218 1.73238 -0.187097 0.982305 0.0084653 0.195136 0.04561 -0.979715 -0.962765 -0.18165 -0.200216 87.3346 11.2527 100.997 0.405677 0.49181 0.598524 -0.485096 0
-0.410403 -0.387557 1.73179 -0.207229 0.978247 0.00947947 0.174128 0.0464183 -0.983628 -0.962671 -0.202186 -0.179959 87.2982 10.0279 102.148 0.405965 0.481225 0.598666 -0.49519 0
-0.410859 -0.387234 1.73097 -0.197859 0.980077 0.0173698 0.161248 0.0500215 -0.985645 -0.966877 -0.192218 -0.167933 87.0947 9.27936 101.565 0.413591 0.479597 0.59494 -0.494951 0
-0.410998 -0.387073 1.73003 -0.103899 0.994553 0.00837207 0.175269 0.0265946 -0.984161 -0.979023 -0.100786 -0.177077 88.4521 10.0943 96.0579 0.431746 0.511513 0.571745 -0.474402 0
-0.410694 -0.386896 1.7304 -0.0197613 0.999805 -0.00026425 0.17662 0.00323079 -0.984274 -0.984081 -0.0194972 -0.17665 89.8119 10.173 91.1504 0.449116 0.537042 0.547641 -0.458225 0
-0.411321 -0.387631 1.7325 0.0745817 0.997155 0.0109224 0.176333 -0.00240679 -0.984328 -0.981501 0.0753389 -0.176011 90.1401 10.1562 85.6546 0.47333 0.559687 0.524171 -0.433536 0
-0.411992 -0.387839 1.73074 0.147203 0.989002 0.0143308 0.19252 -0.0144371 -0.981187 -0.970189 0.147193 -0.192528 90.843 11.0999 81.3725 0.484829 0.581844 0.507663 -0.410703 0
-0.40849 -0.388294 1.73283 0.226485 0.974005 0.00432945 0.192704 -0.0404513 -0.980423 -0.954762 0.222885 -0.196856 92.3626 11.1106 76.6552 0.497287 0.604936 0.482162 -0.392782 0
-0.406324 -0.389191 1.73386 0.23667 0.971229 0.0264767 0.201591 -0.0224295 -0.979213 -0.950446 0.237088 -0.201099 91.3122 11.63 76.0172 0.503275 0.604193 0.485283 -0.382315 0
-0.406249 -0.388988 1.73163 0.228443 0.972504 0.0452829 0.198194 -0.000916676 -0.980162 -0.95317 0.232886 -0.192954 90.0536 11.4314 76.5223 0.50857 0.596304 0.490814 -0.380631 0
-0.409609 -0.387104 1.73069 0.329176 0.944222 0.00938648 0.162707 -0.0469258 -0.985558 -0.930145 0.325949 -0.169079 92.726 9.36407 70.5113 0.527535 0.621526 0.445246 -0.370362 0
-0.406999 -0.388676 1.73095 0.220464 0.975229 0.0180006 0.1934 -0.0256175 -0.980786 -0.956029 0.219709 -0.194257 91.4962 11.1513 77.0144 0.500147 0.600071 0.486871 -0.390799 0
-0.407824 -0.386983 1.72995 0.133203 0.991056 -0.0081129 0.181714 -0.0324686 -0.982815 -0.974288 0.129439 -0.184413 91.8922 10.4696 82.2149 0.478623 0.580966 0.504664 -0.422745 0
-0.410531 -0.387661 1.73302 0.106374 0.993943 0.0276064 0.166539 0.00956204 -0.985988 -0.98028 0.109482 -0.164513 89.4444 9.58665 83.8068 0.487705 0.561544 0.516648 -0.424132 0
-0.407451 -0.389413 1.73285 0.1078 0.99337 0.039951 0.201585 0.0175098 -0.979315 -0.973521 0.113624 -0.19836 88.9757 11.6296 83.6812 0.481391 0.567594 0.526324 -0.411196 0
-0.405317 -0.389839 1.73261 0.125074 0.991014 0.0474022 0.220297 0.0188449 -0.975251 -0.967381 0.132421 -0.215961 88.893 12.7265 82.633 0.481653 0.574933 0.526719 -0.400038 0
-0.408867 -0.390149 1.73132 0.161999 0.984686 0.0644208 0.210846 0.0292353 -0.977082 -0.964002 0.171869 -0.202881 88.2862 12.172 80.4607 0.49708 0.577851 0.517232 -0.389193 0
-0.410565 -0.389087 1.73044 0.194731 0.979342 0.0544882 0.19705 0.0153588 -0.980273 -0.96086 0.201627 -0.189989 89.1024 11.3645 78.5434 0.505 0.585099 0.502647 -0.387273 0
-0.41046 -0.387819 1.73057 0.223467 0.974068 0.0354206 0.175522 -0.00446885 -0.984465 -0.958778 0.226212 -0.171969 90.2601 10.109 76.88 0.511622 0.591588 0.485807 -0.390203 0
-0.404975 -0.388745 1.73241 0.271771 0.961179 0.0477082 0.192319 -0.00566999 -0.981316 -0.94295 0.275869 -0.186394 90.331 11.0881 73.9223 0.519545 0.604945 0.476695 -0.369968 0
-0.409739 -0.388546 1.73078 0.277813 0.957164 0.0815966 0.170106 0.0345815 -0.984819 -0.945454 0.287475 -0.153212 87.9889 9.794 73.6251 0.538326 0.590856 0.476965 -0.365511 0
-0.408165 -0.389373 1.73129 0.276049 0.956155 0.0978019 0.184432 0.0471694 -0.981713 -0.943283 0.289038 -0.163324 87.2492 10.628 73.688 0.538492 0.589958 0.483333 -0.35828 0
-0.408496 -0.38836 1.73059 0.317302 0.945779 0.0694394 0.176219 0.0131448 -0.984263 -0.931808 0.324545 -0.162493 89.2349 10.1496 71.1951 0.54036 0.605527 0.463232 -0.356041 0
-0.410368 -0.386443 1.72983 0.387253 0.921948 0.00688408 0.144427 -0.053287 -0.98808 -0.910591 0.383631 -0.15379 93.087 8.30411 66.9611 0.54318 0.631334 0.422271 -0.357856 0
-0.408139 -0.390995 1.73195 0.485434 0.874089 0.0179757 0.227531 -0.106456 -0.967934 -0.844147 0.473958 -0.25056 96.2763 13.1518 60.0986 0.531135 0.678684 0.405792 -0.304328 0
-0.40812 -0.38793 1.73121 0.426901 0.904116 0.0181622 0.17946 -0.0650177 -0.981614 -0.886312 0.422312 -0.190009 93.7895 10.3383 64.2817 0.541266 0.648446 0.417759 -0.334704 0
-0.406315 -0.389026 1.73125 0.417071 0.908555 0.0240663 0.207766 -0.0695297 -0.975704 -0.884808 0.411938 -0.217766 94.0761 11.9915 64.7623 0.531455 0.652757 0.427541 -0.329656 0
-0.401674 -0.388892 1.73236 0.442066 0.89659 0.0265506 0.197894 -0.0686161 -0.977819 -0.87488 0.437514 -0.207763 94.014 11.4138 63.1931 0.539835 0.655447 0.417457 -0.323569 0
-0.402106 -0.388527 1.73265 0.465038 0.885222 0.011043 0.190734 -0.0880025 -0.977689 -0.8645 0.456769 -0.209766 95.1434 10.9956 61.723 0.540201 0.663854 0.405193 -0.321403 0
-0.405242 -0.387096 1.73006 0.514979 0.857177 -0.00660264 0.157441 -0.102154 -0.982231 -0.84262 0.504789 -0.187562 95.9375 9.0584 58.5682 0.553458 0.671695 0.377634 -0.316075 0
-0.406122 -0.387002 1.73137 0.513201 0.858201 0.0107462 0.150957 -0.0779316 -0.985464 -0.844889 0.507363 -0.169546 94.5216 8.68236 58.7248 0.562522 0.663453 0.380267 -0.314319 0
-0.406008 -0.386494 1.73158 0.478638 0.877797 0.019437 0.143235 -0.0562225 -0.988091 -0.86625 0.475721 -0.152641 93.2566 8.23506 61.0776 0.563421 0.649519 0.392995 -0.325939 0
-0.402546 -0.388166 1.73212 0.444736 0.895582 0.0119483 0.188298 -0.0804481 -0.978811 -0.875645 0.437563 -0.204415 94.6986 10.8535 63.0742 0.538487 0.657571 0.412077 -0.328366 0
-0.404551 -0.3886 1.73209 0.420715 0.907181 0.00470049 0.198298 -0.0869043 -0.976281 -0.885255 0.411668 -0.216454 95.0868 11.4375 64.5807 0.528525 0.65652 0.420962 -0.335312 0
-0.406017 -0.388692 1.73161 0.391447 0.920164 0.00824006 0.200875 -0.0767085 -0.976609 -0.898008 0.383946 -0.214865 94.4911 11.5881 66.4474 0.524374 0.648656 0.432062 -0.342927 0
-0.405879 -0.387835 1.72996 0.355316 0.93467 0.0119723 0.190248 -0.0597714 -0.979915 -0.915181 0.350457 -0.199057 93.4905 10.9673 68.7814 0.523567 0.635245 0.44271 -0.355457 0
-0.406287 -0.387441 1.72949 0.306535 0.951859 0.000736877 0.187519 -0.0596292 -0.980449 -0.933206 0.30068 -0.19677 93.4803 10.808 71.8159 0.512381 0.625087 0.455688 -0.372936 0
-0.402396 -0.387003 1.73067 0.307266 0.95162 -0.00279133 0.173063 -0.0587635 -0.983156 -0.935755 0.301607 -0.182746 93.4205 9.96594 71.8218 0.516177 0.622249 0.451862 -0.377078 0
-0.4024 -0.388276 1.73056 0.319994 0.94738 0.00870589 0.205145 -0.0603143 -0.976871 -0.924943 0.314379 -0.21365 93.5331 11.838 70.9164 0.511378 0.63126 0.456438 -0.36286 0
-0.402172 -0.387916 1.73049 0.319318 0.947501 0.0166773 0.192294 -0.0475527 -0.980185 -0.927933 0.316198 -0.197383 92.7775 11.0867 71.0107 0.518262 0.625351 0.455662 -0.364298 0
-0.409052 -0.386275 1.72729 0.3147 0.949024 -0.0178079 0.17572 -0.0766857 -0.981449 -0.932784 0.305733 -0.190895 94.4677 10.1205 71.3568 0.511644 0.628944 0.447076 -0.377853 0
-0.40203 -0.386944 1.73413 0.34867 0.937226 -0.00608716 0.135982 -0.0570124 -0.989069 -0.927329 0.344031 -0.147325 93.299 7.81542 69.3941 0.534867 0.623098 0.430593 -0.374506 0
-0.402603 -0.386617 1.73242 0.374959 0.926794 -0.0214138 0.141289 -0.079961 -0.986734 -0.916211 0.36696 -0.160928 94.6329 8.12245 67.7432 0.532464 0.63558 0.420121 -0.368807 0
-0.402761 -0.386617 1.73209 0.399643 0.916489 -0.0182448 0.150012 -0.0850232 -0.985021 -0.904313 0.39092 -0.171464 94.9333 8.62765 66.1579 0.534592 0.643453 0.414366 -0.35844 0
-0.405256 -0.387716 1.73089 0.426531 0.904465 0.00375117 0.17614 -0.0789953 -0.98119 -0.887156 0.419169 -0.193006 94.6029 10.145 64.3225 0.537245 0.651639 0.414572 -0.338917 0
-0.40644 -0.38895 1.73116 0.438929 0.898001 0.030585 0.200382 -0.0646481 -0.977583 -0.875893 0.435218 -0.208319 93.7835 11.5593 63.3836 0.539899 0.654197 0.419745 -0.323033 0
-0.406155 -0.386791 1.72989 0.448687 0.893663 -0.0067439 0.155314 -0.0854061 -0.984166 -0.880089 0.440536 -0.177119 94.9597 8.93498 62.9866 0.544555 0.654067 0.400944 -0.338969 0
-0.4016 -0.38612 1.73088 0.449626 0.893125 -0.0128285 0.1267 -0.0779883 -0.988871 -0.884185 0.442997 -0.148224 94.5094 7.27892 63.0457 0.55304 0.647271 0.393894 -0.34646 0
-0.407512 -0.386521 1.72846 0.516243 0.856326 0.0140954 0.165044 -0.0833218 -0.98276 -0.840389 0.509669 -0.184346 94.8461 9.49982 58.438 0.558698 0.667816 0.382355 -0.309327 0
-0.405023 -0.389229 1.7312 0.567636 0.82259 0.0336906 0.197267 -0.0961679 -0.975622 -0.799296 0.560444 -0.216858 95.6295 11.3772 54.6188 0.560047 0.685686 0.371838 -0.279139 1
-0.404878 -0.389087 1.7324 0.582467 0.81239 0.0274604 0.186962 -0.101018 -0.977159 -0.791061 0.574297 -0.210726 95.9022 10.7756 53.6354 0.563632 0.688152 0.363057 -0.27741 0
-0.40597 -0.387039 1.73028 0.617135 0.786796 0.00981921 0.151144 -0.106286 -0.982781 -0.772205 0.607992 -0.184512 96.1725 8.6932 51.3687 0.575833 0.69064 0.339518 -0.275971 0
-0.400715 -0.38632 1.72856 0.581779 0.813321 0.00643445 0.147184 -0.0974955 -0.984292 -0.799919 0.573588 -0.176429 95.6568 8.46376 53.9717 0.571808 0.681121 0.352546 -0.291242 0
-0.401621 -0.387792 1.73198 0.764621 0.644471 0.00351002 0.12879 -0.14746 -0.980647 -0.631481 0.750275 -0.195752 98.5515 7.39969 39.5524 0.596114 0.725919 0.266304 -0.216267 0
-0.402206 -0.38828 1.73226 0.765887 0.642959 0.00467392 0.132365 -0.15055 -0.979701 -0.629204 0.750959 -0.200409 98.7363 7.60627 39.4044 0.594754 0.727469 0.266446 -0.214624 0
-0.401756 -0.388226 1.7322 0.75915 0.650868 0.0079208 0.136917 -0.147775 -0.979498 -0.636353 0.74467 -0.201298 98.5794 7.86947 39.9713 0.593733 0.725986 0.271281 -0.216407 0
-0.401228 -0.388831 1.73127 0.753627 0.656428 0.0338947 0.162748 -0.136389 -0.977196 -0.636835 0.741957 -0.209618 97.9455 9.36642 40.1987 0.593216 0.724506 0.282667 -0.208052 0
-0.401467 -0.388501 1.73186 0.761651 0.647527 0.0244204 0.148101 -0.137267 -0.9794 -0.630836 0.749577 -0.200449 97.9783 8.51691 39.6332 0.596644 0.72446 0.274559 -0.209265 0
-0.40177 -0.387714 1.73182 0.76477 0.644286 0.00480533 0.125585 -0.141746 -0.981905 -0.631946 0.751534 -0.189316 98.2144 7.21453 39.5677 0.598688 0.723849 0.265895 -0.216599 0
-0.402385 -0.386657 1.73065 0.768407 0.639789 -0.014835 0.103776 -0.147445 -0.983611 -0.631491 0.754274 -0.179693 98.5253 5.95665 39.414 0.600264 0.7238 0.256827 -0.223241 0
-0.404125 -0.3861 1.72951 0.760693 0.648693 -0.0233349 0.0945718 -0.146322 -0.984706 -0.642186 0.746852 -0.172654 98.452 5.42667 40.1715 0.600357 0.721053 0.257701 -0.230746 0
-0.40568 -0.386888 1.73015 0.749887 0.661543 -0.00546096 0.118207 -0.142105 -0.982768 -0.650919 0.73632 -0.184762 98.2278 6.78863 40.9587 0.596452 0.720547 0.270541 -0.227737 0
-0.406512 -0.388492 1.73053 0.741357 0.670653 0.0247933 0.15583 -0.136089 -0.978364 -0.652769 0.729181 -0.205398 97.919 8.96491 41.3641 0.59158 0.721603 0.286335 -0.217563 0
-0.40285 -0.387213 1.73157 0.755211 0.655253 -0.0172833 0.107775 -0.150138 -0.982773 -0.64656 0.740339 -0.184006 98.6859 6.18708 40.5679 0.596043 0.72273 0.26394 -0.22963 0
-0.401167 -0.387221 1.73053 0.733745 0.679419 0.00279345 0.129161 -0.13545 -0.982329 -0.667035 0.72114 -0.18714 97.8508 7.42112 42.2734 0.59396 0.716996 0.281933 -0.231606 0
-0.402357 -0.38901 1.73329 0.703017 0.710934 0.018441 0.161565 -0.134406 -0.977666 -0.692578 0.690295 -0.209352 97.8277 9.29775 44.5714 0.582936 0.715328 0.30493 -0.235604 0
-0.403717 -0.388523 1.73172 0.680188 0.732865 0.0158808 0.160684 -0.127927 -0.978681 -0.715209 0.668239 -0.204774 97.4471 9.24658 46.4377 0.580407 0.709382 0.314904 -0.246457 0
-0.405292 -0.387832 1.73013 0.656981 0.753907 0.000774625 0.158546 -0.137158 -0.977779 -0.737047 0.642505 -0.209639 97.9851 9.12251 48.2872 0.572316 0.707774 0.322296 -0.260066 0
-0.404088 -0.387599 1.73025 0.616865 0.787069 -0.000601505 0.155885 -0.122924 -0.980097 -0.771477 0.604494 -0.19852 97.1487 8.96815 51.3545 0.569083 0.696116 0.338648 -0.277281 0
-0.404826 -0.386918 1.73064 0.613851 0.789215 -0.0180745 0.137383 -0.129347 -0.982036 -0.777375 0.600341 -0.187825 97.5034 7.89644 51.7038 0.569359 0.694806 0.333401 -0.286213 0
-0.402104 -0.387551 1.73049 0.633443 0.773771 0.00528208 0.153926 -0.119315 -0.980852 -0.758325 0.622127 -0.194683 96.9356 8.85451 50.1274 0.574336 0.697754 0.332387 -0.26981 0
-0.402265 -0.387586 1.73065 0.671948 0.740579 0.00535517 0.147721 -0.126939 -0.980849 -0.725717 0.65987 -0.194696 97.3741 8.49491 47.2031 0.581015 0.705971 0.314567 -0.255096 0
-0.403151 -0.388242 1.73192 0.68899 0.724706 0.00970822 0.151188 -0.130611 -0.979838 -0.708827 0.676566 -0.199556 97.5927 8.69577 45.8131 0.582843 0.710485 0.308203 -0.246 0
-0.404459 -0.388093 1.73127 0.693591 0.720318 0.00852511 0.151171 -0.13397 -0.979387 -0.704328 0.680583 -0.201812 97.7891 8.69477 45.4401 0.582625 0.71228 0.30588 -0.244217 0
-0.407233 -0.388326 1.72916 0.67063 0.741757 0.00717748 0.172217 -0.146277 -0.974138 -0.721524 0.654522 -0.225841 98.5398 9.91674 47.0937 0.569761 0.714624 0.31974 -0.249903 0
-0.406207 -0.387229 1.72956 0.671688 0.740823 0.00399533 0.141022 -0.122563 -0.98239 -0.727288 0.660424 -0.186797 97.1115 8.10699 47.2759 0.583594 0.703749 0.313267 -0.256943 0
-0.40334 -0.387914 1.73255 0.670541 0.741872 0.00114114 0.143213 -0.127934 -0.981388 -0.727918 0.658224 -0.19203 97.4272 8.23381 47.3495 0.581072 0.705426 0.31367 -0.257567 0
-0.404285 -0.388852 1.73263 0.669436 0.742743 0.0137346 0.168215 -0.133552 -0.976662 -0.723574 0.656122 -0.214345 97.7865 9.68403 47.2257 0.574791 0.710164 0.320686 -0.249886 0
-0.407458 -0.389166 1.73185 0.662305 0.748615 0.0304496 0.178619 -0.118296 -0.976781 -0.727631 0.652366 -0.212065 96.9053 10.2894 47.6909 0.577049 0.705809 0.32843 -0.246944 0
-0.409474 -0.38942 1.73057 0.663024 0.748498 0.0122814 0.186799 -0.149536 -0.970951 -0.724918 0.646057 -0.238965 98.7553 10.766 47.5534 0.564474 0.716157 0.326498 -0.248771 0
-0.4059 -0.388402 1.73014 0.708975 0.704419 0.0338866 0.16296 -0.116885 -0.979685 -0.686148 0.700094 -0.197661 96.8037 9.37873 44.0626 0.59043 0.711252 0.304877 -0.229265 0
-0.404959 -0.387764 1.73051 0.71794 0.695964 0.0140065 0.139071 -0.123689 -0.982527 -0.682072 0.707343 -0.18559 97.1751 7.99412 43.5324 0.593435 0.711902 0.293241 -0.234606 0
-0.405328 -0.389111 1.73024 0.670567 0.741134 0.0325658 0.182647 -0.122391 -0.975531 -0.719013 0.660107 -0.217437 97.151 10.524 46.9968 0.576788 0.708942 0.32576 -0.242068 0
-0.40225 -0.388553 1.73273 0.796609 0.604495 -6.0313e-05 0.129565 -0.17084 -0.976743 -0.590447 0.778074 -0.214414 99.9211 7.44448 36.5459 0.594002 0.738556 0.248478 -0.199886 0
-0.402712 -0.388753 1.73092 0.812225 0.583281 0.00857214 0.139264 -0.179615 -0.97383 -0.566477 0.792163 -0.227118 100.45 8.00527 34.8934 0.592767 0.744808 0.242527 -0.187264 0
-0.40483 -0.388898 1.73045 0.820885 0.57065 0.0225138 0.144236 -0.169018 -0.975002 -0.552579 0.803612 -0.221053 99.8346 8.29305 33.9465 0.598083 0.743464 0.24039 -0.178242 0
-0.406757 -0.387743 1.72906 0.835205 0.549922 0.00436267 0.118441 -0.172126 -0.977929 -0.537034 0.817287 -0.208894 99.9824 6.80213 32.7409 0.602948 0.744349 0.224479 -0.178905 0
-0.404854 -0.387536 1.73138 0.829858 0.557974 -0.000479235 0.104405 -0.156121 -0.982205 -0.54812 0.81504 -0.187814 99.0316 5.99286 33.4447 0.609492 0.737189 0.22463 -0.186044 0
-0.404007 -0.387362 1.73266 0.822792 0.568297 -0.00720443 0.0965634 -0.152276 -0.983609 -0.56008 0.80861 -0.180168 98.8003 5.54131 34.2434 0.610399 0.734036 0.22644 -0.193207 0
-0.40323 -0.387096 1.73177 0.823415 0.567356 -0.00969914 0.0922362 -0.150691 -0.984269 -0.559893 0.809567 -0.176412 98.7043 5.29227 34.2143 0.611619 0.733232 0.224892 -0.194206 0
-0.401911 -0.387192 1.73225 0.810773 0.585345 -0.00428157 0.101631 -0.147966 -0.983757 -0.576471 0.797168 -0.179456 98.5537 5.83308 35.4134 0.608964 0.731128 0.234903 -0.198581 0
-0.402531 -0.387428 1.73112 0.821555 0.570119 -0.00344508 0.104076 -0.155912 -0.982273 -0.560549 0.806633 -0.187427 99.0191 5.97396 34.3058 0.60791 0.735679 0.229106 -0.191658 0
-0.403154 -0.387454 1.73169 0.840621 0.54162 -0.00171349 0.100213 -0.158644 -0.982237 -0.532271 0.825518 -0.187637 99.1748 5.75146 32.3415 0.611216 0.739409 0.217009 -0.180545 0
-0.402439 -0.389704 1.73265 0.852735 0.522195 0.0124787 0.13383 -0.195324 -0.971565 -0.504909 0.830157 -0.236445 101.367 7.69095 30.63 0.596021 0.755729 0.217017 -0.162899 0
-0.405873 -0.391705 1.73213 0.866553 0.49893 0.0124254 0.144493 -0.226972 -0.963123 -0.477711 0.836392 -0.268775 103.261 8.3079 28.8669 0.585407 0.768489 0.209314 -0.151364 0
-0.407418 -0.391622 1.73284 0.876378 0.480475 0.0332458 0.155241 -0.216463 -0.963869 -0.455918 0.849875 -0.264293 102.657 8.93077 27.4848 0.590682 0.767648 0.207034 -0.137652 0
-0.40648 -0.391141 1.73172 0.890181 0.453304 0.0457547 0.154907 -0.206689 -0.966066 -0.428464 0.867061 -0.25421 102.076 8.91138 25.7026 0.597763 0.766662 0.198331 -0.124797 0
-0.403207 -0.390485 1.73083 0.902176 0.428191 0.0522538 0.150405 -0.198711 -0.968448 -0.404298 0.88157 -0.243674 101.595 8.65037 24.1389 0.604109 0.765598 0.188936 -0.114957 0
-0.401557 -0.388543 1.73138 0.898011 0.439446 0.0215365 0.106981 -0.170611 -0.979514 -0.426769 0.881918 -0.200223 99.8806 6.14129 25.4188 0.617895 0.753134 0.181384 -0.134515 0
-0.402243 -0.387014 1.73094 0.901128 0.433488 -0.00758783 0.0725378 -0.167999 -0.983115 -0.427443 0.885361 -0.182833 99.6973 4.15976 25.377 0.622554 0.750326 0.168602 -0.144947 0
-0.40359 -0.388209 1.72978 0.881629 0.471813 0.011031 0.110455 -0.183559 -0.976783 -0.458835 0.862379 -0.213946 100.643 6.34156 27.4942 0.609123 0.75484 0.192845 -0.148311 0
-0.401911 -0.386822 1.7314 0.846335 0.532418 -0.0157337 0.0824488 -0.160129 -0.983647 -0.526231 0.831198 -0.17942 99.2462 4.72934 31.8724 0.613756 0.739237 0.20794 -0.183285 0
-0.40457 -0.388152 1.73124 0.856736 0.515375 0.0197953 0.116703 -0.15633 -0.980786 -0.502378 0.842585 -0.19408 99.0564 6.70186 30.3867 0.613662 0.742823 0.212728 -0.162415 0
-0.405167 -0.387122 1.73039 0.850777 0.52548 0.00698002 0.102522 -0.152932 -0.982904 -0.515429 0.836948 -0.183985 98.8439 5.88444 31.2089 0.615195 0.739543 0.212294 -0.17188 0
-0.406077 -0.387914 1.7296 0.842458 0.537851 0.0313162 0.126929 -0.141652 -0.981745 -0.523596 0.831054 -0.187605 98.2103 7.29216 31.8614 0.615061 0.736837 0.225552 -0.167025 0
-0.403909 -0.388902 1.73142 0.814167 0.578114 0.0540031 0.154188 -0.125599 -0.980026 -0.559784 0.806231 -0.191396 97.3031 8.86971 34.5107 0.611795 0.729925 0.250814 -0.173231 0
-0.404161 -0.387425 1.73028 0.850452 0.526032 -0.00461627 0.0998825 -0.170086 -0.980354 -0.516482 0.833283 -0.197192 99.8426 5.7324 31.2704 0.608928 0.744602 0.21015 -0.174959 0
-0.405093 -0.387156 1.73066 0.84801 0.529963 -0.00420645 0.0953071 -0.160302 -0.982456 -0.52134 0.832732 -0.186447 99.267 5.469 31.5824 0.61263 0.740736 0.21103 -0.177373 0
-0.402309 -0.387183 1.7332 0.838649 0.544572 -0.0104419 0.0865384 -0.152149 -0.984562 -0.537754 0.824798 -0.174726 98.7847 4.96449 32.6686 0.614771 0.735786 0.214434 -0.186262 0
-0.402945 -0.386829 1.73169 0.831568 0.555111 -0.01862 0.0808274 -0.154112 -0.984742 -0.549511 0.817374 -0.173023 98.8946 4.63613 33.4573 0.613277 0.734626 0.216416 -0.19334 0
-0.403987 -0.387017 1.73185 0.810433 0.585696 -0.0125952 0.0944428 -0.151839 -0.983883 -0.578169 0.796181 -0.17837 98.773 5.41925 35.5043 0.608322 0.731547 0.232432 -0.201889 0
-0.403807 -0.388186 1.73124 0.766865 0.64178 0.00605484 0.136343 -0.153683 -0.978668 -0.627159 0.751332 -0.205357 98.9245 7.83628 39.277 0.593259 0.729024 0.266837 -0.212992 0
-0.404503 -0.38756 1.72956 0.755026 0.655685 0.0036276 0.134972 -0.150002 -0.979429 -0.641653 0.739984 -0.201755 98.7074 7.75701 40.3593 0.592298 0.725738 0.272363 -0.219785 0
-0.404409 -0.38815 1.73063 0.710811 0.703264 0.0129534 0.153885 -0.137513 -0.978473 -0.686344 0.697502 -0.205968 97.9999 8.85211 43.9967 0.584664 0.71664 0.299016 -0.234912 0
-0.404604 -0.389396 1.73075 0.694053 0.719 0.03647 0.184602 -0.128775 -0.97434 -0.695854 0.682976 -0.222105 97.5289 10.6379 45.0743 0.579477 0.715006 0.315942 -0.230552 1
-0.405209 -0.389081 1.73194 0.699969 0.71362 0.0281106 0.168936 -0.127204 -0.977384 -0.693905 0.688888 -0.209595 97.4152 9.72598 44.7507 0.583774 0.713577 0.309201 -0.233259 0
-0.403701 -0.388232 1.72965 0.708687 0.705337 0.01622 0.158867 -0.137137 -0.977729 -0.687404 0.695481 -0.209242 97.9843 9.14112 44.1266 0.58359 0.716775 0.301421 -0.234099 0
-0.404979 -0.387836 1.72996 0.718556 0.695253 0.0173308 0.15074 -0.131368 -0.979806 -0.678937 0.706658 -0.199197 97.6364 8.66979 43.3761 0.589065 0.715738 0.295497 -0.231092 0
-0.404635 -0.387675 1.72928 0.73036 0.68306 0.00200873 0.146677 -0.15396 -0.97713 -0.667129 0.713951 -0.212635 98.9541 8.43438 42.4093 0.583902 0.724043 0.286494 -0.229655 0
-0.406004 -0.3878 1.72948 0.756223 0.654261 0.00829648 0.137864 -0.146928 -0.979493 -0.639625 0.741859 -0.201309 98.531 7.92425 40.2251 0.593293 0.725338 0.273019 -0.217598 0
-0.402285 -0.387554 1.73108 0.762907 0.646507 -0.000977356 0.125572 -0.149664 -0.980731 -0.634195 0.748084 -0.195363 98.6766 7.2138 39.7363 0.595374 0.725936 0.265891 -0.218743 0
-0.40168 -0.387232 1.73109 0.770589 0.637329 0.00218931 0.115365 -0.136107 -0.983954 -0.626805 0.758477 -0.178408 97.8755 6.62468 39.1252 0.603339 0.721994 0.26063 -0.216281 0
-0.405215 -0.386907 1.73041 0.775955 0.630787 0.00160331 0.113215 -0.136769 -0.984112 -0.620546 0.763808 -0.177541 97.9121 6.50068 38.65 0.604493 0.722887 0.257302 -0.214052 0
-0.404689 -0.387769 1.73002 0.764266 0.644899 0.0015215 0.133413 -0.155798 -0.978738 -0.63095 0.748219 -0.205109 99.0446 7.66685 39.5418 0.592317 0.728899 0.266948 -0.215883 0
-0.404986 -0.388171 1.73022 0.748565 0.663029 0.00655955 0.147297 -0.156637 -0.976611 -0.646494 0.732023 -0.214915 99.112 8.4703 40.8153 0.586731 0.728031 0.278259 -0.219748 0
-0.404601 -0.38804 1.73023 0.699305 0.714806 0.00491014 0.151916 -0.141903 -0.978154 -0.698494 0.684774 -0.207824 98.2544 8.738 44.9667 0.580857 0.715722 0.302744 -0.242267 0
-0.40447 -0.388015 1.73046 0.646288 0.76306 0.00716254 0.162023 -0.128044 -0.978444 -0.745694 0.633518 -0.206386 97.4556 9.32432 49.0848 0.572682 0.70369 0.328654 -0.262378 0
-0.401434 -0.388342 1.73191 0.589231 0.807647 0.0226326 0.183 -0.106122 -0.977368 -0.786967 0.580038 -0.21033 96.1969 10.5446 53.1765 0.564088 0.690232 0.358809 -0.27684 0
-0.403995 -0.38912 1.73101 0.54295 0.839025 0.0352437 0.197999 -0.0871184 -0.976323 -0.816089 0.537073 -0.213427 95.0991 11.42 56.3639 0.557316 0.678877 0.38189 -0.28755 0
-0.404931 -0.389744 1.73292 0.502918 0.862817 0.0511913 0.199957 -0.0585221 -0.978055 -0.840887 0.502117 -0.201958 93.4242 11.5344 59.1172 0.557323 0.663965 0.400162 -0.297341 0
-0.405163 -0.388825 1.73222 0.45689 0.889392 0.0152658 0.193612 -0.082681 -0.977588 -0.868197 0.449605 -0.209974 94.8344 11.1637 62.2444 0.539499 0.661352 0.409391 -0.32242 0
-0.404068 -0.388907 1.73156 0.412248 0.91089 0.0182082 0.206624 -0.0740114 -0.975617 -0.887332 0.405959 -0.218723 94.3382 11.9246 65.0808 0.529035 0.652875 0.42792 -0.332806 0
-0.402189 -0.38923 1.73227 0.337868 0.941185 0.00390088 0.226192 -0.0771742 -0.971021 -0.91361 0.328959 -0.238963 94.5442 13.073 69.7048 0.505403 0.643041 0.453851 -0.353675 0
-0.404744 -0.389959 1.7326 0.286122 0.958114 0.0123219 0.236582 -0.0581774 -0.969868 -0.928527 0.280416 -0.243318 93.4328 13.6849 72.8735 0.496142 0.630003 0.474083 -0.363572 0
-0.406784 -0.389397 1.7325 0.270252 0.962703 0.0129389 0.226448 -0.0504954 -0.972713 -0.935781 0.265807 -0.231649 92.9717 13.088 73.8914 0.497018 0.622976 0.477206 -0.370336 0
-0.405429 -0.388208 1.72936 0.222945 0.974741 0.0132192 0.212105 -0.0352686 -0.97661 -0.951476 0.220535 -0.21461 92.0682 12.2457 76.8126 0.493221 0.6068 0.488978 -0.38656 0
-0.401384 -0.389168 1.729 0.234276 0.971874 0.0239903 0.244176 -0.0349383 -0.969101 -0.941006 0.232895 -0.245494 92.0647 14.1332 76.0197 0.488325 0.615367 0.494034 -0.372548 0
-0.401138 -0.390059 1.72879 0.208889 0.977396 0.0325961 0.266566 -0.024838 -0.963496 -0.940908 0.209953 -0.265729 91.4767 15.4601 77.4829 0.479145 0.612261 0.507938 -0.370884 0
-0.403395 -0.390404 1.73048 0.16232 0.985679 0.0457134 0.251192 0.00352428 -0.967931 -0.95423 0.168597 -0.247023 89.7914 14.5481 80.3461 0.479276 0.592836 0.521591 -0.383123 0
-0.4071 -0.390401 1.73022 0.124501 0.990101 0.0647957 0.225335 0.0353834 -0.973639 -0.966294 0.13582 -0.218699 87.9187 13.0226 82.6582 0.485074 0.571799 0.531409 -0.39415 0
-0.4081 -0.389641 1.73024 0.0986505 0.993288 0.0603976 0.208151 0.0387542 -0.977329 -0.973109 0.108986 -0.202931 87.7292 12.014 84.2113 0.483341 0.561878 0.534564 -0.406099 0
-0.408571 -0.389269 1.72924 0.0552027 0.997014 0.0539916 0.209116 0.0413303 -0.977017 -0.976332 0.0652245 -0.20621 87.5777 12.0705 86.7639 0.471785 0.552287 0.545971 -0.41751 0
-0.404152 -0.386656 1.73169 0.107989 0.994041 0.0148393 0.143853 -0.000854727 -0.989599 -0.983689 0.109 -0.143089 90.0495 8.27089 83.7352 0.490929 0.559449 0.508489 -0.432948 0
-0.406081 -0.38786 1.73109 0.0200317 0.999796 -0.0026595 0.203887 -0.00668915 -0.978971 -0.978789 0.0190682 -0.20398 90.3915 11.7644 88.8276 0.449823 0.554685 0.542508 -0.442345 0
-0.405325 -0.386599 1.7312 0.0170253 0.999597 -0.0227085 0.17281 -0.0253118 -0.98463 -0.984808 0.0128393 -0.173171 91.4726 9.95121 89.0096 0.452367 0.55125 0.531703 -0.456923 0
-0.407726 -0.385756 1.72819 0.0541195 0.99839 -0.0169839 0.161502 -0.0255369 -0.986542 -0.985387 0.0506482 -0.162624 91.4828 9.29412 86.8564 0.465284 0.557288 0.520329 -0.449665 0
-0.408029 -0.385468 1.7305 0.118697 0.99293 -0.00125077 0.141846 -0.0182032 -0.989721 -0.982747 0.117299 -0.143004 91.0537 8.15468 83.1132 0.489257 0.565664 0.501524 -0.434886 0
-0.408552 -0.385293 1.72921 0.172285 0.984974 0.0120296 0.137991 -0.0120411 -0.99036 -0.975334 0.172284 -0.137992 90.6966 7.93163 79.9825 0.505532 0.57496 0.488279 -0.418857 0
-0.406534 -0.386941 1.73211 0.190038 0.981234 0.0326357 0.156122 0.00261545 -0.987734 -0.969284 0.192802 -0.152695 89.8483 8.98185 78.9073 0.509892 0.578817 0.491241 -0.404553 0
-0.403212 -0.386505 1.731 0.214983 0.976609 -0.00406337 0.152372 -0.0376511 -0.987606 -0.964658 0.211699 -0.156902 92.1833 8.76442 77.4364 0.505081 0.593619 0.475465 -0.407972 0
-0.405881 -0.387426 1.73017 0.13377 0.989238 0.0592772 0.169597 0.0360806 -0.984853 -0.976393 0.141797 -0.162946 87.9019 9.76441 82.1988 0.501723 0.56139 0.516056 -0.408413 0
-0.405095 -0.38688 1.7305 0.123019 0.991749 0.0360581 0.161117 0.0158929 -0.986807 -0.979238 0.127206 -0.157833 89.0773 9.27176 82.8396 0.495247 0.562352 0.51252 -0.419301 0
-0.403407 -0.386626 1.7311 0.106712 0.994278 -0.00486867 0.160691 -0.0220782 -0.986758 -0.981219 0.104517 -0.162127 91.2818 9.247 83.7932 0.480236 0.568093 0.508266 -0.433947 0
-0.404486 -0.389312 1.73067 0.112463 0.992674 0.0441534 0.214864 0.0190896 -0.976458 -0.970147 0.119302 -0.211143 88.88 12.4075 83.3876 0.47969 0.571077 0.528623 -0.405372 0
-0.405238 -0.390646 1.73027 0.0745505 0.995948 0.0502978 0.241422 0.0309124 -0.969928 -0.967552 0.0844516 -0.238139 88.1746 13.9705 85.594 0.465651 0.566078 0.546466 -0.405092 0
-0.406642 -0.390627 1.7307 0.121925 0.991172 0.0520861 0.233241 0.0223958 -0.972161 -0.964745 0.13068 -0.228451 88.6803 13.488 82.7971 0.478505 0.57619 0.531254 -0.395989 0
-0.404556 -0.388051 1.73238 0.0990071 0.995084 -0.00242339 0.200584 -0.0223426 -0.979422 -0.974661 0.0964836 -0.20181 91.3068 11.5711 84.1997 0.467668 0.575143 0.519726 -0.424713 0
-0.405001 -0.387158 1.72977 0.0889275 0.996032 -0.00334445 0.185217 -0.0198355 -0.982498 -0.978666 0.0867516 -0.186246 91.1566 10.6738 84.808 0.4698 0.568992 0.519009 -0.431469 0
-0.405213 -0.387654 1.73181 0.0792056 0.996851 0.00376232 0.184264 -0.0109315 -0.982816 -0.97968 0.0785378 -0.18455 90.6373 10.6182 85.3778 0.470033 0.56451 0.523071 -0.432197 0
-0.401838 -0.387847 1.73424 0.094097 0.995492 -0.0119263 0.18287 -0.0290586 -0.982708 -0.978624 0.0902889 -0.18478 91.6937 10.537 84.5078 0.469111 0.571825 0.515176 -0.433065 0
