-0.00145658 0.000923802 0.497443 0.828887 0.558886 0.0243391 0.211084 -0.272176 -0.93881 -0.518063 0.783305 -0.343575 106.168 12.1859 32.0058 0.550712 0.781767 0.246227 -0.157887 0
-0.0022711 0.00263752 0.494703 0.8295 0.557975 0.0243675 0.21038 -0.271744 -0.939093 -0.517369 0.784104 -0.342798 106.139 12.1446 31.9523 0.551126 0.781672 0.245741 -0.157675 1
-0.000742927 0.00692361 0.4918 0.829627 0.557821 0.0235415 0.208614 -0.270602 -0.939816 -0.517879 0.784608 -0.340868 106.063 12.0412 31.9737 0.551851 0.781201 0.245275 -0.158198 1
0.000104796 0.0103883 0.488867 0.829723 0.557695 0.0231403 0.207284 -0.269369 -0.940465 -0.518259 0.785122 -0.339103 105.983 11.9632 31.9896 0.552551 0.780736 0.244954 -0.158542 1
0.00207496 0.0127552 0.488108 0.829267 0.558393 0.022638 0.206422 -0.268409 -0.940929 -0.519332 0.784954 -0.337847 105.921 11.9127 32.057 0.552949 0.780308 0.245036 -0.159134 1
0.000975368 0.0124724 0.486876 0.828795 0.559049 0.0237337 0.206941 -0.266831 -0.941263 -0.519879 0.785026 -0.336838 105.827 11.9431 32.0989 0.553427 0.779818 0.245567 -0.159058 1
-0.000813739 0.0108951 0.486229 0.828509 0.559415 0.0250521 0.20793 -0.265794 -0.941339 -0.51994 0.785117 -0.336532 105.767 12.0011 32.1108 0.553666 0.779557 0.246084 -0.158708 1
-0.00513326 0.00936893 0.483182 0.82894 0.558685 0.0269968 0.208966 -0.264556 -0.941458 -0.518837 0.786054 -0.336048 105.696 12.0618 32.0426 0.554152 0.77935 0.246247 -0.157773 1
-0.00918967 0.00890153 0.479414 0.829483 0.557796 0.0286792 0.209495 -0.263114 -0.941745 -0.517755 0.787169 -0.335103 105.61 12.0927 31.972 0.554812 0.779054 0.246225 -0.156946 1
-0.0112567 0.00693051 0.478844 0.82954 0.557653 0.0297667 0.210438 -0.262775 -0.941629 -0.51728 0.787383 -0.335334 105.593 12.148 31.9466 0.554849 0.779046 0.246484 -0.156446 1
-0.0140595 0.00535161 0.477381 0.829409 0.557759 0.0313986 0.21151 -0.261508 -0.941741 -0.517054 0.78773 -0.334869 105.519 12.2108 31.9394 0.55521 0.778747 0.246957 -0.155909 1
-0.015596 0.00560718 0.47522 0.829662 0.557343 0.0320798 0.211529 -0.260664 -0.941971 -0.516639 0.788304 -0.334157 105.468 12.212 31.911 0.555617 0.778538 0.246896 -0.155599 1
-0.0173252 0.00412095 0.474556 0.830029 0.55676 0.0327121 0.212078 -0.260836 -0.9418 -0.515824 0.788659 -0.334578 105.48 12.2442 31.859 0.555566 0.778692 0.246837 -0.155104 1
-0.0176498 0.00259286 0.475368 0.83003 0.556745 0.0329401 0.212622 -0.261283 -0.941553 -0.515599 0.788521 -0.335249 105.509 12.2761 31.8477 0.555315 0.778871 0.246949 -0.154922 1
-0.01695 0.00263014 0.475792 0.830174 0.556556 0.0324878 0.212443 -0.261933 -0.941413 -0.51544 0.788439 -0.335687 105.548 12.2656 31.8354 0.555102 0.779069 0.246769 -0.154977 1
-0.0151269 0.00289991 0.477129 0.829771 0.557191 0.0319276 0.212245 -0.262132 -0.941403 -0.516171 0.787925 -0.33577 105.56 12.2539 31.8843 0.554948 0.77905 0.246915 -0.155396 1
-0.013983 0.00513992 0.475881 0.829636 0.557418 0.0314647 0.211334 -0.261377 -0.941817 -0.516762 0.788015 -0.33465 105.511 12.2006 31.9179 0.55534 0.778727 0.246798 -0.155798 1
-0.0160542 0.00521994 0.47367 0.829778 0.557151 0.032423 0.211541 -0.260229 -0.942089 -0.516448 0.788583 -0.333793 105.442 12.2127 31.8978 0.555823 0.778428 0.246873 -0.15545 1
-0.0181059 0.00534096 0.471714 0.829577 0.557379 0.0336425 0.211933 -0.258546 -0.942464 -0.516611 0.788976 -0.332611 105.341 12.2357 31.9122 0.556421 0.777935 0.247229 -0.155208 1
-0.0201688 0.00342976 0.471691 0.829608 0.557267 0.0346956 0.212923 -0.258313 -0.942305 -0.516153 0.789131 -0.332953 105.33 12.2937 31.8884 0.556404 0.777958 0.247504 -0.154718 1
-0.0222622 0.000773935 0.472499 0.829552 0.557283 0.0357799 0.214219 -0.2584 -0.941987 -0.515707 0.789092 -0.333737 105.34 12.3697 31.868 0.556196 0.778089 0.247884 -0.154201 1
-0.0250102 -0.000286675 0.471051 0.830224 0.55623 0.0365654 0.214698 -0.258541 -0.941839 -0.514426 0.789788 -0.334068 105.35 12.3978 31.7833 0.55624 0.778273 0.247641 -0.1535 1
-0.0285441 -0.00315841 0.47072 0.830666 0.555475 0.037974 0.216052 -0.258724 -0.941479 -0.513144 0.790259 -0.334925 105.366 12.4772 31.7057 0.556106 0.778511 0.247757 -0.152589 1
-0.0329868 -0.00483797 0.468206 0.831602 0.553974 0.0393854 0.216876 -0.258641 -0.941313 -0.511276 0.79134 -0.33523 105.364 12.5256 31.5835 0.556267 0.778696 0.247481 -0.1515 1
-0.036425 -0.00592801 0.465988 0.832132 0.553079 0.0407448 0.217563 -0.257987 -0.941334 -0.51012 0.792179 -0.335009 105.326 12.566 31.5094 0.556582 0.778641 0.247432 -0.150703 1
-0.0381034 -0.00740253 0.466064 0.832022 0.553171 0.0417293 0.21842 -0.257519 -0.941263 -0.509933 0.792267 -0.335085 105.301 12.6162 31.5035 0.556646 0.778561 0.247762 -0.150343 1
-0.0393336 -0.00917229 0.466842 0.832117 0.552984 0.0423029 0.21923 -0.257909 -0.940968 -0.50943 0.79227 -0.335841 105.328 12.6638 31.4754 0.55641 0.77876 0.247899 -0.149959 1
-0.0415928 -0.0119078 0.467621 0.832319 0.552603 0.0432904 0.220491 -0.258418 -0.940534 -0.508555 0.79237 -0.33693 105.363 12.7379 31.4253 0.556096 0.779049 0.248089 -0.149305 1
-0.043106 -0.0139062 0.468246 0.832495 0.552288 0.0439302 0.221371 -0.258899 -0.940195 -0.507885 0.792432 -0.337793 105.396 12.7895 31.3863 0.555833 0.779292 0.248193 -0.148838 1
-0.0451642 -0.0153821 0.467764 0.832907 0.551606 0.0446868 0.222019 -0.259091 -0.939989 -0.506925 0.792845 -0.338266 105.41 12.8276 31.3256 0.555777 0.779465 0.248127 -0.148255 1
-0.0444446 -0.0175641 0.471192 0.83231 0.552497 0.0448027 0.222982 -0.259719 -0.939588 -0.507483 0.792018 -0.339364 105.452 12.8842 31.3718 0.555254 0.779646 0.248664 -0.148362 1
-0.046688 -0.0219117 0.473786 0.831747 0.553214 0.046386 0.225062 -0.259634 -0.939115 -0.507488 0.791546 -0.340457 105.454 13.0066 31.3894 0.5549 0.779718 0.249538 -0.147843 1
-0.0476668 -0.0272671 0.478516 0.830641 0.554755 0.0477735 0.227523 -0.259856 -0.93846 -0.508201 0.790393 -0.342067 105.477 13.1513 31.459 0.554238 0.779834 0.250784 -0.147604 1
-0.0498912 -0.0310901 0.480336 0.829857 0.555769 0.0495775 0.229513 -0.259008 -0.93821 -0.508588 0.789959 -0.342496 105.433 13.2684 31.5025 0.554156 0.779641 0.251809 -0.147186 1
-0.0496432 -0.0289004 0.478746 0.829573 0.556189 0.04963 0.228784 -0.257466 -0.938812 -0.509379 0.790168 -0.340834 105.336 13.2255 31.551 0.554813 0.779082 0.251891 -0.147529 1
-0.0510714 -0.0265156 0.475161 0.829808 0.555786 0.0502101 0.228096 -0.255684 -0.939467 -0.509304 0.79103 -0.338941 105.225 13.185 31.54 0.555694 0.77853 0.251719 -0.147423 1
-0.053312 -0.0243556 0.471076 0.830177 0.555159 0.0510264 0.227554 -0.253875 -0.940089 -0.508945 0.792052 -0.33709 105.112 13.1531 31.5106 0.5566 0.778001 0.251514 -0.147146 1
-0.0569553 -0.0241366 0.467398 0.830672 0.554289 0.0524265 0.227796 -0.252433 -0.940418 -0.508029 0.793121 -0.335954 105.026 13.1673 31.4495 0.557289 0.777666 0.25142 -0.146465 1
-0.0565182 -0.0247237 0.468568 0.830136 0.55507 0.0526459 0.228156 -0.252023 -0.940441 -0.508743 0.792705 -0.335856 105.002 13.1885 31.5017 0.557283 0.777498 0.251842 -0.146655 1
-0.0502421 -0.0245873 0.474654 0.82897 0.557008 0.0504971 0.227679 -0.253615 -0.940129 -0.510853 0.790836 -0.337058 105.097 13.1605 31.6434 0.556394 0.77776 0.252227 -0.147975 1
-0.0492004 -0.0243159 0.475481 0.828822 0.557273 0.0500127 0.227479 -0.253957 -0.940085 -0.511183 0.790539 -0.337253 105.117 13.1487 31.6646 0.55624 0.777822 0.252227 -0.148225 1
-0.0467915 -0.0232954 0.476854 0.828825 0.557387 0.0486787 0.226731 -0.255054 -0.939969 -0.51151 0.790106 -0.337771 105.181 13.1047 31.6809 0.555878 0.778082 0.251939 -0.148709 1
-0.0417289 -0.0163624 0.475164 0.828821 0.557618 0.0460212 0.223588 -0.254685 -0.940821 -0.512897 0.790062 -0.335764 105.147 12.9199 31.7504 0.556411 0.7777 0.251127 -0.150082 1
-0.0346819 -0.0122944 0.47804 0.827622 0.559607 0.0433841 0.221599 -0.254757 -0.941272 -0.51569 0.788631 -0.33485 105.144 12.8029 31.927 0.556331 0.777372 0.251233 -0.151892 1
-0.0278776 -0.0083796 0.48027 0.8265 0.561444 0.0409648 0.21962 -0.254586 -0.941782 -0.518329 0.787379 -0.33372 105.127 12.6867 32.0933 0.556371 0.776982 0.251313 -0.153595 1
-0.0263791 -0.0115864 0.484333 0.825407 0.563031 0.0412271 0.220947 -0.25498 -0.941365 -0.519505 0.786118 -0.334863 105.156 12.7647 32.186 0.55578 0.777054 0.252228 -0.153875 1
-0.0302698 -0.0156479 0.48425 0.824763 0.563777 0.0438301 0.223178 -0.253312 -0.941289 -0.519575 0.786122 -0.334745 105.062 12.8957 32.2096 0.556036 0.776663 0.253313 -0.153137 1
-0.0303364 -0.0150558 0.483513 0.823748 0.565184 0.0447935 0.223455 -0.251038 -0.941832 -0.521063 0.785842 -0.333085 104.925 12.912 32.3155 0.556692 0.775866 0.254116 -0.153464 1
-0.0354455 -0.0218228 0.484923 0.82196 0.567428 0.0490755 0.227432 -0.248007 -0.941683 -0.522166 0.785187 -0.332903 104.755 13.1459 32.4266 0.557012 0.77506 0.256387 -0.152598 1
-0.0383543 -0.0257174 0.485698 0.820841 0.568821 0.0515974 0.229705 -0.246062 -0.941642 -0.522929 0.784791 -0.332639 104.645 13.2797 32.4998 0.557257 0.774523 0.257748 -0.152136 1
-0.0411678 -0.029456 0.486341 0.819947 0.569898 0.0538785 0.231797 -0.244486 -0.94154 -0.523409 0.784501 -0.332566 104.556 13.4029 32.5519 0.557426 0.774112 0.258908 -0.151635 1
-0.0392879 -0.0324827 0.491066 0.817707 0.573009 0.0549086 0.233571 -0.243099 -0.94146 -0.526117 0.782664 -0.332622 104.478 13.5074 32.7574 0.557222 0.773536 0.26068 -0.152291 1
-0.0409947 -0.0332583 0.490011 0.81643 0.574628 0.0569613 0.234635 -0.239992 -0.941993 -0.527625 0.782437 -0.330764 104.293 13.5701 32.8729 0.558049 0.772526 0.261888 -0.152313 1
-0.043229 -0.0310636 0.485624 0.815792 0.575356 0.0587296 0.234486 -0.23622 -0.942983 -0.528678 0.783049 -0.32762 104.063 13.5613 32.9454 0.559453 0.771303 0.262492 -0.152323 1
-0.0478471 -0.0370528 0.486167 0.815042 0.576084 0.061915 0.237566 -0.234805 -0.942565 -0.528459 0.782939 -0.328234 103.988 13.7429 32.9587 0.559465 0.771051 0.263812 -0.151269 1
-0.045817 -0.0404406 0.491422 0.813563 0.578145 0.0621534 0.239052 -0.235111 -0.942113 -0.530066 0.781326 -0.329484 104.012 13.8306 33.0857 0.558786 0.771064 0.264958 -0.15171 1
-0.043007 -0.0422016 0.495748 0.812227 0.580052 0.0618648 0.239804 -0.235336 -0.941866 -0.531772 0.779844 -0.330245 104.029 13.875 33.2131 0.558266 0.771007 0.26584 -0.152368 1
-0.0445053 -0.0420359 0.494056 0.812441 0.57969 0.0624469 0.239864 -0.234693 -0.942011 -0.531419 0.780307 -0.329721 103.99 13.8785 33.1888 0.558576 0.770853 0.265795 -0.152095 1
-0.0454974 -0.0415232 0.492447 0.81271 0.579279 0.0627538 0.239687 -0.234206 -0.942177 -0.531086 0.780758 -0.329188 103.96 13.8681 33.1636 0.558864 0.770731 0.265646 -0.151912 1
-0.0386332 -0.0439492 0.500874 0.811235 0.58157 0.0606169 0.240082 -0.236766 -0.941437 -0.533159 0.778279 -0.331697 104.117 13.8914 33.3137 0.557398 0.771313 0.266316 -0.153161 1
-0.0425714 -0.053189 0.504502 0.811106 0.581478 0.0631784 0.243805 -0.237932 -0.940185 -0.531664 0.777992 -0.334755 104.202 14.1112 33.2441 0.556421 0.771977 0.267263 -0.151716 1
3.81887 -1.51677 -2.00232 -0.357504 0.193378 -0.913671 -0.475781 0.804139 0.356361 0.803631 0.562108 -0.195477 -23.9009 -28.4102 -113.982 0.559276 0.0919705 -0.767646 -0.299119 1
3.86405 -1.59617 -1.88562 -0.415443 0.19593 -0.888267 -0.470852 0.789196 0.394294 0.778271 0.582049 -0.235612 -26.5474 -28.0896 -118.093 0.533419 0.0879961 -0.781065 -0.312504 1
3.87556 -1.62037 -1.83513 -0.434691 0.189114 -0.8805 -0.45531 0.797396 0.396045 0.777005 0.573058 -0.260515 -26.4123 -27.0849 -119.225 0.524926 0.0843036 -0.789399 -0.306912 1
3.8808 -1.63131 -1.81023 -0.445718 0.188667 -0.875066 -0.454524 0.794456 0.402801 0.771197 0.577273 -0.268349 -26.8857 -27.0343 -120.026 0.519709 0.0839282 -0.791916 -0.3094 1
3.87547 -1.63559 -1.81344 -0.445439 0.1888 -0.875179 -0.449001 0.798594 0.400806 0.774585 0.571491 -0.270953 -26.6516 -26.6796 -119.902 0.520145 0.0820371 -0.792935 -0.30655 1
3.87051 -1.62759 -1.81744 -0.445505 0.191723 -0.87451 -0.458179 0.790365 0.406688 0.769153 0.581864 -0.264268 -27.2284 -27.2697 -120.08 0.519758 0.0842585 -0.790591 -0.312599 1
3.88643 -1.67754 -1.76581 -0.479552 0.205212 -0.853181 -0.480819 0.751877 0.451103 0.734059 0.626553 -0.261894 -30.9624 -28.7389 -123.156 0.502601 0.0872711 -0.789513 -0.34124 1
3.89227 -1.69905 -1.73818 -0.494299 0.207171 -0.844245 -0.483504 0.741579 0.465065 0.722422 0.638076 -0.266394 -32.093 -28.9145 -124.381 0.495199 0.0873445 -0.790928 -0.348685 1
3.88372 -1.6879 -1.76991 -0.483188 0.210901 -0.849735 -0.486919 0.741876 0.461009 0.727626 0.636506 -0.255774 -31.8572 -29.1383 -123.587 0.500728 0.0876208 -0.787534 -0.348403 1
3.90753 -1.74564 -1.66571 -0.528697 0.211056 -0.822152 -0.494667 0.710499 0.500496 0.689771 0.671303 -0.271236 -35.162 -29.6478 -127.47 0.477118 0.0894991 -0.792217 -0.369785 1
3.90165 -1.73377 -1.68412 -0.519591 0.213017 -0.827435 -0.497893 0.711517 0.495829 0.694354 0.669603 -0.263638 -34.8712 -29.8607 -126.808 0.481738 0.0901806 -0.789738 -0.36893 1
3.93313 -1.93761 -1.39319 -0.638329 0.19285 -0.745215 -0.453152 0.688436 0.566313 0.622245 0.699189 -0.352059 -39.441 -26.9461 -135.731 0.417746 0.0795199 -0.818356 -0.386599 1
3.92903 -2.03548 -1.28868 -0.683062 0.18955 -0.705335 -0.435531 0.669526 0.601704 0.586293 0.718196 -0.374773 -41.9461 -25.8191 -139.359 0.391054 0.0744731 -0.825736 -0.399613 1
3.92132 -2.12522 -1.21112 -0.719984 0.186922 -0.668343 -0.427121 0.639692 0.639032 0.546983 0.745556 -0.38073 -44.9704 -25.285 -142.776 0.367075 0.0725494 -0.827709 -0.418199 1
3.91076 -2.22488 -1.12221 -0.765276 0.174422 -0.61962 -0.433949 0.571172 0.696743 0.475437 0.802085 -0.361413 -50.656 -25.7185 -148.149 0.333347 0.0790028 -0.821258 -0.45626 1
3.88891 -2.31878 -1.03898 -0.799438 0.164946 -0.57766 -0.413154 0.547108 0.727995 0.436123 0.82065 -0.369231 -53.0742 -24.4031 -151.386 0.307587 0.0753074 -0.823981 -0.469867 1
3.86736 -2.38151 -0.956232 -0.823477 0.155495 -0.545626 -0.390425 0.542469 0.743838 0.411648 0.82556 -0.386002 -53.8973 -22.981 -153.44 0.288527 0.0708091 -0.82945 -0.473024 1
3.8432 -2.44551 -0.881974 -0.845005 0.147974 -0.513877 -0.366466 0.539594 0.757985 0.389447 0.828819 -0.401733 -54.5537 -21.4978 -155.256 0.270581 0.0654468 -0.834616 -0.47531 1
3.83653 -2.47028 -0.856266 -0.854261 0.141261 -0.500283 -0.363694 0.525221 0.76933 0.371436 0.839159 -0.3973 -55.6787 -21.3272 -156.5 0.261563 0.0667419 -0.833184 -0.482633 1
3.83333 -2.48419 -0.834462 -0.859714 0.137154 -0.492017 -0.359707 0.521316 0.773848 0.362633 0.84227 -0.398847 -56.0332 -21.0822 -157.13 0.256298 0.0667407 -0.833648 -0.484652 1
3.81492 -2.52841 -0.799885 -0.871841 0.133018 -0.471379 -0.345669 0.514725 0.784583 0.346995 0.846974 -0.402778 -56.7332 -20.2226 -158.297 0.245003 0.0636628 -0.835067 -0.488451 1
3.87002 -2.4067 -0.879389 -0.838234 0.137832 -0.527604 -0.390902 0.522717 0.757603 0.380209 0.84129 -0.384281 -55.3958 -23.0106 -155.602 0.273954 0.0763699 -0.828437 -0.482503 1
3.88586 -2.37308 -0.897852 -0.829209 0.137252 -0.541824 -0.404443 0.521757 0.751129 0.385795 0.841981 -0.377135 -55.215 -23.8562 -155.05 0.280808 0.0808839 -0.825848 -0.482265 1
3.90115 -2.32565 -0.920772 -0.813313 0.144422 -0.563617 -0.406753 0.551514 0.728275 0.416021 0.821568 -0.38981 -52.8638 -24.001 -152.91 0.295123 0.0790292 -0.829855 -0.466902 1
3.92525 -2.26493 -0.910716 -0.794749 0.150977 -0.587861 -0.383982 0.625019 0.679639 0.470034 0.76587 -0.43876 -47.3973 -22.5806 -149.399 0.312854 0.0689071 -0.845359 -0.427484 1
3.93599 -2.23227 -0.909378 -0.78522 0.151464 -0.600407 -0.375047 0.655205 0.655779 0.492716 0.740112 -0.457674 -45.0251 -22.0272 -147.892 0.321057 0.0656679 -0.85119 -0.409982 1
3.95301 -2.19762 -0.922481 -0.77848 0.147514 -0.610089 -0.389372 0.648863 0.653733 0.492299 0.746469 -0.447689 -45.2142 -22.9154 -147.691 0.325075 0.0713195 -0.847796 -0.412895 1
3.94152 -2.24073 -0.864172 -0.796511 0.142394 -0.587618 -0.377146 0.642614 0.666939 0.47258 0.752842 -0.458146 -46.0642 -22.157 -149.319 0.311431 0.0689581 -0.851068 -0.417059 1
3.96774 -2.1821 -0.909584 -0.781253 0.139493 -0.608428 -0.404286 0.629577 0.663465 0.475601 0.764313 -0.435464 -46.5013 -23.8464 -148.668 0.321271 0.0784758 -0.843548 -0.423147 1
3.97423 -2.18807 -0.870964 -0.78895 0.133262 -0.599833 -0.398636 0.631873 0.6647 0.467597 0.76353 -0.445393 -46.4503 -23.493 -149.346 0.31525 0.0783745 -0.846495 -0.421807 1
3.98805 -2.16312 -0.86848 -0.786679 0.128211 -0.603902 -0.407407 0.627146 0.663858 0.463849 0.768277 -0.441129 -46.6289 -24.042 -149.475 0.315966 0.0826188 -0.84483 -0.423794 1
4.00717 -2.09446 -0.899658