-0.335113 -0.387263 1.45569 0.850446 0.525984 0.00906983 0.161965 -0.245395 -0.955797 -0.500508 0.814323 -0.293887 104.399 9.321 30.4779 0.57253 0.772937 0.222511 -0.158952 0
-0.335759 -0.385614 1.45643 0.864546 0.502262 0.0171069 0.138108 -0.204721 -0.969028 -0.483204 0.840132 -0.246357 101.929 7.93837 29.2013 0.594447 0.760859 0.21041 -0.153148 0
-0.336729 -0.386764 1.46225 0.882686 0.469464 0.0216571 0.126656 -0.193255 -0.972939 -0.452575 0.861543 -0.230044 101.234 7.2764 27.1453 0.604025 0.759274 0.19628 -0.141885 0
-0.338699 -0.388303 1.46782 0.886422 0.462175 0.0255069 0.128492 -0.192752 -0.972798 -0.444687 0.865587 -0.230245 101.208 7.38246 26.6413 0.604861 0.759839 0.19434 -0.137917 0
-0.341182 -0.389579 1.47275 0.893987 0.447064 0.0303348 0.133469 -0.201047 -0.970446 -0.427753 0.871615 -0.239403 101.704 7.67009 25.5701 0.602814 0.763943 0.189979 -0.130055 0
-0.357452 -0.387589 1.46529 0.887264 0.46001 0.0339509 0.142708 -0.20377 -0.968562 -0.43863 0.864215 -0.246445 101.881 8.2046 26.3061 0.599385 0.764441 0.197111 -0.132345 0
-0.367782 -0.387895 1.46408 0.892055 0.450591 0.0347162 0.14636 -0.215367 -0.965503 -0.42757 0.866363 -0.258068 102.575 8.41604 25.6088 0.595529 0.769008 0.194065 -0.127715 0
-0.377612 -0.388702 1.46488 0.902233 0.429328 0.0406572 0.150507 -0.225129 -0.962634 -0.404133 0.87464 -0.267735 103.163 8.65629 24.1288 0.593584 0.773805 0.187332 -0.117431 0
-0.388626 -0.389442 1.46731 0.915456 0.401157 0.0318378 0.136791 -0.235804 -0.962125 -0.378456 0.885138 -0.270743 103.771 7.86221 22.4605 0.593487 0.778139 0.172832 -0.111361 0
-0.400098 -0.389823 1.47093 0.920524 0.389159 0.0345028 0.129983 -0.221783 -0.966394 -0.368428 0.894074 -0.254741 102.925 7.46859 21.8131 0.600833 0.77412 0.167655 -0.10784 0
-0.418083 -0.388967 1.46602 0.852452 0.517638 0.0733254 0.205702 -0.203147 -0.957297 -0.480638 0.831133 -0.279652 101.981 11.8706 29.4156 0.585161 0.764076 0.236671 -0.13327 0
-0.438075 -0.388155 1.46222 0.861255 0.504563 0.0604698 0.186653 -0.203416 -0.961136 -0.472653 0.83907 -0.269372 101.95 10.7575 28.7578 0.589166 0.763879 0.226219 -0.134898 0
-0.448749 -0.388933 1.4614 0.86136 0.504641 0.0582784 0.179729 -0.195435 -0.964107 -0.475138 0.840918 -0.259039 101.459 10.354 28.8817 0.593061 0.760893 0.224857 -0.136964 0
-0.446049 -0.380301 1.45953 0.865693 0.499805 0.0277633 0.140036 -0.188557 -0.972027 -0.480589 0.845364 -0.233223 100.978 8.04995 29.0368 0.600815 0.75622 0.211526 -0.1497 0
-0.442713 -0.379546 1.45491 0.879364 0.474384 0.0409702 0.134383 -0.164715 -0.977144 -0.456793 0.864771 -0.208594 99.5683 7.72296 27.45 0.613607 0.750445 0.202802 -0.138525 0
-0.440393 -0.379435 1.45212 0.884425 0.465478 0.0335136 0.119709 -0.156868 -0.980338 -0.451069 0.871047 -0.19446 99.0911 6.87528 27.0222 0.619092 0.747622 0.195683 -0.139628 0
-0.439096 -0.378563 1.44922 0.885295 0.464253 0.0268808 0.112465 -0.157656 -0.981069 -0.451226 0.871558 -0.191784 99.1293 6.45741 27.0075 0.619648 0.747452 0.192895 -0.141931 0
-0.437337 -0.37655 1.44283 0.887983 0.459242 0.0241344 0.111281 -0.163657 -0.980221 -0.446209 0.873105 -0.19643 99.4787 6.38915 26.6794 0.61804 0.749678 0.190256 -0.140752 0
-0.434822 -0.373842 1.43454 0.875335 0.48273 0.0275919 0.123511 -0.168062 -0.978008 -0.467476 0.859493 -0.206733 99.7505 7.09477 28.1046 0.612483 0.750021 0.202074 -0.146624 0
-0.428175 -0.368422 1.41482 0.858027 0.513597 0.0026303 0.116959 -0.190403 -0.974714 -0.50011 0.836639 -0.223441 101.053 6.71665 30.2362 0.600871 0.753636 0.209171 -0.165026 0
-0.426301 -0.367652 1.40777 0.853407 0.521033 0.0148522 0.131173 -0.187099 -0.973544 -0.504469 0.832778 -0.228017 100.879 7.53738 30.5883 0.599644 0.753081 0.216513 -0.162538 0
-0.422014 -0.365047 1.39366 0.847523 0.53071 0.0071434 0.143463 -0.216105 -0.965773 -0.511001 0.81954 -0.259291 102.613 8.24827 31.0872 0.585689 0.762056 0.221169 -0.165295 0
-0.417875 -0.360699 1.3797 0.84703 0.531514 0.00574807 0.139536 -0.211907 -0.967277 -0.512903 0.820115 -0.253657 102.357 8.021 31.1962 0.587679 0.760361 0.220635 -0.166748 0
-0.414214 -0.356895 1.3677 0.823586 0.567137 -0.00784737 0.133277 -0.206953 -0.969231 -0.551311 0.797199 -0.24603 102.053 7.65897 33.7985 0.585364 0.754415 0.232105 -0.185295 0
-0.411453 -0.354983 1.35898 0.814987 0.57947 -0.00331547 0.138568 -0.200435 -0.969858 -0.562669 0.789962 -0.243648 101.677 7.96497 34.6213 0.585428 0.75151 0.238865 -0.188282 0
-0.409055 -0.353329 1.35027 0.829132 0.559049 -0.00205011 0.131601 -0.198741 -0.971176 -0.543342 0.804964 -0.238354 101.565 7.56214 33.2374 0.589923 0.7527 0.229391 -0.181145 0
-0.408884 -0.353248 1.3477 0.870626 0.491829 0.010707 0.110512 -0.174325 -0.978467 -0.479372 0.853062 -0.206125 100.102 6.34483 28.8374 0.610364 0.750179 0.200732 -0.156184 0
-0.4109 -0.356394 1.35392 0.937167 0.348237 0.0211947 0.0683309 -0.123638 -0.989972 -0.342125 0.929217 -0.139664 97.1188 3.91812 20.0553 0.64689 0.741699 0.14041 -0.108174 0
-0.409869 -0.356813 1.35253 0.957124 0.289302 0.0147505 0.0496313 -0.113607 -0.992285 -0.285394 0.950473 -0.123094 96.5314 2.84483 16.6035 0.655825 0.740578 0.114415 -0.0913622 0
-0.408204 -0.355654 1.34855 0.966231 0.257673 -0.0015849 0.035412 -0.138876 -0.989676 -0.255233 0.9562 -0.143311 97.9879 2.02938 14.7969 0.648853 0.749736 0.0977294 -0.0856361 0
-0.405843 -0.353171 1.33921 0.967912 0.250608 -0.0184809 0.0254236 -0.170829 -0.984973 -0.249999 0.952897 -0.171719 99.8392 1.45682 14.4822 0.637449 0.76001 0.0907987 -0.0883147 0
-0.404155 -0.351572 1.33203 0.970373 0.240156 -0.0264809 0.0217097 -0.195824 -0.980399 -0.240635 0.950777 -0.195236 101.296 1.24397 13.9273 0.628354 0.768348 0.0852043 -0.0869123 0
-0.402179 -0.350118 1.32492 0.977144 0.210084 -0.0324684 0.0130021 -0.211515 -0.977288 -0.21218 0.954529 -0.209413 102.212 0.744986 12.2512 0.623742 0.774285 0.0720295 -0.0789916 0
-0.400215 -0.347988 1.31733 0.979807 0.198143 -0.0267921 0.0162171 -0.212307 -0.977068 -0.199288 0.956904 -0.211234 102.259 0.929211 11.4968 0.623752 0.775137 0.0691363 -0.0729161 0
-0.397727 -0.345621 1.30878 0.976115 0.216798 -0.0141109 0.038213 -0.235263 -0.97118 -0.21387 0.947444 -0.237928 103.617 2.18998 12.3584 0.612969 0.782513 0.0814718 -0.072836 0
-0.395393 -0.342977 1.2995 0.978214 0.207392 -0.00928949 0.0437146 -0.249521 -0.967382 -0.202946 0.945901 -0.253151 104.463 2.50546 11.7206 0.607359 0.787541 0.0797123 -0.0673727 0
-0.394147 -0.341706 1.29378 0.995518 0.0944574 -0.00461086 0.0184243 -0.24154 -0.970216 -0.0927578 0.965783 -0.242198 103.98 1.05569 5.32319 0.614772 0.787283 0.0358454 -0.0309192 0
-0.394893 -0.341765 1.29278 0.999102 -0.042162 0.00423762 -0.00592352 -0.237987 -0.97125 0.0419584 0.970353 -0.238023 103.768 -0.339395 -2.40478 0.617068 0.786624 -0.0152822 0.0146817 0
-0.394925 -0.341344 1.28954 0.995483 -0.091828 0.0241062 0.00253191 -0.228143 -0.973624 0.0949057 0.969288 -0.22688 103.188 0.145068 -5.44591 0.620576 0.782705 -0.0285217 0.038013 0
-0.393308 -0.339594 1.28462 0.996091 -0.0783267 0.0408248 0.0223296 -0.223881 -0.974361 0.0854584 0.971464 -0.221257 102.94 1.2795 -4.90361 0.622687 0.781222 -0.0179197 0.0404121 0
-0.38923 -0.335846 1.27109 0.963693 -0.266467 0.0170437 -0.0211168 -0.13969 -0.98997 0.266175 0.953668 -0.140245 98.0317 -1.20999 -15.4403 0.648799 0.748937 -0.0959973 0.0945403 0
-0.386895 -0.334291 1.26459 0.950832 -0.30969 0.00341912 -0.043051 -0.143095 -0.988772 0.306702 0.940009 -0.149392 98.2347 -2.4674 -17.8777 0.643884 0.748886 -0.117755 0.103527 0
-0.384828 -0.333689 1.25818 0.944965 -0.327157 0.00295307 -0.0501431 -0.153742 -0.986838 0.323305 0.93238 -0.161685 98.8551 -2.87419 -18.8876 0.638267 0.75173 -0.125477 0.108502 0
-0.382985 -0.332526 1.25131 0.945438 -0.325685 0.00874456 -0.0422351 -0.149131 -0.987915 0.323053 0.933643 -0.154749 98.5843 -2.42061 -18.8651 0.640617 0.749886 -0.122658 0.110616 0
-0.380667 -0.330623 1.24334 0.946359 -0.323037 0.00716662 -0.0422537 -0.145713 -0.988424 0.320342 0.935101 -0.151547 98.3861 -2.42168 -18.7009 0.642086 0.748936 -0.121937 0.109325 0
-0.378178 -0.328566 1.23481 0.94343 -0.331521 0.00582526 -0.0483359 -0.154891 -0.986748 0.32803 0.930646 -0.162153 98.921 -2.77052 -19.1725 0.637649 0.751744 -0.126325 0.111027 0
-0.375388 -0.325936 1.22405