-0.333842 -0.3956 1.45228 0.8181 0.573887 0.0369591 0.190871 -0.210346 -0.958813 -0.542476 0.79146 -0.281622 102.374 11.0036 33.5481 0.575789 0.759945 0.251583 -0.1663 0
-0.32467 -0.403101 1.44867 0.809609 0.58652 0.0229609 0.165571 -0.190669 -0.967591 -0.563133 0.787172 -0.251478 101.148 9.5304 34.821 0.584693 0.750293 0.250599 -0.179987 1
-0.314242 -0.412561 1.44814 0.760846 0.648656 0.0189392 0.172739 -0.174311 -0.969421 -0.625519 0.740852 -0.244672 100.193 9.94712 39.4249 0.579194 0.738212 0.27817 -0.205422 0
-0.303828 -0.422681 1.44814 0.720762 0.693101 0.0106695 0.182915 -0.175323 -0.96737 -0.668614 0.699195 -0.253145 100.273 10.5396 42.8505 0.568396 0.733013 0.298772 -0.224397 0
-0.294737 -0.430748 1.45114 0.684485 0.729026 -0.00118234 0.205909 -0.194884 -0.958969 -0.699343 0.656157 -0.283508 101.487 11.8827 45.6152 0.549111 0.735336 0.31786 -0.238165 0
-0.285609 -0.444189 1.45571 0.590509 0.80697 0.0099677 0.227357 -0.154495 -0.961478 -0.774344 0.570028 -0.274701 99.1285 13.1415 52.6711 0.538821 0.710581 0.363901 -0.268926 0
-0.275848 -0.455519 1.45642 0.556168 0.830918 0.0158649 0.244049 -0.145045 -0.958854 -0.794428 0.537156 -0.283455 98.6019 14.1257 55.0047 0.530959 0.704391 0.381524 -0.276325 0
-0.266205 -0.466855 1.46042 0.530384 0.84769 0.0107247 0.249379 -0.143916 -0.957653 -0.810249 0.510598 -0.287726 98.5464 14.4407 56.7915 0.524104 0.700362 0.391608 -0.285397 0
-0.257264 -0.478169 1.46482 0.536543 0.843857 0.00521352 0.250207 -0.153181 -0.955998 -0.805927 0.514239 -0.293327 99.1032 14.4898 56.3464 0.522024 0.704104 0.388459 -0.284302 0
-0.250567 -0.489768 1.46912 0.518144 0.855213 0.011715 0.266078 -0.148159 -0.952498 -0.812853 0.496648 -0.304321 98.8414 15.431 57.485 0.516155 0.701895 0.39938 -0.285348 0
-0.254285 -0.502938 1.4778 0.515754 0.856664 0.011161 0.26225 -0.145459 -0.953974 -0.815612 0.494943 -0.299681 98.6695 15.2036 57.6927 0.517352 0.70016 0.399521 -0.287238 0
-0.257273 -0.511138 1.47024 0.418528 0.908192 0.00467524 0.308198 -0.137183 -0.941379 -0.854312 0.395434 -0.337318 98.2911 17.9507 63.8997 0.485805 0.687937 0.442043 -0.308763 0
-0.259228 -0.523604 1.47762 0.521861 0.852992 0.00811596 0.281027 -0.162934 -0.945768 -0.80541 0.49584 -0.324742 99.7748 16.3215 57.059 0.508474 0.708791 0.399984 -0.281216 0
-0.25959 -0.534638 1.4805 0.563102 0.826367 0.00585802 0.273985 -0.180001 -0.944739 -0.779646 0.533589 -0.327771 100.787 15.9015 54.1612 0.513646 0.719527 0.382318 -0.268853 0
-0.260055 -0.545786 1.48179 0.582366 0.812898 0.00681666 0.288181 -0.1986 -0.936755 -0.760132 0.547499 -0.34992 101.97 16.7491 52.5429 0.508391 0.729878 0.377145 -0.258028 0
-0.259368 -0.555869 1.47832 0.676771 0.735996 0.0170554 0.26845 -0.225144 -0.936614 -0.685504 0.638451 -0.349949 103.516 15.572 45.3673 0.524804 0.75031 0.334677 -0.222724 0
-0.259264 -0.566398 1.47697 0.709406 0.704358 0.024965 0.259466 -0.228064 -0.938437 -0.655302 0.672211 -0.344547 103.66 15.0384 42.7297 0.533103 0.755317 0.319013 -0.208633 0
-0.259711 -0.571431 1.47623 0.731691 0.681092 0.0272293 0.245688 -0.226258 -0.942574 -0.635819 0.696363 -0.332887 103.498 14.2225 40.9897 0.541421 0.756775 0.306161 -0.201047 0
-0.258983 -0.571128 1.47416 0.755847 0.653904 0.033246 0.238306 -0.227453 -0.94418 -0.609841 0.721578 -0.327749 103.545 13.7866 38.8977 0.54787 0.760107 0.293449 -0.189643 0
-0.259002 -0.570884 1.47496 0.790608 0.610785 0.0433609 0.237503 -0.240615 -0.941115 -0.564386 0.754351 -0.335295 104.342 13.7392 35.5216 0.551067 0.769175 0.275714 -0.169346 0
-0.258914 -0.570572 1.47343 0.811974 0.582256 0.0409392 0.225211 -0.247812 -0.942268 -0.538496 0.774317 -0.332347 104.735 13.0153 33.5521 0.554936 0.773326 0.261037 -0.16085 0
-0.258426 -0.570668 1.47135 0.848795 0.52609 0.0526929 0.228605 -0.275304 -0.933781 -0.476747 0.804634 -0.353943 106.427 13.2149 29.3218 0.552166 0.78709 0.239711 -0.134691 0
-0.257865 -0.568987 1.46727 0.878349 0.474871 0.054781 0.214215 -0.288572 -0.933187 -0.427335 0.831399 -0.355191 107.183 12.3695 25.9439 0.55556 0.794058 0.216951 -0.117294 0
-0.257519 -0.567489 1.46453 0.915955 0.396738 0.0602038 0.192824 -0.303581 -0.93309 -0.351916 0.866278 -0.354567 108.022 11.1176 21.0171 0.56076 0.802201 0.183733 -0.09091 0
-0.25629 -0.564526 1.45837 0.950142 0.30661 0.0567502 0.162201 -0.330552 -0.929745 -0.26631 0.892595 -0.363803 109.572 9.33466 15.6574 0.56031 0.813095 0.144144 -0.0644329 0
-0.255187 -0.563171 1.45474 0.960021 0.274992 0.0523306 0.14783 -0.339303 -0.928989 -0.237709 0.899585 -0.36639 110.064 8.50121 13.9072 0.559984 0.816351 0.129486 -0.0567704 0
-0.254392 -0.560118 1.44648 0.93107 0.363495 0.0312882 0.16303 -0.337798 -0.926992 -0.326388 0.868196 -0.373774 110.022 9.38279 19.3182 0.552154 0.81281 0.161946 -0.0907653 0
-0.255635 -0.555537 1.43024 0.806348 0.590107 0.0397102 0.283006 -0.326012 -0.902011 -0.519337 0.738573 -0.429883 109.871 16.4397 32.784 0.512458 0.80035 0.272728 -0.149818 0
-0.255473 -0.553787 1.42598 0.798958 0.599799 0.0436674 0.289095 -0.319386 -0.90245 -0.527342 0.733644 -0.428575 109.489 16.8038 33.4263 0.512591 0.797953 0.278492 -0.151536 0
-0.254855 -0.551465 1.42093 0.797781 0.601598 0.0403155 0.279922 -0.310325 -0.908483 -0.534031 0.736056 -0.415972 108.859 16.2556 33.7982 0.517563 0.794367 0.277429 -0.15538 0
-0.253932 -0.549253 1.416 0.799664 0.599436 0.0348407 0.270354 -0.307636 -0.912288 -0.53614 0.738943 -0.408065 108.635 15.6854 33.8401 0.520568 0.792995 0.27421 -0.15804 0
-0.253008 -0.547302 1.40998 0.791954 0.609604 0.0345352 0.271568 -0.301014 -0.914134 -0.546864 0.733331 -0.403938 108.226 15.7576 34.6261 0.521297 0.79008 0.278823 -0.162113 0
-0.251808 -0.545298 1.40282 0.779876 0.624505 0.042261 0.287589 -0.297533 -0.910366 -0.555954 0.722127 -0.41164 108.099 16.7137 35.4841 0.517374 0.788836 0.289063 -0.162801 0
-0.249598 -0.540446 1.3903 0.762404 0.646019 0.0374217 0.28965 -0.288977 -0.912466 -0.578657 0.706507 -0.407437 107.573 16.837 37.1981 0.516234 0.784031 0.298352 -0.172581 0
-0.246974 -0.535908 1.37618 0.76197 0.646699 0.0343808 0.289393 -0.292522 -0.911418 -0.579356 0.704423 -0.410043 107.794 16.8216 37.2471 0.514637 0.784942 0.29814 -0.173572 0
-0.244973 -0.532009 1.36578 0.769241 0.638141 0.0323022 0.286304 -0.299045 -0.910276 -0.571225 0.70947 -0.412741 108.186 16.6368 36.5969 0.514163 0.787564 0.293451 -0.171073 0
-0.243361 -0.528126 1.35622 0.757394 0.652566 0.0226215 0.274781 -0.287112 -0.917639 -0.592325 0.701231 -0.39677 107.374 15.949 38.0274 0.518052 0.781229 0.296759 -0.18231 0
-0.241927 -0.524951 1.34828 0.734382 0.678218 0.0265289 0.278598 -0.265566 -0.922961 -0.618924 0.685197 -0.383977 106.052 16.1765 40.1236 0.520778 0.771998 0.30985 -0.191838 0
-0.240833 -0.522206 1.34189 0.729302 0.68347 0.0314146 0.271451 -0.246896 -0.930246 -0.628039 0.686957 -0.36559 104.864 15.7506 40.7334 0.528397 0.765145 0.312007 -0.194938 0
-0.239079 -0.518784 1.33265 0.727348 0.685554 0.0313344 0.266857 -0.240469 -0.933253 -0.63226 0.687161 -0.357849 104.449 15.4773 40.9994 0.531279 0.762507 0.312263 -0.197023 0
-0.23758 -0.515564 1.32332 0.709198 0.704713 0.0204328 0.265337 -0.23995 -0.93382 -0.653173 0.667685 -0.357159 104.411 15.387 42.6451 0.527278 0.759327 0.319379 -0.208323 0
-0.236468 -0.511569 1.31464 0.687358 0.726291 -0.00632706 0.239509 -0.234877 -0.942055 -0.685692 0.646014 -0.335398 104 13.8576 44.9305 0.528461 0.751271 0.321389 -0.230283 0
-0.236034 -0.5101 1.31053 0.640004 0.767295 -0.0406592 0.230124 -0.241897 -0.942618 -0.733101 0.593923 -0.331388 104.393 13.3043 48.8787 0.516411 0.743856 0.335219 -0.26005 0
-0.234543 -0.508884 1.30052 0.594801 0.80234 -0.0496226 0.263691 -0.253052 -0.930823 -0.759393 0.54057 -0.362086 105.209 15.2892 51.9299 0.49489 0.743293 0.35855 -0.272105 0
-0.234177 -0.507309 1.28908 0.559941 0.826315 -0.0605724 0.291398 -0.264844 -0.919209 -0.775598 0.497052 -0.389083 106.073 16.9417 54.1727 0.475924 0.743954 0.375599 -0.280989 0
-0.234488 -0.503725 1.28713 0.630102 0.776512 0.000201772 0.282586 -0.229063 -0.931491 -0.723268 0.586992 -0.363764 103.815 16.4146 48.938 0.509233 0.745475 0.355176 -0.242485 0
-0.234623 -0.501647 1.28472 0.718485 0.694486 0.0383307 0.231801 -0.187125 -0.954595 -0.65578 0.694747 -0.295429 101.091 13.4031 42.3876