-0.332848 -0.384895 1.45079 0.822587 0.56736 0.0381175 0.223376 -0.260762 -0.939205 -0.522928 0.781093 -0.341234 105.517 12.9074 32.4446 0.552402 0.778554 0.253912 -0.155676 0
-0.330768 -0.377881 1.4404 0.830765 0.555647 0.0329615 0.216524 -0.268044 -0.93876 -0.512784 0.787025 -0.342992 105.936 12.505 31.6847 0.552207 0.781313 0.247075 -0.153531 1
-0.325422 -0.362761 1.43925 0.771263 0.636486 -0.00625922 0.203165 -0.255481 -0.945227 -0.603223 0.727747 -0.326354 105.125 11.7221 38.0298 0.545305 0.766991 0.273683 -0.19866 1
-0.3275 -0.356748 1.4375 0.735775 0.676482 -0.0317419 0.153593 -0.212337 -0.96505 -0.659579 0.705184 -0.260135 102.409 8.8352 41.8744 0.561984 0.743009 0.279295 -0.232609 1
-0.326311 -0.355569 1.43737 0.702665 0.710147 -0.0441801 0.150122 -0.208663 -0.966397 -0.695503 0.672421 -0.253229 102.184 8.63401 44.7065 0.55695 0.735622 0.292361 -0.25138 1
-0.325902 -0.355223 1.43737 0.684667 0.727402 -0.0460133 0.132236 -0.186055 -0.9736 -0.71676 0.660507 -0.223575 100.819 7.59885 46.3118 0.564588 0.723584 0.297007 -0.26354 1
-0.326739 -0.355588 1.43685 0.668765 0.742175 -0.0439318 0.142153 -0.185645 -0.97228 -0.729757 0.643982 -0.229655 100.81 8.17244 47.4972 0.559791 0.721815 0.306286 -0.267967 1
-0.3265 -0.356693 1.43687 0.645486 0.762186 -0.0492026 0.157169 -0.195594 -0.968009 -0.747426 0.617103 -0.246046 101.423 9.04264 49.1857 0.5486 0.722344 0.318184 -0.275709 1
-0.326285 -0.356126 1.43629 0.622525 0.781306 -0.0449819 0.176701 -0.196319 -0.964487 -0.762391 0.592469 -0.260271 101.505 10.1777 50.7669 0.539892 0.720957 0.3322 -0.279966 1
-0.327012 -0.355591 1.43755 0.633848 0.772179 -0.0444634 0.165791 -0.191791 -0.967331 -0.75548 0.605769 -0.249586 101.214 9.54317 50.0034 0.546001 0.720282 0.325556 -0.277649 1
-0.32633 -0.354724 1.43661 0.69295 0.71892 -0.0545401 0.120207 -0.189789 -0.974438 -0.710894 0.668681 -0.217934 101.021 6.90405 45.7323 0.566839 0.724685 0.28948 -0.264058 1
-0.325297 -0.355968 1.43746 0.690314 0.720814 -0.0624048 0.120353 -0.199454 -0.972488 -0.71343 0.663811 -0.224438 101.59 6.91249 45.9434 0.562677 0.727016 0.289254 -0.266788 1
-0.326657 -0.355497 1.43647 0.66378 0.745944 -0.0544336 0.136445 -0.19233 -0.971798 -0.735376 0.637634 -0.229445 101.195 7.84216 47.9293 0.557226 0.722073 0.305505 -0.273452 1
-0.325239 -0.354645 1.43253 0.57063 0.819332 -0.0554669 0.166501 -0.181572 -0.96918 -0.804151 0.543808 -0.24003 100.611 9.58443 54.6403 0.535964 0.705732 0.349223 -0.304513 1
-0.324808 -0.354816 1.43089 0.568315 0.821386 -0.0484136 0.171964 -0.176109 -0.969234 -0.804641 0.542504 -0.241334 100.298 9.90203 54.7666 0.536393 0.704585 0.352459 -0.30268 1
-0.324107 -0.354215 1.43157 0.511348 0.858884 -0.0290187 0.188378 -0.144971 -0.971338 -0.838473 0.491225 -0.235926 98.4887 10.8581 58.6228 0.531613 0.687795 0.380659 -0.315316 1
-0.324809 -0.354904 1.43121 0.575745 0.816675 -0.0394852 0.178381 -0.172592 -0.968706 -0.797933 0.550685 -0.245048 100.102 10.2755 54.1878 0.538076 0.705937 0.352389 -0.296563 1
-0.324586 -0.355632 1.43103 0.565108 0.823482 -0.0503062 0.192799 -0.191102 -0.962449 -0.802173 0.534189 -0.26676 101.23 11.1162 54.8364 0.526129 0.711156 0.357264 -0.299681 1
-0.324006 -0.355819 1.43105 0.566728 0.822642 -0.0455962 0.196965 -0.189013 -0.962018 -0.800015 0.536222 -0.26915 101.116 11.3595 54.6863 0.526442 0.711493 0.358263 -0.297125 1
-0.324008 -0.35579 1.43152 0.541607 0.840305 -0.0234314 0.217555 -0.167037 -0.961649 -0.811992 0.515738 -0.273282 99.8539 12.5655 56.2963 0.524711 0.703905 0.375712 -0.29671 1
-0.324819 -0.355546 1.43132 0.497753 0.867315 0.0025957 0.235858 -0.132478 -0.962715 -0.834633 0.479806 -0.270504 97.8352 13.6422 59.1893 0.523156 0.689336 0.400086 -0.301753 1
-0.324714 -0.354219 1.43161 0.513312 0.85819 0.00460811 0.20601 -0.118005 -0.971409 -0.833109 0.499585 -0.237369 96.9263 11.8886 58.3611 0.538038 0.683499 0.389247 -0.303036 1
-0.325327 -0.353777 1.43018 0.50124 0.865263 -0.0088881 0.220599 -0.13771 -0.965594 -0.836717 0.482033 -0.259902 98.1166 12.7442 59.0761 0.525268 0.688994 0.394003 -0.306826 1
-0.32494 -0.360913 1.42912 0.370473 0.928386 0.0291319 0.287436 -0.0847648 -0.954042 -0.88325 0.36182 -0.298255 95.0773 16.7045 67.2447 0.496853 0.662098 0.45908 -0.322505 1
-0.329463 -0.361709 1.43015 0.343746 0.938699 0.0261339 0.3093 -0.0868992 -0.946986 -0.886664 0.333606 -0.320211 95.243 18.017 68.8094 0.4839 0.6616 0.471584 -0.32517 1
-0.328464 -0.363795 1.42754 0.373591 0.926119 0.0522791 0.335529 -0.0823771 -0.938421 -0.864783 0.368127 -0.341516 95.0167 19.6047 66.6354 0.487262 0.670351 0.470518 -0.303014 1
-0.32767 -0.374752 1.42278 0.415391 0.90352 0.105364 0.319589 -0.0365128 -0.946853 -0.851653 0.426987 -0.303922 92.2084 18.638 63.9994 0.5184 0.662538 0.461524 -0.281603 1
-0.326519 -0.375529 1.42466 0.436121 0.893524 0.10683 0.318454 -0.0422109 -0.946998 -0.841656 0.447026 -0.302955 92.5522 18.5694 62.6082 0.522244 0.667324 0.454044 -0.275288 1
-0.328225 -0.366476 1.42546 0.486523 0.868162 0.0979281 0.311019 -0.0673619 -0.948013 -0.816432 0.491688 -0.302788 94.0644 18.1207 59.2087 0.528293 0.681299 0.432696 -0.263652 1
-0.327401 -0.359015 1.42821 0.512308 0.856384 0.0643931 0.285908 -0.0993722 -0.953091 -0.809813 0.506687 -0.295756 95.9523 16.6131 57.6815 0.528484 0.69055 0.413544 -0.269864 1
-0.327247 -0.35409 1.42937 0.516829 0.854936 0.0444186 0.250861 -0.101635 -0.962673 -0.818509 0.50868 -0.266999 96.0268 14.5285 57.7306 0.535769 0.686561 0.402658 -0.281872 1
-0.327236 -0.353475 1.42712 0.516288 0.855692 0.0351759 0.234727 -0.101885 -0.966707 -0.82362 0.507356 -0.253456 96.0164 13.5755 57.9184 0.538736 0.684037 0.398523 -0.288158 1
-0.327299 -0.354029 1.42827 0.5255 0.849974 0.0373419 0.208759 -0.0862689 -0.974155 -0.824784 0.519714 -0.222774 95.0608 12.0497 57.4973 0.551465 0.677227 0.390834 -0.290686 1
-0.327853 -0.353891 1.42764 0.542607 0.838721 0.0460913 0.223796 -0.0914597 -0.970335 -0.809625 0.536826 -0.237329 95.3845 12.9321 56.1702 0.550867 0.683995 0.38835 -0.279071 1
-0.327663 -0.354381 1.42772 0.564012 0.822791 0.0700404 0.244801 -0.0855944 -0.965788 -0.788646 0.561862 -0.249696 95.0647 14.17 54.429 0.554239 0.689076 0.387327 -0.260714 1
-0.329186 -0.353969 1.42789 0.564275 0.823933 0.0522376 0.201987 -0.0764273 -0.976402 -0.800497 0.56151 -0.209549 94.4757 11.6532 54.8198 0.565309 0.68012 0.37711 -0.275047 1
-0.328469 -0.353563 1.42776 0.51464 0.855531 0.0566724 0.204199 -0.0581024 -0.977204 -0.832736 0.514481 -0.2046 93.4027 11.7826 58.2835 0.55945 0.666585 0.397447 -0.291059 1
-0.327313 -0.353462 1.42651 0.510706 0.858838 0.0396997 0.202766 -0.0754445 -0.976316 -0.835503 0.506661 -0.212674 94.4187 11.6988 58.5644 0.552854 0.670601 0.395766 -0.296675 1
-0.328322 -0.36422 1.42581 0.502677 0.859915 0.0886706 0.24832 -0.0453834 -0.967614 -0.828042 0.508416 -0.236348 92.6853 14.3781 58.7394 0.552482 0.667909 0.414815 -0.276749 1
-0.327283 -0.354512 1.42617 0.517587 0.854128 0.050692 0.231528 -0.0827742 -0.9693 -0.823711 0.513434 -0.240597 94.881 13.387 57.8564 0.546401 0.67841 0.400074 -0.284864 1
-0.326319 -0.353154 1.42488 0.499536 0.865355 0.040309 0.21538 -0.0789921 -0.97333 -0.839092 0.494895 -0.22584 94.6398 12.4378 59.2334 0.546513 0.671634 0.402278 -0.297328 1
-0.324759 -0.352779 1.42563 0.460598 0.887422 0.0182044 0.223582 -0.0961485 -0.969931 -0.858988 0.450819 -0.242697 95.6612 12.9195 61.7993 0.529564 0.670717 0.414111 -0.31339 1
-0.323961 -0.353558 1.4275 0.460603 0.88754 -0.010818 0.220891 -0.126422 -0.96707 -0.859681 0.443046 -0.25428 97.4479 12.7614 61.8183 0.519592 0.678474 0.408428 -0.320756 1
-0.323875 -0.354369 1.42612 0.468342 0.883405 -0.0158203 0.217014 -0.132371 -0.967152 -0.856481 0.449525 -0.253706 97.7935 12.5337 61.3292 0.52016 0.680885 0.40404 -0.320282 1
-0.323916 -0.353904 1.42594 0.492764 0.869358 -0.037412 0.196899 -0.153278 -0.968368 -0.847593 0.469811 -0.246705 98.9944 11.3557 59.8276 0.522681 0.687886 0.387512 -0.32164 1
-0.323047 -0.353219 1.42575 0.538912 0.841124 -0.0456554 0.190803 -0.17468 -0.965961 -0.820468 0.511857 -0.254626 100.25 10.9996 56.7017 0.526689 0.701466 0.367775 -0.308684 1
-0.323268 -0.356347 1.42629 0.55209 0.830627 -0.0724999 0.173483 -0.199486 -0.964421 -0.815537 0.51987 -0.254234 101.687 9.9904 55.9034 0.524016 0.708133 0.354492 -0.313513 1
-0.318757 -0.37119 1.42205 0.599805 0.80001 -0.0147872 0.238483 -0.196382 -0.951084 -0.76378 0.566938 -0.308579 101.667 13.797 51.8571 0.523174 0.725391 0.357908 -0.268327 1
-0.320212 -0.374932 1.42233 0.634379 0.773021 -0.00138771 0.260683 -0.215618 -0.941038 -0.727742 0.596613 -0.338297 102.905 15.1106 48.9211 0.519727 0.739644 0.349392 -0.246446 0
-0.319996 -0.369871 1.42307 0.665329 0.746217 -0.0223013 0.25023 -0.251051 -0.935071 -0.703365 0.616549 -0.353758 105.029 14.4911 46.5918 0.514908 0.753349 0.330673 -0.240813 1
-0.322362 -0.359367 1.42698 0.664338 0.746963 -0.0264616 0.234118 -0.241582 -0.941715 -0.709819 0.619422 -0.33537 104.388 13.5396 46.8956 0.521389 0.748547 0.327662 -0.245903 1
-0.321903 -0.35278 1.42707 0.683142 0.729616 -0.0312645 0.187806 -0.216892 -0.95796 -0.705724 0.64855 -0.285195 102.757 10.8248 45.9315 0.543382 0.739126 0.310307 -0.249277 1
-0.322691 -0.351653 1.42632 0.680364 0.732266 -0.0298547 0.163317 -0.191201 -0.967869 -0.714445 0.653628 -0.249678 101.175 9.39945 46.3997 0.556661 0.728224 0.307454 -0.255519 1
-0.322314 -0.351418 1.42576 0.722074 0.691815 0.000772423 0.148199 -0.15359 -0.976958 -0.675756 0.705551 -0.21343 98.9345 8.52257 43.1021 0.582034 0.722685 0.290588 -0.233498 0
-0.322341 -0.351447 1.42588 0.720692 0.692756 -0.026328 0.126313 -0.168559 -0.977565 -0.681651 0.701197 -0.208983 99.7831 7.25658 43.4053 0.579472 0.724264 0.282724 -0.244379 1
-0.321798 -0.353723 1.42576 0.729257 0.683858 -0.0228526 0.149581 -0.191925 -0.969943 -0.667689 0.70392 -0.242255 101.193 8.60267 42.4764 0.569007 0.735431 0.283317 -0.23474 1
-0.323255 -0.353403 1.4257 0.743207 0.668627 -0.0240893 0.150015 -0.20162 -0.967907 -0.652026 0.715742 -0.25015 101.767 8.62782 41.2609 0.568207 0.740773 0.27628 -0.228179 1
-0.321487 -0.353088 1.42424 0.752027 0.658876 -0.0183795 0.143522 -0.190901 -0.97106 -0.643317 0.727626 -0.238126 101.122 8.25168 40.5451 0.575109 0.73842 0.27166 -0.224024 1
-0.321843 -0.352136 1.42561 0.743339 0.66829 -0.0289042 0.125073 -0.181308 -0.97544 -0.657118 0.721468 -0.218358 100.53 7.185 41.477 0.579584 0.73195 0.270976 -0.234313 1
-0.322677 -0.353086 1.42639 0.733588 0.677981 -0.0468084 0.124253 -0.201522 -0.971571 -0.66814 0.706916 -0.232075 101.718 7.1376 42.3268 0.570086 0.736068 0.272473 -0.242827 1
-0.322886 -0.352994 1.42693 0.655254 0.753655 -0.0514387 0.143291 -0.190862 -0.971102 -0.741694 0.628948 -0.233055 101.119 8.2383 48.5408 0.554828 0.720966 0.311022 -0.275024 1
-0.322088 -0.352025 1.4263 0.629569 0.776121 -0.0357584 0.15003 -0.1666 -0.974544 -0.762321 0.608178 -0.221328 99.7011 8.62864 50.4481 0.557145 0.710193 0.326021 -0.280938 1
-0.322068 -0.352249 1.42672 0.623238 0.781415 -0.0310444 0.148173 -0.156971 -0.976424 -0.767866 0.603945 -0.213616 99.1328 8.52108 50.9355 0.55961 0.706014 0.329168 -0.282895 1
-0.323495 -0.353712 1.42529 0.668915 0.74314 -0.0172179 0.158294 -0.165039 -0.973501 -0.726289 0.648464 -0.228032 99.6219 9.10791 47.3548 0.564766 0.717981 0.313878 -0.258888 1
-0.324585 -0.354173 1.42591 0.597286 0.802026 -0.00209812 0.187984 -0.142538 -0.971774 -0.779687 0.580032 -0.235904 98.3445 10.8351 52.5458 0.552006 0.702803 0.352165 -0.278095 1
-0.324823 -0.353456 1.42533 0.77372 0.633413 0.0120868 0.165082 -0.183156 -0.969124 -0.611642 0.751826 -0.246276 100.702 9.50199 38.3271 0.579717 0.742151 0.26898 -0.201965 1
-0.324907 -0.352614 1.42543 0.784518 0.620088 0.00465346 0.155262 -0.189157 -0.969595 -0.600354 0.761387 -0.244673 101.039 8.93198 37.4251 0.581096 0.744706 0.260287 -0.199978 1
-0.324855 -0.353346 1.42404 0.798467 0.601953 0.01021 0.147447 -0.179083 -0.972722 -0.583704 0.778192 -0.231748 100.432 8.47899 36.168 0.58899 0.743185 0.25209 -0.192918 1
-0.32543 -0.352205 1.42386 0.804873 0.593374 0.00931621 0.135906 -0.169021 -0.976197 -0.577675 0.786981 -0.216684 99.823 7.81103 35.6678 0.595644 0.74003 0.246368 -0.192005 1
-0.324966 -0.351896 1.42432 0.856461 0.51621 0.00129963 0.11504 -0.188411 -0.975329 -0.50323 0.835481 -0.220751 100.934 6.60591 30.4372 0.601519 0.752599 0.20969 -0.166732 1
-0.323513 -0.352264 1.42464 0.837143 0.544856 -0.0482003 0.0883559 -0.221663 -0.971112 -0.5398 0.808701 -0.233705 102.858 5.06903 32.8144 0.587745 0.757052 0.209104 -0.194174 1
-0.326067 -0.352885 1.42506 0.790091 0.612623 0.021191 0.160838 -0.173823 -0.971554 -0.591513 0.771024 -0.235869 100.144 9.25551 36.8209 0.587452 0.741583 0.260746 -0.192265 1
-0.326805 -0.351854 1.42398 0.82594 0.563743 0.00413423 0.141419 -0.200083 -0.969519 -0.545732 0.80135 -0.244981 101.661 8.12996 33.4543 0.587553 0.753493 0.233964 -0.179696 0
-0.325803 -0.35297 1.42442 0.836448 0.547942 0.0106689 0.13893 -0.193169 -0.97128 -0.530144 0.813907 -0.237702 101.248 7.98596 32.3667 0.592785 0.752881 0.228081 -0.172496 1
-0.323711 -0.354418 1.42526 0.860663 0.509007 -0.0130854 0.127841 -0.240895 -0.962095 -0.492865 0.826366 -0.272401 104.057 7.34485 29.798 0.580381 0.770383 0.206666 -0.164188 1
-0.324305 -0.354726 1.42503 0.873542 0.486673 -0.00861723 0.129261 -0.24901 -0.959836 -0.469272 0.837343 -0.280429 104.544 7.42692 28.245 0.579677 0.775077 0.198669 -0.154143 1
-0.324338 -0.353642 1.42436 0.889198 0.456861 -0.0246029 0.104342 -0.254853 -0.961334 -0.445466 0.852249 -0.274284 104.848 5.98925 26.6097 0.583108 0.77755 0.180439 -0.151138 1
-0.324053 -0.35315 1.42288 0.900395 0.43285 -0.0439194 0.074083 -0.252007 -0.964886 -0.428719 0.865525 -0.258973 104.637 4.24853 25.4612 0.589367 0.77643 0.163226 -0.152183 1
-0.325093 -0.352345 1.42274 0.930295 0.365152 -0.0348759 0.0610804 -0.247958 -0.966843 -0.361692 0.897319 -0.252978 104.384 3.50183 21.2457 0.597779 0.77962 0.136679 -0.127167 1
-0.327016 -0.353268 1.42302 0.932491 0.360917 0.0141269 0.0962234 -0.210531 -0.97284 -0.348141 0.908524 -0.231047 102.211 5.52174 20.4729 0.610515 0.770401 0.148345 -0.10839 1
-0.325714 -0.352649 1.42345 0.937769 0.346991 0.0136781 0.08736 -0.197609 -0.976381 -0.336093 0.916814 -0.215624 101.441 5.01175 19.7175 0.61736 0.766649 0.14164 -0.105138 1
-0.325819 -0.353048 1.42358 0.939582 0.34191 0.0168569 0.0901865 -0.199732 -0.975691 -0.330231 0.918262 -0.2185 101.569 5.17433 19.3649 0.616715 0.767759 0.1407 -0.102042 1
-0.324805 -0.352681 1.4239 0.931468 0.362626 -0.0294935 0.0606747 -0.234759 -0.970158 -0.358728 0.901882 -0.240673 103.603 3.47854 21.0628 0.603332 0.775709 0.136424 -0.125118 1
-0.325925 -0.353107 1.42268 0.91314 0.407491 0.011229 0.10624 -0.211298 -0.971631 -0.393558 0.888428 -0.236236 102.269 6.09863 23.3158 0.605311 0.768224 0.167182 -0.12442 1
-0.326087 -0.353439 1.42403 0.920254 0.391303 0.00379388 0.0988994 -0.223186 -0.969746 -0.378618 0.892788 -0.244088 102.961 5.6758 22.3636 0.602698 0.772581 0.158625 -0.121289 1
-0.325758 -0.353448 1.42463 0.92152 0.387929 0.0176814 0.109862 -0.216763 -0.970023 -0.372467 0.895838 -0.24237 102.596 6.30735 22.008 0.604646 0.771468 0.161313 -0.114971 1
-0.326658 -0.353914 1.42425 0.948205 0.316549 0.0265268 0.103751 -0.229685 -0.967719 -0.300238 0.920349 -0.25063 103.352 5.95519 17.5698 0.605783 0.779185 0.134852 -0.0878196 1
-0.326143 -0.353397 1.42365 0.949829 0.312477 0.013498 0.0886061 -0.227444 -0.969752 -0.299955 0.922295 -0.24372 103.199 5.08342 17.5261 0.608002 0.777977 0.128887 -0.092052 1
-0.326918 -0.353328 1.42363 0.935592 0.352851 0.0127777 0.0997192 -0.229345 -0.968223 -0.338708 0.907137 -0.24976 103.326 5.723 19.9016 0.603425 0.776965 0.145621 -0.104873 1
-0.327711 -0.354245 1.42296 0.91666 0.398497 0.0305642 0.127395 -0.218846 -0.967407 -0.37882 0.890678 -0.251374 102.747 7.31906 22.4534 0.60134 0.772477 0.170197 -0.112708 1
-0.326582 -0.352934 1.4234 0.903713 0.423273 0.0643695 0.158806 -0.191773 -0.968506 -0.397598 0.885473 -0.240526 101.2 9.13757 23.7476 0.606509 0.764201 0.190421 -0.109012 1
-0.327265 -0.353504 1.42365 0.88619 0.46304 0.0161605 0.129895 -0.214817 -0.967978 -0.444741 0.859911 -0.250516 102.513 7.46355 26.6501 0.595999 0.766734 0.193332 -0.139742 1
-0.326257 -0.353367 1.42298 0.821163 0.570646 0.0073356 0.150149 -0.203629 -0.967466 -0.550587 0.795549 -0.252895 101.886 8.63559 33.8417 0.584089 0.7546 0.238801 -0.17998 1
-0.324652 -0.35324 1.42336 0.788955 0.61344 -0.0352385 0.129157 -0.221633 -0.966539 -0.600723 0.758004 -0.254089 102.915 7.42089 37.2863 0.572982 0.752442 0.246729 -0.211299 1
-0.32553 -0.35303 1.42244 0.742175 0.669946 -0.0186901 0.162158 -0.206559 -0.964903 -0.650294 0.713096 -0.26194 102.083 9.33216 41.2249 0.564286 0.743417 0.279824 -0.224969 1
-0.32447 -0.353734 1.42449 0.769751 0.637532 -0.0321812 0.148014 -0.227296 -0.962511 -0.620947 0.736131 -0.269325 103.287 8.51186 38.8926 0.564165 0.752724 0.260901 -0.216922 1
-0.323998 -0.354493 1.42367 0.733121 0.678545 -0.0459281 0.155786 -0.233284 -0.959849 -0.662015 0.696531 -0.276733 103.66 8.96238 42.0823 0.55297 0.748856 0.278535 -0.236342 1
-0.324074 -0.353186 1.42379 0.716725 0.694217 -0.0660949 0.130321 -0.226447 -0.965266 -0.685071 0.683216 -0.252771 103.203 7.48811 43.7064 0.556217 0.740936 0.278208 -0.253452 1
-0.32418 -0.353203 1.42369 0.72361 0.684669 -0.0872774 0.114524 -0.2438 -0.96304 -0.680642 0.68687 -0.254827 104.206 6.57615 43.2474 0.553395 0.745358 0.268056 -0.257567 1
-0.32258 -0.353494 1.4231 0.704616 0.704018 -0.0887418 0.133745 -0.254585 -0.957757 -0.696871 0.662982 -0.273543 104.886 7.68607 44.6834 0.54233 0.747118 0.280331 -0.262881 1
-0.325063 -0.354666 1.42403 0.578155 0.815371 -0.0301132 0.190343 -0.170671 -0.966768 -0.793414 0.55321 -0.253874 100.012 10.9728 53.9194 0.537031 0.707584 0.355334 -0.290965 1
-0.325586 -0.352981 1.42273 0.596517 0.802528 -0.0107933 0.178655 -0.14588 -0.973037 -0.782464 0.578505 -0.230396 98.5264 10.2914 52.6797 0.552322 0.702281 0.349285 -0.282386 1
-0.326035 -0.353466 1.42272 0.577876 0.816088 -0.00777335 0.187 -0.141675 -0.97209 -0.794412 0.560294 -0.234479 98.2921 10.7778 53.9669 0.548115 0.698933 0.358793 -0.286932 1
-0.327431 -0.353315 1.4225 0.595971 0.801755 0.0448041 0.220686 -0.109885 -0.969135 -0.772086 0.587464 -0.242424 96.4689 12.7493 52.3356 0.557598 0.697904 0.366254 -0.260524 1
-0.325521 -0.35369 1.42304 0.607105 0.794391 0.0191232 0.205123 -0.133422 -0.969599 -0.76769 0.592572 -0.243949 97.835 11.8367 51.6623 0.554467 0.704357 0.354761 -0.265691 1
-0.324497 -0.354435 1.42333 0.572185 0.819584 -0.029786 0.191893 -0.169102 -0.966738 -0.797359 0.547437 -0.25403 99.9218 11.0633 54.3368 0.535969 0.706279 0.35803 -0.292783 1
-0.32519 -0.351495 1.42371 0.543972 0.837446 -0.0527096 0.139246 -0.152037 -0.978517 -0.827469 0.524946 -0.199315 98.8317 8.0042 56.6794 0.546036 0.688354 0.35472 -0.319668 1
-0.326552 -0.351755 1.42335 0.550938 0.83252 -0.0581263 0.160728 -0.174196 -0.971505 -0.818922 0.525896 -0.22978 100.165 9.24917 56.0689 0.535481 0.699091 0.355192 -0.313639 1
-0.32535 -0.351992 1.42302 0.472448 0.881183 0.0176133 0.219987 -0.0985475 -0.970512 -0.853463 0.462391 -0.240407 95.798 12.7083 61.0326 0.532328 0.672942 0.409088 -0.310521 1
-0.325223 -0.352595 1.42357 0.446018 0.895016 0.00379991 0.224367 -0.107698 -0.968535 -0.866445 0.432837 -0.248848 96.3451 12.9657 62.762 0.521889 0.671298 0.416873 -0.32126 1
-0.322588 -0.356561 1.42206 0.405214 0.913563 0.0347117 0.214297 -0.0580046 -0.975045 -0.888751 0.40254 -0.219278 93.4045 12.3743 65.49 0.53102 0.648556 0.434759 -0.329208 1
-0.325477 -0.356708 1.42251 0.417623 0.908154 0.0291007 0.206204 -0.0635357 -0.976444 -0.884913 0.413787 -0.213799 93.7229 11.9 64.7356 0.533922 0.650953 0.427972 -0.328677 1
-0.326283 -0.353687 1.423 0.433573 0.901022 0.0131819 0.201979 -0.0829153 -0.975874 -0.878191 0.425775 -0.217937 94.8565 11.6527 63.7239 0.532147 0.658488 0.418763 -0.328407 1
-0.325699 -0.35306 1.42399 0.438138 0.898787 -0.0147507 0.226321 -0.126178 -0.965846 -0.86995 0.419836 -0.258697 97.4429 13.0806 63.2685 0.513143 0.675095 0.416648 -0.327621 1
-0.325625 -0.352572 1.42362 0.438391 0.89876 -0.00657343 0.224899 -0.116775 -0.967359 -0.870192 0.422603 -0.253323 96.8831 12.9969 63.2617 0.516791 0.6724 0.417779 -0.325983 1
-0.325711 -0.352741 1.424 0.383374 0.92356 0.0077936 0.242673 -0.0925856 -0.96568 -0.891142 0.372108 -0.259618 95.4766 14.0444 66.7224 0.507733 0.658707 0.442623 -0.335259 1
-0.325425 -0.353269 1.42343 0.39671 0.91794 0.0027157 0.248349 -0.104481 -0.96302 -0.883711 0.382714 -0.269418 96.192 14.3798 65.824 0.505671 0.665321 0.438243 -0.331041 1
-0.325309 -0.353486 1.42367 0.397271 0.917585 0.0146167 0.240798 -0.0888585 -0.966499 -0.885546 0.387482 -0.256254 95.2529 13.9336 65.8382 0.512874 0.659997 0.438783 -0.329899 1
-0.325768 -0.353661 1.42414 0.40376 0.914401 0.0291487 0.249815 -0.0795452 -0.965021 -0.880097 0.396918 -0.260548 94.7121 14.4666 65.3559 0.515671 0.660275 0.440807 -0.322195 1
-0.323242 -0.3463 1.42424 0.501281 0.865116 -0.0170893 0.203428 -0.137024 -0.969454 -0.841032 0.482493 -0.244676 98.045 11.7375 59.2037 0.529051 0.686109 0.389349 -0.312677 1
-0.323754 -0.346838 1.42414 0.532273 0.84589 -0.0339866 0.164588 -0.14278 -0.975974 -0.830419 0.513891 -0.215221 98.323 9.47331 57.3414 0.541819 0.687436 0.367481 -0.314359 1
-0.326834 -0.350633 1.42228 0.545808 0.837898 -0.00458313 0.181357 -0.123473 -0.975635 -0.818048 0.531679 -0.219351 97.2128 10.4488 56.2885 0.548403 0.687137 0.370834 -0.299297 1
-0.336601 -0.360739 1.41985 0.56595 0.823562 -0.0380292 0.163913 -0.157608 -0.973803 -0.807981 0.54489 -0.224191 99.1935 9.43411 54.9907 0.544094 0.697809 0.353777 -0.303095 1
-0.324925 -0.354042 1.42004 0.530961 0.847058 0.0239501 0.193676 -0.0937897 -0.976572 -0.824967 0.52316 -0.213853 95.4858 11.1674 57.2341 0.553019 0.677976 0.383765 -0.295371 0
-0.326338 -0.352148 1.42254 0.52152 0.852506 0.03536 0.184065 -0.0719418 -0.980278 -0.833149 0.517743 -0.194435 94.1974 10.6066 57.9549 0.560166 0.668561 0.387612 -0.298323 1
-0.326563 -0.352094 1.42353 0.532173 0.846587 -0.00905456 0.179242 -0.123113 -0.976072 -0.827444 0.517816 -0.217261 97.1888 10.3256 57.2528 0.545848 0.684205 0.374825 -0.305646 1
-0.326379 -0.352652 1.42365 0.531813 0.846856 -0.00320063 0.199744 -0.129107 -0.971305 -0.822969 0.515913 -0.237815 97.5715 11.522 57.1289 0.53965 0.688973 0.379768 -0.299783 1
-0.32655 -0.352293 1.42355 0.585716 0.810364 -0.0157214 0.185475 -0.152889 -0.970682 -0.789009 0.565628 -0.239852 98.951 10.6888 53.4119 0.546117 0.703288 0.353994 -0.28606 1
-0.32611 -0.35276 1.42306 0.606084 0.795213 -0.01728 0.195562 -0.170038 -0.965838 -0.770985 0.581999 -0.258571 99.9848 11.2776 51.8285 0.542557 0.713213 0.347293 -0.276308 1
-0.32684 -0.354698 1.42349 0.629094 0.776712 0.0309742 0.221806 -0.141175 -0.964817 -0.745012 0.613831 -0.261091 98.3246 12.8151 49.822 0.553811 0.712629 0.350294 -0.250494 1
-0.326432 -0.35359 1.42373 0.622065 0.782962 0.00218566 0.195914 -0.15295 -0.96862 -0.758058 0.602973 -0.248538 98.9732 11.2981 50.6276 0.552399 0.711258 0.344065 -0.265681 1
-0.326728 -0.352511 1.42283 0.608359 0.7932 -0.027056 0.183629 -0.173839 -0.967502 -0.772127 0.583621 -0.251411 100.186 10.5812 51.7654 0.543854 0.713023 0.342496 -0.280209 1
-0.324224 -0.352222 1.42474 0.592165 0.805212 -0.0311996 0.193245 -0.17949 -0.964593 -0.782302 0.565169 -0.261891 100.541 11.1422 52.876 0.536373 0.713012 0.350084 -0.285234 1
-0.323762 -0.352632 1.42424 0.591367 0.806063 -0.0233841 0.200654 -0.175172 -0.963874 -0.78104 0.565311 -0.265331 100.3 11.5752 52.8687 0.536392 0.712718 0.353126 -0.282167 1
-0.325245 -0.352907 1.42486 0.596817 0.802325 -0.00924035 0.193235 -0.154898 -0.968848 -0.778762 0.576439 -0.247483 99.0835 11.1417 52.5347 0.546451 0.706965 0.352054 -0.278657 1
-0.324781 -0.353534 1.42496 0.572 0.819859 -0.025454 0.19469 -0.165846 -0.966743 -0.796814 0.548021 -0.254482 99.7344 11.2266 54.327 0.53658 0.705749 0.359387 -0.291275 1
-0.325036 -0.353576 1.4238 0.560549 0.828077 -0.00854103 0.216371 -0.156407 -0.963701 -0.799355 0.538354 -0.266846 99.2186 12.496 54.9599 0.53322 0.704237 0.370773 -0.286798 1
-0.325015 -0.353787 1.42421 0.480468 0.875714 -0.0476961 0.202757 -0.163827 -0.965427 -0.853253 0.454186 -0.256271 99.631 11.6982 60.6161 0.514871 0.689305 0.391144 -0.32676 1
-0.324215 -0.353199 1.42472 0.427669 0.901758 -0.0627007 0.191779 -0.158301 -0.968587 -0.883357 0.402211 -0.240639 99.2821 11.0566 64.1665 0.507132 0.67576 0.404558 -0.349997 1
-0.324877 -0.352994 1.42493 0.46583 0.883696 -0.0456478 0.201638 -0.156238 -0.966919 -0.861594 0.441216 -0.250967 99.1787 11.6328 61.6016 0.514448 0.684294 0.396516 -0.331452 1
-0.324986 -0.352419 1.42431 0.408863 0.911625 -0.0420704 0.192132 -0.131055 -0.972579 -0.892141 0.389569 -0.228736 97.6744 11.0773 65.3783 0.512121 0.664954 0.414975 -0.351232 1
-0.325426 -0.35299 1.42389 0.512532 0.858617 -0.00938499 0.202518 -0.131495 -0.97041 -0.834444 0.495466 -0.241281 97.7169 11.6842 58.4409 0.533797 0.686533 0.386411 -0.307279 1
-0.325509 -0.352791 1.42286 0.525902 0.850292 -0.0207534 0.194538 -0.144003 -0.970267 -0.827999 0.506228 -0.241145 98.442 11.2177 57.5784 0.53403 0.691204 0.377903 -0.306984 1
-0.324618 -0.352734 1.423 0.539078 0.842183 -0.0110699 0.204305 -0.143503 -0.968332 -0.817101 0.519744 -0.249421 98.4296 11.7888 56.5854 0.535293 0.694982 0.376444 -0.297911 1
-0.325081 -0.35355 1.42406 0.567917 0.822581 -0.0288389 0.187194 -0.163201 -0.968671 -0.801517 0.544726 -0.246667 99.5633 10.7891 54.6804 0.538063 0.703169 0.359009 -0.295219 1
-0.325801 -0.352351 1.42395 0.590744 0.805083 -0.0535081 0.164952 -0.18542 -0.968716 -0.789818 0.563437 -0.242335 100.836 9.49442 53.2054 0.53921 0.710369 0.341384 -0.296791 1
-0.326091 -0.351826 1.42346 0.609268 0.790175 -0.0664571 0.138171 -0.188315 -0.972341 -0.780834 0.583234 -0.223913 100.961 7.942 52.0358 0.547047 0.710897 0.32647 -0.297966 1
-0.325062 -0.352391 1.4241 0.624211 0.777975 -0.0715291 0.154189 -0.212433 -0.964934 -0.765889 0.591294 -0.252558 102.416 8.86975 50.8195 0.538336 0.722703 0.322457 -0.289683 1
-0.325368 -0.352479 1.42436 0.588962 0.807705 -0.0271448 0.163847 -0.15223 -0.974669 -0.791377 0.569596 -0.221998 98.8771 9.43028 53.3425 0.551075 0.70057 0.346701 -0.292092 1
-0.325864 -0.352477 1.42377 0.588795 0.808269 0.00468693 0.182378 -0.127202 -0.974966 -0.787438 0.57491 -0.222306 97.4333 10.5083 53.2132 0.556616 0.696115 0.355777 -0.281114 1
-0.325845 -0.3525 1.42178 0.594896 0.80369 0.0134664 0.20025 -0.131959 -0.970818 -0.778459 0.580232 -0.239441 97.7406 11.5516 52.613 0.553059 0.701123 0.357975 -0.272774 1
-0.326175 -0.352792 1.42254 0.640821 0.76769 0.000700161 0.193841 -0.160924 -0.967744 -0.742815 0.620287 -0.251934 99.4412 11.177 49.2159 0.554067 0.716533 0.33548 -0.258925 1
-0.325696 -0.352182 1.4227 0.664821 0.746248 -0.0335687 0.157936 -0.18434 -0.97009 -0.730116 0.639635 -0.240412 100.759 9.08709 47.68 0.556792 0.722768 0.31275 -0.264153 1
-0.326084 -0.352679 1.42322 0.674721 0.737416 -0.0311344 0.167675 -0.194226 -0.96652 -0.718775 0.646911 -0.254695 101.363 9.65266 46.8108 0.553579 0.728636 0.310543 -0.257299 1
-0.325914 -0.352848 1.42321 0.691112 0.722726 -0.00564934 0.175173 -0.175084 -0.968845 -0.701198 0.668591 -0.247604 100.244 10.0887 45.415 0.563122 0.726946 0.308791 -0.243088 1
-0.326516 -0.352462 1.4219 0.69535 0.718659 0.00420545 0.175584 -0.164209 -0.970673 -0.696892 0.675696 -0.240368 99.6018 10.1126 45.0634 0.568061 0.724556 0.308548 -0.239004 1
-0.326464 -0.352261 1.42297 0.702896 0.711262 -0.00653259 0.17988 -0.186635 -0.965821 -0.688171 0.677697 -0.259127 100.937 10.3628 44.3935 0.56061 0.732915 0.303972 -0.236966 1
-0.326838 -0.352857 1.42297 0.741598 0.670643 -0.016423 0.158015 -0.198421 -0.967295 -0.651969 0.714749 -0.253121 101.592 9.09172 41.32 0.567903 0.740463 0.279777 -0.225667 1
-0.326115 -0.352923 1.42238 0.715212 0.698305 0.0290185 0.171431 -0.135028 -0.975899 -0.677557 0.702949 -0.216285 97.8776 9.87105 43.4513 0.58393 0.718771 0.302508 -0.225572 1
-0.325733 -0.353136 1.4224 0.719651 0.693971 0.0225042 0.179599 -0.154742 -0.971493 -0.670706 0.703178 -0.235997 99.0502 10.3464 42.9838 0.576392 0.726359 0.300668 -0.2231 1
-0.325337 -0.344675 1.42405 0.724934 0.687569 0.0414712 0.175826 -0.126497 -0.97626 -0.666 0.715016 -0.212594 97.3829 10.1267 42.5738 0.588609 0.718336 0.300484 -0.217353 1
-0.326147 -0.333825 1.42634 0.683033 0.730367 -0.005472 0.127925 -0.127004 -0.983618 -0.719097 0.671144 -0.18018 97.3573 7.34972 46.4734 0.586483 0.705375 0.304197 -0.256803 1
-0.324794 -0.316919 1.43065 0.59109 0.803633 -0.069186 0.105169 -0.161827 -0.981199 -0.79972 0.5727 -0.180172 99.3654 6.03692 53.5311 0.558814 0.695178 0.326824 -0.312476 1
-0.319655 -0.298167 1.43367 0.572883 0.817416 -0.0602973 0.130607 -0.163666 -0.977832 -0.809164 0.552308 -0.200521 99.5019 7.50465 54.7018 0.549704 0.695893 0.340578 -0.312355 1
-0.310668 -0.278079 1.43721 0.558166 0.827221 -0.064475 0.170686 -0.190519 -0.966731 -0.811983 0.528591 -0.247536 101.149 9.82771 55.495 0.529176 0.706438 0.353147 -0.310168 1
-0.294464 -0.268844 1.4416 0.536807 0.842793 -0.039226 0.200274 -0.17245 -0.964444 -0.81959 0.509864 -0.261362 100.138 11.553 56.7764 0.525118 0.701894 0.371519 -0.305893 1
-0.278294 -0.260812 1.44244 0.495714 0.866747 -0.0549252 0.21064 -0.181343 -0.960596 -0.842554 0.464612 -0.272466 100.691 12.1599 59.5297 0.510369 0.698127 0.385814 -0.321389 1
-0.266618 -0.252836 1.44392 0.464616 0.883579 -0.05848 0.220191 -0.179245 -0.958847 -0.857699 0.432619 -0.277836 100.589 12.7202 61.5556 0.50188 0.693126 0.398113 -0.330452 1
-0.264255 -0.242546 1.44555 0.447471 0.892821 -0.0513874 0.225379 -0.168191 -0.959644 -0.865433 0.417831 -0.276484 99.9409 13.0252 62.6588 0.500699 0.687776 0.406455 -0.333255 1
-0.264969 -0.240967 1.44757 0.4501 0.891246 -0.055589 0.209033 -0.165679 -0.963772 -0.868168 0.422173 -0.260872 99.7542 12.0657 62.5956 0.505853 0.684954 0.401588 -0.33716 1
-0.266386 -0.241958 1.44734 0.46698 0.881912 -0.064502 0.201166 -0.176984 -0.963436 -0.861082 0.43693 -0.260058 100.409 11.6051 61.5282 0.507429 0.689932 0.392458 -0.33539 1
-0.266058 -0.242307 1.44708 0.457696 0.8864 -0.0693521 0.205078 -0.181147 -0.961836 -0.865134 0.426006 -0.264692 100.666 11.8341 62.1191 0.502955 0.689843 0.395553 -0.338659 1
-0.265512 -0.242138 1.44756 0.429562 0.900289 -0.070398 0.210578 -0.175672 -0.961663 -0.878142 0.39827 -0.265043 100.352 12.1562 63.9334 0.497204 0.68379 0.406143 -0.346795 1
-0.265384 -0.241838 1.44778 0.407546 0.910748 -0.066661 0.209134 -0.164144 -0.964012 -0.888915 0.378938 -0.257365 99.6632 12.0716 65.3697 0.496497 0.676213 0.414027 -0.353282 1
-0.267769 -0.241728 1.44678 0.459754 0.887111 -0.0407492 0.200427 -0.148357 -0.968411 -0.865133 0.437064 -0.246009 98.7098 11.5619 62.0127 0.516088 0.68083 0.399342 -0.332639 1
-0.266299 -0.242883 1.44686 0.479541 0.875685 -0.0567058 0.219835 -0.182443 -0.958325 -0.849537 0.447091 -0.279995 100.779 12.6993 60.5564 0.504258 0.696775 0.393068 -0.325156 1
-0.264801 -0.243159 1.44692 0.419875 0.90636 -0.0470736 0.233931 -0.158193 -0.959297 -0.876916 0.391773 -0.278447 99.3641 13.5286 64.4145 0.495791 0.68127 0.418443 -0.339069 1
-0.265882 -0.244455 1.44658 0.416216 0.907965 -0.0486147 0.228808 -0.156332 -0.960837 -0.880007 0.388792 -0.272818 99.2413 13.2269 64.6873 0.496756 0.679221 0.418411 -0.341796 1
-0.266483 -0.247422 1.4456 0.396789 0.916611 -0.0488139 0.235054 -0.15287 -0.959886 -0.887304 0.369398 -0.27611 99.0489 13.5948 65.9065 0.491886 0.675605 0.42616 -0.3464 1
-0.267732 -0.267081 1.43941 0.377851 0.925637 -0.0205958 0.25858 -0.126862 -0.957623 -0.889025 0.356513 -0.287286 97.5463 14.9858 66.9737 0.490842 0.669328 0.442316 -0.339751 1
-0.268229 -0.267036 1.43924 0.339458 0.940605 0.00549127 0.254828 -0.0863428 -0.963124 -0.905445 0.328339 -0.269002 95.1228 14.7634 69.4486 0.496012 0.650923 0.45913 -0.345645 1
-0.268423 -0.268563 1.43912 0.292683 0.955952 0.0221962 0.246242 -0.0529214 -0.967762 -0.92396 0.288713 -0.250885 93.1301 14.2553 72.4233 0.497211 0.631761 0.475731 -0.356845 1
-0.268202 -0.269072 1.43853 0.256021 0.966639 0.00788198 0.262053 -0.0615535 -0.963088 -0.930474 0.248636 -0.26907 93.6569 15.1919 74.6157 0.480988 0.62981 0.487723 -0.366218 1
-0.263649 -0.272475 1.44092 0.253916 0.967182 0.00925773 0.208947 -0.0455046 -0.976868 -0.944388 0.249976 -0.213644 92.667 12.0606 74.9509 0.49869 0.615033 0.478075 -0.380114 1
-0.263138 -0.261194 1.44262 0.272866 0.961762 0.023613 0.204074 -0.033878 -0.978369 -0.940158 0.271783 -0.205515 91.9832 11.7753 73.8155 0.508299 0.61487 0.474018 -0.372658 1
-0.267722 -0.249192 1.444 0.250669 0.96746 0.0344466 0.200756 -0.017141 -0.979491 -0.947028 0.252444 -0.19852 91.0026 11.5812 75.1743 0.508677 0.605461 0.482367 -0.376813 1
-0.272342 -0.240918 1.4479 0.207206 0.977238 0.0455158 0.228601 -0.00312834 -0.973515 -0.951214