-0.335812 -0.394194 1.45648 0.833337 0.551639 0.0352581 0.199301 -0.240356 -0.950004 -0.515585 0.798701 -0.310241 104.198 11.4961 31.745 0.566291 0.772 0.24318 -0.155546 0
-0.335291 -0.401667 1.45392 0.811745 0.580554 0.0634585 0.225786 -0.211761 -0.950883 -0.538601 0.786202 -0.302977 102.555 13.0491 33.5647 0.569431 0.762641 0.264325 -0.155756 0
-0.336485 -0.406672 1.45749 0.786463 0.61688 0.030572 0.193927 -0.199638 -0.960488 -0.586403 0.761317 -0.276637 101.742 11.1821 36.7089 0.572317 0.75212 0.269507 -0.184755 0
-0.336337 -0.40303 1.45694 0.768312 0.639092 0.0354733 0.177823 -0.159882 -0.970988 -0.614878 0.75233 -0.236484 99.3504 10.243 38.6702 0.585651 0.735642 0.277619 -0.196905 0
-0.33646 -0.404914 1.45847 0.762594 0.646209 0.0293911 0.164875 -0.150233 -0.974806 -0.625513 0.748227 -0.221111 98.7613 9.48997 39.3601 0.589756 0.7304 0.277616 -0.20404 0
-0.338301 -0.403019 1.46651 0.777695 0.626926 0.0464226 0.113434 -0.067313 -0.991263 -0.618323 0.776166 -0.123464 93.8848 6.51332 38.4872 0.629865 0.701511 0.263845 -0.20381 0
-0.339436 -0.402814 1.47235 0.7992 0.599469 0.0437729 0.0655129 -0.0144856 -0.997747 -0.597484 0.800267 -0.0508498 90.8318 3.7563 36.7819 0.658381 0.68274 0.243498 -0.202753 0
-0.341699 -0.404872 1.48232 0.809272 0.587238 0.0151709 0.0134821 0.00725174 -0.999883 -0.587279 0.809382 -0.00204854 89.5845 0.772489 35.9679 0.673512 0.671578 0.223622 -0.212972 0
-0.343413 -0.405042 1.49083 0.829559 0.558194 -0.0158483 -0.0389219 0.0294855 -0.998807 -0.557061 0.829186 0.0461859 88.3091 -2.23062 33.8819 0.69015 0.662172 0.196049 -0.216299 0
-0.344839 -0.405393 1.50078 0.798562 0.592655 -0.105161 -0.200113 0.0966348 -0.974996 -0.567674 0.799638 0.195767 84.3397 -11.5436 35.4079 0.723008 0.613628 0.159927 -0.274122 0
-0.345642 -0.392364 1.50716 0.854763 0.492867 -0.162674 -0.27067 0.155871 -0.949969 -0.442852 0.85603 0.266637 80.6819 -15.7042 27.3886 0.754532 0.598384 0.0928319 -0.252984 0
-0.345761 -0.391165 1.50793 0.859983 0.481321 -0.169585 -0.29954 0.207049 -0.931346 -0.413164 0.85174 0.322234 77.4663 -17.43 25.6612 0.772863 0.57678 0.0787912 -0.252587 0
-0.345762 -0.385687 1.51322 0.835924 0.513261 -0.194408 -0.398024 0.323022 -0.858623 -0.377899 0.795123 0.474312 69.3832 -23.4547 24.3265 0.811366 0.509556 0.0565376 -0.280787 0
-0.338281 -0.382608 1.51255 0.785297 0.56219 -0.259329 -0.499883 0.328626 -0.801325 -0.365274 0.758912 0.539099 67.7013 -29.9923 24.9451 0.814405 0.47895 0.0325222 -0.326027 0
-0.333317 -0.377379 1.51702 0.760674 0.590914 -0.268692 -0.556213 0.379928 -0.739108 -0.334666 0.711671 0.617676 62.7952 -33.7943 23.7476 0.830403 0.436769 0.0198622 -0.345353 0
-0.317654 -0.370264 1.52371 0.736312 0.618322 -0.274813 -0.606783 0.423654 -0.672557 -0.299431 0.661963 0.687128 57.7925 -37.3572 22.1297 0.843667 0.395452 0.00729491 -0.36303 0
-0.31108 -0.364277 1.52967 0.703602 0.655891 -0.273408 -0.663757 0.469253 -0.582433 -0.253715 0.591277 0.76552 51.1424 -41.587 19.829 0.857084 0.342355 -0.00574417 -0.384924 0
-0.301655 -0.344676 1.53853 0.640457 0.73142 -0.234178 -0.700217 0.430882 -0.569242 -0.315452 0.528551 0.788114 52.8765 -44.4444 26.2222 0.845496 0.3246 0.0240315 -0.423313 0
-0.299696 -0.339474 1.53941 0.63843 0.745269 -0.192305 -0.704642 0.465426 -0.535591 -0.309655 0.477443 0.82229 49.0095 -44.8007 25.8746 0.855299 0.296105 0.0343009 -0.423802 0
-0.299625 -0.340182 1.53698 0.611893 0.769843 -0.181462 -0.734922 0.468586 -0.490221 -0.292362 0.433324 0.852499 46.2927 -47.3007 25.5385 0.856297 0.269633 0.0323778 -0.439323 0
-0.301083 -0.34042 1.54057 0.500432 0.819826 -0.278305 -0.843524 0.389281 -0.370037 -0.195027 0.419936 0.886351 43.5482 -57.5141 21.2917 0.833076 0.237065 -0.0249912 -0.499159 0
-0.301246 -0.337106 1.53844 0.467144 0.834707 -0.291617 -0.870931 0.377513 -0.314583 -0.152496 0.400934 0.903325 39.8046 -60.567 18.0789 0.828852 0.215816 -0.0419619 -0.514458 0
-0.303624 -0.329629 1.53945 0.403937 0.858595 -0.315673 -0.914756 0.376268 -0.147121 -0.00753958 0.348191 0.937393 21.3555 -66.1711 1.06932 0.824257 0.15023 -0.0934579 -0.537864 0
-0.303801 -0.335222 1.53763 0.439002 0.799201 -0.410554 -0.898254 0.38001 -0.220753 -0.0204117 0.465693 0.884711 30.1529 -63.9295 2.66209 0.82215 0.208735 -0.118635 -0.516164 0
-0.304223 -0.33466 1.53875 0.41666 0.806917 -0.418663 -0.908673 0.356204 -0.217791 -0.0266096 0.471172 0.88164 31.4425 -65.3226 3.65417 0.814632 0.211434 -0.120316 -0.526492 0
-0.303727 -0.333505 1.53926 0.350143 0.831366 -0.431544 -0.935949 0.292124 -0.196629 -0.0374063 0.472751 0.880402 33.9445 -69.382 6.09787 0.794146 0.210723 -0.124076 -0.556357 0
-0.303103 -0.332925 1.53897 0.295265 0.861049 -0.41402 -0.954152 0.24347 -0.174118 -0.0491226 0.446449 0.89346 35.5705 -72.583 9.44566 0.779775 0.198957 -0.116988 -0.581963 0
-0.302838 -0.332827 1.53892 0.251086 0.88537 -0.39125 -0.966018 0.203575 -0.15927 -0.0613641 0.417945 0.906398 38.0384 -75.0204 13.7336 0.768287 0.187825 -0.107345 -0.60244 0
-0.299392 -0.332075 1.53788 0.264411 0.914018 -0.307664 -0.961041 0.223078 -0.163204 -0.080538 0.338831 0.937394 36.1892 -73.9543 16.9404 0.778602 0.161198 -0.0729277 -0.60206 0
-0.300461 -0.332264 1.53824 0.3166 0.890474 -0.326834 -0.948262 0.288501 -0.132537 -0.0237285 0.351885 0.935742 24.6739 -71.4889 4.28619 0.797001 0.151951 -0.0950768 -0.576767 0
-0.29867 -0.330663 1.53805 0.392981 0.8692 -0.300097 -0.919289 0.379085 -0.10584 0.0217657 0.317469 0.948019 15.5997 -66.8224 -3.17016 0.824634 0.128332 -0.0975774 -0.542207 0
-0.298417 -0.330686 1.5378 0.454986 0.856002 -0.245455 -0.890349 0.442338 -0.107776 0.0163177 0.267577 0.963398 13.6933 -62.9171 -2.05399 0.845684 0.110961 -0.0773849 -0.516254 0
-0.297663 -0.330653 1.53879 0.477613 0.849989 -0.222272 -0.878473 0.465797 -0.106393 0.0131005 0.246075 0.969162 12.8663 -61.4587 -1.57117 0.853313 0.103265 -0.0689585 -0.506397 0
-0.298234 -0.329737 1.53799 0.445478 0.858153 -0.255194 -0.894055 0.441394 -0.0764044 0.0470743 0.262193 0.963866 9.82047 -63.3873 -6.03214 0.844206 0.100271 -0.0895124 -0.518892 0
-0.295882 -0.329182 1.53875 0.608175 0.788364 -0.0927645 -0.793256 0.60793 -0.0341553 0.0294675 0.0943584 0.995102 3.21567 -52.4908 -2.77394 0.895992 0.0358579 -0.0341052 -0.441304 0
-0.296628 -0.329893 1.53794 0.668961 0.739275 -0.0772286 -0.742549 0.669332 -0.0248119 0.0333488 0.0739442 0.996705 2.12296 -47.949 -2.85392 0.913099 0.0270387 -0.0302753 -0.405713 0
-0.295476 -0.330078 1.53808 0.693678 0.719422 -0.0352649 -0.720274 0.692559 -0.0395833 -0.004054 0.0528585 0.998594 3.27118 -46.0771 0.334845 0.919895 0.0251229 -0.0084822 -0.391266 0
-0.295613 -0.330628 1.53931 0.704807 0.706931 -0.059128 -0.709113 0.70444 -0.0303819 0.0201743 0.0633418 0.997788 2.46959 -45.1628 -1.63958 0.922908 0.0253882 -0.0214816 -0.383582 0
-0.297136 -0.330507 1.5381 0.721556 0.688961 -0.0684818 -0.691737 0.721558 -0.0292213 0.0292813 0.0684562 0.997224 2.31907 -43.7678 -2.32383 0.927407 0.0263308 -0.0263539 -0.372193 0
-0.298362 -0.329331 1.53728 0.749071 0.655043 -0.099052 -0.659874 0.751 -0.0237749 0.0588145 0.0831709 0.994798 1.81324 -41.2903 -4.48946 0.934728 0.0286034 -0.0422225 -0.351684 0
-0.297488 -0.331513 1.53652 0.716096 0.68657 -0.125811 -0.697159 0.712373 -0.08059 0.0342937 0.14542 0.988775 6.45437 -44.1995 -2.74179 0.92429 0.0611309 -0.0433048 -0.374268 0
-0.295376 -0.330727 1.53773 0.702486 0.699057 -0.133536 -0.711531 0.693906 -0.110539 0.0153883 0.172667 0.98486 9.05112 -45.3596 -1.25489 0.919409 0.0770074 -0.0404945 -0.383558 0
-0.297308 -0.330308 1.53782 0.690863 0.712243 -0.124173 -0.722749 0.684771 -0.0933927 0.018512 0.154268 0.987856 7.76638 -46.2819 -1.5349 0.916991 0.0675198 -0.0389004 -0.391223 0
-0.29642 -0.330174 1.53793 0.689051 0.714399 -0.12183 -0.723242 0.688571 -0.05283 0.046147 0.124515 0.991144 4.38737 -46.3228 -3.83148 0.91771 0.0483119 -0.0457599 -0.391638 0
-0.296366 -0.329965 1.53769 0.708136 0.695527 -0.121591 -0.704377 0.707816 -0.053373 0.048942 0.123442 0.991144 4.31224 -44.7793 -3.95364 0.922916 0.0478956 -0.0461942 -0.379207 0
-0.296986 -0.330069 1.53691 0.706881 0.700031 -0.101368 -0.704987 0.708926 -0.0204434 0.0575515 0.0859142 0.994639 1.65179 -44.8285 -4.65453 0.92337 0.0287961 -0.0430271 -0.380405 0
-0.29681