-0.336871 -0.387482 1.45644 0.821944 0.569568 9.07322e-05 0.172852 -0.249291 -0.952878 -0.542706 0.783228 -0.303354 104.661 9.95367 33.4356 0.563316 0.770485 0.240894 -0.176063 0
-0.335921 -0.387423 1.45744 0.817634 0.575025 0.0286401 0.181765 -0.210613 -0.960523 -0.546293 0.790562 -0.276724 102.367 10.4726 33.7484 0.576693 0.759107 0.249237 -0.170481 0
-0.336255 -0.386515 1.4589 0.803236 0.594557 0.0362497 0.181297 -0.186053 -0.965668 -0.5674 0.782232 -0.257236 100.905 10.4453 35.2371 0.583084 0.749421 0.258818 -0.177187 0
-0.344514 -0.384718 1.45431 0.749477 0.661568 0.0247234 0.187849 -0.176704 -0.966172 -0.63482 0.728768 -0.256711 100.364 10.8273 40.2652 0.573599 0.738731 0.287459 -0.206468 0
-0.354442 -0.384543 1.45103 0.720521 0.692909 0.02695 0.198257 -0.168604 -0.96554 -0.664487 0.701035 -0.258857 99.9052 11.4351 42.6832 0.568564 0.7328 0.304028 -0.217501 0
-0.365902 -0.385071 1.45685 0.692949 0.720189 0.0339068 0.188387 -0.135466 -0.972707 -0.69594 0.680424 -0.229546 97.9284 10.8587 45.1234 0.576181 0.71728 0.316674 -0.230744 0
-0.369134 -0.386777 1.46406 0.674892 0.737191 0.032729 0.188034 -0.128916 -0.973665 -0.713558 0.663273 -0.225621 97.5422 10.8381 46.5952 0.574533 0.71229 0.324736 -0.238958 0
-0.369568 -0.388714 1.47007 0.66202 0.748882 0.0300949 0.191481 -0.130177 -0.972825 -0.724613 0.649792 -0.229576 97.6217 11.0392 47.5846 0.570585 0.710945 0.330673 -0.244224 0
-0.371883 -0.391546 1.47955 0.649759 0.759344 0.0347876 0.199709 -0.126373 -0.971672 -0.733437 0.6383 -0.23376 97.4102 11.52 48.462 0.567808 0.708853 0.338241 -0.246401 0
-0.369426 -0.395726 1.4947 0.674921 0.736653 0.0427169 0.204315 -0.130939 -0.970108 -0.70904 0.663474 -0.238882 97.6869 11.7894 46.4122 0.571205 0.714972 0.329022 -0.232989 0
-0.368129 -0.400455 1.50875 0.672478 0.737695 0.0598374 0.235378 -0.136515 -0.962269 -0.701692 0.661189 -0.26544 98.0746 13.6139 46.2179 0.563587 0.720145 0.337804 -0.222821 0
-0.370577 -0.403435 1.51898 0.67639 0.734241 0.0581988 0.246287 -0.150998 -0.957362 -0.694146 0.661884 -0.282968 98.963 14.2579 45.7423 0.55732 0.726353 0.337483 -0.218884 0
-0.373094 -0.405711 1.52758 0.685039 0.726835 0.0493168 0.238277 -0.159574 -0.957998 -0.688437 0.668017 -0.282503 99.4569 13.7849 45.1417 0.557441 0.729232 0.330866 -0.219107 0
-0.375579 -0.408259 1.53785 0.680975 0.731495 0.0344626 0.223867 -0.163136 -0.960869 -0.69725 0.662043 -0.274849 99.6358 12.9362 45.6765 0.557447 0.727832 0.328153 -0.227658 0
-0.380572 -0.421592 1.57462 0.690836 0.722505 0.0270633 0.247278 -0.200934 -0.947881 -0.679411 0.661523 -0.317473 101.969 14.3165 44.5223 0.541394 0.743176 0.326229 -0.219446 0
-0.384121 -0.426743 1.58803 0.712086 0.701661 0.0246028 0.198545 -0.167636 -0.965649 -0.673434 0.69251 -0.258682 99.8483 11.4519 43.402 0.566959 0.731164 0.307799 -0.221849 0
-0.385658 -0.42872 1.59823 0.707734 0.706297 0.0160342 0.181901 -0.160246 -0.970172 -0.68266 0.68954 -0.241888 99.379 10.4805 43.9669 0.571314 0.726269 0.30574 -0.229469 0
-0.387153 -0.431442 1.60672 0.755733 0.654317 0.0271247 0.175263 -0.162172 -0.971073 -0.630991 0.738626 -0.237236 99.481 10.0939 39.8598 0.582307 0.73402 0.282547 -0.205671 0
-0.389378 -0.433732 1.61553 0.792698 0.608686 0.0336309 0.170358 -0.168214 -0.970918 -0.585327 0.775374 -0.237037 99.829 9.80861 36.4421 0.58895 0.741274 0.262738 -0.186064 0
-0.391873 -0.436653 1.6258 0.809881 0.585446 0.0366928 0.168848 -0.172759 -0.970384 -0.561768 0.792091 -0.238766 100.095 9.72087 34.7468 0.591261 0.745219 0.253044 -0.176148 0
-0.394343 -0.439642 1.63691 0.821788 0.568666 0.0358242 0.161493 -0.172159 -0.971741 -0.546429 0.80435 -0.233314 100.047 9.29358 33.621 0.595045 0.746201 0.244626 -0.171068 0
-0.397018 -0.442163 1.64667 0.842499 0.537079 0.0417297 0.160661 -0.176572 -0.971087 -0.514182 0.824844 -0.235049 100.305 9.24525 31.396 0.598096 0.750686 0.232367 -0.15734 0
-0.407567 -0.450762 1.67261 0.768379 0.63741 0.0574606 0.213184 -0.170261 -0.962062 -0.603445 0.751478 -0.266711 100.036 12.309 38.1442 0.576933 0.742521 0.286387 -0.183828 0
-0.415629 -0.455041 1.68777 0.763383 0.643178 0.0597356 0.212169 -0.162322 -0.963658 -0.610107 0.748314 -0.260376 99.5613 12.2495 38.6324 0.57894 0.73927 0.289254 -0.18612 0
-0.430347 -0.459604 1.6979 0.752513 0.656953 0.046227 0.221682 -0.186581 -0.957102 -0.620146 0.730479 -0.286039 101.031 12.8079 39.492 0.565662 0.745844 0.29451 -0.192372 0
-0.445206 -0.462719 1.70141 0.740977 0.668279 0.0659957 0.228922 -0.158984 -0.960374 -0.631306 0.726724 -0.270787 99.3997 13.2336 40.4307 0.57254 0.736673 0.304477 -0.191846 0
-0.458432 -0.462791 1.6997 0.747973 0.65662 0.096885 0.238656 -0.129858 -0.962383 -0.619338 0.742958 -0.253837 97.6847 13.8072 39.6255 0.584012 0.730012 0.306596 -0.17892 0
-0.475405 -0.460033 1.69086 0.725374 0.684304 0.0745732 0.200475 -0.106374 -0.973907 -0.658516 0.721396 -0.214347 96.2334 11.5648 42.2341 0.59259 0.715209 0.309273 -0.204116 0
-0.487169 -0.45952 1.6808 0.707082 0.703216 0.074313 0.188296 -0.0859436 -0.978345 -0.681601 0.705762 -0.193182 95.0203 10.8534 43.9488 0.597486 0.704664 0.31629 -0.215453 0
-0.488876 -0.456527 1.66673 0.696176 0.70869 0.114444 0.182539 -0.0205773 -0.982983 -0.694275 0.70522 -0.143689 91.1992 10.5177 44.9217 0.618852 0.68199 0.326701 -0.212551 0
-0.487415 -0.453104 1.6583 0.67406 0.729872 0.11371 0.16598 0.000345633 -0.986129 -0.719788 0.683583 -0.120911 89.9799 9.55418 46.879 0.623196 0.669818 0.334364 -0.22621 0
-0.48654 -0.45067 1.65297 0.647446 0.75951 0.0629167 0.121128 -0.0210459 -0.992414 -0.752424 0.650155 -0.105624 91.2149 6.95722 49.2887 0.616599 0.66598 0.33058 -0.258832 0
-0.487108 -0.450701 1.6519 0.638438 0.768908 0.0343166 0.106862 -0.0443986 -0.993282 -0.762219 0.637816 -0.110513 92.5594 6.13444 50.0503 0.609001 0.66958 0.326985 -0.271776 0
-0.48741 -0.450289 1.65344 0.636556 0.770193 0.0399752 0.11771 -0.0457989 -0.991991 -0.762194 0.636164 -0.119813 92.6434 6.75997 50.1326 0.606412 0.671224 0.330703 -0.268993 0
-0.487483 -0.451901 1.65335 0.613483 0.78853 0.043113 0.156168 -0.0676224 -0.985413 -0.774112 0.611267 -0.164628 93.9257 8.98454 51.6032 0.587629 0.679289 0.347679 -0.269031 0
-0.487758 -0.45206 1.65552 0.615416 0.78707 0.0422396 0.164267 -0.0756594 -0.98351 -0.770895 0.612207 -0.175851 94.399 9.45463 51.3992 0.583932 0.683178 0.348129 -0.266642 0
-0.487907 -0.452376 1.65708 0.607743 0.792855 0.0450582 0.17221 -0.0761893 -0.982109 -0.775237 0.60463 -0.182841 94.436 9.91631 51.9055 0.580671 0.683149 0.353167 -0.26721 0
-0.487722 -0.452579 1.65441 0.625305 0.778268 0.0573798 0.180501 -0.0727065 -0.980884 -0.759219 0.623709 -0.185942 94.2392 10.3989 50.5246 0.584521 0.686286 0.34926 -0.255666 0
-0.488234 -0.452292 1.65608 0.619866 0.782909 0.0531036 0.180795 -0.0766362 -0.98053 -0.763597 0.617398 -0.189051 94.469 10.4161 50.9313 0.581846 0.686577 0.350909 -0.258708 0
-0.488424 -0.45292 1.65637 0.673573 0.737537 0.0483663 0.180237 -0.100439 -0.978482 -0.716808 0.667796 -0.200585 95.8608 10.3836 46.7811 0.585779 0.702602 0.326563 -0.237845 0
-0.488014 -0.45253 1.65583 0.702034 0.710227 0.0522055 0.173016 -0.0989896 -0.979932 -0.690806 0.696978 -0.192375 95.7683 9.96321 44.5381 0.593858 0.705939 0.31279 -0.226153 0
-0.488253 -0.452724 1.65558 0.679806 0.731563 0.0517534 0.184904 -0.102679 -0.977378 -0.7097 0.673997 -0.205071 95.9972 10.6555 46.2325 0.585674 0.704904 0.325033 -0.233346 0
-0.487849 -0.452452 1.65441 0.685174 0.726159 0.0568238 0.200532 -0.113063 -0.973141 -0.700231 0.678166 -0.223086 96.6271 11.5681 45.6227 0.580738 0.710866 0.325902 -0.226276 0
-0.487717 -0.452724 1.65375 0.684779 0.72643 0.05812 0.204771 -0.115262 -0.972 -0.699391 0.677506 -0.22768 96.7627 11.8161 45.6048 0.579188 0.71199 0.326971 -0.225168 0
-0.488152 -0.452832 1.65456 0.680212 0.730841 0.0564153 0.186463 -0.0980862 -0.977553 -0.708903 0.675463 -0.202994 95.7298 10.7464 46.1832 0.587182 0.703792 0.325844 -0.231776 0
-0.488035 -0.452876 1.65529 0.672772 0.737908 0.0535653 0.184853 -0.0975487 -0.977913 -0.716384 0.667814 -0.202033 95.6965 10.6526 46.7982 0.585916 0.702203 0.328524 -0.235979 0
-0.488086 -0.452875 1.65523 0.659844 0.749488 0.0536158 0.193434 -0.100481 -0.975954 -0.726078 0.654348 -0.211278 95.8783 11.1532 47.7362 0.580535