-0.334607 -0.386247 1.45481 0.827229 0.561112 0.0290845 0.17835 -0.213143 -0.960605 -0.532807 0.799827 -0.276392 102.51 10.2736 32.7851 0.578293 0.761046 0.24291 -0.165471 0
-0.334812 -0.384312 1.45345 0.832072 0.554127 0.0244771 0.14765 -0.17874 -0.972755 -0.534655 0.813016 -0.230542 100.412 8.49075 32.7231 0.596404 0.748558 0.234376 -0.170387 0
-0.335308 -0.385744 1.45445 0.848449 0.528791 0.0226783 0.149519 -0.198362 -0.968657 -0.507718 0.825247 -0.247365 101.573 8.59908 30.8966 0.592183 0.757327 0.223916 -0.160116 0
-0.335288 -0.385098 1.45427 0.858709 0.511764 0.0267451 0.149323 -0.199948 -0.968361 -0.490225 0.835535 -0.248115 101.667 8.5877 29.7214 0.593853 0.759403 0.217634 -0.15258 0
-0.335585 -0.386089 1.45637 0.870412 0.491583 0.0270025 0.147746 -0.208497 -0.966799 -0.469632 0.845503 -0.254108 102.17 8.49631 28.3491 0.593255 0.763711 0.209284 -0.144894 0
-0.336906 -0.387742 1.4632 0.887661 0.459665 0.0276777 0.14058 -0.213259 -0.966829 -0.438515 0.862107 -0.253921 102.439 8.0814 26.2899 0.59592 0.767275 0.195577 -0.133863 0
-0.340088 -0.382552 1.47388 0.880779 0.472817 0.0259324 0.150625 -0.227828 -0.96198 -0.448933 0.851198 -0.271884 103.324 8.66316 27.0079 0.587594 0.771442 0.202038 -0.137081 0
-0.3407 -0.374268 1.48147 0.876698 0.479784 0.0347498 0.166541 -0.234957 -0.957632 -0.451292 0.845342 -0.285891 103.785 9.58677 27.2377 0.582205 0.774201 0.208707 -0.134507 0
-0.341615 -0.366446 1.48886 0.878428 0.476153 0.0405267 0.167101 -0.226605 -0.959545 -0.447707 0.849664 -0.278622 103.287 9.6193 27.0065 0.585918 0.771955 0.20832 -0.131867 0
-0.342885 -0.368817 1.4942 0.881908 0.469297 0.0447033 0.155176 -0.199445 -0.967544 -0.44515 0.860222 -0.248716 101.648 8.92702 26.7827 0.598696 0.763228 0.20455 -0.131169 0
-0.330675 -0.349374 1.51138 0.899366 0.434995 0.0438275 0.144339 -0.2008 -0.968941 -0.412684 0.877758 -0.243379 101.708 8.29898 24.6485 0.603156 0.765432 0.189218 -0.120473 0
-0.328803 -0.350951 1.52466 0.909667 0.414619 0.0244429 0.119495 -0.2049 -0.971461 -0.397778 0.886627 -0.235936 101.91 6.86297 23.6187 0.605977 0.766567 0.17419 -0.121755 0
-0.329812 -0.350297 1.53695 0.904759 0.424432 0.0356225 0.125927 -0.186663 -0.97432 -0.406883 0.88601 -0.222333 100.845 7.2343 24.2142 0.611507 0.760552 0.180908 -0.122037 0
-0.334517 -0.356922 1.5636 0.931802 0.362874 -0.00816252 0.0848054 -0.239522 -0.96718 -0.35292 0.900528 -0.253961 103.909 4.86484 20.7442 0.59965 0.778667 0.143733 -0.11593 0
-0.336586 -0.353503 1.57636 0.932918 0.36 0.00793065 0.0987495 -0.234599 -0.967063 -0.346283 0.902975 -0.254412 103.636 5.66717 20.364 0.600813 0.778127 0.147389 -0.108707 0
-0.339359 -0.34047 1.59017 0.935509 0.351333 0.0372467 0.112708 -0.196862 -0.973931 -0.334842 0.91532 -0.223764 101.427 6.47147 19.6935 0.615403 0.767485 0.151156 -0.0969384 0
-0.341824 -0.33071 1.59994 0.941069 0.33588 0.0396612 0.101984 -0.17 -0.980153 -0.322472 0.926436 -0.194236 99.8396 5.85341 18.9148 0.62786 0.759162 0.144193 -0.0931325 0
-0.344263 -0.322102 1.61185 0.949512 0.311662 0.0359708 0.0904429 -0.162134 -0.982615 -0.300412 0.936258 -0.182136 99.3695 5.18909 17.5566 0.633491 0.757262 0.13275 -0.0873017 0
-0.346255 -0.323702 1.62087 0.973184 0.228744 0.0242494 0.0724904 -0.204932 -0.976088 -0.218305 0.951672 -0.216018 101.857 4.15704 12.6433 0.622944 0.773649 0.0973421 -0.0627079 0
-0.347381 -0.325819 1.62779 0.981982 0.188005 0.0190928 0.057575 -0.201423 -0.977811 -0.179987 0.961292 -0.208618 101.64 3.30063 10.3865 0.626885 0.773308 0.0793926 -0.0520151 0
-0.348852 -0.326812 1.63396 0.987262 0.157651 0.0214407 0.0514262 -0.188672 -0.980693 -0.150562 0.969303 -0.194377 100.89 2.9478 8.67104 0.633288 0.769791 0.0679005 -0.0419338 0
-0.349422 -0.33368 1.6405 0.991113 0.132981 0.00339014 0.0263317 -0.171143 -0.984894 -0.130392 0.976231 -0.173124 99.8577 1.50887 7.49486 0.641647 0.764097 0.0521245 -0.0415529 0
-0.351348 -0.339503 1.64585 0.993131 0.116959 -0.00338321 0.0167162 -0.170441 -0.985226 -0.115808 0.978402 -0.171226 99.8149 0.957814 6.65114 0.642546 0.764002 0.0437417 -0.0390021 0
-0.353077 -0.338426 1.65486 0.996419 0.0818549 0.0211813 0.0347227 -0.167736 -0.98522 -0.0770922 0.982428 -0.169978 99.6621 1.98986 4.42412 0.643954 0.763894 0.0381524 -0.018298 0
-0.35259 -0.337144 1.6672 0.995602 0.0873351 0.0338942 0.0502153 -0.192076 -0.980095 -0.0790864 0.977486 -0.195617 101.088 2.87834 4.54179 0.634017 0.771896 0.0445495 -0.0146367 0
-0.352475 -0.338342 1.67604 0.994998 0.0952208 0.0301899 0.0493222 -0.205496 -0.977414 -0.0868663 0.974015 -0.209165 101.873 2.8271 4.98944 0.628557 0.776154 0.0465575 -0.0182555 0
-0.356754 -0.345212 1.67201 0.999344 -0.0246906 0.0264947 0.0205097 -0.217117 -0.97593 0.0298487 0.975833 -0.216468 102.542 1.1752 -1.71082 0.625652 0.779892 -0.00134023 0.0180613 0
-0.357479 -0.355661 1.67604 0.997049 0.0751115 -0.0158874 -0.00236325 -0.176814 -0.984241 -0.076737 0.981374 -0.176114 100.184 -0.135405 4.40104 0.641116 0.766482 0.023728 -0.0302109 0
-0.357687 -0.367931 1.6757 0.997435 0.0715746 -0.000775906 0.00981771 -0.147537 -0.989008 -0.0709023 0.986463 -0.147861 98.4846 0.562522 4.06601 0.652311 0.757105 0.0268761 -0.0236685 0
-0.358724 -0.377887 1.67911 0.998795 0.0455853 0.0181671 0.0256322 -0.168945 -0.985292 -0.0418456 0.984571 -0.16991 99.7297 1.46878 2.39907 0.644194 0.764469 0.0232899 -0.00774346 0
-0.358763 -0.388265 1.6806 0.999369 0.0226008 0.0274099 0.0311413 -0.18599 -0.982058 -0.0170973 0.982292 -0.186577 100.724 1.78456 0.980127 0.637731 0.770054 0.0174475 0.00334802 0
-0.360493 -0.389651 1.68876 0.999579 -0.0145053 0.0251158 0.0214555 -0.21287 -0.976845 0.0195158 0.976973 -0.212469 102.293 1.2294 -1.1185 0.627344 0.778607 0.00223163 0.0143306 0
-0.364666 -0.395179 1.71522 0.998431 0.0260291 0.049578 0.052319 -0.11811 -0.991621 -0.0199554 0.992659 -0.119287 96.7924 2.99903 1.145 0.66352 0.747634 0.0261987 0.00990546 0
-0.368804 -0.393706 1.73251 0.993239 0.0899392 0.073404 0.0805813 -0.0789547 -0.993616 -0.0835694 0.992813 -0.0856683 94.5433 4.62198 4.80944 0.676132 0.734483 0.058041 -0.00346007 0
-0.371443 -0.397557 1.74808 0.993817 0.10016 0.0479104 0.0558757 -0.0782937 -0.995363 -0.0959446 0.991886 -0.0834061 94.4975 3.20311 5.51433 0.676779 0.734084 0.0531396 -0.0163585 0
-0.396649 -0.403334 1.75196 0.984279 0.123042 0.126713 0.135527 -0.0660926 -0.988567 -0.11326 0.990198 -0.081729 93.8249 7.78912 6.5641 0.67758 0.730086 0.0885406 0.00460679 0
-0.419487 -0.408879 1.75959 0.970624 0.124892 0.205645 0.211813 -0.0381494 -0.976565 -0.11412 0.991437 -0.0634825 92.2371 12.2286 6.70571 0.683556 0.719767 0.116949 0.0317898 0
-0.437264 -0.408159 1.76244 0.96229 0.123112 0.242572 0.250947 -0.0575928 -0.966286 -0.104991 0.99072 -0.0863155 93.4109 14.5336 6.22662 0.674237 0.725637 0.128872 0.0474001 0
-0.44584 -0.40645 1.7622 0.955329 0.130227 0.265305 0.277503 -0.0864258 -0.956829 -0.101676 0.98771 -0.118704 95.1612 16.1113 6.07513 0.661476 0.734925 0.138698 0.055662 0
-0.448819 -0.406802 1.75817 0.963141 0.116372 0.242521 0.256299 -0.123279 -0.958704 -0.0816682 0.985525 -0.148561 97.3274 14.8506 4.84672 0.65025 0.747493 0.12464 0.0537974 0
-0.448662 -0.406983 1.75773 0.977935 0.0918969 0.187611 0.202191 -0.190436 -0.960652 -0.0525532 0.977389 -0.204814 101.213 11.6651 3.07605 0.629024 0.770257 0.0954511 0.0438353 0
-0.451075 -0.404621 1.75697 0.990177 0.0445596 0.132526 0.138784 -0.198277 -0.970271 -0.0169581 0.979133 -0.202513 101.549 7.97749 0.981169 0.630355 0.773138 0.0592856 0.0373697 0
-0.450694 -0.406721 1.75432 0.98414 0.114698 0.135322 0.156383 -0.200864 -0.967056 -0.0837385 0.972881 -0.215615 101.734 8.997 4.86347 0.626032 0.774697 0.0874798 0.0166463 0
-0.448671 -0.406468 1.75516 0.982631 0.0979625 0.157604 0.173428 -0.182647 -0.967762 -0.0660185 0.978286 -0.196464 100.688 9.98718 3.84367 0.633151 0.768398 0.0882974 0.0297975 0
-0.448089 -0.405587 1.75519 0.977392 0.0654486 0.201051 0.209062 -0.157047 -0.96521 -0.0315971 0.98542 -0.167179 99.2415 12.0674 1.85161 0.642877 0.758554 0.0904715 0.0558477 0
-0.449037 -0.406432 1.75364 0.980946 0.0856039 0.174404 0.186557 -0.16445 -0.968583 -0.0542337 0.982664 -0.177287 99.636 10.7519 3.1645 0.640158 0.762018 0.0892895 0.039425 0
-0.449922 -0.406827 1.75479 0.986019 0.0686825 0.151819 0.161745 -0.17545 -0.971111 -0.0400617 0.98209 -0.184106 100.241 9.30817 2.32663 0.637664 0.765764 0.0752279 0.0364855 0
-0.450858 -0.406519 1.75644 0.989097 0.0581059 0.135315 0.143638 -0.178048 -0.973482 -0.0324725 0.982305 -0.184453 100.365 8.25843 1.88037 0.63769 0.766746 0.0657793 0.0335321 0
-0.450853 -0.403887 1.75725 0.992454 0.0335248 0.117949 0.122402 -0.213354 -0.969277 -0.00732981 0.9764 -0.215848 102.414 7.03075 0.423153 0.62515 0.778083 0.0500997 0.0355424 0
-0.451042 -0.403769 1.7557 0.991373 0.0216428 0.129269 0.13084 -0.2216 -0.96632 0.00773204 0.974897 -0.22252 102.916 7.51812 -0.446859 0.621943 0.780303 0.0488536 0.0438934 0
-0.451689 -0.401009 1.75258 0.991752 0.0284912 0.124964 0.128168 -0.226076 -0.965641 0.000738944 0.973693 -0.227863 103.177 7.36375 -0.0426904 0.620043 0.781935 0.0500871 0.0401896 0
-0.450909 -0.401169 1.75164 0.991289 0.0475157 0.122832 0.130507 -0.229086 -0.964618 -0.0176955 0.972246 -0.233292 103.36 7.49892 1.02268 0.618246 0.783209 0.0568249 0.0335594 0
-0.451622 -0.40131 1.75315 0.991747 0.0535242 0.116504 0.125499 -0.21934 -0.967543 -0.0262329 0.974179 -0.224247 102.773 7.20955 1.51519 0.622125 0.780278 0.0573586 0.0289228 0
-0.454281 -0.401131 1.75121 0.99039 0.0784086 0.113927 0.128584 -0.218704 -0.967282 -0.0509268 0.972636 -0.226685 102.74 7.38777 2.94361 0.62149 0.780349 0.0663141 0.0201835 0
-0.454744 -0.405415 1.74971 0.974551 0.14364 0.172097 0.193143 -0.148378 -0.969886 -0.113779 0.978443 -0.172345 98.698 11.1363 6.65914 0.643006 0.757508 0.111148 0.0192468 0
-0.451595 -0.40657 1.74885 0.960446 0.161704 0.226704 0.247254 -0.120713 -0.961402 -0.128097 0.979428 -0.15592 97.1566 14.315 7.59682 0.648809 0.747843 0.136712 0.032964 0
-0.450483 -0.405572 1.74939 0.947596 0.201467 0.247939 0.273735 -0.111878 -0.955276 -0.164718 0.973085 -0.161164 96.6798 15.8866 9.86101 0.647023 0.74509 0.159444 0.0279233 0
-0.454209 -0.40409 1.74745 0.952361 0.231236 0.198845 0.22263 -0.0815113 -0.971489 -0.208435 0.969477 -0.129108 94.7961 12.8636 12.3452 0.659875 0.735354 0.154302 -0.00326036 0
-0.45354 -0.404606 1.74767 0.943925 0.25945 0.204184 0.228536 -0.0671185 -0.971219 -0.238278 0.963421 -0.122648 93.9533 13.2109 14.1674 0.662223 0.730358 0.167036 -0.0116703 0
-0.448633 -0.405896 1.75134 0.963396 0.186685 0.192398 0.221159 -0.147832 -0.963968 -0.151516 0.971233 -0.183708 98.7188 12.7771 8.93784 0.638721 0.757452 0.13461 0.0134933 0
-0.451237 -0.399441 1.75001 0.962 0.255652 0.0959013 0.126448 -0.105827 -0.986312 -0.242004 0.960959 -0.134132 96.1241 7.26441 14.1205 0.656133 0.74195 0.128749 -0.0492292 0
-0.451511 -0.404693 1.74687 0.966277 0.202024 0.159674 0.19 -0.140817 -0.971633 -0.173809 0.969204 -0.174452 98.2463 10.9528 10.197 0.642458 0.755239 0.129768 -0.00467886 0
-0.448537 -0.407407 1.74716 0.940064 0.295397 0.170352 0.223423 -0.156164 -0.96213 -0.257608 0.942525 -0.212803 99.2193 12.9101 15.3247 0.626717 0.759775 0.170715 -0.0287109 0
-0.447977 -0.406357 1.74628 0.925061 0.333357 0.182032 0.236148 -0.12942 -0.96306 -0.297485 0.933875 -0.198443 97.6538 13.6593 17.827 0.631901 0.750487 0.189712 -0.0384592 0
-0.448686 -0.405473 1.74727 0.924037 0.338197 0.178264 0.231647 -0.124359 -0.964818 -0.30413 0.932822 -0.193255 97.3446 13.394 18.218 0.633724 0.748607 0.190301 -0.0420333 0
-0.449312 -0.405788 1.74579 0.896163 0.41828 0.148098 0.223126 -0.136299 -0.965214 -0.383544 0.898033 -0.215476 98.0377 12.8927 23.1702 0.621367 0.749656 0.2139 -0.0785181 0
-0.448526 -0.404231 1.74769 0.939653 0.296027 0.171524 0.213765 -0.116552 -0.969907 -0.267127 0.948042 -0.172799 96.8523 12.3431 15.8696 0.64232 0.746493 0.170729 -0.0320177 0
-0.448359 -0.404785 1.74885 0.946197 0.273017 0.173706 0.215192 -0.129982 -0.967883 -0.24167 0.953188 -0.181739 97.6488 12.4268 14.3277 0.639233 0.751318 0.162451 -0.0226149 0
-0.450613 -0.403267 1.74965 0.96488 0.23991 0.107004 0.141495 -0.131449 -0.981173 -0.221328 0.961855 -0.160779 97.6306 8.13434 12.9192 0.646655 0.751184 0.126935 -0.038048 1
-0.449881 -0.403089 1.7506 0.957267 0.262236 0.121948 0.161904 -0.136535 -0.977315 -0.239638 0.955296 -0.173158 97.953 9.31744 14.0543 0.641789 0.752821 0.14085 -0.039083 1
-0.450849 -0.401053 1.75074 0.960565 0.260072 0.098377 0.144488 -0.164576 -0.975724 -0.237568 0.951461 -0.195663 99.574 8.30765 13.8917 0.63252 0.761709 0.132781 -0.0456839 1
-0.450027 -0.401601 1.74786 0.932757 0.342839 0.111474 0.173746 -0.156578 -0.972263 -0.315875 0.926253 -0.205616 99.1486 10.0057 18.7085 0.62661 0.757455 0.1705 -0.0674634 1
-0.447942 -0.4054 1.74866 0.915984 0.367473 0.161046 0.216208 -0.113971 -0.969673 -0.337974 0.923024 -0.183846 96.7035 12.4864 20.2527 0.636036 0.743943 0.196145 -0.0594565 1
-0.448838 -0.404244 1.74935 0.922156 0.363992 0.130913 0.18546 -0.119038 -0.975415 -0.339459 0.923764 -0.177278 96.9579 10.688 20.2094 0.637542 0.744727 0.184448 -0.0700077 1
-0.450888 -0.402312 1.75077 0.895133 0.431608 0.111581 0.1858 -0.133679 -0.973452 -0.405234 0.892101 -0.199853 97.8192 10.7078 24.3566 0.62482 0.746436 0.206785 -0.0983517 1
-0.450475 -0.404079 1.74827 0.904479 0.412861 0.107067 0.174721 -0.129655 -0.976044 -0.389089 0.901518 -0.189406 97.5667 10.0624 23.2764 0.629567 0.745577 0.197022 -0.0945651 1
-0.450806 -0.402129 1.74785 0.914794 0.389787 0.105915 0.175969 -0.148562 -0.973121 -0.363575 0.908843 -0.204495 98.6801 10.1351 21.6748 0.624847 0.752969 0.187842 -0.0855482 1
-0.451729 -0.400185 1.75309 0.852743 0.513803 0.0939988 0.195779 -0.147565 -0.969482 -0.484251 0.845122 -0.226427 98.6546 11.2902 29.5911 0.60802 0.746112 0.23776 -0.130762 1
-0.442832 -0.402352 1.75549 0.902794 0.428798 0.0330766 0.162175 -0.268192 -0.949617 -0.398323 0.862673 -0.311663 105.771 9.33316 23.8076 0.575095 0.787821 0.187534 -0.115904 1
-0.436834 -0.400506 1.75362 0.867951 0.489652 0.0830785 0.193888 -0.180062 -0.964357 -0.457241 0.853123 -0.251222 100.576 11.1798 27.7805 0.599305 0.758161 0.225394 -0.123378 1
-0.425876 -0.414891 1.74844 0.912446 0.40767 0.0353114 0.139058 -0.227762 -0.963736 -0.384844 0.884268 -0.264511 103.297 7.99333 22.8687 0.595855 0.775358 0.176283 -0.1127 1
-0.411308 -0.418449 1.75066 0.892867 0.434819 0.117137 0.171719 -0.0882885 -0.981182 -0.416295 0.896179 -0.153497 95.1417 9.8878 24.9971 0.642472 0.730522 0.20757 -0.102378 1
-0.392802 -0.424377 1.75301 0.896158 0.426471 0.122574 0.177708 -0.091818 -0.97979 -0.406597 0.899829 -0.158071 95.3537 10.2363 24.4044 0.641535 0.73247 0.206213 -0.0969402 1
-0.376755 -0.431274 1.75321 0.890334 0.439183 0.120094 0.185841 -0.109742 -0.976432 -0.415653 0.89167 -0.179325 96.4126 10.7102 25.0256 0.632706 0.73814 0.211689 -0.100103 1
-0.362127 -0.433283 1.74597 0.903618 0.401163 0.150141 0.214999 -0.121617 -0.969012 -0.370473 0.907897 -0.196145 97.1536 12.4155 22.293 0.629654 0.745215 0.206706 -0.0739154 1
-0.348927 -0.431029 1.74192 0.906224 0.384139 0.176623 0.253165 -0.158437 -0.954361 -0.338624 0.90958 -0.240829 99.4259 14.6649 20.4889 0.613791 0.759192 0.209862 -0.0533465 1
-0.337693 -0.430294 1.73919 0.903744 0.378415 0.200123 0.280563 -0.170521 -0.944567 -0.323313 0.909794 -0.260277 100.233 16.2938 19.6846 0.606825 0.76396 0.215645 -0.0403129 1
-0.32875 -0.426598 1.73242 0.894836 0.373871 0.243905 0.316975 -0.147443 -0.936903 -0.314319 0.915686 -0.250445 98.9435 18.4801 19.3543 0.611749 0.757087 0.228126 -0.0232514 1
-0.323404 -0.418169 1.72303 0.919102 0.36083 0.158281 0.255444 -0.239811 -0.93661 -0.3 0.901273 -0.312583 104.362 14.7999 18.077 0.584531 0.78605 0.196004 -0.045073 1
-0.311998 -0.417611 1.71509 0.931664 0.317645 0.176365 0.254049 -0.22253 -0.941243 -0.259735 0.921728 -0.288021 103.302 14.7172 15.5777 0.596052 0.781379 0.182912 -0.0266737 1
-0.301123 -0.418269 1.71547 0.92543 0.333194 0.180446 0.256277 -0.199602 -0.94577 -0.279107 0.921488 -0.270108 101.917 14.8493 16.7832 0.603266 0.773812 0.190444 -0.0318751 1
-0.295297 -0.421638 1.72237 0.925482 0.338434 0.170136 0.23872 -0.172375 -0.955667 -0.294103 0.925067 -0.24032 100.225 13.811 17.6294 0.614977 0.764555 0.188722 -0.0405356 1
-0.295884 -0.423389 1.73364 0.92569 0.336608 0.172606 0.236366 -0.158439 -0.958659 -0.295345 0.92822 -0.226228 99.3845 13.6722 17.6955 0.62069 0.759993 0.18848 -0.040375 1
-0.299248 -0.418132 1.73875 0.918431 0.344837 0.193833 0.255178 -0.142043 -0.956404 -0.302271 0.927853 -0.218452 98.4477 14.7842 18.2172 0.624087 0.754806 0.198732 -0.0359161 1
-0.293427 -0.410379 1.742 0.921703 0.338749 0.188975 0.234901 -0.0997516 -0.966887 -0.308682 0.935574 -0.171514 95.8902 13.5858 18.5159 0.642347 0.740434 0.193687 -0.0404177 1
-0.287949 -0.406277 1.73889 0.919755 0.353992 0.169529 0.20782 -0.0728148 -0.975453 -0.332959 0.93241 -0.140538 94.269 11.9946 19.9007 0.653147 0.730258 0.192333 -0.0559492 1
-0.278859 -0.39876 1.73704 0.915935 0.350919 0.194727 0.228292 -0.0565262 -0.97195 -0.330069 0.934698 -0.131887 93.3284 13.1966 19.8173 0.657176 0.725319 0.19964 -0.0466492 1
-0.276211 -0.391726 1.73747 0.908932 0.363277 0.204626 0.243688 -0.0646337 -0.967698 -0.338317 0.929437 -0.147274 93.8212 14.1043 20.4159 0.651349 0.728155 0.208391 -0.0459005 1
-0.277831 -0.382696 1.73906 0.897504 0.376097 0.230301 0.271297 -0.0591464 -0.960677 -0.347686 0.924691 -0.155118 93.5231 15.7414 21.176 0.648699 0.726596 0.222749 -0.0403886 1
-0.285252 -0.37132 1.74042 0.875524 0.408263 0.258415 0.307718 -0.0588063 -0.949659 -0.372514 0.910968 -0.177116 93.5434 17.9217 23.0486 0.640235 0.726541 0.246366 -0.0392611 1
-0.291639 -0.364839 1.74454 0.873143 0.401209 0.276862 0.318402 -0.0393413 -0.947139 -0.369109 0.915141 -0.162096 92.3785 18.5663 22.9155 0.646472 0.72017 0.249806 -0.0320226 1
-0.293943 -0.36136 1.75179 0.799379 0.474845 0.368125 0.390531 0.0549764 -0.918947 -0.456596 0.878351 -0.141495 86.5763 22.9875 29.7345 0.654381 0.68664 0.315076 -0.0322114 1
-0.292896 -0.357461 1.75464 0.772152 0.486709 0.408528 0.412133 0.105758 -0.904965 -0.48366 0.867139 -0.118928 83.3344 24.3389 32.0622 0.663133 0.66808 0.336353 -0.0281149 1
-0.287605 -0.354464 1.75082 0.74207 0.492525 0.454699 0.440493 0.153007 -0.884621 -0.50527 0.856743 -0.103412 80.187 26.1354 34.2506 0.669265 0.650476 0.358591 -0.019436 1
-0.274579 -0.347498 1.7425 0.684942 0.512593 0.517787 0.457315 0.25078 -0.853213 -0.567201 0.821193 -0.0626462 73.6206 27.214 39.6282 0.684302 0.61172 0.396385 -0.0201949 1
-0.265288 -0.350367 1.73657 0.665854 0.543013 0.51164 0.441679 0.265795 -0.856897 -0.601298 0.796549 -0.0628567 72.767 26.211 42.0835 0.683519 0.604755 0.407062 -0.0370635 1
-0.249209 -0.346025 1.72792 0.677863 0.507603 0.531829 0.442835 0.295529 -0.846499 -0.586856 0.809322 -0.0244562 70.7549 26.2849 40.8842 0.698021 0.593041 0.400663 -0.0231969 1
-0.237035 -0.339989 1.71949 0.671236 0.524943 0.523333 0.433111 0.295204 -0.851628 -0.601546 0.798304 -0.0292067 70.8819 25.6651 41.8659 0.695923 0.592714 0.404096 -0.0329892 1
-0.233497 -0.327988 1.71509 0.57215 0.578959 0.580905 0.433426 0.387859 -0.813454 -0.696266 0.717197 -0.0290226 64.5079 25.6852 50.5887 0.6948 0.550753 0.459547 -0.0523652 1
-0.235809 -0.320819 1.71279 0.669358 0.559144 0.4892 0.393866 0.291249 -0.871805 -0.629944 0.776229 -0.0252781 71.5268 23.1952 43.2625 0.69558 0.592323 0.402234 -0.0594032 1
-0.243277 -0.304443 1.7143 0.681081 0.548833 0.484676 0.350304 0.337028 -0.873899 -0.642974 0.76498 0.0372848 68.9103 20.5059 43.3514 0.716832 0.57157 0.393275 -0.0692381 1
-0.250318 -0.288125 1.71853 0.662891 0.562544 0.494085 0.329557 0.373316 -0.867195 -0.672285 0.737685 0.0620778 66.7087 19.2419 45.4031 0.724273 0.553962 0.4026 -0.0804208 1
-0.251284 -0.272746 1.72345 0.635553 0.557473 0.534132 0.443678 0.302461 -0.843603 -0.63184 0.773137 -0.0551087 70.2755 26.3388 44.8322 0.686095 0.589109 0.424858 -0.0414647 1
-0.261372 -0.263404 1.72203 0.529747 0.618036 0.580862 0.483519 0.342604 -0.805501 -0.696834 0.707569 -0.117339 66.9585 28.9155 52.7572 0.662384 0.571069 0.482233 -0.0507698 1
-0.262483 -0.251216 1.72032 0.630322 0.589405 0.505268 0.487815 0.205604 -0.848389 -0.60393 0.781236 -0.157923 76.3772 29.197 43.775 0.647689 0.629015 0.428137 -0.0392125 1
-0.261844 -0.238248 1.71171 0.633038 0.593421 0.497106 0.505308 0.169719 -0.846085 -0.586452 0.786796 -0.192421 78.6574 30.3518 42.8123 0.634495 0.643378 0.426937 -0.0347178 1
-0.262341 -0.221376 1.69817 0.688915 0.561175 0.458779 0.470915 0.13465 -0.871842 -0.551031 0.816671 -0.171503 81.2204 28.0937 38.6547 0.642663 0.656842 0.392822 -0.0351117 1
-0.259466 -0.211281 1.6839 0.741518 0.536295 0.403161 0.426447 0.0871687 -0.900302 -0.517971 0.839517 -0.164065 84.4698 25.2423 34.9354 0.645101 0.674243 0.356972 -0.0425701 1
-0.256872 -0.208886 1.68315 0.817285 0.483648 0.313255 0.338153 0.0376269 -0.940339 -0.46658 0.874453 -0.132795 87.7086 19.7644 29.7216 0.656147 0.691457 0.297127 -0.0554355 1
-0.259213 -0.2062 1.68813 0.863763 0.450135 0.226477 0.257222 -0.00739348 -0.966324 -0.433302 0.89293 -0.122171 90.4384 14.9053 26.6404 0.658445 0.705926 0.250507 -0.0732459 1
-0.269286 -0.198798 1.69523 0.902103 0.408846 0.13804 0.177216 -0.059335 -0.982382 -0.393452 0.910672 -0.12598 93.4564 10.2076 23.5644 0.655131 0.722395 0.202819 -0.0883909 1
-0.274852 -0.190003 1.70135 0.929584 0.358679 0.0849893 0.130575 -0.104805 -0.985883 -0.344708 0.927559 -0.144259 96.0681 7.50284 20.3458 0.648174 0.738012 0.165734 -0.0879792 1
-0.277376 -0.17852 1.69941 0.944626 0.326768 0.0300749 0.0976468 -0.192409 -0.976444 -0.313284 0.925311 -0.213663 101.147 5.60368 18.3481 0.620192 0.766599 0.138408 -0.092359 1
-0.28008 -0.16455 1.69605 0.954691 0.29732 0.0128443 0.09169 -0.252806 -0.963162 -0.28312 0.920701 -0.268613 104.707 5.26084 16.5181 0.598597 0.786783 0.123608 -0.0858801 1
-0.289076 -0.150603 1.69496 0.974246 0.218133 -0.057125 0.00517379 -0.274896 -0.96146 -0.22543 0.936403 -0.268945 105.956 0.296438 13.0283 0.597998 0.793424 0.0703618 -0.0890302 1
-0.28834 -0.137518 1.68363 0.966641 0.256066 0.00589002 0.0898725 -0.317552 -0.943972 -0.239849 0.913012 -0.329972 108.593 5.15627 13.9352 0.574264 0.808419 0.10698 -0.0723508 1
-0.293849 -0.125416 1.67651 0.973748 0.225731 -0.0293267 0.0446635 -0.315801 -0.947774 -0.223204 0.921583 -0.317592 108.428 2.55988 12.9104 0.578869 0.807332 0.083731 -0.078199 1
-0.298095 -0.115146 1.66846 0.988341 0.151846 -0.0111532 0.0282291 -0.254736 -0.966598 -0.149615 0.955014 -0.256053 104.764 1.61762 8.60807 0.607773 0.790432 0.0569545 -0.0508482 1
-0.297085 -0.101941 1.66065 0.994185 0.106363 -0.0168499 0.00512283 -0.203003 -0.979165 -0.107567 0.973384 -0.202367 101.713 0.293518 6.17517 0.630241 0.774525 0.0359851 -0.0401592 1
-0.294238 -0.0816438 1.65419 0.997119 0.0755079 -0.00725946 0.0020298 -0.122225 -0.9925 -0.075829 0.989626 -0.122026 97.0206 0.116299 4.34886 0.661979 0.74856 0.0258956 -0.0277494 1
-0.293616 -0.0654053 1.65399 0.999388 0.0339418 0.00844168 0.0100876 -0.0486185 -0.998766 -0.0334895 0.998241 -0.0489312 92.7869 0.577989 1.91926 0.689536 0.72404 0.0152027 -0.00864862 1
-0.295722 -0.0545141 1.65336 0.99968 0.0032658 0.0250858 0.0251343 -0.0157742 -0.99956 -0.00286865 0.99987 -0.0158513 90.9041 1.44024 0.164414 0.701437 0.712619 0.00996329 0.0077942 1
-0.296032 -0.0548946 1.65061 0.998584 -0.0524867 0.00867258 0.0094169 0.0139504 -0.999858 0.0523583 0.998524 0.0144249 89.2006 0.539557 -3.00141 0.711857 0.701821 -0.0153422 0.0217402 1
-0.297824 -0.046594 1.64554 0.992362 -0.119218 0.0317045 0.0352847 0.0280402 -0.998984 0.118208 0.992472 0.0320326 88.3922 2.02208 -6.79294 0.716316 0.695034 -0.0301904 0.0539227 1
-0.302257 -0.0366573 1.63203 0.975101 -0.217638 0.0425667 0.0487847 0.0232748 -0.998538 0.216329 0.975752 0.0333127 88.6647 2.79627 -12.5087 0.712687 0.692552 -0.0609534 0.0934573 1
-0.297863 -0.0233241 1.61887 0.952366 -0.293038 0.0844212 0.0832698 -0.0164251 -0.996392 0.293368 0.95596 0.00875855 90.9444 4.77654 -17.121 0.697262 0.700006 -0.0749167 0.134923 1
-0.290655 -0.00698057 1.60392 0.92926 -0.351901 0.112434 0.0949581 -0.0665945 -0.993251 0.357014 0.933665 -0.0284678 93.8358 5.44891 -21.0163 0.677163 0.711393 -0.0902957 0.164975 1
-0.283535 0.0120202 1.59104 0.918915 -0.378742 0.110227 0.0741779 -0.108537 -0.991321 0.387419 0.919116 -0.0716417 96.2483 4.25399 -22.8605 0.659306 0.724412 -0.105107 0.171741 1
-0.271791 0.0286987 1.56873 0.921783 -0.367648 0.12309 0.0828975 -0.123245 -0.988908 0.37874 0.921762 -0.0831282 97.104 4.75513 -22.3367 0.654868 0.72941 -0.0975962 0.171999 1
-0.272106 0.046586 1.55814 0.890399 -0.432423 0.142124 0.0858629 -0.147069 -0.985392 0.447009 0.889596 -0.0938209 98.4887 4.92564 -26.6581 0.642166 0.729947 -0.118694 0.201773 1
-0.275134 0.0649383 1.54731 0.881589 -0.447774 0.14933 0.0899543 -0.151189 -0.984403 0.463367 0.881272 -0.0930074 98.7315 5.16098 -27.7266 0.639803 0.729004 -0.122708 0.210115 1
-0.285706 0.0779072 1.53913 0.878928 -0.455716 0.140745 0.0863004 -0.138268 -0.986628 0.469082 0.879321 -0.082199 97.9776 4.95081 -28.0888 0.643906 0.724464 -0.127479 0.210441 1
-0.299641 0.0881429 1.52961 0.863857 -0.493493 0.10107 0.0545598 -0.107799 -0.992675 0.500773 0.863044 -0.0661977 96.1977 3.1276 -30.1006 0.649973 0.713767 -0.153738 0.210798 1
-0.31678 0.100164 1.52435 0.864973 -0.500173 0.0406151 -0.0363227 -0.143127 -0.989038 0.500503 0.854015 -0.141968 98.2343 -2.08159 -30.0551 0.628466 0.733155 -0.18294 0.184517 1
-0.336717 0.111348 1.51503 0.864228 -0.50271 -0.0198086 -0.0444166 -0.0370207 -0.998327 0.501135 0.863662 -0.054323 92.1237 -2.54572 -30.1079 0.665749 0.699209 -0.195623 0.172097 1
-0.35662 0.128648 1.50693 0.866762 -0.490691 -0.089141 -0.0852302 0.0303674 -0.995898 0.491385 0.870805 -0.0155003 88.2534 -4.88926 -29.5498 0.685862 0.680422 -0.211604 0.147792 1
-0.377017 0.146726 1.49737 0.861248 -0.491912 -0.12757 -0.0994847 0.0829705 -0.991574 0.498352 0.866682 0.0225205 85.2169 -5.7095 -30.0553 0.701202 0.662525 -0.22316 0.139912 1
-0.388878 0.166672 1.49062 0.858882 -0.48729 -0.157699 -0.118922 0.109752 -0.986819 0.498175 0.866315 0.0363144 83.6538 -6.82987 -30.1149 0.707981 0.654373 -0.2316 0.130077 1
-0.391107 0.188079 1.4904 0.875537 -0.462121 -0.140991 -0.10525 0.102382 -0.989161 0.471547 0.880887 0.0410009 84.0907 -6.04156 -28.306 0.710444 0.658057 -0.215548 0.12558 1
-0.389349 0.20313 1.48974 0.893165 -0.429751 -0.132553 -0.114089 0.0685823 -0.9911 0.435017 0.900339 0.0122254 86.0415 -6.55109 -25.9684 0.702491 0.673119 -0.201985 0.112337 1
-0.384235 0.211964 1.4901 0.896572 -0.430643 -0.103467 -0.104799 0.0207023 -0.994278 0.43032 0.902285 -0.0265698 88.8072 -6.01559 -25.6392 0.687514 0.689645 -0.194101 0.118486 1
-0.379588 0.227391 1.48429 0.883453 -0.464739 -0.0594039 -0.0990723 -0.061382 -0.993185 0.457926 0.883317 -0.100271 93.5366 -5.68575 -27.3994 0.656087 0.715036 -0.197127 0.139336 1
-0.373054 0.245913 1.47787 0.863955 -0.503562 0.00252093 -0.0941387 -0.166427 -0.98155 0.494691 0.847778 -0.19119 99.6233 -5.40175 -29.7949 0.613665 0.745247 -0.200504 0.166794 1
-0.369936 0.267577 1.47587 0.842875 -0.537027 0.0341216 -0.120244 -0.249773 -0.960809 0.524503 0.805739 -0.275102 104.572 -6.90618 -31.8931 0.574021 0.769375 -0.213573 0.181519 1
-0.374317 0.285111 1.47773 0.818985 -0.571582 0.0505675 -0.154327 -0.304286 -0.939996 0.552672 0.762039 -0.337416 107.937 -8.87774 -34.0125 0.542513 0.784329 -0.231379 0.192279 1
-0.381764 0.295882 1.48217 0.815439 -0.569688 0.102538 -0.134965 -0.359386 -0.923378 0.562888 0.739119 -0.369945 111.266 -7.75661 -34.6169 0.521083 0.797617 -0.220862 0.208567 1
-0.389233 0.312202 1.47621 0.866757 -0.476601 0.146914 -0.0867742 -0.434198 -0.896629 0.491124 0.764411 -0.4177 115.839 -4.97806 -29.5369 0.503701 0.824417 -0.170841 0.193481 1
-0.398285 0.324027 1.46706 0.898006 -0.422208 0.123795 -0.0880487 -0.448119 -0.889627 0.431082 0.787991 -0.439589 116.735 -5.05136 -25.643 0.502568 0.834523 -0.152859 0.166226 1
-0.40703 0.33873 1.45594 0.912804 -0.39024 0.120423 -0.0769033 -0.453836 -0.887761 0.401092 0.80109 -0.444274 117.077 -4.41059 -23.721 0.50366 0.838289 -0.139314 0.15553 1
-0.410459 0.348676 1.43882 0.891571 -0.440495 0.105189 -0.109973 -0.435893 -0.893254 0.439325 0.784832 -0.437072 116.012 -6.31374 -26.232 0.50463 0.831345 -0.165535 0.163745 1
-0.412727 0.359728 1.43106 0.886663 -0.454287 0.0863206 -0.115916 -0.399071 -0.909564 0.447651 0.796471 -0.4065 113.689 -6.65647 -26.7879 0.519878 0.820401 -0.173757 0.162717 1
-0.417248 0.374217 1.42068 0.905375 -0.409153 0.113534 -0.0560239 -0.380151 -0.923226 0.420901 0.829505 -0.367101 112.38 -3.21161 -24.9333 0.538081 0.814344 -0.142807 0.164069 1
-0.416049 0.386652 1.41829 0.913544 -0.387575 0.123382 -0.0193041 -0.344316 -0.938655 0.406281 0.855121 -0.32203 110.144 -1.10611 -23.9762 0.55839 0.803102 -0.126659 0.164881 1
-0.414935 0.405959 1.41515 0.937684 -0.325568 0.121465 0.00816708 -0.328807 -0.944362 0.347392 0.886505 -0.305658 109.197 0.467944 -20.3286 0.570793 0.801896 -0.0989532 0.146172 1
-0.404579 0.420068 1.41275 0.942416 -0.322234 0.089543 -0.0245082 -0.333557 -0.942411 0.333544 0.885949 -0.322246 109.491 -1.40436 -19.4901 0.567145 0.80595 -0.107557 0.131239 1
-0.392442 0.435299 1.40681 0.949944 -0.30371 0.0732537 -0.0253408 -0.308603 -0.950853 0.31139 0.901401 -0.300852 107.981 -1.45208 -18.1491 0.578897 0.799906 -0.10284 0.120215 1
-0.380166 0.448894 1.40211 0.961376 -0.260834 0.0878722 0.0110165 -0.282537 -0.959193 0.275017 0.923113 -0.268751 106.413 0.631214 -15.964 0.593735 0.792569 -0.0787999 0.114466 1
-0.378416 0.459303 1.39316 0.959294 -0.270747 0.0803144 0.00515329 -0.267562 -0.963527 0.282361 0.92472 -0.255276 105.519 0.295263 -16.4014 0.599261 0.787739 -0.0842898 0.1151 1
-0.380241 0.467137 1.38054 0.962664 -0.262948 0.0643074 -0.00216624 -0.245038 -0.969511 0.270689 0.933175 -0.236459 104.184 -0.124117 -15.7053 0.608516 0.781691 -0.0847888 0.107138 1
-0.384819 0.471546 1.37251 0.967304 -0.253569 -0.00514188 -0.0584076 -0.20299 -0.977437 0.246804 0.945779 -0.211164 101.732 -3.34842 -14.3134 0.623127 0.771599 -0.101081 0.0782992 1
-0.388524 0.477127 1.36525 0.962086 -0.271553 -0.0254727 -0.0873491 -0.218296 -0.971966 0.258379 0.93734 -0.233739 102.658 -5.01112 -15.0327 0.614421 0.776872 -0.115496 0.0749501 1
-0.39072 0.478219 1.35573 0.956601 -0.290938 -0.0164231 -0.0908549 -0.244232 -0.965451 0.276875 0.925044 -0.260066 104.196 -5.21279 -16.1424 0.602558 0.784363 -0.121689 0.083014 1
-0.389901 0.478907 1.34659 0.961395 -0.268557 -0.059971 -0.128657 -0.246047 -0.960681 0.243242 0.93131 -0.2711 104.366 -7.39202 -14.1984 0.600884 0.787169 -0.126153 0.0582057 1
-0.390618 0.478957 1.34483 0.964274 -0.256466 -0.0663343 -0.136708 -0.267285 -0.953871 0.226905 0.928862 -0.292797 105.653 -7.85738 -13.2415 0.592493 0.794411 -0.123731 0.0505314 1
-0.389154 0.481828 1.34359 0.968112 -0.240125 -0.0714103 -0.136416 -0.266218 -0.954211 0.21012 0.933525 -0.290485 105.589 -7.84052 -12.2456 0.594014 0.794483 -0.118486 0.0436477 1
-0.389548 0.484212 1.34054 0.97394 -0.212341 -0.0797005 -0.130615 -0.237828 -0.962485 0.18542 0.947813 -0.259365 103.88 -7.50514 -10.7791 0.607607 0.785992 -0.109084 0.0336263 1
-0.391589 0.485341 1.33812 0.977347 -0.196261 -0.0792084 -0.119288 -0.201682 -0.97216 0.174822 0.959587 -0.220524 101.72 -6.85099 -10.1415 0.623527 0.774525 -0.101852 0.030862 1
-0.392592 0.487258 1.33487 0.980163 -0.192186 -0.0484223 -0.0796498 -0.15825 -0.984181 0.181483 0.968515 -0.170419 99.1346 -4.56844 -10.4899 0.642552 0.759742 -0.0894501 0.0437849 1
-0.39245 0.488048 1.32994 0.981659 -0.189161 -0.0237205 -0.05064 -0.138776 -0.989028 0.183794 0.97209 -0.14581 97.9873 -2.9027 -10.6046 0.651359 0.752703 -0.0796468 0.0531663 1
-0.391655 0.487114 1.32855 0.989643 -0.14288 0.0138472 -0.00424298 -0.125536 -0.99208 0.143487 0.981746 -0.124842 97.2118 -0.243105 -8.24975 0.659406 0.748335 -0.0491502 0.0525614 1
-0.391668 0.484342 1.32781 0.993138 -0.112353 0.0324464 0.015715 -0.146716 -0.989054 0.115884 0.982777 -0.143943 98.4377 0.900441 -6.65544 0.652395 0.755612 -0.0319735 0.0490762 1
-0.392243 0.485453 1.32972 0.992745 -0.119278 0.0151997 -0.00476309 -0.165319 -0.986229 0.120148 0.979001 -0.164688 99.5159 -0.272906 -6.90071 0.644736 0.762029 -0.0406942 0.0444036 1
-0.392376 0.487422 1.33081 0.993688 -0.112141 0.00300758 -0.0150726 -0.16003 -0.986997 0.111164 0.980722 -0.16071 99.2097 -0.863629 -6.38315 0.646712 0.760662 -0.0418101 0.0375238 1
-0.393015 0.488055 1.32975 0.988445 -0.151247 -0.0100754 -0.0321981 -0.144542 -0.988975 0.148123 0.977871 -0.147742 98.3151 -1.84513 -8.52264 0.651184 0.755104 -0.0607351 0.0457049 1
-0.392625 0.489127 1.32966 0.973866 -0.226397 -0.0181198 -0.0460776 -0.118824 -0.991846 0.222398 0.96676 -0.12615 96.8315 -2.64099 -12.8638 0.657437 0.744789 -0.0914605 0.0685692 1
-0.39215 0.486606 1.32762 0.962335 -0.27141 -0.0157361 -0.0475343 -0.110987 -0.992684 0.267678 0.956043 -0.119708 96.3794 -2.72454 -15.5442 0.657959 0.740444 -0.107687 0.0850646 1
-0.392457 0.487448 1.32805 0.966649 -0.255274 -0.0205985 -0.0554755 -0.13019 -0.989936 0.250023 0.958064 -0.14001 97.4922 -3.18015 -14.5017 0.651239 0.747805 -0.103887 0.0766993 1
-0.392394 0.486674 1.32906 0.912105 -0.409537 -0.0185474 -0.0827043 -0.139507 -0.986761 0.401528 0.901564 -0.161115 98.0471 -4.74403 -23.7601 0.634721 0.743762 -0.165457 0.128731 1
-0.392296 0.485158 1.32748 0.889479 -0.456894 -0.00865949 -0.0827658 -0.142434 -0.986338 0.449418 0.878044 -0.164507 98.2171 -4.74756 -26.8057 0.628995 0.741016 -0.182067 0.148701 1
-0.392579 0.48512 1.32845 0.868228 -0.495949 -0.0146446 -0.107741 -0.15964 -0.981278 0.484326 0.853551 -0.192039 99.2403 -6.18513 -29.1542 0.615741 0.744968 -0.20259 0.157618 1
-0.39309 0.485299 1.32895 0.861683 -0.507394 -0.00731432 -0.110097 -0.172863 -0.978773 0.495359 0.844198 -0.204815 100.016 -6.32089 -29.8935 0.609099 0.748225 -0.206318 0.163068 1
-0.39335 0.485793 1.33014 0.857265 -0.51485 -0.0051169 -0.097055 -0.151828 -0.98363 0.505645 0.843729 -0.180126 98.7746 -5.56961 -30.5336 0.617517 0.739801 -0.20678 0.169143 1
-0.392426 0.485659 1.32888 0.857897 -0.513638 0.0137524 -0.0805936 -0.160948 -0.983667 0.507462 0.842776 -0.179472 99.2924 -4.62269 -30.6051 0.61593 0.741336 -0.200392 0.175769 1
-0.392911 0.486379 1.32855 0.879052 -0.47618 -0.0228219 -0.106576 -0.149633 -0.982981 0.464661 0.866523 -0.182285 98.6553 -6.11797 -27.8606 0.621919 0.743466 -0.195959 0.148574 1
-0.392147 0.485431 1.32893 0.899224 -0.436562 -0.0284519 -0.113806 -0.170629 -0.978741 0.422426 0.883346 -0.203117 99.8893 -6.53475 -25.1626 0.617551 0.753819 -0.182527 0.130659 1
-0.39213 0.484859 1.32785 0.910003 -0.414588 -0.00334013 -0.0875683 -0.184322 -0.978957 0.405248 0.891147 -0.204038 100.663 -5.02373 -24.0046 0.616774 0.758018 -0.165615 0.132552 1
-0.392325 0.48508 1.32858 0.92139 -0.388639 -0.000384253 -0.0726229 -0.171204 -0.982555 0.381794 0.905345 -0.18597 99.8842 -4.16465 -22.5075 0.625343 0.754746 -0.152787 0.126337 1
-0.391837 0.486035 1.32839 0.944483 -0.328415 0.00973272 -0.0369236 -0.135529 -0.990085 0.326478 0.934759 -0.140132 97.7946 -2.11605 -19.0686 0.645915 0.745007 -0.122596 0.112821 1
-0.392244 0.488043 1.32971 0.959515 -0.28153 0.00844321 -0.0221347 -0.105256 -0.994199 0.280786 0.953762 -0.107227 96.0434 -1.26833 -16.3112 0.660877 0.736885 -0.103023 0.0981256 1
-0.391829 0.489014 1.32803 0.970738 -0.240142 0.000641054 -0.0248464 -0.103092 -0.994361 0.238854 0.965248 -0.106042 95.9191 -1.42374 -13.8233 0.663627 0.73822 -0.089739 0.0811056 0
-0.392346 0.487485 1.32859 0.975547 -0.219545 -0.010417 -0.0418122 -0.138845 -0.989431 0.215778 0.965672 -0.14463 97.9881 -2.39636 -12.4723 0.650398 0.751502 -0.0869449 0.0683169 1
-0.392614 0.485741 1.32918 0.973346 -0.229337 -0.00121307 -0.0409583 -0.168625 -0.984829 0.225653 0.958629 -0.173524 99.7161 -2.34739 -13.0524 0.638592 0.760838 -0.0888149 0.0737475 0
-0.392487 0.485468 1.33 0.973468 -0.228563 -0.0109239 -0.0561706 -0.192411 -0.979706 0.221823 0.954325 -0.200144 101.111 -3.22003 -12.8367 0.628672 0.769094 -0.092555 0.0685544 1
-0.3919 0.484708 1.33061 0.983474 -0.181047 0.000994772 -0.0386713 -0.21543 -0.975753 0.176871 0.959589 -0.218871 102.45 -2.21626 -10.1953 0.622329 0.77746 -0.0706525 0.0571946 1
-0.392685 0.483414 1.32979 0.985745 -0.16781 0.0121335 -0.0260455 -0.223447 -0.974368 0.16622 0.960162 -0.224633 102.916 -1.49247 -9.5714 0.620013 0.780036 -0.0621304 0.057162 1
-0.391968 0.481544 1.32948 0.992136 -0.118496 0.0403066 0.0102595 -0.243956 -0.969732 0.124742 0.96252 -0.240822 104.121 0.587835 -7.16625 0.613872 0.786911 -0.0343865 0.0524357 1
-0.392563 0.482191 1.32931 0.991773 -0.121672 0.0397702 0.010594 -0.231603 -0.972753 0.127568 0.965171 -0.228409 103.392 0.607002 -7.32949 0.618822 0.782909 -0.0354698 0.0534348 1
-0.392195 0.482119 1.32876 0.990582 -0.133142 0.0319417 0.00197554 -0.219365 -0.975641 0.136906 0.966516 -0.217036 102.672 0.11319 -7.86885 0.623334 0.778939 -0.0420978 0.0541915 1
-0.392358 0.483279 1.32912 0.992404 -0.121012 0.0221539 -0.00402515 -0.211922 -0.977278 0.122957 0.969765 -0.210799 102.235 -0.230625 -7.06287 0.626435 0.777034 -0.040229 0.0466876 1
-0.392334 0.484785 1.32874 0.994019 -0.108245 0.014492 -0.00633652 -0.189639 -0.981833 0.109026 0.975869 -0.18919 100.932 -0.363058 -6.25932 0.635451 0.770203 -0.0371919 0.0400928 1
-0.392326 0.485363 1.32946 0.995298 -0.0967999 0.00332453 -0.0121955 -0.159297 -0.987155 0.0960861 0.982473 -0.159729 99.1668 -0.698767 -5.51425 0.647355 0.760645 -0.0358233 0.0326731 1
-0.392358 0.484703 1.32774 0.991996 -0.12605 -0.00747711 -0.0282786 -0.164058 -0.986045 0.123065 0.978364 -0.166309 99.4463 -1.62046 -7.07185 0.644521 0.761965 -0.0506352 0.0379242 1
-0.392034 0.483847 1.329 0.989207 -0.144282 0.0255365 -0.0054368 -0.210305 -0.977621 0.146423 0.966931 -0.208819 102.14 -0.311507 -8.41983 0.626515 0.77594 -0.0482378 0.0554037 1
-0.392005 0.483946 1.33018 0.984983 -0.171128 0.022871 -0.0147656 -0.215482 -0.976396 0.172017 0.961396 -0.214773 102.445 -0.846037 -9.9062 0.623444 0.777052 -0.0598073 0.0627011 1
-0.392621 0.486481 1.33036 0.983152 -0.182782 0.0016478 -0.0333848 -0.18842 -0.981521 0.179715 0.964929 -0.191347 100.867 -1.91316 -10.359 0.633124 0.768589 -0.0703128 0.058992 1
-0.392081 0.488416 1.3291 0.987816 -0.154924 -0.014781 -0.0382938 -0.149907 -0.987958 0.150843 0.976487 -0.154013 98.6279 -2.19461 -8.68218 0.648825 0.756924 -0.0638168 0.044939 1
-0.39261 0.487832 1.32765 0.995271 -0.0874713 -0.0422374 -0.0542978 -0.140449 -0.988598 0.0805418 0.986216 -0.144534 98.0858 -3.11256 -4.62655 0.65389 0.755026 -0.0469418 0.0126832 1
-0.392366 0.488095 1.32729 0.998667 -0.0368674 -0.0361159 -0.039913 -0.108075 -0.993341 0.0327187 0.993459 -0.109402 96.2093 -2.28746 -1.87648 0.667306 0.744336 -0.0257882 -0.001141 0
-0.391755 0.4876 1.32632 0.999967 -0.00739937 -0.00322129 -0.0041142 -0.12402 -0.992271 0.00694268 0.992252 -0.124047 97.1242 -0.235727 -0.397793 0.661797 0.749672 -0.00383953 0.001241 1
-0.392001 0.487058 1.32804 0.999788 -0.0189818 0.00801507 0.0053188 -0.138056 -0.99041 0.0199063 0.990243 -0.137925 97.9355 0.304746 -1.14064 0.656469 0.754283 -0.00452848 0.00925428 1
-0.392313 0.488159 1.32869 0.999368 -0.0347559 -0.00751731 -0.0122867 -0.139121 -0.990199 0.0333694 0.989665 -0.13946 97.9976 -0.703993 -1.91243 0.655894 0.754644 -0.0155844 0.00856433 0
-0.392428 0.488272 1.32873 0.998532 -0.0518427 -0.0157086 -0.0223506 -0.130138 -0.991244 0.0493445 0.99014 -0.131106 97.4794 -1.2807 -2.82909 0.659031 0.751627 -0.0246776 0.0111877 1
-0.392307 0.488827 1.32758 0.99872 -0.0324293 -0.0388053 -0.0425487 -0.124093 -0.991358 0.0273336 0.99174 -0.125314 97.1349 -2.4386 -1.56771 0.661308 0.749688 -0.0250031 -0.00382552 0
-0.391922 0.488759 1.3274 0.998657 -0.049764 -0.0143861 -0.0203542 -0.121584 -0.992372 0.0476353 0.991333 -0.122434 96.985 -1.16629 -2.7309 0.662314 0.748778 -0.0234109 0.0111011 1
