-0.337081 -0.387191 1.45718 0.803836 0.594801 -0.00774584 0.176352 -0.250724 -0.95186 -0.568109 0.763773 -0.306435 104.757 10.1573 35.2507 0.558274 0.768276 0.250936 -0.187385 0
-0.33544 -0.386332 1.45716 0.778634 0.627227 0.0177674 0.191586 -0.210678 -0.958598 -0.597515 0.749801 -0.284209 102.395 11.0453 37.5022 0.566513 0.75391 0.271522 -0.192247 0
-0.335641 -0.386472 1.45774 0.762495 0.646278 0.0304299 0.192085 -0.181213 -0.964503 -0.617823 0.741274 -0.262314 100.641 11.0745 39.0166 0.574232 0.742634 0.282226 -0.19774 0
-0.336681 -0.386501 1.45958 0.745117 0.66627 0.029753 0.185432 -0.164111 -0.968856 -0.640637 0.727429 -0.245829 99.6138 10.6863 40.6883 0.577749 0.734006 0.290087 -0.208065 0
-0.337801 -0.387919 1.46464 0.731065 0.6816 0.0310671 0.189122 -0.158678 -0.969048 -0.655573 0.714313 -0.24491 99.2995 10.9016 41.8837 0.576081 0.730523 0.297979 -0.213719 0
-0.332828 -0.391281 1.47877 0.736221 0.675086 0.0473002 0.175662 -0.123135 -0.976719 -0.653545 0.72739 -0.209241 97.1854 10.1172 41.5955 0.59242 0.719131 0.295755 -0.210756 0
-0.327484 -0.392114 1.48264 0.738854 0.672879 0.0364358 0.170316 -0.134154 -0.976215 -0.651987 0.727486 -0.213722 97.8247 9.80618 41.4261 0.589699 0.722276 0.291854 -0.213059 0
-0.313263 -0.393745 1.48683 0.745454 0.665281 0.0412265 0.192642 -0.155822 -0.968818 -0.638112 0.730152 -0.244319 99.137 11.107 40.5637 0.579938 0.732393 0.292849 -0.203745 0
-0.311387 -0.394681 1.4893 0.749786 0.660771 0.0346611 0.197303 -0.173267 -0.964909 -0.631579 0.730315 -0.260286 100.18 11.3793 40.1089 0.573636 0.738806 0.290358 -0.201987 0
-0.313386 -0.393491 1.49396 0.770012 0.637742 0.0191723 0.179625 -0.187851 -0.965633 -0.612223 0.746992 -0.259202 101.009 10.3479 38.4876 0.5751 0.74449 0.274472 -0.199146 0
-0.316552 -0.385509 1.50544 0.81316 0.581983 0.00814061 0.152644 -0.19974 -0.967886 -0.561667 0.788289 -0.251257 101.66 8.78021 34.6337 0.583559 0.752356 0.244109 -0.183931 0
-0.317704 -0.37224 1.51145 0.804621 0.592915 0.0321862 0.179062 -0.190602 -0.965198 -0.566146 0.782382 -0.259531 101.171 10.3151 35.1309 0.581912 0.750792 0.257054 -0.177799 0
-0.318489 -0.361182 1.51518 0.796774 0.603119 0.0373874 0.183443 -0.182465 -0.965948 -0.57576 0.776501 -0.256021 100.697 10.5704 35.8524 0.582728 0.747539 0.26305 -0.180048 0
-0.319266 -0.356895 1.52081 0.823598 0.566471 0.0282374 0.171545 -0.201339 -0.964383 -0.54061 0.799108 -0.262997 101.793 9.87767 33.2809 0.582937 0.756296 0.243958 -0.169369 0
-0.317145 -0.353684 1.53247 0.812782 0.582109 0.0231072 0.167653 -0.195735 -0.96622 -0.557922 0.7892 -0.256682 101.452 9.65139 34.4671 0.583174 0.752529 0.249081 -0.177673 0
-0.320487 -0.366236 1.5542 0.877932 0.4786 0.013346 0.158289 -0.263829 -0.951493 -0.451863 0.837458 -0.307381 105.498 9.10762 27.2345 0.571559 0.782487 0.203483 -0.140104 0
-0.324304 -0.37462 1.56901 0.92251 0.382159 0.054128 0.169914 -0.276178 -0.945968 -0.346561 0.881862 -0.319711 106.275 9.78281 20.5898 0.575895 0.793473 0.173942 -0.0921371 0
-0.326681 -0.376837 1.58 0.943887 0.324858 0.0595398 0.153927 -0.273205 -0.949561 -0.292206 0.905442 -0.307879 106.051 8.85457 17.2014 0.583696 0.794508 0.150655 -0.0732109 0
-0.329025 -0.374633 1.59146 0.967751 0.250378 0.0277099 0.0858331 -0.224326 -0.970727 -0.236833 0.941801 -0.238583 103.012 4.92393 13.7514 0.61336 0.779529 0.107825 -0.0670671 0
-0.331295 -0.375229 1.60188 0.985876 0.163732 0.0352281 0.068296 -0.200975 -0.977213 -0.152921 0.965816 -0.209319 101.622 3.91612 8.817 0.627611 0.773978 0.0749466 -0.0380156 0
-0.332434 -0.370642 1.60953 0.988346 0.151552 0.0142595 0.0461819 -0.209271 -0.976766 -0.145047 0.966042 -0.213832 102.093 2.64697 8.34896 0.625548 0.776442 0.0636666 -0.0421111 0
-0.334119 -0.357082 1.61804 0.986795 0.161388 0.0137604 0.0480699 -0.210671 -0.976374 -0.154676 0.964143 -0.215647 102.176 2.75526 8.9084 0.624595 0.77671 0.0674183 -0.0453567 0
-0.333732 -0.356301 1.61761 0.980582 0.193646 0.0309731 0.0707025 -0.201774 -0.976877 -0.182919 0.960098 -0.211547 101.67 4.05434 10.5666 0.625951 0.773612 0.0854267 -0.0491026 0
-0.337117 -0.344628 1.63242 0.986106 0.161248 0.0399181 0.0724716 -0.201376 -0.976829 -0.149473 0.96615 -0.210264 101.649 4.15596 8.61923 0.627389 0.774233 0.0754681 -0.0353753 0
-0.341218 -0.331611 1.65047 0.993117 0.11085 0.0378243 0.0596226 -0.200492 -0.977879 -0.100815 0.973404 -0.205721 101.587 3.41815 5.79644 0.629862 0.774489 0.0550276 -0.0203329 0
-0.341219 -0.33715 1.65161 0.994312 0.105123 0.0171168 0.0353109 -0.173743 -0.984158 -0.100484 0.979164 -0.176467 100.012 2.02358 5.77064 0.641113 0.765591 0.045858 -0.027223 0
-0.340043 -0.340855 1.65655 0.995833 0.0878112 0.0246118 0.0408003 -0.187636 -0.981391 -0.081559 0.978306 -0.190437 100.824 2.33834 4.68209 0.635956 0.770374 0.0417367 -0.0184804 0
-0.335398 -0.347404 1.66113 0.996768 0.0573325 0.0562789 0.0678267 -0.22511 -0.97197 -0.0430565 0.972645 -0.228271 103.04 3.88917 2.47342 0.621166 0.782647 0.0399794 0.00422359 0
-0.33156 -0.346966 1.66884 0.997815 0.0499849 0.0432056 0.0529782 -0.214569 -0.975271 -0.0394782 0.975429 -0.216748 102.408 3.03685 2.2657 0.625799 0.779284 0.0330313 0.0011958 0
-0.315147 -0.346674 1.67271 0.997925 0.0558421 0.03204 0.0443072 -0.234628 -0.971075 -0.0467094 0.97048 -0.236616 103.583 2.53945 2.67986 0.617795 0.785679 0.0318671 -0.00466775 0
-0.301114 -0.347899 1.67619 0.997921 0.0598629 0.0238741 0.0384886 -0.256438 -0.965794 -0.051693 0.964705 -0.258209 104.87 2.20578 2.96531 0.608949 0.792554 0.0310236 -0.0087751 0
-0.294257 -0.349141 1.68133 0.998793 0.0439621 0.0219194 0.0323989 -0.254125 -0.966628 -0.0369247 0.966172 -0.255243 104.73 1.85665 2.11722 0.61021 0.791859 0.0241081 -0.00473737 0
-0.26536 -0.349744 1.67884 0.999399 -0.028398 -0.0198818 -0.0263102 -0.247918 -0.968424 0.0225722 0.968365 -0.248516 104.359 -1.50764 -1.29385 0.612977 0.78991 -0.0173147 0.000851493 0
-0.252268 -0.342482 1.68241 0.996898 -0.0785069 -0.00560687 -0.0235652 -0.229748 -0.972965 0.0750963 0.970079 -0.230886 103.286 -1.35031 -4.30795 0.61973 0.783826 -0.0325557 0.0221635 0
-0.243157 -0.329711 1.68685 0.997254 -0.0740193 -0.00228602 -0.0195444 -0.233294 -0.97221 0.071429 0.969585 -0.2341 103.494 -1.11988 -4.09685 0.618438 0.78496 -0.0297989 0.0220212 0
-0.234193 -0.31729 1.69112 0.996866 -0.0778983 0.0137667 -0.00668538 -0.256369 -0.966556 0.0788224 0.963435 -0.256087 104.855 -0.383047 -4.52098 0.609182 0.792042 -0.026698 0.0292248 0
-0.222982 -0.305668 1.69496 0.996887 -0.0770142 0.016872 -0.00184354 -0.236713 -0.971578 0.0788191 0.968523 -0.236118 103.693 -0.105627 -4.5207 0.617263 0.785767 -0.0250894 0.0304451 0
-0.220332 -0.29432 1.69769 0.996588 -0.0786229 0.0251229 0.00864337 -0.203292 -0.97908 0.0820854 0.975956 -0.201919 101.73 0.495235 -4.70862 0.630749 0.774887 -0.0225773 0.0345883 0
-0.220843 -0.290388 1.69639 0.999237 -0.0386497 0.00562604 -0.00166437 -0.186053 -0.982538 0.0390215 0.981779 -0.185976 100.723 -0.0953612 -2.23634 0.63781 0.769946 -0.0130899 0.014497 0
-0.221228 -0.281237 1.70411 0.99309 -0.117169 -0.00657394 -0.027125 -0.174682 -0.984251 0.114175 0.977629 -0.176653 100.064 -1.55434 -6.55847 0.640655 0.765576 -0.0471193 0.0351373 0
-0.229783 -0.279152 1.70836 0.984952 -0.171819 0.0186348 -0.00844619 -0.155549 -0.987792 0.17262 0.972771 -0.15466 98.949 -0.483937 -9.94057 0.647059 0.757489 -0.0594944 0.0631214 0
-0.220242 -0.257118 1.68717 0.999947 -0.0100116 0.00222576 0.000522662 -0.166994 -0.985958 0.0102427 0.985907 -0.16698 99.6131 0.0299463 -0.586873 0.645363 0.763859 -0.00310558 0.00408074 1
-0.220039 -0.2455 1.684 0.999622 -0.0242618 0.0129517 0.00920737 -0.148529 -0.988865 0.0259153 0.98861 -0.14825 98.5421 0.527551 -1.48507 0.652465 0.757694 -0.00496717 0.0128241 1
-0.221263 -0.239403 1.68596 0.998535 -0.00226931 0.0540625 0.053304 -0.130571 -0.990005 0.00930561 0.991436 -0.130258 97.5133 3.05554 -0.533939 0.65911 0.751559 0.0169763 0.0210789 1
-0.225404 -0.234722 1.67863 0.999724 -0.0190557 0.0137322 0.0114737 -0.113946 -0.993421 0.020495 0.993304 -0.113696 96.5433 0.657409 -1.17444 0.665598 0.746218 -0.00254014 0.0114669 1
-0.231159 -0.224276 1.67641 0.998414 -0.0488889 0.0279257 0.0211415 -0.134161 -0.990734 0.0521824 0.989753 -0.132915 97.7118 1.21141 -2.99186