-0.336355 -0.38613 1.45542 0.824004 0.56627 0.0188589 0.207573 -0.270742 -0.940007 -0.527192 0.778484 -0.340635 106.068 11.9801 32.6108 0.550597 0.780285 0.247936 -0.162868 0
-0.336726 -0.376471 1.45624 0.811279 0.584418 0.0167908 0.206278 -0.259244 -0.943526 -0.547061 0.768927 -0.330872 105.363 11.9043 33.9925 0.552531 0.774822 0.255122 -0.171094 0
-0.344757 -0.365827 1.45405 0.790944 0.60901 0.059277 0.244231 -0.225391 -0.943159 -0.561033 0.760464 -0.327011 103.44 14.1364 35.3489 0.556449 0.7654 0.278691 -0.163887 0
-0.3474 -0.352192 1.4534 0.775492 0.622822 0.103464 0.270359 -0.1795 -0.945878 -0.570542 0.761493 -0.307587 100.745 15.6856 36.3425 0.56754 0.752094 0.296898 -0.155259 0
-0.349787 -0.338886 1.45907 0.771587 0.621614 0.135094 0.288359 -0.15249 -0.945302 -0.567012 0.768338 -0.296908 99.1637 16.7598 36.3109 0.574932 0.745148 0.305299 -0.14491 0
-0.348384 -0.323596 1.46589 0.778203 0.615088 0.126755 0.271545 -0.147569 -0.951045 -0.566271 0.774526 -0.281862 98.8199 15.7562 36.0421 0.580683 0.742905 0.298366 -0.147904 0
-0.347403 -0.314549 1.46621 0.761008 0.646153 0.0579123 0.183579 -0.128868 -0.974521 -0.622227 0.75225 -0.216689 97.5329 10.5783 39.2706 0.594864 0.7257 0.285838 -0.194403 0
-0.34881 -0.312102 1.46929 0.753917 0.656901 0.00948821 0.132713 -0.138137 -0.981481 -0.643425 0.741215 -0.191324 98.0114 7.62642 40.4789 0.596753 0.721696 0.273527 -0.2196 0
-0.346976 -0.312233 1.46525 0.744177 0.66793 0.00841536 0.128813 -0.131134 -0.98296 -0.655445 0.73258 -0.183625 97.5988 7.40103 41.3725 0.597791 0.71745 0.27763 -0.225462 0
-0.34673 -0.314732 1.46434 0.728622 0.683589 0.0426162 0.176862 -0.127673 -0.97592 -0.661687 0.718614 -0.213926 97.4533 10.187 42.2437 0.58886 0.719413 0.299011 -0.21513 0
-0.346594 -0.314997 1.46553 0.731414 0.680438 0.0451346 0.205395 -0.156703 -0.966052 -0.650266 0.715855 -0.254374 99.2137 11.8527 41.6388 0.57453 0.731863 0.302596 -0.206709 0
-0.34691 -0.315933 1.4658 0.732226 0.679483 0.0463497 0.220909 -0.172578 -0.959904 -0.64424 0.713106 -0.27647 100.192 12.7624 41.3425 0.566387 0.738457 0.304822 -0.202412 0
-0.346592 -0.315574 1.46612 0.74299 0.667285 0.0519351 0.227574 -0.178894 -0.957187 -0.629426 0.722999 -0.284773 100.586 13.1543 40.2697 0.565536 0.742741 0.301202 -0.194378 0
-0.346835 -0.316194 1.46659 0.760398 0.648575 0.0338556 0.221309 -0.209752 -0.952379 -0.610588 0.73168 -0.30303 102.421 12.7859 38.7639 0.558484 0.753853 0.288479 -0.191261 0
-0.347385 -0.316354 1.46549 0.773194 0.633431 0.0305972 0.221053 -0.223978 -0.949194 -0.594396 0.740675 -0.3132 103.277 12.7709 37.5515 0.555881 0.759995 0.281082 -0.185461 0
-0.346396 -0.316889 1.46603 0.787545 0.615343 0.0335474 0.217811 -0.227015 -0.949222 -0.576481 0.754862 -0.312813 103.45 12.5805 36.204 0.558506 0.762787 0.273063 -0.177944 0
-0.347199 -0.316333 1.46568 0.786256 0.615045 0.0593466 0.237505 -0.212152 -0.947936 -0.570433 0.759415 -0.312882 102.615 13.7393 35.9611 0.561521 0.760146 0.28039 -0.168088 0
-0.346626 -0.316633 1.4661 0.810362 0.585517 0.0220053 0.199161 -0.239932 -0.950141 -0.551044 0.77434 -0.311043 104.172 11.4879 34.2156 0.561112 0.768332 0.255318 -0.172139 0
-0.34631 -0.315609 1.46158 0.873355 0.485961 0.0330546 0.193159 -0.283244 -0.939395 -0.447147 0.82681 -0.34124 106.779 11.1372 27.1119 0.558765 0.790228 0.21485 -0.131004 0
-0.345375 -0.315044 1.4608 0.88836 0.457986 0.0326523 0.175606 -0.273194 -0.945795 -0.42424 0.84594 -0.32312 106.111 10.1139 25.527 0.568341 0.788142 0.200976 -0.124212 0
-0.345312 -0.314622 1.46067 0.898062 0.436273 0.0561274 0.17922 -0.246386 -0.952457 -0.401702 0.865425 -0.299459 104.504 10.3243 24.0989 0.581424 0.78165 0.196857 -0.110527 0
-0.34547 -0.314242 1.46146 0.886285 0.460576 0.0486781 0.178276 -0.242261 -0.953691 -0.427454 0.85392 -0.296822 104.253 10.2694 25.748 0.580345 0.77868 0.205107 -0.121608 0
-0.345154 -0.316824 1.45928 0.862005 0.506286 0.0249175 0.165787 -0.235135 -0.957719 -0.479021 0.82969 -0.286623 103.794 9.54297 29.0612 0.578845 0.771972 0.217648 -0.14706 0
-0.345451 -0.316746 1.45958 0.843936 0.53574 0.0274802 0.174647 -0.225959 -0.958353 -0.507219 0.813588 -0.28426 103.267 10.0581 31.0066 0.577433 0.767163 0.231498 -0.156335 0
-0.345301 -0.314287 1.46136 0.849517 0.526792 0.0284933 0.173935 -0.228684 -0.957836 -0.498064 0.818654 -0.285898 103.428 10.0167 30.3827 0.577697 0.768781 0.227869 -0.1527 0
-0.344966 -0.316744 1.45984 0.738815 0.673295 0.0287371 0.200144 -0.178502 -0.963369 -0.643502 0.717503 -0.266636 100.497 11.5454 41.0556 0.5687 0.73891 0.295516 -0.207997 0
-0.345417 -0.314593 1.46049 0.693903 0.719596 0.0260738 0.207432 -0.165088 -0.964219 -0.689543 0.674483 -0.263823 99.7157 11.9719 44.8194 0.562359 0.728494 0.318132 -0.227685 0
-0.345998 -0.313715 1.46056 0.667415 0.743446 0.0429508 0.227574 -0.148703 -0.96234 -0.709061 0.652054 -0.268436 98.784 13.1543 46.733 0.559079 0.721899 0.336273 -0.23068 0
-0.345756 -0.31351 1.46058 0.671587 0.740577 0.0227302 0.232613 -0.181618 -0.955461 -0.703464 0.646963 -0.29424 100.763 13.451 46.328 0.546747 0.732708 0.332052 -0.232266 0
-0.345855 -0.31481 1.45902 0.675733 0.736278 0.0357706 0.256217 -0.189094 -0.947943 -0.691186 0.649721 -0.316424 101.281 14.8457 45.6477 0.540882 0.738453 0.336005 -0.221888 0
-0.34612 -0.314666 1.45918 0.631173 0.774085 0.0491283 0.255963 -0.148079 -0.955278 -0.732191 0.61552 -0.2916 98.8114 14.8306 49.2376 0.545778 0.719523 0.357893 -0.237332 0
-0.346355 -0.314304 1.45976 0.623183 0.780402 0.0511447 0.26548 -0.149577 -0.952443 -0.735638 0.607124 -0.300395 98.9251 15.3955 49.731 0.541574 0.719923 0.363192 -0.237697 0
-0.346393 -0.313908 1.45848 0.600801 0.797842 0.0498748 0.26859 -0.142706 -0.952625 -0.752926 0.585733 -0.30003 98.5197 15.5804 51.4117 0.538067 0.714762 0.373002 -0.245904 0
-0.347003 -0.313905 1.45756 0.632046 0.773845 0.041021 0.253455 -0.156408 -0.954619 -0.732311 0.61376 -0.294992 99.3049 14.6821 49.203 0.543287 0.721707 0.355857 -0.239463 0
-0.346558 -0.313824 1.45842 0.65138 0.758111 0.0311753 0.227229 -0.155707 -0.961313 -0.723928 0.633264 -0.273689 99.2005 13.134 48.0196 0.552717 0.721245 0.341542 -0.240124 0
-0.345688 -0.313891 1.45953 0.643846 0.764142 0.0393521 0.247259 -0.159112 -0.955796 -0.724103 0.625116 -0.291385 99.4514 14.3154 48.3576 0.546203 0.723592 0.349438 -0.23658 0
-0.346068 -0.313084 1.45898 0.635235 0.771617 0.0329286 0.235338 -0.152782 -0.95983 -0.73559 0.617467 -0.278643 99.0442 13.6116 49.187 0.548591 0.718794 0.350224 -0.244389 0
-0.346286 -0.313925 1.45892 0.638525 0.768689 0.0374666 0.232379 -0.146162 -0.96158 -0.73368 0.622699 -0.271955 98.6429 13.4372 48.9668 0.55236 0.71705 0.349023 -0.242735 0
-0.345019 -0.313654 1.45572 0.614774 0.787473 0.0440368 0.243694 -0.136555 -0.960191 -0.75011 0.601032 -0.275853 98.0941 14.1047 50.6627 0.548262 0.711896 0.36212 -0.247955 0
-0.344984 -0.313374 1.45651 0.602699 0.796766 0.0438027 0.248906 -0.135559 -0.958994 -0.758156 0.588887 -0.280021 98.0458 14.4128 51.5169 0.544775 0.710331 0.368023 -0.251416 0
-0.34547 -0.313732 1.45571 0.590399 0.805873 0.0446876 0.276489 -0.149923 -0.949251 -0.758276 0.572792 -0.31133 98.9751 16.0508 52.0954 0.531306 0.716179 0.377825 -0.249096 0
-0.344914 -0.313737 1.45567 0.608086 0.792097 0.0530356 0.272993 -0.145906 -0.950887 -0.745457 0.5927 -0.30496 98.7236 15.8424 50.7951 0.537871 0.717453 0.371136 -0.241278 0
-0.345338 -0.313581 1.45632 0.597895 0.800093 0.048707 0.263135 -0.138513 -0.954764 -0.757154 0.583665 -0.293349 98.2546 15.2562 51.7032 0.539915 0.712348 0.373142 -0.248631 0
-0.345395 -0.31427 1.45612 0.585193 0.809361 0.0498416 0.268316 -0.135265 -0.953787 -0.765216 0.571523 -0.296321 98.0718 15.5641 52.5933 0.53703 0.710067 0.379428 -0.251869 0
-0.345384 -0.313062 1.45549 0.592904 0.803905 0.0469148 0.244459 -0.124174 -0.961676 -0.767271 0.58165 -0.270145 97.3575 14.1499 52.3051 0.547399 0.704845 0.371842 -0.255502 0
-0.345482 -0.312905 1.45569 0.566494 0.822738 0.0467594 0.259105 -0.123967 -0.957861 -0.782272 0.554737 -0.283402 97.3743 15.017 54.0893 0.538313 0.702471 0.385013 -0.261759 0
-0.344918 -0.31368 1.45537 0.574769 0.817349 0.0397754 0.25009 -0.12917 -0.959568 -0.779163 0.561477 -0.278654 97.6667 14.4829 53.5848 0.540126 0.704023 0.37905 -0.262558 0
-0.344211 -0.312386 1.45534 0.518644 0.85381 0.044908 0.267111 -0.111913 -0.957145 -0.812194 0.508414 -0.286105 96.6689 15.4924 57.4388 0.529298 0.692218 0.40483 -0.277112 0
-0.344841 -0.313095 1.45533 0.476455 0.877169 0.0597072 0.284187 -0.0893854 -0.954593 -0.832003 0.471789 -0.291868 95.3494 16.5102 60.2019 0.523259 0.681489 0.426036 -0.283312 0
-0.344234 -0.312978 1.45376 0.350396 0.934468 0.0631879 0.280081 -0.0401657 -0.959136 -0.893743 0.353775 -0.275801 92.398 16.265 68.5921 0.508535 0.645438 0.470436 -0.321702 0
-0.344304 -0.312582 1.45385 0.327418 0.94416 0.0368639 0.230952 -0.0421371 -0.972052 -0.91622 0.326782 -0.231852 92.4821 13.3531 70.3352 0.513184 0.632734 0.4643 -0.347443 0
-0.344231 -0.310994 1.45625 0.343684 0.939038 0.00938665 0.245906 -0.0803448 -0.965958 -0.906317 0.334293 -0.258528 94.7547 14.2354 69.2328 0.501201 0.648567 0.456755 -0.345736 0
-0.344595 -0.312371 1.45512 0.263765 0.963266 0.0504682 0.277171 -0.0255737 -0.96048 -0.923907 0.26733 -0.273734 91.5252 16.0914 74.0665 0.491034 0.625115 0.496083 -0.349311 0
-0.344786 -0.313108 1.45525 0.237839 0.969965 0.0509877 0.299546 -0.0233117 -0.953797 -0.923962 0.242123 -0.296093 91.4001 17.4303 75.5648 0.479175 0.623948 0.508661 -0.349778 0
-0.344492 -0.312122 1.45539 0.213576 0.976273 0.0357393 0.290534 -0.0285458 -0.956439 -0.932725 0.214655 -0.289737 91.7095 16.8899 77.1027 0.4731 0.618841 0.511765 -0.362365 0
-0.344724 -0.312967 1.45502 0.230697 0.972358 0.0360513 0.279618 -0.0307619 -0.959618 -0.931983 0.231461 -0.278986 91.8361 16.2374 76.0969 0.47983 0.620573 0.504363 -0.360929 0
-0.345169 -0.312287 1.45466 0.224194 0.973716 0.0401667 0.264401 -0.0211038 -0.964182 -0.937992 0.226784 -0.262183 91.2539 15.3314 76.5576 0.485002 0.613898 0.504204 -0.365625 0
-0.344661 -0.31247 1.4541 0.259245 0.964671 0.0469226 0.284779 -0.029927 -0.958126 -0.922872 0.261752 -0.282477 91.789 16.5456 74.3094 0.486529 0.626827 0.498323 -0.349359 0
-0.344697 -0.313409 1.45486 0.258582 0.96525 0.0377925 0.28509 -0.038876 -0.957712 -0.922962 0.258422 -0.285236 92.3245 16.5642 74.349 0.48334 0.629026 0.496935 -0.351802 0
-0.344105 -0.313871 1.45349 0.268015 0.962187 0.0486182 0.311807 -0.0388834 -0.94935 -0.911562 0.269599 -0.310438 92.3454 18.1681 73.6158 0.479243 0.635873 0.500884 -0.339275 0
-0.344785 -0.313925 1.4542 0.120828 0.991599 0.0461722 0.275828 0.0111441 -0.961143 -0.953583 0.128868 -0.272164 89.3357 16.0113 82.7786 0.463629 0.58776 0.539092 -0.385961 0
-0.344438 -0.312934 1.4541 0.0678073 0.996699 0.0446419 0.273309 0.0244768 -0.961615 -0.959533 0.0774055 -0.270747 88.5419 15.8613 85.9578 0.453193 0.573166 0.553944 -0.399052 0
-0.345072 -0.313173 1.45496 0.0590113 0.997743 0.0320252 0.278957 0.0143212 -0.960197 -0.958489 0.0655962 -0.277482 89.1455 16.198 86.4769 0.446052 0.574929 0.555156 -0.40286 0
-0.344804 -0.312999 1.45441 0.0444963 0.997925 0.0465465 0.294641 0.0314109 -0.955092 -0.954571 0.0562126 -0.292632 88.1163 17.136 87.3312 0.442514 0.57134 0.565585 -0.397322 0
-0.34471 -0.313048 1.45431 0.109522 0.992905 0.0463139 0.288317 0.0128574 -0.957449 -0.951251 0.118215 -0.284863 89.2306 16.7572 83.4322 0.457579 0.587692 0.545023 -0.384954 0
-0.344823 -0.313456 1.45452 0.111736 0.99179 0.0621848 0.301702 0.0257661 -0.953054 -0.946832 0.125251 -0.296346 88.4514 17.5599 83.2697 0.458573 0.58786 0.550086 -0.376215 0
-0.345305 -0.3122 1.45403 0.106905 0.992646 0.0567992 0.277176 0.0251083 -0.960491 -0.954853 0.118424 -0.272453 88.5026 16.0917 83.6118 0.463562 0.581861 0.545586 -0.385854 0
-0.344593 -0.312455 1.45278 0.123344 0.990698 0.0574822 0.289405 0.019496 -0.957008 -0.949227 0.134677 -0.284308 88.8329 16.8223 82.5964 0.463285 0.5891 0.543245 -0.378435 0
-0.344113 -0.312891 1.45341 0.232742 0.971212 0.0507867 0.294895 -0.0207141 -0.955305 -0.926751 0.237317 -0.291227 91.2422 17.1513 75.9024 0.479792 0.621426 0.509355 -0.352401 0
-0.344527 -0.312813 1.45466 0.24196 0.969422 0.0409535 0.30701 -0.0364515 -0.951008 -0.920435 0.242679 -0.306442 92.195 17.8791 75.2716 0.474095 0.629455 0.506959 -0.349303 0
-0.344504 -0.312646 1.45374 0.32382 0.945244 0.0406661 0.29203 -0.0589753 -0.954589 -0.899921 0.320991 -0.295137 93.5353 16.9796 70.2096 0.492369 0.647675 0.477583 -0.331669 0
-0.345438 -0.311414 1.45334 0.436134 0.898522 0.0494571 0.250199 -0.0682849 -0.965783 -0.8644 0.433585 -0.25459 94.0443 14.4893 63.2267 0.527555 0.663138 0.433062 -0.30723 0
-0.344983 -0.313396 1.45347 0.434811 0.899246 0.0479072 0.270808 -0.0798358 -0.959317 -0.858838 0.430096 -0.278236 94.7573 15.7123 63.1479 0.51883 0.669493 0.436918 -0.302815 0
-0.344087 -0.312425 1.45391 0.426711 0.90282 0.0532233 0.276409 -0.0741562 -0.958175 -0.861113 0.423575 -0.281191 94.4255 16.046 63.64 0.517534 0.667469 0.44168 -0.302594 0
-0.3446 -0.312543 1.45258 0.440469 0.896574 0.0462888 0.266393 -0.081288 -0.960431 -0.857334 0.435371 -0.274646 94.8378 15.4498 62.8075 0.520705 0.67015 0.433846 -0.302561 0
-0.344887 -0.313643 1.45269 0.468244 0.88211 0.0512753 0.283307 -0.0949127 -0.954321 -0.83695 0.461381 -0.29435 95.6797 16.4577 60.7745 0.51937 0.681452 0.427549 -0.288236 0
-0.344701 -0.312855 1.45224 0.496141 0.86669 0.0518971 0.277222 -0.101486 -0.955431 -0.822795 0.488415 -0.290617 96.0632 16.0945 58.9103 0.525366 0.687067 0.41623 -0.280503 0
-0.344812 -0.312773 1.45255 0.506548 0.860887 0.0477784 0.281667 -0.112851 -0.952853 -0.814907 0.496123 -0.299648 96.7544 16.3597 58.1348 0.522984 0.692648 0.412386 -0.276882 0
-0.344698 -0.311819 1.45222 0.476989 0.877814 0.0438737 0.265932 -0.0965641 -0.959143 -0.837712 0.469168 -0.279498 95.749 15.4223 60.3431 0.524625 0.680634 0.420103 -0.291581 0
-0.344583 -0.312672 1.45228 0.489384 0.870095 0.0586366 0.271322 -0.0880134 -0.958456 -0.828787 0.484963 -0.279148 95.2467 15.7429 59.4389 0.529675 0.681276 0.418853 -0.282613 0
-0.344649 -0.312326 1.45205 0.366842 0.929466 0.038994 0.27967 -0.0702091 -0.957526 -0.887249 0.362166 -0.285699 94.1936 16.2405 67.5369 0.502726 0.656268 0.46061 -0.323136 0
-0.344501 -0.312487 1.45218 0.395789 0.916842 0.0524485 0.277843 -0.0651146 -0.958417 -0.875302 0.393903 -0.28051 93.8867 16.1315 65.6687 0.512388 0.659813 0.452661 -0.311775 0
-0.345081 -0.311593 1.45342 0.388033 0.920966 0.0353938 0.24121 -0.0644154 -0.968333 -0.889521 0.384283 -0.247141 93.8058 13.9579 66.4319 0.518767 0.651842 0.445728 -0.327583 0
-0.344761 -0.310848 1.45258 0.404204 0.914153 0.0307139 0.228509 -0.0684097 -0.971135 -0.885665 0.399556 -0.236544 94.0294 13.2093 65.4687 0.524226 0.653674 0.437015 -0.326979 0
-0.344954 -0.313505 1.45223 0.370605 0.92741 0.0506208 0.281927 -0.0603963 -0.957533 -0.884969 0.369138 -0.283845 93.6091 16.3752 67.2772 0.506548 0.654761 0.461748 -0.31857 0
-0.344948 -0.312162 1.45253 0.408933 0.911587 0.0422139 0.245698 -0.0654327 -0.967135 -0.878866 0.405866 -0.250733 93.8705 14.2231 65.0476 0.522678 0.656715 0.440559 -0.318499 0
-0.344262 -0.311231 1.45125 0.419001 0.907312 0.0349797 0.252701 -0.0795227 -0.964271 -0.872113 0.412869 -0.262598 94.7145 14.6374 64.3384 0.518864 0.663536 0.437057 -0.315406 0
-0.344723 -0.311795 1.45285 0.396277 0.916998 0.045593 0.256746 -0.0630008 -0.964423 -0.881502 0.393885 -0.260402 93.7375 14.8771 65.7938 0.517898 0.655683 0.447528 -0.318717 0
-0.34466 -0.312903 1.45364 0.38136 0.923033 0.050736 0.285591 -0.0654402 -0.956115 -0.879206 0.379114 -0.288566 93.9154 16.5942 66.551 0.506792 0.658667 0.458739 -0.31445 0
-0.344271 -0.312156 1.45228 0.370299 0.927292 0.0548418 0.269966 -0.0509406 -0.961521 -0.888818 0.370856 -0.269201 93.0326 15.6623 67.3824 0.512386 0.650085 0.460424 -0.320718 0
-0.344609 -0.312372 1.4527 0.3673 0.928227 0.0590331 0.284631 -0.0517505 -0.957239 -0.885481 0.368397 -0.28321 93.0945 16.5368 67.4712 0.508021 0.652354 0.464801 -0.316718 0
-0.345025 -0.312236 1.45264 0.374569 0.926076 0.0456186 0.281492 -0.066701 -0.957242 -0.883437 0.371395 -0.285667 93.986 16.3493 67.0235 0.50552 0.657065 0.459456 -0.318773 0
-0.344796 -0.312176 1.45322 0.410289 0.910917 0.0435064 0.298656 -0.0891363 -0.950189 -0.861666 0.402845 -0.308623 95.3592 17.3769 64.5382 0.503123 0.672318 0.449777 -0.304231 0
-0.344964 -0.312904 1.45332 0.420931 0.906103 0.042359 0.302535 -0.0962123 -0.94827 -0.855155 0.411971 -0.314626 95.7935 17.6099 63.7923 0.502517 0.676714 0.44651 -0.300273 0
-0.344797 -0.312562 1.45279 0.409092 0.911815 0.0351785 0.278689 -0.0881399 -0.956328 -0.868894 0.40103 -0.29017 95.2658 16.182 64.788 0.507637 0.668469 0.445235 -0.3118 0
-0.344451 -0.31234 1.45262 0.4224 0.905341 0.0439909 0.266635 -0.0777238 -0.960658 -0.866305 0.417512 -0.274226 94.6255 15.4641 64.0067 0.517313 0.666024 0.439915 -0.308665 0
-0.344887 -0.311636 1.45173 0.441118 0.896496 0.0413512 0.260332 -0.0837283 -0.961882 -0.858861 0.435069 -0.27032 94.9748 15.0897 62.8146 0.521313 0.669919 0.431704 -0.305078 0
-0.344719 -0.311696 1.45263 0.425731 0.903694 0.0457194 0.26853 -0.0779309 -0.960114 -0.864086 0.421028 -0.275846 94.6404 15.5768 63.7707 0.517676 0.666991 0.43937 -0.306738 0
-0.345405 -0.312134 1.4524 0.385102 0.92163 0.0478981 0.279563 -0.0670381 -0.957784 -0.879512 0.382235 -0.283471 94.0038 16.2341 66.3534 0.508575 0.658713 0.455887 -0.315621 0
-0.344378 -0.312631 1.45223 0.374734 0.926254 0.0403497 0.291005 -0.0761874 -0.953683 -0.880279 0.369119 -0.298095 94.5675 16.9182 66.9406 0.500113 0.661252 0.46021 -0.317553 0
-0.344102 -0.312447 1.45142 0.395982 0.916572 0.0556196 0.290369 -0.0675237 -0.954529 -0.87114 0.394126 -0.292883 94.0464 16.8801 65.5556 0.508816 0.662644 0.455351 -0.307677 0
-0.344725 -0.313056 1.45303 0.383248 0.922694 0.041926 0.285597 -0.0752131 -0.955394 -0.878382 0.378126 -0.292344 94.5013 16.5945 66.4278 0.503907 0.66159 0.456586 -0.316078 0
-0.344342 -0.312681 1.45227 0.359507 0.930652 0.0681216 0.297933 -0.0452953 -0.953512 -0.884302 0.36309 -0.293556 92.7197 17.3335 67.8761 0.505138 0.651605 0.471369 -0.313142 0
-0.344237 -0.312247 1.45095 0.354677 0.933827 0.0465955 0.28857 -0.0619273 -0.955454 -0.889343 0.352324 -0.291439 93.7084 16.7724 68.2575 0.500328 0.653461 0.467663 -0.322417 0
-0.3444 -0.312556 1.45181 0.331742 0.942109 0.0487641 0.282815 -0.0500071 -0.95787 -0.899979 0.331557 -0.283032 92.9885 16.4283 69.7656 0.499676 0.645132 0.47468 -0.329861 0
-0.34503 -0.312471 1.45213 0.332119 0.941766 0.0526631 0.278541 -0.0445804 -0.959389 -0.901173 0.3333 -0.277126 92.6605 16.1731 69.7691 0.502596 0.643006 0.474454 -0.3299 0
-0.344816 -0.312083 1.45159 0.250233 0.966627 0.0549127 0.29894 -0.0231925 -0.95399 -0.920879 0.255135 -0.294767 91.3926 17.3939 74.7979 0.482772 0.626137 0.505307 -0.345757 0
-0.344683 -0.312416 1.45157 0.282887 0.958725 0.0286464 0.271234 -0.0513133 -0.961145 -0.920004 0.279666 -0.274555 93.056 15.7377 72.9081 0.489137 0.634184 0.484859 -0.35138 0
-0.344396 -0.312337 1.4518 0.25652 0.965999 0.0323102 0.286473 -0.0440609 -0.957075 -0.923109 0.254765 -0.288035 92.6359 16.6469 74.4701 0.480735 0.630202 0.496854 -0.353379 0
-0.343487 -0.312416 1.45194 0.217923 0.975437 0.0321429 0.302521 -0.0362007 -0.952455 -0.927896 0.217285 -0.302979 92.1766 17.6091 76.7832 0.468706 0.62392 0.512068 -0.358922 0
-0.344679 -0.312077 1.45178 0.123007 0.991728 0.036682 0.285732 5.71266e-06 -0.958309 -0.950382 0.12836 -0.283368 89.9997 16.6026 82.6253 0.458161 0.592952 0.538602 -0.385234 0
-0.344951 -0.311358 1.45138 0.154077 0.986583 0.0539812 0.256742 0.0127806 -0.966395 -0.954119 0.162759 -0.251328 89.2423 14.8768 80.8267 0.478417 0.590048 0.52679 -0.381384 0
-0.343899 -0.311454 1.45195 0.084803 0.995849 0.0330498 0.249067 0.01093 -0.968425 -0.964766 0.0903569 -0.247106 89.3534 14.4223 84.9766 0.460605 0.574669 0.541579 -0.405327 0
-0.344137 -0.311454 1.45237 0.0351245 0.998647 0.0383379 0.251193 0.0283081 -0.967523 -0.967299 0.043614 -0.249859 88.3241 14.5481 87.9204 0.450992 0.560508 0.557459 -0.414339 0
-0.344298 -0.312224 1.45118 -0.0445055 0.997375 0.0571157 0.269978 0.0670528 -0.960529 -0.961837 -0.0273289 -0.272253 86.0068 15.663 92.6493 0.433098 0.538678 0.588178 -0.419881 0
-0.344402 -0.312212 1.45111 -0.0132691 0.998603 0.0511496 0.264175 0.0528377 -0.963026 -0.964384 0.000733904 -0.264507 86.8595 15.3179 90.7883 0.440188 0.547357 0.576761 -0.417111 0
-0.344543 -0.312442 1.45161 -0.0487255 0.997817 0.0445672 0.283294 0.0565941 -0.957362 -0.957795 -0.0340223 -0.285433 86.6169 16.4569 92.9123 0.424981 0.543165 0.589651 -0.420327 0
-0.344993 -0.312157 1.45115 0.059683 0.996924 0.0508046 0.303632 0.0303532 -0.952306 -0.950918 0.0722624 -0.300886 88.1744 17.6759 86.4086 0.444171 0.576675 0.563817 -0.390217 0
-0.344265 -0.312807 1.45163 0.132261 0.990352 0.0413608 0.318954 -0.00301387 -0.947766 -0.938496 0.138545 -0.316275 90.1822 18.5997 81.9782 0.450825 0.602401 0.543369 -0.372316 0
-0.344916 -0.312119 1.45133 0.1721 0.983723 0.0516808 0.318578 -0.00593665 -0.947878 -0.932143 0.179594 -0.314414 90.3588 18.5769 79.5394 0.461451 0.610829 0.533005 -0.360355 0
-0.344538 -0.312474 1.45136 0.192161 0.979534 0.0598875 0.299794 -0.000485586 -0.954004 -0.934451 0.201276 -0.293752 90.0292 17.4452 78.3797 0.473794 0.60959 0.524668 -0.358669 0
-0.344323 -0.312296 1.45141 0.216284 0.975354 0.0436556 0.301264 -0.0241394 -0.953235 -0.928688 0.219321 -0.29906 91.4506 17.5335 76.89 0.472516 0.62038 0.51445 -0.35665 0
-0.34393 -0.312683 1.45151 0.233481 0.971827 0.0322235 0.301772 -0.0409178 -0.952502 -0.924349 0.232115 -0.302824 92.4598 17.5641 75.8242 0.47163 0.627938 0.507057 -0.355181 0
-0.344855 -0.312278 1.45199 0.197708 0.979222 0.0451144 0.285586 -0.0135121 -0.958258 -0.937738 0.202339 -0.282323 90.8079 16.5939 78.0944 0.474835 0.611053 0.517471 -0.365199 0
-0.344629 -0.31212 1.45128 0.135561 0.989586 0.0484078 0.28036 0.00854761 -0.959857 -0.950274 0.143691 -0.276281 89.4898 16.2817 81.8813 0.465786 0.592304 0.536019 -0.380661 0
-0.344459 -0.312205 1.45212 0.0700766 0.996238 0.0509766 0.297016 0.0279465 -0.954463 -0.952297 0.0820265 -0.293941 88.3229 17.2785 85.7914 0.448353 0.577943 0.559422 -0.389883 0
-0.343262 -0.311891 1.45103 0.0988139 0.994344 0.0389298 0.288886 0.00877209 -0.957323 -0.95225 0.105843 -0.286385 89.475 16.7913 84.0757 0.453101 0.586606 0.546887 -0.389239 0
-0.344654 -0.311529 1.45089 0.104375 0.993664 0.041694 0.286944 0.0100525 -0.957895 -0.952244 0.111944 -0.284076 89.3987 16.6751 83.7448 0.455618 0.587026 0.545379 -0.387781 0
-0.344179 -0.311271 1.45049 0.0381456 0.998881 0.0279725 0.265943 0.0168354 -0.963842 -0.963234 0.0442054 -0.265003 88.9993 15.423 87.7322 0.444404 0.567079 0.557605 -0.412315 0
-0.344528 -0.311847 1.45105 -0.0143931 0.999256 0.0357863 0.267865 0.0383351 -0.962693 -0.963349 -0.0042702 -0.268218 87.7196 15.5373 90.856 0.434662 0.551246 0.574662 -0.420666 0
-0.34461 -0.311875 1.45079 0.00573744 0.999027 0.0437219 0.264443 0.0406503 -0.963544 -0.964384 0.0170902 -0.263952 87.5842 15.3339 89.6591 0.442277 0.55431 0.569839 -0.415229 0
-0.344545 -0.311602 1.44945 -0.0809664 0.995367 0.0518605 0.27458 0.0722927 -0.958843 -0.958149 -0.0633942 -0.279161 85.6883 15.937 94.8302 0.42195 0.530543 0.598419 -0.427058 0
-0.344141 -0.313129 1.45124 -0.0444445 0.998193 0.0404441 0.292821 0.0517225 -0.954767 -0.955134 -0.0305912 -0.29459 86.8992 17.0269 92.6642 0.422104 0.547363 0.589652 -0.417771 0
-0.344505 -0.312326 1.45161 -0.0688568 0.996702 0.0429467 0.293451 0.0613798 -0.954002 -0.953491 -0.0530868 -0.296709 86.3187 17.0646 94.1305 0.417077 0.540017 0.597274 -0.421535 0
-0.34374 -0.312486 1.45229 0.0577665 0.998036 0.024219 0.305929 0.00539556 -0.952039 -0.9503 0.0624052 -0.305017 89.6753 17.8141 86.5214 0.435358 0.582535 0.559608 -0.397436 1
-0.342742 -0.312662 1.45213 0.136727 0.990587 0.00656833 0.298799 -0.0349185 -0.953677 -0.944471 0.132356 -0.300761 92.0969 17.3855 81.7628 0.447506 0.606714 0.531299 -0.386468 1
-0.342694 -0.310442 1.45165 0.167417 0.985827 -0.0108442 0.244479 -0.0521691 -0.96825 -0.955093 0.15945 -0.249748 93.0841 14.151 80.0577 0.465161 0.60608 0.507484 -0.398436 1
-0.341979 -0.313479 1.45081 0.153109 0.98817 -0.00882374 0.292984 -0.0539193 -0.954596 -0.943779 0.143572 -0.297773 93.2329 17.0367 80.7852 0.447609 0.613352 0.522194 -0.388277 1
-0.341924 -0.313799 1.45322 0.13605 0.989948 -0.038633 0.297739 -0.0780492 -0.951451 -0.944903 0.117942 -0.305365 94.6896 17.3219 81.8067 0.433773 0.616333 0.522319 -0.398947 1
-0.341807 -0.315561 1.45593 0.0979211 0.994119 -0.0462517 0.316375 -0.0751599 -0.945652 -0.943567 0.0779664 -0.321874 94.5443 18.4438 84.0752 0.418595 0.611342 0.535909 -0.404773 1
-0.339006 -0.317457 1.45822 0.0661822 0.996181 -0.056948 0.33117 -0.0757679 -0.940524 -0.941247 0.0433865 -0.33492 94.6058 19.3398 85.978 0.404813 0.607633 0.546116 -0.41069 1
-0.329704 -0.320671 1.46666 0.0268866 0.999542 0.0139226 0.287206 0.00561638 -0.957852 -0.957491 0.0297521 -0.286923 89.664 16.6908 88.3915 0.431735 0.571881 0.562506 -0.412484 1
-0.321393 -0.321786 1.47062 -0.00240609 0.999973 0.0068944 0.297156 0.00729796 -0.954801 -0.954826 -0.000248624 -0.297166 89.5621 17.2869 90.1444 0.420632 0.567332 0.571592 -0.417715 1
-0.31889 -0.322616 1.47126 -0.029422 0.998814 0.038797 0.314261 0.0460889 -0.948217 -0.94888 -0.0157061 -0.315245 87.2173 18.3162 91.776 0.418755 0.556717 0.589652 -0.408683 1
-0.31225 -0.324398 1.47309 -0.0512068 0.994081 0.0958162 0.325586 0.107317 -0.939402 -0.944125 -0.0169074 -0.329154 83.4828 19.0011 93.1045 0.426309 0.540978 0.609852 -0.392025 1
-0.299417 -0.32563 1.46997 0.0040922 0.996299 0.0858577 0.344508 0.0791977 -0.935437 -0.938774 0.0334067 -0.342909 85.1607 20.1518 89.7502 0.430227 0.562984 0.595402 -0.378748 1
-0.294684 -0.319054 1.47011 -0.0406678 0.998197 0.044154 0.227427 0.0522782 -0.972391 -0.972946 -0.0295032 -0.229143 86.9226 13.1456 92.3935 0.442286 0.532963 0.574911 -0.435674 1
-0.285182 -0.316746 1.46946 -0.0378447 0.999081 0.0201363 0.159844 0.0259436 -0.986801 -0.986417 -0.0341265 -0.160679 88.494 9.19785 92.1971 0.454813 0.523663 0.553278 -0.461308 1
-0.280692 -0.31749 1.47423 -0.0512579 0.998563 0.015652 0.181109 0.0247071 -0.983153 -0.982126 -0.0475596 -0.182116 88.5604 10.4344 92.9876 0.444785 0.525868 0.560821 -0.459466 1
-0.274811 -0.317268 1.47663 -0.0293999 0.999555 0.00510982 0.173801 0.010146 -0.984728 -0.984342 -0.0280628 -0.174022 89.4097 10.0089 91.7108 0.449089 0.532559 0.55081 -0.459682 1
-0.273694 -0.318164 1.47781 0.00442271 0.999577 -0.0287586 0.157636 -0.0290962 -0.987069 -0.987487 -0.00016788 -0.157698 91.6884 9.06972 89.7434 0.452114 0.545714 0.530137 -0.465558 1
-0.270929 -0.318918 1.47907 0.0190394 0.999411 -0.0285526 0.136518 -0.0308889 -0.990156 -0.990455 0.014954 -0.137026 91.7868 7.84643 88.8987 0.461282 0.544737 0.52132 -0.46766 1
-0.271655 -0.318527 1.47706 -0.019396 0.999739 0.0120663 0.137812 0.0146267 -0.99035 -0.990269 -0.0175459 -0.138059 89.1538 7.92123 91.1221 0.462918 0.525366 0.541314 -0.465486 1
-0.266175 -0.317247 1.47941 -0.0309591 0.998778 0.0385118 0.118333 0.0419218 -0.992089 -0.992491 -0.0261569 -0.119487 87.5803 6.79592 91.7867 0.47209 0.511519 0.545978 -0.466249 1
-0.261841 -0.31454 1.47656 -0.0693208 0.995654 0.0621986 0.119206 0.0701691 -0.990387 -0.990447 -0.0612399 -0.123552 85.9474 6.84626 94.0036 0.468321 0.495999 0.561926 -0.467868 1
-0.252964 -0.312263 1.47275 -0.0875888 0.992627 0.0837891 0.131793 0.09492 -0.986722 -0.9874 -0.075383 -0.139136 84.5052 7.57324 95.0692 0.465885 0.489036 0.574814 -0.461934 1
-0.252007 -0.30724 1.46947 -0.0888563 0.991614 0.093845 0.151191 0.106554 -0.982745 -0.984503 -0.0731346 -0.159391 83.8119 8.69595 95.1573 0.463224 0.490913 0.58198 -0.453572 1
-0.254478 -0.302373 1.4709 -0.0900727 0.993336 0.07191 0.194989 0.0883949 -0.976814 -0.976661 -0.0739626 -0.201652 84.8292 11.2441 95.2692 0.446282 0.505763 0.587392 -0.447221 1
-0.25538 -0.298449 1.47183 -0.0777294 0.99644 0.0326341 0.229253 0.0497202 -0.972096 -0.970258 -0.068079 -0.232302 87.072 13.2531 94.5803 0.430026 0.52556 0.583042 -0.446012 1
-0.254899 -0.299272 1.47292 -0.0270464 0.999231 0.0284016 0.241018 0.0340922 -0.969922 -0.970144 -0.0193876 -0.241755 87.9869 13.9466 91.5969 0.437405 0.543281 0.570722 -0.433359 1
-0.255029 -0.299839 1.47449 0.00349537 0.999808 0.0192803 0.247466 0.0178159 -0.968733 -0.96889 0.00815729 -0.247356 88.9464 14.3276 89.7933 0.439874 0.555211 0.561622 -0.42759 1
-0.255431 -0.29968 1.47538 0.0605895 0.997867 0.0243029 0.229651 0.00975851 -0.973224 -0.971385 0.0645483 -0.22857 89.4255 13.2765 86.4308 0.458742 0.565553 0.542618 -0.418653 1
-0.25611 -0.301308 1.47988 0.0962763 0.995058 0.0243012 0.222356 0.00229651 -0.974963 -0.9702 0.0992694 -0.221036 89.865 12.8475 84.3329 0.468385 0.573371 0.530815 -0.412429 1
-0.256646 -0.301075 1.4821 0.0991156 0.994749 0.0255116 0.182308 0.00705081 -0.983216 -0.978233 0.102103 -0.180652 89.5891 10.5042 84.2145 0.481018 0.564074 0.521677 -0.42225 1
-0.256323 -0.300113 1.48192 0.115863 0.993101 0.0180662 0.154678 -7.31479e-05 -0.987965 -0.981148 0.117263 -0.153619 90.0042 8.89812 83.2652 0.490451 0.563373 0.509334 -0.427373 1
-0.256268 -0.299751 1.48281 0.0914342 0.995719 0.0135776 0.136546 0.000969576 -0.990633 -0.986405 0.0924318 -0.135873 89.9439 7.84803 84.7041 0.489012 0.553701 0.511226 -0.439239 1
-0.25705 -0.30127 1.4851 0.129279 0.991103 0.0316601 0.130387 0.0146605 -0.991355 -0.982999 0.13229 -0.127331 89.1527 7.49194 82.5077 0.504135 0.557214 0.503168 -0.426828 1
-0.257138 -0.301565 1.4887 0.142151 0.988562 0.0503791 0.137716 0.0306493 -0.989997 -0.980218 0.147667 -0.131784 88.2267 7.91571 81.7485 0.510151 0.557514 0.505045 -0.416958 1
-0.257412 -0.302725 1.49151 0.174893 0.983027 0.05541 0.14774 0.0294386 -0.988588 -0.97344 0.181084 -0.140084 88.2943 8.496 79.8146 0.515812 0.566908 0.498656 -0.404841 1
-0.257131 -0.30252 1.49136 0.20232 0.977642 0.057288 0.15461 0.0258775 -0.987637 -0.967038 0.208676 -0.145918 88.4991 8.89419 78.1832 0.520163 0.57497 0.49231 -0.395564 1
-0.257249 -0.302559 1.49055 0.177801 0.982291 0.0590865 0.196206 0.0234509 -0.980282 -0.964308 0.185889 -0.188562 88.6296 11.3152 79.553 0.503162 0.579421 0.508481 -0.390572 1
-0.256448 -0.301073 1.49003 0.188046 0.981323 0.0405472 0.184626 0.005229 -0.982795 -0.964651 0.192297 -0.180194 89.6952 10.6393 78.9693 0.50326 0.58374 0.499344 -0.395768 1
-0.25717 -0.302098 1.49295 0.195761 0.980621 0.00768211 0.192057 -0.0306559 -0.980905 -0.961661 0.193499 -0.194336 91.7901 11.0728 78.4938 0.492638 0.595977 0.491914 -0.400174 1
-0.256646 -0.302144 1.49344 0.190197 0.980694 0.0454248 0.186873 0.00925869 -0.98234 -0.963796 0.195327 -0.181504 89.46 10.7703 78.8366 0.504468 0.583619 0.500141 -0.393395 1
-0.25817 -0.303363 1.49837 0.220164 0.973765 0.0575337 0.179731 0.0174762 -0.983561 -0.958762 0.226885 -0.171168 88.9821 10.3541 77.0672 0.516351 0.586058 0.492057 -0.384445 1
-0.257988 -0.303964 1.49985 0.211771 0.976245 0.0458106 0.174092 0.00844237 -0.984693 -0.961689 0.216505 -0.168168 89.5088 10.0258 77.5812 0.512846 0.585555 0.491131 -0.39103 1
-0.257465 -0.304437 1.49977 0.222864 0.97436 0.0308802 0.167649 -0.00710263 -0.985821 -0.960326 0.224881 -0.164933 90.4128 9.65114 76.9346 0.51255 0.590529 0.483468 -0.39348 1
-0.257924 -0.30424 1.50004 0.22921 0.972463 0.0421698 0.185468 -0.00110341 -0.98265 -0.955544 0.233054 -0.180614 90.0643 10.6884 76.5111 0.511735 0.593912 0.487417 -0.384474 1
-0.258117 -0.304535 1.49963 0.209372 0.976538 0.050371 0.198854 0.00791472 -0.979997 -0.957403 0.2152 -0.192531 89.5373 11.4699 77.6643 0.506151 0.590336 0.497763 -0.384117 1
-0.257889 -0.303669 1.49985 0.157378 0.986329 0.0488528 0.192812 0.0178275 -0.981074 -0.968533 0.163819 -0.18737 88.959 11.1169 80.7706 0.49695 0.57596 0.511815 -0.399194 1
-0.257931 -0.303988 1.49967 0.162299 0.985702 0.0452784 0.190353 0.0137486 -0.981619 -0.968207 0.167935 -0.1854 89.1976 10.9734 80.4841 0.497656 0.577484 0.509129 -0.399547 1
-0.257679 -0.305363 1.49951 0.206756 0.977323 0.045726 0.180472 0.00783778 -0.983549 -0.961604 0.211607 -0.174759 89.5434 10.3973 77.8655 0.509861 0.58602 0.493923 -0.39072 1
-0.258249 -0.302947 1.50051 0.191714 0.980419 0.0449831 0.175671 0.0108141 -0.98439 -0.965601 0.196623 -0.170158 89.3706 10.1177 78.7703 0.508028 0.581175 0.497307 -0.396016 1
-0.258316 -0.303588 1.49919 0.19064 0.980499 0.0477325 0.148852 0.0191889 -0.988673 -0.970309 0.195585 -0.142291 88.8881 8.56039 78.8845 0.516609 0.573093 0.492656 -0.402455 1
-0.257428 -0.302586 1.49583 0.216739 0.974937 0.0502166 0.147418 0.0181635 -0.988907 -0.965035 0.221738 -0.139787 88.9478 8.47734 77.3419 0.523239 0.578438 0.48508 -0.395383 1
-0.255459 -0.303214 1.4888 0.205112 0.978197 0.0325671 0.122442 0.00736748 -0.992448 -0.971049 0.207551 -0.118261 89.5747 7.03306 78.0729 0.523024 0.573586 0.479718 -0.409041 1
-0.255341 -0.306583 1.48359 0.186812 0.981588 0.0398173 0.107065 0.0199466 -0.994052 -0.976544 0.189964 -0.101368 88.8505 6.14616 79.1702 0.525688 0.563079 0.483348 -0.415895 1
-0.25397 -0.310066 1.48136 0.164949 0.986183 0.0153438 0.117698 -0.00423572 -0.99304 -0.979254 0.165607 -0.116771 90.2444 6.75929 80.4386 0.510868 0.567 0.48672 -0.425005 1
-0.25441 -0.311397 1.48077 0.191507 0.981491 -0.000510903 0.142511 -0.0283216 -0.989388 -0.97109 0.189402 -0.145297 91.6397 8.19318 78.844 0.504452 0.584193 0.481006 -0.415788 1
-0.253065 -0.311223 1.47988 0.199763 0.979832 0.00478255 0.142683 -0.0242598 -0.989471 -0.9694 0.198343 -0.144651 91.4045 8.2031 78.3561 0.507655 0.584952 0.479747 -0.412264 1
-0.252525 -0.311629 1.47975 0.20627 0.977967 0.0321529 0.148016 0.00129594 -0.988984 -0.967235 0.208757 -0.144488 89.9249 8.512 77.9616 0.515528 0.580832 0.484643 -0.402476 1
-0.252046 -0.311201 1.47796 0.184752 0.982631 0.0174317 0.134571 -0.00772388 -0.990874 -0.973528 0.185412 -0.133661 90.4466 7.73384 79.2544 0.510727 0.57579 0.485073 -0.415124 1
-0.251343 -0.311697 1.47657 0.253487 0.966592 0.0380137 0.175795 -0.00738791 -0.984399 -0.951231 0.256215 -0.171795 90.43 10.1249 75.0784 0.518243 0.598471 0.477211 -0.381479 1
-0.250627 -0.318438 1.47417 0.230018 0.970551 0.0715727 0.225674 0.0183453 -0.97403 -0.946659 0.240196 -0.214808 88.921 13.0425 76.343 0.508319 0.597177 0.500783 -0.366343 1
-0.249458 -0.317 1.47389 0.158911 0.983552 0.0858705 0.258379 0.0425145 -0.965108 -0.952884 0.175553 -0.247373 87.4777 14.9739 80.532 0.488378 0.583903 0.531737 -0.371215 1
-0.250275 -0.3168 1.47501 0.252356 0.966389 0.0490845 0.224317 -0.00908145 -0.974474 -0.941275 0.256925 -0.219069 90.5339 12.9627 74.9919 0.506015 0.60838 0.489293 -0.366625 1
-0.250175 -0.314481 1.47859 0.159282 0.980948 0.111221 0.197114 0.0787909 -0.977209 -0.967355 0.177575 -0.180809 85.3903 11.3683 80.6498 0.514117 0.561538 0.52448 -0.381156 1
-0.25056 -0.315782 1.47967 0.154005 0.982694 0.102933 0.190948 0.0726118 -0.978911 -0.969444 0.170412 -0.176461 85.7578 11.0081 80.9735 0.512385 0.56077 0.523228 -0.386304 1
-0.249595 -0.314599 1.47913 0.161539 0.980121 0.11519 0.21044 0.0798266 -0.974342 -0.964168 0.181635 -0.193362 85.3163 12.1482 80.4889 0.51186 0.564596 0.527174 -0.375923 1
-0.250247 -0.314909 1.47774 0.116357 0.986057 0.118969 0.175908 0.0974294 -0.979573 -0.977506 0.134908 -0.162118 84.32 10.1315 83.2118 0.512754 0.54338 0.534601 -0.394999 1
-0.24871 -0.314366 1.47755 0.0782082 0.984339 0.157986 0.190328 0.140814 -0.971569 -0.9786 0.106054 -0.176334 81.7533 10.9719 85.4307 0.51056 0.527667 0.556538 -0.388794 1
-0.250133 -0.314216 1.47664 0.0544641 0.984236 0.168267 0.185741 0.15559 -0.970202 -0.981088 0.0840952 -0.174339 80.8892 10.7043 86.8225 0.50885 0.51798 0.564682 -0.392303 1
-0.248885 -0.316852 1.47313 0.0571345 0.9879 0.144183 0.227942 0.127696 -0.965265 -0.971997 0.0880152 -0.217888 82.464 13.1759 86.636 0.491666 0.535567 0.56755 -0.38642 1
-0.247285 -0.315663 1.4693 0.0703122 0.987597 0.140389 0.241939 0.119652 -0.962886 -0.96774 0.101668 -0.230526 82.9165 14.001 85.8444 0.489755 0.543412 0.565656 -0.380628 1
-0.24774 -0.31529 1.46715 0.0626919 0.990331 0.123747 0.202525 0.108787 -0.973216 -0.977268 0.0860746 -0.193747 83.6219 11.6847 86.3295 0.494402 0.535642 0.556741 -0.398363 1
-0.249245 -0.312812 1.4665 -0.0248129 0.99671 0.0771577 0.22041 0.0807366 -0.97206 -0.975092 -0.00711329 -0.221688 85.2521 12.7331 91.4577 0.456683 0.528237 0.576029 -0.424967 1
-0.249734 -0.309151 1.46731 -0.0762953 0.996364 0.0379201 0.223798 0.0541729 -0.973129 -0.971645 -0.0657587 -0.227118 86.8137 12.9322 94.4898 0.433232 0.523605 0.582577 -0.445815 1
-0.249582 -0.306719 1.46466 -0.129268 0.990529 0.046275 0.23893 0.0764052 -0.968026 -0.962394 -0.114079 -0.246544 85.4871 13.8234 97.6502 0.418507 0.510115 0.60254 -0.448976 1
-0.25319 -0.305739 1.45918 -0.169174 0.984841 0.0383177 0.242909 0.0793422 -0.966799 -0.955183 -0.15425 -0.252649 85.3084 14.0583 100.044 0.405438 0.501032 0.61261 -0.457489 1
-0.253344 -0.304108 1.45758 -0.167099 0.985289 0.0358416 0.227227 0.0738593 -0.971037 -0.959399 -0.154115 -0.236226 85.6503 13.1339 99.8801 0.409431 0.498816 0.607697 -0.462875 1
-0.253609 -0.306312 1.45986 -0.169029 0.98504 0.033554 0.20636 0.0686587 -0.976064 -0.963766 -0.158059 -0.214878 85.9763 11.9091 99.9476 0.413749 0.494265 0.602612 -0.470503 1
-0.258711 -0.302951 1.46086 -0.163012 0.985866 0.0386609 0.166222 0.0660673 -0.983873 -0.972521 -0.153957 -0.174642 86.1583 9.56822 99.5154 0.426736 0.4862 0.592394 -0.480183 1
-0.260423 -0.296642 1.46601 -0.147746 0.987407 0.0565466 0.138126 0.077214 -0.9874 -0.979333 -0.138074 -0.147794 85.5286 7.9394 98.5792 0.442061 0.480321 0.585823 -0.480296 1
-0.255541 -0.295346 1.46722 -0.118308 0.99119 0.0595373 0.142099 0.0762412 -0.986912 -0.982757 -0.1083 -0.149867 85.5825 8.16934 96.8645 0.449462 0.488702 0.579745 -0.472282 1
-0.25385 -0.297985 1.4702 -0.115768 0.991874 0.0527659 0.145813 0.0695183 -0.986867 -0.982515 -0.106553 -0.152676 85.9705 8.38437 96.7201 0.447514 0.49178 0.578352 -0.472645 1
-0.254505 -0.29833 1.47184 -0.0852619 0.995395 0.0438139 0.164417 0.0574273 -0.984718 -0.982699 -0.0767552 -0.168556 86.6624 9.46335 94.9587 0.448221 0.506425 0.572548 -0.463486 1
-0.255116 -0.297594 1.4722 -0.043316 0.998872 0.0194512 0.167706 0.026463 -0.985482 -0.984885 -0.039425 -0.168663 88.4618 9.65447 92.5183 0.451244 0.524138 0.556427 -0.460486 1
-0.254966 -0.298754 1.47543 -0.0148646 0.999374 0.0321103 0.161762 0.0340944 -0.986241 -0.986718 -0.00946584 -0.162167 88.0201 9.30918 90.8631 0.462888 0.527543 0.550256 -0.452383 1
-0.25505 -0.298064 1.47395 0.0119225 0.999532 0.0281677 0.183976 0.0254961 -0.9826 -0.982858 0.0168972 -0.183586 88.5136 10.6015 89.305 0.462015 0.540836 0.547074 -0.441304 1
-0.254384 -0.301378 1.4716 0.0319066 0.999291 0.0199826 0.181767 0.013858 -0.983244 -0.982824 0.0350041 -0.181196 89.1925 10.4727 88.1406 0.464911 0.54755 0.539247 -0.439613 1
-0.252363 -0.30617 1.46796 0.0556658 0.99822 0.0214257 0.187231 0.0106422 -0.982258 -0.980737 0.0586897 -0.186305 89.3793 10.7912 86.7514 0.469042 0.554826 0.534154 -0.432258 1
-0.250999 -0.310492 1.46673 0.0238841 0.986398 0.162628 0.181369 0.1557 -0.971011 -0.983125 0.0526874 -0.175183 80.8903 10.4495 88.6083 0.501099 0.510727 0.57162 -0.401632 1
-0.25014 -0.312191 1.46599 -0.00961499 0.982409 0.186492 0.17043 0.185382 -0.967774 -0.985323 0.0224787 -0.169215 79.1561 9.81285 90.5591 0.501635 0.493513 0.583997 -0.404666 1
-0.252177 -0.308807 1.46255 -0.0463163 0.984289 0.170381 0.177677 0.175961 -0.96823 -0.982998 -0.0145721 -0.183036 79.6998 10.2345 92.6976 0.486469 0.490091 0.59273 -0.414524 1
-0.254449 -0.311615 1.46196 -0.0727168 0.980779 0.181068 0.156482 0.19052 -0.969131 -0.985 -0.0421382 -0.167328 78.8782 9.00275 94.2222 0.487462 0.475419 0.598031 -0.42275 1
-0.252314 -0.309792 1.46244 -0.065049 0.986184 0.15235 0.1663 0.161251 -0.972801 -0.983927 -0.037944 -0.174491 80.5882 9.57274 93.7824 0.480029 0.486875 0.591775 -0.426997 1
-0.252799 -0.305975 1.46804 -0.0430821 0.991111 0.125868 0.167187 0.13136 -0.977135 -0.984984 -0.0210535 -0.17136 82.3434 9.62429 92.5045 0.478779 0.499229 0.580044 -0.430221 1
