-0.335338 -0.387823 1.45887 0.843687 0.535551 0.0371206 0.194913 -0.241162 -0.95071 -0.500202 0.809337 -0.307851 104.234 11.2396 30.6627 0.568919 0.773418 0.236116 -0.149687 0
-0.327236 -0.387495 1.46078 0.859299 0.5094 0.0460008 0.174713 -0.207808 -0.96244 -0.480708 0.835061 -0.267568 102.184 10.062 29.2235 0.588201 0.763982 0.223864 -0.14225 0
-0.317385 -0.387628 1.46334 0.878347 0.475963 0.044335 0.158506 -0.202493 -0.966371 -0.450979 0.855836 -0.253302 101.834 9.12018 27.1778 0.596354 0.763895 0.207643 -0.133083 0
-0.308293 -0.388238 1.46598 0.892187 0.450867 0.0268481 0.131715 -0.202861 -0.970309 -0.432034 0.869233 -0.240376 101.809 7.56869 25.8382 0.601862 0.764105 0.190609 -0.132569 0
-0.307226 -0.388025 1.46672 0.920508 0.390217 0.019916 0.100851 -0.188041 -0.97697 -0.377485 0.901316 -0.212447 100.895 5.78818 22.2977 0.616445 0.761741 0.161166 -0.117353 0
-0.308923 -0.38992 1.47477 0.926582 0.375082 0.0275474 0.107858 -0.194847 -0.974885 -0.360294 0.906283 -0.220997 101.303 6.19185 21.2482 0.61456 0.765249 0.157772 -0.108705 0
-0.311947 -0.392009 1.48457 0.934222 0.355731 0.0261588 0.107346 -0.210458 -0.971692 -0.340155 0.910584 -0.2348 102.221 6.16232 20.0068 0.610116 0.771278 0.1501 -0.101778 0
-0.316079 -0.377999 1.5008 0.947833 0.318279 0.0176233 0.0866939 -0.204183 -0.975086 -0.306751 0.925747 -0.221124 101.827 4.97344 17.9334 0.616953 0.77025 0.131442 -0.0938423 0
-0.317008 -0.369446 1.50744 0.954386 0.297892 0.0202042 0.0841697 -0.203504 -0.975449 -0.286467 0.932656 -0.219294 101.784 4.82828 16.7076 0.618787 0.770906 0.1239 -0.0863474 0
-0.316559 -0.368693 1.51082 0.967145 0.253905 0.0127874 0.0758011 -0.239991 -0.967811 -0.242663 0.936983 -0.251352 103.927 4.34725 14.0852 0.607413 0.783978 0.105139 -0.0733044 0
-0.318195 -0.370909 1.51633 0.969947 0.242975 0.0129096 0.0762357 -0.253088 -0.964435 -0.231066 0.936434 -0.264005 104.704 4.37223 13.3996 0.602672 0.788518 0.101206 -0.0691668 0
-0.319 -0.372392 1.52098 0.975129 0.220241 0.0248312 0.0809654 -0.249687 -0.964936 -0.206318 0.942948 -0.261309 104.508 4.64406 11.9465 0.605007 0.788373 0.0955151 -0.057551 0
-0.319809 -0.372964 1.52398 0.982635 0.183783 0.0255435 0.0688025 -0.233046 -0.970029 -0.172322 0.954942 -0.241644 103.509 3.94521 9.94665 0.613992 0.783793 0.0805651 -0.0468167 0
-0.32221 -0.377269 1.53948 0.980601 0.194449 0.0247178 0.0723408 -0.241811 -0.967623 -0.182176 0.95064 -0.251187 104.031 4.14845 10.5244 0.609837 0.786384 0.0848154 -0.0500578 0
-0.325149 -0.379365 1.56373 0.972452 0.221707 0.0719967 0.118008 -0.201871 -0.972277 -0.201027 0.953989 -0.222473 101.729 6.77714 11.6797 0.622115 0.774079 0.109716 -0.0416721 0
-0.327146 -0.381966 1.58398 0.973564 0.226307 0.0309452 0.0795601 -0.208987 -0.974677 -0.214109 0.951372 -0.221468 102.102 4.56328 12.4032 0.62111 0.775245 0.0986356 -0.0590664 0
-0.329318 -0.384226 1.59475 0.969656 0.243887 0.0169008 0.0700695 -0.211022 -0.974967 -0.234216 0.946567 -0.221708 102.213 4.01798 13.5794 0.619864 0.774982 0.101279 -0.0701032 0
-0.331448 -0.386885 1.60371 0.965664 0.258413 0.0267489 0.0860855 -0.221137 -0.971436 -0.245117 0.940383 -0.23579 102.824 4.93845 14.2427 0.614153 0.778234 0.110667 -0.0701485 0
-0.333083 -0.389084 1.61237 0.961205 0.274406 0.0280251 0.0897182 -0.214949 -0.972496 -0.260835 0.937282 -0.231229 102.464 5.14739 15.1823 0.615432 0.775787 0.11734 -0.0750238 0
-0.334841 -0.391298 1.62142 0.959792 0.279303 0.0280967 0.0912739 -0.215858 -0.972149 -0.26546 0.935625 -0.232672 102.519 5.2369 15.4604 0.614667 0.775938 0.119396 -0.0764761 0
-0.336744 -0.393345 1.63063 0.958074 0.284886 0.030562 0.0952597 -0.216116 -0.971709 -0.270221 0.933881 -0.234194 102.539 5.46627 15.7509 0.613955 0.775948 0.122478 -0.0772149 0
-0.348977 -0.394595 1.64341 0.978494 0.205644 0.0160999 0.0644308 -0.23056 -0.970923 -0.195953 0.95108 -0.238852 103.358 3.69417 11.3242 0.614224 0.782289 0.0863092 -0.0574764 0
-0.353317 -0.398028 1.64892 0.984711 0.172404 0.0249134 0.0649632 -0.230755 -0.970841 -0.161628 0.957616 -0.238427 103.37 3.72474 9.32128 0.615534 0.783245 0.0757641 -0.0436373 0
-0.354048 -0.399531 1.6549 0.989342 0.141106 0.0359354 0.0680021 -0.22952 -0.970926 -0.128756 0.963021 -0.236669 103.3 3.89924 7.41497 0.617081 0.783507 0.066722 -0.029617 0
-0.354787 -0.401034 1.66062 0.991897 0.122164 0.0348718 0.061983 -0.225744 -0.972213 -0.110898 0.966496 -0.231487 103.072 3.55364 6.37938 0.619408 0.782485 0.0588342 -0.0242899 0
-0.356122 -0.402585 1.6673 0.994983 0.0940164 0.034205 0.0545264 -0.222951 -0.973304 -0.0838805 0.970285 -0.226958 102.902 3.12568 4.81884 0.621505 0.781808 0.0474998 -0.0158848 0
-0.357815 -0.404766 1.67602 0.995689 0.0874372 0.0309647 0.0504737 -0.230644 -0.971728 -0.0778234 0.969102 -0.234063 103.352 2.89316 4.46918 0.618664 0.784282 0.0439609 -0.0149368 0
-0.370191 -0.410322 1.71104 0.983006 0.183208 -0.0116018 0.0247538 -0.194909 -0.980509 -0.181898 0.963559 -0.196132 101.243 1.41844 10.4836 0.630866 0.770397 0.0674852 -0.0627923 0
-0.377399 -0.411576 1.72745 0.974514 0.223106 -0.0233602 0.0142986 -0.165702 -0.986072 -0.223869 0.960607 -0.164669 99.539 0.819279 12.9377 0.641121 0.759093 0.0781869 -0.0814226 0
-0.391296 -0.412576 1.73758 0.963431 0.263746 -0.0473208 -0.00452745 -0.16055 -0.987017 -0.267919 0.951137 -0.153485 99.2389 -0.259405 15.5407 0.642144 0.754564 0.0858836 -0.104444 0
-0.409011 -0.413752 1.74383 0.954987 0.288538 -0.0688952 -0.0203755 -0.167896 -0.985594 -0.295948 0.942633 -0.154459 99.6675 -1.16751 17.2181 0.638872 0.754543 0.0888492 -0.120882 0
-0.428969 -0.410432 1.74439 0.945504 0.313586 -0.0876728 -0.0417532 -0.150269 -0.987763 -0.322923 0.937594 -0.128986 98.6501 -2.39298 18.8569 0.645416 0.745781 0.0911235 -0.13764 0
-0.445648 -0.407782 1.73953 0.924542 0.366979 -0.102708 -0.043353 -0.16648 -0.985091 -0.378606 0.915211 -0.138008 99.5923 -2.48472 22.2694 0.636407 0.746497 0.108382 -0.161191 0
-0.450285 -0.405205 1.73993 0.914548 0.383181 -0.129516 -0.041173 -0.230349 -0.972237 -0.402376 0.89449 -0.194888 103.329 -2.35971 23.7482 0.610187 0.764818 0.111794 -0.173862 0
-0.449657 -0.405051 1.73961 0.901004 0.404392 -0.157035 -0.0428536 -0.277251 -0.959841 -0.43169 0.87155 -0.232474 106.111 -2.45608 25.6001 0.589762 0.776326 0.116426 -0.189587 0
-0.448077 -0.407773 1.73974 0.883841 0.458425 -0.0931251 0.0456956 -0.282733 -0.95811 -0.465551 0.842561 -0.270839 106.441 2.61908 27.7774 0.576686 0.780611 0.161451 -0.178923 0
-0.448402 -0.409148 1.73947 0.879845 0.471387 -0.0605527 0.0890332 -0.288637 -0.95329 -0.466846 0.833356 -0.295925 106.845 5.10799 27.9504 0.569053 0.784922 0.178496 -0.167978 0
-0.448268 -0.409555 1.7401 0.871505 0.489977 -0.0200436 0.13103 -0.272056 -0.953319 -0.472558 0.828196 -0.3013 105.928 7.52911 28.468 0.569682 0.781802 0.198582 -0.157521 0
-0.443274 -0.407273 1.73526 0.887391 0.460443 0.0230357 0.159303 -0.259361 -0.952552 -0.432621 0.848955 -0.303504 105.231 9.16642 25.9902 0.57544 0.782665 0.19796 -0.13083 0
-0.441846 -0.405625 1.7347 0.870099 0.489519 0.057438 0.195271 -0.235372 -0.952087 -0.452546 0.839625 -0.300386 103.886 11.2606 27.4793 0.577568 0.775541 0.220746 -0.127365 0
-0.441835 -0.405302 1.73452 0.859446 0.5045 0.0826553 0.218673 -0.216641 -0.951446 -0.462098 0.835791 -0.296512 102.827 12.6311 28.2655 0.580149 0.770162 0.234747 -0.12317 0
-0.444109 -0.406117 1.73551 0.854915 0.513059 0.076753 0.22098 -0.226303 -0.948659 -0.469349 0.827984 -0.306846 103.417 12.7666 28.7668 0.57484 0.772668 0.237502 -0.127026 0
-0.439678 -0.40471 1.73603 0.859685 0.510499 0.0182337 0.168703 -0.250043 -0.953424 -0.482163 0.82272 -0.301081 104.695 9.71241 29.2863 0.571962 0.776339 0.21872 -0.149396 0
-0.440317 -0.402218 1.73271 0.857671 0.514164 0.00605283 0.144633 -0.229931 -0.9624 -0.49344 0.826297 -0.27157 103.437 8.31601 29.9129 0.582274 0.76798 0.214458 -0.158659 0
-0.441339 -0.402575 1.7342 0.864179 0.503114 0.00836277 0.141701 -0.22738 -0.963441 -0.482819 0.833771 -0.267789 103.279 8.1463 29.1922 0.585023 0.768009 0.209899 -0.154444 0
-0.440886 -0.403061 1.73547 0.858048 0.513523 0.00685904 0.145056 -0.229519 -0.962434 -0.492658 0.82681 -0.271428 103.413 8.34051 29.8628 0.582473 0.767951 0.214395 -0.158148 0
-0.440848 -0.402253 1.73503 0.851357 0.524516 0.00864813 0.139632 -0.210689 -0.967529 -0.505662 0.82492 -0.252611 102.285 8.02657 30.7081 0.589079 0.7607 0.218269 -0.163341 0
-0.438632 -0.401609 1.73546 0.845919 0.53325 0.00808195 0.125918 -0.184978 -0.974642 -0.518233 0.825486 -0.223622 100.746 7.23378 31.4928 0.599441 0.750753 0.219502 -0.16988 0
-0.439531 -0.400162 1.73557 0.836384 0.548041 0.0106204 0.115789 -0.157705 -0.980674 -0.535775 0.82145 -0.195359 99.1357 6.64911 32.643 0.608958 0.739839 0.224316 -0.177456 0
-0.440473 -0.403562 1.73662 0.84091 0.540245 0.0317118 0.167547 -0.204179 -0.964489 -0.514586 0.816362 -0.262212 101.953 9.64524 31.4641 0.586199 0.75949 0.232983 -0.158947 0
-0.442001 -0.40078 1.73671 0.79219 0.610233 0.0071071 0.128877 -0.155899 -0.97933 -0.596512 0.776731 -0.202146 99.045 7.40468 36.9794 0.598779 0.733184 0.252021 -0.200974 0
-0.439361 -0.400546 1.73611 0.750678 0.66063 0.00707431 0.137534 -0.145789 -0.979709 -0.646194 0.736419 -0.2003 98.464 7.90517 40.7223 0.592577 0.724011 0.275605 -0.220687 0
-0.439667 -0.40081 1.73528 0.724073 0.689711 0.00404466 0.153096 -0.155 -0.97598 -0.672517 0.7073 -0.217823 99.024 8.80638 42.8858 0.581216 0.724033 0.291011 -0.230816 0
-0.439161 -0.40112 1.73515 0.716339 0.697705 0.00810638 0.159316 -0.152238 -0.975419 -0.679321 0.700022 -0.220209 98.8708 9.16718 43.4806 0.579632 0.722632 0.296493 -0.232212 0
-0.439993 -0.401357 1.73798 0.697837 0.716252 0.00237689 0.151926 -0.144776 -0.977731 -0.699958 0.682659 -0.209847 98.4228 8.73857 45.0869 0.579486 0.716321 0.302999 -0.24346 0
-0.442365 -0.401314 1.73813 0.669314 0.742966 0.00455952 0.156018 -0.134547 -0.978548 -0.726414 0.655667 -0.20597 97.8289 8.97586 47.3427 0.576367 0.708843 0.317061 -0.254589 0
-0.442486 -0.401421 1.73584 0.701938 0.712148 0.0113541 0.165214 -0.147298 -0.975196 -0.692811 0.686403 -0.221051 98.5893 9.50968 44.6251 0.577406 0.719424 0.304883 -0.236806 0
-0.440189 -0.40015 1.73596 0.597663 0.80174 0.00341978 0.152476 -0.109475 -0.982225 -0.787115 0.587561 -0.187675 96.3597 8.77045 52.7903 0.5702 0.688261 0.346604 -0.284665 0
-0.438429 -0.400256 1.73525 0.609114 0.79297 0.0133479 0.16599 -0.11101 -0.979859 -0.775517 0.599062 -0.199243 96.4636 9.55474 51.8529 0.569838 0.692706 0.346092 -0.27507 0
-0.438939 -0.401547 1.73619 0.649419 0.760325 0.0126849 0.175471 -0.133603 -0.975377 -0.739909 0.635654 -0.22018 97.7996 10.1061 48.7265 0.56913 0.707673 0.330589 -0.256907 0
-0.438388 -0.401358 1.73513 0.661902 0.749589 0.00142333 0.172364 -0.150352 -0.973491 -0.729504 0.644601 -0.228721 98.7798 9.9253 47.7816 0.56631 0.714314 0.322671 -0.254818 0
-0.44026 -0.401098 1.73462 0.66602 0.745934 -2.69148e-05 0.170168 -0.151973 -0.973626 -0.726265 0.64845 -0.228151 98.8717 9.79761 47.4777 0.566987 0.715217 0.320218 -0.253871 0
-0.439714 -0.400673 1.7339 0.676766 0.736177 0.00557418 0.16879 -0.147789 -0.974509 -0.716588 0.660455 -0.224278 98.6235 9.71745 46.6371 0.571117 0.715687 0.316118 -0.248368 0
-0.438227 -0.400479 1.73321 0.693612 0.720285 0.00956572 0.16189 -0.142928 -0.976403 -0.701921 0.678794 -0.215743 98.3279 9.31661 45.3411 0.577698 0.71629 0.307897 -0.241647 0
-0.440113 -0.400706 1.73474 0.708578 0.705611 0.0054585 0.15276 -0.145841 -0.977443 -0.688898 0.693429 -0.211128 98.4863 8.78689 44.1932 0.581294 0.718601 0.298626 -0.237768 0
-0.441341 -0.400982 1.73634 0.726834 0.686791 0.00548138 0.147014 -0.14778 -0.978033 -0.670894 0.711673 -0.208379 98.5923 8.45392 42.7081 0.585379 0.721629 0.288862 -0.230525 0
-0.43872 -0.40024 1.73577 0.71952 0.694427 0.0078712 0.141543 -0.135542 -0.980609 -0.679894 0.706682 -0.195817 97.8697 8.13713 43.3781 0.589101 0.716045 0.291871 -0.23463 0
-0.439019 -0.400444 1.7348 0.734196 0.678862 0.01015 0.147952 -0.145385 -0.97825 -0.662621 0.719729 -0.20718 98.4533 8.50825 42.0667 0.587714 0.722281 0.286181 -0.225837 0
-0.441246 -0.401826 1.73456 0.76428 0.644836 0.0078793 0.163984 -0.182513 -0.969432 -0.623687 0.74221 -0.245234 100.662 9.43822 39.216 0.578043 0.740275 0.273149 -0.207966 0
-0.44079 -0.402486 1.73387 0.781955 0.623233 0.0112421 0.17322 -0.199939 -0.964375 -0.598783 0.756046 -0.264299 101.713 9.97507 37.4431 0.573959 0.749365 0.265709 -0.196013 0
-0.440746 -0.401212 1.73429 0.78776 0.615849 0.0127972 0.150635 -0.172456 -0.973431 -0.59728 0.768758 -0.228622 100.046 8.66371 37.1694 0.588787 0.739736 0.25904 -0.197531 0
-0.442193 -0.401209 1.73446 0.793339 0.608749 0.00619494 0.144638 -0.178593 -0.973234 -0.591349 0.773 -0.229733 100.398 8.31634 36.7006 0.588433 0.7419 0.253871 -0.197181 0
-0.441372 -0.400111 1.73523 0.775214 0.631667 0.00631275 0.130287 -0.1501 -0.980049 -0.618117 0.76057 -0.198658 98.7075 7.48617 38.5671 0.597172 0.728693 0.261411 -0.209898 0
-0.437868 -0.399015 1.73565 0.846589 0.532228 -0.00438022 0.0831698 -0.140414 -0.986594 -0.525708 0.834875 -0.163138 98.1 4.77079 31.8391 0.621095 0.733168 0.209842 -0.180753 0
-0.440573 -0.40095 1.7356 0.863591 0.504137 0.00749517 0.114815 -0.18216 -0.976542 -0.490945 0.844194 -0.215195 100.566 6.59295 29.6179 0.605441 0.751822 0.205817 -0.16076 0
-0.439489 -0.400616 1.73568 0.873236 0.487296 0.00119925 0.100268 -0.177271 -0.979041 -0.47687 0.855054 -0.20366 100.263 5.75461 28.6387 0.6108 0.750694 0.195673 -0.15841 0
-0.438357 -0.399919 1.73409 0.896445 0.443155 -0.000317275 0.0853445 -0.173343 -0.981157 -0.434859 0.879526 -0.193214 100.019 4.89584 25.8777 0.618443 0.752164 0.17566 -0.144642 0
-0.440009 -0.399949 1.73502 0.918534 0.395114 0.0133877 0.0874206 -0.169971 -0.981564 -0.385554 0.90277 -0.190665 99.8241 5.01523 22.7702 0.624079 0.754846 0.159812 -0.123259 0
-0.438734 -0.399772 1.73465 0.935561 0.352966 0.0118792 0.0779564 -0.173588 -0.981728 -0.344455 0.919392 -0.189918 100.027 4.47111 20.2127 0.626908 0.758134 0.1421 -0.109669 0
-0.440216 -0.400604 1.73469 0.947712 0.319086 0.0051823 0.0716544 -0.196939 -0.977794 -0.310979 0.927038 -0.209506 101.388 4.10902 18.1666 0.620739 0.767163 0.127333 -0.0996518 0
-0.441648 -0.4011 1.73458 0.954978 0.296676 0.00115955 0.0684907 -0.21666 -0.973842 -0.288664 0.930076 -0.227225 102.543 3.9273 16.8186 0.614632 0.774413 0.117885 -0.0928136 0
-0.443425 -0.401639 1.73414 0.962552 0.271072 0.00376841 0.0696004 -0.233662 -0.969824 -0.262012 0.933768 -0.243778 103.546 3.99103 15.2273 0.609326 0.781024 0.109047 -0.0826619 0
-0.44461 -0.401183 1.73445 0.965153 0.261436 0.0113994 0.0705537 -0.218023 -0.97339 -0.251994 0.940275 -0.228871 102.625 4.04579 14.6328 0.616088 0.776538 0.106881 -0.0774574 0
-0.444655 -0.400625 1.73315 0.954284 0.298827 0.0066156 0.0721721 -0.208885 -0.975273 -0.290056 0.931166 -0.220903 102.089 4.13875 16.9067 0.617352 0.772022 0.120139 -0.0917852 0
-0.44366 -0.400416 1.7329 0.944638 0.328115 -0.000366974 0.0711165 -0.205835 -0.975999 -0.320315 0.92194 -0.217774 101.909 4.07812 18.7312 0.61665 0.769455 0.129712 -0.104191 0
-0.445044 -0.400222 1.73301 0.937034 0.349197 -0.0053233 0.0681508 -0.197783 -0.977874 -0.342524 0.915938 -0.209127 101.434 3.90778 20.0794 0.618491 0.765497 0.1363 -0.113602 0
-0.440925 -0.400246 1.7341 0.949983 0.312267 -0.0046813 0.0583341 -0.192151 -0.97963 -0.306805 0.930359 -0.200756 101.097 3.3442 17.8983 0.623914 0.765325 0.12106 -0.10175 0
-0.443061 -0.400312 1.7323 0.931214 0.364463 0.00255737 0.0803614 -0.198472 -0.976807 -0.355503 0.909822 -0.214108 101.485 4.60934 20.895 0.616164 0.765473 0.145278 -0.11527 0
-0.44728 -0.400893 1.73224 0.883946 0.467572 0.00396538 0.112313 -0.204081 -0.97249 -0.4539 0.860074 -0.232911 101.852 6.44868 27.1802 0.601447 0.761731 0.190318 -0.147668 0
-0.442656 -0.400779 1.7324 0.844343 0.535778 0.00511564 0.129315 -0.194506 -0.97234 -0.519963 0.82165 -0.233514 101.312 7.43 31.6256 0.595047 0.753718 0.220604 -0.170769 0
-0.441935 -0.400326 1.73365 0.81834 0.574722 -0.00369493 0.119072 -0.175828 -0.977193 -0.562264 0.799237 -0.212321 100.2 6.83857 34.4921 0.597953 0.742713 0.233534 -0.190504 0
-0.442112 -0.39994 1.73286 0.795342 0.606156 -0.00234093 0.121661 -0.163414 -0.979027 -0.593826 0.778377 -0.203715 99.4761 6.98799 36.7461 0.597539 0.735267 0.247467 -0.202704 0
-0.441161 -0.399438 1.73236 0.788035 0.615629 0.00126013 0.118546 -0.149736 -0.981594 -0.604109 0.77368 -0.190977 98.6732 6.8082 37.4738 0.601524 0.729511 0.251598 -0.206593 0
-0.443338 -0.400636 1.73419 0.786288 0.617753 0.0115266 0.139376 -0.159164 -0.977364 -0.601935 0.770096 -0.211249 99.2494 8.01174 37.4355 0.594953 0.734285 0.257777 -0.201015 0
-0.442697 -0.400657 1.7322 0.782929 0.622025 0.0103703 0.146639 -0.16832 -0.974764 -0.604582 0.764692 -0.222995 99.7971 8.43218 37.6755 0.589833 0.737266 0.260647 -0.201492 0
-0.442088 -0.400838 1.73295 0.789481 0.613774 0.00150832 0.143296 -0.181927 -0.972815 -0.596814 0.768235 -0.23158 100.593 8.23862 37.0877 0.58651 0.742123 0.255035 -0.200541 0
-0.442517 -0.400362 1.73238 0.784649 0.619936 -0.00207289 0.135531 -0.174801 -0.975231 -0.604944 0.764934 -0.221178 100.162 7.78931 37.6313 0.589209 0.738348 0.255797 -0.205532 0
-0.445641 -0.400493 1.7301 0.845586 0.533838 -0.00147714 0.123924 -0.198982 -0.972136 -0.519257 0.821841 -0.234412 101.568 7.11861 31.5532 0.594178 0.754814 0.217855 -0.172471 0
-0.441683 -0.399713 1.73157 0.770801 0.637075 -0.000295428 0.134206 -0.162829 -0.977484 -0.622779 0.753407 -0.211008 99.4575 7.71268 38.9369 0.590966 0.732229 0.263333 -0.212732 0
-0.44208 -0.399092 1.73147 0.743986 0.668089 0.0119232 0.134707 -0.132486 -0.981989 -0.654476 0.732192 -0.188564 97.6837 7.7417 41.3377 0.596435 0.718512 0.279326 -0.223571 0
-0.443789 -0.399993 1.7321 0.693199 0.720684 0.00943597 0.15766 -0.138847 -0.977683 -0.703291 0.679217 -0.209872 98.0829 9.07112 45.414 0.579759 0.714478 0.307338 -0.242784 0
-0.44194 -0.400314 1.73173 0.62692 0.779084 0.00033107 0.177737 -0.142609 -0.97369 -0.758539 0.610484 -0.227877 98.3325 10.238 50.4268 0.560454 0.706648 0.338507 -0.268241 0
-0.442262 -0.400652 1.73131 0.601813 0.798561 0.0109997 0.188149 -0.128381 -0.973714 -0.776158 0.588063 -0.22751 97.5109 10.8448 52.2109 0.558104 0.69959 0.352603 -0.273431 0
-0.442179 -0.397926 1.73056 0.551507 0.834146 -0.00638464 0.132808 -0.0953592 -0.986544 -0.82353 0.543238 -0.163373 95.5211 7.6319 56.1903 0.568501 0.672726 0.359342 -0.308415 0
-0.441968 -0.400108 1.73088 0.423181 0.906045 0.000384526 0.204357 -0.0950341 -0.974273 -0.882698 0.412372 -0.225373 95.5712 11.7918 64.3861 0.525065 0.660225 0.420463 -0.334096 0
-0.441364 -0.400227 1.73179 0.312068 0.950059 0.00131886 0.209859 -0.0675788 -0.975394 -0.926592 0.304666 -0.220467 93.9633 12.1141 71.3869 0.50597 0.632478 0.458481 -0.365733 0
-0.441341 -0.399942 1.73133 0.219896 0.975523 0.000555862 0.211837 -0.0471947 -0.976165 -0.952245 0.214773 -0.21703 92.7679 12.23 76.997 0.488792 0.609122 0.487324 -0.390599 0
-0.441217 -0.399882 1.73136 0.168004 0.985784 0.00233563 0.2054 -0.032688 -0.978132 -0.96415 0.164809 -0.207971 91.914 11.8529 80.1154 0.481494 0.593436 0.501817 -0.405189 0
-0.441757 -0.399455 1.73109 0.157143 0.987565 0.00453378 0.198503 -0.0270884 -0.979726 -0.967421 0.154857 -0.200292 91.5838 11.4494 80.7737 0.482121 0.588329 0.503999 -0.409162 0
-0.442416 -0.400123 1.72943 0.17982 0.983658 0.00903224 0.224096 -0.0320226 -0.974041 -0.957834 0.177176 -0.226192 91.883 12.9497 79.3673 0.480001 0.599591 0.503575 -0.395604 0
-0.444788 -0.401194 1.73006 0.172349 0.98485 0.0191552 0.247904 -0.0245464 -0.968474 -0.953331 0.171664 -0.248379 91.4519 14.3535 79.7524 0.47419 0.601098 0.512709 -0.388529 0
-0.443663 -0.400394 1.73058 0.17892 0.983864 -0.000549697 0.229119 -0.0422096 -0.972483 -0.956814 0.17387 -0.232974 92.4853 13.2452 79.4083 0.475325 0.602931 0.502953 -0.396962 0
-0.443427 -0.400739 1.73366 0.186647 0.982409 -0.00588336 0.218384 -0.0473279 -0.974715 -0.957847 0.180643 -0.223376 92.7798 12.6141 78.9734 0.478525 0.603604 0.497343 -0.399157 0
-0.443136 -0.400573 1.73281 0.185547 0.982614 0.00645479 0.217066 -0.0345801 -0.975544 -0.958361 0.18241 -0.219708 92.0301 12.5367 79.0426 0.482509 0.599966 0.499895 -0.39665 0
-0.443803 -0.400529 1.73142 0.18527 0.982563 0.0156283 0.221982 -0.0263534 -0.974694 -0.957287 0.184051 -0.222994 91.5488 12.8255 79.0466 0.483715 0.598878 0.502835 -0.393093 0
-0.44215 -0.399411 1.73037 0.196402 0.98049 0.00811157 0.200208 -0.0320024 -0.979231 -0.959866 0.193946 -0.202587 91.8718 11.5491 78.4361 0.49036 0.59812 0.493504 -0.397811 0
-0.44427 -0.399998 1.72947 0.231519 0.972799 0.00781478 0.222723 -0.0451834 -0.973834 -0.946992 0.227202 -0.227125 92.6565 12.869 76.2619 0.489697 0.613153 0.487448 -0.382929 0
-0.441425 -0.399864 1.73208 0.252276 0.96765 0.00325325 0.202448 -0.0494921 -0.978042 -0.946241 0.247395 -0.208385 92.8969 11.6802 75.0717 0.498598 0.614441 0.476082 -0.383677 0
-0.440467 -0.399533 1.7315 0.206744 0.978393 -0.00208779 0.196305 -0.0435714 -0.979574 -0.9585 0.202111 -0.201071 92.5468 11.321 77.828 0.490434 0.602368 0.487534 -0.398672 0
-0.44258 -0.400423 1.73217 0.198858 0.980027 0.00152129 0.221403 -0.0434127 -0.974216 -0.954692 0.194068 -0.225614 92.5515 12.7914 78.2338 0.482139 0.605781 0.495818 -0.393364 0
-0.445038 -0.399911 1.73048 0.161386 0.986876 0.0055146 0.217563 -0.0301271 -0.975581 -0.962611 0.158645 -0.21957 91.7688 12.5659 80.4826 0.477412 0.593945 0.506966 -0.402856 0
-0.445332 -0.400485 1.73066 0.148958 0.9888 0.00922803 0.228826 -0.0253899 -0.973136 -0.962003 0.147068 -0.230046 91.4946 13.228 81.1981 0.472632 0.592536 0.513736 -0.401991 0
-0.44664 -0.400339 1.72945 0.19007 0.981763 0.00393705 0.236661 -0.041925 -0.970687 -0.95282 0.18543 -0.240314 92.4731 13.6895 78.7186 0.476401 0.606694 0.502075 -0.391006 0
-0.444437 -0.401096 1.73165 0.224657 0.974432 -0.00335912 0.241294 -0.0589699 -0.968659 -0.94409 0.216805 -0.248372 93.4837 13.9629 76.6148 0.478883 0.61887 0.491107 -0.382734 0
-0.446958 -0.401146 1.73015 0.195097 0.98078 0.00263099 0.257363 -0.0486057 -0.965092 -0.946415 0.188964 -0.261899 92.8832 14.9136 78.352 0.470264 0.613515 0.504529 -0.384581 0
-0.443144 -0.401503 1.73076 0.186652 0.982412 0.00523449 0.258622 -0.0439949 -0.964976 -0.947774 0.181469 -0.262285 92.6104 14.9883 78.8589 0.469141 0.610928 0.507848 -0.3857 0
-0.442153 -0.40101 1.73158 0.194926 0.980816 0.00188789 0.236382 -0.0451098 -0.970613 -0.951907 0.189644 -0.24064 92.6609 13.6731 78.4273 0.476754 0.608415 0.500151 -0.390367 0
-0.443746 -0.400363 1.72941 0.198261 0.980149 0.000140748 0.235129 -0.0474215 -0.970807 -0.951529 0.192506 -0.239863 92.7965 13.5992 78.2302 0.477225 0.609415 0.498543 -0.390288 0
-0.444815 -0.399188 1.72975 0.238965 0.971023 -0.00329833 0.196965 -0.0517979 -0.979041 -0.950842 0.233307 -0.203635 93.0285 11.3595 75.8926 0.495866 0.611228 0.477722 -0.390256 0
-0.442652 -0.399844 1.73239 0.265721 0.963987 -0.0110534 0.197708 -0.0657125 -0.978056 -0.943559 0.257705 -0.208049 93.8437 11.4029 74.2719 0.497986 0.620379 0.468139 -0.384689 0
-0.443561 -0.399233 1.73032 0.260189 0.965555 -0.00240571 0.187248 -0.0529019 -0.980887 -0.947227 0.254765 -0.194563 93.0871 10.7922 74.6405 0.503171 0.613933 0.469434 -0.386701 0
-0.442335 -0.399426 1.73027 0.243581 0.969431 0.02953 0.195908 -0.0193592 -0.980431 -0.949889 0.244599 -0.194635 91.1312 11.2978 75.6175 0.507343 0.60365 0.482622 -0.381164 0
-0.440269 -0.398565 1.73131 0.212357 0.976665 0.0321097 0.187142 -0.00839554 -0.982297 -0.959105 0.214606 -0.184558 90.4897 10.786 77.5155 0.504828 0.592729 0.490868 -0.390986 0
-0.441924 -0.401646 1.73148 0.196336 0.979575 0.0434041 0.242874 -0.00569757 -0.970041 -0.949981 0.200996 -0.239032 90.3365 14.0562 78.3229 0.487752 0.600222 0.509165 -0.377601 0
-0.445143 -0.401572 1.73055 0.193924 0.98032 0.0369733 0.245443 -0.0119938 -0.969337 -0.949816 0.197053 -0.242939 90.7089 14.208 78.4605 0.484508 0.601842 0.509171 -0.379187 0
-0.445451 -0.400988 1.72855 0.189108 0.981825 0.0160839 0.247396 -0.0317867 -0.968393 -0.950281 0.18711 -0.248911 91.88 14.3235 78.745 0.476553 0.606178 0.506956 -0.385282 0
-0.44247 -0.400725 1.73099 0.162905 0.986573 0.0116119 0.228829 -0.0263314 -0.97311 -0.959739 0.161182 -0.230046 91.55 13.2282 80.3665 0.476059 0.595668 0.5101 -0.397926 0
-0.442057 -0.399994 1.72964 0.123706 0.992303 -0.00566628 0.229553 -0.0341716 -0.972696 -0.965403 0.119027 -0.232013 92.012 13.2708 82.698 0.463012 0.589468 0.518203 -0.411841 0
-0.44418 -0.401631 1.73044 0.085138 0.996315 -0.0104088 0.258659 -0.0321893 -0.965432 -0.962209 0.0795026 -0.260446 91.9096 14.9905 84.9435 0.445113 0.586893 0.534584 -0.414308 0
-0.445527 -0.401146 1.73002 0.0669576 0.997756 0.00072349 0.256741 -0.0165287 -0.966339 -0.964158 0.0648895 -0.257272 90.9799 14.8768 86.0274 0.445297 0.578956 0.541707 -0.416023 0
-0.448211 -0.401783 1.73028 0.0377787 0.999281 0.00314213 0.268668 -0.00712851 -0.963207 -0.962492 0.0372329 -0.268744 90.424 15.585 87.7522 0.436436 0.573073 0.553136 -0.418511 0
-0.441939 -0.401375 1.73238 0.0321257 0.999472 -0.00488959 0.248377 -0.0127219 -0.96858 -0.968131 0.0299019 -0.248654 90.7525 14.3815 88.0994 0.438962 0.568661 0.548591 -0.427768 0
-0.43827 -0.399582 1.73054 0.0393614 0.999225 -0.000355275 0.214637 -0.00880221 -0.976654 -0.9759 0.0383662 -0.214817 90.5164 12.3942 87.6903 0.451592 0.561912 0.540059 -0.434345 0
-0.440582 -0.400558 1.73168 0.0457696 0.998943 0.00414801 0.222364 -0.00613991 -0.974944 -0.973889 0.0455452 -0.22241 90.3608 12.8479 87.3093 0.452001 0.564429 0.540948 -0.429523 0
-0.441915 -0.400072 1.73096 0.0549582 0.998488 -0.00145341 0.219805 -0.0135183 -0.97545 -0.973994 0.0532895 -0.220216 90.794 12.6976 86.7705 0.453107 0.567603 0.536596 -0.429635 0
-0.445543 -0.400953 1.73126 0.0574077 0.998326 0.00697213 0.231411 -0.00651296 -0.972834 -0.971161 0.0574616 -0.231398 90.3836 13.3802 86.617 0.45263 0.56906 0.540249 -0.423588 0
-0.443581 -0.3989 1.73283 0.127799 0.9918 -0.000281306 0.174548 -0.0227706 -0.984385 -0.97632 0.125754 -0.176027 91.3251 10.0523 82.5425 0.481924 0.57589 0.506324 -0.423953 0
-0.441143 -0.398533 1.73327 0.188599 0.981979 0.0121259 0.159827 -0.0185087 -0.986972 -0.968961 0.18808 -0.160437 91.0743 9.19683 78.9857 0.502407 0.58471 0.488193 -0.409107 0
-0.441799 -0.400017 1.73069 0.234616 0.971996 0.013389 0.204355 -0.0358513 -0.97824 -0.950365 0.232247 -0.207044 92.0989 11.7918 76.1327 0.497926 0.607765 0.483884 -0.385419 0
-0.443297 -0.400839 1.73112 0.266823 0.963745 0.00134659 0.232495 -0.0630128 -0.970554 -0.935281 0.259279 -0.240879 93.7147 13.444 74.0773 0.490645 0.626641 0.477243 -0.372596 0
-0.446134 -0.402464 1.73041 0.286484 0.958029 0.0103597 0.26961 -0.0702373 -0.960405 -0.919368 0.277933 -0.278416 94.1828 15.6411 72.6925 0.484208 0.639362 0.480025 -0.355435 0
-0.443116 -0.401709 1.73147 0.258663 0.965643 0.0250461 0.251622 -0.0423221 -0.9669 -0.93262 0.256403 -0.253924 92.5063 14.5735 74.4986 0.490514 0.62348 0.488093 -0.363915 0
-0.442022 -0.402371 1.73163 0.258727 0.965468 0.0305209 0.26374 -0.0402107 -0.963755 -0.929248 0.257399 -0.265037 92.3892 15.2921 74.4414 0.488232 0.625295 0.491452 -0.359321 0
-0.442202 -0.40023 1.72909 0.233679 0.972296 0.00587662 0.233032 -0.0501366 -0.971176 -0.943976 0.228313 -0.238292 92.9553 13.4757 76.0961 0.48612 0.616869 0.488487 -0.380186 0
-0.443488 -0.399617 1.72924 0.209356 0.977833 -0.00369019 0.216302 -0.0499902 -0.975046 -0.953616 0.203333 -0.221973 92.935 12.4919 77.6178 0.484095 0.608547 0.490568 -0.393275 0
-0.441757 -0.401024 1.73024 0.237131 0.971469 0.00397703 0.236903 -0.0538556 -0.97004 -0.94215 0.230969 -0.242914 93.1777 13.7038 75.8726 0.484861 0.619254 0.487834 -0.378751 0
-0.443195 -0.400376 1.72986 0.200474 0.979685 -0.00527809 0.232178 -0.0527433 -0.971242 -0.95179 0.193483 -0.238035 93.1084 13.4253 78.1058 0.47689 0.610584 0.49619 -0.391866 0
-0.444265 -0.400798 1.73077 0.20726 0.978212 0.0120093 0.233685 -0.0375845 -0.971586 -0.949965 0.204178 -0.236384 92.2153 13.5141 77.6923 0.483035 0.608529 0.49788 -0.385338 0
-0.443578 -0.401227 1.73133 0.219797 0.975248 0.0240731 0.231465 -0.0281628 -0.972436 -0.947688 0.219311 -0.231926 91.6589 13.3833 76.9423 0.489824 0.608253 0.495975 -0.379618 0
-0.445182 -0.402066 1.73153 0.222497 0.97411 0.0400584 0.250569 -0.017428 -0.967942 -0.942184 0.225402 -0.24796 91.0315 14.5112 76.713 0.48916 0.609894 0.502005 -0.369788 0
-0.443547 -0.400747 1.73136 0.274013 0.961362 0.0264645 0.219101 -0.0356079 -0.975052 -0.936436 0.272976 -0.220392 92.0915 12.6562 73.6898 0.504483 0.618468 0.477172 -0.367832 0
-0.443124 -0.399723 1.73181 0.316781 0.948497 0.00178951 0.195032 -0.0632906 -0.978753 -0.928231 0.3104 -0.205036 93.6999 11.2466 71.1565 0.51197 0.629505 0.454138 -0.367924 0
-0.443141 -0.399646 1.73121 0.365131 0.930956 0.000408846 0.19202 -0.0748824 -0.97853 -0.910938 0.35737 -0.206104 94.3761 11.0707 68.1576 0.520611 0.641506 0.437633 -0.354841 0
-0.442693 -0.399383 1.73177 0.408879 0.912582 0.00351398 0.18256 -0.0780213 -0.980094 -0.894142 0.401381 -0.198502 94.5515 10.5189 65.426 0.532061 0.649115 0.421783 -0.343016 0
-0.445227 -0.400293 1.73343 0.488678 0.872316 0.0160684 0.18392 -0.0849949 -0.97926 -0.852858 0.481498 -0.201971 94.9606 10.5982 60.1878 0.548113 0.666267 0.396326 -0.313985 0
-0.44457 -0.399316 1.73181 0.542661 0.839806 0.0156196 0.17288 -0.0934744 -0.980497 -0.821968 0.534778 -0.195911 95.4458 9.95532 56.5673 0.559749 0.676766 0.374091 -0.297868 0
-0.442172 -0.400158 1.73293 0.587885 0.808928 -0.00513855 0.166301 -0.12707 -0.977853 -0.791666 0.574011 -0.209228 97.404 9.57281 53.4027 0.559372 0.693575 0.351523 -0.287209 0
-0.439519 -0.401027 1.73121 0.64591 0.76288 0.0285213 0.196852 -0.13034 -0.971731 -0.737597 0.633266 -0.234362 97.6396 11.3529 48.7915 0.565952 0.70898 0.33842 -0.250034 0
-0.44188 -0.402136 1.73125 0.676336 0.736223 0.0233537 0.213174 -0.165288 -0.962931 -0.705072 0.656243 -0.268734 99.74 12.3084 46.1917 0.557296 0.726354 0.326768 -0.234637 0
-0.444438 -0.403583 1.73107 0.698402 0.714168 0.0468861 0.240522 -0.172503 -0.955192 -0.67408 0.678386 -0.29225 100.237 13.9174 43.9847 0.555349 0.735383 0.324555 -0.21322 0
-0.442606 -0.40319 1.73233 0.743446 0.667248 0.0454876 0.216513 -0.175771 -0.960326 -0.63278 0.723799 -0.275144 100.372 12.5043 40.4026 0.568448 0.740669 0.298298 -0.19823 0
-0.444639 -0.401115 1.73152 0.760392 0.649257 0.0164162 0.164783 -0.168417 -0.971845 -0.628213 0.741688 -0.23505 99.8315 9.48466 39.5625 0.582436 0.735503 0.276695 -0.207952 0
-0.44316 -0.400505 1.73132 0.753357 0.657337 0.0190082 0.161536 -0.156959 -0.974305 -0.637463 0.73707 -0.22443 99.1516 9.29609 40.2367 0.585655 0.730538 0.280229 -0.211644 0
-0.445955 -0.399918 1.73148 0.759561 0.650399 -0.00694743 0.135191 -0.168312 -0.976419 -0.636231 0.740711 -0.215771 99.7803 7.76969 39.9506 0.586404 0.732059 0.268281 -0.219647 0
-0.441983 -0.401386 1.731 0.736354 0.676586 0.00387548 0.17388 -0.183698 -0.967482 -0.653872 0.713082 -0.252912 100.751 10.0135 41.6047 0.570031 0.737049 0.28847 -0.220473 0
-0.441628 -0.401715 1.73252 0.737348 0.675316 0.0163471 0.179579 -0.172631 -0.968478 -0.651206 0.717041 -0.248562 100.107 10.3452 41.4501 0.573619 0.734599 0.290939 -0.216057 0
-0.43797 -0.401156 1.73283 0.722354 0.691377 0.0142411 0.172734 -0.160455 -0.971811 -0.669603 0.704451 -0.23533 99.3755 9.9468 42.8297 0.575884 0.727691 0.296867 -0.225151 0
-0.440669 -0.39971 1.72969 0.703132 0.711059 -8.03233e-05 0.15676 -0.155123 -0.975378 -0.693564 0.685807 -0.220538 99.0366 9.01889 44.6075 0.57608 0.720901 0.30095 -0.240548 0
-0.446104 -0.39981 1.73045 0.674769 0.737952 -0.0106629 0.156291 -0.157 -0.975153 -0.72129 0.656337 -0.221274 99.1461 8.99169 46.9086 0.569319 0.716422 0.312052 -0.25542 0
-0.445035 -0.399138 1.73064 0.667721 0.744403 0.00352431 0.14625 -0.126539 -0.981121 -0.729904 0.655631 -0.193362 97.3491 8.40965 47.5475 0.580478 0.704915 0.315872 -0.257612 0
-0.442496 -0.399373 1.73285 0.673797 0.738883 0.00703167 0.143809 -0.121795 -0.982082 -0.724787 0.662735 -0.188324 97.0696 8.26833 47.088 0.583883 0.704258 0.313341 -0.254791 0
-0.442366 -0.399755 1.73029 0.66923 0.743054 -0.00171256 0.16182 -0.147991 -0.97566 -0.725222 0.652664 -0.219281 98.6251 9.31253 47.2994 0.570517 0.71353 0.317041 -0.254696 0
-0.442404 -0.399385 1.72993 0.665546 0.746349 -0.00344062 0.155275 -0.142971 -0.977471 -0.730026 0.650017 -0.211043 98.3214 8.93277 47.6454 0.572611 0.710556 0.317225 -0.258061 0
-0.441621 -0.3993 1.73159 0.638955 0.769219 -0.00629203 0.145398 -0.1288 -0.980954 -0.755378 0.62587 -0.19414 97.4802 8.36034 49.773 0.573588 0.700338 0.326491 -0.271894 0
-0.443644 -0.400349 1.73265 0.639871 0.767752 0.0335001 0.175837 -0.103834 -0.978928 -0.748095 0.632278 -0.20144 96.0547 10.1274 49.4585 0.577624 0.697342 0.33828 -0.256185 0
-0.444218 -0.40126 1.73034 0.643281 0.761414 0.0802401 0.207947 -0.072891 -0.97542 -0.73685 0.644155 -0.205223 94.2736 12.0021 48.8786 0.584202 0.693072 0.349661 -0.236848 0
-0.441914 -0.400056 1.73188 0.680366 0.730483 0.0591427 0.185874 -0.0939327 -0.978073 -0.70891 0.676441 -0.199686 95.4858 10.7121 46.177 0.588801 0.702493 0.326109 -0.231236 0
-0.442528 -0.399497 1.73113 0.708643 0.705402 0.0152711 0.151015 -0.130496 -0.97988 -0.689216 0.696692 -0.199002 97.5858 8.68577 44.2038 0.587185 0.713817 0.299943 -0.236036 0
-0.44331 -0.399301 1.72989 0.711306 0.702876 0.00302001 0.145696 -0.143238 -0.978905 -0.687616 0.696741 -0.204292 98.3247 8.3776 44.0298 0.583904 0.717432 0.295698 -0.238558 0
-0.44528 -0.39912 1.72918 0.704303 0.709887 -0.00422005 0.144407 -0.149086 -0.978223 -0.695057 0.688356 -0.207514 98.6655 8.30291 44.6214 0.580453 0.717792 0.297542 -0.243551 0
-0.445126 -0.399226 1.72975 0.69317 0.720738 -0.00725518 0.145861 -0.150125 -0.977848 -0.705861 0.676756 -0.20919 98.7282 8.38714 45.5198 0.577463 0.716325 0.302446 -0.24888 0
-0.446078 -0.400486 1.73037 0.692625 0.721279 0.00517893 0.171192 -0.157408 -0.972582 -0.700688 0.674521 -0.232502 99.1933 9.85713 45.3316 0.570683 0.721549 0.30922 -0.240978 0
-0.444973 -0.401667 1.73034 0.704936 0.708974 0.0205206 0.195783 -0.166698 -0.966375 -0.681714 0.68525 -0.256317 99.7871 11.2905 44.0405 0.56611 0.729375 0.310114 -0.22663 0
-0.446352 -0.401884 1.72929 0.724306 0.689395 0.0107692 0.196868 -0.191818 -0.961483 -0.660775 0.698528 -0.274654 101.283 11.3539 42.3738 0.560766 0.740064 0.299387 -0.219578 0
-0.441273 -0.39995 1.72842 0.615095 0.788291 0.0159871 0.1928 -0.130716 -0.972492 -0.764517 0.601257 -0.232385 97.6555 11.1162 51.1815 0.559462 0.703242 0.348774 -0.2661 0
-0.440445 -0.400981 1.73052 0.629477 0.776356 0.0321087 0.20313 -0.124533 -0.9712 -0.749998 0.61787 -0.236092 97.3069 11.7201 49.9931 0.563217 0.705355 0.347161 -0.254443 0
-0.43981 -0.400949 1.7306 0.645422 0.763738 0.011584 0.19448 -0.149648 -0.969424 -0.738653 0.627941 -0.245117 98.7753 11.2143 48.8536 0.559164 0.714176 0.335428 -0.254513 0
-0.444158 -0.400541 1.72923 0.705489 0.70862 0.0119067 0.175716 -0.158614 -0.971579 -0.686592 0.687531 -0.236416 99.272 10.1203 44.2223 0.572376 0.724659 0.305087 -0.23276 0
-0.444715 -0.399022 1.72912 0.745497 0.66636 0.0140826 0.141912 -0.13805 -0.980206 -0.651226 0.732739 -0.19748 98.0167 8.15848 41.1387 0.59371 0.721288 0.280149 -0.220835 0
-0.443298 -0.398247 1.72927 0.773369 0.633952 0.00224576 0.115322 -0.137198 -0.983808 -0.623379 0.761105 -0.179213 97.9391 6.6222 38.8708 0.603522 0.722804 0.259156 -0.214835 0
-0.439954 -0.398472 1.73036 0.78448 0.620153 -0.00107932 0.109926 -0.140766 -0.983921 -0.610334 0.771748 -0.178599 98.1418 6.31102 37.8833 0.60521 0.725232 0.251671 -0.210765 0
-0.440097 -0.399019 1.7314 0.808647 0.588293 0.00128975 0.11098 -0.150395 -0.982377 -0.577731 0.794539 -0.186906 98.704 6.37181 35.5436 0.606495 0.732453 0.238675 -0.19675 0
-0.442851 -0.399315 1.73028 0.798381 0.602144 -0.00324673 0.120828 -0.165483 -0.978783 -0.589906 0.781049 -0.204874 99.5962 6.93988 36.4599 0.5975 0.736332 0.245464 -0.201388 0
-0.441418 -0.400132 1.73194 0.797713 0.603 0.0067554 0.134965 -0.167605 -0.976572 -0.587741 0.779936 -0.215084 99.7386 7.75657 36.3821 0.594774 0.738309 0.249883 -0.196728 0
-0.442244 -0.400187 1.72931 0.803393 0.595322 0.0123209 0.143955 -0.174108 -0.974147 -0.577786 0.784397 -0.225577 100.133 8.27679 35.723 0.592391 0.742138 0.249036 -0.190485 0
-0.446401 -0.40107 1.7292 0.798608 0.600499 0.0403348 0.172301 -0.163903 -0.971313 -0.576661 0.782648 -0.234361 99.5781 9.92164 35.8324 0.591681 0.741092 0.260696 -0.180924 0
-0.448353 -0.402539 1.73089 0.816973 0.575592 0.0353384 0.181027 -0.197795 -0.963383 -0.547526 0.793455 -0.265791 101.602 10.4296 33.8295 0.581676 0.755076 0.250511 -0.169581 0
-0.444814 -0.403594 1.72992 0.769358 0.634705 0.0723786 0.235229 -0.176133 -0.955847 -0.593933 0.752414 -0.28481 100.441 13.6051 37.6676 0.57193 0.74671 0.291256 -0.174617 0
-0.442029 -0.403798 1.73016 0.756588 0.649632 0.0745158 0.244065 -0.174835 -0.953868 -0.606635 0.739872 -0.290831 100.386 14.1266 38.7228 0.568094 0.745361 0.299753 -0.178477 0
-0.4451 -0.403578 1.72921 0.725958 0.684657 0.065034 0.243836 -0.167814 -0.955187 -0.643062 0.709284 -0.28877 99.9644 14.1131 41.5349 0.563333 0.738672 0.314244 -0.195631 0
-0.441318 -0.401478 1.72975 0.755506 0.655142 0.000527136 0.17777 -0.204229 -0.962647 -0.630562 0.727379 -0.27076 101.978 10.2399 39.8491 0.5658 0.746742 0.278848 -0.210928 0
-0.442163 -0.401059 1.72915 0.744273 0.667801 0.00997628 0.180105 -0.1863 -0.965844 -0.643133 0.720648 -0.258932 100.918 10.3759 40.8306 0.569877 0.739849 0.286513 -0.213948 0
-0.444442 -0.401166 1.72828 0.731966 0.680965 0.0226366 0.193425 -0.175826 -0.965232 -0.653309 0.710895 -0.260414 100.324 11.1527 41.7502 0.56915 0.736241 0.29691 -0.214153 0
-0.441996 -0.399751 1.72978 0.667963 0.74402 0.0161393 0.168417 -0.130006 -0.977105 -0.724887 0.655388 -0.212145 97.5788 9.69582 47.3403 0.57572 0.708892 0.321783 -0.249949 0
-0.440649 -0.400901 1.73083 0.64657 0.762507 0.0230498 0.190925 -0.132494 -0.972622 -0.738577 0.633268 -0.231248 97.7573 11.0068 48.8002 0.56631 0.708927 0.336223 -0.252327 0
-0.443731 -0.401243 1.72879 0.647689 0.76132 0.0298363 0.210661 -0.141311 -0.967292 -0.732203 0.632789 -0.251906 98.3115 12.1611 48.5048 0.560016 0.714301 0.340186 -0.245823 0
-0.441311 -0.400788 1.73027 0.660961 0.750366 0.00905374 0.190614 -0.156209 -0.969157 -0.725808 0.6423 -0.246278 99.1562 10.9886 47.6773 0.560909 0.718235 0.327532 -0.249485 0
-0.440364 -0.401531 1.73142 0.648876 0.760483 0.0250019 0.202755 -0.141141 -0.969004 -0.733383 0.633833 -0.245775 98.2872 11.6981 48.4985 0.561685 0.713406 0.337549 -0.248239 0
-0.444325 -0.402308 1.72927 0.669009 0.742504 0.0333784 0.223754 -0.158375 -0.961692 -0.708774 0.650849 -0.272093 99.3517 12.9296 46.6532 0.556449 0.724479 0.333432 -0.233063 0
-0.442212 -0.402774 1.73017 0.673451 0.737662 0.0481487 0.236624 -0.153404 -0.959414 -0.700338 0.657512 -0.277859 99.0843 13.6874 46.1212 0.557267 0.725382 0.335784 -0.224774 0
-0.445396 -0.402872 1.73058 0.695579 0.716343 0.0549759 0.228974 -0.148505 -0.962038 -0.680985 0.681762 -0.267321 98.7752 13.2367 44.3926 0.565631 0.726534 0.325283 -0.215409 0
-0.4429 -0.402637 1.73037 0.731922 0.679902 0.0449931 0.2164 -0.169328 -0.961509 -0.646113 0.713486 -0.271066 99.9878 12.4977 41.4368 0.568227 0.736939 0.304062 -0.203925 0
-0.442388 -0.403763 1.73123 0.786829 0.61685 0.019891 0.203952 -0.229464 -0.951709 -0.582497 0.752889 -0.306357 103.556 11.7682 36.5129 0.559242 0.762012 0.269288 -0.184579 0
-0.44089 -0.402325 1.73033 0.833876 0.551811 0.0124741 0.166842 -0.230454 -0.958673 -0.526132 0.801496 -0.284236 103.517 9.60428 32.2498 0.574279 0.766252 0.23447 -0.167588 0
-0.44532 -0.401974 1.72952 0.863763 0.503843 0.00752274 0.151311 -0.245101 -0.957617 -0.480644 0.828292 -0.287946 104.357 8.70289 29.0939 0.576783 0.774082 0.21159 -0.152801 0
-0.441259 -0.404485 1.72865 0.904861 0.423433 0.0439555 0.175693 -0.277397 -0.944554 -0.387762 0.862413 -0.3254 106.366 10.119 23.1967 0.57054 0.791779 0.189171 -0.108555 0
