-0.338069 -0.387374 1.45614 0.821683 0.568894 0.0346002 0.193142 -0.220821 -0.955999 -0.536222 0.792211 -0.291323 103.006 11.1362 33.1281 0.572175 0.763843 0.249409 -0.164177 0
-0.351977 -0.374535 1.44005 0.832603 0.551392 0.0523421 0.210494 -0.227596 -0.950733 -0.512314 0.8026 -0.305562 103.463 12.1513 31.6047 0.569966 0.769051 0.247671 -0.149526 0
-0.3608 -0.368761 1.43566 0.852327 0.520364 0.0525271 0.182883 -0.202437 -0.962067 -0.489992 0.829602 -0.267709 101.883 10.5377 29.894 0.587831 0.761983 0.230729 -0.143528 0
-0.369423 -0.370289 1.43211 0.853651 0.518986 0.0439848 0.16302 -0.186025 -0.968927 -0.494677 0.834295 -0.243405 100.868 9.38225 30.0916 0.596703 0.755493 0.225682 -0.149138 0
-0.379421 -0.370336 1.42912 0.852177 0.519402 0.0633665 0.169455 -0.159372 -0.972566 -0.495054 0.839537 -0.223828 99.3062 9.75616 30.1535 0.606007 0.747559 0.230369 -0.144366 0
-0.388354 -0.370859 1.42658 0.855169 0.514112 0.0661439 0.17474 -0.165792 -0.970556 -0.488008 0.841548 -0.231616 99.6938 10.0635 29.7115 0.603689 0.750429 0.229486 -0.140541 0
-0.397734 -0.372932 1.42602 0.826048 0.557584 0.0821226 0.200569 -0.154657 -0.967395 -0.526704 0.815586 -0.239588 99.083 11.5702 32.5223 0.59829 0.745032 0.254403 -0.149182 0
-0.396825 -0.3713 1.42363 0.754345 0.645837 0.11772 0.27202 -0.144304 -0.95141 -0.597469 0.749713 -0.284536 98.6246 15.7845 38.3805 0.575653 0.73878 0.310599 -0.162345 0
-0.397843 -0.372776 1.42517 0.744537 0.660929 0.0940055 0.277428 -0.178247 -0.944067 -0.607205 0.728973 -0.316072 100.692 16.1068 39.1988 0.559066 0.74814 0.313563 -0.171492 0
-0.398218 -0.373483 1.429 0.759671 0.64408 0.0897852 0.261963 -0.176718 -0.94876 -0.595211 0.744266 -0.302972 100.551 15.1865 38.0791 0.565681 0.748225 0.302731 -0.168875 0
-0.398302 -0.373771 1.42885 0.754722 0.648698 0.0979098 0.257712 -0.15591 -0.95356 -0.603307 0.744905 -0.284846 99.2858 14.9344 38.638 0.573142 0.740857 0.305865 -0.170545 0
-0.398723 -0.373694 1.42953 0.718939 0.688089 0.0982852 0.244344 -0.117817 -0.962505 -0.650709 0.715998 -0.252833 96.9786 14.143 42.1481 0.580579 0.722771 0.32252 -0.191079 0
-0.400978 -0.376628 1.43563 0.759991 0.643987 0.0877183 0.245174 -0.159074 -0.956339 -0.601916 0.748316 -0.278784 99.4439 14.1921 38.3794 0.57492 0.741257 0.299883 -0.173421 0
-0.397703 -0.371947 1.42199 0.652675 0.757029 0.03038 0.243701 -0.171803 -0.954512 -0.717374 0.63039 -0.29662 100.203 14.1051 47.7037 0.544117 0.7282 0.343563 -0.235854 0
-0.39728 -0.370131 1.41118 0.598327 0.801195 0.00954087 0.248645 -0.17434 -0.952776 -0.761696 0.572444 -0.303525 100.369 14.3973 51.8497 0.529259 0.72045 0.3643 -0.261002 0
-0.396421 -0.367839 1.40573 0.604182 0.796125 0.0338939 0.249055 -0.148263 -0.957074 -0.756925 0.586689 -0.287857 98.8058 14.4216 51.4029 0.540385 0.714196 0.365859 -0.253093 0
-0.394278 -0.366115 1.39913 0.59286 0.804149 0.0431431 0.243698 -0.12809 -0.961355 -0.767547 0.580463 -0.271909 97.5893 14.1049 52.3172 0.546091 0.705843 0.371133 -0.256574 0
-0.405448 -0.370079 1.41181 0.462374 0.886604 0.0119775 0.185122 -0.0833151 -0.979177 -0.867145 0.454963 -0.202653 94.8634 10.6682 61.9328 0.542311 0.661124 0.405267 -0.323376 0
-0.406977 -0.369011 1.41318 0.458091 0.888504 0.0267122 0.189306 -0.0681518 -0.97955 -0.868514 0.45378 -0.199419 93.9799 10.9123 62.191 0.545555 0.656822 0.410237 -0.320407 0
-0.404917 -0.367058 1.40257 0.513681 0.856467 0.0509529 0.201419 -0.062651 -0.9775 -0.834004 0.512386 -0.204691 93.6672 11.6199 58.3702 0.558198 0.667275 0.396345 -0.293376 0
-0.404082 -0.36481 1.39821 0.526732 0.848621 0.0489412 0.186411 -0.0591459 -0.98069 -0.82934 0.525684 -0.189346 93.4514 10.7434 57.5795 0.565296 0.666188 0.388416 -0.29286 0
-0.403834 -0.364119 1.39759 0.512466 0.857874 0.0378314 0.188207 -0.0692258 -0.979687 -0.837828 0.509177 -0.196934 94.0419 10.8482 58.5475 0.558191 0.666826 0.392187 -0.299927 0
-0.403633 -0.363952 1.39584 0.493914 0.868713 0.0372464 0.199903 -0.0717597 -0.977184 -0.846219 0.490091 -0.209102 94.2 11.5313 59.7291 0.550693 0.666104 0.40107 -0.303621 0
-0.403108 -0.363816 1.39381 0.485715 0.873404 0.0353044 0.218347 -0.0821201 -0.97241 -0.846407 0.480023 -0.230592 94.8272 12.612 60.1504 0.541526 0.670527 0.407049 -0.302412 0
-0.404311 -0.363153 1.39394 0.502063 0.862535 0.0629833 0.219888 -0.0568793 -0.973865 -0.83641 0.502791 -0.218218 93.3426 12.7025 59.0253 0.553842 0.666551 0.405979 -0.290086 0
-0.406024 -0.363487 1.39358 0.458349 0.887403 0.0493159 0.234944 -0.0674624 -0.969665 -0.857157 0.456032 -0.239411 93.9798 13.5883 61.8651 0.536534 0.664308 0.422374 -0.304016 0
-0.409164 -0.364562 1.37972 0.456016 0.886354 0.0801623 0.103907 0.036432 -0.99392 -0.883885 0.461573 -0.0754849 87.9008 5.9642 62.7098 0.595181 0.611365 0.404938 -0.328659 0
-0.409435 -0.364276 1.37909 0.463218 0.883423 0.0706565 0.0997647 0.0272405 -0.994638 -0.880611 0.467783 -0.0755162 88.4312 5.72562 62.2548 0.594757 0.614714 0.399856 -0.329403 0
-0.415519 -0.361146 1.37623 0.496195 0.866543 0.0537948 0.14489 -0.021556 -0.989213 -0.856036 0.498637 -0.136249 91.2483 8.33092 59.9016 0.578444 0.64304 0.393223 -0.311894 0
-0.418916 -0.36029 1.37402 0.478664 0.875324 0.0684679 0.144561 -0.00165358 -0.989495 -0.866015 0.483533 -0.127329 90.0957 8.31183 61.0697 0.580879 0.633965 0.402185 -0.314508 0
-0.407161 -0.356984 1.35541 0.516162 0.856299 0.0181472 0.137404 -0.0618742 -0.988581 -0.845398 0.512761 -0.149596 93.5814 7.89767 58.5936 0.571115 0.657197 0.378008 -0.314689 0
-0.407701 -0.356021 1.34716 0.524282 0.851086 0.0279429 0.152331 -0.0614522 -0.986417 -0.837809 0.521417 -0.161865 93.5648 8.76204 57.9626 0.570299 0.660984 0.379516 -0.306311 0
-0.405974 -0.354301 1.34094 0.524559 0.850923 0.0277123 0.148553 -0.059429 -0.987117 -0.838314 0.521918 -0.157581 93.4453 8.54308 57.9645 0.57174 0.659843 0.37868 -0.307119 0
-0.403862 -0.351913 1.33324 0.538607 0.842253 0.0226569 0.145857 -0.0667208 -0.987053 -0.829836 0.534938 -0.158784 93.8671 8.38689 57.0143 0.572953 0.664099 0.371973 -0.303862 0
-0.403675 -0.351467 1.33029 0.529187 0.848057 0.0275872 0.205025 -0.096251 -0.974013 -0.823363 0.521091 -0.224808 95.6436 11.831 57.2706 0.549574 0.680119 0.387095 -0.292513 0
-0.399889 -0.34701 1.31527 0.505309 0.862707 -0.019973 0.190942 -0.134351 -0.972364 -0.841548 0.487531 -0.232616 97.8667 11.0077 59.0172 0.533466 0.684156 0.385018 -0.314812 0
-0.396838 -0.344098 1.30443 0.46856 0.882874 -0.0313803 0.183008 -0.131754 -0.974243 -0.864268 0.450748 -0.223308 97.7018 10.545 61.5358 0.527612 0.675208 0.39465 -0.33162 0
-0.3953 -0.343049 1.29867 0.466485 0.884174 -0.0250578 0.200667 -0.133376 -0.970538 -0.861467 0.447713 -0.239642 97.8249 11.576 61.5644 0.522845 0.678141 0.399932 -0.326821 0
-0.393794 -0.341918 1.29321 0.47129 0.88188 -0.01313 0.225276 -0.134757 -0.964931 -0.852723 0.451805 -0.262176 97.9502 13.0191 61.0711 0.518256 0.683415 0.405009 -0.316738 0
-0.391943 -0.339699 1.28506 0.476279 0.879285 -0.00404248 0.22657 -0.127165 -0.965658 -0.849603 0.459006 -0.259786 97.502 13.0952 60.7255 0.521854 0.682501 0.405075 -0.31269 0
-0.389765 -0.336736 1.27499 0.477702 0.878393 0.0150296 0.225427 -0.106024 -0.968474 -0.849107 0.46603 -0.248662 96.2476 13.028 60.6382 0.529862 0.676829 0.407718 -0.308083 0
-0.387909 -0.334985 1.2673 0.501263 0.864579 0.0351935 0.23425 -0.0964349 -0.967382 -0.832984 0.493157 -0.250867 95.6928 13.5474 58.9618 0.537113 0.67981 0.404094 -0.293387 0
-0.385339 -0.333061 1.25918 0.519064 0.85389 0.038017 0.229852 -0.0966068 -0.968419 -0.82325 0.511409 -0.246413 95.6968 13.2884 57.7683 0.542228 0.682291 0.397097 -0.287719 0
-0.383904 -0.331485 1.25145 0.446096 0.893743 0.0471409 0.219361 -0.0581208 -0.973911 -0.867686 0.444799 -0.22198 93.4152 12.6715 62.7913 0.539906 0.656924 0.423604 -0.312268 0
-0.383442 -0.330919 1.24763 0.284762 0.956151 0.0684502 0.192203 0.0130061 -0.981269 -0.939132 0.292584 -0.180072 89.2406 11.0814 73.1318 0.528606 0.602459 0.476528 -0.361303 0
-0.381054 -0.329958 1.24167 0.207128 0.975764 0.0705826 0.203491 0.0275985 -0.978688 -0.956917 0.217076 -0.192843 88.3847 11.7412 77.7866 0.510363 0.585741 0.503318 -0.378296 0
-0.379015 -0.328692 1.23595 0.160686 0.985421 0.0559072 0.193956 0.0240132 -0.980716 -0.967761 0.168431 -0.18727 88.5974 11.1838 80.5727 0.499357 0.575314 0.512493 -0.396242 0
-0.376782 -0.327015 1.23038 0.127973 0.991152 0.035217 0.174208 0.0124922 -0.98463 -0.976358 0.132142 -0.171068 89.2731 10.0326 82.5327 0.49229 0.567131 0.513709 -0.414869 0
-0.375088 -0.326257 1.22549 0.090568 0.995642 0.0222417 0.178006 0.00578968 -0.984012 -0.979853 0.0930792 -0.176706 89.6629 10.2536 84.7191 0.479492 0.561579 0.522477 -0.426303 0
-0.370516 -0.3218 1.20798 0.0501751 0.998026 0.0377624 0.19736 0.0271565 -0.979955 -0.979046 0.0566222 -0.195608 88.4126 11.3826 87.0662 0.469501 0.551957 0.541431 -0.426339 0
-0.366851 -0.319351 1.19562 -0.0320088 0.999439 0.00990093 0.16704 0.0151159 -0.985834 -0.98543 -0.0299016 -0.16743 89.1215 9.61574 91.8604 0.451574 0.529222 0.551034 -0.460832 0
-0.358487 -0.30932 1.16383 -0.0648006 0.996446 0.0538124 0.216112 0.0666592 -0.97409 -0.974216 -0.0514922 -0.219663 86.0852 12.4808 93.8055 0.442209 0.521585 0.581189 -0.441157 0
-0.357419 -0.305616 1.15207 -0.104517 0.992971 0.0555447 0.204713 0.0761347 -0.975857 -0.973226 -0.0906227 -0.211231 85.5389 11.8127 96.1296 0.436001 0.507587 0.58989 -0.451982 0
-0.358056 -0.304108 1.14732 -0.179823 0.98193 0.0589705 0.183528 0.0923842 -0.978664 -0.966427 -0.165163 -0.196824 84.6074 10.5753 100.54 0.423006 0.480785 0.606018 -0.471862 0
-0.358213 -0.304614 1.14565 -0.253237 0.965395 0.0623186 0.171084 0.108095 -0.979309 -0.952156 -0.237336 -0.192537 83.7013 9.85084 104.894 0.406915 0.455852 0.623271 -0.488008 0
-0.357834 -0.304028 1.14516 -0.311903 0.947743 0.0670854 0.168692 0.124726 -0.977746 -0.935018 -0.293645 -0.198779 82.7303 9.71178 108.448 0.391805 0.436506 0.639415 -0.497091 0
-0.357986 -0.304349 1.14546 -0.344332 0.936255 0.0697336 0.163962 0.133103 -0.977446 -0.92442 -0.325132 -0.199341 82.2455 9.43691 110.43 0.383872 0.424826 0.647452 -0.502963 0
-0.358202 -0.303558 1.14624 -0.361953 0.930369 0.0583345 0.142208 0.116953 -0.982903 -0.921286 -0.347469 -0.174637 83.2144 8.17563 111.449 0.380908 0.417053 0.642951 -0.517292 0
-0.357842 -0.297625 1.1475 -0.377731 0.923928 0.0606364 0.149901 0.125646 -0.980685 -0.913701 -0.361346 -0.185958 82.699 8.6212 112.461 0.374819 0.413092 0.649872 -0.516267 0
-0.358852 -0.297136 1.14891 -0.404583 0.912211 0.064686 0.162577 0.141352 -0.976518 -0.899934 -0.384566 -0.205493 81.7636 9.3565 114.207 0.364443 0.406066 0.661708 -0.514232 0
-0.35811 -0.296968 1.14857 -0.413576 0.908409 0.0612134 0.161338 0.13929 -0.97702 -0.896061 -0.394196 -0.204168 81.8862 9.28454 114.776 0.361091 0.403516 0.662766 -0.517233 0
-0.357804 -0.296903 1.14793 -0.409607 0.909836 0.0664848 0.147968 0.138175 -0.979292 -0.900182 -0.391287 -0.191225 81.9687 8.50921 114.467 0.366519 0.401074 0.659357 -0.519665 0
-0.357404 -0.297505 1.14754 -0.366989 0.925759 0.0910434 0.106616 0.139087 -0.984524 -0.924095 -0.351603 -0.149744 81.9588 6.12028 111.66 0.394447 0.401145 0.643393 -0.519172 0
-0.357815 -0.296935 1.14728 -0.282075 0.956804 0.0704309 0.111607 0.105639 -0.988122 -0.952879 -0.270864 -0.136584 83.8977 6.40797 106.49 0.414421 0.432686 0.617312 -0.509866 0
-0.358302 -0.298617 1.14661 -0.242993 0.968443 0.0554289 0.124868 0.0878946 -0.988272 -0.961958 -0.233222 -0.142285 84.9176 7.17313 104.177 0.419111 0.450388 0.606872 -0.503193 0
-0.358035 -0.296299 1.14527 -0.29227 0.955355 0.0433021 0.0886211 0.0721405 -0.99345 -0.952221 -0.286518 -0.105749 85.8467 5.08428 107.063 0.410524 0.430505 0.606251 -0.527821 0
-0.358211 -0.295948 1.14521 -0.30909 0.950269 0.0380993 0.0519393 0.0568682 -0.99703 -0.949613 -0.306193 -0.0669337 86.7355 2.97724 108.03 0.412566 0.418621 0.598517 -0.544355 0
-0.358102 -0.294485 1.14433 -0.311497 0.949699 0.0322628 0.0314918 0.0442506 -0.998524 -0.949725 -0.310021 -0.0436917 87.4625 1.80465 108.159 0.415049 0.414712 0.591489 -0.553072 0
-0.358336 -0.294132 1.14454 -0.278825 0.960087 0.0221245 0.00384799 0.0241549 -0.999701 -0.960334 -0.278657 -0.0104294 88.6159 0.220474 106.19 0.428632 0.42055 0.57302 -0.557728 0
-0.358393 -0.294032 1.1451 -0.24265 0.969772 0.0257341 0.0181895 0.0310703 -0.999352 -0.969943 -0.242025 -0.0251789 88.2192 1.04224 104.045 0.436818 0.433433 0.569846 -0.54461 0
-0.358363 -0.296165 1.14531 -0.248529 0.968179 0.0293529 0.042777 0.0412448 -0.998233 -0.967679 -0.246835 -0.0516664 87.634 2.45169 104.404 0.430421 0.436432 0.579103 -0.537498 0
-0.35862 -0.294788 1.14418 -0.304037 0.952289 0.0266089 0.0927222 0.0573789 -0.994037 -0.948137 -0.299756 -0.105744 86.6964 5.32023 107.779 0.402368 0.431372 0.605632 -0.534068 0
-0.358372 -0.294572 1.14329 -0.314405 0.948914 0.0266754 0.0982979 0.0604928 -0.993317 -0.944186 -0.309681 -0.112295 86.515 5.64116 108.417 0.398055 0.429359 0.609753 -0.534232 0
-0.358464 -0.295073 1.14336 -0.290585 0.956291 0.0326743 0.0904056 0.0614343 -0.994008 -0.952569 -0.28589 -0.104306 86.4634 5.18694 106.965 0.40821 0.433672 0.603392 -0.530294 0
-0.358586 -0.295608 1.14425 -0.260813 0.96472 0.0359459 0.0799802 0.0586993 -0.995067 -0.962071 -0.256651 -0.0924681 86.624 4.58743 105.168 0.419946 0.439589 0.594134 -0.526699 0
-0.358417 -0.29515 1.14382 -0.258123 0.965525 0.0336804 0.0781898 0.0556252 -0.995385 -0.962943 -0.254298 -0.0898523 86.8015 4.48452 105.006 0.42061 0.440484 0.592368 -0.52741 0
-0.358256 -0.295121 1.14304 -0.249932 0.967683 0.0335185 0.0743529 0.0536957 -0.995785 -0.965404 -0.246387 -0.0853703 86.9134 4.26404 104.515 0.42379 0.442081 0.589279 -0.526988 0
-0.358372 -0.295258 1.14378 -0.240372 0.970129 0.03271 0.0604461 0.0485926 -0.996988 -0.968797 -0.237671 -0.0703209 87.2096 3.46542 103.935 0.429505 0.441972 0.582942 -0.529495 0
-0.358583 -0.29407 1.14332 -0.221155 0.97507 0.018116 0.0427539 0.0282517 -0.998686 -0.974301 -0.22009 -0.0479361 88.3796 2.45036 102.789 0.435649 0.446802 0.569505 -0.535016 0
-0.358438 -0.294165 1.14406 -0.228441 0.973248 0.0245643 0.0306069 0.0323985 -0.999006 -0.973077 -0.227462 -0.0371893 88.1425 1.75392 103.212 0.437827 0.440554 0.569655 -0.53825 0
-0.358104 -0.29407 1.14274 -0.237638 0.970944 0.0281952 0.060177 0.0436868 -0.997231 -0.969488 -0.235284 -0.0688102 87.4916 3.44997 103.773 0.429313 0.443702 0.580977 -0.530363 0
-0.358074 -0.294619 1.14147 -0.253191 0.966971 0.0293538 0.0917235 0.0542005 -0.994308 -0.963058 -0.249057 -0.102417 86.8799 5.26277 104.73 0.417909 0.445821 0.593677 -0.523587 0
-0.358004 -0.294471 1.141 -0.261593 0.964531 0.0353494 0.103258 0.064382 -0.992569 -0.959639 -0.255999 -0.116438 86.2888 5.92683 105.248 0.414232 0.44454 0.600502 -0.519801 0
-0.358349 -0.293934 1.1431 -0.26386 0.963952 0.034285 0.119237 0.0678692 -0.990543 -0.957163 -0.257276 -0.132847 86.0804 6.84809 105.412 0.409623 0.447526 0.605098 -0.515544 0
-0.358247 -0.295983 1.14282 -0.264756 0.963502 0.0395912 0.111182 0.0712822 -0.99124 -0.957885 -0.258035 -0.125996 85.8868 6.38345 105.451 0.412471 0.444398 0.604573 -0.516594 0
-0.358516 -0.295384 1.14383 -0.252453 0.966703 0.0418537 0.116059 0.0731944 -0.990542 -0.960624 -0.245208 -0.130673 85.7739 6.6647 104.724 0.415352 0.448616 0.60339 -0.512003 0
-0.358913 -0.295011 1.14518 -0.240487 0.96984 0.039702 0.109623 0.0677778 -0.99166 -0.964442 -0.234129 -0.122616 86.09 6.29356 104.001 0.419725 0.451207 0.598097 -0.51237 0
-0.358341 -0.294329 1.14401 -0.233333 0.971554 0.0404756 0.0920761 0.0635126 -0.993724 -0.968028 -0.228142 -0.104276 86.343 5.28305 103.552 0.426 0.449286 0.591845 -0.516126 0
-0.358598 -0.295529 1.14333 -0.233353 0.972173 0.0206426 0.0483381 0.0327999 -0.998292 -0.97119 -0.231956 -0.054647 88.1182 2.77065 103.511 0.431509 0.443986 0.57463 -0.535235 0
-0.358314 -0.294562 1.14383 -0.241172 0.970356 0.0156553 0.0392726 0.0258765 -0.998893 -0.969687 -0.240291 -0.0443491 88.5161 2.25073 103.967 0.430219 0.440823 0.572581 -0.541051 0
-0.358276 -0.293297 1.14252 -0.228658 0.973308 0.0196817 0.0276434 0.0267008 -0.999261 -0.973114 -0.227945 -0.0330109 88.4694 1.58405 103.223 0.437331 0.440923 0.567532 -0.540589 0
-0.358345 -0.293279 1.1422 -0.198492 0.979986 0.0151214 0.0395021 0.023415 -0.998945 -0.979306 -0.197685 -0.0433592 88.6573 2.26389 101.458 0.44203 0.45317 0.56242 -0.531911 0
-0.35829 -0.294625 1.14248 -0.192694 0.981082 0.0186536 0.0492951 0.0286644 -0.998373 -0.98002 -0.191461 -0.053886 88.3554 2.82555 101.124 0.442178 0.456215 0.564634 -0.526817 0
-0.358133 -0.295254 1.14174 -0.210408 0.9772 0.0284219 0.075022 0.0451269 -0.99616 -0.974731 -0.207468 -0.0828066 87.4062 4.30249 102.181 0.433564 0.454772 0.578434 -0.52021 0
-0.358268 -0.295363 1.14281 -0.206862 0.977475 0.0418406 0.110865 0.0659096 -0.991648 -0.972068 -0.200496 -0.122002 86.1974 6.36517 102.014 0.429257 0.460768 0.590503 -0.504716 0
-0.358612 -0.294863 1.14381 -0.203635 0.978775 0.0230587 0.083539 0.040837 -0.995667 -0.975476 -0.200826 -0.0900818 87.6513 4.79202 101.791 0.432181 0.459785 0.577614 -0.51786 0
-0.358555 -0.295092 1.14387 -0.193599 0.980795 0.0236831 0.0717505 0.0382297 -0.99669 -0.978454 -0.191258 -0.0777737 87.8034 4.11453 101.192 0.437852 0.459876 0.572189 -0.519036 0
-0.358512 -0.29539 1.14408 -0.168633 0.985363 0.0249435 0.0753876 0.0381252 -0.996425 -0.982792 -0.16615 -0.0807133 87.8088 4.32349 99.7363 0.444066 0.467428 0.567334 -0.512297 0
-0.358265 -0.294854 1.14354 -0.1728 0.984555 0.0281423 0.0695399 0.0406958 -0.996749 -0.982499 -0.170281 -0.0754981 87.662 3.98756 99.975 0.445084 0.46422 0.567669 -0.513957 0
-0.358248 -0.29483 1.14287 -0.180406 0.983293 0.0242425 0.062703 0.036094 -0.997379 -0.981592 -0.178413 -0.068167 87.9274 3.59498 100.414 0.443712 0.461429 0.566716 -0.518687 0
-0.358745 -0.295056 1.14347 -0.231501 0.972614 0.0207286 0.0728899 0.0385889 -0.996593 -0.9701 -0.229201 -0.0798271 87.7826 4.17999 103.422 0.426398 0.449927 0.58093 -0.527514 0
-0.358281 -0.294981 1.14314 -0.260533 0.965018 0.0293547 0.0711005 0.0495 -0.99624 -0.962843 -0.257467 -0.0815097 87.1555 4.0772 105.141 0.420552 0.439169 0.589818 -0.531395 0
-0.358626 -0.294839 1.14388 -0.266066 0.963417 0.0321895 0.0596599 0.049787 -0.996976 -0.962107 -0.263341 -0.070724 87.1411 3.42029 105.458 0.422196 0.434417 0.588765 -0.535153 0
-0.358194 -0.294607 1.14191 -0.28009 0.959802 0.018147 0.0472114 0.0326531 -0.998351 -0.958812 -0.278771 -0.0544595 88.1267 2.70602 106.284 0.417763 0.430615 0.584637 -0.546118 0
-0.358259 -0.293692 1.14322 -0.288466 0.957351 0.0163293 0.0339767 0.0272783 -0.99905 -0.956887 -0.287637 -0.0403965 88.436 1.9471 106.776 0.417856 0.425633 0.582267 -0.552447 0
-0.358817 -0.293736 1.14405 -0.293477 0.955812 0.0171478 0.0398822 0.0301637 -0.998749 -0.955134 -0.292426 -0.0469722 88.2701 2.28569 107.08 0.415245 0.425244 0.585366 -0.551439 0
-0.358404 -0.294404 1.14391 -0.327965 0.944352 0.0252643 0.0604837 0.0476791 -0.99703 -0.942752 -0.325463 -0.072755 87.2621 3.46758 109.182 0.402169 0.417466 0.601747 -0.549439 0
-0.358301 -0.295579 1.14313 -0.376146 0.926189 0.026227 0.0669399 0.0553958 -0.996218 -0.924139 -0.372968 -0.0828359 86.8173 3.83824 112.147 0.386139 0.403514 0.6153 -0.556308 0
-0.358012 -0.295626 1.1421 -0.450191 0.892371 0.0316649 0.0628231 0.0670274 -0.995771 -0.89072 -0.446298 -0.0862366 86.1491 3.60187 116.813 0.364212 0.377167 0.633138 -0.569413 0
-0.358933 -0.2958 1.14475 -0.494078 0.868825 0.032103 0.0511922 0.0659326 -0.99651 -0.867909 -0.49071 -0.0770529 86.2146 2.93438 119.652 0.351711 0.359528 0.639739 -0.581182 0
-0.35856 -0.295571 1.14385 -0.512868 0.858145 0.0235244 0.0404336 0.0515193 -0.997853 -0.857515 -0.510816 -0.0611205 87.0444 2.31731 120.883 0.345518 0.352397 0.637477 -0.591656 0
-0.358653 -0.294708 1.14375 -0.551879 0.833755 0.0168357 0.0404017 0.0468966 -0.998082 -0.832945 -0.55014 -0.0595663 87.3098 2.31547 123.527 0.329944 0.339408 0.643883 -0.601127 0
-0.358512 -0.294631 1.14384 -0.582983 0.812319 0.0163916 0.0468186 0.0537281 -0.997457 -0.811134 -0.580734 -0.0693542 86.9167 2.68349 125.706 0.316777 0.328878 0.653082 -0.604132 0
-0.358578 -0.294178 1.14368 -0.571437 0.820236 0.0259589 0.0571571 0.0713355 -0.995813 -0.818653 -0.56756 -0.087646 85.9026 3.27665 124.916 0.321035 0.333494 0.657727 -0.594234 0
-0.358615 -0.295101 1.14426 -0.583637 0.811164 0.0371576 0.0799258 0.102924 -0.991473 -0.808072 -0.57569 -0.124903 84.0734 4.5843 125.839 0.314 0.331037 0.672953 -0.582196 0
-0.358594 -0.295791 1.14477 -0.595438 0.802299 0.0420703 0.0771407 0.109218 -0.99102 -0.799689 -0.586846 -0.126922 83.711 4.42423 126.671 0.310989 0.32491 0.676679 -0.582945 0
-0.358783 -0.294909 1.14538 -0.601724 0.797539 0.0431133 0.0799542 0.113856 -0.990275 -0.794692 -0.592425 -0.132276 83.4413 4.58593 127.132 0.308162 0.32276 0.679679 -0.582149 0
-0.358435 -0.295496 1.14408 -0.586586 0.809476 0.0257926 0.0675176 0.0806132 -0.994456 -0.807068 -0.581592 -0.10194 85.3656 3.87142 126.01 0.313084 0.329675 0.665045 -0.592459 0
-0.358315 -0.295889 1.14322 -0.595252 0.803165 0.024515 0.0351657 0.0565177 -0.997782 -0.802769 -0.59307 -0.0618861 86.758 2.01526 126.557 0.315982 0.320202 0.654533 -0.607628 0
-0.358282 -0.294267 1.14356 -0.586269 0.809869 0.0200451 0.0166201 0.0367623 -0.999186 -0.809946 -0.585458 -0.0350127 87.8929 0.952304 125.898 0.322289 0.320929 0.643825 -0.615324 0
-0.358157 -0.294225 1.14312 -0.610098 0.792174 0.0154865 0.00151508 0.020712 -0.999784 -0.792324 -0.609943 -0.0138366 88.8132 0.0868077 127.597 0.314951 0.309446 0.641219 -0.627604 0
-0.357951 -0.294472 1.14132 -0.536059 0.843832 0.0242708 0.0259766 0.0452255 -0.998639 -0.843781 -0.534699 -0.0461634 87.407 1.48852 122.428 0.340222 0.34091 0.637857 -0.600972 0
-0.358526 -0.29501 1.14402 -0.540142 0.841344 0.0196869 0.0367619 0.0469588 -0.99822 -0.840771 -0.538457 -0.0562938 87.3066 2.10678 122.718 0.335605 0.342488 0.640975 -0.599352 0
-0.357883 -0.29554 1.14212 -0.528978 0.848375 0.0210388 0.0355289 0.046909 -0.998267 -0.847891 -0.527314 -0.0549557 87.3096 2.03609 121.959 0.340211 0.346074 0.638522 -0.597309 0
-0.358388 -0.293995 1.14288 -0.512146 0.858576 0.0235397 0.0338467 0.0475601 -0.998295 -0.858232 -0.510475 -0.0534176 87.2724 1.93964 120.826 0.34713 0.351323 0.635044 -0.593963 0
-0.358559 -0.294914 1.14395 -0.491609 0.87038 0.0275435 0.045563 0.0572954 -0.997317 -0.869623 -0.489035 -0.067824 86.712 2.61147 119.48 0.352797 0.36018 0.635753 -0.584485 0
-0.358573 -0.294375 1.14375 -0.48015 0.876888 0.0228647 0.0638206 0.0609188 -0.9961 -0.874862 -0.476818 -0.0852137 86.5003 3.65914 118.759 0.351978 0.368831 0.637629 -0.577498 0
-0.358588 -0.294764 1.1444 -0.474957 0.879262 0.0362614 0.0613053 0.0741651 -0.99536 -0.877871 -0.47053 -0.0891286 85.7387 3.51474 118.415 0.357099 0.367426 0.639971 -0.572639 0
-0.358401 -0.295006 1.14384 -0.467009 0.883243 0.0422375 0.0646429 0.0817401 -0.994555 -0.881887 -0.461736 -0.0952687 85.3016 3.70635 117.904 0.360369 0.369635 0.641096 -0.567891 0
-0.358767 -0.295417 1.14483 -0.449813 0.89253 0.0325409 0.0754202 0.0742643 -0.994383 -0.889933 -0.444832 -0.10072 85.7289 4.32537 116.814 0.361846 0.379685 0.637338 -0.564542 0
-0.359202 -0.294246 1.14556 -0.448905 0.8929 0.0348352 0.064989 0.0715041 -0.995321 -0.891213 -0.44454 -0.0901272 85.8909 3.72622 116.734 0.364853 0.377399 0.634534 -0.56729 0
-0.358507 -0.294397 1.1435 -0.437045 0.898891 0.0314078 0.0662772 0.0670092 -0.995549 -0.896995 -0.433017 -0.088862 86.1493 3.80019 115.977 0.367798 0.382364 0.631054 -0.565945 0
-0.358317 -0.293749 1.14313 -0.454614 0.890211 0.0291767 0.0501934 0.0583107 -0.997036 -0.889273 -0.451802 -0.0711916 86.6529 2.87708 117.077 0.364865 0.373586 0.629308 -0.575567 0
-0.358429 -0.294004 1.14348 -0.46218 0.886466 0.0238335 0.0292003 0.0420749 -0.998688 -0.886305 -0.460878 -0.0453313 87.5875 1.67329 117.541 0.365569 0.367789 0.622412 -0.586254 0
-0.358621 -0.294716 1.1447 -0.471788 0.881433 0.0221721 0.0121051 0.0316194 -0.999427 -0.881629 -0.471249 -0.0255875 88.1879 0.693589 118.153 0.36546 0.36131 0.618263 -0.594681 0
-0.358377 -0.294032 1.14399 -0.481671 0.876227 0.0147982 0.0204664 0.0281289 -0.999395 -0.876113 -0.481077 -0.0314821 88.3878 1.17272 118.801 0.358809 0.361138 0.620742 -0.596251 0
-0.358732 -0.294936 1.14442 -0.471656 0.881697 0.012295 0.0346394 0.032459 -0.998873 -0.881102 -0.470698 -0.045851 88.1388 1.98509 118.16 0.358801 0.368014 0.622488 -0.5902 0
-0.358677 -0.295257 1.14475 -0.468501 0.882888 0.0318573 0.031367 0.05266 -0.99812 -0.882906 -0.466621 -0.0523648 86.9799 1.79749 117.952 0.364621 0.364419 0.627201 -0.58384 0
-0.358762 -0.295063 1.14384 -0.482397 0.87577 0.0179015 0.0284813 0.0361075 -0.998942 -0.875489 -0.481377 -0.0423612 87.9299 1.63208 118.855 0.357543 0.36189 0.624673 -0.592437 0
-0.358326 -0.294065 1.14294 -0.48953 0.871698 0.0224347 0.0337483 0.0446488 -0.998433 -0.871333 -0.488005 -0.0512753 87.4395 1.934 119.328 0.35491 0.359547 0.629574 -0.590255 0
-0.358486 -0.293935 1.14404 -0.471211 0.881279 0.0361673 0.027763 0.0558043 -0.998056 -0.881584 -0.46929 -0.0507625 86.7998 1.59091 118.125 0.365319 0.361852 0.628048 -0.58409 0
-0.358412 -0.294677 1.14338 -0.474332 0.880129 0.0195374 0.0263629 0.0363838 -0.99899 -0.879951 -0.473338 -0.0404607 87.9142 1.51066 118.327 0.361106 0.363918 0.622731 -0.591077 0
-0.358462 -0.294502 1.14384 -0.495126 0.868556 0.0214809 0.0239587 0.0383643 -0.998977 -0.868491 -0.494104 -0.0398046 87.8007 1.37286 119.687 0.354765 0.355779 0.627155 -0.59518 0
-0.358632 -0.294174 1.14379 -0.522419 0.852409 0.0218643 0.0276444 0.0425595 -0.998711 -0.852241 -0.521141 -0.0457982 87.5599 1.58411 121.508 0.344363 0.346706 0.634582 -0.598761 0
-0.358693 -0.294737 1.14337 -0.538112 0.8427 0.0171269 0.0312886 0.040277 -0.998699 -0.842293 -0.536875 -0.0480405 87.6905 1.793 122.573 0.336944 0.342656 0.637658 -0.602037 0
-0.358627 -0.294307 1.14372 -0.539862 0.841419 0.0237097 0.0432213 0.0558391 -0.997504 -0.840643 -0.53749 -0.0665127 86.796 2.47717 122.709 0.33521 0.343078 0.644634 -0.595296 0
-0.358599 -0.294154 1.14409 -0.518009 0.85513 0.0204776 0.0485379 0.0532871 -0.997399 -0.853997 -0.515668 -0.0691094 86.9418 2.78211 121.24 0.341383 0.352779 0.640392 -0.59068 0
-0.358583 -0.29465 1.14407 -0.474347 0.880075 0.021503 0.0586796 0.0559801 -0.996706 -0.87838 -0.471523 -0.0781965 86.7854 3.36403 118.37 0.354766 0.370091 0.634138 -0.578829 0
-0.358326 -0.294595 1.14317 -0.462405 0.88595 0.0356864 0.0731039 0.078204 -0.994253 -0.88365 -0.457139 -0.100928 85.5026 4.19228 117.623 0.358772 0.374272 0.640613 -0.566408 0
-0.358233 -0.294851 1.14333 -0.481362 0.875835 0.034686 0.0774394 0.0819119 -0.993626 -0.873094 -0.475608 -0.107253 85.2873 4.4414 118.869 0.351175 0.368775 0.646244 -0.568374 0
-0.358069 -0.295381 1.14109 -0.479285 0.877082 0.0318145 0.0766941 0.0779653 -0.994002 -0.874302 -0.47397 -0.104635 85.5151 4.39857 118.731 0.351442 0.369927 0.644571 -0.56936 0
-0.357874 -0.29514 1.14181 -0.470028 0.88182 0.0383044 0.0616918 0.0761118 -0.995189 -0.880493 -0.465403 -0.0901757 85.6265 3.53693 118.094 0.359134 0.368794 0.639593 -0.570907 0
-0.358198 -0.29533 1.1433 -0.450225 0.892133 0.0373586 0.0622099 0.0730773 -0.995384 -0.890745 -0.445823 -0.0884007 85.8011 3.56667 116.814 0.365531 0.375865 0.634764 -0.567615 0
-0.358294 -0.294862 1.14407 -0.446483 0.894311 0.0293269 0.0556948 0.0604872 -0.996614 -0.893057 -0.443338 -0.076815 86.5268 3.19273 116.563 0.366466 0.37744 0.629243 -0.572097 0
-0.358309 -0.295532 1.14282 -0.465414 0.884529 0.0315814 0.0581243 0.0661488 -0.996115 -0.883182 -0.461771 -0.0821992 86.2007 3.33215 117.788 0.360047 0.371024 0.63517 -0.573818 0
-0.358125 -0.295176 1.14266 -0.47688 0.878479 0.0293154 0.0505109 0.0606861 -0.996878 -0.877516 -0.473911 -0.0733127 86.5164 2.89529 118.522 0.357244 0.365974 0.634602 -0.579414 0
-0.3581 -0.295497 1.14259 -0.497055 0.867281 0.0275755 0.0456867 0.0578927 -0.997277 -0.866515 -0.494442 -0.068399 86.6777 2.61856 119.84 0.35087 0.358277 0.637053 -0.585398 0
-0.358333 -0.294809 1.14321 -0.50422 0.863095 0.02878 0.0579036 0.0670413 -0.996069 -0.861632 -0.500572 -0.0837799 86.1495 3.31949 120.336 0.346064 0.357952 0.643242 -0.581678 0
-0.358352 -0.294346 1.14224 -0.499983 0.865855 0.0176962 0.0363476 0.0413955 -0.998481 -0.865272 -0.49858 -0.0521687 87.626 2.08302 120.021 0.34973 0.357348 0.631179 -0.592963 0
-0.358188 -0.293978 1.14184 -0.462513 0.886558 0.00980127 0.0139737 0.0183425 -0.999734 -0.886502 -0.462253 -0.0208722 88.9489 0.800661 117.552 0.365704 0.367429 0.612725 -0.59651 0
-0.358596 -0.294385 1.1446 -0.476813 0.878994 0.00442063 -0.0348363 -0.0138714 -0.999297 -0.878314 -0.476632 0.037235 90.7953 -1.99638 118.496 0.369645 0.353491 0.597015 -0.618045 0
-0.358411 -0.294124 1.14376 -0.469629 0.882864 -9.58683e-05 -0.03472 -0.0185774 -0.999224 -0.882181 -0.469261 0.0393775 91.0651 -1.98971 118.029 0.371205 0.356921 0.594069 -0.617977 0
-0.358239 -0.293895 1.14324 -0.467944 0.883754 0.00272555 -0.0285527 -0.0120359 -0.99952 -0.883297 -0.467797 0.0308657 90.6899 -1.63617 117.913 0.371108 0.358199 0.596876 -0.614582 0
-0.358554 -0.293923 1.14397 -0.498663 0.866751 0.00875786 -0.000385962 0.00988169 -0.999951 -0.866796 -0.498642 -0.0045931 89.4338 -0.022114 119.912 0.355888 0.352153 0.615048 -0.609136 0
-0.358601 -0.292845 1.14325 -0.512011 0.858961 0.00545335 0.00739842 0.0107583 -0.999915 -0.858947 -0.511928 -0.0118633 89.3836 0.423902 120.799 0.348885 0.349676 0.619402 -0.610203 0
-0.358385 -0.293429 1.14353 -0.491909 0.870566 0.011818 0.0126407 0.0207137 -0.999706 -0.870555 -0.491615 -0.0211938 88.813 0.724278 119.469 0.356234 0.356571 0.619237 -0.60208 0
-0.358252 -0.293874 1.14306 -0.493481 0.869562 0.018402 0.0273828 0.03668 -0.998952 -0.869326 -0.49246 -0.0419119 87.8971 1.56912 119.582 0.354008 0.357684 0.626912 -0.594745 0
-0.358548 -0.294278 1.14314 -0.506978 0.861797 0.0166881 0.0399985 0.0428613 -0.99828 -0.86103 -0.505439 -0.0562003 87.5415 2.29235 120.49 0.346296 0.355795 0.633648 -0.593278 0
-0.358414 -0.294316 1.14385 -0.488137 0.872417 0.0247129 0.0234086 0.0413926 -0.998869 -0.872453 -0.487007 -0.0406274 87.627 1.34134 119.227 0.35799 0.357455 0.62653 -0.592899 0
-0.358532 -0.295244 1.14412 -0.514932 0.857063 0.0169493 0.0210987 0.0324374 -0.999251 -0.856971 -0.514189 -0.034786 88.1407 1.20895 121.001 0.34739 0.349076 0.628919 -0.601604 0
-0.358424 -0.294943 1.14359 -0.526846 0.849468 0.0289431 0.0679533 0.0760395 -0.994787 -0.84724 -0.522132 -0.0977853 85.6289 3.89644 121.875 0.335935 0.351746 0.652049 -0.581597 0
-0.358656 -0.294984 1.14378 -0.519475 0.85376 0.0351977 0.0692367 0.0831122 -0.994132 -0.851676 -0.51399 -0.102286 85.221 3.97015 121.381 0.339614 0.353447 0.652854 -0.577511 0
-0.358034 -0.294853 1.14161 -0.51133 0.858783 0.0321265 0.0699685 0.078861 -0.994427 -0.856531 -0.506233 -0.100412 85.4658 4.01218 120.836 0.34173 0.357149 0.650116 -0.577074 0
-0.358154 -0.294926 1.1429 -0.505648 0.862169 0.0313908 0.068018 0.0761104 -0.994777 -0.860055 -0.500872 -0.097128 85.6248 3.90016 120.452 0.343997 0.358946 0.647859 -0.57715 0
-0.357909 -0.293937 1.1418 -0.503857 0.863381 0.02648 0.0652026 0.0685838 -0.995512 -0.861322 -0.49987 -0.0908511 86.0589 3.73848 120.327 0.344193 0.360003 0.644843 -0.579746 0
-0.358033 -0.294971 1.1423 -0.471182 0.881663 0.0256515 0.0462018 0.0537126 -0.997487 -0.880825 -0.468812 -0.0660428 86.9177 2.64811 118.144 0.359336 0.367814 0.630662 -0.581254 0
-0.358422 -0.295204 1.14415 -0.514324 0.856777 0.0374692 0.0698707 0.0854091 -0.993893 -0.854745 -0.508565 -0.103791 85.0884 4.00656 121.036 0.341794 0.354985 0.652596 -0.57557 0
-0.358806 -0.294313 1.14484 -0.504967 0.86282 0.0234446 0.0847693 0.0766055 -0.993451 -0.858966 -0.499673 -0.111824 85.5906 4.86276 120.45 0.339048 0.364092 0.650653 -0.573702 0
-0.358198 -0.294148 1.14372 -0.468817 0.882942 0.024996 0.0438439 0.0515248 -0.997709 -0.882207 -0.466647 -0.0628673 87.0437 2.51288 117.987 0.3605 0.368282 0.629128 -0.581899 0
-0.358187 -0.294439 1.14287 -0.455117 0.89026 0.017499 0.0153985 0.0275183 -0.999503 -0.890298 -0.454622 -0.0262327 88.4229 0.882302 117.076 0.369516 0.368645 0.61418 -0.591897 0
-0.358437 -0.293482 1.1424 -0.468281 0.88352 0.0102923 0.0138889 0.0190073 -0.999723 -0.883471 -0.468008 -0.0211719 88.9108 0.795802 117.926 0.363853 0.365337 0.614097 -0.597516 0
-0.35824 -0.293506 1.14299 -0.458453 0.888547 0.0174954 0.00695609 0.0232732 -0.999705 -0.888692 -0.458196 -0.0168505 88.6664 0.398558 117.288 0.370125 0.365761 0.612082 -0.595468 0
-0.358027 -0.294239 1.14337 -0.463359 0.885903 0.0218028 0.0304045 0.0404819 -0.998718 -0.885649 -0.462101 -0.0456931 87.6788 1.74232 117.618 0.364496 0.368053 0.622401 -0.586767 0
-0.358577 -0.294501 1.14456 -0.459277 0.888007 0.0225205 0.0408518 0.0464407 -0.998085 -0.887353 -0.457478 -0.0576058 87.336 2.34129 117.365 0.363854 0.371446 0.625165 -0.582072 0
-0.358589 -0.294528 1.14368 -0.482392 0.875718 0.0203756 0.0539398 0.0529137 -0.997141 -0.874293 -0.479914 -0.0727612 86.9624 3.09202 118.888 0.352761 0.366557 0.634048 -0.582391 0
-0.358358 -0.293918 1.14312 -0.484769 0.874079 0.031381 0.0448465 0.0606715 -0.99715 -0.873492 -0.48198 -0.068611 86.5181 2.57037 119.029 0.356122 0.361653 0.635227 -0.582127 0
-0.357975 -0.294668 1.14232 -0.474861 0.879717 0.0246206 0.0479642 0.0538047 -0.997399 -0.878753 -0.472445 -0.0677446 86.9122 2.7492 118.386 0.357491 0.36711 0.631746 -0.58166 0
-0.358196 -0.294624 1.14293 -0.459683 0.887475 0.0328595 0.0628693 0.0694274 -0.995604 -0.885855 -0.455597 -0.0877095 86.011 3.60452 117.425 0.36126 0.373697 0.635771 -0.570646 0
-0.35824 -0.294973 1.14288 -0.461054 0.886737 0.0335796 0.0763877 0.0773616 -0.994072 -0.884078 -0.455756 -0.103404 85.55 4.38096 117.542 0.358087 0.375828 0.640667 -0.565749 0
-0.358036 -0.294569 1.14295 -0.404032 0.914222 0.0309229 0.066409 0.063031 -0.9958 -0.912331 -0.400281 -0.0861791 86.3782 3.80776 113.886 0.378424 0.39342 0.623146 -0.560094 0
-0.358156 -0.294657 1.14304 -0.396017 0.917943 0.0234869 0.0654364 0.0537251 -0.996409 -0.915909 -0.393058 -0.0813429 86.9137 3.75191 113.383 0.379594 0.397367 0.618685 -0.56146 0
-0.358046 -0.294647 1.14217 -0.450795 0.892024 0.0328156 0.0570568 0.065483 -0.996221 -0.890802 -0.447219 -0.0804155 86.2393 3.27089 116.842 0.36547 0.375546 0.631802 -0.57116 0
-0.35808 -0.294283 1.14241 -0.325119 0.945259 0.0279796 0.0309787 0.0402168 -0.998711 -0.945166 -0.323833 -0.0423582 87.694 1.77523 108.982 0.410104 0.411407 0.593231 -0.557347 0
-0.357985 -0.294004 1.14131 -0.357851 0.933464 0.0242402 0.0383835 0.040642 -0.998436 -0.93299 -0.356361 -0.0503734 87.669 2.19975 110.984 0.397624 0.403696 0.601844 -0.562769 0
-0.358464 -0.294767 1.144 -0.386927 0.921739 0.0261675 0.0549032 0.0513562 -0.99717 -0.920474 -0.384396 -0.0704776 87.0518 3.14731 112.8 0.385341 0.397553 0.614158 -0.562382 0
-0.358434 -0.294437 1.14429 -0.0931749 0.995229 0.0289396 0.0661745 0.0351919 -0.997187 -0.993448 -0.0909978 -0.0691378 87.9788 3.79429 95.3581 0.46714 0.484967 0.547153 -0.497203 0
-0.358322 -0.295594 1.14239 -0.038452 0.998816 0.0298002 0.0928804 0.0332656 -0.995121 -0.994935 -0.0354965 -0.0940495 88.0854 5.32934 92.2133 0.474543 0.505552 0.539853 -0.477267 0
-0.358269 -0.295095 1.14364 0.0317552 0.999027 0.0306122 0.101879 0.0272328 -0.994424 -0.99429 0.0346969 -0.100915 88.4313 5.84739 88.1707 0.489406 0.525699 0.523544 -0.458284 0
-0.358724 -0.295305 1.14496 0.113937 0.993154 0.0257502 0.0851966 0.0160561 -0.996235 -0.989828 0.115702 -0.082784 89.0767 4.88733 83.4337 0.511666 0.543292 0.496211 -0.443628 0
-0.358612 -0.294389 1.14427 0.207406 0.977916 0.025746 0.0679064 0.0118625 -0.997621 -0.975895 0.208661 -0.0639464 89.3187 3.89375 78.0015 0.53743 0.561135 0.465941 -0.423316 0
-0.358013 -0.294312 1.14311 0.2616 0.964993 0.0188112 0.0473278 0.00664124 -0.998857 -0.964015 0.262192 -0.0439337 89.6191 2.7127 74.8175 0.553242 0.569845 0.444121 -0.414676 0
-0.358026 -0.295254 1.14215 0.265144 0.96384 0.026671 0.0890886 0.00305394 -0.996019 -0.960084 0.266465 -0.0850574 89.8243 5.11118 74.5616 0.543861 0.580333 0.453588 -0.402102 0
-0.358263 -0.294687 1.14238 0.288473 0.957112 0.0268193 0.0872753 0.00160943 -0.996183 -0.953502 0.289712 -0.083068 89.9074 5.00687 73.1673 0.549321 0.58522 0.446152 -0.395869 0
-0.358273 -0.294537 1.14246 0.28163 0.95935 0.0182121 0.0433081 0.00625198 -0.999042 -0.958545 0.282149 -0.0397869 89.6414 2.48215 73.6267 0.558591 0.573403 0.437152 -0.409979 0
-0.358244 -0.293913 1.143 0.266229 0.963837 0.0118543 0.0285774 0.00440041 -0.999582 -0.963486 0.266456 -0.0263724 89.7478 1.63759 74.5536 0.557731 0.567495 0.437191 -0.419225 0
-0.358633 -0.293897 1.14345 0.243449 0.969834 0.0124437 0.0386879 0.0031096 -0.999247 -0.969142 0.243747 -0.0367638 89.8217 2.21721 75.899 0.549953 0.565045 0.446213 -0.423284 0
-0.358378 -0.295359 1.14354 0.254115 0.966884 0.0236896 0.0504731 0.0112029 -0.998663 -0.965856 0.254971 -0.0459548 89.3573 2.89313 75.2596 0.552124 0.567641 0.448063 -0.414948 0
-0.358119 -0.294921 1.14284 0.28289 0.95893 0.0206469 0.0435463 0.00866356 -0.999014 -0.958163 0.28351 -0.039307 89.5031 2.49581 73.5512 0.559519 0.573047 0.437344 -0.409005 0
-0.358435 -0.294004 1.14362 0.314982 0.948995 0.0139195 0.0243694 0.00657444 -0.999681 -0.948785 0.315221 -0.0210556 89.6232 1.3964 71.6346 0.570198 0.576512 0.422092 -0.405397 0
-0.358409 -0.29453 1.14346 0.296459 0.954749 0.02381 0.0454661 0.0107936 -0.998908 -0.953963 0.297218 -0.0402088 89.3809 2.60591 72.7366 0.562815 0.575733 0.434322 -0.403899 0
-0.358275 -0.294156 1.14227 0.274451 0.961186 0.0282512 0.0814167 0.00604671 -0.996662 -0.958148 0.275835 -0.076597 89.6524 4.67 74.0162 0.548612 0.579871 0.449498 -0.400907 0
-0.358184 -0.294813 1.14262 0.245768 0.968963 0.0266254 0.10413 0.00091725 -0.994563 -0.963719 0.247204 -0.100673 89.9472 5.97704 75.6934 0.53526 0.579983 0.462553 -0.403931 0
-0.358552 -0.295385 1.14398 0.201781 0.978603 0.0402621 0.117433 0.0166382 -0.992941 -0.972365 0.205085 -0.111563 89.04 6.74397 78.2766 0.526036 0.569365 0.481253 -0.409273 0
-0.358311 -0.294936 1.14389 0.161468 0.986022 0.0410914 0.11247 0.0229807 -0.993389 -0.980448 0.165022 -0.107187 88.6748 6.45772 80.648 0.518956 0.558049 0.492113 -0.420822 0
-0.358465 -0.294715 1.14394 0.165046 0.985943 0.0260087 0.09389 0.0105444 -0.995527 -0.981807 0.16675 -0.0908299 89.3932 5.38744 80.4575 0.520759 0.557972 0.48382 -0.428246 0
-0.358582 -0.294528 1.14437 0.182915 0.982892 0.0215819 0.0509542 0.0124448 -0.998623 -0.981807 0.183763 -0.0478061 89.286 2.92073 79.4465 0.53562 0.551878 0.468331 -0.434981 0
-0.358656 -0.294786 1.14363 0.182139 0.983098 0.0185445 0.0626921 0.00721081 -0.998007 -0.981272 0.182938 -0.0603191 89.586 3.59435 79.4847 0.531279 0.555708 0.470476 -0.433108 0
-0.358092 -0.293529 1.14264 0.181487 0.98336 0.00814893 0.0255381 0.0035708 -0.999667 -0.983062 0.181635 -0.0244651 89.7953 1.46339 79.5402 0.538654 0.548266 0.460041 -0.444544 0
-0.358397 -0.294177 1.14272 0.200824 0.979622 0.00308373 0.0142466 0.000226982 -0.999898 -0.979524 0.200848 -0.0139107 89.987 0.816299 78.4137 0.54478 0.551024 0.45092 -0.443012 0
-0.358451 -0.294529 1.14344 0.238584 0.971112 0.00443408 0.00656637 0.00295262 -0.999974 -0.9711 0.238607 -0.00567223 89.8308 0.376228 76.1967 0.555847 0.557069 0.43876 -0.433818 0
-0.358218 -0.29339 1.14213 0.264946 0.96426 0.00252447 0.00200314 0.00206763 -0.999996 -0.964261 0.26495 -0.00138374 89.8815 0.114772 74.6362 0.562501 0.562197 0.429682 -0.427669 0
-0.358321 -0.294961 1.14341 0.252778 0.967441 0.0126784 0.0190306 0.00812985 -0.999786 -0.967337 0.252965 -0.016356 89.5341 1.09044 75.3553 0.557797 0.561472 0.439234 -0.425069 0
-0.358372 -0.294078 1.14287 0.30995 0.950607 0.0166507 0.0463709 0.00237745 -0.998921 -0.949621 0.310388 -0.0433436 89.8636 2.65781 71.9236 0.563246 0.581145 0.428885 -0.40135 0
-0.358236 -0.29395 1.14279 0.299666 0.953921 0.0153363 0.0190156 0.0100998 -0.999768 -0.953854 0.299889 -0.0151128 89.4212 1.08958 72.5592 0.568914 0.571113 0.425895 -0.410829 0
