-0.338131 -0.387564 1.46171 0.821445 0.569963 0.0192293 0.212744 -0.274979 -0.937617 -0.529119 0.774292 -0.347137 106.345 12.2832 32.7869 0.547569 0.781595 0.250356 -0.163093 0
-0.339691 -0.380791 1.46769 0.812138 0.583396 0.00902997 0.216792 -0.287352 -0.932968 -0.541695 0.759656 -0.359845 107.119 12.5207 33.7033 0.539662 0.784113 0.255125 -0.16983 0
-0.341761 -0.371847 1.46883 0.787527 0.615769 0.0250857 0.255408 -0.289063 -0.92261 -0.560863 0.732988 -0.384917 107.396 14.7977 35.4578 0.527624 0.78446 0.277636 -0.170747 0
-0.34415 -0.362461 1.47131 0.791507 0.610886 0.0183241 0.246498 -0.291658 -0.924216 -0.559246 0.73604 -0.381431 107.514 14.2704 35.2435 0.528776 0.784952 0.273069 -0.172279 0
-0.360207 -0.353118 1.46403 0.820418 0.559939 0.115683 0.332003 -0.301813 -0.893691 -0.465497 0.771607 -0.433514 108.661 19.3904 29.5701 0.520839 0.799335 0.278964 -0.109408 0
-0.368472 -0.339872 1.4621 0.82653 0.547763 0.129631 0.336886 -0.296878 -0.893516 -0.450951 0.782189 -0.429912 108.379 19.6872 28.6167 0.524342 0.798956 0.276814 -0.100544 0
-0.370637 -0.327764 1.46689 0.868958 0.475898 0.135767 0.298285 -0.284749 -0.911012 -0.394889 0.832129 -0.389389 107.357 17.3547 24.439 0.546539 0.797354 0.242735 -0.0812443 0
-0.370414 -0.320378 1.46854 0.902839 0.422904 0.077679 0.2036 -0.261349 -0.943527 -0.378721 0.867669 -0.322059 105.482 11.7475 22.757 0.574333 0.788392 0.198665 -0.0954607 0
-0.372476 -0.315573 1.46817 0.920666 0.389894 0.0189178 0.117391 -0.230327 -0.966007 -0.372283 0.89159 -0.257824 103.411 6.74155 22.0166 0.598438 0.776018 0.163425 -0.113839 0
-0.368943 -0.313021 1.46648 0.92926 0.369381 -0.00573684 0.0670477 -0.183904 -0.980655 -0.363291 0.910899 -0.195661 100.621 3.84443 21.3528 0.622434 0.759741 0.143611 -0.121432 0
-0.367645 -0.311018 1.46666 0.932207 0.361922 -0.00171257 0.0544415 -0.1449 -0.987947 -0.357808 0.920878 -0.154781 98.344 3.12081 20.9982 0.638852 0.746975 0.13935 -0.120325 0
-0.366864 -0.312763 1.46688 0.94238 0.33412 0.0168514 0.0847475 -0.189694 -0.978179 -0.323633 0.923244 -0.20708 100.975 4.86151 18.9535 0.621612 0.764715 0.136936 -0.100293 0
-0.365666 -0.310443 1.46725 0.944635 0.322442 0.0607915 0.131719 -0.202955 -0.970288 -0.300524 0.924576 -0.23419 101.814 7.56894 17.6478 0.613899 0.771651 0.147139 -0.0776686 0
-0.365486 -0.30675 1.4682 0.948448 0.305716 0.083577 0.15363 -0.212822 -0.964938 -0.27721 0.928033 -0.248817 102.438 8.83732 16.2924 0.609674 0.776223 0.147942 -0.0623638 0
-0.365952 -0.306688 1.4694 0.947169 0.312739 0.071174 0.128439 -0.1665 -0.977641 -0.293896 0.935132 -0.197872 99.6652 7.37942 17.2386 0.629046 0.760188 0.145089 -0.0732458 0
-0.365748 -0.311956 1.4665 0.94786 0.31435 0.0524046 0.103707 -0.148764 -0.98342 -0.301342 0.937579 -0.173607 98.602 5.95266 17.6364 0.637473 0.753364 0.13873 -0.0826085 0
-0.366909 -0.313531 1.46625 0.949963 0.311561 0.0223415 0.0807814 -0.175954 -0.981078 -0.301735 0.933793 -0.192319 100.168 4.63348 17.6213 0.628826 0.761288 0.128842 -0.0917503 0
-0.369873 -0.312462 1.46619 0.946393 0.320446 -0.0406781 0.0314597 -0.216772 -0.975715 -0.321482 0.92213 -0.215232 102.526 1.80281 18.7622 0.615303 0.771103 0.114092 -0.117416 0
-0.36483 -0.311569 1.46279 0.917637 0.38766 -0.0875335 0.00390782 -0.229046 -0.973408 -0.3974 0.892893 -0.211696 103.241 0.223902 23.4159 0.607638 0.767851 0.127488 -0.157887 0
-0.363558 -0.310044 1.45899 0.908122 0.403974 -0.110087 -0.0298648 -0.199758 -0.97939 -0.417639 0.892693 -0.16934 101.528 -1.71138 24.6974 0.620287 0.754523 0.123956 -0.174854 0
-0.363429 -0.309546 1.45965 0.901471 0.416549 -0.117629 -0.0417123 -0.186892 -0.981495 -0.430825 0.889695 -0.151102 100.781 -2.39063 25.5438 0.625195 0.748242 0.125239 -0.183247 0
-0.363592 -0.310213 1.46042 0.888825 0.447422 -0.0990185 -0.0165739 -0.184552 -0.982683 -0.457948 0.875074 -0.156619 100.636 -0.94966 27.2588 0.622024 0.746658 0.144259 -0.186486 0
-0.365395 -0.310157 1.46059 0.88247 0.46015 -0.0975099 -0.00894549 -0.19085 -0.981578 -0.470283 0.867086 -0.164303 101.003 -0.512546 28.0539 0.617923 0.747934 0.150817 -0.189787 0
-0.365331 -0.310927 1.46028 0.879262 0.470672 -0.0732497 0.0199812 -0.190086 -0.981564 -0.475918 0.861589 -0.17654 100.96 1.14492 28.4253 0.614947 0.749314 0.163701 -0.183223 0
-0.364897 -0.31108 1.46046 0.888129 0.457833 -0.0402 0.0505081 -0.184167 -0.981596 -0.45681 0.869754 -0.186689 100.626 2.89513 27.2191 0.615888 0.751496 0.16911 -0.16534 0
-0.365773 -0.312236 1.46115 0.888606 0.458399 0.0158382 0.11265 -0.184639 -0.976329 -0.444624 0.869356 -0.21571 100.709 6.46811 26.5816 0.609971 0.756465 0.188723 -0.141707 0
-0.366191 -0.313839 1.46224 0.876314 0.481728 -0.00342079 0.12887 -0.241259 -0.961866 -0.464183 0.842456 -0.273499 104.081 7.40431 27.9102 0.583429 0.773154 0.197437 -0.1512 0
-0.367388 -0.311496 1.46032 0.829422 0.558395 -0.0159236 0.112821 -0.195362 -0.97422 -0.547111 0.806244 -0.225036 101.339 6.47794 33.41 0.593512 0.74997 0.223748 -0.187686 0
-0.367601 -0.31168 1.45944 0.812882 0.582058 0.0207529 0.155397 -0.182407 -0.970865 -0.561314 0.792424 -0.238726 100.641 8.93984 34.626 0.589862 0.747331 0.246696 -0.180831 0
-0.369275 -0.312656 1.45837 0.787485 0.615892 0.0233159 0.177062 -0.189834 -0.965718 -0.590352 0.764617 -0.258543 101.121 10.1987 36.8577 0.578599 0.74764 0.265153 -0.189609 0
-0.367357 -0.311744 1.45884 0.750557 0.660733 0.00981693 0.157544 -0.164494 -0.973715 -0.641751 0.732375 -0.227557 99.5887 9.06436 40.5315 0.582775 0.731882 0.279511 -0.215859 0
-0.367796 -0.31145 1.45896 0.734411 0.67837 -0.0213237 0.146424 -0.189042 -0.970991 -0.662723 0.709984 -0.238164 101.017 8.41974 42.0627 0.571665 0.735122 0.280496 -0.23263 0
-0.366158 -0.312865 1.45934 0.715645 0.697663 -0.0334581 0.164799 -0.215209 -0.962562 -0.678744 0.683339 -0.268987 102.603 9.48556 43.4841 0.554853 0.741593 0.290746 -0.240092 0
-0.367233 -0.311991 1.46026 0.710387 0.703791 0.00536756 0.190122 -0.184549 -0.964259 -0.677646 0.686017 -0.264907 100.835 10.9599 43.6488 0.561456 0.73482 0.304126 -0.228722 0
-0.367035 -0.311577 1.45939 0.70279 0.711131 0.0194696 0.187367 -0.158629 -0.969397 -0.686279 0.684931 -0.244726 99.2934 10.7992 44.319 0.569964 0.725628 0.309559 -0.229735 0
-0.367612 -0.312501 1.45912 0.684757 0.728764 0.00332728 0.174985 -0.159983 -0.971486 -0.707452 0.665814 -0.237073 99.3515 10.0778 45.9339 0.567385 0.721424 0.313182 -0.244005 0
-0.367484 -0.312178 1.45831 0.680796 0.732379 0.0117305 0.176845 -0.148806 -0.972925 -0.710804 0.664438 -0.230824 98.6958 10.186 46.2353 0.570344 0.717709 0.31671 -0.243509 0
-0.369053 -0.311627 1.45891 0.703213 0.710749 0.0180995 0.177921 -0.151274 -0.972348 -0.688358 0.686987 -0.232835 98.8429 10.2487 44.3884 0.574261 0.722378 0.30755 -0.231962 0
-0.367618 -0.311353 1.45515 0.707452 0.706507 0.0189656 0.184251 -0.158458 -0.970022 -0.682322 0.689738 -0.242276 99.2776 10.6175 43.9641 0.571559 0.72598 0.306743 -0.228435 0
-0.367815 -0.31179 1.45555 0.72371 0.690104 -0.000780059 0.164833 -0.173958 -0.97086 -0.67013 0.702492 -0.239647 100.158 9.48755 42.7986 0.572299 0.730978 0.292395 -0.229456 0
-0.36854 -0.311392 1.45599 0.752417 0.658684 -0.0021379 0.161474 -0.187596 -0.968883 -0.638589 0.728658 -0.247511 100.958 9.29243 40.3218 0.573871 0.739514 0.277262 -0.216604 0
-0.368312 -0.311627 1.45692 0.768542 0.639799 0.00130915 0.154539 -0.18365 -0.970768 -0.620856 0.746278 -0.240016 100.713 8.89006 38.9325 0.579844 0.740305 0.268247 -0.20922 0
-0.368308 -0.311629 1.45589 0.793603 0.608406 0.00606735 0.160729 -0.200016 -0.966519 -0.586823 0.768008 -0.256522 101.692 9.24921 36.4808 0.578158 0.750023 0.25637 -0.193579 0
-0.368208 -0.312561 1.45624 0.810917 0.584222 0.0331407 0.178359 -0.192833 -0.964885 -0.557316 0.788353 -0.260573 101.302 10.2742 34.4994 0.582562 0.752383 0.253388 -0.174172 0
-0.367406 -0.313812 1.45566 0.879779 0.474956 0.0201576 0.14717 -0.2318 -0.961566 -0.452029 0.848932 -0.273832 103.553 8.46298 27.194 0.58612 0.772239 0.201403 -0.139812 0
-0.36862 -0.310711 1.45533 0.911852 0.40979 0.0244604 0.124116 -0.218404 -0.967933 -0.391308 0.885648 -0.250013 102.715 7.12973 23.2259 0.600715 0.771406 0.17303 -0.118889 0
-0.368596 -0.310433 1.45595 0.931781 0.362034 0.0267319 0.105311 -0.199101 -0.974304 -0.347409