-0.337953 -0.389377 1.46393 0.823449 0.566983 0.0215022 0.197182 -0.250429 -0.947842 -0.532025 0.78474 -0.318014 104.8 11.3722 32.8662 0.560135 0.773287 0.247051 -0.16505 0
-0.338634 -0.390299 1.47 0.819484 0.572327 0.0297749 0.186371 -0.217004 -0.958215 -0.541951 0.790791 -0.284496 102.76 10.7411 33.4779 0.574018 0.761739 0.249002 -0.168094 0
-0.33513 -0.390989 1.47534 0.79637 0.602963 0.0472249 0.189871 -0.175111 -0.966067 -0.574233 0.778314 -0.253939 100.274 10.9453 35.794 0.584662 0.745892 0.265734 -0.176637 0
-0.331195 -0.393275 1.47693 0.772046 0.634438 0.0378505 0.179796 -0.160896 -0.970457 -0.609605 0.756043 -0.238288 99.4137 10.3579 38.2945 0.585846 0.736755 0.276291 -0.194011 0
-0.311004 -0.391278 1.47681 0.727386 0.684954 0.0418089 0.196423 -0.14944 -0.969064 -0.657517 0.713096 -0.243241 98.7666 11.3278 42.1118 0.577647 0.728022 0.302661 -0.211432 0
-0.301472 -0.386351 1.48408 0.715836 0.697718 0.0277345 0.188297 -0.154634 -0.969862 -0.672402 0.699484 -0.24207 99.0589 10.8534 43.208 0.574267 0.726729 0.304795 -0.22177 0
-0.292766 -0.366189 1.49302 0.663292 0.748059 0.0212365 0.194945 -0.145318 -0.969989 -0.722523 0.647526 -0.242219 98.5204 11.2415 47.4474 0.564747 0.716036 0.329245 -0.24485 0
-0.28327 -0.364561 1.49581 0.63601 0.771475 0.0178379 0.199318 -0.141901 -0.969606 -0.745496 0.620235 -0.244019 98.3261 11.4971 49.5313 0.559037 0.710973 0.341361 -0.255867 0
-0.281984 -0.365535 1.49894 0.622307 0.782371 0.0250912 0.205699 -0.13252 -0.969601 -0.755263 0.608551 -0.243401 97.7827 11.8704 50.5128 0.558208 0.706793 0.349491 -0.258269 0
-0.283778 -0.36722 1.50436 0.589833 0.80717 0.0239615 0.201227 -0.118179 -0.972389 -0.782052 0.578369 -0.23213 96.9294 11.6087 52.976 0.556669 0.696445 0.36198 -0.272129 0
-0.285389 -0.368598 1.5093 0.56524 0.824735 0.0177866 0.196243 -0.113492 -0.973965 -0.801245 0.554014 -0.225999 96.6465 11.3173 54.7989 0.553568 0.69006 0.369888 -0.283837 0
-0.286182 -0.369707 1.51449 0.551684 0.833877 0.0171162 0.194996 -0.109 -0.974729 -0.810939 0.54108 -0.222736 96.3806 11.2445 55.7724 0.552256 0.686189 0.374851 -0.289214 0
-0.287183 -0.370583 1.51946 0.52472 0.851189 0.0121083 0.190205 -0.103365 -0.976288 -0.829753 0.514581 -0.216138 96.0437 10.9648 57.6915 0.548912 0.679011 0.383423 -0.301043 0
-0.288031 -0.369493 1.52143 0.531751 0.846719 0.0175479 0.203122 -0.107393 -0.973246 -0.822182 0.521089 -0.229094 96.2968 11.7196 57.107 0.546641 0.683417 0.384041 -0.294342 0
-0.290413 -0.378423 1.54369 0.478642 0.877599 -0.0268724 0.198127 -0.137774 -0.970445 -0.855364 0.459172 -0.239821 98.0803 11.4275 60.7696 0.524654 0.681219 0.39478 -0.323771 0
-0.293182 -0.37708 1.55942 0.526606 0.846789 -0.0750651 0.192486 -0.204778 -0.959695 -0.828031 0.490932 -0.270833 102.045 11.0979 57.5447 0.51259 0.707499 0.367236 -0.319116 0
-0.29476 -0.374397 1.57038 0.500174 0.863891 -0.0593138 0.199871 -0.181826 -0.962804 -0.842543 0.469714 -0.263611 100.694 11.5294 59.3046 0.513502 0.697426 0.381317 -0.323281 0
-0.29773 -0.38163 1.58324 0.343833 0.939014 0.00561029 0.220327 -0.0748651 -0.972549 -0.912817 0.33563 -0.232631 94.4018 12.7282 69.36 0.509003 0.64252 0.451091 -0.352988 0
-0.306387 -0.384014 1.59381 0.379522 0.9251 -0.0123373 0.188381 -0.090325 -0.977934 -0.905801 0.368823 -0.208551 95.277 10.8583 67.2668 0.51977 0.647765 0.42974 -0.354349 0
-0.309541 -0.386536 1.60271 0.40421 0.914637 -0.00738191 0.187124 -0.0905912 -0.97815 -0.895321 0.393996 -0.207768 95.2913 10.785 65.7023 0.525797 0.652413 0.422187 -0.345909 0
-0.310699 -0.388418 1.61214 0.417673 0.908473 0.0150214 0.201242 -0.0763745 -0.97656 -0.886031 0.410906 -0.214723 94.4719 11.6096 64.7609 0.530701 0.6536 0.424463 -0.333159 0
-0.312639 -0.390981 1.62129 0.426277 0.904146 0.0284421 0.222173 -0.0741651 -0.972183 -0.876885 0.420738 -0.232491 94.3625 12.8367 64.0744 0.529061 0.658205 0.427799 -0.322257 0
-0.31502 -0.394012 1.63322 0.420121 0.906986 0.0295782 0.220608 -0.0704619 -0.972814 -0.880245 0.415225 -0.229691 94.1428 12.7448 64.4859 0.529143 0.655796 0.429857 -0.324288 0
-0.317002 -0.396325 1.64296 0.44561 0.894682 0.0312334 0.220822 -0.0760393 -0.972345 -0.867565 0.440184 -0.23145 94.4715 12.7573 62.8135 0.533414 0.662023 0.421248 -0.315824 0
-0.318949 -0.398709 1.65277 0.466492 0.883941 0.0321403 0.221371 -0.0814924 -0.971779 -0.856376 0.460442 -0.233694 94.7936 12.7896 61.4216 0.536494 0.667398 0.414038 -0.30875 0
-0.320777 -0.400892 1.66124 0.477444 0.877993 0.0342948 0.221895 -0.082715 -0.971556 -0.850182 0.471473 -0.234314 94.8662 12.8204 60.6824 0.538613 0.66979 0.410535 -0.304531 0
-0.322428 -0.403132 1.6701 0.522049 0.852557 0.0247448 0.21457 -0.103199 -0.971241 -0.825485 0.512345 -0.236807 96.0652 12.3903 57.6901 0.543609 0.682286 0.391012 -0.293403 0
-0.335086 -0.413806 1.7093 0.647082 0.76236 0.00961716 0.15741 -0.121244 -0.980062 -0.745994 0.635694 -0.198457 97.0522 9.05657 49.0614 0.57606 0.70121 0.327922 -0.262538 0
-0.341194 -0.415651 1.72537 0.680333 0.732828 0.0105344 0.12498 -0.10184 -0.986919 -0.722169 0.67275 -0.160874 95.8915 7.17958 46.7086 0.595319 0.696966 0.307693 -0.255261 0
-0.356025 -0.411198 1.73927 0.714253 0.699887 -0.000832569 0.117138 -0.120715 -0.985752 -0.690015 0.703979 -0.168204 96.9816 6.72693 44.0112 0.596937 0.707667 0.288633 -0.244058 0
-0.372409 -0.405467 1.74372 0.755626 0.654698 -0.0199788 0.0943351 -0.13896 -0.985795 -0.648174 0.743008 -0.166763 98.0237 5.41305 40.6229 0.60206 0.71787 0.260853 -0.232686 0
-0.391854 -0.398037 1.74413 0.788948 0.613846 -0.0274633 0.0851829 -0.153526 -0.984466 -0.608527 0.774353 -0.173413 98.8638 4.88654 37.6436 0.604568 0.727304 0.240281 -0.218612 0
-0.40834 -0.392739 1.74166 0.808707 0.587958 -0.017296 0.112738 -0.183791 -0.976479 -0.577307 0.787735 -0.214918 100.659 6.47318 35.5217 0.593717 0.742869 0.235807 -0.200104 0
-0.411595 -0.392983 1.74288 0.809299 0.587167 -0.0164133 0.127334 -0.202647 -0.970938 -0.573429 0.78369 -0.238768 101.789 7.31555 35.3195 0.584783 0.750119 0.238129 -0.196583 0
-0.410527 -0.39495 1.74035 0.81922 0.573473 -0.00281249 0.140526 -0.205495 -0.968517 -0.555996 0.793032 -0.248933 101.979 8.07829 34.1644 0.584121 0.753931 0.236759 -0.185298 0
-0.409238 -0.397618 1.73916 0.827735 0.561 0.0116059 0.149687 -0.200829 -0.968123 -0.540786 0.803086 -0.250207 101.719 8.60877 33.1579 0.586664 0.75478 0.235395 -0.175276 0
-0.408418 -0.399336 1.73982 0.846155 0.532336 0.0253196 0.162931 -0.213161 -0.963336 -0.507421 0.819257 -0.267101 102.477 9.37703 30.9502 0.584357 0.76263 0.227917 -0.158039 0
-0.408786 -0.39754 1.74089 0.837321 0.545818 0.0312611 0.181296 -0.223266 -0.957749 -0.515777 0.807611 -0.2859 103.122 10.4453 31.6324 0.576228 0.765912 0.237336 -0.15815 0
-0.409152 -0.39738 1.74023 0.844823 0.534824 0.0153993 0.162092 -0.228404 -0.959978 -0.509902 0.813508 -0.279652 103.383 9.32833 31.1135 0.578093 0.766955 0.22717 -0.16119 0
-0.40901 -0.396569 1.73875 0.837089 0.547054 -0.0037761 0.139817 -0.220607 -0.96529 -0.528898 0.807505 -0.261155 102.873 8.03723 32.2859 0.582093 0.761389 0.225532 -0.174902 0
-0.40966 -0.39697 1.73943 0.84602 0.532972 -0.0138155 0.139802 -0.246774 -0.958936 -0.514495 0.809348 -0.283287 104.431 8.03641 31.3053 0.573576 0.770727 0.218227 -0.171368 0
-0.40836 -0.394021 1.73812 0.89322 0.449539 -0.00858479 0.110803 -0.238586 -0.964779 -0.435754 0.860809 -0.26292 103.89 6.3616 26.0053 0.589854 0.773745 0.181049 -0.143568 0
-0.408299 -0.39702 1.73935 0.902796 0.426197 -0.057587 0.0736092 -0.285053 -0.955681 -0.423724 0.858546 -0.288717 106.608 4.22131 25.1428 0.576417 0.786855 0.158799 -0.152922 0
-0.409649 -0.397718 1.73894 0.928688 0.365964 -0.0600722 0.0551272 -0.296404 -0.95347 -0.366741 0.882165 -0.295441 107.269 3.16016 21.5492 0.57811 0.793809 0.132617 -0.134419 0
-0.40988 -0.397332 1.7395 0.942161 0.332549 -0.041768 0.0581053 -0.284798 -0.956825 -0.330086 0.899056 -0.287648 106.576 3.33107 19.3079 0.585174 0.792876 0.123176 -0.117249 0
-0.410469 -0.397077 1.73798 0.963031 0.265157 -0.0475671 0.0310679 -0.284714 -0.958109 -0.267592 0.921211 -0.282426 106.55 1.78035 15.5287 0.590739 0.795326 0.0931142 -0.099066 0
-0.409837 -0.395627 1.73898 0.971788 0.233165 -0.0355351 0.0305824 -0.27396 -0.961255 -0.233866 0.933049 -0.273361 105.908 1.75252 13.5312 0.596755 0.793585 0.0830873 -0.0848684 0
-0.409564 -0.396109 1.73901 0.966886 0.253902 -0.0258035 0.0448987 -0.268761 -0.96216 -0.251229 0.92914 -0.271261 105.607 2.57337 14.5653 0.597257 0.791661 0.0943587 -0.0874846 0
-0.409106 -0.397019 1.74015 0.954427 0.296873 -0.0305886 0.0544567 -0.274009 -0.960184 -0.293434 0.91476 -0.277688 105.927 3.12168 17.0898 0.592185 0.791537 0.110964 -0.10234 0
-0.410472 -0.395638 1.73771 0.956987 0.286488 -0.0458328 0.0341197 -0.268006 -0.962813 -0.288118 0.919835 -0.266253 105.555 1.95529 16.7553 0.596391 0.789184 0.101563 -0.10579 0
-0.410847 -0.39581 1.73708 0.968224 0.241426 -0.0652403 0.00129686 -0.265715 -0.964051 -0.250083 0.933332 -0.257585 105.409 0.0743049 14.4824 0.601025 0.789228 0.0768863 -0.0998833 0
-0.411045 -0.395412 1.73813 0.995227 0.0762716 -0.060871 -0.0394666 -0.255889 -0.9659 -0.089247 0.963693 -0.251657 104.838 -2.26186 5.12429 0.609853 0.791008 0.0116323 -0.0474452 0
-0.411967 -0.396722 1.73751 0.996437 -0.0830857 -0.0144608 -0.0350483 -0.252012 -0.967089 0.076707 0.964151 -0.254026 104.606 -2.00853 -4.40202 0.61041 0.790961 -0.0373388 0.0196742 0
-0.412319 -0.395347 1.7367 0.997678 -0.0680748 -0.00231374 -0.01971 -0.256013 -0.966472 0.0652001 0.964273 -0.25676 104.837 -1.12937 -3.73907 0.609283 0.79222 -0.0277022 0.019845 0
-0.411825 -0.394386 1.7365 0.998249 -0.0582623 -0.0102328 -0.0245231 -0.250178 -0.967889 0.0538314 0.966445 -0.251168 104.492 -1.40521 -3.08674 0.61174 0.790505 -0.0261811 0.0137882 0
-0.410985 -0.391941 1.73837 0.999433 0.0332116 -0.00550024 0.00282818 -0.245645 -0.969356 -0.033545 0.968791 -0.2456 104.22 0.162043 1.92235 0.614042 0.789094 0.0114181 -0.0123703 0
-0.41114 -0.392895 1.7372 0.998216 0.0581635 -0.0134921 0.00184282 -0.255873 -0.966709 -0.0596794 0.964959 -0.255524 104.825 0.105586 3.42142 0.609676 0.792088 0.0189393 -0.0230945 0
-0.411936 -0.391207 1.73655 0.989391 0.145272 0.00148937 0.0387238 -0.253825 -0.966475 -0.140023 0.956279 -0.256757 104.715 2.21927 8.05527 0.608031 0.790565 0.0581848 -0.0438085 0
-0.410791 -0.391908 1.73421 0.997275 0.0737771 -0.000132312 0.0191807 -0.261004 -0.965147 -0.0712403 0.962514 -0.261708 105.132 1.09904 4.08598 0.607158 0.793723 0.029279 -0.0224803 0
-0.410839 -0.393962 1.7341 0.998649 0.0508668 -0.010619 0.00322308 -0.264597 -0.964354 -0.0518633 0.963017 -0.264403 105.343 0.184669 2.9729 0.606145 0.794929 0.0170109 -0.0196503 0
-0.411913 -0.39282 1.73333 0.999143 0.0358951 -0.0206025 -0.00987839 -0.27658 -0.96094 -0.0401913 0.96032 -0.275988 106.057 -0.565999 2.30352 0.601368 0.798704 0.00814342 -0.0190289 0
-0.412255 -0.393175 1.73446 0.999602 0.0253243 -0.0123948 -0.00544923 -0.257799 -0.966183 -0.0276633 0.965867 -0.257558 104.94 -0.312219 1.58522 0.609148 0.792931 0.00626634 -0.0126298 0
-0.411437 -0.393181 1.73502 0.999204 0.0370517 -0.0147502 -0.00459133 -0.260528 -0.965455 -0.0396146 0.964755 -0.260151 105.102 -0.263065 2.27037 0.607973 0.793707 0.0102243 -0.0171237 0
-0.413782 -0.394511 1.73333 0.998669 0.0429518 -0.0285632 -0.0150768 -0.286502 -0.957961 -0.0493296 0.957116 -0.285473 106.651 -0.863867 2.82785 0.597221 0.801661 0.00869291 -0.0242911 0
-0.413485 -0.396312 1.73361 0.991534 0.1286 -0.0179692 0.0234262 -0.313275 -0.949373 -0.127719 0.940915 -0.313636 108.262 1.34234 7.33983 0.584085 0.80908 0.0469751 -0.0450166 0
-0.411991 -0.392784 1.73269 0.986667 0.161682 0.0186094 0.0648113 -0.285455 -0.956198 -0.149288 0.944656 -0.292128 106.622 3.71602 8.60389 0.593524 0.800664 0.0707205 -0.0408032 0
-0.411618 -0.393584 1.73436 0.992348 0.122879 0.0120702 0.047065 -0.286079 -0.95705 -0.114148 0.950294 -0.289673 106.642 2.69762 6.56182 0.595104 0.801265 0.0530238 -0.0318491 0
-0.412661 -0.394391 1.73562 0.987094 0.159573 -0.0134767 0.0312762 -0.274634 -0.96104 -0.157058 0.948216 -0.27608 105.948 1.79229 9.04061 0.599245 0.796525 0.0599007 -0.0535244 0
-0.41114 -0.390759 1.73338 0.999496 0.0317493 0.000830613 0.00858443 -0.244881 -0.969515 -0.030578 0.969033 -0.24503 104.175 0.491858 1.75233 0.614326 0.788893 0.0127818 -0.00942695 0
-0.411973 -0.390832 1.73511 0.99961 0.0276999 0.00357901 0.0103989 -0.250176 -0.968145 -0.0259222 0.967804 -0.250366 104.489 0.595824 1.48548 0.612182 0.790593 0.0120475 -0.00706531 0
-0.412197 -0.391355 1.73503 0.999999 0.00138351 0.000898708 0.00123237 -0.264265 -0.964449 -0.00109683 0.964449 -0.264266 105.323 0.0706098 0.0628438 0.60652 0.795067 0.000822535 -6.22973e-05 1
-0.41119 -0.389956 1.73508 0.992226 -0.124447 3.83015e-05 -0.0295025 -0.235526 -0.97142 0.120899 0.963868 -0.237366 103.629 -1.69061 -6.94703 0.616306 0.785035 -0.0490262 0.0385134 1
-0.41002 -0.389054 1.73254 0.984349 -0.175292 0.01814 -0.0240127 -0.235389 -0.971605 0.174584 0.955963 -0.235914 103.619 -1.37596 -10.0574 0.61503 0.783526 -0.0635922 0.0614926 1
-0.406616 -0.379503 1.73229 0.973787 -0.219643 0.0591302 0.00353484 -0.245311 -0.969438 0.227436 0.944235 -0.238104 104.2 0.202532 -13.1462 0.610404 0.783773 -0.0689321 0.0914059 1
-0.403367 -0.366572 1.73425 0.957828 -0.27009 0.098067 0.0258547 -0.258896 -0.965559 0.286177 0.927375 -0.240994 105.01 1.48153 -16.635 0.603726 0.783855 -0.0778956 0.122549 1
-0.404064 -0.355756 1.73757 0.945168 -0.319129 0.0693802 -0.00954124 -0.239335 -0.97089 0.326444 0.916993 -0.229257 103.848 -0.546681 -19.054 0.607572 0.776814 -0.105775 0.127387 1
-0.399882 -0.34273 1.73811 0.917012 -0.389629 0.0853123 0.00627874 -0.199763 -0.979824 0.39881 0.899046 -0.180739 101.523 0.359748 -23.5043 0.61978 0.757878 -0.126455 0.159697 1
-0.397378 -0.328891 1.7378 0.874546 -0.473424 0.105065 0.0168745 -0.186815 -0.98225 0.484648 0.860796 -0.155389 100.769 0.966882 -28.9939 0.618939 0.744438 -0.15332 0.19804 1
-0.398902 -0.317364 1.7387 0.871563 -0.484293 0.0764137 0.00213554 -0.152105 -0.988362 0.49028 0.861583 -0.131534 98.7489 0.122358 -29.359 0.630064 0.73403 -0.164216 0.193007 1
-0.399583 -0.317279 1.73853 0.856497 -0.503818 0.112166 0.0343907 -0.161125 -0.986335 0.515006 0.84865 -0.120677 99.2778 1.97083 -31.0182 0.627434 0.731146 -0.160511 0.214448 1
-0.399262 -0.316223 1.73858 0.830973 -0.541698 0.126675 0.0565926 -0.144211 -0.987927 0.553427 0.82811 -0.0891793 98.305 3.24425 -33.6635 0.631978 0.718395 -0.168816 0.236674 1
-0.403476 -0.315235 1.73201 0.853621 -0.509771 0.107071 0.0565379 -0.113665 -0.991909 0.517817 0.852768 -0.0682052 96.5371 3.24111 -31.2415 0.646481 0.713353 -0.158839 0.218997 1
-0.414428 -0.317508 1.72539 0.863287 -0.499487 0.0724445 0.0292052 -0.0938588 -0.995157 0.503868 0.861222 -0.0664395 95.3879 1.67357 -30.2705 0.652493 0.711264 -0.165298 0.202566 1
-0.423838 -0.321877 1.72167 0.869311 -0.493658 0.024498 0.0066184 -0.037934 -0.999258 0.494221 0.868829 -0.0297092 92.174 0.379209 -29.6191 0.671131 0.695873 -0.174974 0.186356 1
-0.416948 -0.322138 1.71918 0.850008 -0.526754 -0.0040469 0.00909275 0.0223532 -0.999709 0.526691 0.849724 0.02379 88.7191 0.520984 -31.7836 0.688504 0.67154 -0.192714 0.194569 1
-0.41503 -0.320493 1.7185 0.83438 -0.549979 -0.0365094 0.0332593 0.116354 -0.992651 0.550185 0.827034 0.115375 83.3146 1.90597 -33.4006 0.718698 0.632979 -0.204082 0.20288 1
-0.412531 -0.317779 1.71819 0.824651 -0.562782 -0.0568083 0.0680199 0.198368 -0.977765 0.561537 0.802451 0.201865 78.5315 3.90026 -34.2525 0.745802 0.596745 -0.207275 0.211451 1
-0.413188 -0.318016 1.71803 0.805887 -0.591615 -0.0232038 0.144448 0.234468 -0.961332 0.574179 0.771373 0.274412 76.2932 8.3053 -35.4691 0.760718 0.569431 -0.196322 0.241897 1
-0.415073 -0.318229 1.7183 0.785826 -0.618444 -0.00231389 0.199092 0.256515 -0.945813 0.585526 0.742783 0.324703 74.8258 11.4839 -36.6901 0.76926 0.548773 -0.191041 0.265689 1
-0.413058 -0.320806 1.71979 0.776718 -0.629068 0.0313618 0.230947 0.238122 -0.943378 0.58598 0.739981 0.330235 75.8336 13.3528 -37.0321 0.765682 0.549627 -0.181086 0.2808 1
-0.415348 -0.322111 1.71756 0.782062 -0.606565 0.143031 0.339844 0.222707 -0.913733 0.522384 0.763204 0.380308 76.3022 19.8673 -33.7412 0.772185 0.54292 -0.122818 0.306406 1
-0.416701 -0.326233 1.71917 0.771931 -0.594604 0.224874 0.406554 0.189814 -0.893691 0.488708 0.781292 0.388262 78.009 23.9886 -32.3378 0.766487 0.546318 -0.0860532 0.326541 1
-0.417818 -0.326592 1.71961 0.742314 -0.627394 0.235259 0.428489 0.174547 -0.886527 0.515139 0.758887 0.3984 78.8616 25.3717 -34.7592 0.760799 0.540686 -0.0919689 0.346965 1
-0.417157 -0.326497 1.71915 0.743198 -0.609591 0.275783 0.468035 0.179117 -0.865367 0.478122 0.772215 0.418429 78.3058 27.9068 -32.7545 0.764975 0.535175 -0.0661261 0.352177 1
-0.417499 -0.321959 1.71664 0.675099 -0.663345 0.322823 0.53175 0.13423 -0.836196 0.511354 0.736176 0.443352 80.8804 32.1238 -37.1421 0.750447 0.523812 -0.0628064 0.398128 1
-0.417353 -0.313949 1.71688 0.355843 -0.83561 0.418487 0.620266 -0.123774 -0.774564 0.699032 0.535197 0.474257 99.079 38.3356 -63.0216 0.653132 0.501338 -0.107385 0.557267 1
-0.416189 -0.314316 1.71791 0.276105 -0.844993 0.457989 0.627481 -0.202471 -0.751846 0.728034 0.494968 0.474314 105.072 38.8645 -69.2309 0.622083 0.501064 -0.108525 0.591752 1
-0.417189 -0.313923 1.71762 0.199369 -0.853495 0.481454 0.653511 -0.250299 -0.714334 0.730188 0.457052 0.507867 109.31 40.8069 -74.7283 0.603518 0.485232 -0.103035 0.624259 1
-0.424722 -0.318925 1.71151 0.140488 -0.863488 0.484408 0.57692 -0.326221 -0.748828 0.804628 0.384667 0.452334 113.54 35.2342 -80.096 0.562717 0.503581 -0.142265 0.639935 1
-0.425343 -0.324253 1.70845 0.0778766 -0.885514 0.458039 0.554789 -0.343234 -0.757891 0.828338 0.313137 0.464544 114.365 33.6962 -84.6291 0.547537 0.489021 -0.169075 0.657629 1
-0.421587 -0.337914 1.70384 -0.0629741 -0.906772 0.416892 0.528941 -0.384553 -0.756532 0.846319 0.17287 0.503846 116.945 31.9339 -94.2555 0.513887 0.452143 -0.208911 0.698458 1
-0.423661 -0.351828 1.7158 0.0910296 -0.887178 0.452358 0.521118 -0.344649 -0.780803 0.848616 0.306808 0.430952 113.817 31.4073 -83.8774 0.542525 0.50118 -0.182599 0.648955 1
-0.417741 -0.364879 1.71904 0.121033 -0.888343 0.442941 0.498045 -0.331646 -0.801225 0.858663 0.31758 0.402295 112.486 29.8707 -81.9767 0.545821 0.512441 -0.190411 0.635002 1
-0.410171 -0.383814 1.72958 0.138379 -0.88 0.454369 0.505538 -0.331748 -0.796476 0.851635 0.339916 0.398967 112.613 30.3671 -80.7709 0.548998 0.517484 -0.180905 0.630939 1
-0.412378 -0.383063 1.73465 0.0730097 -0.894514 0.441037 0.291304 -0.403807 -0.867226 0.95384 0.191792 0.231094 114.968 16.9361 -85.623 0.47442 0.55806 -0.270226 0.624878 1
-0.415841 -0.387127 1.73326 0.0551944 -0.911236 0.40817 0.194593 -0.391137 -0.899525 0.97933 0.129076 0.155731 113.501 11.2209 -86.7743 0.452711 0.568023 -0.315411 0.610671 1
-0.417222 -0.392003 1.73135 0.0285462 -0.934215 0.355566 0.105284 -0.350922 -0.930467 0.994032 0.0639966 0.08834 110.664 6.0435 -88.3551 0.437597 0.568139 -0.364757 0.593868 1
-0.412555 -0.391133 1.73511 -0.0624194 -0.958549 0.278005 0.0397599 -0.280716 -0.958967 0.997258 -0.0488046 0.055634 106.316 2.27868 -93.5815 0.422048 0.539134 -0.426049 0.591348 1
-0.40864 -0.393102 1.73627 -0.0313184 -0.977147 0.210247 -0.111702 -0.205611 -0.972238 0.993248 -0.0539338 -0.10271 101.941 -6.41342 -91.806 0.406313 0.565023 -0.481772 0.532499 1
-0.403774 -0.388963 1.73254 -0.0838812 -0.993095 0.0820087 -0.195408 -0.0643076 -0.978611 0.977128 -0.0981123 -0.188665 93.7597 -11.2686 -94.9065 0.407169 0.540623 -0.5496 0.489776 1
-0.396646 -0.37743 1.73381 -0.0904254 -0.995845 0.0108086 -0.234237 0.0107183 -0.97212 0.967965 -0.0904362 -0.234233 89.3683 -13.5466 -95.337 0.414144 0.532233 -0.577792 0.459748 1
-0.392896 -0.367591 1.73383 -0.114374 -0.992891 -0.0329495 -0.263042 0.0622507 -0.962774 0.957981 -0.101449 -0.268291 86.3005 -15.2506 -96.8084 0.412185 0.522414 -0.601023 0.442671 1
-0.393705 -0.351877 1.72217 -0.148381 -0.98583 -0.078245 -0.268133 0.116262 -0.956341 0.951887 -0.120923 -0.281584 83.0686 -15.5532 -98.86 0.414215 0.504217 -0.621737 0.433167 1
-0.397688 -0.338013 1.72069 -0.14915 -0.986236 -0.0713657 -0.299323 0.113818 -0.947339 0.942422 -0.119935 -0.312179 83.149 -17.4169 -98.9932 0.403884 0.512155 -0.627524 0.425192 1
-0.407387 -0.319512 1.72083 -0.184163 -0.980405 -0.0699226 -0.345548 0.131179 -0.929187 0.920152 -0.146961 -0.362936 81.9643 -20.2153 -101.318 0.382126 0.51176 -0.647742 0.415346 1
-0.413609 -0.299302 1.72259 -0.180973 -0.981898 -0.055903 -0.44107 0.131835 -0.887737 0.879037 -0.135999 -0.456945 81.5529 -26.1722 -101.633 0.351396 0.534822 -0.66516 0.38477 1
-0.415524 -0.285263 1.72358 -0.156379 -0.982232 -0.103762 -0.415256 0.160701 -0.895398 0.896163 -0.0969339 -0.433008 79.8252 -24.5354 -99.8984 0.377927 0.528187 -0.661454 0.375057 1
-0.416235 -0.279717 1.7226 -0.144269 -0.980669 -0.13219 -0.402196 0.180168 -0.897651 0.904115 -0.0763363 -0.420414 78.6509 -23.7155 -99.0662 0.392264 0.523445 -0.660464 0.368676 1
-0.415209 -0.27862 1.72389 -0.13874 -0.972915 -0.1849 -0.376012 0.224476 -0.899014 0.916169 -0.0552049 -0.396971 75.9804 -22.0869 -98.6112 0.414959 0.508369 -0.66336 0.359616 1
-0.414551 -0.276082 1.7234 -0.124961 -0.963586 -0.236404 -0.342725 0.265527 -0.90113 0.931088 -0.0315848 -0.363425 73.5819 -20.043 -97.644 0.440778 0.493188 -0.662177 0.35214 1
-0.416153 -0.274426 1.72192 -0.0956688 -0.962889 -0.252372 -0.319218 0.269822 -0.908458 0.94284 -0.0063496 -0.333185 73.458 -18.6156 -95.7939 0.458522 0.491857 -0.651666 0.35095 1
-0.415727 -0.273815 1.72109 -0.105256 -0.962337 -0.250657 -0.311609 0.27128 -0.910663 0.944363 -0.0177454 -0.328427 73.4116 -18.1562 -96.3598 0.457602 0.487824 -0.652871 0.35551 1
-0.415492 -0.27465 1.71929 -0.100021 -0.967709 -0.231375 -0.345485 0.251851 -0.903997 0.933079 -0.0104824 -0.35952 74.4323 -20.2114 -96.1185 0.445059 0.501908 -0.654101 0.349518 1
-0.415923 -0.275194 1.71923 -0.114267 -0.965046 -0.235858 -0.351158 0.261322 -0.89911 0.929318 -0.0199149 -0.368744 73.7937 -20.5581 -97.0098 0.44111 0.498286 -0.660366 0.347923 1
-0.415143 -0.275383 1.72057 -0.0989963 -0.966624 -0.236299 -0.352402 0.256132 -0.900116 0.930598 -0.00583572 -0.365997 74.1161 -20.6343 -96.0722 0.44473 0.50271 -0.655958 0.345278 1
-0.415996 -0.275413 1.71896 -0.0573745 -0.973163 -0.222849 -0.375185 0.227872 -0.898504 0.925172 0.0320585 -0.378191 75.7691 -22.0358 -93.5486 0.445058 0.52272 -0.644872 0.335899 0
-0.417129 -0.276013 1.72042 -0.0508969 -0.97187 -0.229953 -0.390236 0.2313 -0.891188 0.919307 0.0443773 -0.391031 75.4504 -22.9692 -93.1689 0.444233 0.526506 -0.646767 0.327325 1
-0.416332 -0.274722 1.7196 -0.0147369 -0.973709 -0.22732 -0.371007 0.21644 -0.903055 0.928513 0.0710289 -0.364442 76.5219 -21.7777 -90.9093 0.45751 0.532275 -0.631589 0.329338 1
-0.415968 -0.273266 1.72021 0.0227582 -0.972477 -0.231883 -0.344095 0.210152 -0.915114 0.938659 0.100616 -0.329842 77.0665 -20.1266 -88.6111 0.47515 0.534427 -0.615881 0.330623 0
-0.415444 -0.272934 1.72116 0.0446378 -0.969346 -0.24161 -0.323837 0.214751 -0.921418 0.945059 0.119372 -0.304324 76.8805 -18.8951 -87.2958 0.488637 0.532497 -0.607132 0.33026 0
-0.416372 -0.274665 1.72135 0.0567306 -0.968954 -0.240646 -0.370609 0.203375 -0.906249 0.927055 0.140598 -0.347565 77.3516 -21.7532 -86.4982 0.477635 0.547933 -0.611189 0.313181 0
-0.415866 -0.274168 1.72112 0.116638 -0.964725 -0.236013 -0.365372 0.17929 -0.913432 0.923525 0.192773 -0.331572 78.8951 -21.4305 -82.8019 0.491008 0.563232 -0.590386 0.305164 0
-0.416094 -0.27375 1.72174 0.162981 -0.957509 -0.237936 -0.36652 0.165144 -0.915637 0.916024 0.236439 -0.324031 79.7761 -21.5012 -79.9114 0.501022 0.574863 -0.575803 0.294891 0
-0.416217 -0.273594 1.72089 0.190573 -0.950723 -0.244558 -0.366907 0.162086 -0.916028 0.910528 0.2643 -0.317937 79.9657 -21.525 -78.1787 0.508606 0.580178 -0.56777 0.286968 0
-0.416139 -0.273495 1.7214 0.202196 -0.950191 -0.237179 -0.377042 0.147987 -0.914297 0.903856 0.274293 -0.328339 80.8059 -22.1506 -77.3904 0.505431 0.587909 -0.564387 0.283495 0
-0.416273 -0.27401 1.72143 0.192799 -0.953715 -0.230774 -0.386951 0.14223 -0.911065 0.901719 0.264951 -0.341619 81.127 -22.7649 -77.9311 0.49835 0.589955 -0.568122 0.28432 0
-0.416475 -0.27468 1.72178 0.195717 -0.951643 -0.236791 -0.395402 0.144386 -0.907089 0.897414 0.27116 -0.348023 80.9558 -23.2911 -77.697 0.498016 0.591472 -0.569362 0.279229 0
-0.415411 -0.272793 1.71901 0.278965 -0.93003 -0.239211 -0.365339 0.127585 -0.92209 0.888091 0.344624 -0.304184 82.1223 -21.4284 -72.5616 0.524968 0.603234 -0.536843 0.268917 0
-0.415623 -0.272927 1.71882 0.246977 -0.941186