-0.336832 -0.38795 1.45958 0.819603 0.572489 0.022519 0.190918 -0.235847 -0.952852 -0.540186 0.78526 -0.3026 103.902 11.0064 33.3882 0.565941 0.767797 0.248571 -0.168556 0
-0.336919 -0.3875 1.46163 0.811414 0.583931 0.0251514 0.172208 -0.19773 -0.965012 -0.558527 0.787355 -0.260998 101.58 9.91621 34.5411 0.581525 0.753349 0.250926 -0.177001 0
-0.337481 -0.387734 1.46401 0.805426 0.59205 0.0276925 0.168014 -0.183261 -0.9686 -0.568385 0.784788 -0.247076 100.714 9.67236 35.2104 0.586321 0.747623 0.25416 -0.180804 0
-0.338088 -0.389649 1.4721 0.792246 0.609186 0.0351869 0.17452 -0.170953 -0.9697 -0.584712 0.774382 -0.241753 99.9982 10.0508 36.4289 0.587269 0.742454 0.263891 -0.185037 0
-0.325722 -0.390823 1.47478 0.8214 0.567206 0.0598271 0.184727 -0.165328 -0.968784 -0.539609 0.806811 -0.240579 99.6845 10.6452 33.3025 0.594873 0.746208 0.251918 -0.16074 0
-0.311392 -0.394112 1.48185 0.846516 0.529657 0.0536182 0.192164 -0.21008 -0.958613 -0.496472 0.821785 -0.279617 102.361 11.0791 30.3911 0.582413 0.764234 0.236126 -0.144869 0
-0.310678 -0.396146 1.48571 0.863851 0.50303 0.0268681 0.168625 -0.238495 -0.956392 -0.474686 0.830711 -0.290847 104.002 9.70786 28.7888 0.577605 0.773498 0.217084 -0.144738 0
-0.312303 -0.396299 1.48905 0.884345 0.466712 0.0106904 0.145497 -0.253789 -0.956254 -0.443583 0.847213 -0.292342 104.864 8.36605 26.6381 0.578406 0.779499 0.196347 -0.138837 0
-0.313445 -0.396404 1.49322 0.901171 0.433261 0.0132824 0.131954 -0.245015 -0.960498 -0.412891 0.867325 -0.277971 104.31 7.58252 24.6159 0.586981 0.778485 0.181511 -0.128329 0
-0.314336 -0.393359 1.49643 0.921297 0.388486 0.0170215 0.11545 -0.231466 -0.965968 -0.371326 0.891909 -0.258099 103.475 6.62956 21.9517 0.598275 0.776348 0.162278 -0.114093 0
-0.315521 -0.381631 1.50443 0.933763 0.357811 0.00767626 0.102952 -0.248005 -0.963273 -0.342766 0.900258 -0.268415 104.438 5.90921 20.1572 0.595261 0.782653 0.14718 -0.107036 0
-0.31831 -0.372311 1.51361 0.929109 0.368648 0.0292484 0.123943 -0.235904 -0.96384 -0.348418 0.899137 -0.264872 103.753 7.11971 20.5562 0.597564 0.779404 0.158003 -0.102376 0
-0.319737 -0.371562 1.52163 0.912898 0.407492 0.0237973 0.124243 -0.22186 -0.967131 -0.388819 0.885849 -0.253164 102.92 7.13705 23.07 0.599557 0.772645 0.17205 -0.118108 0
-0.319963 -0.37786 1.53842 0.898502 0.438647 0.0168057 0.138596 -0.24715 -0.959014 -0.416515 0.864005 -0.28286 104.451 7.9666 24.8709 0.584913 0.779184 0.185208 -0.128246 0
-0.322115 -0.381754 1.55269 0.883436 0.46787 0.0252536 0.162436 -0.255268 -0.953128 -0.439494 0.84613 -0.301512 104.993 9.34833 26.4495 0.575903 0.781059 0.201747 -0.132589 0
-0.324399 -0.384516 1.56889 0.876892 0.476971 0.0596492 0.18308 -0.216664 -0.958926 -0.444456 0.851795 -0.277315 102.732 10.5492 26.8783 0.587987 0.769882 0.214335 -0.124957 0
-0.327029 -0.383571 1.58271 0.864168 0.501189 0.0449862 0.14584 -0.163891 -0.975638 -0.481606 0.849676 -0.214723 99.5357 8.38595 29.1312 0.609417 0.748796 0.216023 -0.145774 0
-0.33032 -0.385531 1.59691 0.849526 0.526024 0.0400552 0.158548 -0.182161 -0.970402 -0.503158 0.830732 -0.23815 100.632 9.12262 30.6375 0.597749 0.753299 0.227191 -0.153692 0
-0.332413 -0.38846 1.60934 0.843543 0.536123 0.0317199 0.153962 -0.184818 -0.970638 -0.514519 0.823659 -0.238445 100.781 8.85661 31.3811 0.595878 0.752796 0.229174 -0.160335 0
-0.334727 -0.390979 1.62004 0.838508 0.544018 0.0308104 0.152729 -0.180375 -0.971668 -0.523047 0.819457 -0.234333 100.516 8.78513 31.9552 0.596615 0.750536 0.232083 -0.163962 0
-0.336727 -0.393572 1.63039 0.831756 0.554247 0.0314812 0.158092 -0.182125 -0.970483 -0.532154 0.812183 -0.239105 100.629 9.09617 32.6109 0.593828 0.750498 0.237289 -0.16678 1
-0.33934 -0.396288 1.64219 0.822339 0.568166 0.0307555 0.15676 -0.174264 -0.972141 -0.546978 0.804251 -0.23237 100.163 9.01888 33.6298 0.594917 0.746487 0.242779 -0.172884 0
-0.340932 -0.398408 1.65029 0.819114 0.572939 0.0281639 0.156652 -0.176189 -0.971812 -0.551827 0.800436 -0.234071 100.276 9.0126 33.9677 0.593476 0.746554 0.244319 -0.17536 0
-0.355725 -0.405537 1.67148 0.819883 0.570542 0.0476803 0.190332 -0.193071 -0.962547 -0.539968 0.798251 -0.266888 101.342 10.9721 33.3686 0.583079 0.754957 0.251959 -0.163019 0
-0.369446 -0.408198 1.68523 0.799228 0.599595 0.0414685 0.202292 -0.203391 -0.957972 -0.565961 0.774027 -0.283849 101.987 11.671 35.3036 0.57271 0.756054 0.265156 -0.173431 0
-0.384489 -0.41202 1.7005 0.769961 0.636244 0.0485122 0.222692 -0.19669 -0.954841 -0.59797 0.745994 -0.29313 101.64 12.8672 37.8338 0.565717 0.751628 0.285692 -0.182756 0
-0.400024 -0.405102 1.71298 0.76155 0.645272 0.0605482 0.240695 -0.194848 -0.950842 -0.601754 0.738687 -0.3037 101.581 13.9276 38.3147 0.561917 0.751681 0.294662 -0.179998 0
-0.411191 -0.399658 1.71463 0.760135 0.644904 0.0793342 0.253476 -0.18189 -0.950087 -0.598285 0.742304 -0.301729 100.838 14.6833 38.2055 0.564915 0.748958 0.299877 -0.173224 0
-0.424348 -0.389765 1.7117 0.75399 0.640955 0.14379 0.29735 -0.137843 -0.944766 -0.585732 0.7551 -0.29452 98.301 17.2985 37.8416 0.57481 0.739316 0.317288 -0.149443 0
-0.434648 -0.39776 1.70676 0.723889 0.68737 0.0592267 0.242263 -0.172874 -0.954685 -0.645983 0.705434 -0.291665 100.264 14.0201 41.745 0.561104 0.739667 0.314206 -0.198318 0
-0.438594 -0.397322 1.70644 0.685063 0.726704 0.0508913 0.249084 -0.168017 -0.953796 -0.684577 0.666087 -0.296112 99.9905 14.4233 44.9796 0.55248 0.733006 0.332803 -0.216126 0
-0.441397 -0.394327 1.70174 0.652257 0.757826 0.0161339 0.216307 -0.165691 -0.962163 -0.726479 0.631068 -0.271996 99.7709 12.4922 48.0814 0.551038 0.722832 0.336915 -0.245681 0
-0.440878 -0.393442 1.70032 0.634372 0.773004 -0.00602461 0.194192 -0.166899 -0.966661 -0.748239 0.612053 -0.255987 99.7958 11.1975 49.708 0.550338 0.717157 0.337163 -0.262935 0
-0.439039 -0.394279 1.69884 0.590687 0.806654 0.0199505 0.233304 -0.147068 -0.961218 -0.772437 0.572433 -0.275067 98.6989 13.4917 52.5946 0.540498 0.70937 0.366508 -0.265195 0
-0.438763 -0.39505 1.69972 0.538218 0.842185 0.0323326 0.24824 -0.121749 -0.961017 -0.805418 0.525263 -0.274592 97.2202 14.3734 56.2473 0.534293 0.695442 0.39199 -0.277912 0
-0.438702 -0.394215 1.70157 0.465255 0.884704 0.0289267 0.221516 -0.084729 -0.971469 -0.857012 0.458388 -0.235397 94.9846 12.7981 61.5033 0.535053 0.668091 0.413949 -0.30987 0
-0.439103 -0.393321 1.69976 0.405174 0.913755 0.029778 0.213344 -0.062828 -0.974955 -0.888998 0.401379 -0.220401 93.6872 12.3184 65.4982 0.52961 0.649693 0.433705 -0.330626 0
-0.439587 -0.393649 1.70057 0.35841 0.933226 0.0251176 0.217132 -0.0571631 -0.974467 -0.907962 0.354713 -0.223121 93.3572 12.5407 68.4588 0.519164 0.640058 0.449318 -0.34483 0
-0.438639 -0.394286 1.70021 0.316666 0.948044 0.0305749 0.247161 -0.0513508 -0.967613 -0.91577 0.313967 -0.250581 93.0378 14.3096 70.925 0.50367 0.636121 0.469724 -0.347888 1
-0.439391 -0.39511 1.69989 0.275901 0.960227 0.0429328 0.271808 -0.0350991 -0.961711 -0.921954 0.277006 -0.270681 92.0902 15.7719 73.3399 0.492473 0.628824 0.489817 -0.34947 0
-0.43813 -0.395719 1.69792 0.238292 0.968767 0.0686152 0.302137 -0.00680251 -0.95324 -0.923001 0.247881 -0.294321 90.4089 17.586 75.524 0.484037 0.620366 0.512159 -0.344307 0
-0.438373 -0.394831 1.69869 0.229716 0.972332 0.0424379 0.274382 -0.0228648 -0.961349 -0.93378 0.232481 -0.272042 91.3625 15.9252 76.1793 0.483427 0.617378 0.504842 -0.360939 0
-0.437989 -0.394018 1.69715 0.220656 0.974805 0.0326528 0.269785 -0.028828 -0.962489 -0.937298 0.221189 -0.269348 91.7156 15.6514 76.7528 0.480229 0.616205 0.504942 -0.367023 0
-0.437761 -0.3941 1.69662 0.208822 0.977197 0.0384725 0.273017 -0.0204763 -0.961791 -0.939072 0.211347 -0.271067 91.2196 15.8439 77.4631 0.478873 0.612447 0.510335 -0.367623 0
-0.437424 -0.394799 1.69808 0.194917 0.980027 0.0394373 0.282931 -0.0176816 -0.958977 -0.939126 0.198079 -0.280726 91.0563 16.4352 78.2747 0.473421 0.611008 0.516751 -0.368116 0
-0.437522 -0.394876 1.69874 0.127656 0.990516 0.0508197 0.277611 0.0135066 -0.960598 -0.952174 0.136735 -0.273254 89.1944 16.1177 82.364 0.465808 0.588941 0.538309 -0.382617 0
-0.437942 -0.394043 1.69723 0.152261 0.987454 0.0418592 0.263372 0.00028369 -0.964694 -0.952603 0.15791 -0.260024 89.9832 15.2702 80.9189 0.472366 0.594138 0.526319 -0.38322 0
-0.438008 -0.393691 1.69837 0.238689 0.970614 0.0305927 0.250273 -0.0310457 -0.967678 -0.938292 0.23863 -0.250328 91.8376 14.4936 75.7275 0.489212 0.616454 0.495125 -0.368113 0
-0.439044 -0.394652 1.69824 0.249122 0.967574 0.041699 0.267924 -0.0274787 -0.963048 -0.930674 0.251089 -0.266082 91.6344 15.5408 75.0144 0.488764 0.621024 0.497363 -0.357867 0
-0.43493 -0.393167 1.69717 0.38471 0.922923 0.0145612 0.250255 -0.0891053 -0.964071 -0.888466 0.374531 -0.265245 95.2806 14.4926 66.5872 0.507533 0.659367 0.444812 -0.331342 0
-0.430653 -0.39327 1.69621 0.484591 0.874739 -0.00148923 0.243122 -0.13632 -0.960369 -0.840276 0.465024 -0.278728 98.0789 14.0709 60.0277 0.517094 0.689137 0.405529 -0.305369 0
-0.429877 -0.393914 1.69773 0.501414 0.865188 0.00577742 0.24126 -0.133402 -0.961248 -0.83089 0.483377 -0.275625 97.901 13.9609 58.8905 0.522587 0.691093 0.400253 -0.298481 0
-0.432051 -0.393874 1.69791 0.494221 0.869335 -0.00135409 0.234643 -0.134895 -0.962676 -0.837071 0.475457 -0.270652 97.9767 13.5706 59.4417 0.521698 0.68916 0.40048 -0.304147 0
-0.433376 -0.393196 1.69721 0.487067 0.873246 0.0143652 0.225189 -0.109677 -0.968122 -0.843834 0.474775 -0.250065 96.4634 13.014 60.0062 0.530878 0.679487 0.404142 -0.305182 0
-0.432255 -0.39294 1.6975 0.498535 0.866814 0.00983188 0.213558 -0.111816 -0.97051 -0.840152 0.485933 -0.240859 96.5723 12.3309 59.3157 0.535224 0.680296 0.397023 -0.305132 0
-0.432976 -0.393296 1.69624 0.528345 0.848748 0.0218729 0.222641 -0.113641 -0.968254 -0.819319 0.516442 -0.249008 96.694 12.8642 57.1837 0.539837 0.687567 0.389558 -0.289952 0
-0.42977 -0.392888 1.69736 0.471517 0.881745 0.0140575 0.232564 -0.108956 -0.966459 -0.850638 0.458971 -0.256437 96.4322 13.4481 61 0.525862 0.677663 0.411085 -0.308627 0
-0.431572 -0.391402 1.69668 0.205514 0.9785 -0.0173634 0.206795 -0.0607609 -0.976496 -0.956556 0.197093 -0.214836 93.5605 11.9346 77.8745 0.482161 0.608505 0.486971 -0.400128 0
-0.43031 -0.39319 1.69751 0.151333 0.988475 0.00400171 0.242504 -0.0332014 -0.969582 -0.958275 0.1477 -0.244733 91.9612 14.0344 81.0258 0.467279 0.59776 0.51483 -0.399104 0
-0.432034 -0.393871 1.69741 0.14622 0.989209 0.0092537 0.268404 -0.0306673 -0.962818 -0.952144 0.143267 -0.269992 91.8243 15.5693 81.2694 0.459772 0.601431 0.522758 -0.391936 0
-0.430462 -0.393285 1.69914 0.0115428 0.999875 0.0107961 0.258991 0.00743889 -0.965851 -0.965811 0.0139448 -0.258873 89.5587 15.0102 89.3153 0.435921 0.561911 0.560082 -0.424896 0
-0.43193 -0.393569 1.69707 -0.0189723 0.999596 0.0211603 0.259954 0.025368 -0.965288 -0.965435 -0.012813 -0.260331 88.4946 15.0673 91.1258 0.431875 0.55136 0.571111 -0.428157 0
-0.432656 -0.393873 1.69696 -0.0418414 0.998941 0.0191223 0.271651 0.0297922 -0.961935 -0.961486 -0.0350541 -0.27261 88.226 15.7625 92.4918 0.422889 0.547945 0.579708 -0.429953 0
-0.434749 -0.393995 1.69621 -0.0587319 0.997786 0.0311964 0.273868 0.046156 -0.960659 -0.959972 -0.0478777 -0.275972 87.2493 15.8945 93.501 0.421738 0.541083 0.58755 -0.429128 0
-0.434482 -0.394009 1.69654 -0.0523683 0.998152 0.0308195 0.271465 0.0439286 -0.961445 -0.961022 -0.0419829 -0.273264 87.384 15.7515 93.1191 0.423762 0.542441 0.585141 -0.428712 0
-0.434652 -0.393892 1.69618 -0.0717277 0.997247 0.0187864 0.269425 0.0375064 -0.962291 -0.960346 -0.0639614 -0.271373 87.768 15.63 94.2715 0.416655 0.539013 0.587496 -0.436706 0
-0.435344 -0.393098 1.69748 0.00556082 0.999524 0.0303423 0.237728 0.0281515 -0.970924 -0.971316 0.0126124 -0.237458 88.3392 13.7525 89.672 0.446165 0.551105 0.56126 -0.426857 0
-0.433179 -0.392179 1.6962 -0.0470855 0.99866 0.0214652 0.231094 0.0317968 -0.972412 -0.971791 -0.040826 -0.232281 88.1272 13.3615 92.7739 0.433714 0.536982 0.57253 -0.442438 0
-0.431841 -0.392881 1.69643 -0.0450643 0.998911 0.0120735 0.249236 0.0229458 -0.968171 -0.967394 -0.0406208 -0.249999 88.6423 14.4323 92.6671 0.42658 0.543596 0.574023 -0.439352 0
-0.433387 -0.393454 1.69735 -0.0292933 0.999487 0.0129594 0.259099 0.0201143 -0.965641 -0.965406 -0.024929 -0.259556 88.8067 15.0166 91.738 0.42757 0.550034 0.57205 -0.432904 0
-0.434278 -0.393705 1.69755 -0.00775144 0.999823 0.0171599 0.263724 0.0185968 -0.964419 -0.964567 -0.00295017 -0.263821 88.8953 15.2911 90.4604 0.432153 0.556209 0.567928 -0.425833 0
-0.433174 -0.393816 1.69676 -0.0148918 0.9998 0.0133416 0.273396 0.016906 -0.961753 -0.961786 -0.0106747 -0.273593 88.9929 15.8665 90.8871 0.426738 0.557179 0.571269 -0.425556 0
-0.433811 -0.393203 1.69681 0.00467788 0.99994 0.00986303 0.256564 0.00833286 -0.966491 -0.966516 0.00705163 -0.256509 89.506 14.8663 89.7227 0.434885 0.559655 0.561285 -0.427341 0
-0.431885 -0.392682 1.69776 -0.0223736 0.999744 0.00350071 0.237867 0.00872429 -0.971259 -0.97104 -0.0208979 -0.238001 89.4854 13.7607 91.3199 0.432536 0.549296 0.563272 -0.440354 0
-0.431758 -0.39263 1.69703 0.0553767 0.998435 0.00779063 0.228211 -0.00506055 -0.973599 -0.972036 0.0556926 -0.228134 90.2978 13.1918 86.7394 0.453371 0.567576 0.5403 -0.42472 0
-0.43366 -0.39269 1.69685 0.130011 0.990993 0.0321059 0.241034 -0.000179517 -0.970517 -0.961769 0.133917 -0.238886 90.0106 13.9476 82.3014 0.47195 0.585038 0.526473 -0.397266 0
-0.43173 -0.392261 1.69772 0.0373545 0.999257 -0.00951662 0.222475 -0.0176001 -0.97478 -0.974223 0.0342952 -0.222967 91.0344 12.8544 87.8042 0.446315 0.565226 0.540373 -0.435109 0
-0.430994 -0.392373 1.69912 0.0573386 0.998352 -0.0024341 0.221568 -0.0151026 -0.975028 -0.973458 0.0553674 -0.222069 90.8874 12.8011 86.6291 0.452815 0.568883 0.536103 -0.428863 0
-0.430246 -0.393063 1.69819 0.0266326 0.999585 0.0110119 0.241819 0.00424644 -0.970312 -0.969956 0.0285048 -0.241605 89.7493 13.9939 88.4272 0.444205 0.562137 0.552091 -0.426473 0
-0.431826 -0.393652 1.69728 -0.0104405 0.999845 0.0141957 0.265017 0.0164556 -0.964103 -0.964187 -0.00630364 -0.265147 89.0222 15.3679 90.6204 0.430368 0.556384 0.56834 -0.42686 0
-0.433514 -0.393833 1.69703 -0.0020735 0.999949 0.00992046 0.277053 0.0101066 -0.960802 -0.960853 0.000756271 -0.277059 89.3973 16.0844 90.1236 0.427485 0.562334 0.567723 -0.422761 0
-0.433466 -0.39349 1.69658 -0.0280564 0.999275 0.0257326 0.270611 0.0323743 -0.962144 -0.96228 -0.0200308 -0.271323 88.0728 15.7006 91.6701 0.428076 0.550203 0.577008 -0.425546 0
-0.433421 -0.392271 1.69633 -0.108894 0.993937 0.015177 0.231691 0.040225 -0.971957 -0.966675 -0.102324 -0.234667 87.6301 13.3966 96.4272 0.417332 0.520948 0.588172 -0.456619 0
-0.432489 -0.393333 1.69781 -0.0411408 0.999097 0.0106262 0.244541 0.0203803 -0.969425 -0.968766 -0.0372844 -0.245159 88.7956 14.1547 92.4317 0.428392 0.543976 0.571551 -0.440341 0
-0.432291 -0.393177 1.69842 0.0101181 0.999916 0.00813459 0.24453 0.00541379 -0.969627 -0.969589 0.0117999 -0.244454 89.6801 14.154 89.4021 0.439055 0.558829 0.55672 -0.43012 0
-0.431835 -0.39261 1.69797 0.0397469 0.99921 0.000662117 0.235532 -0.00872509 -0.971828 -0.971054 0.0387831 -0.235692 90.5144 13.623 87.6561 0.445906 0.566605 0.544798 -0.428161 0
-0.431114 -0.392062 1.69727 0.11313 0.993557 -0.00686211 0.222624 -0.0320783 -0.974377 -0.968318 0.108703 -0.224818 91.8856 12.8632 83.3363 0.462664 0.585241 0.519522 -0.416572 0
-0.43106 -0.392275 1.69675 0.110918 0.993828 -0.00193516 0.242095 -0.0289078 -0.969822 -0.963892 0.107102 -0.243807 91.7073 14.0102 83.4357 0.457767 0.58814 0.525352 -0.410543 0
-0.431792 -0.392765 1.69789 0.13259 0.991017 0.0174943 0.240103 -0.0149893 -0.970632 -0.96165 0.132896 -0.239934 90.8847 13.8926 82.1497 0.468419 0.588964 0.522579 -0.40077 0
-0.429528 -0.393153 1.69655 0.00310678 0.99988 0.0151802 0.25402 0.0138933 -0.967099 -0.967194 0.00686065 -0.253946 89.1769 14.7155 89.816 0.436765 0.557485 0.562302 -0.426923 0
-0.431972 -0.394331 1.69762 -0.0406779 0.998839 0.0258195 0.267672 0.0357901 -0.962845 -0.962651 -0.0322553 -0.268817 87.8712 15.5258 92.4197 0.426115 0.545974 0.579932 -0.428973 0
-0.432416 -0.394744 1.69761 -0.0876196 0.995635 0.0321412 0.284843 0.0559592 -0.956939 -0.954561 -0.0746915 -0.288503 86.6533 16.5494 95.2445 0.412261 0.535006 0.598348 -0.431033 0
-0.43105 -0.39315 1.69716 -0.129086 0.991561 0.0119507 0.258029 0.045223 -0.965078 -0.957475 -0.121495 -0.26169 87.3171 14.9532 97.6783 0.40449 0.521388 0.599166 -0.453369 0
-0.435903 -0.394855 1.69728 -0.0782821 0.996544 0.0278 0.286249 0.0491798 -0.956892 -0.954952 -0.0669498 -0.28911 87.0579 16.6335 94.6863 0.412852 0.538899 0.595099 -0.430114 0
-0.435211 -0.393895 1.69588 -0.0814752 0.996317 0.0267419 0.275501 0.048299 -0.960087 -0.957842 -0.0708558 -0.278421 87.1201 15.9919 94.8619 0.41485 0.535875 0.593337 -0.434383 0
-0.434643 -0.393545 1.69656 -0.0942496 0.995526 0.00672336 0.262418 0.0313574 -0.964445 -0.960341 -0.0891342 -0.264199 88.1378 15.2136 95.6052 0.410155 0.533524 0.58945 -0.446848 0
-0.436269 -0.394127 1.69494 -0.119905 0.992753 0.00802856 0.281429 0.0417439 -0.958674 -0.952061 -0.11269 -0.284395 87.5067 16.3455 97.1782 0.399201 0.529799 0.601258 -0.445468 0
-0.434747 -0.393447 1.69567 -0.147737 0.989025 -0.00193587 0.276187 0.0393762 -0.960297 -0.949681 -0.142406 -0.278973 87.6519 16.0328 98.8423 0.391365 0.52246 0.60541 -0.455354 0
-0.43552 -0.39188 1.69478 -0.114186 0.993455 -0.00294228 0.242785 0.0250333 -0.969757 -0.963336 -0.111447 -0.244054 88.5213 14.051 96.7599 0.408287 0.525556 0.588063 -0.459646 0
-0.434699 -0.393237 1.69647 -0.229966 0.97308 0.0151806 0.245944 0.0732016 -0.966516 -0.941609 -0.218533 -0.256157 85.6688 14.2376 103.725 0.383105 0.488106 0.624365 -0.474502 0
-0.435529 -0.393592 1.69549 -0.244139 0.969497 0.0217421 0.274156 0.0905092 -0.957417 -0.93018 -0.227782 -0.28789 84.5996 15.9117 104.706 0.373658 0.488171 0.636894 -0.465226 0
-0.437009 -0.395083 1.69401 -0.264722 0.96367 0.0355357 0.294367 0.115845 -0.948645 -0.918297 -0.240667 -0.31434 83.0377 17.1196 106.081 0.366327 0.483159 0.650943 -0.456765 0
-0.436648 -0.395601 1.69415 -0.276221 0.960502 0.0337482 0.302693 0.120268 -0.945469 -0.912184 -0.250943 -0.323958 82.7506 17.6194 106.847 0.360586 0.481526 0.655829 -0.456069 0
-0.43682 -0.395026 1.69507 -0.2955 0.953866 0.0530925 0.279001 0.139317 -0.950131 -0.913695 -0.265951 -0.307298 81.6582 16.2006 107.922 0.366237 0.467034 0.659946 -0.460675 0
-0.43692 -0.394925 1.69565 -0.287791 0.956316 0.0513445 0.264128 0.130791 -0.955578 -0.92055 -0.261446 -0.29023 82.2063 15.3152 107.361 0.371742 0.466811 0.653608 -0.465502 0
-0.435548 -0.395052 1.69493 -0.301493 0.95297 0.0308203 0.284143 0.120657 -0.95116 -0.910145 -0.27801 -0.307157 82.7705 16.5077 108.328 0.357773 0.470374 0.657515 -0.467354 0
-0.435254 -0.393622 1.69694 -0.359263 0.933236 -0.000793831 0.244499 0.0933025 -0.96515 -0.900639 -0.346937 -0.261695 84.4783 14.1522 111.747 0.343637 0.449758 0.654649 -0.501065 0
-0.434323 -0.392542 1.69547 -0.406271 0.91375 -0.00219007 0.227583 0.0988659 -0.968727 -0.884958 -0.394064 -0.24812 84.1727 13.1548 114.659 0.333345 0.430982 0.662053 -0.514608 0
-0.434968 -0.392983 1.69546 -0.41612 0.909308 0.00206157 0.235858 0.110123 -0.965528 -0.878189 -0.401289 -0.260292 83.4933 13.6422 115.353 0.329284 0.428383 0.668307 -0.511299 0
-0.435693 -0.393408 1.69532 -0.420454 0.90708 0.0206096 0.234537 0.130601 -0.963294 -0.876476 -0.400187 -0.267655 82.2791 13.5643 115.627 0.3326 0.423261 0.674298 -0.505519 0
-0.435948 -0.394239 1.69661 -0.431726 0.901442 0.0318499 0.245015 0.15118 -0.95766 -0.86809 -0.405643 -0.286135 81.0291 14.1827 116.442 0.329135 0.419294 0.683564 -0.498601 0
-0.435369 -0.394123 1.69623 -0.445728 0.894857 0.0236069 0.24595 0.147779 -0.957951 -0.860718 -0.42118 -0.285959 81.2304 14.238 117.378 0.322526 0.416069 0.685468 -0.502988 0
-0.434546 -0.394024 1.69581 -0.483309 0.875238 0.0192654 0.24922 0.158649 -0.955364 -0.839227 -0.456934 -0.294804 80.5714 14.4314 119.938 0.308438 0.403994 0.695838 -0.507409 0
-0.435361 -0.394172 1.69487 -0.503224 0.863736 0.0269378 0.237554 0.168239 -0.956694 -0.830863 -0.475032 -0.289846 80.0262 13.7422 121.202 0.306255 0.393187 0.700234 -0.51116 0
-0.435237 -0.394436 1.69507 -0.564672 0.824391 0.0390582 0.217442 0.194257 -0.956548 -0.796157 -0.531642 -0.288948 78.5204 12.5588 125.346 0.291821 0.364012 0.71552 -0.519968 0
-0.436154 -0.394186 1.69499 -0.60484 0.79544 0.0379832 0.208167 0.203965 -0.95659 -0.768658 -0.570678 -0.28895 77.9636 12.0149 128.198 0.278466 0.346462 0.724182 -0.527239 0
-0.435426 -0.392659 1.69473 -0.612764 0.789562 0.0333484 0.177255 0.178444 -0.967852 -0.77013 -0.587154 -0.249298 79.5537 10.2099 128.508 0.281239 0.338412 0.714231 -0.544294 0
-0.435423 -0.393395 1.69491 -0.679636 0.733388 0.0153707 0.193 0.198991 -0.960809 -0.707705 -0.650034 -0.276785 78.299 11.1279 133.841 0.246257 0.315499 0.734066 -0.548603 0
-0.436951 -0.392815 1.69342 -0.703987 0.710057 0.0148638 0.189265 0.207736 -0.9597 -0.68453 -0.672803 -0.280632 77.7862 10.9099 135.803 0.236176 0.303689 0.74033 -0.551276 0
-0.436644 -0.393384 1.6944 -0.660838 0.749887 0.0310218 0.180367 0.198799 -0.9633 -0.728534 -0.63099 -0.266628 78.3394 10.3911 132.211 0.260448 0.31898 0.729086 -0.546674 0
-0.435467 -0.393573 1.69506 -0.635361 0.771685 0.0286128 0.187353 0.18999 -0.963744 -0.749143 -0.606965 -0.26529 78.8479 10.7984 130.302 0.268951 0.331639 0.722953 -0.543158 0
-0.435933 -0.392228 1.6941 -0.592508 0.8053 0.0206606 0.183229 0.159699 -0.970012 -0.78445 -0.570954 -0.242178 80.6509 10.5579 127.064 0.28505 0.349989 0.706114 -0.54558 0
-0.436388 -0.392215 1.69348 -0.566326 0.824029 0.0158149 0.192695 0.151041 -0.969564 -0.801338 -0.546042 -0.244325 81.1455 11.1101 125.25 0.291715 0.362959 0.700302 -0.541055 0
-0.436261 -0.392166 1.6946 -0.528131 0.848856 0.0228229 0.193166 0.146267 -0.970203 -0.8269 -0.507986 -0.241218 81.4267 11.1376 122.566 0.306968 0.376437 0.692029 -0.534005 0
-0.436493 -0.392718 1.69446 -0.495139 0.86854 0.0218155 0.198339 0.137445 -0.970449 -0.845872 -0.47618 -0.24032 81.9388 11.4399 120.343 0.317012 0.389787 0.68427 -0.52853 0
-0.436344 -0.393913 1.69354 -0.4302 0.900598 0.0620615 0.219771 0.171164 -0.960418 -0.875574 -0.399533 -0.27156 79.8949 12.6956 116.166 0.342566 0.409327 0.684274 -0.496859 0
-0.436708 -0.394396 1.69423 -0.40716 0.911574 0.0570371 0.241547 0.167692 -0.95579 -0.880838 -0.375382 -0.288466 80.0488 13.9779 114.808 0.343536 0.422378 0.682517 -0.487597 0
-0.436349 -0.393584 1.69488 -0.39925 0.9163 0.0315273 0.232763 0.13456 -0.96318 -0.886804 -0.377211 -0.267004 82.047 13.4598 114.238 0.342164 0.428134 0.670972 -0.499421 0
-0.435589 -0.394005 1.6941 -0.390643 0.920253 0.0230734 0.254589 0.132091 -0.957986 -0.884637 -0.368356 -0.285887 82.1493 14.7492 113.826 0.337477 0.436793 0.672425 -0.493119 0
-0.436126 -0.392934 1.69379 -0.435849 0.899796 0.0200906 0.231334 0.133572 -0.963661 -0.869782 -0.415363 -0.266371 82.1086 13.3756 116.615 0.328387 0.417418 0.677457 -0.508897 0
-0.435287 -0.392402 1.69485 -0.447488 0.894287 0.0020427 0.223787 0.114191 -0.967926 -0.865837 -0.432678 -0.251229 83.2716 12.9316 117.331 0.322286 0.415196 0.673221 -0.520113 0
-0.437969 -0.392107 1.69376 -0.407123 0.913373 0.000588033 0.213225 0.095668 -0.972308 -0.888136 -0.395723 -0.233703 84.3806 12.3114 114.627 0.33721 0.427467 0.65888 -0.519074 0
-0.437415 -0.391442 1.69381 -0.445734 0.895155 0.00425851 0.185948 0.0972426 -0.977736 -0.875639 -0.435018 -0.209797 84.3202 10.7164 116.978 0.332307 0.408295 0.661962 -0.533548 0
-0.436526 -0.391815 1.69406 -0.483562 0.875016 0.0226909 0.179094 0.124281 -0.975951 -0.856792 -0.467869 -0.216808 82.7428 10.317 119.44 0.325543 0.390181 0.675398 -0.534433 0
-0.436548 -0.392059 1.6934 -0.502962 0.864106 0.0187165 0.197944 0.136241 -0.970699 -0.841337 -0.48452 -0.239568 82.0106 11.4167 120.872 0.313732 0.387416 0.685341 -0.530837 0
-0.434828 -0.393105 1.69412 -0.533698 0.845669 0.00314897 0.219091 0.141862 -0.965336 -0.816802 -0.514508 -0.26099 81.6399 12.6556 123.161 0.294607 0.382567 0.6958 -0.531706 0
-0.436645 -0.393297 1.69321 -0.496151 0.867203 0.042355 0.215107 0.170038 -0.961674 -0.841168 -0.468024 -0.270906 79.9729 12.4218 120.534 0.317404 0.388818 0.695898 -0.513616 0
-0.435456 -0.393172 1.69312 -0.514544 0.856858 0.0322413 0.215256 0.165476 -0.962436 -0.830006 -0.488275 -0.269589 80.2443 12.4306 121.796 0.308765 0.383917 0.698142 -0.51949 0
-0.436966 -0.393454 1.69361 -0.498344 0.866283 0.0347388 0.224682 0.167744 -0.959885 -0.83736 -0.470548 -0.278232 80.0874 12.9842 120.758 0.312717 0.391198 0.697194 -0.512925 0
-0.435427 -0.393884 1.69442 -0.498899 0.865628 0.0422695 0.214014 0.170315 -0.961868 -0.83982 -0.470829 -0.270227 79.9589 12.3577 120.713 0.316697 0.387625 0.696319 -0.514383 0
-0.43618 -0.393957 1.69392 -0.488837 0.871519 0.0386341 0.227297 0.169998 -0.958873 -0.842244 -0.459951 -0.281195 79.9465 13.138 120.131 0.316214 0.394449 0.696425 -0.509324 0
-0.436622 -0.393361 1.69444 -0.469573 0.882377 0.0302001 0.223827 0.152062 -0.962693 -0.854051 -0.445295 -0.268904 81.024 12.9339 118.803 0.321553 0.402265 0.687484 -0.512008 0
-0.437732 -0.392234 1.69337 -0.430069 0.902785 0.00449195 0.230366 0.11455 -0.966338 -0.87291 -0.414557 -0.257235 83.2397 13.3186 116.229 0.32682 0.422083 0.671166 -0.514365 0
-0.43647 -0.393244 1.69376 -0.383915 0.923188 0.0182367 0.240534 0.119058 -0.963311 -0.891489 -0.365443 -0.267766 82.9544 13.9181 113.299 0.341824 0.437262 0.665346 -0.499272 0
-0.434871 -0.393087 1.69338 -0.350881 0.936341 0.0121691 0.257657 0.109031 -0.960065 -0.900275 -0.333733 -0.279512 83.5209 14.9311 111.293 0.345918 0.452659 0.659436 -0.490494 0
-0.436856 -0.393206 1.69178 -0.335913 0.941387 0.0308756 0.258087 0.123519 -0.958193 -0.905844 -0.313901 -0.284451 82.6546 14.9566 110.346 0.354667 0.454153 0.660281 -0.481649 0
-0.437101 -0.393443 1.69293 -0.358632 0.932798 0.0356602 0.244412 0.130701 -0.960823 -0.900914 -0.335866 -0.27486 82.2536 14.1471 111.706 0.352565 0.44315 0.664115 -0.488127 0
-0.435356 -0.393355 1.69415 -0.279973 0.959577 0.0287502 0.25451 0.103067 -0.961562 -0.925656 -0.261894 -0.273078 83.882 14.7445 106.828 0.370815 0.471709 0.643451 -0.475349 0
-0.435982 -0.393677 1.69284 -0.304289 0.952056 0.0315937 0.2723 0.118717 -0.954861 -0.912831 -0.281951 -0.29537 82.9128 15.8012 108.436 0.360229 0.467002 0.655434 -0.471753 0
-0.436125 -0.393814 1.69267 -0.312191 0.949273 0.0376612 0.260988 0.123815 -0.957369 -0.913467 -0.289053 -0.286403 82.631 15.1287 108.869 0.362361 0.461085 0.656203 -0.474861 0
-0.435946 -0.392525 1.69299 -0.339252 0.940284 0.0278433 0.230703 0.111859 -0.966573 -0.911967 -0.321488 -0.254874 83.3987 13.3384 110.405 0.359768 0.448264 0.653067 -0.493082 0
-0.435827 -0.392242 1.69504 -0.376887 0.926161 0.0135197 0.226174 0.106173 -0.968283 -0.898221 -0.361876 -0.249488 83.7425 13.0719 112.763 0.346337 0.43773 0.658131 -0.505279 0
-0.437308 -0.392445 1.69491 -0.361836 0.931894 0.0254455 0.210156 0.108131 -0.97167 -0.908245 -0.346238 -0.234969 83.65 12.1315 111.722 0.357535 0.437322 0.652866 -0.504662 0
-0.43621 -0.393135 1.69458 -0.333313 0.942329 0.0303075 0.226502 0.111238 -0.967638 -0.915204 -0.315662 -0.250517 83.4422 13.0912 110.011 0.363114 0.448878 0.650974 -0.492838 0
-0.437768 -0.393224 1.69369 -0.365278 0.930488 0.0276529 0.249813 0.126598 -0.959983 -0.896753 -0.343753 -0.278691 82.4875 14.4664 112.163 0.347357 0.443513 0.665313 -0.489895 0
-0.437475 -0.392395 1.69283 -0.425203 0.904559 0.0312422 0.220195 0.136864 -0.965807 -0.877905 -0.403784 -0.257374 81.9344 12.7205 115.843 0.337004 0.416926 0.674433 -0.507682 0
-0.436874 -0.394366 1.69443 -0.430241 0.901589 0.0450539 0.242769 0.163632 -0.956184 -0.869457 -0.400452 -0.289279 80.289 14.05 116.328 0.333209 0.416955 0.68614 -0.4943 0
-0.435674 -0.3934 1.69412 -0.499498 0.865574 0.0358281 0.223658 0.168801 -0.959939 -0.836946 -0.471474 -0.277908 80.0268 12.924 120.829 0.312808 0.390388 0.697533 -0.513027 0
-0.436096 -0.393037 1.6939 -0.562122 0.826748 0.0224922 0.209446 0.16861 -0.963173 -0.800094 -0.53671 -0.267939 80.0706 12.0899 125.091 0.290925 0.366472 0.706872 -0.530465 0
-0.436845 -0.392742 1.6937 -0.645651 0.76342 0.0180285 0.18552 0.179715 -0.966067 -0.740754 -0.620397 -0.257663 79.4619 10.6915 131.076 0.262869 0.328746 0.721635 -0.549607 0
-0.436845 -0.392435 1.69354 -0.6738 0.738603 0.0214249 0.170408 0.18354 -0.968129 -0.718996 -0.648674 -0.249533 79.2652 9.81155 133.141 0.255052 0.313127 0.725754 -0.55694 0
-0.437071 -0.392763 1.69339 -0.681967 0.730979 0.0243173 0.172471 0.19304 -0.965914 -0.710757 -0.654527 -0.25772 78.6982 9.93153 133.816 0.251671 0.309319 0.730193 -0.554799 0
-0.436018 -0.392851 1.69334 -0.685479 0.727655 0.0252399 0.175677 0.198937 -0.964138 -0.706581 -0.656462 -0.264199 78.3414 10.118 134.132 0.249629 0.308133 0.732908 -0.552798 0
-0.436483 -0.393346 1.694 -0.724934 0.688223 0.0286291 0.167152 0.216085 -0.96196 -0.668229 -0.692573 -0.271685 77.3398 9.62227 137.331 0.234236 0.287518 0.743758 -0.55614 0
-0.436687 -0.393614 1.69306 -0.705131 0.707427 0.0483525 0.159892 0.225066 -0.961135 -0.690815 -0.669994 -0.271813 76.8207 9.20062 135.588 0.24906 0.29224 0.741959 -0.549603 0
-0.436543 -0.393244 1.69295 -0.767329 0.640064 0.0390393 0.144534 0.231943 -0.961931 -0.624753 -0.732475 -0.270488 76.4435 8.31032 140.848 0.220299 0.260392 0.753286 -0.562338 0
-0.436221 -0.393189 1.69301 -0.762136 0.646788 0.0285224 0.159087 0.2298 -0.960147 -0.627566 -0.727226 -0.278035 76.5401 9.15392 140.531 0.217732 0.267441 0.753321 -0.559978 0
-0.437179 -0.393048 1.6938 -0.729469 0.683436 0.0280913 0.158148 0.208471 -0.965157 -0.66548 -0.69961 -0.260158 77.8115 9.09944 137.626 0.233904 0.283821 0.741299 -0.561436 0
-0.436084 -0.392966 1.69209 -0.668432 0.743089 0.0318986 0.182528 0.205464 -0.961493 -0.721029 -0.63687 -0.272973 77.9378 10.517 132.832 0.256933 0.315863 0.73261 -0.545434 0
-0.436314 -0.393462 1.69205 -0.595983 0.802042 0.0391614 0.205536 0.199512 -0.958097 -0.776247 -0.56296 -0.283754 78.237 11.8609 127.516 0.282743 0.349378 0.72098 -0.527427 0
-0.436999 -0.393586 1.69306 -0.557812 0.829123 0.0374208 0.211419 0.185548 -0.959622 -0.802588 -0.527377 -0.278794 79.0566 12.2055 124.8 0.295357 0.365867 0.711012 -0.522846 0
-0.437423 -0.393192 1.69345 -0.55607 0.830565 0.0307884 0.210765 0.176748 -0.961425 -0.803968 -0.528131 -0.273338 79.5831 12.1672 124.67 0.294678 0.3676 0.708194 -0.525829 0
-0.436087 -0.393934 1.69396 -0.528064 0.848268 0.0398687 0.219622 0.181769 -0.958502 -0.820314 -0.497394 -0.282284 79.262 12.6868 122.771 0.304722 0.378303 0.705712 -0.515755 0
-0.435826 -0.393948 1.69338 -0.517861 0.85422 0.0461248 0.222464 0.186537 -0.956929 -0.826032 -0.485295 -0.286634 78.9695 12.8538 122.085 0.309048 0.381522 0.70552 -0.51105 0
-0.436507 -0.393326 1.69333 -0.487036 0.872687 0.0348284 0.225853 0.164366 -0.960195 -0.843674 -0.459783 -0.277152 80.2862 13.0531 119.997 0.316299 0.395522 0.694362 -0.511253 0
-0.43663 -0.393527 1.69461 -0.463311 0.885472 0.0358253 0.22529 0.156785 -0.961594 -0.857081 -0.437446 -0.272128 80.7396 13.0199 118.394 0.324556 0.403743 0.68779 -0.508527 0
-0.436924 -0.392294 1.69406 -0.347223 0.937456 0.0247305 0.226145 0.109296 -0.967942 -0.910107 -0.330499 -0.249952 83.5577 13.0702 110.883 0.357813 0.445374 0.65316 -0.496985 0
-0.436556 -0.392379 1.69412 -0.299004 0.954076 0.0183129 0.221515 0.0880629 -0.971173 -0.928185 -0.286327 -0.237673 84.8188 12.798 107.856 0.371277 0.461142 0.637326 -0.493272 0
-0.435897 -0.392483 1.69433 -0.293034 0.955967 0.0160988 0.227603 0.0861015 -0.96994 -0.928616 -0.280561 -0.242811 84.9272 13.156 107.514 0.370896 0.464671 0.636778 -0.490948 0
-0.43675 -0.39331 1.69374 -0.246448 0.968751 0.0280336 0.256224 0.0930247 -0.962131 -0.934673 -0.229932 -0.271143 84.4775 14.8461 104.771 0.379287 0.482615 0.63455 -0.469649 0
-0.436932 -0.393842 1.69473 -0.288482 0.956818 0.0357442 0.257441 0.113467 -0.959609 -0.922227 -0.267627 -0.279058 83.2565 14.9183 107.37 0.369435 0.46827 0.648268 -0.473275 0
-0.437604 -0.393017 1.69407 -0.263897 0.96455 0.00135653 0.276959 0.0771218 -0.957782 -0.923933 -0.25238 -0.287493 85.3964 16.0788 105.941 0.362537 0.486435 0.638066 -0.474152 0
-0.437005 -0.393425 1.69442 -0.1915 0.981269 0.0209562 0.277636 0.0746369 -0.957783 -0.941406 -0.177598 -0.286728 85.5441 16.1191 101.498 0.386137 0.505122 0.62307 -0.455559 0
-0.435206 -0.393935 1.69376 -0.150233 0.987981 0.0363762 0.28448 0.0784374 -0.955468 -0.946837 -0.133195 -0.292845 85.3069 16.5278 99.0159 0.398547 0.515794 0.616749 -0.441291 0
-0.436585 -0.393295 1.69387 -0.312946 0.949374 0.0274471 0.246171 0.10899 -0.963079 -0.917314 -0.294635 -0.267816 83.5434 14.251 108.837 0.363396 0.459859 0.649952 -0.483772 0
-0.436468 -0.393447 1.69367 -0.294431 0.955095 0.0332268 0.254367 0.111834 -0.96062 -0.921199 -0.274385 -0.275872 83.3596 