-0.335197 -0.387543 1.45877 0.820813 0.570203 0.0336835 0.201883 -0.234438 -0.950937 -0.534331 0.787342 -0.307544 103.849 11.6471 33.0632 0.565427 0.768569 0.251144 -0.16285 0
-0.332994 -0.387568 1.46117 0.815458 0.577479 0.0393251 0.188465 -0.200665 -0.961361 -0.547274 0.791361 -0.272468 101.79 10.8632 33.8665 0.579294 0.756405 0.253153 -0.167883 0
-0.318714 -0.389069 1.46738 0.819749 0.57131 0.0402046 0.181317 -0.192293 -0.964442 -0.543264 0.79789 -0.26122 101.276 10.4465 33.5333 0.58443 0.753867 0.249589 -0.166826 0
-0.310581 -0.390089 1.47274 0.820631 0.570295 0.0364544 0.170058 -0.182809 -0.968329 -0.545569 0.80084 -0.247001 100.691 9.79118 33.6166 0.589665 0.750073 0.24676 -0.169688 0
-0.316478 -0.391044 1.47783 0.830722 0.555936 0.0289145 0.158161 -0.185898 -0.969756 -0.533747 0.810171 -0.242357 100.852 9.10016 32.7212 0.592129 0.751495 0.237559 -0.167943 0
-0.318421 -0.392165 1.48087 0.840992 0.540526 0.023747 0.152226 -0.19427 -0.969065 -0.519192 0.81859 -0.245661 101.336 8.75593 31.6894 0.591832 0.755136 0.229347 -0.164025 0
-0.319927 -0.393079 1.48615 0.850241 0.525923 0.0222331 0.143672 -0.191223 -0.970975 -0.506407 0.828757 -0.238146 101.141 8.26041 30.7782 0.596002 0.754919 0.221744 -0.16034 0
-0.320907 -0.381137 1.48253 0.885284 0.464975 0.0083935 0.118733 -0.208536 -0.970781 -0.449638 0.860413 -0.239822 102.124 6.81899 26.9262 0.599359 0.763813 0.191051 -0.144422 0
-0.320034 -0.362317 1.47449 0.914398 0.404583 0.0137223 0.106045 -0.206682 -0.972644 -0.390679 0.890839 -0.231893 101.997 6.08735 23.1347 0.607417 0.76697 0.166443 -0.122872 0
-0.319478 -0.360364 1.47434 0.919175 0.392897 0.0273534 0.109958 -0.189313 -0.975741 -0.378187 0.899885 -0.217214 100.98 6.31288 22.3643 0.614949 0.762513 0.164868 -0.115026 0
-0.315162 -0.361098 1.47768 0.916209 0.399288 0.0336189 0.10515 -0.158619 -0.981725 -0.386658 0.903 -0.187313 99.1781 6.03579 22.8807 0.626553 0.752021 0.167694 -0.117364 0
-0.31093 -0.361234 1.48092 0.903617 0.427001 0.0338596 0.111035 -0.157158 -0.981312 -0.413699 0.89049 -0.189423 99.0987 6.37501 24.5995 0.623906 0.750033 0.179337 -0.126608 0
-0.310944 -0.36185 1.4825 0.898226 0.438775 0.0258193 0.115635 -0.179229 -0.976988 -0.424051 0.880541 -0.211726 100.395 6.64026 25.2719 0.613855 0.756502 0.183215 -0.131603 0
-0.311431 -0.362617 1.48498 0.900278 0.434601 0.0249362 0.119343 -0.191319 -0.974245 -0.418637 0.880068 -0.224107 101.11 6.85416 24.9388 0.609272 0.760872 0.182009 -0.129358 0
-0.312717 -0.363948 1.48994 0.89541 0.444522 0.0253047 0.125395 -0.197237 -0.972303 -0.427219 0.873783 -0.232349 101.467 7.20359 25.5068 0.605356 0.762397 0.186883 -0.131793 0
-0.313888 -0.365782 1.49611 0.897661 0.439769 0.0284461 0.129182 -0.200876 -0.971062 -0.421328 0.875359 -0.237128 101.687 7.42233 25.1436 0.604081 0.764144 0.18614 -0.128537 0
-0.315869 -0.367957 1.50487 0.893705 0.447635 0.0302519 0.133111 -0.200156 -0.97068 -0.428455 0.871528 -0.238465 101.651 7.64938 25.6137 0.603134 0.763598 0.190135 -0.130371 0
-0.317685 -0.37043 1.51271 0.902772 0.42951 0.0229036 0.120242 -0.20089 -0.972206 -0.412971 0.880434 -0.233003 101.675 6.90608 24.5817 0.605987 0.764307 0.17982 -0.127589 0
-0.319127 -0.371396 1.51856 0.904164 0.426809 0.0179217 0.11572 -0.204328 -0.972039 -0.411213 0.880956 -0.234136 101.871 6.64514 24.456 0.60533 0.765282 0.177232 -0.128479 0
-0.320456 -0.373018 1.52662 0.914032 0.405422 0.0133333 0.104819 -0.204307 -0.973279 -0.391865 0.891006 -0.229239 101.855 6.01673 23.2058 0.608376 0.766091 0.166508 -0.123527 0
-0.325852 -0.376173 1.54369 0.917356 0.395343 0.0464889 0.133468 -0.195449 -0.971589 -0.375025 0.897499 -0.232062 101.374 7.67003 22.2352 0.610296 0.765648 0.172668 -0.107274 0
-0.333439 -0.378316 1.56094 0.874034 0.482498 0.0570927 0.170348 -0.194271 -0.966044 -0.455023 0.854081 -0.251992 101.371 9.80803 27.5015 0.597447 0.761626 0.214293 -0.130619 0
-0.336049 -0.380633 1.57193 0.900334 0.432138 0.0515286 0.142025 -0.179832 -0.973391 -0.411372 0.883695 -0.223283 100.467 8.16503 24.5562 0.611804 0.758856 0.189154 -0.118548 0
-0.337722 -0.381247 1.58246 0.910307 0.413025 0.0274231 0.10911 -0.175517 -0.978411 -0.399295 0.893647 -0.204839 100.17 6.26403 23.6841 0.618456 0.756747 0.172493 -0.122852 0
-0.339388 -0.382971 1.58963 0.915279 0.402484 0.0164433 0.101981 -0.192035 -0.976075 -0.389697 0.895058 -0.216812 101.13 5.85325 23.0628 0.613684 0.762254 0.165452 -0.122418 0
-0.342027 -0.385736 1.60117 0.930559 0.365428 0.0228395 0.100874 -0.195909 -0.97542 -0.351972 0.90999 -0.219167 101.357 5.78949 20.7185 0.615525 0.765773 0.152232 -0.107451 0
-0.344233 -0.388623 1.61213 0.939322 0.341686 0.0304162 0.105238 -0.20264 -0.973582 -0.326496 0.917708 -0.226303 101.758 6.04087 19.1668 0.614487 0.769458 0.145207 -0.0961974 0
-0.346934 -0.392058 1.6259 0.949933 0.311041 0.0296761 0.0970675 -0.203496 -0.974252 -0.296993 0.928355 -0.2235 101.798 5.57033 17.3617 0.617037 0.770865 0.132354 -0.0866939 0
-0.348504 -0.393821 1.63363 0.954375 0.297175 0.0292541 0.0948331 -0.208737 -0.973363 -0.283153 0.931727 -0.227395 102.104 5.44172 16.5251 0.616085 0.773063 0.126771 -0.0821081 0
-0.350718 -0.396367 1.64244 0.961269 0.273906 0.0306135 0.0915677 -0.212625 -0.972834 -0.259956 0.937958 -0.229471 102.329 5.2538 15.1325 0.616274 0.775139 0.117874 -0.0739682 0
-0.352493 -0.398355 1.65052 0.966828 0.25347 0.0315594 0.0871446 -0.211185 -0.973554 -0.240102 0.944009 -0.226268 102.239 4.99936 13.9467 0.61834 0.775287 0.109835 -0.0672468 0
-0.354742 -0.400707 1.66066 0.965524 0.258257 0.032665 0.0896504 -0.212084 -0.973131 -0.24439 0.942509 -0.227925 102.295 5.14349 14.2042 0.617558 0.775489 0.112157 -0.0682553 0
-0.356484 -0.403255 1.66996 0.969969 0.241169 0.0315761 0.0866744 -0.221426 -0.971318 -0.22726 0.944885 -0.23568 102.842 4.97232 13.1863 0.614993 0.778954 0.105219 -0.0628033 0
-0.366227 -0.411731 1.70539 0.892802 0.440326 0.0949572 0.185769 -0.167881 -0.968146 -0.410359 0.882003 -0.231683 99.8375 10.706 24.6849 0.610991 0.757028 0.206761 -0.104158 0
-0.377231 -0.416652 1.72518 0.850915 0.5091 0.129459 0.214038 -0.110956 -0.970503 -0.479719 0.853525 -0.203381 96.5222 12.3591 29.4129 0.619794 0.73574 0.245718 -0.119016 0
-0.39289 -0.415589 1.73917 0.848382 0.505835 0.156135 0.231387 -0.0890503 -0.968778 -0.476138 0.858022 -0.192592 95.2519 13.3787 29.3025 0.625847 0.72973 0.252567 -0.109631 0
-0.410113 -0.408136 1.75164 0.847795 0.507221 0.154825 0.247004 -0.119322 -0.96164 -0.469289 0.853516 -0.226446 97.0732 14.3003 28.9663 0.612786 0.740534 0.254622 -0.106161 0
-0.431777 -0.413162 1.75112 0.86866 0.466171 0.167672 0.253076 -0.126602 -0.959127 -0.42589 0.875589 -0.227951 97.5194 14.6596 26.1179 0.615245 0.745522 0.241189 -0.0865897 0
-0.445759 -0.410397 1.74715 0.860341 0.484929 0.157024 0.26372 -0.159855 -0.951261 -0.436193 0.85982 -0.265416 99.5392 15.2909 26.885 0.598972 0.755912 0.247598 -0.0923283 0
-0.45111 -0.408366 1.7374 0.835108 0.531075 0.143368 0.275387 -0.17801 -0.944709 -0.47619 0.828416 -0.294908 100.671 15.9851 29.6924 0.583565 0.759609 0.26542 -0.109537 0
-0.451019 -0.407905 1.73393 0.807061 0.582562 0.096298 0.267188 -0.214872 -0.939383 -0.526557 0.78387 -0.329068 102.884 15.497 33.1219 0.561943 0.766649 0.277099 -0.140305 0
-0.44625 -0.40693 1.73399 0.768279 0.637227 0.0607427 0.264935 -0.230161 -0.936395 -0.582715 0.735505 -0.345652 103.809 15.3631 37.1792 0.546 0.765521 0.294623 -0.170463 0
-0.440705 -0.406011 1.73593 0.734942 0.675819 0.0559291 0.251231 -0.194745 -0.948134 -0.629875 0.710875 -0.312913 101.607 14.5504 40.5979 0.553914 0.748766 0.309526 -0.191631 0
-0.440533 -0.404752 1.73612 0.701533 0.710473 0.0554892 0.236797 -0.158959 -0.958467 -0.672145 0.685536 -0.279753 99.4166 13.6976 43.7744 0.561876 0.731479 0.323752 -0.210756 0
-0.441696 -0.403018 1.73533 0.682306 0.730893 0.0159269 0.206643 -0.171917 -0.963194 -0.701254 0.660485 -0.268334 100.12 11.9257 45.7846 0.557238 0.72845 0.321757 -0.235201 0
-0.442099 -0.403009 1.73626 0.655837 0.754871 0.00693442 0.196654 -0.161971 -0.967002 -0.728838 0.635559 -0.254675 99.5087 11.3413 48.0179 0.556595 0.719806 0.33048 -0.250729 0
-0.442028 -0.403039 1.73599 0.634118 0.773192 0.00823156 0.209494 -0.161546 -0.964373 -0.744316 0.613251 -0.264418 99.5095 12.0927 49.5707 0.54958 0.717649 0.342328 -0.256422 0
-0.439913 -0.402095 1.7354 0.589839 0.807512 0.00377301 0.200245 -0.141738 -0.969439 -0.782299 0.572568 -0.245303 98.318 11.5513 52.9844 0.548361 0.703008 0.358374 -0.276856 0
-0.442157 -0.402153 1.73552 0.549981 0.835081 0.0126298 0.210909 -0.12424 -0.969578 -0.808108 0.535914 -0.244455 97.302 12.1756 55.7616 0.543435 0.692581 0.377569 -0.287142 0
-0.438255 -0.402051 1.73419 0.561334 0.827575 -0.0048761 0.208639 -0.147214 -0.966849 -0.800858 0.541708 -0.255301 98.6575 12.0426 54.9728 0.538242 0.700687 0.369714 -0.28748 0
-0.43959 -0.403561 1.73398 0.564964 0.825057 0.00979941 0.247671 -0.158242 -0.955834 -0.787067 0.542439 -0.293743 99.4003 14.3397 54.3289 0.527489 0.710097 0.37767 -0.273649 0
-0.439421 -0.404292 1.73513 0.563886 0.825007 0.0373538 0.264137 -0.137311 -0.954661 -0.782473 0.548186 -0.295343 98.1849 15.3157 54.2218 0.531797 0.706495 0.385404 -0.263668 0
-0.439951 -0.404841 1.73549 0.552968 0.831987 0.0449947 0.27344 -0.130197 -0.953037 -0.787056 0.539302 -0.299493 97.7792 15.8691 54.909 0.529924 0.704034 0.392533 -0.263503 0
-0.440666 -0.404554 1.73528 0.537383 0.842354 0.0407186 0.267838 -0.124687 -0.955362 -0.799676 0.524302 -0.29262 97.4358 15.5357 56.0988 0.529168 0.699051 0.397036 -0.271424 0
-0.440227 -0.4043 1.73498 0.518841 0.854163 0.034782 0.267133 -0.123346 -0.955733 -0.812062 0.505165 -0.292172 97.3539 15.4938 57.4248 0.525196 0.695406 0.403109 -0.279434 0
-0.438913 -0.401678 1.73554 0.511336 0.859286 0.0127647 0.204661 -0.107335 -0.97293 -0.834655 0.500106 -0.230746 96.2955 11.8096 58.5071 0.541585 0.679966 0.391176 -0.302181 0
-0.440113 -0.399744 1.73634 0.541308 0.840773 0.00928155 0.153301 -0.0878332 -0.984268 -0.826731 0.534216 -0.176437 95.0994 8.8183 56.7849 0.565031 0.671859 0.369897 -0.304174 0
-0.440566 -0.399811 1.73674 0.589936 0.807433 0.00526657 0.140624 -0.096317 -0.985367 -0.79511 0.582044 -0.170365 95.5828 8.08395 53.4263 0.575164 0.681289 0.347891 -0.289834 0
-0.441097 -0.399859 1.73533 0.622069 0.782953 0.00383029 0.148323 -0.113039 -0.982457 -0.768785 0.611724 -0.186448 96.5634 8.52976 51.0217 0.575018 0.693101 0.335909 -0.275918 0
-0.441157 -0.401033 1.73544 0.642934 0.765893 0.00665951 0.1701 -0.134303 -0.976232 -0.746795 0.628785 -0.216626 97.8332 9.79361 49.274 0.568332 0.706021 0.331432 -0.26208 0
-0.440091 -0.40206 1.73596 0.660919 0.750396 0.00953617 0.18431 -0.149989 -0.971356 -0.727472 0.643746 -0.237436 98.7778 10.6209 47.7444 0.564246 0.715602 0.326545 -0.250815 0
-0.440796 -0.402022 1.73567 0.69118 0.722664 0.00521484 0.178203 -0.163437 -0.970326 -0.700367 0.671599 -0.241745 99.5609 10.2651 45.3782 0.567009 0.723941 0.311098 -0.240058 0
-0.438989 -0.401636 1.7354 0.695548 0.718447 0.00690122 0.174381 -0.159489 -0.971676 -0.696997 0.677051 -0.236216 99.3213 10.0426 45.0596 0.570053 0.723058 0.308698 -0.238603 0
-0.438792 -0.402209 1.73497 0.698695 0.715339 0.0107634 0.18653 -0.167624 -0.968044 -0.690675 0.678375 -0.25055 99.8238 10.7503 44.6693 0.565801 0.727473 0.309932 -0.233655 0
-0.440634 -0.402624 1.73466 0.700499 0.713411 0.0185827 0.196906 -0.168183 -0.965889 -0.685951 0.680264 -0.258287 99.8775 11.3561 44.3988 0.564364 0.729207 0.312092 -0.228799 0
-0.439304 -0.401789 1.7353 0.698977 0.714879 0.0194519 0.180908 -0.150438 -0.971926 -0.691884 0.682873 -0.23448 98.7986 10.4227 44.7078 0.573162 0.721785 0.310268 -0.232906 0
-0.4394 -0.401393 1.73481 0.724919 0.68864 0.016358 0.165883 -0.151475 -0.974443 -0.668562 0.709105 -0.22404 98.8358 9.54851 42.6841 0.580819 0.724644 0.294808 -0.225009 0
-0.439745 -0.400123 1.73399 0.701573 0.71259 0.00326637 0.141877 -0.135188 -0.98061 -0.698331 0.688433 -0.195944 97.8494 8.15645 44.8673 0.585329 0.712865 0.299659 -0.243757 0
-0.438311 -0.399908 1.73424 0.699011 0.714981 0.0136552 0.149962 -0.127888 -0.980386 -0.69921 0.687348 -0.196615 97.4321 8.62471 45.0082 0.586197 0.711251 0.304021 -0.240968 0
-0.4398 -0.402055 1.73679 0.706955 0.70697 0.0202167 0.176484 -0.148656 -0.973013 -0.684886 0.691444 -0.229862 98.6864 10.165 44.0916 0.576289 0.722058 0.30588 -0.23013 0
-0.440358 -0.401 1.73479 0.71281 0.701262 0.0115361 0.160585 -0.147174 -0.975988 -0.682726 0.697546 -0.21752 98.5753 9.24088 43.765 0.580542 0.720677 0.298971 -0.232833 0
-0.439616 -0.401228 1.73395 0.722165 0.691628 0.0113194 0.164837 -0.156176 -0.973878 -0.671793 0.705167 -0.226791 99.1107 9.48777 42.9305 0.578619 0.725454 0.295148 -0.227607 0
-0.439823 -0.40236 1.73525 0.730454 0.682858 0.0119197 0.182154 -0.17797 -0.96703 -0.658222 0.708542 -0.254384 100.428 10.4952 42.0224 0.569671 0.735324 0.294092 -0.219734 0
-0.439205 -0.403503 1.73599 0.732186 0.680715 0.0230298 0.201167 -0.183827 -0.962154 -0.650719 0.709108 -0.271533 100.816 11.6052 41.6286 0.564984 0.739518 0.298128 -0.212196 0
-0.440979 -0.40212 1.73441 0.736261 0.676582 0.0125299 0.178379 -0.176186 -0.96806 -0.652764 0.71498 -0.250407 100.315 10.2754 41.56 0.572204 0.735332 0.290672 -0.217668 0
-0.438871 -0.400809 1.73235 0.734172 0.678941 -0.00560354 0.155582 -0.17626 -0.971971 -0.660898 0.712722 -0.235036 100.278 8.95052 41.9934 0.575082 0.732371 0.28487 -0.227515 0
-0.441427 -0.400645 1.73261 0.74485 0.667212 0.00518805 0.156493 -0.167133 -0.973435 -0.648621 0.725875 -0.228903 99.7424 9.00339 41.0496 0.580692 0.731588 0.281478 -0.219875 0
-0.443183 -0.401049 1.73239 0.755774 0.654606 0.0172378 0.164695 -0.164539 -0.972524 -0.633783 0.737847 -0.232165 99.6028 9.47953 39.9828 0.582896 0.733566 0.279218 -0.210119 0
-0.442643 -0.400042 1.73262 0.768178 0.640227 0.00345688 0.135138 -0.156864 -0.978331 -0.625812 0.752 -0.207018 99.1092 7.76662 39.1687 0.592515 0.730079 0.265507 -0.213112 0
-0.443313 -0.400335 1.73395 0.780926 0.624622 -0.00122142 0.127501 -0.16132 -0.978631 -0.611472 0.764083 -0.205618 99.3606 7.32518 38.0612 0.594556 0.73278 0.256599 -0.209031 0
-0.445442 -0.40123 1.73236 0.778842 0.627103 0.0120873 0.160256 -0.180327 -0.970464 -0.606401 0.757775 -0.240944 100.526 9.22175 37.9041 0.582574 0.741639 0.265412 -0.200338 0
-0.443775 -0.401825 1.73262 0.774748 0.631632 0.0283876 0.175736 -0.171991 -0.969296 -0.607357 0.755949 -0.244251 100.062 10.1215 38.0943 0.582775 0.7401 0.272723 -0.195571 0
-0.445034 -0.401224 1.73259 0.767739 0.640585 0.0151165 0.162378 -0.17168 -0.971679 -0.619847 0.74845 -0.235822 100.02 9.34494 38.9163 0.583146 0.737435 0.272215 -0.205012 0
-0.445281 -0.401082 1.73327 0.75036 0.661029 -0.000672309 0.155906 -0.177964 -0.971608 -0.64238 0.728951 -0.236595 100.379 8.96936 40.5667 0.577884 0.735683 0.277611 -0.218522 0
-0.442103 -0.401996 1.73451 0.741745 0.670628 0.00853218 0.171008 -0.176811 -0.969275 -0.648515 0.720414 -0.245831 100.338 9.84642 41.1635 0.574261 0.735593 0.28604 -0.217506 0
-0.442049 -0.402026 1.73493 0.741582 0.670844 0.00493881 0.169855 -0.180633 -0.968773 -0.649004 0.719263 -0.2479 100.562 9.77936 41.1912 0.572942 0.736565 0.285344 -0.218604 0
-0.442689 -0.401839 1.73543 0.723641 0.690176 0.000840025 0.169001 -0.176015 -0.969772 -0.669165 0.701909 -0.244012 100.287 9.72974 42.7602 0.57088 0.732064 0.293409 -0.228233 0
-0.442364 -0.400921 1.73495 0.719519 0.694461 0.00388969 0.156222 -0.156397 -0.975261 -0.676673 0.702327 -0.221021 99.1106 8.98769 43.2423 0.579246 0.72404 0.293728 -0.232302 0
-0.44171 -0.400429 1.73407 0.715122 0.698999 0.00102699 0.145136 -0.147047 -0.978424 -0.683766 0.699841 -0.206606 98.547 8.34518 43.7159 0.58341 0.719162 0.293444 -0.237338 0
-0.440829 -0.399974 1.73385 0.702864 0.711315 0.00345623 0.143686 -0.137217 -0.980064 -0.696661 0.689349 -0.198651 97.9701 8.26119 44.746 0.584593 0.713921 0.299403 -0.242746 0
-0.440753 -0.400472 1.73509 0.633615 0.773648 0.00025882 0.156185 -0.127587 -0.979453 -0.757719 0.620637 -0.201673 97.4218 8.98552 50.0972 0.571042 0.700513 0.33184 -0.270323 0
-0.44263 -0.400648 1.73502 0.608446 0.793582 0.00458058 0.169338 -0.124189 -0.977702 -0.775318 0.595655 -0.209946 97.239 9.74932 51.8763 0.564427 0.696883 0.345438 -0.276495 0
-0.443426 -0.400689 1.73393 0.561377 0.826991 0.0306903 0.186247 -0.09012 -0.978361 -0.80633 0.554946 -0.204616 95.2628 10.7338 55.1539 0.562726 0.681196 0.37186 -0.284661 0
-0.442818 -0.401177 1.73273 0.507137 0.861198