-0.000843817 -0.000996664 0.499955 0.828054 0.560103 0.0247266 0.212053 -0.272061 -0.938625 -0.518999 0.782475 -0.344053 106.164 12.2427 32.0782 0.550441 0.781692 0.24695 -0.158078 0
0.00154429 -0.00013532 0.501233 0.827174 0.561421 0.0242749 0.211792 -0.271451 -0.93886 -0.520506 0.781742 -0.343442 106.126 12.2274 32.1805 0.550518 0.781356 0.247395 -0.158772 1
0.00795021 0.00165523 0.505576 0.825829 0.563485 0.0221734 0.210847 -0.272066 -0.938895 -0.52302 0.780042 -0.343488 106.16 12.172 32.3472 0.550062 0.781246 0.247787 -0.160272 1
0.0135795 0.00419089 0.508378 0.824928 0.564881 0.020081 0.209533 -0.272612 -0.93903 -0.524966 0.77884 -0.343247 106.189 12.095 32.4718 0.549788 0.781151 0.247844 -0.161584 1
0.017821 0.00502118 0.511582 0.823697 0.566712 0.0189672 0.2092 -0.272634 -0.939099 -0.527028 0.777501 -0.343124 106.189 12.0755 32.6124 0.549531 0.780938 0.248391 -0.162644 1
0.0218146 0.00465061 0.515863 0.822099 0.569053 0.0182131 0.209466 -0.272556 -0.939062 -0.529412 0.775817 -0.343265 106.185 12.0911 32.7805 0.549154 0.780692 0.249304 -0.1637 1
0.0234559 0.00137971 0.520739 0.820426 0.571446 0.0187181 0.211109 -0.27234 -0.938757 -0.531351 0.774132 -0.344072 106.178 12.1874 32.9292 0.548638 0.780519 0.250652 -0.164196 1
0.0243438 -0.00143392 0.52457 0.819068 0.573372 0.0192985 0.212527 -0.272008 -0.938533 -0.532879 0.772824 -0.34465 106.163 12.2705 33.0477 0.548272 0.780341 0.251781 -0.164537 1
0.0241147 -0.00653737 0.529582 0.817609 0.575407 0.0205338 0.214957 -0.271965 -0.937992 -0.534143 0.771324 -0.346049 106.169 12.413 33.1565 0.54763 0.780324 0.253217 -0.16455 1
0.0255077 -0.0101133 0.534479 0.816432 0.577068 0.0207717 0.216486 -0.272539 -0.937473 -0.535325 0.76988 -0.347437 106.21 12.5027 33.2524 0.546913 0.78045 0.254198 -0.164826 1
0.0263042 -0.0136345 0.538611 0.8152 0.578785 0.0213739 0.218099 -0.272579 -0.937088 -0.536546 0.768576 -0.348439 106.219 12.5974 33.352 0.546393 0.780419 0.255274 -0.165031 1
0.0270596 -0.0166045 0.542014 0.813733 0.580812 0.0222655 0.219671 -0.271848 -0.936933 -0.538129 0.767304 -0.348799 106.18 12.6897 33.477 0.546142 0.780125 0.256524 -0.165314 1
0.0277623 -0.0178726 0.544159 0.812317 0.582758 0.0230894 0.220668 -0.270464 -0.937099 -0.539858 0.766317 -0.348299 106.099 12.7482 33.6076 0.54625 0.779596 0.257642 -0.165717 1
0.0286742 -0.0192932 0.546517 0.811111 0.584414 0.0236386 0.221575 -0.26962 -0.937128 -0.541298 0.765353 -0.348183 106.051 12.8016 33.7173 0.546193 0.779249 0.258579 -0.166076 1
0.0292305 -0.0205292 0.548448 0.810511 0.585239 0.0238336 0.222218 -0.269597 -0.936983 -0.541933 0.764731 -0.348562 106.052 12.8394 33.7679 0.545974 0.77921 0.259063 -0.166226 1
0.0303594 -0.0210662 0.55034 0.80987 0.586128 0.0237364 0.222533 -0.269538 -0.936925 -0.54276 0.76407 -0.348724 106.05 12.8579 33.8293 0.545804 0.779123 0.259478 -0.166541 1
0.0317446 -0.020941 0.551799 0.809625 0.586492 0.0231175 0.222348 -0.270015 -0.936831 -0.543202 0.763622 -0.349017 106.078 12.847 33.8588 0.545572 0.779207 0.259507 -0.166863 1
0.0308898 -0.0210767 0.551291 0.809547 0.586582 0.0235621 0.222536 -0.269489 -0.936938 -0.543241 0.763739 -0.348699 106.047 12.858 33.8633 0.545747 0.77906 0.259646 -0.166765 1
0.0285891 -0.0223664 0.550696 0.809784 0.586221 0.0244103 0.223182 -0.269286 -0.936843 -0.542623 0.764088 -0.348897 106.037 12.896 33.8254 0.545802 0.779097 0.259725 -0.166286 1
0.026623 -0.0238107 0.550528 0.809995 0.585897 0.0251452 0.223902 -0.269343 -0.936655 -0.542011 0.764316 -0.34935 106.043 12.9383 33.7886 0.545734 0.779212 0.259813 -0.16583 1
0.0268788 -0.0240215 0.55122 0.810314 0.585477 0.0246727 0.223797 -0.270279 -0.93641 -0.541578 0.764308 -0.350039 106.1 12.9322 33.757 0.545435 0.779524 0.259541 -0.165776 1
0.026815 -0.0232559 0.550909 0.810905 0.584682 0.024079 0.223342 -0.271199 -0.936253 -0.54088 0.76459 -0.350501 106.154 12.9054 33.7036 0.545253 0.779841 0.259035 -0.165675 1
0.0228002 -0.0230901 0.547728 0.81165 0.583592 0.0253849 0.223638 -0.270299 -0.936443 -0.539639 0.76574 -0.349901 106.1 12.9228 33.6186 0.545768 0.779719 0.258821 -0.164884 1
0.019728 -0.021571 0.544159 0.812122 0.582888 0.0264403 0.223448 -0.268825 -0.936912 -0.539007 0.766795 -0.348564 106.01 12.9116 33.5723 0.546519 0.779344 0.258659 -0.164423 1
0.0170907 -0.0193619 0.540418 0.81268 0.582075 0.0271974 0.222902 -0.267408 -0.937448 -0.538392 0.767907 -0.347062 105.921 12.8795 33.5241 0.547314 0.778966 0.258348 -0.164062 1
0.0150352 -0.0182875 0.53808 0.812644 0.582079 0.0281604 0.222895 -0.26581 -0.937904 -0.538449 0.768459 -0.345751 105.823 12.8791 33.528 0.54797 0.778493 0.258504 -0.163871 1
0.0147613 -0.0163422 0.536235 0.812254 0.582601 0.0286251 0.222517 -0.264121 -0.93847 -0.539193 0.768646 -0.344172 105.719 12.8569 33.5771 0.548626 0.777905 0.258745 -0.164084 1
0.0169707 -0.0118278 0.534215 0.812115 0.582845 0.0276036 0.220747 -0.263101 -0.939175 -0.54013 0.768811 -0.342329 105.65 12.7529 33.6275 0.549246 0.777423 0.258415 -0.164816 1
0.0188233 -0.00830641 0.53281 0.811639 0.583535 0.0270152 0.219475 -0.261757 -0.939848 -0.541362 0.768746 -0.340523 105.563 12.6782 33.7033 0.549854 0.77684 0.258422 -0.165526 1
0.0209023 -0.00622717 0.533046 0.810787 0.584737 0.0265776 0.218809 -0.260658 -0.940309 -0.542906 0.768205 -0.339284 105.494 12.6391 33.8064 0.550192 0.776326 0.258766 -0.166273 1
0.0239382 -0.00258231 0.532638 0.8104 0.585333 0.0252429 0.217257 -0.260222 -0.940789 -0.544106 0.767899 -0.338052 105.461 12.548 33.8776 0.550483 0.775995 0.258568 -0.167161 1
0.024056 -0.00251444 0.53271 0.809688 0.586294 0.0257752 0.217558 -0.259083 -0.941034 -0.545045 0.767551 -0.337329 105.393 12.5657 33.9466 0.550744 0.77558 0.259113 -0.167381 1
0.0232553 -0.00435372 0.533631 0.809275 0.586833 0.0264853 0.21848 -0.258831 -0.940889 -0.54529 0.767224 -0.337677 105.381 12.6198 33.9721 0.550628 0.775529 0.259601 -0.167242 1
0.0211761 -0.00555305 0.532779 0.80907 0.587058 0.0277217 0.219283 -0.257777 -0.940992 -0.545271 0.767408 -0.337291 105.32 12.6669 33.9779 0.550909 0.775264 0.260021 -0.166894 1
0.0181131 -0.00752992 0.531599 0.809033 0.587032 0.0293282 0.220383 -0.256713 -0.941026 -0.544883 0.767784 -0.337061 105.259 12.7315 33.9603 0.551194 0.775049 0.26044 -0.166297 1
0.0168302 -0.00892687 0.531519 0.808874 0.587213 0.0300805 0.221052 -0.256292 -0.940984 -0.544848 0.767786 -0.337112 105.236 12.7708 33.9638 0.551242 0.774964 0.260742 -0.166062 1
0.0160864 -0.0096707 0.531655 0.808986 0.587045 0.0303366 0.221369 -0.25644 -0.940869 -0.544553 0.767865 -0.337409 105.246 12.7895 33.9457 0.551166 0.775054 0.260761 -0.165865 1
0.0161667 -0.012133 0.534141 0.808614 0.587544 0.0305741 0.222347 -0.257068 -0.940467 -0.544706 0.767273 -0.338507 105.288 12.8469 33.9654 0.55069 0.775272 0.261163 -0.165791 1
0.0180009 -0.0134616 0.537294 0.807642 0.588888 0.0304265 0.222964 -0.257206 -0.940283 -0.545896 0.766196 -0.339031 105.299 12.8832 34.0553 0.550319 0.775222 0.261813 -0.166233 1
0.0207047 -0.0121533 0.538922 0.806854 0.590005 0.0296895 0.222448 -0.25688 -0.940494 -0.54727 0.765446 -0.33851 105.277 12.8529 34.1481 0.550333 0.774959 0.262096 -0.16697 1
0.0203303 -0.0110381 0.537665 0.806269 0.590769 0.0303816 0.222392 -0.255123 -0.940986 -0.548154 0.765444 -0.33708 105.17 12.8495 34.2104 0.550923 0.77435 0.26253 -0.167164 1
0.0195128 -0.0116941 0.537646 0.805373 0.591929 0.0315203 0.223109 -0.253437 -0.941272 -0.549178 0.765108 -0.336176 105.069 12.8917 34.2898 0.551308 0.773787 0.263328 -0.167248 1
0.0211969 -0.0137897 0.540994 0.804156 0.593573 0.0316924 0.224091 -0.253347 -0.941062 -0.55056 0.763863 -0.336745 105.068 12.9494 34.3972 0.550923 0.773668 0.264217 -0.167665 1
0.0200861 -0.0143418 0.540479 0.803327 0.594622 0.0330137 0.224809 -0.251447 -0.941401 -0.551477 0.763675 -0.33567 104.955 12.9916 34.4693 0.55141 0.773053 0.264998 -0.167667 1
0.0172684 -0.026521 0.549334 0.802355 0.595802 0.0352946 0.229901 -0.253948 -0.939498 -0.550792 0.761925 -0.340732 105.126 13.2912 34.4684 0.549471 0.774118 0.266659 -0.166479 1
0.0245069 -0.0295362 0.558573 0.800108 0.598918 0.0335301 0.230835 -0.255822 -0.93876 -0.553662 0.758849 -0.342937 105.244 13.3463 34.6826 0.54803 0.774414 0.267865 -0.167912 1
0.0211789 -0.0319834 0.558262 0.799755