-0.337872 -0.38808 1.45816 0.828721 0.559253 0.0213736 0.177324 -0.226159 -0.957814 -0.530827 0.797551 -0.286592 103.285 10.2139 32.6411 0.573579 0.765093 0.240682 -0.166468 0
-0.336613 -0.386676 1.46037 0.829616 0.557804 0.0243321 0.157145 -0.191458 -0.968839 -0.535764 0.807588 -0.246493 101.179 9.04121 32.8543 0.589844 0.752922 0.237391 -0.169816 0
-0.337178 -0.38701 1.46283 0.835151 0.549402 0.0260796 0.153309 -0.186987 -0.970326 -0.528223 0.814367 -0.240391 100.907 8.81876 32.3128 0.593248 0.752085 0.233588 -0.166917 0
-0.337029 -0.388448 1.46744 0.836441 0.547285 0.029073 0.156658 -0.18792 -0.96961 -0.52519 0.815576 -0.242921 100.969 9.01299 32.1242 0.59279 0.752875 0.233752 -0.164741 0
-0.33285 -0.389866 1.47244 0.831428 0.554748 0.0313417 0.160528 -0.185824 -0.969381 -0.531939 0.811002 -0.243552 100.852 9.23756 32.6107 0.592041 0.751798 0.237855 -0.166467 0
-0.330118 -0.391304 1.47838 0.808384 0.588273 0.021234 0.149018 -0.169613 -0.974179 -0.569481 0.790675 -0.224776 99.8767 8.57005 35.1635 0.594558 0.742087 0.248384 -0.184698 0
-0.325833 -0.392113 1.48064 0.802638 0.596079 0.0215013 0.155271 -0.174001 -0.972427 -0.575902 0.783846 -0.232213 100.145 8.93252 35.6599 0.590852 0.74311 0.252772 -0.186514 0
-0.323702 -0.393474 1.48605 0.784518 0.619551 0.0262333 0.166747 -0.170022 -0.97123 -0.597267 0.766322 -0.236693 99.9295 9.59873 37.2826 0.586899 0.740141 0.265591 -0.19288 0
-0.322013 -0.396891 1.49798 0.760212 0.648802 0.03367 0.184993 -0.166497 -0.968533 -0.62278 0.742519 -0.246597 99.7542 10.6608 39.325 0.580327 0.737107 0.282793 -0.199805 0
-0.325559 -0.39785 1.50068 0.759487 0.649876 0.0289815 0.185242 -0.17335 -0.967282 -0.62359 0.740007 -0.252042 100.16 10.6753 39.3883 0.577515 0.739067 0.282491 -0.201135 0
-0.32661 -0.399472 1.51016 0.756596 0.653308 0.0273897 0.18907 -0.178479 -0.965608 -0.625951 0.735754 -0.258557 100.472 10.8985 39.6018 0.574361 0.740546 0.284377 -0.202068 0
-0.329495 -0.391826 1.52019 0.75358 0.657201 0.0142791 0.168345 -0.171944 -0.970616 -0.635435 0.73384 -0.24021 100.046 9.69161 40.1383 0.5791 0.735822 0.280484 -0.211041 0
-0.339266 -0.346766 1.56905 0.77414 0.632998 -0.00460868 0.143671 -0.182788 -0.972598 -0.616495 0.752265 -0.232447 100.644 8.26035 38.5325 0.58286 0.739827 0.26245 -0.209881 0
-0.337443 -0.338467 1.58101 0.765407 0.642438 0.0377506 0.175997 -0.152539 -0.9725 -0.619013 0.751003 -0.229822 98.9144 10.1367 38.9637 0.588015 0.732763 0.279229 -0.198312 0
-0.339572 -0.329373 1.59043 0.779385 0.626128 0.0228527 0.155506 -0.157979 -0.975121 -0.60694 0.763549 -0.220494 99.2025 8.94616 37.9094 0.591801 0.734482 0.266049 -0.198809 0
-0.341543 -0.320309 1.5993 0.785777 0.618034 0.0242404 0.146348 -0.147704 -0.978144 -0.600946 0.772151 -0.20651 98.587 8.41532 37.408 0.59824 0.731435 0.261261 -0.197114 0
-0.343078 -0.310739 1.60725 0.799125 0.600501 0.0282322 0.13872 -0.138502 -0.980599 -0.58494 0.787538 -0.193982 98.0394 7.9738 36.2032 0.605525 0.730002 0.253158 -0.190653 0
-0.345646 -0.309974 1.61176 0.767517 0.640244 0.0316893 0.124262 -0.100103 -0.987187 -0.628869 0.761621 -0.156389 95.7901 7.13815 39.3296 0.614619 0.711338 0.268686 -0.209879 0
-0.345069 -0.310835 1.61449 0.753279 0.657093 0.028257 0.115094 -0.0893981 -0.989324 -0.647552 0.748489 -0.142969 95.1634 6.60907 40.6838 0.616626 0.704565 0.273995 -0.219744 0
-0.345989 -0.312099 1.61895 0.747694 0.663539 0.0258852 0.117608 -0.0939581 -0.988605 -0.653546 0.742218 -0.14829 95.4291 6.7541 41.1561 0.613483 0.705326 0.276874 -0.222472 0
-0.346731 -0.313226 1.62305 0.748875 0.662191 0.0262504 0.132684 -0.111009 -0.984922 -0.649293 0.741067 -0.170994 96.4306 7.62473 40.9261 0.605572 0.712544 0.278886 -0.218598 0
-0.347692 -0.314464 1.62809 0.74908 0.662003 0.0251058 0.137509 -0.118301 -0.98341 -0.648051 0.740106 -0.179648 96.8595 7.90371 40.864 0.602314 0.715372 0.279404 -0.2177 0
-0.348504 -0.315529 1.63267 0.75291 0.657589 0.0265073 0.138169 -0.118561 -0.983287 -0.643456 0.743989 -0.180124 96.8753 7.9419 40.518 0.602956 0.71617 0.277783 -0.215364 0
-0.349782 -0.316714 1.63886 0.751076 0.659625 0.0279197 0.143924 -0.122313 -0.982001 -0.644337 0.741575 -0.186803 97.0999 8.27499 40.6258 0.600408 0.717668 0.279917 -0.214729 0
-0.351284 -0.317783 1.64492 0.740391 0.671441 0.0314282 0.149421 -0.118819 -0.981609 -0.655358 0.73147 -0.1883 96.9018 8.5934 41.5137 0.598597 0.715456 0.286832 -0.218018 0
-0.354022 -0.32653 1.65344 0.67674 0.73479 0.0458903 0.1751 -0.100096 -0.979449 -0.715096 0.670868 -0.196401 95.8352 10.0845 46.5786 0.587419 0.70236 0.323869 -0.238199 0
-0.354222 -0.322348 1.6591 0.691964 0.720729 0.0416575 0.16947 -0.106074 -0.97981 -0.701759 0.685053 -0.195542 96.1788 9.75701 45.4026 0.589565 0.705971 0.315239 -0.233757 0
-0.356331 -0.325059 1.6682 0.691642 0.721362 0.0356158 0.157652 -0.102666 -0.982143 -0.704825 0.684906 -0.184732 95.9676 9.07066 45.5409 0.592504 0.703392 0.31242 -0.237851 0
-0.356645 -0.338468 1.66927 0.660367 0.750254 0.0321661 0.170843 -0.108388 -0.979318 -0.731251 0.652205 -0.199752 96.3156 9.83686 47.9159 0.581427 0.701517 0.328252 -0.249133 0
-0.353389 -0.376649 1.65531 0.629865 0.776121 0.0301131 0.194567 -0.120131 -0.973505 -0.75194 0.619035 -0.226674 97.0347 11.2195 50.0487 0.566361 0.70297 0.34521 -0.256706 0
-0.353134 -0.384369 1.65569 0.648058 0.760913 0.0321307 0.18445 -0.115881 -0.975987 -0.738917 0.638423 -0.215448 96.7711 10.6291 48.748 0.573744 0.703453 0.335972 -0.251185 0
-0.353441 -0.383311 1.65719 0.685534 0.727717 0.021705 0.170103 -0.131113 -0.976665 -0.70789 0.673229 -0.213669 97.646 9.79381 45.9191 0.578954 0.712446 0.315048 -0.240785 0
-0.354018 -0.384075 1.65883 0.694813 0.718907 0.0201659 0.169011 -0.135964 -0.976191 -0.699049 0.681679 -0.215973 97.9291 9.73032 45.1741 0.579413 0.715323 0.310321 -0.237264 0
-0.354908 -0.386532 1.66154 0.699093 0.714648 0.0233972 0.166255 -0.130637 -0.977391 -0.695434 0.687177 -0.210141 97.613 9.57013 44.8496 0.582734 0.71412 0.308387 -0.235267 0
-0.355199 -0.38926 1.66451 0.682869 0.730191 0.0226014 0.170106 -0.128842 -0.976966 -0.71046 0.670985 -0.212193 97.5128 9.794 46.1345 0.579188 0.71132 0.316418 -0.241754 0
-0.356463 -0.390685 1.66808 0.655229 0.755018 0.0249441 0.178455 -0.122615 -0.976278 -0.734049 0.644138 -0.215078 97.1585 10.2798 48.2472 0.57392 0.705854 0.330618 -0.251151 0
-0.356779 -0.390899 1.67026 0.623471 0.780997 0.0364339 0.187113 -0.103802 -0.976839 -0.759126 0.615848 -0.210852 96.0657 10.7843 50.6037 0.572018 0.696083 0.347699 -0.259557 0
-0.359927 -0.392621 1.67546 0.620965 0.78331 0.0287713 0.180301 -0.107019 -0.977772 -0.76282 0.61235 -0.207687 96.2463 10.3873 50.8531 0.571458 0.695642 0.346303 -0.263803 0
-0.369998 -0.395045 1.6857 0.615629 0.787061 0.0391851 0.182726 -0.0942032 -0.97864 -0.766558 0.60964 -0.201811 95.4983 10.5286 51.2318 0.574372 0.691311 0.350706 -0.263041 0
-0.365686 -0.396457 1.69179 0.556831 0.830117 0.0290638 0.191668 -0.094365 -0.976913 -0.808209 0.549546 -0.211652 95.5174 11.0502 55.4344 0.559199 0.682431 0.374318 -0.28543 0
-0.363873 -0.394483 1.70008 0.568583 0.821984 0.0324934 0.202503 -0.101573 -0.974 -0.797311 0.56038 -0.224207 95.9535 11.6834 54.5064 0.557406 0.688179 0.372173 -0.277841 0
-0.369215 -0.39643 1.70912 0.610325 0.79145 0.0333194 0.191086 -0.106275 -0.975803 -0.768758 0.601924 -0.216097 96.2156 11.0162 51.5536 0.56744 0.695107 0.353376 -0.264505 0
-0.378445 -0.388774 1.74188 0.657539 0.753334 0.0114493 0.11432 -0.0847389 -0.989823 -0.744697 0.652156 -0.14184 94.8932 6.56438 48.5568 0.598114 0.686316 0.316055 -0.267096 0
-0.383037 -0.393662 1.75442 0.656112 0.753429 0.043144 0.167797 -0.0899071 -0.981713 -0.735772 0.651354 -0.185412 95.2327 9.65975 48.2756 0.587536 0.69488 0.331433 -0.24919 0
-0.395358 -0.395987 1.7632 0.67571 0.734061 0.067611 0.19023 -0.0850248 -0.978051 -0.7122 0.67374 -0.197092 94.9684 10.9662 46.506 0.590253 0.699612 0.330287 -0.230338 0
-0.412838 -0.398367 1.7694 0.699011 0.709007 0.0932331 0.197547 -0.0661495 -0.978059 -0.687283 0.702092 -0.186302 93.8692 11.3936 44.5153 0.601365 0.698474 0.324477 -0.212624 0
-0.432099 -0.401365 1.77451 0.720347 0.682086 0.125933 0.228555 -0.0619985 -0.971555 -0.654876 0.728639 -0.200554 93.6513 13.212 42.2744 0.603696 0.704077 0.323345 -0.187814 0
-0.452208 -0.404347 1.77037 0.721264 0.679677 0.133484 0.259489 -0.0864617 -0.961868 -0.642218 0.728398 -0.23873 95.1365 15.0397 41.6821 0.590777 0.715272 0.328255 -0.177811 0
-0.463174 -0.40305 1.76421 0.722724 0.6789 0.129479 0.250272 -0.0824485 -0.964659 -0.644231 0.729587 -0.229497 94.8851 14.4936 41.7136 0.593881 0.713209 0.325701 -0.180435 0
-0.465422 -0.404983 1.75865 0.720152 0.679665 0.139411 0.241988 -0.0577341 -0.96856 -0.650248 0.731247 -0.206048 93.4113 14.0039 42.0799 0.603401 0.704261 0.32717 -0.181338 0
-0.463113 -0.402769 1.75557 0.722717 0.684056 0.0987259 0.20041 -0.0707087 -0.977157 -0.66145 0.725994 -0.188194 94.1388 11.5609 42.4656 0.604941 0.70385 0.314153 -0.199874 0
-0.462396 -0.398887 1.76028 0.766572 0.641522 0.0285691 0.145696 -0.130422 -0.980695 -0.625412 0.755936 -0.193445 97.5753 8.37756 39.2095 0.600563 0.722917 0.272236 -0.206401 0
-0.457828 -0.399549 1.76454 0.77322 0.63405 0.01056 0.14488 -0.16042 -0.976358 -0.617366 0.75647 -0.215901 99.3306 8.33036 38.6051 0.590952 0.733066 0.265641 -0.206941 0
-0.458173 -0.401237 1.76314 0.780704 0.623869 -0.0358964 0.107633 -0.190832 -0.975704 -0.615562 0.757872 -0.216133 101.066 6.17891 38.2547 0.586033 0.739538 0.247283 -0.220225 0
-0.458705 -0.403528 1.76447 0.82176 0.568675 -0.0363156 0.119033 -0.233633 -0.965011 -0.557263 0.788685 -0.259681 103.61 6.83627 34.1425 0.576291 0.760768 0.225991 -0.195059 0
-0.457777 -0.403567 1.76306 0.813369 0.57897 -0.0567849 0.0887734 -0.219993 -0.971454 -0.574935 0.785109 -0.230333 102.76 5.09304 35.2548 0.583747 0.752279 0.221907 -0.209935 0
-0.458492 -0.402795 1.76403 0.833314 0.552788 0.00357021 0.15225 -0.223295 -0.962787 -0.53142 0.802848 -0.270237 103.058 8.75734 32.5264 0.578745 0.7627 0.231099 -0.17302 0
-0.457763 -0.402106 1.76101 0.828578 0.559869 -0.00244142 0.138562 -0.209285 -0.967988 -0.542457 0.801715 -0.250985 102.2 7.96462 33.2122 0.584873 0.756447 0.230826 -0.180085 0
-0.457204 -0.401445 1.75835 0.806451 0.591262 -0.00674429 0.130004 -0.188423 -0.973445 -0.576832 0.784159 -0.228821 100.955 7.46985 35.5751 0.589323 0.745603 0.24184 -0.195673 0
-0.4572 -0.400436 1.75972 0.814362 0.580352 0.00248218 0.120393 -0.164751 -0.97896 -0.567732 0.797527 -0.204038 99.5529 6.9148 34.8823 0.60116 0.738774 0.237131 -0.19128 0
-0.456721 -0.400532 1.76065 0.833287 0.552804 0.00643457 0.123948 -0.175469 -0.976651 -0.538767 0.814628 -0.214735 100.185 7.12 32.885 0.600642 0.745569 0.226925 -0.178499 0
-0.45699 -0.400283 1.75953 0.821001 0.570924 -0.00182031 0.103804 -0.152407 -0.982851 -0.561411 0.806733 -0.18439 98.8144 5.95829 34.3648 0.60914 0.734472 0.229664 -0.191713 0
-0.456463 -0.401491 1.75937 0.840867 0.541227 -0.00414395 0.107193 -0.174034 -0.978888 -0.530522 0.82267 -0.204355 100.081 6.15356 32.2487 0.604665 0.744858 0.217632 -0.179452 0
-0.456351 -0.400796 1.76041 0.804199 0.594341 -0.00482372 0.0970723 -0.139346 -0.985474 -0.58638 0.792049 -0.169756 98.0483 5.57061 36.0976 0.611371 0.72686 0.237808 -0.203342 0
-0.457084 -0.399816 1.76065 0.818974 0.573749 0.00967905 0.119827 -0.154498 -0.9807 -0.56118 0.804328 -0.19528 98.9527 6.88212 34.4198 0.606052 0.736334 0.235483 -0.187245 0
-0.457149 -0.399632 1.75938 0.762506 0.646765 0.0167077 0.162874 -0.1669 -0.972428 -0.626144 0.744204 -0.232603 99.7389 9.37373 39.3917 0.583739 0.735189 0.275317 -0.207238 0
-0.456885 -0.398393 1.75962 0.74041 0.672153 -0.00163953 0.106216 -0.11941 -0.987147 -0.66371 0.73072 -0.159806 96.8973 6.09724 41.8733 0.604399 0.710568 0.273855 -0.234091 0
-0.45608 -0.39941 1.75928 0.684692 0.728762 -0.0101233 0.0870352 -0.0955465 -0.991613 -0.723617 0.678068 -0.128848 95.5037 4.99307 46.5832 0.604214 0.690848 0.295216 -0.265521 0
-0.456667 -0.398603 1.75899 0.659978 0.75116 -0.0137481 0.0862597 -0.0939418 -0.991834 -0.746317 0.653402 -0.126794 95.4106 4.94847 48.5133 0.599842 0.685696 0.305317 -0.277115 0
-0.456379 -0.400132 1.7574 0.65023 0.75973 -0.003305 0.0746787 -0.0682431 -0.99487 -0.756058 0.646647 -0.101109 93.9241 4.28276 49.3036 0.608457 0.67446 0.309288 -0.281471 0
-0.457284 -0.399784 1.76056 0.678649 0.734462 -0.000787462 0.141637 -0.131925 -0.981089 -0.720676 0.665703 -0.193558 97.6585 8.14256 46.7203 0.581628 0.707837 0.309428 -0.254813 0
-0.457711 -0.401572 1.76075 0.663472 0.748105 -0.0119981 0.158636 -0.156325 -0.974883 -0.731191 0.644904 -0.222394 99.11 9.12775 47.7799 0.566735 0.714526 0.317253 -0.260029 0
-0.45588 -0.400453 1.75814 0.658919 0.752202 -0.00413504 0.163963 -0.14899 -0.97515 -0.734126 0.641867 -0.221505 98.6868 9.43698 48.0903 0.567544 0.712288 0.321557 -0.259116 0
-0.455694 -0.400606 1.75886 0.604838 0.796271 0.0111417 0.185614 -0.127357 -0.974334 -0.774415 0.591382 -0.224829 97.447 10.6969 52.0093 0.55961 0.699468 0.35094 -0.272805 0
-0.456031 -0.4003 1.76015 0.605805 0.795613 -0.0002932 0.153453 -0.117206 -0.98118 -0.780674 0.594359 -0.193093 96.8119 8.8271 52.1884 0.569102 0.692117 0.342813 -0.282094 0
-0.456168 -0.400685 1.7605 0.583491 0.812117 -0.00206361 0.160157 -0.11756 -0.980066 -0.796171 0.57153 -0.198662 96.84 9.21601 53.7633 0.562865 0.68915 0.352707 -0.289572 0
-0.45694 -0.40155 1.7597 0.559987 0.828471 0.00705275 0.175628 -0.110384 -0.978249 -0.809672 0.549045 -0.207316 96.4379 10.1152 55.3314 0.55729 0.685144 0.366383 -0.292865 0
-0.456089 -0.402512 1.75966 0.580156 0.814505 0.00018683 0.179239 -0.127445 -0.975516 -0.794539 0.565985 -0.219929 97.4432 10.3255 53.8638 0.555154 0.694178 0.357886 -0.286077 0
-0.456331 -0.402884 1.76045 0.584872 0.810994 0.0146014 0.202889 -0.128843 -0.970688 -0.785341 0.570691 -0.239898 97.5609 11.706 53.3236 0.551392 0.698858 0.362693 -0.275714 0
-0.456384 -0.403239 1.75997 0.595021 0.803702 -0.00359409 0.188355 -0.143793 -0.971517 -0.781327 0.577396 -0.236941 98.4192 10.8568 52.7089 0.550973 0.702808 0.352891 -0.279209 0
-0.456504 -0.400748 1.7611 0.593963 0.804457 -0.00745537 0.160445 -0.127534 -0.978771 -0.78833 0.580158 -0.204822 97.4238 9.23274 53.004 0.561606 0.69396 0.347608 -0.286683 0
-0.455775 -0.400288 1.75978 0.571809 0.820387 9.51604e-05 0.152012 -0.105838 -0.982696 -0.80618 0.561929 -0.185228 96.1472 8.74353 54.6526 0.56585 0.682436 0.356223 -0.295297 0
-0.456684 -0.400705 1.75955 0.558951 0.829142 0.00986253 0.164805 -0.0994281 -0.981302 -0.812658 0.550125 -0.192223 95.7856 9.48593 55.4796 0.562872 0.680184 0.365323 -0.295066 0
-0.45619 -0.402289 1.76019 0.538135 0.842858 -0.00102579 0.159697 -0.103155 -0.981762 -0.827592 0.528156 -0.190113 95.9982 9.18928 56.9664 0.557868 0.676647 0.370413 -0.306148 0
-0.4561 -0.401019 1.7603 0.465248 0.885072 0.0138876 0.215982 -0.0982906 -0.971437 -0.858427 0.454959 -0.236889 95.7776 12.4731 61.5433 0.531523 0.6709 0.41029 -0.314704 0
-0.457108 -0.399632 1.75975 0.416346 0.909161 0.00906353 0.220043 -0.0910855 -0.971228 -0.882177 0.406361 -0.237978 95.3577 12.7116 64.7349 0.521364 0.66057 0.42736 -0.33044 0
-0.456101 -0.400476 1.75941 0.352825 0.935688 0.00155391 0.249685 -0.0925495 -0.963894 -0.90176 0.340474 -0.266281 95.4845 14.4589 68.6314 0.498496 0.654151 0.453019 -0.344036 0
-0.45593 -0.402983 1.75821 0.344955 0.938191 0.0283554 0.222627 -0.0524336 -0.973493 -0.911835 0.342124 -0.226954 93.083 12.8634 69.2779 0.516132 0.637249 0.455402 -0.346599 0
-0.456881 -0.401874 1.75868 0.280532 0.959834 -0.00462631 0.192696 -0.06104 -0.979358 -0.940303 0.27385 -0.20208 93.5664 11.1102 73.3879 0.504334 0.621219 0.463818 -0.380272 0
-0.45625 -0.398632 1.75856 0.26438 0.964222 0.0194715 0.213373 -0.0387913 -0.9762 -0.940519 0.262242 -0.215994 92.2756 12.3201 74.2993 0.502393 0.616272 0.477709 -0.373637 0
-0.456635 -0.399479 1.76049 0.252913 0.967463 0.0070478 0.192184 -0.0430984 -0.980412 -0.948209 0.249314 -0.196831 92.5171 11.0803 75.0653 0.503236 0.61091 0.474557 -0.385147 0
-0.456909 -0.403537 1.75837 0.223421 0.974626 0.0136862 0.146192 -0.019624 -0.989062 -0.963696 0.222978 -0.146867 91.1367 8.40634 76.9473 0.514036 0.589473 0.475348 -0.402907 0
-0.457232 -0.401805 1.75929 0.133794 0.990514 0.0313155 0.1499 0.0110085 -0.98864 -0.979607 0.136968 -0.147006 89.362 8.62116 82.2227 0.499449 0.563425 0.506019 -0.420771 0
-0.456163 -0.400123 1.75862 0.0829261 0.996345 0.0204717 0.158247 0.00711647 -0.987374 -0.983911 0.0851187 -0.157078 89.587 9.10514 85.1824 0.48295 0.555177 0.51992 -0.433843 0
-0.455433 -0.400335 1.75783 0.0500178 0.998747 0.00171621 0.18431 -0.00754148 -0.982839 -0.981595 0.0494757 -0.184457 90.4396 10.6209 87.083 0.463147 0.557229 0.530777 -0.439621 0
-0.456468 -0.401039 1.75821 0.0386215 0.999254 0.000322815 0.162188 -0.00594987 -0.986742 -0.986004 0.0381618 -0.162297 90.3455 9.33395 87.7569 0.466469 0.549288 0.528613 -0.448618 0
-0.456516 -0.400215 1.75928 0.0464266 0.99892 -0.00162459 0.129375 -0.00762554 -0.991566 -0.990508 0.0458249 -0.129589 90.4406 7.43346 87.3164 0.476763 0.543976 0.51854 -0.455963 0
-0.456787 -0.40052 1.75958 0.0866638 0.996237 0.00108051 0.161021 -0.012937 -0.986866 -0.983139 0.0856996 -0.161536 90.7511 9.26615 84.9624 0.477543 0.561502 0.515251 -0.437246 0
-0.456875 -0.401023 1.75987 0.1154 0.993281 0.00869628 0.195258 -0.0140995 -0.980651 -0.973939 0.114865 -0.195573 90.8237 11.2598 83.2426 0.475849 0.575559 0.516254 -0.419263 0
-0.456907 -0.401303 1.75959 0.231761 0.972772 0.000795977 0.175639 -0.0410409 -0.983599 -0.956785 0.2281 -0.180369 92.3893 10.1159 76.3836 0.502581 0.602738 0.476332 -0.39652 0
-0.456608 -0.401503 1.75837 0.28961 0.957135 -0.00430598 0.166445 -0.054792 -0.984527 -0.942562 0.284412 -0.175178 93.1854 9.58118 72.92 0.514694 0.616356 0.455735 -0.384059 0
-0.456041 -0.401439 1.75897 0.346937 0.937879 0.00425705 0.175581 -0.0604901 -0.982605 -0.921307 0.341649 -0.18566 93.5227 10.1124 69.3651 0.524592 0.631088 0.441088 -0.363282 0
-0.456533 -0.401549 1.75852 0.369982 0.929037 -0.00166689 0.163439 -0.0668545 -0.984286 -0.91455 0.363896 -0.176576 93.8857 9.40659 67.9741 0.530696 0.635101 0.430041 -0.360658 0
-0.455786 -0.400595 1.7569 0.378469 0.92556 -0.00995231 0.16326 -0.0773341 -0.983547 -0.911102 0.370618 -0.180376 94.4958 9.39617 67.4421 0.52933 0.639566 0.425609 -0.360031 0
-0.457027 -0.400403 1.75842 0.377513 0.925908 -0.0133606 0.159671 -0.0793001 -0.98398 -0.912134 0.369332 -0.177778 94.6076 9.18783 67.5164 0.529253 0.639256 0.424548 -0.361942 0
-0.457284 -0.400641 1.75895 0.356247 0.934315 -0.0119818 0.189467 -0.0847872 -0.978219 -0.914981 0.346218 -0.207227 94.9537 10.9217 68.7266 0.515808 0.641923 0.437662 -0.36101 0
-0.457495 -0.40144 1.76021 0.396955 0.91783 -0.00378659 0.216886 -0.0978086 -0.971285 -0.891845 0.384735 -0.23789 95.7503 12.5262 66.0064 0.515087 0.658152 0.431024 -0.340207 0
-0.456562 -0.401768 1.75779 0.359821 0.932923 0.0135546 0.227821 -0.0737625 -0.970905 -0.90478 0.35244 -0.239081 94.3446 13.1688 68.3128 0.51161 0.646658 0.448747 -0.344551 0
-0.456364 -0.401011 1.75818 0.237552 0.971286 0.0131105 0.213408 -0.0390174 -0.976184 -0.947643 0.234692 -0.216549 92.2889 12.3221 75.9273 0.495476 0.610966 0.484763 -0.382399 0
-0.456311 -0.400048 1.7598 0.282574 0.959209 0.00832692 0.209574 -0.053263 -0.976341 -0.936072 0.277634 -0.216076 93.1226 12.0974 73.2024 0.503298 0.622879 0.469105 -0.372361 0
-0.455968 -0.399381 1.75963 0.271499 0.962409 0.0074932 0.217311 -0.0537159 -0.974623 -0.937584 0.266238 -0.223726 93.1546 12.5511 73.8504 0.498512 0.622282 0.473949 -0.373661 0
-0.456665 -0.399204 1.75935 0.24032 0.970568 0.0156253 0.222138 -0.039319 -0.974222 -0.944934 0.237596 -0.22505 92.3112 12.8347 75.7308 0.493951 0.613329 0.486161 -0.378797 0
-0.456891 -0.400387 1.7596 0.166274 0.985928 0.0172828 0.254947 -0.0260522 -0.966604 -0.952552 0.165128 -0.255691 91.5439 14.7705 80.0984 0.470248 0.601668 0.515598 -0.388615 0
-0.455878 -0.402672 1.75865 0.0977483 0.994775 0.0294709 0.222826 0.00698477 -0.974833 -0.969945 0.101855 -0.220979 89.5895 12.8751 84.2453 0.470041 0.572657 0.531558 -0.410575 0
-0.456259 -0.403786 1.75932 0.0341705 0.998989 0.0292095 0.220238 0.0209813 -0.97522 -0.974847 0.0397568 -0.219299 88.7675 12.723 87.9925 0.457125 0.555087 0.549115 -0.425896 0
-0.457199 -0.403024 1.758 0.00372161 0.999982 0.00464712 0.232314 0.00365543 -0.972634 -0.972634 0.00469935 -0.232297 89.7847 13.4334 89.7808 0.440193 0.555059 0.555029 -0.435983 0
-0.456191 -0.402941 1.75682 -0.0435566 0.998936 0.0151692 0.23373 0.0249512 -0.971981 -0.971325 -0.0387907 -0.234568 88.5295 13.5168 92.5676 0.432096 0.539921 0.570762 -0.442729 0
-0.456432 -0.402342 1.75755 -0.0393309 0.999135 0.0135117 0.209865 0.0214804 -0.977494 -0.976939 -0.0356101 -0.210528 88.7411 12.1144 92.3054 0.43921 0.536124 0.563768 -0.449256 0
-0.456684 -0.402499 1.75774 -0.0267088 0.999621 0.00667717 0.172887 0.011198 -0.984878 -0.984579 -0.0251505 -0.173121 89.3486 9.95572 91.5539 0.45038 0.532732 0.550233 -0.458909 0
-0.456585 -0.40039 1.75767 -0.0325511 0.99947 0.000744935 0.170381 0.00628344 -0.985358 -0.984841 -0.0319476 -0.170495 89.6346 9.80995 91.8931 0.448118 0.531898 0.549848 -0.46254 0
-0.456116 -0.400005 1.75813 -0.0335554 0.999405 -0.00796938 0.176443 -0.00192487 -0.984309 -0.983739 -0.034435 -0.176273 90.112 10.1626 91.9536 0.443916 0.53494 0.549523 -0.463467 0
-0.456305 -0.399807 1.75817 -0.0492205 0.998752 -0.00845879 0.208095 0.0019714 -0.978107 -0.976869 -0.0499031 -0.207932 89.8845 12.0107 92.8845 0.431514 0.537759 0.561054 -0.458071 0
-0.456967 -0.400117 1.75913 -0.0430114 0.999064 0.00452144 0.228333 0.0142358 -0.973479 -0.972633 -0.0408383 -0.228732 89.1622 13.1989 92.5321 0.43084 0.541176 0.567005 -0.447226 0
-0.456659 -0.400861 1.75865 -0.0904659 0.995818 0.0127093 0.253318 0.035351 -0.966737 -0.963144 -0.0842372 -0.255457 87.9058 14.6739 95.3659 0.415159 0.531423 0.587638 -0.447118 0
-0.457136 -0.402198 1.75745 -0.0992875 0.995023 -0.00845124 0.233213 0.0150126 -0.97231 -0.967344 -0.0985091 -0.233543 89.1154 13.4863 95.8603 0.412972 0.528971 0.580483 -0.461176 0
-0.455803 -0.402021 1.75908 -0.0658366 0.997796 0.00830262 0.20575 0.0217167 -0.978364 -0.976388 -0.0627039 -0.206726 88.7284 11.8734 93.8575 0.432768 0.528955 0.568832 -0.457546 0
-0.456606 -0.400175 1.75764 0.0506643 0.998712 -0.00258542 0.223356 -0.0138539 -0.974638 -0.973419 0.0488019 -0.22377 90.8144 12.9062 87.0206 0.450844 0.567514 0.538343 -0.429947 0
-0.45689 -0.399824 1.75775 0.0465309 0.998853 -0.0112871 0.219839 -0.021262 -0.975304 -0.974426 0.0429004 -0.220576 91.2489 12.6996 87.2661 0.448523 0.567532 0.536839 -0.43421 0
-0.455944 -0.402757 1.75826 0.0576112 0.998333 0.00350212 0.219755 -0.00925944 -0.975511 -0.973852 0.05697 -0.219922 90.5438 12.6946 86.6144 0.455091 0.567184 0.536901 -0.427705 0
-0.456397 -0.402602 1.75635 0.126474 0.991964 0.00334795 0.215951 -0.0242391 -0.976103 -0.968178 0.124175 -0.217281 91.4225 12.4713 82.5575 0.47036 0.584807 0.516374 -0.412457 0
-0.457056 -0.40093 1.75826 0.146159 0.989257 -0.0029331 0.200474 -0.0325224 -0.979159 -0.968735 0.142525 -0.203074 91.9024 11.5647 81.4202 0.477117 0.58774 0.506062 -0.413307 0
-0.458135 -0.402589 1.75756 0.210648 0.977535 0.00728899 0.164926 -0.0281884 -0.985903 -0.963549 0.20888 -0.167159 91.6377 9.49295 77.6682 0.503811 0.592873 0.481748 -0.403231 0
-0.457766 -0.400567 1.75766 0.0695642 0.997553 -0.0070395 0.221703 -0.0223398 -0.974858 -0.97263 0.0662546 -0.222714 91.3128 12.8091 85.9091 0.454013 0.573284 0.531698 -0.427218 0
-0.456783 -0.401961 1.75795 0.244079 0.969738 -0.00577202 0.173053 -0.0494117 -0.983672 -0.95419 0.239095 -0.179877 92.8757 9.96538 75.6516 0.503684 0.606912 0.47074 -0.395429 0
-0.456323 -0.402006 1.75752 0.269639 0.962953 0.00392292 0.162904 -0.0415995 -0.985764 -0.949082 0.26644 -0.168086 92.4165 9.37552 74.1399 0.51477 0.608138 0.46283 -0.388547 0
-0.456537 -0.400804 1.75815 0.293845 0.955852 0.00122914 0.174243 -0.0523007 -0.983313 -0.939838 0.289156 -0.181919 93.0446 10.0346 72.6379 0.514691 0.618075 0.457103 -0.37965 0
-0.456472 -0.403575 1.757 0.361981 0.932119 0.011137 0.142778 -0.0436325 -0.988793 -0.921186 0.359514 -0.14888 92.5267 8.20864 68.5476 0.54071 0.623397 0.431065 -0.364956 0
-0.455982 -0.401076 1.75654 0.398128 0.917272 0.0102547 0.132566 -0.0464694 -0.990084 -0.907701 0.39554 -0.1401 92.6872 7.61788 66.3172 0.550354 0.629424 0.416984 -0.356455 0
-0.456992 -0.399034 1.75609 0.422859 0.906189 -0.00357091 0.141235 -0.0697967 -0.987513 -0.895122 0.417074 -0.1575 94.0429 8.11934 64.7138 0.546709 0.642292 0.40769 -0.349799 0
-0.456965 -0.398756 1.7571 0.434211 0.900723 -0.0126181 0.178568 -0.0997948 -0.978854 -0.882935 0.422776 -0.204172 95.8212 10.2863 63.8129 0.531565 0.6592 0.409318 -0.339636 0
-0.456238 -0.40048 1.75892 0.496023 0.868308 -0.00167002 0.168465 -0.0981228 -0.980812 -0.85181 0.486224 -0.194951 95.713 9.6986 59.787 0.548395 0.668786 0.387558 -0.319041 0
-0.456321 -0.402534 1.7568 0.563229 0.826297 -0.00238662 0.145395 -0.101948 -0.984107 -0.813408 0.553931 -0.17756 95.9144 8.36018 55.3001 0.566507 0.678737 0.357905 -0.300483 0
-0.457054 -0.400985 1.7575 0.586348 0.80994 -0.0138816 0.152183 -0.126971 -0.980163 -0.795636 0.572604 -0.197708 97.381 8.75347 53.6114 0.56162 0.6912 0.34799 -0.292794 0
-0.457024 -0.400213 1.75658 0.520833 0.853537 -0.0144101 0.17717 -0.124592 -0.976262 -0.835071 0.505916 -0.216112 97.2728 10.2049 58.0483 0.543169 0.682191 0.377719 -0.311307 0
-0.456771 -0.399063 1.7561 0.594662 0.80389 -0.0117331 0.148803 -0.124392 -0.981012 -0.790085 0.581625 -0.193592 97.2265 8.55754 53.0328 0.564951 0.691492 0.344433 -0.289887 0
-0.456064 -0.397765 1.75744 0.61968 0.784846 -0.00368413 0.138942 -0.11432 -0.98368 -0.772459 0.609054 -0.179889 96.629 7.98661 51.2628 0.575645 0.691717 0.333875 -0.280513 0
-0.45654 -0.398632 1.75759 0.609988 0.7924 -0.0042715 0.132 -0.106926 -0.985466 -0.781339 0.600558 -0.16982 96.1925 7.58518 52.021 0.57733 0.686792 0.336492 -0.285971 0
-0.456618 -0.3989 1.75853 0.439584 0.898183 0.00584207 0.172951 -0.078259 -0.981816 -0.881393 0.432601 -0.189743 94.5573 9.95947 63.4928 0.541198 0.653373 0.409848 -0.335012 0
-0.456571 -0.398083 1.75749 0.383973 0.923342 -0.00208287 0.152536 -0.0656568 -0.986115 -0.910658 0.378324 -0.166053 93.8092 8.77393 67.1376 0.536718 0.635548 0.423209 -0.359037 0
-0.457278 -0.398849 1.7584 0.377048 0.925874 -0.0243443 0.166142 -0.0934697 -0.981662 -0.911171 0.366089 -0.189069 95.4391 9.56356 67.5199 0.523094 0.644125 0.423837 -0.363095 0
-0.455866 -0.398464 1.75853 0.400279 0.916389 0.00286726 0.137561 -0.0569927 -0.988852 -0.90601 0.396211 -0.148872 93.2986 7.90673 66.1639 0.546446 0.633669 0.415813 -0.356315 0
-0.455711 -0.399745 1.75713 0.290748 0.956798 -0.00188954 0.157668 -0.0498592 -0.986233 -0.943719 0.286448 -0.165353 92.8941 9.07156 72.8766 0.51854 0.613588 0.454077 -0.385279 0
-0.456314 -0.401032 1.75766 0.30042 0.953645 -0.0175653 0.187872 -0.0772193 -0.979153 -0.935121 0.290858 -0.202362 94.5092 10.8286 72.1897 0.505183 0.628491 0.454071 -0.378958 0
-0.456307 -0.400503 1.75782 0.294343 0.955645 -0.0102376 0.189948 -0.0689966 -0.979367 -0.936633 0.286325 -0.201831 94.0298 10.9497 72.5543 0.505845 0.625534 0.457846 -0.378425 0
-0.456446 -0.399086 1.7581 0.301587 0.953421 0.0058802 0.208143 -0.059819 -0.976267 -0.930442 0.295654 -0.216489 93.5063 12.0136 72.0408 0.50628 0.628071 0.462353 -0.368016 0
-0.457198 -0.400795 1.75988 0.229014 0.973344 0.0124254 0.263404 -0.0496766 -0.963406 -0.937108 0.223906 -0.267759 92.9518 15.2721 76.267 0.477383 0.621782 0.49726 -0.371787 0
-0.456999 -0.400643 1.75728 0.366633 0.930352 -0.00494307 0.250516 -0.103837 -0.962528 -0.896003 0.351657 -0.271138 96.1572 14.508 67.7462 0.49791 0.65985 0.4474 -0.341345 0
-0.457391 -0.400068 1.75873 0.218848 0.974335 -0.0527003 0.210596 -0.0999012 -0.972455 -0.952762 0.201722 -0.227054 95.8655 12.1573 77.0636 0.472201 0.621652 0.476525 -0.404351 0
-0.457493 -0.399184 1.75651 0.279646 0.959157 -0.042614 0.198723 -0.101248 -0.974812 -0.939312 0.264134 -0.21892 95.9297 11.4623 73.421 0.489765 0.632419 0.457719 -0.388163 0
-0.456523 -0.399795 1.75824 0.197164 0.980183 -0.0191967 0.213193 -0.0619799 -0.975042 -0.956909 0.188151 -0.221189 93.6372 12.3096 78.3576 0.478016 0.608345 0.490419 -0.401132 0
-0.457226 -0.399982 1.75875 0.169596 0.985455 -0.010708 0.226332 -0.0495219 -0.972791 -0.959172 0.162558 -0.231439 92.9142 13.0812 79.9729 0.471337 0.602195 0.503071 -0.402643 0
-0.456208 -0.399781 1.7598 0.188153 0.982094 -0.00949347 0.217788 -0.0511461 -0.974655 -0.957688 0.181317 -0.223511 93.0039 12.5791 78.8849 0.477885 0.604733 0.496037 -0.399838 0
-0.456638 -0.399536 1.75808 0.225544 0.974232 -0.00124541 0.176369 -0.0420883 -0.983424 -0.958136 0.221586 -0.181317 92.4506 10.1583 76.7538 0.500534 0.601862 0.477934 -0.398506 0
-0.456142 -0.399298 1.75853 0.206894 0.978273 0.013274 0.213177 -0.0318347 -0.976495 -0.954856 0.20486 -0.215132 91.8672 12.3086 77.7744 0.489879 0.602881 0.494066 -0.390451 0
-0.457384 -0.39955 1.75802 0.188084 0.982068 -0.012927 0.249915 -0.0605839 -0.96637 -0.949825 0.178528 -0.256829 93.5873 14.4725 78.7992 0.466549 0.613493 0.502036 -0.392323 0
-0.456782 -0.400415 1.75682 0.147428 0.988766 -0.0246159 0.275288 -0.0649253 -0.959167 -0.94999 0.134631 -0.281768 93.8724 15.9792 81.1787 0.447419 0.611171 0.517063 -0.398663 0
-0.457574 -0.39939 1.75564 0.154377 0.987478 -0.03249 0.258523 -0.072111 -0.96331 -0.95359 0.140314 -0.266418 94.281 14.9825 80.8041 0.451622 0.610923 0.509885 -0.403521 0
-0.457123 -0.398735 1.75609 0.1377 0.990273 -0.0199475 0.237802 -0.0526039 -0.969888 -0.961503 0.12881 -0.242733 93.1045 13.7569 81.8499 0.458902 0.598548 0.51294 -0.40993 0
-0.456783 -0.400972 1.75659 0.17251 0.984748 -0.0226133 0.260831 -0.0678067 -0.963 -0.949846 0.160229 -0.26855 94.0277 15.1194 79.7062 0.457207 0.61418 0.507009 -0.395837 0
-0.457977 -0.401619 1.75762 0.180042 0.983503 -0.0175226 0.251438 -0.0632361 -0.965805 -0.95098 0.16948 -0.258675 93.7461 14.5626 79.2795 0.463177 0.612771 0.503834 -0.395132 0
-0.456685 -0.400464 1.75737 0.160374 0.987052 0.00283835 0.24695 -0.0373393 -0.968309 -0.955665 0.155992 -0.24974 92.2083 14.2971 80.4738 0.467251 0.601551 0.512842 -0.395988 0
-0.456571 -0.400066 1.75805 0.207419 0.978109 0.0167165 0.248372 -0.0361266 -0.967991 -0.946197 0.204932 -0.250428 92.1374 14.3812 77.6356 0.479808 0.611141 0.501718 -0.380223 0
-0.456962 -0.400023 1.75659 0.231995 0.972713 0.00270937 0.269289 -0.0615493 -0.96109 -0.934699 0.223698 -0.27622 93.6643 15.622 76.0607 0.472817 0.626451 0.49565 -0.371932 0
-0.456978 -0.397489 1.75648 0.198161 0.979996 -0.0184244 0.229802 -0.0647242 -0.971083 -0.95285 0.188197 -0.238031 93.8132 13.2854 78.2518 0.47313 0.612559 0.493747 -0.3964 0
-0.45627 -0.399238 1.75678 0.169438 0.985035 -0.0315767 0.226755 -0.070145 -0.971423 -0.9591 0.157436 -0.235247 94.1301 13.1061 79.9813 0.464771 0.607213 0.498915 -0.407879 0
-0.456384 -0.397067 1.75735 0.168425 0.985712 -0.00211855 0.216573 -0.0391015 -0.975483 -0.961629 0.163837 -0.220064 92.2954 12.5078 80.0657 0.476775 0.597409 0.503125 -0.403303 0
-0.456661 -0.398927 1.75734 0.195888 0.980623 -0.0023982 0.217719 -0.0458755 -0.974933 -0.956152 0.190455 -0.222487 92.6941 12.5751 78.422 0.481541 0.605031 0.495157 -0.396075 0
-0.45624 -0.399596 1.75747 0.181582 0.983317 0.0107151 0.218763 -0.0297693 -0.975324 -0.958734 0.179445 -0.220519 91.7483 12.6364 79.2753 0.482518 0.598304 0.502287 -0.396128 0
-0.455729 -0.400553 1.75533 0.202779 0.979114 0.0147305 0.207229 -0.028206 -0.977886 -0.957046 0.201347 -0.20862 91.6522 11.96 78.0371 0.491414 0.599918 0.494377 -0.392685 0
-0.455835 -0.399215 1.75643 0.135467 0.990781 0.00106106 0.263581 -0.0350063 -0.964002 -0.955078 0.13087 -0.265893 92.0797 15.2827 81.9271 0.456773 0.599243 0.523312 -0.398009 0
-0.456921 -0.399291 1.75825 0.0884194 0.996077 -0.00360402 0.227151 -0.0236862 -0.973572 -0.969837 0.0852639 -0.228354 91.3937 13.1294 84.7908 0.457269 0.578891 0.528263 -0.420391 0
-0.456251 -0.399817 1.7579 0.0571297 0.998344 -0.00679536 0.249977 -0.0208938 -0.968026 -0.966565 0.0536043 -0.250757 91.2365 14.4762 86.6174 0.443136 0.576364 0.541464 -0.422199 0
-0.457063 -0.400671 1.75704 0.0746189 0.997205 -0.00370464 0.259613 -0.023013 -0.965438 -0.962826 0.0710782 -0.260605 91.3655 15.0471 85.5684 0.444691 0.582717 0.539206 -0.414665 0
-0.456879 -0.400982 1.75677 0.0522296 0.998633 0.0018709 0.265728 -0.0120919 -0.963972 -0.962632 0.050845 -0.265996 90.7187 15.4102 86.8943 0.439927 0.576697 0.548105 -0.416493 0
-0.457185 -0.400531 1.75809 0.105163 0.994446 -0.00411283 0.259481 -0.0314323 -0.965237 -0.960005 0.10044 -0.261345 91.8651 15.0392 83.7485 0.450662 0.591173 0.530271 -0.407714 0
-0.456556 -0.400015 1.75788 0.0234671 0.999454 -0.0232773 0.230812 -0.0280711 -0.972593 -0.972715 0.0174512 -0.231345 91.6532 13.3449 88.618 0.43705 0.566322 0.543094 -0.439676 0
-0.456981 -0.400657 1.75754 0.0156682 0.999871 -0.00354618 0.241045 -0.0072192 -0.970487 -0.970387 0.014351 -0.241127 90.4262 13.9482 89.075 0.437985 0.562142 0.55187 -0.433135 0
-0.457052 -0.402263 1.75738 0.0279051 0.99961 0.000392389 0.264067 -0.00699308 -0.964479 -0.964101 0.0270175 -0.264159 90.4154 15.3115 88.3421 0.434958 0.569881 0.55436 -0.422767 0
-0.456993 -0.401459 1.75751 0.048828 0.998806 -0.00179724 0.270744 -0.0149676 -0.962535 -0.961412 0.046512 -0.271151 90.8909 15.7085 87.0926 0.436666 0.577699 0.549399 -0.41683 0
-0.456743 -0.399315 1.75595 -0.00028387 0.999941 -0.0108824 0.24368 -0.0104852 -0.969799 -0.969856 -0.0029271 -0.243662 90.6194 14.1038 90.0168 0.431732 0.55988 0.555306 -0.437923 0
-0.456479 -0.399111 1.75556 0.067275 0.997693 -0.0091201 0.22576 -0.0241256 -0.973884 -0.971857 0.0634591 -0.226862 91.4191 13.0476 86.0401 0.451743 0.574078 0.53279 -0.427197 0
-0.45567 -0.399261 1.75617 -0.0229661 0.999729 0.00371549 0.241647 0.00915739 -0.970321 -0.970092 -0.0213867 -0.241792 89.4593 13.9838 91.3562 0.431393 0.549925 0.564339 -0.439322 0
-0.456031 -0.399231 1.75626 -0.0750929 0.997169 0.00382175 0.200504 0.0188533 -0.979511 -0.976811 -0.0727881 -0.201353 88.8973 11.5665 94.396 0.430815 0.526167 0.569056 -0.462301 0
-0.45586 -0.399918 1.7565 -0.0458178 0.998917 -0.00811528 0.219527 0.00214325 -0.975604 -0.97453 -0.0464816 -0.219387 89.8741 12.6812 92.6918 0.429226 0.541162 0.562883 -0.453951 0
-0.455967 -0.400547 1.75731 -0.0382391 0.999268 0.00103223 0.260011 0.0109472 -0.965544 -0.964848 -0.0366531 -0.260239 89.3504 15.0707 92.2696 0.422039 0.550239 0.572151 -0.437908 0
-0.456985 -0.400667 1.75697 -0.0534019 0.998571 -0.00200717 0.278066 0.0129399 -0.960475 -0.959076 -0.0518493 -0.278359 89.2281 16.1448 93.187 0.412668 0.550458 0.579806 -0.436492 0
-0.456211 -0.401695 1.75857 -0.00232696 0.999976 -0.00648974 0.301839 -0.00548472 -0.953343 -0.953356 -0.00417725 -0.301819 90.3296 17.5681 90.1398 0.415442 0.571178 0.569794 -0.420117 0
-0.456921 -0.401571 1.75495 0.0533508 0.998516 -0.01089 0.286868 -0.0257714 -0.957623 -0.956483 0.047966 -0.287818 91.5416 16.6706 86.8075 0.430047 0.584581 0.549703 -0.413704 0
-0.456834 -0.402007 1.75452 0.116233 0.993157 -0.0113603 0.262785 -0.0417809 -0.963949 -0.957828 0.109057 -0.265843 92.4818 15.2354 83.081 0.449613 0.596627 0.526267 -0.406111 0
-0.456426 -0.40071 1.75346 0.137089 0.990454 -0.0144016 0.211956 -0.0435328 -0.976309 -0.967616 0.130789 -0.215901 92.5531 12.237 81.9362 0.468416 0.590873 0.508743 -0.415495 0
-0.458039 -0.400812 1.75512 0.216165 0.976105 -0.0221942 0.199127 -0.0663291 -0.977726 -0.955835 0.206931 -0.208706 93.881 11.4859 77.2567 0.485059 0.610574 0.4812 -0.400455 0
-0.457442 -0.399665 1.75481 0.280268 0.958906 -0.0441489 0.189196 -0.100271 -0.976806 -0.941092 0.265415 -0.209524 95.861 10.9059 73.4159 0.492563 0.630488 0.455243 -0.390666 0
-0.457159 -0.399332 1.75411 0.302204 0.952947 -0.0237437 0.216164 -0.0927682 -0.97194 -0.92841 0.288592 -0.234028 95.4522 12.4838 71.9696 0.493814 0.638162 0.458 -0.373007 0
-0.456599 -0.398762 1.75389 0.320976 0.946824 -0.0223277 0.208066 -0.0934948 -0.973636 -0.92395 0.307868 -0.227011 95.4851 12.009 70.843 0.500117 0.640602 0.450705 -0.369292 0
-0.456281 -0.400304 1.75579 0.341618 0.939365 -0.0298435 0.190489 -0.1003 -0.976552 -0.920332 0.327923 -0.213203 95.8642 10.9813 69.6356 0.50698 0.643257 0.439114 -0.369283 0
-0.456992 -0.399061 1.75485 0.275567 0.960854 -0.0286746 0.200307 -0.0865704 -0.975901 -0.940181 0.263182 -0.216322 95.0693 11.5549 73.6642 0.493121 0.628184 0.462111 -0.385578 0
-0.456566 -0.399528 1.75588 0.286343 0.957778 -0.0258496 0.204217 -0.0873689 -0.975019 -0.936111 0.273911 -0.220612 95.1204 11.7837 72.9919 0.494561 0.631333 0.460136 -0.380924 0
-0.457201 -0.398845 1.75473 0.38155 0.923555 -0.0382852 0.162965 -0.10798 -0.980705 -0.909869 0.367949 -0.191707 96.2832 9.37902 67.2494 0.520063 0.648313 0.41898 -0.365624 0
-0.456322 -0.398899 1.75625 0.442555 0.89605 -0.0352209 0.149414 -0.112409 -0.982364 -0.884206 0.429487 -0.18363 96.5278 8.593 63.4116 0.535377 0.659279 0.396442 -0.348649 0
-0.456377 -0.397731 1.75601 0.512067 0.858676 -0.021534 0.118041 -0.0951812 -0.988437 -0.850796 0.503604 -0.150098 95.5003 6.77904 58.9576 0.562758 0.662825 0.368392 -0.32902 0
-0.456393 -0.400406 1.75757 0.447933 0.893892 -0.0176881 0.177159 -0.108132 -0.978224 -0.87634 0.435045 -0.206797 96.3078 10.2043 62.9266 0.532213 0.663864 0.40334 -0.336676 0
-0.456308 -0.3999 1.75669 0.55616 0.831058 0.00526959 0.177107 -0.112324 -0.977761 -0.811984 0.544725 -0.209656 96.5533 10.2013 55.5912 0.555468 0.685226 0.367822 -0.294324 0
-0.455383 -0.400226 1.7562 0.569149 0.822171 0.0102121 0.180064 -0.112512 -0.977199 -0.802276 0.55801 -0.21208 96.568 10.3735 54.6474 0.557799 0.688066 0.364149 -0.287786 0
-0.455701 -0.40154 1.75614 0.586088 0.810217 0.007028 0.171354 -0.115466 -0.97842 -0.791921 0.574644 -0.206507 96.7305 9.86658 53.4954 0.562164 0.690663 0.3553 -0.284108 0
-0.456651 -0.403272 1.75786 0.65946 0.751613 0.0138092 0.195375 -0.153624 -0.968622 -0.725907 0.641466 -0.248155 99.0121 11.2666 47.746 0.560732 0.717851 0.329799 -0.247996 0
-0.457073 -0.401391 1.75677 0.698496 0.715586 -0.00623463 0.192219 -0.196006 -0.961579 -0.689315 0.670461 -0.274459 101.521 11.0823 44.6209 0.554083 0.73637 0.308203 -0.236141 0
-0.45781 -0.400031 1.7556 0.732507 0.680217 -0.027177 0.172085 -0.223644 -0.959359 -0.65865 0.69806 -0.280876 103.122 9.90909 41.961 0.554073 0.747835 0.284923 -0.229271 0
-0.456673 -0.398907 1.75377 0.740991 0.671241 -0.0191594 0.17376 -0.219219 -0.960078 -0.648644 0.708081 -0.279074 102.862 10.0065 41.198 0.557382 0.748212 0.28234 -0.223133 0
-0.456951 -0.399166 1.75508 0.748247 0.663319 -0.0115576 0.170771 -0.209412 -0.9628 -0.641064 0.718439 -0.269967 102.271 9.83266 40.5885 0.56322 0.746262 0.279423 -0.21863 0
-0.456983 -0.399359 1.7558 0.769529 0.638424 -0.0154913 0.155546 -0.210906 -0.965051 -0.619379 0.740226 -0.261603 102.328 8.94849 38.8299 0.569434 0.748672 0.265126 -0.211999 0
-0.457175 -0.396337 1.75591 0.78447 0.619042 -0.037323 0.113597 -0.202596 -0.972651 -0.609674 0.758777 -0.229252 101.766 6.52268 37.8536 0.581512 0.744365 0.246062 -0.217298 0
-0.456046 -0.39751 1.75527 0.780454 0.62428 -0.0341627 0.11178 -0.193088 -0.974793 -0.61514 0.756962 -0.220479 101.204 6.41796 38.2446 0.58457 0.740611 0.248464 -0.219178 0
-0.456449 -0.398653 1.75527 0.778901 0.627031 -0.0120416 0.130626 -0.180984 -0.974773 -0.613392 0.757679 -0.222875 100.518 7.50575 38.2208 0.586311 0.738708 0.256413 -0.211665 0
-0.456729 -0.398786 1.75581 0.803385 0.595249 -0.015839 0.108191 -0.172075 -0.979124 -0.585548 0.7849 -0.202643 99.9676 6.21106 36.0865 0.597634 0.73792 0.238319 -0.203744 0
-0.457137 -0.398843 1.75755 0.830504 0.556999 -0.00378629 0.12178 -0.188202 -0.974551 -0.543537 0.808908 -0.224134 100.93 6.99482 33.2034 0.595434 0.748806 0.226621 -0.182732 0
-0.455934 -0.399853 1.75817 0.87573 0.482795 0.00257127 0.118042 -0.208943 -0.970778 -0.468149 0.850442 -0.239968 102.147 6.7791 28.1282 0.597248 0.762339 0.197037 -0.152681 0
