108,0,-0.337415,-0.387621,1.46091,0.745101,-0.452792,1.61525,0.81462,0.57985,0.0129497,0.217767,-0.28509,-0.933435,-0.537561,0.763215,-0.358512,106.984,12.5779,33.4205,0.541068,0.783936,0.254363,-0.1673
115,0,-0.338783,-0.380364,1.46952,0.745101,-0.452792,1.61525,0.788812,0.614545,0.0105021,0.228993,-0.277986,-0.932891,-0.570384,0.73828,-0.360005,106.593,13.2378,35.8704,0.536382,0.77891,0.270743,-0.179701
122,0,-0.339476,-0.367799,1.48086,0.745101,-0.452792,1.61525,0.762776,0.646015,0.0289602,0.257288,-0.262094,-0.930113,-0.593276,0.716918,-0.36613,105.737,14.9092,37.8753,0.532577,0.773143,0.292088,-0.182475
129,0,-0.340512,-0.349272,1.4873,0.745101,-0.452792,1.61525,0.73986,0.669963,0.0612942,0.295107,-0.241315,-0.924489,-0.604582,0.70208,-0.37625,104.629,17.164,39.2542,0.529692,0.767695,0.314275,-0.176922
136,0,-0.343412,-0.331598,1.48813,0.745101,-0.452792,1.61525,0.706757,0.70342,0.0754665,0.325792,-0.228924,-0.917308,-0.627976,0.6729,-0.390962,104.013,19.0135,41.6221,0.521266,0.762667,0.337373,-0.181111
143,0,-0.346317,-0.3255,1.4879,0.745101,-0.452792,1.61525,0.714565,0.693528,0.091733,0.346469,-0.236924,-0.907649,-0.607746,0.680357,-0.409584,104.63,20.2715,40.3815,0.516734,0.768289,0.338413,-0.16791
150,0,-0.344703,-0.325442,1.4857,0.745101,-0.452792,1.61525,0.733599,0.670816,0.108807,0.356525,-0.243592,-0.901971,-0.578552,0.700477,-0.417862,105.113,20.887,38.2611,0.517722,0.773798,0.331915,-0.151766
156,0,-0.34392,-0.326862,1.48883,0.745101,-0.452792,1.61525,0.749908,0.658559,0.0627555,0.310046,-0.266077,-0.912729,-0.584388,0.70392,-0.403717,106.252,18.062,37.9286,0.519643,0.777769,0.311341,-0.167669
164,0,-0.342602,-0.324622,1.48979,0.745101,-0.452792,1.61525,0.773947,0.633243,0.00313378,0.239582,-0.288228,-0.927106,-0.586179,0.718282,-0.374787,107.27,13.8619,37.1399,0.527004,0.780539,0.279558,-0.186745
171,0,-0.341788,-0.324927,1.48855,0.745101,-0.452792,1.61525,0.79533,0.605995,-0.0148213,0.202403,-0.28853,-0.935833,-0.571387,0.741297,-0.352132,107.135,11.6775,35.6945,0.537278,0.780383,0.258975,-0.187795
179,0,-0.341566,-0.325066,1.48672,0.745101,-0.452792,1.61525,0.804338,0.594121,-0.00777717,0.190149,-0.269786,-0.943959,-0.562924,0.757784,-0.329971,105.95,10.9615,34.9866,0.548767,0.775257,0.252906,-0.184036
185,0,-0.341264,-0.324572,1.48542,0.745101,-0.452792,1.61525,0.796033,0.605241,0.00376491,0.199059,-0.255925,-0.94598,-0.571583,0.753781,-0.324203,105.138,11.4819,35.6798,0.55134,0.77074,0.260886,-0.184179
193,0,-0.341479,-0.324526,1.48532,0.745101,-0.452792,1.61525,0.785368,0.61902,0.00328049,0.196594,-0.244392,-0.949538,-0.586982,0.746382,-0.313634,104.434,11.3379,36.7743,0.553927,0.765407,0.266399,-0.19065
201,0,-0.341019,-0.325426,1.48616,0.745101,-0.452792,1.61525,0.770152,0.637809,0.00809439,0.199004,-0.228202,-0.953059,-0.606022,0.735611,-0.302676,103.465,11.4787,38.1987,0.556614,0.758457,0.275827,-0.197087
208,0,-0.340823,-0.325207,1.48672,0.745101,-0.452792,1.61525,0.763459,0.645758,0.0112338,0.217766,-0.241005,-0.945777,-0.608036,0.724509,-0.324622,104.296,12.5779,38.5346,0.547228,0.763067,0.282912,-0.195527
216,0,-0.341107,-0.326302,1.48858,0.745101,-0.452792,1.61525,0.784115,0.62035,0.0181426,0.20495,-0.231239,-0.951065,-0.585798,0.749463,-0.308459,103.666,11.8265,36.7627,0.557767,0.762203,0.270695,-0.186189
223,0,-0.34074,-0.324362,1.48578,0.745101,-0.452792,1.61525,0.805552,0.592522,0.0017763,0.190986,-0.256811,-0.947403,-0.560901,0.763522,-0.320038,105.167,11.0103,34.8493,0.554234,0.771751,0.253808,-0.181122
230,0,-0.340733,-0.324997,1.48649,0.745101,-0.452792,1.61525,0.791241,0.611504,0.000535419,0.197517,-0.254744,-0.946622,-0.578726,0.749112,-0.322347,105.062,11.3918,36.1823,0.550943,0.769469,0.26285,-0.187854
238,0,-0.340938,-0.326009,1.48641,0.745101,-0.452792,1.61525,0.807488,0.589877,0.00287695,0.173408,-0.232712,-0.956961,-0.56382,0.773233,-0.290201,103.668,9.98602,34.9243,0.566695,0.763283,0.250001,-0.183727
245,0,-0.340588,-0.324381,1.4827,0.745101,-0.452792,1.61525,0.821969,0.56951,0.00513918,0.171204,-0.238471,-0.95594,-0.543191,0.786632,-0.293518,104.007,9.85784,33.4584,0.567886,0.767131,0.241391,-0.175346
253,0,-0.34022,-0.324133,1.47915,0.745101,-0.452792,1.61525,0.837274,0.54678,0.00204571,0.15582,-0.235015,-0.959421,-0.524111,0.803617,-0.281971,103.764,8.96435,32.0455,0.574519,0.76718,0.228955,-0.170125
260,0,-0.339877,-0.323375,1.47933,0.745101,-0.452792,1.61525,0.842485,0.538717,-0.00177108,0.158539,-0.251075,-0.954896,-0.514863,0.804205,-0.296935,104.732,9.12212,31.4301,0.568875,0.773061,0.225485,-0.167074
268,0,-0.33975,-0.323565,1.47887,0.745101,-0.452792,1.61525,0.842321,0.538977,0.000154019,0.160605,-0.250724,-0.954643,-0.514492,0.80414,-0.297752,104.716,9.24204,31.4167,0.568736,0.77311,0.226223,-0.166321
275,0,-0.339983,-0.324051,1.47969,0.745101,-0.452792,1.61525,0.832383,0.554199,0.00129262,0.165091,-0.245731,-0.955176,-0.52904,0.795286,-0.296036,104.427,9.50251,32.4389,0.568026,0.770414,0.23341,-0.171255
282,0,-0.340178,-0.323682,1.47949,0.745101,-0.452792,1.61525,0.836473,0.547978,-0.00576564,0.160428,-0.254922,-0.95356,-0.524,0.796703,-0.301146,104.967,9.23174,32.0646,0.565775,0.773392,0.228993,-0.171247
290,0,-0.339696,-0.324227,1.47935,0.745101,-0.452792,1.61525,0.828819,0.559234,0.0177768,0.181624,-0.238855,-0.953919,-0.529218,0.793855,-0.299538,104.057,10.4644,32.5591,0.567985,0.769287,0.240761,-0.166206
297,0,-0.339943,-0.322653,1.48009,0.745101,-0.452792,1.61525,0.808224,0.588722,0.0134528,0.201962,-0.255658,-0.945437,-0.55316,0.766841,-0.325528,105.132,11.6517,34.3883,0.553859,0.772886,0.255757,-0.174575
305,0,-0.340092,-0.32257,1.47815,0.745101,-0.452792,1.61525,0.799591,0.600528,-0.00458871,0.18649,-0.255556,-0.948637,-0.570856,0.757666,-0.316333,105.077,10.748,35.5244,0.554008,0.76998,0.255532,-0.186837
312,0,-0.339547,-0.323518,1.47982,0.745101,-0.452792,1.61525,0.785741,0.618508,0.00769027,0.200219,-0.242552,-0.949253,-0.585256,0.747406,-0.31442,104.333,11.5498,36.6804,0.554249,0.765296,0.267455,-0.188674
318,0,-0.339606,-0.323236,1.48001,0.745101,-0.452792,1.61525,0.774938,0.631942,0.0109289,0.213889,-0.245938,-0.945392,-0.594745,0.734958,-0.325752,104.582,12.3503,37.5053,0.548463,0.765935,0.276078,-0.190557
325,0,-0.33967,-0.324022,1.47951,0.745101,-0.452792,1.61525,0.773493,0.633785,0.00488827,0.20074,-0.23766,-0.950379,-0.601175,0.736094,-0.311055,104.04,11.5802,37.8551,0.553349,0.76194,0.273816,-0.195648
332,0,-0.337048,-0.324511,1.48055,0.745101,-0.452792,1.61525,0.792479,0.609732,-0.0142924,0.173396,-0.247709,-0.953192,-0.584732,0.752906,-0.302029,104.567,9.98534,36.4218,0.557391,0.765215,0.255852,-0.195705
339,1,-0.336385,-0.324451,1.48139,0.745101,-0.452792,1.61525,0.822397,0.567375,-0.0418235,0.158837,-0.299578,-0.940757,-0.546291,0.767032,-0.336492,107.664,9.13942,33.5948,0.544593,0.783975,0.23158,-0.187543
346,1,-0.336495,-0.324069,1.48026,0.745101,-0.452792,1.61525,0.81249,0.582544,-0.0223987,0.173783,-0.278696,-0.944525,-0.55647,0.763525,-0.327674,106.439,10.0078,34.407,0.549117,0.777634,0.24315,-0.186099
353,1,-0.336313,-0.32346,1.47873,0.745101,-0.452792,1.61525,0.774426,0.632476,-0.0154559,0.185691,-0.250585,-0.950119,-0.6048,0.732926,-0.311505,104.775,10.7014,37.9886,0.550531,0.764283,0.267626,-0.202888
361,1,-0.335426,-0.323038,1.47804,0.745101,-0.452792,1.61525,0.82127,0.569852,-0.0280004,0.179012,-0.303969,-0.935712,-0.541729,0.76346,-0.351651,107.997,10.3122,33.4098,0.539826,0.786907,0.237914,-0.181003
368,1,-0.33454,-0.3239,1.47824,0.745101,-0.452792,1.61525,0.840426,0.541158,-0.0288571,0.144101,-0.274489,-0.950732,-0.522417,0.794861,-0.308669,106.104,8.28522,31.8655,0.56064,0.778393,0.220088,-0.177055
376,1,-0.328986,-0.323676,1.47783,0.745101,-0.452792,1.61525,0.752562,0.658515,0.00307506,0.189793,-0.212422,-0.95857,-0.630579,0.721966,-0.284842,102.495,10.9407,39.96,0.5602,0.749971,0.28278,-0.209176
384,1,-0.328362,-0.323487,1.47714,0.745101,-0.452792,1.61525,0.746452,0.665398,0.00738296,0.185584,-0.19751,-0.962574,-0.639036,0.719886,-0.270919,101.596,10.6952,40.5668,0.565248,0.744124,0.285901,-0.212214
391,1,-0.32309,-0.324189,1.47743,0.745101,-0.452792,1.61525,0.760106,0.648491,0.0412238,0.197998,-0.170718,-0.965221,-0.618899,0.741832,-0.258164,100.03,11.4199,39.1534,0.576893,0.739761,0.286068,-0.195224
398,1,-0.315344,-0.328138,1.47306,0.745101,-0.452792,1.61525,0.760776,0.648996,0.00498075,0.166371,-0.187597,-0.968054,-0.627328,0.737301,-0.250694,100.967,9.57692,39.5086,0.574997,0.741463,0.274918,-0.209838
405,1,-0.306906,-0.33256,1.47132,0.745101,-0.452792,1.61525,0.756446,0.653911,0.0137897,0.182676,-0.190982,-0.964446,-0.628028,0.73207,-0.263921,101.201,10.5257,39.7006,0.570426,0.74353,0.281289,-0.206528
411,1,-0.302202,-0.340331,1.46805,0.745101,-0.452792,1.61525,0.748016,0.663528,0.01422,0.211801,-0.218355,-0.952608,-0.628977,0.715578,-0.303869,102.91,12.2279,40.0591,0.553578,0.753366,0.290473,-0.204004
418,1,-0.297934,-0.343191,1.47026,0.745101,-0.452792,1.61525,0.750447,0.660773,0.0144707,0.226511,-0.236559,-0.944845,-0.620905,0.712334,-0.327198,104.056,13.0918,39.6037,0.544676,0.760625,0.29163,-0.199321
425,1,-0.298834,-0.341309,1.46738,0.745101,-0.452792,1.61525,0.717723,0.695812,0.0268166,0.21818,-0.188145,-0.957601,-0.661264,0.693143,-0.286848,101.116,12.6022,42.6555,0.557389,0.740391,0.308618,-0.214227
432,1,-0.293461,-0.339903,1.46975,0.745101,-0.452792,1.61525,0.70398,0.710054,-0.0153695,0.181196,-0.200486,-0.962795,-0.686717,0.675003,-0.269797,101.763,10.4394,44.2888,0.55536,0.737269,0.302213,-0.23807
440,1,-0.284246,-0.340007,1.47248,0.745101,-0.452792,1.61525,0.69426,0.71942,-0.0209186,0.15664,-0.179402,-0.971226,-0.702472,0.671006,-0.237241,100.466,9.0119,45.3369,0.565159,0.726447,0.301488,-0.248948
448,1,-0.274045,-0.338359,1.47325,0.745101,-0.452792,1.61525,0.677478,0.735072,-0.0263255,0.123441,-0.148906,-0.981116,-0.725111,0.661435,-0.191619,98.6301,7.09073,46.9451,0.578133,0.710282,0.302173,-0.264485
456,1,-0.26438,-0.339992,1.47497,0.745101,-0.452792,1.61525,0.618317,0.785712,-0.018461,0.177996,-0.162876,-0.970458,-0.765508,0.596765,-0.240562,99.5274,10.253,51.0714,0.551108,0.710942,0.338884,-0.275679
463,1,-0.262458,-0.340777,1.477,0.745101,-0.452792,1.61525,0.581249,0.8134,-0.0230143,0.181886,-0.157438,-0.970634,-0.793137,0.559995,-0.239457,99.2132,10.4797,53.7642,0.54414,0.703233,0.353825,-0.290143
471,1,-0.257003,-0.341317,1.48013,0.745101,-0.452792,1.61525,0.56104,0.827568,-0.0191054,0.152709,-0.126156,-0.980186,-0.813581,0.547006,-0.197155,97.334,8.78393,55.4101,0.556266,0.686358,0.357057,-0.303299
478,1,-0.251724,-0.333822,1.48511,0.745101,-0.452792,1.61525,0.554718,0.831769,-0.0211674,0.184872,-0.148018,-0.971552,-0.81124,0.535024,-0.235879,98.6625,10.6537,55.6361,0.541022,0.696171,0.365083,-0.298924
485,1,-0.246534,-0.333595,1.49335,0.745101,-0.452792,1.61525,0.546668,0.837347,-0.00222593,0.203738,-0.13559,-0.969591,-0.812185,0.529591,-0.244722,97.9607,11.7557,56.0562,0.53999,0.694078,0.374988,-0.293343
492,1,-0.238015,-0.336166,1.49902,0.745101,-0.452792,1.61525,0.551598,0.834095,0.00502078,0.219677,-0.139463,-0.965553,-0.804663,0.533699,-0.260159,98.2189,12.6901,55.5693,0.53665,0.69843,0.377193,-0.286228
500,1,-0.233164,-0.333718,1.50513,0.745101,-0.452792,1.61525,0.564866,0.823266,0.0562188,0.229457,-0.0912641,-0.969031,-0.792639,0.560272,-0.240456,95.3803,13.2651,54.5248,0.555235,0.688583,0.382206,-0.267368
507,1,-0.227694,-0.330307,1.51082,0.745101,-0.452792,1.61525,0.564568,0.824615,0.0356776,0.196018,-0.0919632,-0.976279,-0.801773,0.558169,-0.213559,95.3813,11.3042,54.8487,0.561036,0.683756,0.373171,-0.280105
514,1,-0.225758,-0.328718,1.51219,0.745101,-0.452792,1.61525,0.585241,0.810359,0.0284805,0.196953,-0.107992,-0.974447,-0.786576,0.575896,-0.222804,96.3239,11.3588,53.3494,0.56001,0.692105,0.363858,-0.273837
521,1,-0.21971,-0.330865,1.51717,0.745101,-0.452792,1.61525,0.570646,0.821179,-0.00530042,0.179525,-0.131047,-0.974986,-0.801332,0.555421,-0.222203,97.6552,10.3421,54.5445,0.551678,0.693523,0.360732,-0.290774
529,1,-0.217578,-0.322157,1.52189,0.745101,-0.452792,1.61525,0.643292,0.765401,0.0183395,0.144972,-0.0982536,-0.984545,-0.75177,0.636009,-0.174168,95.699,8.33567,49.4463,0.585421,0.692046,0.32887,-0.26495
536,1,-0.218086,-0.317795,1.52987,0.745101,-0.452792,1.61525,0.675634,0.736005,0.0426023,0.143622,-0.0747221,-0.986808,-0.723112,0.67284,-0.156191,94.3302,8.2575,46.9441,0.600983,0.690389,0.318526,-0.246423
543,1,-0.211385,-0.315306,1.53873,0.745101,-0.452792,1.61525,0.694189,0.717727,0.0544936,0.12482,-0.0454742,-0.991137,-0.708888,0.694838,-0.121154,92.6269,7.17037,45.6002,0.617972,0.682059,0.308825,-0.23986
551,1,-0.208489,-0.312729,1.54284,0.745101,-0.452792,1.61525,0.706562,0.70542,0.0561487,0.110931,-0.032047,-0.993311,-0.698902,0.708065,-0.100896,91.8479,6.369,44.6877,0.62722,0.678142,0.300951,-0.236954
559,1,-0.2007,-0.313551,1.54512,0.745101,-0.452792,1.61525,0.688893,0.724181,0.0314514,0.075885,-0.0289004,-0.996698,-0.72088,0.689004,-0.0748637,91.6609,4.35207,46.2998,0.629509,0.669451,0.298777,-0.257461
566,1,-0.198348,-0.314147,1.54909,0.745101,-0.452792,1.61525,0.742946,0.668937,0.0235431,0.0978711,-0.0737696,-0.992461,-0.662158,0.739649,-0.120276,94.251,5.61659,41.7093,0.622274,0.695879,0.275482,-0.229427
573,1,-0.19636,-0.307823,1.55325,0.745101,-0.452792,1.61525,0.662494,0.747617,-0.0465861,0.0783754,-0.131034,-0.988275,-0.744956,0.651075,-0.145404,97.5527,4.49519,48.3531,0.588654,0.696228,0.296596,-0.284225
581,1,-0.191818,-0.304265,1.55333,0.745101,-0.452792,1.61525,0.65979,0.746526,-0.0858847,0.068687,-0.173727,-0.982396,-0.748304,0.642276,-0.1659,100.029,3.93858,48.5969,0.574492,0.707004,0.288263,-0.294973
589,1,-0.188524,-0.302956,1.55471,0.745101,-0.452792,1.61525,0.651798,0.756446,-0.0543101,0.102803,-0.159078,-0.981899,-0.751393,0.634416,-0.181452,99.2026,5.90063,49.0599,0.572553,0.705749,0.304375,-0.285407
596,1,-0.183254,-0.304297,1.55868,0.745101,-0.452792,1.61525,0.622138,0.774486,-0.114525,0.0734515,-0.203377,-0.976341,-0.779455,0.599007,-0.183416,101.767,4.21225,51.4042,0.55573,0.708684,0.299124,-0.315366
603,1,-0.180032,-0.294278,1.563,0.745101,-0.452792,1.61525,0.641593,0.765982,-0.040368,0.129064,-0.159684,-0.978695,-0.756109,0.622714,-0.201313,99.2667,7.41553,49.6839,0.565817,0.707564,0.316242,-0.281415
610,0,-0.172637,-0.293936,1.56556,0.745101,-0.452792,1.61525,0.622455,0.782571,-0.0115079,0.110715,-0.102599,-0.988542,-0.774785,0.614049,-0.150505,95.9254,6.35652,51.2219,0.585096,0.684755,0.326133,-0.287071
618,1,-0.167481,-0.291129,1.56517,0.745101,-0.452792,1.61525,0.609292,0.792668,0.0210091,0.11229,-0.0600239,-0.991861,-0.784955,0.606692,-0.12558,93.4631,6.44732,52.1809,0.596592,0.669869,0.337737,-0.28511
625,1,-0.158818,-0.290224,1.56466,0.745101,-0.452792,1.61525,0.593963,0.803913,0.0305303,0.159717,-0.0806409,-0.983864,-0.788478,0.589255,-0.176296,94.6857,9.19046,53.0092,0.578149,0.680239,0.354151,-0.278559
633,0,-0.14858,-0.282758,1.5725,0.745101,-0.452792,1.61525,0.582818,0.812281,0.0228713,0.158608,-0.0861079,-0.98358,-0.796973,0.576875,-0.179019,95.0032,9.12611,53.8224,0.573954,0.679696,0.357104,-0.284724
640,1,-0.14374,-0.282802,1.57078,0.745101,-0.452792,1.61525,0.567808,0.822809,0.024077,0.175244,-0.0922511,-0.980193,-0.80429,0.560781,-0.196573,95.3766,10.0929,54.7789,0.565461,0.681292,0.366236,-0.286299
647,1,-0.147332,-0.282075,1.56541,0.745101,-0.452792,1.61525,0.542979,0.839686,0.0100796,0.181707,-0.105764,-0.977648,-0.819851,0.532674,-0.210005,96.1744,10.4692,56.4839,0.553897,0.68168,0.374587,-0.296977
655,1,-0.137637,-0.278763,1.56312,0.745101,-0.452792,1.61525,0.563847,0.823834,0.0580808,0.169541,-0.0466348,-0.984419,-0.80829,0.564909,-0.165969,92.7122,9.76114,55.1011,0.581215,0.666418,0.372655,-0.281433
662,0,-0.137407,-0.27061,1.56335,0.745101,-0.452792,1.61525,0.576813,0.81446,0.0627821,0.169284,-0.0439935,-0.984585,-0.799143,0.578549,-0.163251,92.5584,9.74621,54.1787,0.585143,0.667843,0.368254,-0.275649
670,1,-0.138736,-0.259614,1.56795,0.745101,-0.452792,1.61525,0.59393,0.802668,0.0545119,0.165312,-0.0554489,-0.984681,-0.787349,0.593843,-0.165624,93.223,9.51537,52.9712,0.585845,0.67361,0.359251,-0.271981
677,1,-0.145632,-0.247464,1.57446,0.745101,-0.452792,1.61525,0.589337,0.806184,0.0524369,0.147594,-0.0436259,-0.988085,-0.794291,0.590054,-0.144698,92.5281,8.48753,53.4259,0.591822,0.666645,0.357679,-0.278204
685,1,-0.152611,-0.237891,1.58704,0.745101,-0.452792,1.61525,0.623008,0.781664,0.0293669,0.140189,-0.0746418,-0.987307,-0.769551,0.619217,-0.156083,94.3234,8.05879,51.0073,0.589975,0.680759,0.338539,-0.271823
692,1,-0.155569,-0.230311,1.59978,0.745101,-0.452792,1.61525,0.663375,0.747801,0.0269682,0.12796,-0.0778571,-0.988719,-0.737265,0.659342,-0.147337,94.5025,7.35173,48.0198,0.599621,0.687126,0.318632,-0.25843
700,0,-0.151806,-0.223099,1.61143,0.745101,-0.452792,1.61525,0.621748,0.783188,0.0068042,0.13224,-0.0964107,-0.986518,-0.771973,0.614265,-0.163512,95.5817,7.59907,51.152,0.583486,0.68587,0.333674,-0.278904
706,0,-0.153768,-0.22277,1.61865,0.745101,-0.452792,1.61525,0.608957,0.792807,-0.0250889,0.11688,-0.12097,-0.985751,-0.784545,0.597347,-0.166328,96.9963,6.71204,52.1817,0.574817,0.688523,0.330304,-0.293975
714,1,-0.151885,-0.224338,1.6252,0.745101,-0.452792,1.61525,0.594128,0.802513,-0.0546391,0.109586,-0.14805,-0.98289,-0.796871,0.577974,-0.175905,98.5659,6.29145,53.2927,0.56351,0.692474,0.32929,-0.307416
722,0,-0.140262,-0.228549,1.62683,0.745101,-0.452792,1.61525,0.576221,0.807085,-0.128778,0.0743963,-0.208708,-0.975144,-0.813901,0.552318,-0.180306,102.081,4.26654,54.7025,0.544795,0.700934,0.314395,-0.336222
729,1,-0.124943,-0.233111,1.62591,0.745101,-0.452792,1.61525,0.582188,0.791405,-0.186374,0.0283818,-0.248868,-0.968121,-0.812559,0.558339,-0.16735,104.416,1.62638,54.3789,0.5399,0.706825,0.289954,-0.353317
735,1,-0.111546,-0.231286,1.6253,0.745101,-0.452792,1.61525,0.600374,0.767241,-0.225592,0.0130124,-0.291423,-0.956506,-0.799613,0.571326,-0.184947,106.945,0.745574,53.0996,0.530095,0.720546,0.270716,-0.355704
742,1,-0.103491,-0.227523,1.61999,0.745101,-0.452792,1.61525,0.603422,0.753842,-0.260008,-0.0021246,-0.32454,-0.94587,-0.797419,0.571311,-0.194233,108.938,-0.12173,52.8845,0.520732,0.728388,0.258007,-0.362934
750,1,-0.100544,-0.221794,1.61857,0.745101,-0.452792,1.61525,0.652473,0.724856,-0.22105,-0.00240512,-0.289713,-0.957111,-0.757808,0.62502,-0.187286,106.841,-0.137804,49.2716,0.542096,0.729636,0.247538,-0.335393
756,1,-0.100376,-0.216152,1.62476,0.745101,-0.452792,1.61525,0.656348,0.722594,-0.216948,0.0147278,-0.299771,-0.953897,-0.754315,0.622893,-0.207396,107.446,0.843871,48.9727,0.535999,0.735445,0.250638,-0.330162
764,1,-0.104687,-0.213753,1.63605,0.745101,-0.452792,1.61525,0.664695,0.721006,-0.195785,0.028777,-0.286568,-0.957628,-0.746561,0.630896,-0.211228,106.66,1.64903,48.32,0.540115,0.73527,0.254934,-0.320408
770,1,-0.112392,-0.212963,1.65238,0.745101,-0.452792,1.61525,0.661482,0.725415,-0.190302,0.0314776,-0.280381,-0.959373,-0.7493,0.628617,-0.208301,106.291,1.80383,48.562,0.541479,0.733172,0.258088,-0.32039
778,1,-0.110097,-0.210301,1.66958,0.745101,-0.452792,1.61525,0.6602,0.725005,-0.196223,0.0304271,-0.286853,-0.957491,-0.750473,0.626166,-0.21144,106.678,1.74361,48.6615,0.538959,0.734591,0.257093,-0.322185
785,1,-0.0995046,-0.206257,1.684,0.745101,-0.452792,1.61525,0.65049,0.732101,-0.202217,0.0266975,-0.28812,-0.957222,-0.759046,0.617264,-0.206964,106.752,1.52983,49.404,0.537449,0.732389,0.259015,-0.328126
793,1,-0.0832282,-0.196373,1.69959,0.745101,-0.452792,1.61525,0.644266,0.741194,-0.188555,0.0381393,-0.27737,-0.960006,-0.76385,0.611308,-0.206969,106.115,2.18575,49.8542,0.538499,0.729487,0.267083,-0.326395
800,1,-0.0724819,-0.187732,1.71148,0.745101,-0.452792,1.61525,0.638754,0.755841,-0.143869,0.0290018,-0.210506,-0.977162,-0.768864,0.619994,-0.156382,102.157,1.66191,50.281,0.563885,0.708103,0.277093,-0.322246
809,1,-0.0660936,-0.175206,1.71953,0.745101,-0.452792,1.61525,0.63322,0.769493,-0.0831463,0.0339796,-0.134964,-0.990268,-0.773226,0.624232,-0.111609,97.761,1.94726,50.6849,0.58878,0.685528,0.293013,-0.312304
817,1,-0.0539762,-0.165507,1.72265,0.745101,-0.452792,1.61525,0.582293,0.811986,-0.0401695,0.0952343,-0.117198,-0.988532,-0.807382,0.571789,-0.145572,96.7613,5.4648,54.2004,0.574352,0.679165,0.333947,-0.311983
825,1,-0.0483925,-0.157115,1.72245,0.745101,-0.452792,1.61525,0.561159,0.827649,0.00989062,0.147224,-0.0880467,-0.985177,-0.81451,0.554296,-0.171258,95.107,8.46607,55.435,0.570494,0.674623,0.361266,-0.298174
832,1,-0.041556,-0.154713,1.72517,0.745101,-0.452792,1.61525,0.52414,0.850487,-0.0441412,0.110957,-0.119587,-0.986604,-0.844373,0.512221,-0.157048,96.9111,6.37051,58.1702,0.558459,0.670965,0.358232,-0.331058
839,1,-0.0386486,-0.152205,1.73669,0.745101,-0.452792,1.61525,0.571921,0.80662,0.149231,0.209497,0.0322636,-0.977277,-0.793106,0.590189,-0.150533,88.1091,12.0929,54.204,0.602838,0.650037,0.390792,-0.24763
846,1,-0.0361907,-0.153383,1.74627,0.745101,-0.452792,1.61525,0.537165,0.819292,0.200534,0.219946,0.0934661,-0.971024,-0.814295,0.565707,-0.129993,84.5019,12.7059,56.5884,0.612503,0.627235,0.414214,-0.24463
852,1,-0.0275529,-0.148862,1.75684,0.745101,-0.452792,1.61525,0.500219,0.834951,0.229428,0.213566,0.137809,-0.96716,-0.839148,0.53279,-0.109383,81.8906,12.3314,59.2007,0.618192,0.606587,0.432138,-0.251291
859,1,-0.0162952,-0.141185,1.76151,0.745101,-0.452792,1.61525,0.509122,0.836035,0.204552,0.179894,0.129047,-0.975185,-0.841685,0.533285,-0.084697,82.4618,10.3636,58.8309,0.623192,0.605139,0.419709,-0.263218
868,1,-0.00598927,-0.138434,1.77739,0.745101,-0.452792,1.61525,0.516466,0.810182,0.277251,0.21391,0.191443,-0.95791,-0.829159,0.554035,-0.0744323,78.698,12.3516,58.0821,0.639038,0.591493,0.432842,-0.233269
875,1,0.00200028,-0.133839,1.79256,0.745101,-0.452792,1.61525,0.51505,0.810846,0.277943,0.193565,0.205859,-0.959247,-0.835018,0.547861,-0.0509237,77.8878,11.1609,58.3332,0.64614,0.58312,0.430619,-0.238834
882,1,0.014956,-0.123735,1.79545,0.745101,-0.452792,1.61525,0.568625,0.780665,0.259282,0.200658,0.174042,-0.964078,-0.797748,0.600226,-0.0576823,79.7668,11.5755,54.5192,0.649035,0.60255,0.407155,-0.223411
889,1,0.0288185,-0.114611,1.79885,0.745101,-0.452792,1.61525,0.564612,0.785346,0.253859,0.193185,0.173283,-0.965739,-0.802429,0.59431,-0.053879,79.8276,11.1387,54.8687,0.648848,0.601084,0.406986,-0.228159
897,1,0.0453323,-0.110567,1.80814,0.745101,-0.452792,1.61525,0.546617,0.80451,0.232321,0.191767,0.149799,-0.969941,-0.815129,0.574738,-0.0723963,81.2206,11.0559,56.1546,0.637185,0.606056,0.410968,-0.24041
904,1,0.0567227,-0.105815,1.8199,0.745101,-0.452792,1.61525,0.523988,0.834115,0.172301,0.195167,0.0793282,-0.977557,-0.829063,0.545856,-0.121225,85.3606,11.2545,57.7061,0.608706,0.625677,0.411268,-0.262421
911,1,0.0613764,-0.0989913,1.83476,0.745101,-0.452792,1.61525,0.513648,0.850218,0.1153,0.161002,0.0364845,-0.98628,-0.84276,0.525164,-0.118146,87.8815,9.26504,58.6384,0.598328,0.631528,0.400307,-0.287976
919,1,0.0620601,-0.096412,1.84899,0.745101,-0.452792,1.61525,0.496225,0.864227,0.082897,0.138474,0.015475,-0.990245,-0.85708,0.502864,-0.111994,89.1047,7.95957,59.9303,0.591546,0.63102,0.397254,-0.306719
926,1,0.0548389,-0.096132,1.86098,0.745101,-0.452792,1.61525,0.467211,0.882604,0.0521864,0.116217,-0.00279333,-0.99322,-0.876474,0.470108,-0.103879,90.1611,6.67383,61.9398,0.583211,0.627273,0.398081,-0.328521
933,1,0.050556,-0.0968319,1.87896,0.745101,-0.452792,1.61525,0.44246,0.896772,0.00537709,0.102512,-0.04462,-0.993731,-0.89091,0.440237,-0.111672,92.5709,5.88383,63.5893,0.567047,0.632209,0.395156,-0.350174
941,1,0.0502664,-0.100732,1.89856,0.745101,-0.452792,1.61525,0.39912,0.916545,-0.0254565,0.107359,-0.0742875,-0.991441,-0.910591,0.392971,-0.128049,94.2851,6.1631,66.3317,0.546988,0.632743,0.404549,-0.369837
948,1,0.0522849,-0.102563,1.92019,0.745101,-0.452792,1.61525,0.363016,0.929708,-0.0621487,0.102091,-0.105983,-0.989113,-0.926173,0.352719,-0.133388,96.1159,5.85961,68.5972,0.530011,0.632927,0.407551,-0.390377
954,1,0.0561434,-0.1108,1.9367,0.745101,-0.452792,1.61525,0.364879,0.924331,-0.11169,0.0319197,-0.132309,-0.990694,-0.930507,0.357919,-0.0777811,97.6069,1.82917,68.5884,0.537306,0.627489,0.380983,-0.415225
961,1,0.0641306,-0.118832,1.94322,0.745101,-0.452792,1.61525,0.379048,0.912788,-0.152122,-0.0194782,-0.156483,-0.987489,-0.925172,0.377269,-0.041535,99.0045,-1.11609,67.7208,0.543376,0.627906,0.35567,-0.428923
968,1,0.0756924,-0.122276,1.94612,0.745101,-0.452792,1.61525,0.358491,0.916974,-0.175051,-0.0364914,-0.173607,-0.984139,-0.93282,0.359192,-0.0287747,100.004,-2.09127,68.9778,0.537613,0.624674,0.352377,-0.443379
975,0,0.0855955,-0.118019,1.94315,0.745101,-0.452792,1.61525,0.324447,0.926449,-0.190855,-0.076891,-0.17527,-0.981513,-0.942773,0.333124,0.0143696,100.125,-4.40988,71.0095,0.539339,0.609374,0.348537,-0.465079
982,1,0.0823261,-0.117007,1.94277,0.745101,-0.452792,1.61525,0.479016,0.8635,-0.157834,-0.0474679,-0.154061,-0.986921,-0.876522,0.480242,-0.0328088,98.8724,-2.72073,61.3436,0.568363,0.645346,0.316122,-0.400698
989,1,0.0780473,-0.110993,1.94687,0.745101,-0.452792,1.61525,0.494647,0.855934,-0.150667,-0.0453931,-0.14768,-0.987993,-0.867908,0.495547,-0.0341959,98.5013,-2.60173,60.3199,0.572881,0.647403,0.312997,-0.393331
997,1,0.071979,-0.105607,1.95513,0.745101,-0.452792,1.61525,0.516249,0.845352,-0.137356,-0.0279109,-0.143689,-0.989229,-0.855984,0.514522,-0.0505848,98.2646,-1.59939,58.9056,0.574886,0.653935,0.312509,-0.379755
1005,1,0.0665344,-0.106898,1.96335,0.745101,-0.452792,1.61525,0.552329,0.828669,-0.0907701,-0.00135649,-0.107992,-0.994151,-0.833625,0.549222,-0.0585233,96.1996,-0.077721,56.473,0.588603,0.655524,0.315516,-0.352541
1013,1,0.0591023,-0.109897,1.9766,0.745101,-0.452792,1.61525,0.550606,0.834167,-0.0316006,0.0378568,-0.062769,-0.99731,-0.833906,0.547929,-0.0661399,93.6014,2.16956,56.5643,0.596175,0.647981,0.336439,-0.333925
1020,1,0.0707275,-0.117168,1.98733,0.745101,-0.452792,1.61525,0.58068,0.814023,-0.0132873,0.0556908,-0.0559988,-0.996876,-0.812225,0.578127,-0.0778511,93.2152,3.1925,54.438,0.601421,0.6547,0.332104,-0.315225
1028,1,0.0732195,-0.120417,1.99643,0.745101,-0.452792,1.61525,0.586946,0.809555,0.010678,0.083981,-0.0477599,-0.995322,-0.805258,0.585097,-0.0960197,92.7472,4.81743,53.912,0.600659,0.657785,0.3396,-0.301991
1034,1,0.0762481,-0.104945,2.0004,0.745101,-0.452792,1.61525,0.582576,0.804845,0.113269,0.141027,0.0371485,-0.989309,-0.800448,0.592322,-0.0918628,87.8496,8.10727,53.9524,0.618034,0.639783,0.369606,-0.26852
1040,1,0.0869535,-0.101288,2.00744,0.745101,-0.452792,1.61525,0.557964,0.818341,0.137821,0.173525,0.0473548,-0.98369,-0.811521,0.572779,-0.11558,87.2439,9.99282,55.4894,0.610274,0.637611,0.3889,-0.26415
1048,1,0.0905626,-0.0992212,2.01812,0.745101,-0.452792,1.61525,0.561838,0.815821,0.137019,0.1642,0.0523578,-0.985037,-0.810787,0.57593,-0.104541,86.9574,9.45077,55.2798,0.61434,0.635221,0.385701,-0.265171
1056,1,0.0909348,-0.0949222,2.03095,0.745101,-0.452792,1.61525,0.558082,0.814689,0.157563,0.193325,0.0570004,-0.979478,-0.806951,0.57709,-0.125689,86.6694,11.1469,55.3325,0.610204,0.637725,0.395161,-0.254572
1063,1,0.0872687,-0.0921917,2.04651,0.745101,-0.452792,1.61525,0.562463,0.816997,0.127086,0.148181,0.05161,-0.987613,-0.813436,0.574327,-0.0920345,87.0086,8.52151,55.3375,0.616855,0.633026,0.381176,-0.271059
1070,1,0.0866778,-0.0894924,2.05147,0.745101,-0.452792,1.61525,0.581023,0.807699,0.100175,0.10878,0.0449113,-0.993051,-0.806585,0.587883,-0.0617672,87.4105,6.24501,54.2329,0.625333,0.632036,0.36251,-0.279418
1078,1,0.0871384,-0.0888358,2.06432,0.745101,-0.452792,1.61525,0.585151,0.807993,0.0688851,0.0939417,0.0168325,-0.995435,-0.805465,0.588951,-0.0660547,89.0312,5.39041,54.0025,0.619663,0.639213,0.352752,-0.288081
1085,1,0.089797,-0.0858932,2.08277,0.745101,-0.452792,1.61525,0.562363,0.824164,0.0670986,0.0661095,0.0360736,-0.99716,-0.824244,0.565202,-0.0341986,87.9282,3.79056,55.6952,0.625347,0.624597,0.356339,-0.303053
1092,1,0.0895757,-0.0904019,2.09281,0.745101,-0.452792,1.61525,0.551489,0.830852,0.0744656,0.0529854,0.0541981,-0.997123,-0.832498,0.553848,-0.0141334,86.8888,3.03726,56.4775,0.630784,0.6147,0.359459,-0.308294
1099,1,0.0907376,-0.0982837,2.10177,0.745101,-0.452792,1.61525,0.562255,0.825502,0.0491469,0.0436083,0.0297509,-0.998606,-0.825813,0.563615,-0.0192711,88.2935,2.49936,55.751,0.627044,0.622851,0.348843,-0.311738
1106,1,0.0894998,-0.102798,2.10463,0.745101,-0.452792,1.61525,0.46144,0.887161,-0.0044184,0.0617832,-0.0371028,-0.9974,-0.885018,0.459967,-0.0719324,92.1304,3.54217,62.4629,0.581465,0.626593,0.378613,-0.35487
1114,1,0.0936014,-0.105283,2.10558,0.745101,-0.452792,1.61525,0.423683,0.905742,-0.0111553,0.0642224,-0.0423213,-0.997038,-0.903531,0.421712,-0.0760998,92.4306,3.68221,64.8772,0.57124,0.620907,0.390543,-0.368286
1121,1,0.10479,-0.105654,2.11281,0.745101,-0.452792,1.61525,0.449459,0.893203,0.0132543,0.0816598,-0.0263068,-0.996313,-0.889561,0.448884,-0.0847625,91.5125,4.68398,63.1944,0.578444,0.624606,0.390191,-0.350744
1130,1,0.107501,-0.102959,2.11993,0.745101,-0.452792,1.61525,0.521381,0.853323,0.00151129,0.135026,-0.0807521,-0.987546,-0.842573,0.515092,-0.157324,94.6747,7.76014,58.251,0.566415,0.663223,0.372556,-0.317036
1138,1,0.107645,-0.100011,2.13408,0.745101,-0.452792,1.61525,0.520848,0.853081,0.031142,0.180652,-0.0744954,-0.980722,-0.834315,0.516433,-0.192911,94.3438,10.4077,58.0242,0.559786,0.668628,0.386513,-0.300306
1146,1,0.102309,-0.099556,2.15323,0.745101,-0.452792,1.61525,0.52811,0.846217,0.0708213,0.216418,-0.0534774,-0.974835,-0.821135,0.530148,-0.211379,93.14,12.4987,57.253,0.561973,0.669508,0.396797,-0.280173
1155,1,0.0978046,-0.094226,2.16842,0.745101,-0.452792,1.61525,0.546815,0.832393,0.0900857,0.213712,-0.0347339,-0.976279,-0.809518,0.553097,-0.196885,92.0376,12.34,55.9617,0.57341,0.66679,0.392217,-0.269737
1162,1,0.0979338,-0.0927533,2.1746,0.745101,-0.452792,1.61525,0.522209,0.846827,0.100905,0.196655,-0.00444191,-0.980463,-0.829834,0.531849,-0.168853,90.2596,11.3414,57.8181,0.580714,0.651057,0.400688,-0.279902
1169,1,0.0995966,-0.0930049,2.17528,0.745101,-0.452792,1.61525,0.515638,0.847122,0.128463,0.169598,0.0460531,-0.984437,-0.839854,0.5294,-0.119923,87.3216,9.76444,58.4517,0.600368,0.630378,0.403218,-0.282128
1177,1,0.100077,-0.092729,2.18558,0.745101,-0.452792,1.61525,0.50791,0.850786,0.134874,0.150484,0.0665311,-0.986371,-0.848164,0.521285,-0.0942378,86.1412,8.65498,59.0853,0.608318,0.6196,0.403998,-0.287802
1184,1,0.108897,-0.0898953,2.19078,0.745101,-0.452792,1.61525,0.522855,0.837974,0.156277,0.146765,0.0920994,-0.984875,-0.839692,0.537882,-0.0748304,84.6576,8.43949,58.0905,0.620509,0.613512,0.401271,-0.278485
1191,1,0.109623,-0.0816039,2.19861,0.745101,-0.452792,1.61525,0.467312,0.864903,0.183202,0.0725182,0.169022,-0.982941,-0.881113,0.472626,0.0162649,80.2431,4.15864,62.0601,0.642767,0.566133,0.413958,-0.308193
1199,1,0.112853,-0.0789612,2.20856,0.745101,-0.452792,1.61525,0.541982,0.829406,0.135428,0.0433946,0.133314,-0.990123,-0.839269,0.542506,0.0362623,82.3316,2.48711,57.1465,0.654133,0.585749,0.372515,-0.300402
1207,1,0.112874,-0.0779172,2.21667,0.745101,-0.452792,1.61525,0.560172,0.82191,0.103298,0.00640676,0.120398,-0.992705,-0.828352,0.556747,0.0621775,83.0848,0.367083,55.9315,0.660066,0.586855,0.352863,-0.308872
1214,1,0.111012,-0.0758007,2.21538,0.745101,-0.452792,1.61525,0.662147,0.749215,0.0154133,-0.00665292,0.0264448,-0.999628,-0.749344,0.661799,0.0224948,88.4846,-0.381187,48.535,0.654043,0.635061,0.292319,-0.288922
1222,1,0.112185,-0.0760635,2.21771,0.745101,-0.452792,1.61525,0.681694,0.730942,-0.0319026,-0.0340549,-0.011857,-0.99935,-0.730844,0.682337,0.0168093,90.6798,-1.95158,46.9929,0.649355,0.647445,0.269091,-0.294522
1229,1,0.112219,-0.0779649,2.21838,0.745101,-0.452792,1.61525,0.695465,0.717723,-0.03468,-0.0113296,-0.0373045,-0.99924,-0.718471,0.695329,-0.0178125,92.138,-0.649152,45.9322,0.64038,0.661548,0.266947,-0.284617
1237,1,0.113558,-0.0803588,2.22139,0.745101,-0.452792,1.61525,0.703773,0.709556,-0.0351107,0.0274489,-0.0765439,-0.996688,-0.709894,0.700479,-0.0733461,94.3916,1.5729,45.2481,0.623274,0.680747,0.270661,-0.273598
1244,1,0.112382,-0.0803811,2.22163,0.745101,-0.452792,1.61525,0.697731,0.71636,-0.000509554,0.0812654,-0.0798588,-0.993488,-0.711736,0.693146,-0.113935,94.5957,4.66131,45.5693,0.613176,0.687664,0.289977,-0.258937
1251,1,0.113011,-0.0799443,2.2259,0.745101,-0.452792,1.61525,0.688371,0.72517,-0.0165574,0.0763127,-0.0951023,-0.992538,-0.721333,0.681971,-0.120805,95.4732,4.37665,46.3395,0.606726,0.689978,0.290401,-0.26736
1258,1,0.113895,-0.0809271,2.23049,0.745101,-0.452792,1.61525,0.695618,0.718361,-0.00859134,0.100262,-0.108916,-0.988982,-0.711381,0.687092,-0.147789,96.2846,5.75429,45.6419,0.599774,0.698628,0.29294,-0.257638
1265,1,0.114863,-0.0792638,2.23865,0.745101,-0.452792,1.61525,0.67098,0.741475,0.000153851,0.0363653,-0.0327007,-0.998803,-0.740583,0.670183,-0.0489055,91.8752,2.08404,47.8229,0.630352,0.661926,0.293779,-0.279649
1273,1,0.113929,-0.0780192,2.2424,0.745101,-0.452792,1.61525,0.643414,0.765516,-0.00187299,0.0475549,-0.0424114,-0.997968,-0.76404,0.642017,-0.0636921,92.4335,2.72572,49.8986,0.619942,0.661347,0.307355,-0.289528
1280,1,0.115201,-0.0742224,2.24872,0.745101,-0.452792,1.61525,0.584834,0.811069,-0.0116599,0.0297572,-0.0358172,-0.998915,-0.810607,0.583853,-0.0450822,92.0535,1.70521,54.1904,0.613175,0.645317,0.325742,-0.318552
1287,1,0.113783,-0.0648035,2.24545,0.745101,-0.452792,1.61525,0.636347,0.769878,0.0484872,0.091129,-0.01261,-0.995759,-0.766001,0.638067,-0.0781825,90.7255,5.22856,50.2823,0.621602,0.657103,0.327577,-0.272984
1295,1,0.114467,-0.0635756,2.24217,0.745101,-0.452792,1.61525,0.663754,0.741578,0.0974291,0.148713,-0.00318776,-0.988875,-0.733017,0.670859,-0.112398,90.1847,8.55237,47.8388,0.622127,0.66696,0.333713,-0.238241
1302,1,0.11513,-0.0661643,2.24159,0.745101,-0.452792,1.61525,0.691676,0.720884,0.0437174,0.132728,-0.0673818,-0.988859,-0.709907,0.689772,-0.142288,93.8982,7.62727,45.7453,0.608688,0.689446,0.309528,-0.241567
1309,1,0.114185,-0.0649372,2.24672,0.745101,-0.452792,1.61525,0.697631,0.716457,-0.000828744,0.138562,-0.136056,-0.980964,-0.702931,0.684236,-0.19419,97.8963,7.96463,45.2168,0.584676,0.712018,0.30021,-0.2471
1316,1,0.115229,-0.0656223,2.25414,0.745101,-0.452792,1.61525,0.705981,0.707448,-0.0332961,0.121294,-0.167094,-0.978452,-0.697767,0.68673,-0.203774,99.6911,6.9668,44.6647,0.577736,0.720564,0.287532,-0.253643
1324,1,0.115867,-0.0665288,2.26124,0.745101,-0.452792,1.61525,0.716191,0.696066,-0.0506166,0.0980957,-0.172208,-0.980164,-0.690976,0.69702,-0.191615,99.9647,5.62953,43.9734,0.581457,0.721113,0.275325,-0.2571
1331,1,0.121944,-0.0671547,2.26747,0.745101,-0.452792,1.61525,0.723607,0.689505,-0.0312311,0.0911114,-0.140274,-0.985912,-0.684172,0.710567,-0.164325,98.0976,5.22755,43.3954,0.59561,0.712076,0.274064,-0.251168
1339,1,0.124325,-0.064912,2.26159,0.745101,-0.452792,1.61525,0.813585,0.581336,-0.0113366,0.0676833,-0.114052,-0.991167,-0.577494,0.805631,-0.132138,96.5641,3.88093,35.3677,0.625978,0.717596,0.226109,-0.20514
1346,1,0.13859,-0.0675105,2.26982,0.745101,-0.452792,1.61525,0.636401,0.771344,0.00473739,0.0996628,-0.0761339,-0.992104,-0.764893,0.631848,-0.125326,94.3883,5.71975,50.2391,0.598945,0.677839,0.321244,-0.28036
1353,1,0.13898,-0.0567659,2.26826,0.745101,-0.452792,1.61525,0.728801,0.683093,-0.0472649,-0.0184515,-0.0494101,-0.998608,-0.684477,0.728658,-0.0234061,92.8326,-1.05725,43.2037,0.643425,0.671122,0.247586,-0.272582
1361,1,0.154182,-0.0672864,2.27334,0.745101,-0.452792,1.61525,0.633525,0.772927,-0.035065,0.0823384,-0.112412,-0.990244,-0.769329,0.624457,-0.134857,96.4765,4.72299,50.5293,0.588697,0.68571,0.311817,-0.29327
1368,1,0.16282,-0.0535923,2.27686,0.745101,-0.452792,1.61525,0.656207,0.753845,-0.0333354,0.0809498,-0.11425,-0.990149,-0.750227,0.647043,-0.135995,96.5821,4.64316,48.8245,0.592866,0.690372,0.302299,-0.283746
1375,1,0.166172,-0.0532798,2.28981,0.745101,-0.452792,1.61525,0.648658,0.761058,-0.00582985,0.143311,-0.129661,-0.981147,-0.747466,0.635594,-0.193174,97.5282,8.23947,49.0482,0.575722,0.702049,0.322046,-0.268249
1383,1,0.165184,-0.0510845,2.30048,0.745101,-0.452792,1.61525,0.665419,0.746464,-0.00306426,0.139544,-0.128424,-0.981853,-0.733311,0.652915,-0.189621,97.4519,8.02148,47.7789,0.580382,0.704177,0.314554,-0.261431
1390,1,0.159219,-0.0510581,2.30954,0.745101,-0.452792,1.61525,0.690494,0.723338,-0.00050638,0.131009,-0.125749,-0.983374,-0.711375,0.678948,-0.181592,97.2871,7.52788,45.8533,0.588038,0.706724,0.302221,-0.251824
1397,1,0.154413,-0.0523307,2.30969,0.745101,-0.452792,1.61525,0.709743,0.704361,-0.0118606,0.122446,-0.139927,-0.982562,-0.693737,0.695914,-0.185558,98.105,7.03329,44.3466,0.588272,0.713307,0.289779,-0.247298
1404,1,0.141445,-0.0490842,2.31072,0.745101,-0.452792,1.61525,0.788993,0.614026,-0.0214934,0.0502662,-0.0993758,-0.99378,-0.612343,0.783005,-0.109272,95.7105,2.88126,37.8153,0.628559,0.70669,0.235002,-0.224227
1412,1,0.134102,-0.0433855,2.31048,0.745101,-0.452792,1.61525,0.827542,0.559515,-0.0460209,-0.0105221,-0.0665023,-0.997731,-0.561306,0.826148,-0.0491461,93.8133,-0.602884,34.1483,0.654197,0.696992,0.196915,-0.217839
1420,1,0.128137,-0.0416197,2.31804,0.745101,-0.452792,1.61525,0.864943,0.499673,-0.0469157,-0.0432723,-0.0188829,-0.998885,-0.500001,0.866008,0.00528935,91.083,-2.4801,30.0311,0.680321,0.685299,0.166497,-0.199518
1427,1,0.127124,-0.0415499,2.32467,0.745101,-0.452792,1.61525,0.890656,0.453574,-0.0316791,-0.0341377,-0.00276825,-0.999413,-0.453395,0.891214,0.0130184,90.1587,-1.95633,26.9787,0.689367,0.685639,0.152936,-0.176869
1434,1,0.124244,-0.0415078,2.33524,0.745101,-0.452792,1.61525,0.931188,0.360386,-0.0548666,-0.0479743,-0.0280498,-0.998455,-0.361368,0.932381,-0.0088304,91.6092,-2.74978,21.2098,0.688169,0.701439,0.111347,-0.14835
1442,1,0.124703,-0.0418092,2.34666,0.745101,-0.452792,1.61525,0.954993,0.290595,-0.0595267,-0.0504913,-0.0384996,-0.997982,-0.2923,0.956071,-0.0220943,92.2092,-2.89417,17.0181,0.688186,0.709857,0.0845605,-0.123908
1449,0,0.129281,-0.0392266,2.3574,0.745101,-0.452792,1.61525,0.942436,0.285358,-0.174315,-0.158278,-0.0785177,-0.984268,-0.294556,0.955199,-0.028832,94.561,-9.10696,17.3565,0.677327,0.715854,0.0443807,-0.163745
1456,1,0.130651,-0.0391274,2.36164,0.745101,-0.452792,1.61525,0.925526,0.281586,-0.253202,-0.235047,-0.0970771,-0.967124,-0.296909,0.954613,-0.0236612,95.732,-13.5944,17.7863,0.671712,0.715238,0.0162668,-0.192282
1464,1,0.134513,-0.0411631,2.36156,0.745101,-0.452792,1.61525,0.900174,0.330623,-0.283505,-0.258547,-0.118175,-0.958743,-0.350485,0.936335,-0.0208969,97.0269,-14.9838,21.2736,0.663533,0.714011,0.0252362,-0.221982
1470,0,0.138575,-0.0376411,2.35776,0.745101,-0.452792,1.61525,0.917057,0.332581,-0.219993,-0.19743,-0.100634,-0.975138,-0.346451,0.93769,-0.026626,95.8921,-11.3867,20.6959,0.668916,0.714898,0.0472623,-0.198086
1477,0,0.144489,-0.0330021,2.36171,0.745101,-0.452792,1.61525,0.91711,0.327611,-0.227113,-0.215391,-0.0721544,-0.973859,-0.335434,0.942053,0.00439099,94.2374,-12.4385,20.0901,0.679953,0.704428,0.0398268,-0.199647
1484,1,0.142995,-0.0308168,2.36861,0.745101,-0.452792,1.61525,0.909378,0.369599,-0.190864,-0.172196,-0.0831977,-0.981543,-0.378656,0.925459,-0.0120149,94.8449,-9.91551,22.6064,0.673455,0.707918,0.0697125,-0.201125
1492,0,0.142238,-0.0227983,2.37588,0.745101,-0.452792,1.61525,0.90037,0.421042,-0.109803,-0.0918661,-0.0627219,-0.993794,-0.425316,0.90487,-0.0177935,93.6114,-5.27097,25.2851,0.67451,0.70372,0.116941,-0.190104
1499,1,0.15076,-0.0208251,2.38192,0.745101,-0.452792,1.61525,0.915689,0.331225,-0.227605,-0.232771,-0.0245651,-0.972221,-0.327615,0.943232,0.0546056,91.4474,-13.4603,19.6862,0.697447,0.686595,0.0358486,-0.202164
1506,1,0.151117,-0.0166656,2.38562,0.745101,-0.452792,1.61525,0.955705,0.258977,-0.139849,-0.130634,-0.0525472,-0.990037,-0.263746,0.964453,-0.0163884,93.0382,-7.50622,15.4279,0.686799,0.711449,0.0450994,-0.141821
