103,0,-0.337231,-0.387591,1.45725,0.420156,-0.135836,2.0414,0.819015,0.573145,0.0268139,0.194764,-0.233749,-0.95259,-0.539704,0.785408,-0.303073,103.787,11.231,33.3836,0.56617,0.767437,0.250154,-0.167079
110,0,-0.337083,-0.387246,1.45711,0.420156,-0.135836,2.0414,0.803433,0.594695,0.0288772,0.182549,-0.199879,-0.962665,-0.56672,0.778708,-0.269151,101.73,10.5183,35.1981,0.577582,0.753734,0.257798,-0.178393
118,0,-0.337114,-0.403857,1.45701,0.420156,-0.135836,2.0414,0.7758,0.625076,0.086104,0.189814,-0.101057,-0.976605,-0.601751,0.773994,-0.197048,95.9078,10.9419,37.799,0.607802,0.720053,0.282927,-0.179031
125,0,-0.337424,-0.40102,1.46309,0.420156,-0.135836,2.0414,0.747131,0.65805,0.093627,0.172662,-0.0561211,-0.983381,-0.641859,0.75088,-0.15555,93.2663,9.94266,40.6658,0.619568,0.699786,0.296774,-0.195857
132,0,-0.337095,-0.400906,1.46558,0.420156,-0.135836,2.0414,0.724323,0.684573,0.0819516,0.142145,-0.0319641,-0.98933,-0.674649,0.728243,-0.120461,91.8505,8.17199,42.9664,0.626877,0.684972,0.301734,-0.216322
140,0,-0.337743,-0.402468,1.4708,0.420156,-0.135836,2.0414,0.707172,0.701309,0.089856,0.136039,-0.0102477,-0.990651,-0.693831,0.712784,-0.102652,90.5927,7.81869,44.4544,0.631322,0.67455,0.310336,-0.223844
147,0,-0.340341,-0.403063,1.48148,0.420156,-0.135836,2.0414,0.656589,0.753333,0.0371479,0.0772006,-0.0181304,-0.996851,-0.750287,0.657389,-0.070062,91.042,4.42768,48.8103,0.626178,0.660451,0.314381,-0.269944
154,0,-0.342587,-0.402551,1.48825,0.420156,-0.135836,2.0414,0.626089,0.779361,-0.0246535,0.00048231,-0.0320042,-0.999488,-0.779751,0.625757,-0.0204134,91.834,0.0276343,51.2378,0.62723,0.647786,0.300965,-0.310444
163,0,-0.344767,-0.399009,1.4954,0.420156,-0.135836,2.0414,0.524043,0.843654,-0.116733,-0.151998,-0.0422188,-0.987479,-0.838019,0.535225,0.106109,92.4481,-8.74272,57.9808,0.630066,0.604184,0.286194,-0.395058
171,0,-0.344911,-0.397441,1.49513,0.420156,-0.135836,2.0414,0.489566,0.861112,-0.137155,-0.232477,-0.0227015,-0.972337,-0.840405,0.507908,0.189075,91.3375,-13.4429,59.7777,0.643416,0.575151,0.273248,-0.424915
179,0,-0.343732,-0.397767,1.49314,0.420156,-0.135836,2.0414,0.485313,0.862529,-0.143229,-0.295829,0.00783226,-0.955209,-0.822774,0.505946,0.258962,89.5302,-17.2072,59.4658,0.661836,0.551933,0.256689,-0.437555
186,0,-0.343455,-0.392939,1.49803,0.420156,-0.135836,2.0414,0.452086,0.865929,-0.213973,-0.41178,-0.0101832,-0.911226,-0.791237,0.500062,0.351969,90.6403,-24.3167,60.2578,0.669677,0.526854,0.2155,-0.476987
193,0,-0.340377,-0.390593,1.50308,0.420156,-0.135836,2.0414,0.413494,0.883796,-0.218925,-0.488501,0.0124301,-0.872475,-0.768368,0.467708,0.436874,89.1838,-29.2421,61.7133,0.682422,0.490966,0.201284,-0.50273
200,0,-0.336667,-0.385786,1.50828,0.420156,-0.135836,2.0414,0.382841,0.873058,-0.301998,-0.586886,-0.0226091,-0.809354,-0.71344,0.487093,0.50373,91.6001,-35.9364,61.7814,0.682635,0.474795,0.150682,-0.534672
207,0,-0.329254,-0.380672,1.51574,0.420156,-0.135836,2.0414,0.329238,0.904192,-0.272103,-0.680299,0.0273008,-0.732426,-0.654825,0.426253,0.62411,87.8653,-42.867,63.3073,0.703677,0.411651,0.135972,-0.562932
215,0,-0.323471,-0.372577,1.52027,0.420156,-0.135836,2.0414,0.326281,0.888231,-0.323399,-0.752056,0.0366564,-0.658079,-0.572671,0.457933,0.67996,86.8118,-48.7688,60.3276,0.71465,0.390405,0.0872007,-0.573808
222,0,-0.32244,-0.354522,1.53215,0.420156,-0.135836,2.0414,0.283748,0.899491,-0.33227,-0.818611,0.0467751,-0.572441,-0.499363,0.434429,0.749605,85.3286,-54.9459,60.3939,0.721132,0.349059,0.0579273,-0.595626
229,0,-0.30964,-0.340895,1.54393,0.420156,-0.135836,2.0414,0.283808,0.877286,-0.387068,-0.857163,0.0511799,-0.512495,-0.429795,0.477231,0.766503,84.2971,-58.9996,56.5619,0.724826,0.341367,0.0147372,-0.59823
235,0,-0.30573,-0.331189,1.54153,0.420156,-0.135836,2.0414,0.197333,0.907985,-0.369626,-0.895498,0.0135232,-0.444861,-0.398928,0.418785,0.815767,88.2588,-63.5724,63.6804,0.711798,0.303333,0.0102916,-0.633425
243,0,-0.301985,-0.324937,1.53749,0.420156,-0.135836,2.0414,0.115548,0.908339,-0.401957,-0.935271,-0.0368,-0.352015,-0.334541,0.416613,0.84529,95.9681,-69.2719,70.9455,0.693548,0.277064,-0.0243011,-0.664557
250,0,-0.29985,-0.32642,1.5393,0.420156,-0.135836,2.0414,0.0719619,0.90781,-0.413162,-0.954737,-0.0571697,-0.291905,-0.288614,0.415467,0.862606,101.081,-72.6955,75.9996,0.685091,0.258131,-0.0454495,-0.679672
257,0,-0.302216,-0.328526,1.53983,0.420156,-0.135836,2.0414,0.0179813,0.909492,-0.415332,-0.968248,-0.0877551,-0.234085,-0.249346,0.406353,0.879036,110.55,-75.5229,85.8753,0.672544,0.238065,-0.0617007,-0.697999
264,0,-0.301562,-0.331276,1.53885,0.420156,-0.135836,2.0414,0.0437202,0.842326,-0.537192,-0.982287,-0.0618271,-0.176891,-0.182213,0.53541,0.824703,109.266,-79.1998,76.5075,0.672048,0.264974,-0.132051,-0.678751
271,0,-0.302721,-0.331229,1.53865,0.420156,-0.135836,2.0414,0.024801,0.819278,-0.57286,-0.986292,-0.0734591,-0.147758,-0.163137,0.568671,0.806225,116.435,-80.5021,81.3557,0.662866,0.270201,-0.154527,-0.680971
279,0,-0.303801,-0.330637,1.53845,0.420156,-0.135836,2.0414,0.00927252,0.808993,-0.587745,-0.981122,-0.106183,-0.161632,-0.193168,0.578148,0.792736,123.303,-78.8493,87.2518,0.651119,0.284042,-0.151499,-0.687322
285,0,-0.303645,-0.330761,1.53818,0.420156,-0.135836,2.0414,0.0144787,0.809328,-0.587178,-0.979906,-0.105349,-0.169369,-0.198933,0.577832,0.79154,121.882,-78.4946,85.8373,0.652049,0.286482,-0.148856,-0.686005
292,0,-0.305188,-0.330223,1.53691,0.420156,-0.135836,2.0414,0.0611957,0.794947,-0.603584,-0.986459,-0.0440203,-0.157991,-0.152164,0.605079,0.781489,105.569,-80.5603,68.0916,0.670571,0.284485,-0.168297,-0.664137
300,0,-0.305358,-0.330581,1.53857,0.420156,-0.135836,2.0414,0.0669588,0.794843,-0.60311,-0.987284,-0.034566,-0.155165,-0.144179,0.60583,0.782421,102.559,-80.8529,65.0892,0.673575,0.282446,-0.170334,-0.661443
307,0,-0.304378,-0.330852,1.53821,0.420156,-0.135836,2.0414,0.10892,0.789873,-0.603521,-0.987135,0.0144552,-0.159234,-0.117051,0.613101,0.781285,84.8129,-80.7995,47.0606,0.690047,0.279812,-0.176245,-0.643799
314,0,-0.304327,-0.330453,1.53745,0.420156,-0.135836,2.0414,0.113039,0.786754,-0.606828,-0.985929,0.0131194,-0.166647,-0.123149,0.617127,0.777167,85.4986,-80.3771,47.4512,0.689805,0.284056,-0.175295,-0.642458
321,0,-0.301527,-0.329764,1.53526,0.420156,-0.135836,2.0414,0.224992,0.779284,-0.584889,-0.972376,0.141282,-0.185809,-0.0621633,0.610537,0.789544,52.7519,-76.5014,15.445,0.734135,0.271185,-0.178007,-0.596504
328,0,-0.30113,-0.329504,1.53521,0.420156,-0.135836,2.0414,0.281861,0.771407,-0.570514,-0.959386,0.219476,-0.177222,-0.011496,0.597295,0.801939,38.9201,-73.6147,2.33559,0.758827,0.255169,-0.184172,-0.57022
335,0,-0.302833,-0.329677,1.53507,0.420156,-0.135836,2.0414,0.244878,0.782146,-0.572959,-0.968683,0.172323,-0.178768,-0.0410889,0.598792,0.79985,46.0517,-75.623,9.52512,0.744488,0.261106,-0.178603,-0.58793
343,0,-0.301758,-0.329843,1.53522,0.420156,-0.135836,2.0414,0.247334,0.782274,-0.571728,-0.968682,0.186285,-0.164172,-0.0219228,0.594428,0.80385,41.3895,-75.6229,5.06525,0.747909,0.253574,-0.183781,-0.585284
350,0,-0.302715,-0.329593,1.53526,0.420156,-0.135836,2.0414,0.265751,0.779917,-0.566661,-0.964017,0.210799,-0.161971,-0.00687205,0.589315,0.807874,37.5374,-74.5831,1.48128,0.755716,0.248535,-0.185185,-0.576915
357,0,-0.302815,-0.329523,1.53518,0.420156,-0.135836,2.0414,0.267408,0.779239,-0.566815,-0.963582,0.215284,-0.158627,-0.00158178,0.588591,0.80843,36.3837,-74.4896,0.338913,0.756823,0.246827,-0.186713,-0.575703
364,0,-0.302033,-0.329384,1.53516,0.420156,-0.135836,2.0414,0.25891,0.774312,-0.577414,-0.965898,0.209213,-0.15255,0.00268153,0.597219,0.802074,36.098,-74.9938,-0.593391,0.753359,0.248809,-0.192503,-0.577484
371,0,-0.302429,-0.330153,1.53469,0.420156,-0.135836,2.0414,0.270533,0.767828,-0.580734,-0.962701,0.218406,-0.159702,0.00421168,0.602278,0.798275,36.175,-74.3021,-0.891913,0.756177,0.251919,-0.193389,-0.572131
378,0,-0.302857,-0.329651,1.53432,0.420156,-0.135836,2.0414,0.296134,0.769871,-0.565335,-0.955086,0.245326,-0.16621,0.0107309,0.589164,0.807942,34.118,-72.7628,-2.07531,0.766388,0.246407,-0.187916,-0.56269
385,0,-0.304131,-0.329943,1.5372,0.420156,-0.135836,2.0414,0.352634,0.831945,-0.428389,-0.933071,0.3473,-0.0936012,0.0709083,0.432724,0.898733,15.0835,-68.9187,-11.3695,0.806019,0.163248,-0.154865,-0.547449
393,0,-0.303082,-0.328865,1.53689,0.420156,-0.135836,2.0414,0.364749,0.85151,-0.376681,-0.926547,0.371921,-0.0564467,0.0920306,0.369602,0.924622,8.62997,-67.9028,-14.1609,0.815673,0.130582,-0.143658,-0.544966
400,0,-0.302924,-0.328198,1.53622,0.420156,-0.135836,2.0414,0.40154,0.838284,-0.368844,-0.909027,0.413839,-0.0490629,0.111513,0.35499,0.928195,6.76118,-65.3713,-15.5207,0.828187,0.121969,-0.145003,-0.527451
407,0,-0.302718,-0.328524,1.53605,0.420156,-0.135836,2.0414,0.434886,0.823627,-0.364024,-0.893496,0.444949,-0.0607022,0.111976,0.351652,0.92941,7.76862,-63.3159,-14.4391,0.83804,0.123012,-0.141998,-0.512244
414,0,-0.303169,-0.327916,1.53617,0.420156,-0.135836,2.0414,0.457711,0.808667,-0.369538,-0.879055,0.473903,-0.0517506,0.133276,0.348531,0.927773,6.23206,-61.5286,-16.2345,0.845486,0.118359,-0.148676,-0.499039
421,0,-0.302311,-0.328893,1.53692,0.420156,-0.135836,2.0414,0.49503,0.78382,-0.374929,-0.859706,0.504382,-0.080644,0.125897,0.36225,0.923539,9.08394,-59.2836,-14.2691,0.854832,0.129527,-0.146469,-0.480658
428,0,-0.303547,-0.328772,1.53649,0.420156,-0.135836,2.0414,0.473708,0.795858,-0.377109,-0.869513,0.490632,-0.0568062,0.139812,0.354811,0.924425,6.6044,-60.4022,-16.4436,0.849818,0.12109,-0.152068,-0.48992
436,0,-0.302583,-0.32886,1.53721,0.420156,-0.135836,2.0414,0.441955,0.820209,-0.363227,-0.888708,0.455402,-0.0529798,0.12196,0.346218,0.930193,6.63574,-62.7113,-15.4272,0.840766,0.1187,-0.144269,-0.508143
443,0,-0.304297,-0.327222,1.53839,0.420156,-0.135836,2.0414,0.455536,0.831511,-0.317924,-0.88679,0.455166,-0.0801725,0.078044,0.318454,0.94472,9.98956,-62.4726,-9.72173,0.8449,0.117951,-0.117164,-0.508434
450,0,-0.303646,-0.327798,1.53725,0.420156,-0.135836,2.0414,0.474449,0.839752,-0.264036,-0.879644,0.463705,-0.105854,0.0335433,0.28248,0.958686,12.8591,-61.5994,-4.04405,0.851005,0.114081,-0.08742,-0.505107
457,0,-0.302145,-0.327796,1.53764,0.420156,-0.135836,2.0414,0.509675,0.836801,-0.199988,-0.860364,0.496367,-0.115732,0.00242307,0.231048,0.972939,13.1245,-59.3574,-0.272391,0.862986,0.100459,-0.0586369,-0.491655
465,0,-0.2971,-0.331038,1.53673,0.420156,-0.135836,2.0414,0.467157,0.874192,-0.132486,-0.881608,0.449134,-0.145072,-0.0673167,0.184572,0.980511,17.9006,-61.837,8.1998,0.851,0.0968401,-0.0191449,-0.515805
472,0,-0.296336,-0.330955,1.53753,0.420156,-0.135836,2.0414,0.510854,0.846693,-0.148788,-0.85932,0.498021,-0.116384,-0.0244416,0.187312,0.981996,13.1535,-59.2403,2.73921,0.864707,0.087803,-0.0359505,-0.493235
479,0,-0.295201,-0.33005,1.53823,0.420156,-0.135836,2.0414,0.519161,0.840623,-0.15435,-0.854564,0.507631,-0.109687,-0.0138528,0.188847,0.981909,12.1928,-58.7116,1.52847,0.86728,0.0860546,-0.0404992,-0.48865
487,0,-0.29544,-0.329751,1.53695,0.420156,-0.135836,2.0414,0.505151,0.847727,-0.161808,-0.862495,0.489281,-0.129254,-0.0304024,0.204851,0.978321,14.7978,-59.5979,3.44418,0.862084,0.0968887,-0.0381069,-0.495956
493,0,-0.295793,-0.330351,1.53666,0.420156,-0.135836,2.0414,0.443018,0.885743,-0.138543,-0.895881,0.43159,-0.105485,-0.0336386,0.170849,0.984723,13.7344,-63.6218,4.34216,0.845478,0.0817094,-0.0310192,-0.52681
501,0,-0.296286,-0.330854,1.53714,0.420156,-0.135836,2.0414,0.466561,0.872036,-0.147899,-0.883864,0.453378,-0.115036,-0.033261,0.184394,0.982289,14.2372,-62.112,4.07771,0.851796,0.087882,-0.0336461,-0.515352
508,0,-0.297071,-0.33039,1.53753,0.420156,-0.135836,2.0414,0.506208,0.845824,-0.168331,-0.862387,0.49499,-0.106176,-0.00648417,0.198914,0.979995,12.1066,-59.5857,0.733879,0.863307,0.0883494,-0.0468684,-0.494671
515,0,-0.298658,-0.330523,1.53529,0.420156,-0.135836,2.0414,0.569268,0.802347,-0.179367,-0.821837,0.561378,-0.0971501,0.0227448,0.202715,0.978974,9.81816,-55.2691,-2.288,0.881706,0.0850242,-0.0573071,-0.460523
523,0,-0.298651,-0.329206,1.53658,0.420156,-0.135836,2.0414,0.504013,0.848781,-0.15982,-0.863474,0.490989,-0.115507,-0.0195707,0.196218,0.980365,13.2384,-59.709,2.22366,0.862463,0.090359,-0.0406537,-0.496327
530,0,-0.298626,-0.328826,1.53676,0.420156,-0.135836,2.0414,0.559,0.818589,-0.132027,-0.828992,0.555024,-0.0687065,0.0170355,0.147856,0.988862,7.05676,-55.9954,-1.74555,0.880751,0.061471,-0.0423111,-0.467664
538,0,-0.297682,-0.329279,1.53582,0.420156,-0.135836,2.0414,0.602556,0.791721,-0.100518,-0.796777,0.603969,-0.0191827,0.0455225,0.0916493,0.99475,1.81917,-52.8234,-4.32043,0.894605,0.0309723,-0.0408115,-0.44391
545,0,-0.297323,-0.329081,1.53478,0.420156,-0.135836,2.0414,0.609592,0.783454,-0.12082,-0.791271,0.610569,-0.0331029,0.0478342,0.11578,0.992122,3.10334,-52.3044,-4.48676,0.896142,0.0415345,-0.04705,-0.439307
552,0,-0.2974,-0.329073,1.53476,0.420156,-0.135836,2.0414,0.624818,0.768695,-0.136786,-0.778702,0.626268,-0.0375628,0.0567904,0.129986,0.989888,3.43242,-51.1419,-5.19341,0.900135,0.0465342,-0.0537632,-0.429768
559,0,-0.295076,-0.328893,1.53475,0.420156,-0.135836,2.0414,0.637613,0.757761,-0.138737,-0.769374,0.635483,-0.0650037,0.0389076,0.148188,0.988194,5.84048,-50.2977,-3.4919,0.902952,0.0590262,-0.0491843,-0.422817
567,0,-0.298355,-0.326925,1.53337,0.420156,-0.135836,2.0414,0.545088,0.778646,-0.310789,-0.827108,0.560026,-0.0475697,0.13701,0.282986,0.949288,4.85516,-55.8028,-14.1092,0.873842,0.0945695,-0.128112,-0.459395
574,0,-0.301693,-0.326657,1.53292,0.420156,-0.135836,2.0414,0.567696,0.735168,-0.370472,-0.800834,0.59744,-0.0416004,0.190752,0.320303,0.927911,3.98315,-53.2098,-18.5729,0.879353,0.102889,-0.159556,-0.436685
582,0,-0.30252,-0.326585,1.53194,0.420156,-0.135836,2.0414,0.591125,0.691406,-0.415366,-0.770325,0.636599,-0.036618,0.239104,0.341613,0.908917,3.2921,-50.3831,-22.0228,0.885528,0.106781,-0.184768,-0.412672
590,0,-0.301671,-0.326459,1.53252,0.420156,-0.135836,2.0414,0.625005,0.677551,-0.387676,-0.74928,0.66001,-0.0544625,0.218969,0.324518,0.920185,4.71723,-48.5281,-19.3078,0.895154,0.105842,-0.169425,-0.398488
596,0,-0.301446,-0.326983,1.53269,0.420156,-0.135836,2.0414,0.624815,0.680266,-0.383204,-0.750492,0.658631,-0.0544748,0.215332,0.321628,0.922056,4.72813,-48.633,-19.0157,0.895196,0.105034,-0.167152,-0.399566
604,0,-0.301336,-0.327359,1.53276,0.420156,-0.135836,2.0414,0.620097,0.682591,-0.386717,-0.75664,0.650603,-0.0648905,0.207306,0.332844,0.919913,5.69578,-49.1689,-18.4854,0.893114,0.111334,-0.166278,-0.402869
611,0,-0.302138,-0.327298,1.53249,0.420156,-0.135836,2.0414,0.594835,0.69488,-0.40412,-0.773479,0.631654,-0.0523806,0.218866,0.343736,0.913205,4.74047,-50.6673,-20.2008,0.885959,0.111776,-0.175794,-0.414342
618,0,-0.302185,-0.326268,1.53183,0.420156,-0.135836,2.0414,0.605503,0.68796,-0.400097,-0.761745,0.646576,-0.0410417,0.230458,0.329623,0.915553,3.63201,-49.6183,-20.8371,0.889892,0.104132,-0.177144,-0.40727
625,0,-0.302867,-0.326453,1.53121,0.420156,-0.135836,2.0414,0.612268,0.66623,-0.425752,-0.746788,0.664159,-0.0346486,0.259683,0.339161,0.904176,2.98636,-48.3129,-22.9834,0.891712,0.104801,-0.192168,-0.396153
632,0,-0.301366,-0.326314,1.53166,0.420156,-0.135836,2.0414,0.635307,0.652688,-0.412775,-0.724417,0.688883,-0.0256819,0.267592,0.315337,0.910471,2.13503,-46.4204,-22.8409,0.899258,0.0948057,-0.189147,-0.382845
640,0,-0.301214,-0.327139,1.53088,0.420156,-0.135836,2.0414,0.655335,0.646859,-0.390012,-0.71656,0.695721,-0.050134,0.23891,0.312322,0.919444,4.12163,-45.7712,-20.0299,0.904226,0.100212,-0.173884,-0.376957
647,0,-0.301762,-0.327456,1.53159,0.420156,-0.135836,2.0414,0.677643,0.626576,-0.38497,-0.697741,0.713167,-0.0674495,0.232286,0.314316,0.920461,5.40282,-44.2461,-18.9209,0.909845,0.104899,-0.169605,-0.363886
654,0,-0.303077,-0.32826,1.53002,0.420156,-0.135836,2.0414,0.712472,0.590915,-0.378423,-0.659329,0.748319,-0.0728306,0.240144,0.301395,0.922763,5.55884,-41.2487,-18.6268,0.919722,0.101722,-0.16814,-0.339843
662,0,-0.301979,-0.326565,1.53136,0.420156,-0.135836,2.0414,0.734027,0.554435,-0.392182,-0.618825,0.783939,-0.0499538,0.279751,0.27936,0.91853,3.64604,-38.2304,-20.8628,0.926889,0.0888222,-0.181233,-0.316451
669,0,-0.301676,-0.326873,1.53265,0.420156,-0.135836,2.0414,0.713444,0.582112,-0.390056,-0.647988,0.759934,-0.0511104,0.266665,0.289216,0.919372,3.84771,-40.39,-20.4943,0.920971