134,0,-0.344793,-0.390496,1.45202,-nan,-nan,-nan,0.822494,0.566297,0.0530204,0.226342,-0.240365,-0.943925,-0.521797,0.788373,-0.325876,104.286,13.0818,32.3914,0.560413,0.772777,0.256426,-0.151653
141,0,-0.353853,-0.38749,1.44796,-nan,-nan,-nan,0.822981,0.563101,0.0749618,0.227685,-0.206075,-0.951679,-0.520444,0.800281,-0.297805,102.218,13.1608,32.3088,0.574261,0.762703,0.259205,-0.146021
150,0,-0.362722,-0.387817,1.4429,-nan,-nan,-nan,0.837755,0.540654,0.0765512,0.221511,-0.208351,-0.95264,-0.499099,0.815036,-0.294308,102.337,12.7978,30.7847,0.577732,0.764921,0.249099,-0.138102
158,0,-0.364411,-0.389173,1.44849,-nan,-nan,-nan,0.83552,0.543893,0.0780156,0.240058,-0.233622,-0.942227,-0.494244,0.805979,-0.325762,103.925,13.89,30.606,0.564831,0.773774,0.253288,-0.13448
167,0,-0.363361,-0.388772,1.44515,-nan,-nan,-nan,0.838671,0.539775,0.0726133,0.230457,-0.230905,-0.94529,-0.493477,0.809522,-0.318048,103.727,13.324,30.4727,0.567829,0.772597,0.249235,-0.136185
175,0,-0.362764,-0.388115,1.44255,-nan,-nan,-nan,0.836389,0.543254,0.0729962,0.225606,-0.219812,-0.949097,-0.499555,0.810283,-0.306409,103.04,13.0385,30.8488,0.572313,0.768539,0.250104,-0.138756
184,0,-0.362395,-0.387092,1.4408,-nan,-nan,-nan,0.826788,0.558365,0.0681893,0.218418,-0.206954,-0.953658,-0.518377,0.803367,-0.293065,102.244,12.6161,32.0868,0.575927,0.762694,0.254618,-0.147565
193,0,-0.362273,-0.386843,1.43935,-nan,-nan,-nan,0.837874,0.542351,0.0618168,0.204888,-0.207505,-0.956537,-0.505952,0.814123,-0.284985,102.24,11.823,31.1257,0.579954,0.763277,0.244747,-0.14547
201,0,-0.361604,-0.386157,1.43669,-nan,-nan,-nan,0.852441,0.519878,0.0554139,0.193043,-0.214475,-0.957463,-0.485879,0.826878,-0.283186,102.626,11.1304,29.6825,0.581975,0.766502,0.232524,-0.140399
210,0,-0.36555,-0.388937,1.44416,-nan,-nan,-nan,0.853202,0.521312,0.0167,0.183622,-0.270247,-0.945119,-0.488189,0.809444,-0.3263,105.957,10.5808,29.7775,0.560503,0.782584,0.225195,-0.150619
218,0,-0.370313,-0.390776,1.45325,-nan,-nan,-nan,0.827335,0.559076,-0.0543267,0.164276,-0.333314,-0.928394,-0.53715,0.759168,-0.367605,109.749,9.45519,32.9938,0.530664,0.795024,0.227462,-0.185993
227,0,-0.369898,-0.388885,1.44535,-nan,-nan,-nan,0.841955,0.533875,-0.0780395,0.126033,-0.335241,-0.933664,-0.524622,0.776267,-0.349543,109.751,7.24041,31.927,0.537859,0.794786,0.207574,-0.189567
234,0,-0.36836,-0.388203,1.44246,-nan,-nan,-nan,0.850756,0.521131,-0.0680906,0.11751,-0.314895,-0.941824,-0.512255,0.793261,-0.329137,108.487,6.74842,31.0529,0.549255,0.789745,0.202167,-0.183713
243,0,-0.366896,-0.386816,1.43948,-nan,-nan,-nan,0.843837,0.534707,-0.0450297,0.115175,-0.262442,-0.95805,-0.524094,0.803251,-0.283043,105.319,6.61372,31.8438,0.569726,0.772871,0.210217,-0.184094
250,0,-0.366011,-0.382228,1.42501,-nan,-nan,-nan,0.845114,0.532341,-0.0489409,0.0867247,-0.226862,-0.970058,-0.527504,0.815565,-0.237891,103.163,4.97521,31.9716,0.587444,0.759912,0.203663,-0.189642
259,0,-0.363955,-0.379831,1.4157,-nan,-nan,-nan,0.843992,0.533958,-0.0506707,0.0810685,-0.220383,-0.972039,-0.530194,0.816285,-0.229288,102.774,4.64999,32.137,0.590407,0.757242,0.203048,-0.19177
266,0,-0.362571,-0.377934,1.40961,-nan,-nan,-nan,0.844475,0.532607,-0.056504,0.0762215,-0.223932,-0.97162,-0.530144,0.816201,-0.229701,102.978,4.37141,32.1198,0.58967,0.757975,0.200807,-0.193492
274,0,-0.361194,-0.37613,1.40357,-nan,-nan,-nan,0.842465,0.536288,-0.0514499,0.0878138,-0.230912,-0.969004,-0.531546,0.811834,-0.241629,103.403,5.03785,32.2495,0.585219,0.760757,0.205092,-0.191584
282,0,-0.358577,-0.373809,1.39487,-nan,-nan,-nan,0.840547,0.539351,-0.0508037,0.105472,-0.254911,-0.961195,-0.531372,0.802571,-0.271151,104.853,6.05437,32.3,0.573255,0.769189,0.209579,-0.189217
291,0,-0.35714,-0.372649,1.3877,-nan,-nan,-nan,0.841751,0.538538,-0.0378476,0.124925,-0.262504,-0.95681,-0.525213,0.800668,-0.28824,105.342,7.1764,31.9622,0.568112,0.773385,0.214467,-0.182012
298,0,-0.356254,-0.371062,1.38358,-nan,-nan,-nan,0.829735,0.557025,-0.0355488,0.124949,-0.24744,-0.960813,-0.543992,0.792778,-0.274909,104.442,7.17781,33.2497,0.571705,0.766825,0.222337,-0.188942
307,0,-0.360398,-0.370247,1.38485,-nan,-nan,-nan,0.839506,0.543077,0.0172403,0.155143,-0.209175,-0.965493,-0.520731,0.813211,-0.259859,102.224,8.92511,31.8106,0.585336,0.759694,0.22977,-0.165689
315,0,-0.364775,-0.370032,1.38056,-nan,-nan,-nan,0.880246,0.474517,-0.000200093,0.124843,-0.231994,-0.964673,-0.4578,0.849124,-0.263452,103.522,7.17166,27.4781,0.588388,0.770664,0.19443,-0.148573
324,0,-0.369702,-0.367954,1.37343,-nan,-nan,-nan,0.900631,0.433973,0.0230655,0.128559,-0.215349,-0.968038,-0.415135,0.87481,-0.249741,102.542,7.38632,24.7468,0.59907,0.769045,0.182867,-0.127453
332,0,-0.370611,-0.369053,1.37846,-nan,-nan,-nan,0.90564,0.423653,0.0182911,0.121712,-0.218378,-0.968244,-0.406205,0.879107,-0.249336,102.71,6.9909,24.1576,0.599568,0.770285,0.177001,-0.1259
341,0,-0.366827,-0.367889,1.36526,-nan,-nan,-nan,0.914817,0.402047,0.0383215,0.123822,-0.188892,-0.97416,-0.38442,0.895923,-0.222584,100.974,7.11275,22.7929,0.613054,0.762609,0.172391,-0.113459
349,0,-0.380473,-0.37424,1.3969,-nan,-nan,-nan,0.923128,0.376206,0.079395,0.16555,-0.20253,-0.965181,-0.347027,0.90413,-0.249242,101.851,9.52916,20.6025,0.606497,0.770536,0.175772,-0.086833
358,0,-0.376654,-0.366559,1.36635,-nan,-nan,-nan,0.895596,0.442344,0.0473309,0.155174,-0.210907,-0.965111,-0.416929,0.871694,-0.257527,102.327,8.92687,24.9635,0.597319,0.76877,0.19431,-0.120191
366,0,-0.375767,-0.365561,1.36339,-nan,-nan,-nan,0.88699,0.459919,0.0415081,0.155206,-0.212252,-0.964811,-0.434924,0.86222,-0.259648,102.407,8.92874,26.1204,0.594788,0.767934,0.200253,-0.128076
375,0,-0.374739,-0.364875,1.35994,-nan,-nan,-nan,0.874862,0.482345,0.0442567,0.161613,-0.204547,-0.965423,-0.456615,0.851765,-0.256904,101.963,9.30052,27.5613,0.594435,0.76425,0.21065,-0.13489
383,0,-0.372705,-0.36516,1.3528,-nan,-nan,-nan,0.859108,0.50716,0.0687154,0.197436,-0.204548,-0.958738,-0.472178,0.837227,-0.27586,102.044,11.387,28.7938,0.58709,0.764774,0.230328,-0.131889
392,0,-0.371377,-0.364491,1.3471,-nan,-nan,-nan,0.850089,0.520311,0.081393,0.220227,-0.210825,-0.952393,-0.478381,0.827544,-0.293806,102.482,12.7224,29.3683,0.579969,0.767255,0.241295,-0.129353
400,0,-0.380242,-0.365253,1.34933,-nan,-nan,-nan,0.806361,0.586021,0.0797595,0.195896,-0.137402,-0.970951,-0.558038,0.798562,-0.225595,98.0546,11.2971,34.685,0.6007,0.736437,0.265439,-0.162362
409,0,-0.388683,-0.364862,1.34595,-nan,-nan,-nan,0.812525,0.5794,0.0640225,0.160768,-0.117164,-0.980013,-0.560319,0.806578,-0.188348,96.8176,9.25148,34.5902,0.613802,0.727674,0.254293,-0.170508
417,0,-0.387984,-0.362567,1.33919,-nan,-nan,-nan,0.810172,0.583952,0.0512001,0.129665,-0.0933437,-0.987155,-0.571671,0.806404,-0.151342,95.4017,7.45021,35.2075,0.625597,0.716739,0.248911,-0.181542
426,0,-0.381909,-0.360634,1.33369,-nan,-nan,-nan,0.796863,0.603486,0.0285254,0.0910081,-0.0732259,-0.993154,-0.597266,0.794004,-0.113273,94.2168,5.22161,36.8524,0.634501,0.704159,0.246569,-0.201922
434,0,-0.380142,-0.359509,1.32917,-nan,-nan,-nan,0.781359,0.623473,0.0275614,0.102871,-0.0851116,-0.991047,-0.615545,0.777198,-0.13064,94.9085,5.90454,38.2306,0.625621,0.706596,0.256987,-0.208034
443,0,-0.378921,-0.35792,1.32446,-nan,-nan,-nan,0.769806,0.637668,0.0279153,0.11579,-0.0965068,-0.988574,-0.627688,0.764242,-0.148127,95.5757,6.64918,39.1933,0.617489,0.709655,0.265431,-0.21129
450,0,-0.378059,-0.356615,1.32068,-nan,-nan,-nan,0.744284,0.667406,0.0247052,0.120135,-0.097402,-0.987968,-0.65697,0.738297,-0.152674,95.6305,6.8999,41.4344,0.611189,0.706109,0.278831,-0.223855
459,0,-0.374022,-0.351635,1.31264,-nan,-nan,-nan,0.732938,0.6793,0.0367921,0.110325,-0.0653211,-0.991747,-0.67129,0.730948,-0.12282,93.7683,6.33403,42.4863,0.621449,0.693015,0.284851,-0.228891
467,0,-0.369987,-0.347084,1.30014,-nan,-nan,-nan,0.736346,0.6746,0.0520514,0.109161,-0.0425248,-0.993114,-0.667742,0.736957,-0.104953,92.4519,6.26695,42.2027,0.630252,0.686262,0.285518,-0.224291
475,0,-0.368525,-0.345667,1.29334,-nan,-nan,-nan,0.717518,0.695178,0.0435311,0.117399,-0.0590966,-0.991325,-0.686575,0.716404,-0.124016,93.4116,6.74203,43.7375,0.619356,0.689317,0.294704,-0.233218
484,0,-0.365339,-0.34371,1.28535