104,0,-0.336017,-0.396917,1.4577,-nan,-nan,-nan,0.823595,0.567173,0.00246684,0.180622,-0.258155,-0.949069,-0.537649,0.782094,-0.315059,105.217,10.406,33.1368,0.559102,0.774082,0.241511,-0.172844
112,0,-0.333981,-0.3853,1.45484,-nan,-nan,-nan,0.845573,0.531984,0.0447125,0.171884,-0.191995,-0.966227,-0.505432,0.824701,-0.253786,101.239,9.89739,30.8684,0.591564,0.756861,0.232496,-0.152181
121,0,-0.3321,-0.389209,1.46614,-nan,-nan,-nan,0.829946,0.557664,0.0141857,0.165848,-0.222385,-0.960749,-0.532621,0.799722,-0.277055,103.033,9.54651,32.6905,0.576738,0.763116,0.237026,-0.169841
129,0,-0.330507,-0.391486,1.47734,-nan,-nan,-nan,0.77084,0.636587,0.0237139,0.182153,-0.184591,-0.965788,-0.610431,0.748788,-0.258246,100.82,10.4952,38.3758,0.576195,0.743922,0.275143,-0.19717
137,0,-0.331735,-0.392489,1.48397,-nan,-nan,-nan,0.743961,0.667556,0.0298457,0.185758,-0.163702,-0.968863,-0.641885,0.72634,-0.245792,99.5903,10.7053,40.7874,0.577596,0.733733,0.290744,-0.208536
146,0,-0.33347,-0.393322,1.49145,-nan,-nan,-nan,0.731586,0.680863,0.0347589,0.198437,-0.163888,-0.966314,-0.652231,0.713839,-0.255006,99.6258,11.4456,41.718,0.572864,0.733226,0.299805,-0.210533
154,0,-0.335809,-0.382057,1.50724,-nan,-nan,-nan,0.697834,0.715177,0.0393705,0.211288,-0.153021,-0.965371,-0.684387,0.681987,-0.257892,99.007,12.1979,44.4426,0.567213,0.726076,0.318997,-0.22209
162,0,-0.331887,-0.368582,1.51227,-nan,-nan,-nan,0.636674,0.770194,0.0380516,0.219212,-0.133459,-0.966507,-0.739319,0.623691,-0.253805,97.8619,12.6627,49.2662,0.558885,0.711326,0.347733,-0.246465
171,0,-0.33227,-0.363756,1.51639,-nan,-nan,-nan,0.618996,0.784831,0.0297138,0.202028,-0.122551,-0.971682,-0.758965,0.607471,-0.234416,97.1883,11.6556,50.8,0.5617,0.702845,0.351023,-0.259393
179,0,-0.330872,-0.363795,1.5208,-nan,-nan,-nan,0.606394,0.79421,0.0389324,0.203364,-0.107567,-0.973176,-0.768719,0.598046,-0.226742,96.3074,11.7338,51.7323,0.563934,0.696546,0.358044,-0.261931
187,0,-0.330505,-0.348498,1.55238,-nan,-nan,-nan,0.495079,0.868083,-0.0364652,0.192423,-0.150475,-0.969706,-0.847272,0.473064,-0.241536,98.8206,11.0942,59.7014,0.525135,0.686857,0.386,-0.32166
197,0,-0.331073,-0.344484,1.56639,-nan,-nan,-nan,0.487142,0.869065,-0.0861289,0.16751,-0.189773,-0.967433,-0.857107,0.45685,-0.238023,101.098,9.64307,60.388,0.514623,0.691906,0.374536,-0.340811
206,0,-0.334875,-0.342546,1.5763,-nan,-nan,-nan,0.49464,0.868726,-0.0254043,0.187882,-0.135425,-0.972811,-0.848547,0.476418,-0.230204,97.9252,10.8292,59.7609,0.531275,0.681959,0.387343,-0.320383
215,0,-0.339017,-0.349962,1.58364,-nan,-nan,-nan,0.47399,0.880515,0.00522804,0.194863,-0.0991026,-0.975811,-0.858698,0.463543,-0.218553,95.799,11.2367,61.1019,0.537665,0.669262,0.401703,-0.31881
222,0,-0.339455,-0.350846,1.59102,-nan,-nan,-nan,0.443905,0.895476,0.0327329,0.205632,-0.0662451,-0.976385,-0.872161,0.440153,-0.213545,93.8814,11.8665,63.0252,0.539471,0.656448,0.419343,-0.319686
231,0,-0.342183,-0.353252,1.60449,-nan,-nan,-nan,0.450778,0.892285,0.0250316,0.182232,-0.0645383,-0.981135,-0.873837,0.446835,-0.191695,93.7635,10.4998,62.7126,0.546476,0.653263,0.411211,-0.324833
239,0,-0.344348,-0.355261,1.6128,-nan,-nan,-nan,0.459225,0.887895,0.0274846,0.180858,-0.0631594,-0.981479,-0.869714,0.45569,-0.189587,93.682,10.4197,62.1651,0.549199,0.654212,0.408413,-0.321849
247,0,-0.346182,-0.357435,1.62177,-nan,-nan,-nan,0.463265,0.885881,0.0244932,0.183713,-0.0689606,-0.980558,-0.866969,0.458758,-0.194695,94.0229,10.5861,61.8822,0.547633,0.657062,0.406961,-0.320547
255,0,-0.347696,-0.359627,1.62936,-nan,-nan,-nan,0.456756,0.889222,0.0256507,0.193277,-0.0710501,-0.978568,-0.868342,0.451925,-0.204318,94.1527,11.1441,62.2552,0.543458,0.658051,0.411252,-0.320147
263,0,-0.340301,-0.360919,1.636,-nan,-nan,-nan,0.391723,0.919158,0.0412438,0.227039,-0.0531239,-0.972436,-0.891631,0.390289,-0.229494,93.1269,13.1228,66.2825,0.52657,0.646982,0.442902,-0.328598
271,0,-0.339968,-0.364997,1.65059,-nan,-nan,-nan,0.429745,0.901714,0.047248,0.256412,-0.0716958,-0.963905,-0.865779,0.426348,-0.262021,94.2539,14.8573,63.6017,0.523457,0.663977,0.436056,-0.308192
279,0,-0.341246,-0.366079,1.65407,-nan,-nan,-nan,0.430148,0.901932,0.0386059,0.253719,-0.0797413,-0.963985,-0.866371,0.424452,-0.263138,94.7288,14.6977,63.5959,0.521361,0.665775,0.43395,-0.310828
287,0,-0.350796,-0.3668,1.65907,-nan,-nan,-nan,0.418739,0.90684,0.0479552,0.269761,-0.0737922,-0.960096,-0.867114,0.414966,-0.27553,94.3951,15.65,64.2236,0.517063,0.664842,0.442436,-0.308028
294,0,-0.355629,-0.368069,1.66256,-nan,-nan,-nan,0.393379,0.918308,0.0443121,0.275571,-0.0717914,-0.958596,-0.877105,0.389303,-0.2813,94.283,15.9961,65.8439,0.509972,0.660771,0.4517,-0.315084
302,0,-0.356915,-0.369014,1.66713,-nan,-nan,-nan,0.380078,0.924211,0.0370657,0.254033,-0.0657704,-0.964957,-0.889386,0.376175,-0.259778,93.8992,14.7163,66.8606,0.513452,0.652998,0.45109,-0.32631
310,0,-0.357142,-0.369511,1.67131,-nan,-nan,-nan,0.369749,0.928325,0.0387026,0.23197,-0.0518969,-0.971338,-0.899709,0.368129,-0.234532,93.0583,13.4131,67.659,0.520413,0.643463,0.450801,-0.334521
316,0,-0.357945,-0.370536,1.67597,-nan,-nan,-nan,0.353402,0.934924,0.0319988,0.216824,-0.0485894,-0.975001,-0.909997,0.351506,-0.219886,92.853,12.5226,68.776,0.520799,0.636765,0.452188,-0.34471
324,0,-0.35864,-0.371279,1.6795,-nan,-nan,-nan,0.352778,0.935068,0.034586,0.217474,-0.0459852,-0.974982,-0.910084,0.351473,-0.219576,92.7004,12.5607,68.8121,0.521348,0.63607,0.452994,-0.344105
331,0,-0.360205,-0.372661,1.6871,-nan,-nan,-nan,0.355076,0.934261,0.0328315,0.212264,-0.0463712,-0.976112,-0.91042,0.353563,-0.214775,92.7198,12.2551,68.6935,0.522956,0.635654,0.450923,-0.345152
339,0,-0.378575,-0.390333,1.73333,-nan,-nan,-nan,0.458273,0.885792,0.0732021,0.247133,-0.0478772,-0.967798,-0.853763,0.461606,-0.240849,92.8321,14.3079,61.7745,0.540728,0.66087,0.428573,-0.295278
347,0,-0.393543,-0.398667,1.74194,-nan,-nan,-nan,0.449283,0.890128,0.0762724,0.254068,-0.0454546,-0.966118,-0.856501,0.453439,-0.246575,92.6937,14.7184,62.3204,0.537879,0.659794,0.433543,-0.295633
356,0,-0.413429,-0.410459,1.75279,-nan,-nan,-nan,0.440057,0.889055,0.126221,0.262881,0.00685706,-0.964804,-0.858629,0.45775,-0.230698,89.5928,15.2411,62.8644,0.551411,0.644961,0.446514,-0.283896
364,0,-0.435238,-0.417176,1.75939,-nan,-nan,-nan,0.445724,0.88532,0.132431,0.271366,0.00734647,-0.962448,-0.853048,0.464923,-0.236972,89.5627,15.7456,62.4126,0.551384,0.647176,0.446821,-0.278369
371,0,-0.450547,-0.418143,1.75947,-nan,-nan,-nan,0.44821,0.886836,0.11238,0.263857,-0.0111335,-0.964497,-0.8541,0.46195,-0.238988,90.6614,15.2991,62.3107,0.547286,0.6516,0.441488,-0.284577
379,0,-0.458309,-0.41368,1.75319,-nan,-nan,-nan,0.46061,0.882462,0.0953867,0.225251,-0.012267,-0.974223,-0.858545,0.470223,-0.204426,90.7214,13.0177,61.7864,0.557655,0.647554,0.427653,-0.294631
386,0,-0.458884,-0.407981,1.75133,-nan,-nan,-nan,0.474681,0.875922,0.0862452,0.214081,-0.0198554,-0.976614,-0.853726,0.482044,-0.196943,91.1647,12.3616,60.9254,0.560777,0.650284,0.419048,-0.295056
394,0,-0.452963,-0.409776,1.7528,-nan,-nan,-nan,0.510139,0.859668,0.027007,0.269743,-0.130096,-0.954104,-0.816699,0.494011,-0.298256,97.7646,15.649,58.0096,0.520045,0.696149,0.405592,-0.283593
402,0,-0.44956,-0.41094,1.75411,-nan,-nan,-nan,0.521313,0.853187,-0.0174537,0.271417,-0.185162,-0.944483,-0.809052,0.487634,-0.328097,101.092,15.7486,57.2043,0.50201,0.713192,0.394215,-0.289721
409,0,-0.450598,-0.411961,1.75483,-nan,-nan,-nan,0.540584,0.840071,-0.0452801,0.269673,-0.224014,-0.936533,-0.796897,0.494064,-0.347643,103.452,15.6448,55.8486,0.492171,0.726677,0.381787,-0.289736
417,0,-0.450008,-0.413384,1.75543,-nan,-nan,-nan,0.582612,0.81224,-0.0287969,0.288812,-0.240021,-0.92681,-0.759704,0.531654,-0.374424,104.519,16.7869,52.5156,0.491977,0.741124,0.371413,-0.265982
426,0,-0.449385,-0.413308,1.75498,-nan,-nan,-nan,0.619343,0.78399,-0.0421207,0.2709,-0.263746,-0.92577,-0.736904,0.561959,-0.375733,105.902,15.7179,49.9541,0.49494,0.751469,0.350943,-0.259167
434,0,-0.4487,-0.41267,1.75399,-nan,-nan,-nan,0.646229,0.761453,-0.0507668,0.25303,-0.276552,-0.927089,-0.719975,0.586267,-0.371386,106.61,14.6569,48.0897,0.499573,0.757325,0.33489,-0.254429
442,0,-0.448717,-0.412999,1.75569,-nan,-nan,-nan,0.673361,0.736526,-0.0641426,0.225234,-0.287003,-0.931074,-0.70417,0.612501,-0.359147,107.132,13.0167,46.2812,0.506757,0.761497,0.315747,-0.252237
450,0,-0.448895,-0.413264,1.7551,-nan,-nan,-nan,0.688232,0.724132,-0.0443782,0.241176,-0.286053,-0.927366,-0.68423,0.62754,-0.371514,107.143,13.956,44.833,0.507608,0.7658,0.315131,-0.237859
459,0,-0.44806,-0.413136,1.75376,-nan,-nan,-nan,0.694846,0.717252,-0.0523315,0.22054,-0.281781,-0.933789,-0.684508,0.637298,-0.353978,106.792,12.7408,44.5706,0.51456,0.763316,0.307144,-0.241328
467,0,-0.448288,-0.411668,1.74924,-nan,-nan,-nan,0.680695,0.730689,-0.0524235,0.216905,-0.269382,-0.938289,-0.699719,0.627317,-0.341857,106.019,12.5273,45.7896,0.517072,0.756957,0.312962,-0.24841
475,0,-0.449321,-0.411626,1.74711,-nan,-nan,-nan,0.702041,0.712093,0.00789865,0.253421,-0.239448,-0.937253,-0.66552,0.659991,-0.348561,104.331,14.68,43.4703,0.527739,0.756646,0.319011,-0.217282
483,0,-0.450345,-0.411583,1.74613,-nan,-nan,-nan,0.726805,0.686222,0.0292341,0.242274,-0.21631,-0.945787,-0.642696,0.694485,-0.323469,102.883,14.0208,41.4856,0.544753,0.752759,0.308364,-0.203738
491,0,-0.448909,-0.408891,1.74848,-nan,-nan,-nan,0.651306,0.758554,-0.0199156,0.220287,-0.214127,-0.951642,-0.726136,0.615423,-0.306562,102.681,12.7259,48.1096,0.531652,0.736884,0.332088,-0.25311
499,0,-0.449514,-0.407942,1.74929,-nan,-nan,-nan,0.652208,0.757789,-0.0194866,0.187944,-0.186555,-0.9643,-0.734372,0.625262,-0.264094,100.949,10.8328,48.3912,0.548078,0.725062,0.326087,-0.259929
507,0,-0.447918,-0.402951,1.75031,-nan,-nan,-nan,0.596512,0.800836,-0.0532385,0.11079,-0.147857,-0.982784,-0.79492,0.580345,-0.176923,98.5558,6.36083,53.1152,0.563856,0.693053,0.328844,-0.30595
514,0,-0.448428,-0.402353,1.75071,-nan,-nan,-nan,0.587629,0.808465,-0.0328,0.11488,-0.12349,-0.985674,-0.800933,0.575443,-0.165443,97.1411,6.59671,53.7332,0.569802,0.684938,0.337018,-0.30431
522,0,-0.448855,-0.402023,1.74861,-nan,-nan,-nan,0.57228,0.819729,-0.0232364,0.120186,-0.111868,-0.986428,-0.811203,0.561721,-0.16254,96.4701,6.90285,54.7982,0.569621,0.679464,0.345829,-0.307021
530,0,-0.45031,-0.401689,1.74934,-nan,-nan,-nan,0.609773,0.784522,0.112707,0.200208,-0.0148738,-0.979641,-0.766873,0.619923,-0.166137,90.8699,11.5491,51.5103,0.597654,0.669101,0.36793,-0.24442
538,0,-0.449793,-0.404964,1.7496,-nan,-nan,-nan,0.647969,0.745019,0.158376,0.240553,-0.00288028,-0.970632,-0.722683,0.667037,-0.181083,90.17,13.9192,48.1201,0.604981,0.676744,0.364086,-0.208464
546,0,-0.447767,-0.405828,1.74666,-nan,-nan,-nan,0.647937,0.735185,0.199199,0.270357,0.022517,-0.962497,-0.712099,0.677492,-0.184173,88.6598,15.6855,47.701,0.609566,0.672606,0.373749,-0.190639
554,0,-0.447512,-0.407532,1.74511,-nan,-nan,-nan,0.677838,0.708022,0.198092,0.293962,-0.0140388,-0.955714,-0.673886,0.706051,-0.217648,90.8416,17.0953,44.8325,0.60128,0.690928,0.36255,-0.172158
562,0,-0.44752,-0.407228,1.74528,-nan,-nan,-nan,0.685505,0.701407,0.195221,0.291938,-0.0191691,-0.956245,-0.666975,0.712503,-0.217908,91.1484,16.974,44.2151,0.601753,0.693286,0.358202,-0.170115
570,0,-0.448614,-0.405939,1.74688,-nan,-nan,-nan,0.686302,0.702224,0.189397,0.282669,-0.0175926,-0.959056,-0.67014,0.711739,-0.210571,91.0509,16.4196,44.3173,0.603767,0.691821,0.355906,-0.173724
577,0,-0.449255,-0.406048,1.74749,-nan,-nan,-nan,0.684015,0.709455,0.169698,0.26863,-0.028696,-0.962816,-0.678205,0.704166,-0.210209,91.7072,15.5827,44.7556,0.601064,0.693347,0.352668,-0.183352
585,0,-0.449858,-0.406964,1.74786,-nan,-nan,-nan,0.687918,0.710057,0.150293,0.254402,-0.0419644,-0.966188,-0.679741,0.702893,-0.209508,92.487,14.7382,44.6575,0.599259,0.69631,0.346275,-0.190091
592,0,-0.450579,-0.404936,1.74575,-nan,-nan,-nan,0.68106,0.724351,0.107111,0.230624,-0.0733651,-0.970273,-0.69496,0.685517,-0.217019,94.3241,13.3338,45.5788,0.589635,0.702041,0.340071,-0.209336
600,0,-0.450164,-0.403864,1.74664,-nan,-nan,-nan,0.646728,0.752795,0.122645,0.225301,-0.0349277,-0.973663,-0.728685,0.657327,-0.192194,92.0545,13.0205,48.4101,0.595736,0.684443,0.35726,-0.221363
608,0,-0.450212,-0.405467,1.74651,-nan,-nan,-nan,0.636522,0.761515,0.122206,0.228275,-0.0346655,-0.972979,-0.736702,0.64722,-0.1959,92.0405,13.1956,49.1724,0.592865,0.683207,0.362185,-0.224857
617,0,-0.450312,-0.405716,1.74534,-nan,-nan,-nan,0.630619,0.768771,0.106348,0.236279,-0.0596537,-0.969852,-0.739251,0.636735,-0.219263,93.5197,13.667,49.5341,0.581314,0.69093,0.363659,-0.229004
624,0,-0.448422,-0.404333,1.7467,-nan,-nan,-nan,0.620185,0.767277,0.163272,0.245902,0.00749237,-0.969266,-0.744918,0.641272,-0.184028,89.5571,14.2352,50.2208,0.60076,0.670209,0.377934,-0.216965
632,0,-0.447463,-0.40688,1.74844,-nan,-nan,-nan,0.580148,0.795632,0.174351,0.256677,0.0245649,-0.966185,-0.773011,0.605282,-0.189969,88.5436,14.873,53.1116,0.594715,0.660597,0.398242,-0.22656
640,0,-0.447515,-0.406958,1.74625,-nan,-nan,-nan,0.554057,0.815876,0.165431,0.260824,0.018586,-0.965207,-0.790564,0.577928,-0.202502,88.8969,15.1189,54.9758,0.585265,0.659161,0.40836,-0.237094
648,0,-0.447622,-0.405098,1.74505,-nan,-nan,-nan,0.557157,0.812872,0.169751,0.262768,0.0213354,-0.964623,-0.787737,0.582051,-0.20171,88.7329,15.2344,54.7287,0.586682,0.659077,0.40801,-0.234413
656,0,-0.445871,-0.405937,1.74683,-nan,-nan,-nan,0.561728,0.798719,0.215663,0.293017,0.0517066,-0.954708,-0.773694,0.599479,-0.204993,86.8999,17.0387,54.0191,0.593389,0.654793,0.416825,-0.213057
664,0,-0.447654,-0.405669,1.74755,-nan,-nan,-nan,0.59025,0.777856,0.215745,0.289943,0.045136,-0.955979,-0.753352,0.62682,-0.198892,87.2968,16.8545,51.9214,0.599269,0.660304,0.404283,-0.203545
671,0,-0.449025,-0.400953,1.74948,-nan,-nan,-nan,0.584834,0.787137,0.19592,0.29808,0.0160831,-0.954405,-0.754399,0.616568,-0.225224,89.0346,17.3423,52.216,0.58645,0.669697,0.405115,-0.208482
678,0,-0.447835,-0.403197,1.74724,-nan,-nan,-nan,0.617324,0.769842,0.162032,0.263083,-0.00790985,-0.964741,-0.741416,0.638186,-0.207416,90.4698,15.2531,50.2183,0.59203,0.676877,0.381504,-0.213992
686,0,-0.446691,-0.404659,1.74705,-nan,-nan,-nan,0.613308,0.772223,0.165909,0.242877,0.0154907,-0.969933,-0.751575,0.635163,-0.178055,89.085,14.0564,50.7845,0.602234,0.666309,0.380867,-0.219742
694,0,-0.448037,-0.404634,1.74444,-nan,-nan,-nan,0.619719,0.767972,0.161762,0.244159,0.0072304,-0.969708,-0.745879,0.640442,-0.183026,89.5728,14.1321,50.2783,0.600817,0.669984,0.37767,-0.217959
701,0,-0.449688,-0.404513,1.74578,-nan,-nan,-nan,0.649841,0.751259,0.1154,0.22779,-0.0476481,-0.972544,-0.725134,0.658285,-0.202093,92.8049,13.167,48.1344,0.591629,0.689127,0.355178,-0.221198
709,0,-0.449065,-0.404705,1.7459,-nan,-nan,-nan,0.662986,0.74227,0.0973907,0.230486,-0.0786105,-0.969895,-0.712268,0.665474,-0.2232,94.6337,13.3257,47.0523,0.583347,0.700856,0.346988,-0.219331
717,0,-0.446669,-0.405539,1.74471,-nan,-nan,-nan,0.67545,0.731891,0.0900161,0.226832,-0.0900674,-0.96976,-0.701652,0.675443,-0.226852,95.3062,13.1106,46.09,0.58278,0.705757,0.339608,-0.216659
725,0,-0.44768,-0.405601,1.746,-nan,-nan,-nan,0.672072,0.720954,0.168953,0.277161,-0.0333389,-0.960245,-0.68666,0.69218,-0.222226,91.9885,16.0908,45.6151,0.595085,0.694197,0.35945,-0.186441
734,0,-0.447317,-0.406544,1.74588,-nan,-nan,-nan,0.665377,0.726827,0.170282,0.280152,-0.0316892,-0.959432,-0.691945,0.686089,-0.224707,91.8917,16.2693,46.1213,0.593502,0.69314,0.363194,-0.188152
741,0,-0.446525,-0.40676,1.74469,-nan,-nan,-nan,0.661176,0.729088,0.176856,0.303603,-0.0444531,-0.951761,-0.686056,0.682975,-0.250744,92.6741,17.6741,46.058,0.584375,0.699352,0.36916,-0.182026
750,0,-0.446528,-0.407489,1.74523,-nan,-nan,-nan,0.654083,0.732939,0.187019,0.322331,-0.0463982,-0.945489,-0.684308,0.678711,-0.266597,92.8094,18.804,46.2937,0.579027,0.701263,0.376203,-0.177283
757,0,-0.447112,-0.406523,1.74473,-nan,-nan,-nan,0.647109,0.742397,0.173485,0.30206,-0.0407275,-0.952418,-0.700007,0.668721,-0.250604,92.4486,17.5814,47.2487,0.582189,0.696139,0.375089,-0.189087
765,0,-0.446775,-0.4062,1.74431,-nan,-nan,-nan,0.615285,0.770689,0.165717,0.295357,-0.0304736,-0.954901,-0.730882,0.636482,-0.246378,91.8279,17.1789,49.908,0.578453,0.687775,0.387498,-0.205432
773,0,-0.446782,-0.406254,1.74524,-nan,-nan,-nan,0.583858,0.796381,0.157759,0.291914,-0.0246103,-0.956128,-0.757559,0.604295,-0.246844,91.4744,16.9726,52.3782,0.572801,0.681049,0.399492,-0.220175
781,0,-0.446931,-0.406559,1.74715,-nan,-nan,-nan,0.562455,0.806733,0.18118,0.29636,0.00786617,-0.955044,-0.771891,0.590863,-0.234659,89.5281,17.2391,53.9203,0.577854,0.668814,0.412332,-0.220806
788,0,-0.447299,-0.406987,1.74539,-nan,-nan,-nan,0.53082,0.830163,0.170469,0.306687,-0.000652284,-0.95181,-0.790046,0.55752,-0.254947,90.0393,17.8597,56.1035,0.564628,0.668285,0.425287,-0.231779
796,0,-0.447164,-0.406974,1.74578,-nan,-nan,-nan,0.512126,0.841015,0.174415,0.308194,0.00960996,-0.951275,-0.801712,0.540927,-0.254275,89.4212,17.9505,57.4299,0.562908,0.66272,0.43352,-0.236637
803,0,-0.446629,-0.406398,1.74612,-nan,-nan,-nan,0.500827,0.847784,0.174454,0.298387,0.0200872,-0.954234,-0.812489,0.529961,-0.242907,88.7941,17.3607,58.3499,0.565245,0.656439,0.436511,-0.242991
811,0,-0.44754,-0.406151,1.74624,-nan,-nan,-nan,0.523297,0.834901,0.17059,0.288279,0.0149392,-0.95743,-0.801907,0.550198,-0.232866,89.1061,16.7549,56.8729,0.571264,0.659777,0.42559,-0.239216
819,0,-0.447892,-0.406581,1.74631,-nan,-nan,-nan,0.548795,0.820385,0.160604,0.292198,-0.00824906,-0.956322,-0.783227,0.571753,-0.244241,90.4942,16.9896,54.9817,0.569277,0.67106,0.414487,-0.231955
826,0,-0.445903,-0.406854,1.74789,-nan,-nan,-nan,0.539964,0.819113,0.193633,0.310573,0.0199224,-0.950341,-0.782294,0.573287,-0.243637,88.7991,18.0938,55.3853,0.573639,0.664018,0.425322,-0.221628
834,0,-0.446468,-0.406625,1.74554,-nan,-nan,-nan,0.469614,0.854749,0.221059,0.311203,0.0740542,-0.947454,-0.826205,0.513732,-0.231224,85.5308,18.1318,60.3861,0.57281,0.637727,0.457073,-0.237228
842,0,-0.446838,-0.406765,1.74445,-nan,-nan,-nan,0.421517,0.885692,0.19461,0.307783,0.062135,-0.949426,-0.852991,0.460097,-0.24641,86.2556,17.9257,63.7031,0.556157,0.633599,0.470911,-0.259778
850,0,-0.447798,-0.406438,1.74445,-nan,-nan,-nan,0.417143,0.89455,0.16054,0.291824,0.0354523,-0.955815,-0.860715,0.445561,-0.246262,87.8758,16.9672,64.143,0.549166,0.637956,0.464912,-0.274382
858,0,-0.447349,-0.406002,1.74481,-nan,-nan,-nan,0.425053,0.8935,0.144874,0.282114,0.0213109,-0.959144,-0.860082,0.448558,-0.24301,88.7272,16.3864,63.7014,0.548487,0.641629,0.458058,-0.278669
866,0,-0.446963,-0.406634,1.74598,-nan,-nan,-nan,0.411964,0.896445,0.163312,0.293796,0.038978,-0.955073,-0.862537,0.441437,-0.247314,87.663,17.0854,64.4699,0.54855,0.636455,0.467528,-0.274656
873,0,-0.446004,-0.405972,1.74556,-nan,-nan,-nan,0.372778,0.91192,0.171578,0.289554,0.0613549,-0.955193,-0.881587,0.405756,-0.241178,86.3248,16.8312,67.079,0.546112,0.623017,0.482119,-0.284907
882,0,-0.446491,-0.406667,1.74626,-nan,-nan,-nan,0.365531,0.913186,0.180219,0.29599,0.0695301,-0.952657,-0.882484,0.401569,-0.244878,85.8256,17.2169,67.5003,0.545478,0.620661,0.487052,-0.28287
890,0,-0.44687,-0.406395,1.74617,-nan,-nan,-nan,0.359,0.916258,0.177735,0.283709,0.074289,-0.956028,-0.889173,0.393639,-0.233281,85.5567,16.4817,68.0138,0.547724,0.616034,0.486973,-0.288717
897,0,-0.446881,-0.406053,1.74597,-nan,-nan,-nan,0.377971,0.908141,0.180046,0.28276,0.0719457,-0.956489,-0.881581,0.412435,-0.229593,85.6984,16.425,66.7931,0.552342,0.6196,0.480512,-0.283059
905,0,-0.44721,-0.405696,1.74713,-nan,-nan,-nan,0.387915,0.905213,0.173525,0.266855,0.0699011,-0.961198,-0.882219,0.419169,-0.214445,85.8406,15.4772,66.2647,0.557533,0.618963,0.4734,-0.286243
913,0,-0.447577,-0.405526,1.747,-nan,-nan,-nan,0.406863,0.899527,0.159103,0.261508,0.0521868,-0.963789,-0.875258,0.433737,-0.214001,86.9006,15.1596,65.0687,0.557909,0.626234,0.463499,-0.285897
921,0,-0.447394,-0.406031,1.74491,-nan,-nan,-nan,0.410363,0.900271,0.145306,0.2791,0.0277038,-0.959862,-0.868162,0.434447,-0.239898,88.3468,16.2065,64.7008,0.547305,0.636898,0.462936,-0.283741
928,0,-0.447201,-0.406163,1.74403,-nan,-nan,-nan,0.40435,0.899987,0.162864,0.291885,0.0417777,-0.95554,-0.866778,0.433911,-0.2458,87.4965,16.9709,64.991,0.547797,0.634108,0.469901,-0.277521
935,0,-0.446714,-0.406018,1.74567,-nan,-nan,-nan,0.413074,0.894809,0.16937,0.283672,0.0503027,-0.957601,-0.86539,0.443605,-0.233054,86.993,16.4795,64.4836,0.5546,0.63163,0.466445,-0.275486
943,0,-0.44742,-0.405822,1.7457,-nan,-nan,-nan,0.426763,0.889765,0.16184,0.275464,0.0425601,-0.960369,-0.86139,0.454431,-0.226935,87.4625,15.9896,63.6446,0.557312,0.634653,0.459002,-0.275564
951,0,-0.447273,-0.406015,1.74627,-nan,-nan,-nan,0.425383,0.888496,0.172117,0.283346,0.0498702,-0.95772,-0.859514,0.456167,-0.230538,87.0192,16.46,63.6687,0.557834,0.63365,0.462338,-0.271205
958,0,-0.447176,-0.405559,1.74401,-nan,-nan,-nan,0.431066,0.889682,0.150496,0.27346,0.0301341,-0.961411,-0.859885,0.455586,-0.230302,88.2047,15.8703,63.3751,0.554729,0.638599,0.455349,-0.277713
966,0,-0.446627,-0.40701,1.74443,-nan,-nan,-nan,0.432409,0.88327,0.181262,0.30615,0.0452656,-0.950907,-0.848112,0.466674,-0.25084,87.2746,17.8274,62.9853,0.553813,0.639919,0.464676,-0.260521
974,0,-0.446651,-0.406169,1.74411,-nan,-nan,-nan,0.412793,0.894307,0.172677,0.294801,0.0481954,-0.954343,-0.861797,0.444852,-0.243748,87.109,17.1456,64.406,0.551643,0.634103,0.468815,-0.271691
981,0,-0.447071,-0.406091,1.74355,-nan,-nan,-nan,0.395866,0.902656,0.168826,0.291716,0.0507123,-0.95516,-0.870742,0.427365,-0.243244,86.9608,16.9607,65.552,0.548483,0.630158,0.473838,-0.278468
989,0,-0.44662,-0.406632,1.74558,-nan,-nan,-nan,0.452644,0.871991,0.186402,0.308358,0.0430746,-0.950295,-0.836677,0.487624,-0.249388,87.4047,17.9603,61.5865,0.558196,0.644003,0.458208,-0.252435
996,0,-0.446473,-0.405837,1.74454,-nan,-nan,-nan,0.417226,0.88966,0.185545,0.292195,0.062004,-0.954347,-0.860549,0.452394,-0.234085,86.2827,16.9894,64.1341,0.55793,0.630339,0.468738,-0.267715
1004,0,-0.446516,-0.405544,1.74337,-nan,-nan,-nan,0.451141,0.874142,0.179854,0.287799,0.0482625,-0.956474,-0.844774,0.483267,-0.229804,87.1114,16.7262,61.8961,0.563383,0.638882,0.454677,-0.260189
1011,0,-0.445155,-0.405737,1.74466,-nan,-nan,-nan,0.492736,0.849924,0.186655,0.294963,0.0386691,-0.954726,-0.818662,0.525484,-0.231643,87.6806,17.1553,58.9571,0.570035,0.649174,0.440901,-0.243389
1019,0,-0.445564,-0.40709,1.74414,-nan,-nan,-nan,0.516074,0.839618,0.169438,0.314909,-0.00202403,-0.94912,-0.796555,0.543173,-0.265448,90.1222,18.3553,57.0615,0.558704,0.667747,0.432247,-0.234788
1027,0,-0.4465,-0.406598,1.7431,-nan,-nan,-nan,0.536269,0.829943,0.153659,0.3073,-0.0224262,-0.951348,-0.786119,0.557398,-0.267068,91.3504,17.8966,55.6993,0.558295,0.675604,0.420825,-0.234035
1035,0,-0.447463,-0.40761,1.74367,-nan,-nan,-nan,0.547375,0.818295,0.175425,0.317535,-0.00913136,-0.948203,-0.774308,0.574726,-0.264835,90.5518,18.5139,54.7427,0.564227,0.674785,0.420811,-0.221879
1043,0,-0.446827,-0.405927,1.74473,-nan,-nan,-nan,0.549181,0.824368,0.13718,0.274482,-0.0228862,-0.96132,-0.789341,0.565592,-0.238843,91.3638,15.9312,55.1719,0.56733,0.67285,0.408282,-0.242313
1050,0,-0.447955,-0.405965,1.74385,-nan,-nan,-nan,0.576157,0.803461,0.149977,0.281319,-0.0226575,-0.959347,-0.7674,0.594926,-0.239083,91.3529,16.3389,53.1011,0.57324,0.677845,0.400084,-0.227715
1059,0,-0.446852,-0.405986,1.74388,-nan,-nan,-nan,0.566686,0.807262,0.164909,0.292207,-0.00976882,-0.956305,-0.770378,0.590112,-0.241424,90.5853,16.9902,53.662,0.573475,0.674144,0.407728,-0.224532
1066,0,-0.446579,-0.40628,1.74393,-nan,-nan,-nan,0.582974,0.794651,0.169327,0.300962,-0.0176234,-0.953473,-0.754694,0.606811,-0.249434,91.0589,17.5154,52.3152,0.573567,0.680079,0.402752,-0.215183
1074,0,-0.446692,-0.406879,1.74505,-nan,-nan,-nan,0.576141,0.799367,0.170511,0.309044,-0.0199208,-0.950839,-0.756673,0.600513,-0.258517,91.2002,18.0016,52.7139,0.569584,0.680915,0.406957,-0.215211
1082,0,-0.448683,-0.406778,1.74556,-nan,-nan,-nan,0.578653,0.803743,0.138415,0.28958,-0.0438211,-0.95615,-0.762433,0.593361,-0.258105,92.6241,16.8328,52.8031,0.564962,0.685671,0.398632,-0.227521
1089,0,-0.445739,-0.407656,1.74434,-nan,-nan,-nan,0.549381,0.811681,0.198381,0.338843,0.000604726,-0.940843,-0.763784,0.584101,-0.2747,89.9632,19.8064,54.273,0.564643,0.675181,0.426006,-0.209353
1097,0,-0.448104,-0.405729,1.74363,-nan,-nan,-nan,0.641605,0.754918,0.1358,0.256896,-0.0446722,-0.965406,-0.722736,0.654296,-0.222597,92.6494,14.886,48.4031,0.58616,0.69081,0.366169,-0.212409
1105,0,-0.447254,-0.405161,1.74359,-nan,-nan,-nan,0.655154,0.737737,0.162838,0.276594,-0.0336467,-0.960398,-0.703042,0.674249,-0.226098,92.0065,16.0571,47.0193,0.590637,0.691899,0.366503,-0.195189
1113,0,-0.446377,-0.405735,1.74329,-nan,-nan,-nan,0.659181,0.731771,0.173181,0.293952,-0.0387749,-0.955033,-0.692151,0.680446,-0.240665,92.325,17.0947,46.3976,0.587312,0.696172,0.368344,-0.186366
1121,0,-0.447447,-0.406743,1.74351,-nan,-nan,-nan,0.698054,0.697624,0.161375,0.297193,-0.0772311,-0.951689,-0.651458,0.71229,-0.261241,94.6395,17.2891,43.0225,0.583006,0.713534,0.348553,-0.17171
1129,0,-0.447165,-0.405989,1.74264,-nan,-nan,-nan,0.693833,0.701442,0.163017,0.288108,-0.0629151,-0.955529,-0.659992,0.709944,-0.245744,93.7671,16.7447,43.5681,0.588467,0.707547,0.349641,-0.175598
1138,0,-0.44832,-0.406286,1.74343,-nan,-nan,-nan,0.730743,0.669807,0.13181,0.270485,-0.10681,-0.956781,-0.62678,0.734813,-0.259223,96.3698,15.6931,40.6207,0.584104,0.724012,0.324681,-0.170912
1146,0,-0.448893,-0.405593,1.74217,-nan,-nan,-nan,0.735974,0.668196,0.108882,0.248624,-0.11717,-0.961487,-0.629704,0.734701,-0.252364,96.948,14.3961,40.5505,0.584474,0.725518,0.315919,-0.179466
1153,0,-0.449121,-0.405316,1.74164,-nan,-nan,-nan,0.724705,0.679607,0.113742,0.250638,-0.106226,-0.962235,-0.64186,0.725845,-0.247318,96.2997,14.5153,41.5308,0.585483,0.720807,0.32264,-0.183169
1161,0,-0.448352,-0.40605,1.74195,-nan,-nan,-nan,0.712949,0.689124,0.129659,0.273647,-0.103183,-0.956279,-0.645616,0.71726,-0.262141,96.1584,15.8814,42.1626,0.580436,0.720811,0.333919,-0.17895
1170,0,-0.446884,-0.405609,1.74195,-nan,-nan,-nan,0.711806,0.685804,0.151673,0.280935,-0.0800727,-0.956381,-0.643745,0.723368,-0.249662,94.7859,16.316,42.1256,0.587808,0.714413,0.338298,-0.172195
1178,0,-0.446679,-0.40549,1.74484,-nan,-nan,-nan,0.716862,0.672584,0.183682,0.282084,-0.038862,-0.958602,-0.637603,0.738999,-0.217584,92.3215,16.3846,41.651,0.604238,0.702372,0.339802,-0.161567
1186,0,-0.446746,-0.406354,1.74345,-nan,-nan,-nan,0.715602,0.67595,0.176084,0.302497,-0.0726703,-0.950376,-0.62961,0.733356,-0.256476,94.3726,17.6077,41.3424,0.588739,0.714973,0.342127,-0.158581
1194,0,-0.4467,-0.405661,1.7412,-nan,-nan,-nan,0.701952,0.688011,0.18413,0.305662,-0.057503,-0.950402,-0.643299,0.723418,-0.250663,93.4624,17.798,42.5035,0.590294,0.708893,0.350431,-0.161932
1203,0,-0.446719,-0.406033,1.74316,-nan,-nan,-nan,0.700522,0.690333,0.180858,0.295752,-0.0501966,-0.953945,-0.649461,0.721748,-0.239331,93.0121,17.2027,42.8339,0.593926,0.705346,0.349504,-0.16609
1211,0,-0.446826,-0.406671,1.74432,-nan,-nan,-nan,0.703643,0.687976,0.177696,0.302383,-0.0636209,-0.951061,-0.643002,0.722939,-0.252798,93.8271,17.6008,42.4217,0.588902,0.710644,0.348402,-0.163692
1219,0,-0.446877,-0.406467,1.74361,-nan,-nan,-nan,0.705959,0.685414,0.178409,0.303688,-0.0653737,-0.950526,-0.639841,0.725213,-0.254303,93.9344,17.6792,42.1874,0.588702,0.711624,0.34748,-0.162105
1227,0,-0.44769,-0.404598,1.74293,-nan,-nan,-nan,0.707812,0.687207,0.163551,0.262994,-0.0414755,-0.963906,-0.655619,0.725277,-0.210088,92.4638,15.2478,42.8078,0.603376,0.699888,0.339412,-0.175767
1235,0,-0.447769,-0.404117,1.74354,-nan,-nan,-nan,0.705966,0.691696,0.15221,0.247423,-0.039494,-0.968102,-0.663621,0.721108,-0.199023,92.3361,14.3251,43.2291,0.605692,0.697224,0.336735,-0.183374
1244,0,-0.448064,-0.404719,1.74402,-nan,-nan,-nan,0.729299,0.669179,0.142559,0.253463,-0.0707071,-0.964757,-0.635515,0.73973,-0.221179,94.1917,14.6825,41.0691,0.599461,0.710842,0.324489,-0.173371
1251,0,-0.447348,-0.405249,1.74266,-nan,-nan,-nan,0.739216,0.655675,0.153785,0.269393,-0.0785972,-0.959818,-0.617242,0.750941,-0.234734,94.6814,15.6281,39.8617,0.597052,0.716336,0.322847,-0.161746
1259,0,-0.446577,-0.405943,1.74309,-nan,-nan,-nan,0.749526,0.635883,0.184021,0.293331,-0.0698287,-0.953457,-0.593437,0.76862,-0.238862,94.1887,17.0575,38.3704,0.600174,0.717324,0.323847,-0.142689
1266,0,-0.446498,-0.406721,1.74279,-nan,-nan,-nan,0.752429,0.625006,0.207892,0.319743,-0.070645,-0.944867,-0.575861,0.777417,-0.252996,94.2759,18.6474,37.4281,0.597659,0.720429,0.327842,-0.127691
1274,0,-0.446128,-0.406175,1.7436,-nan,-nan,-nan,0.761823,0.617212,0.196659,0.303404,-0.0717471,-0.950157,-0.572339,0.783519,-0.241923,94.3183,17.6622,36.9166,0.601696,0.720329,0.319513,-0.130385
1283,0,-0.447184,-0.406264,1.74483,-nan,-nan,-nan,0.785776,0.594206,0.171683,0.277458,-0.0905596,-0.95646,-0.552787,0.799198,-0.236027,95.4088,16.1085,35.1261,0.603985,0.726698,0.299871,-0.131108
1291,0,-0.447734,-0.406178,1.74385,-nan,-nan,-nan,0.800696,0.577771,0.158324,0.269155,-0.110845,-0.956697,-0.535202,0.808637,-0.244263,96.609,15.614,33.7596,0.601163,0.734133,0.28841,-0.128341
1299,0,-0.447655,-0.4061,1.74551,-nan,-nan,-nan,0.814238,0.55804,0.160021,0.263136,-0.109066,-0.958574,-0.51747,0.822615,-0.235646,96.4912,15.2562,32.437,0.60612,0.734668,0.279438,-0.121636
1306,0,-0.448147,-0.404764,1.74262,-nan,-nan,-nan,0.829642,0.534459,0.161395,0.252546,-0.101449,-0.962252,-0.497911,0.839084,-0.219141,96.0184,14.6282,30.9701,0.614217,0.733184,0.268352,-0.114745
1314,0,-0.44732,-0.404448,1.74194,-nan,-nan,-nan,0.843328,0.514985,0.153586,0.242218,-0.109135,-0.964064,-0.479717,0.850224,-0.216775,96.4585,14.0175,29.6329,0.615918,0.736417,0.257056,-0.110716
1323,0,-0.447399,-0.404236,1.74131,-nan,-nan,-nan,0.832327,0.533129,0.151673,0.242951,-0.104945,-0.964345,-0.498203,0.8395,-0.216873,96.2108,14.0608,30.9033,0.614514,0.73385,0.264386,-0.118052
1331,0,-0.448013,-0.405004,1.74255,-nan,-nan,-nan,0.817241,0.556213,0.150809,0.248388,-0.10383,-0.96308,-0.520019,0.824528,-0.223011,96.1533,14.3822,32.469,0.61041,0.732134,0.274745,-0.126073
1339,0,-0.448573,-0.405945,1.74215,-nan,-nan,-nan,0.824714,0.549885,0.13219,0.247813,-0.141261,-0.958454,-0.508366,0.823209,-0.252768,98.3841,14.3482,31.6503,0.598056,0.744772,0.267766,-0.126272
1348,0,-0.447974,-0.406316,1.74238,-nan,-nan,-nan,0.826914,0.543742,0.143376,0.262652,-0.148021,-0.953469,-0.497219,0.826096,-0.265216,98.8244,15.2275,31.0182,0.594491,0.748357,0.269388,-0.118206
1356,0,-0.447665,-0.406341,1.74219,-nan,-nan,-nan,0.839508,0.515621,0.171355,0.276408,-0.133762,-0.951686,-0.467788,0.846311,-0.254816,98.0007,16.0459,29.1273,0.602273,0.746339,0.265305,-0.0992959
1366,0,-0.44688,-0.405875,1.74181,-nan,-nan,-nan,0.838446,0.51591,0.175627,0.278672,-0.128915,-0.951695,-0.468348,0.846887,-0.251858,97.7142,16.181,29.1873,0.603671,0.744852,0.266691,-0.0982483
1375,0,-0.44735,-0.406903,1.74486,-nan,-nan,-nan,0.841119,0.513547,0.169674,0.276496,-0.13867,-0.950958,-0.464833,0.846782,-0.258632,98.2965,16.0512,28.9266,0.600795,0.748068,0.264028,-0.0986406
1382,0,-0.446803,-0.406404,1.74558,-nan,-nan,-nan,0.844212,0.504996,0.179681,0.277944,-0.1258,-0.952324,-0.458316,0.853905,-0.246563,97.5251,16.1375,28.4972,0.606599,0.744408,0.26294,-0.0935759
1390,0,-0.446857,-0.405804,1.74467,-nan,-nan,-nan,0.839566,0.510492,0.185815,0.280389,-0.114226,-0.953066,-0.465308,0.852262,-0.239036,96.8343,16.2834,28.9963,0.60957,0.74041,0.267042,-0.0943711
1398,0,-0.446067,-0.405822,1.74299,-nan,-nan,-nan,0.843503,0.500508,0.194922,0.287394,-0.113976,-0.951007,-0.45377,0.858197,-0.239982,96.8342,16.702,28.2784,0.610235,0.741192,0.265755,-0.0873081
1406,0,-0.446886,-0.40549,1.74256,-nan,-nan,-nan,0.854478,0.490939,0.169841,0.262955,-0.126789,-0.956441,-0.44802,0.861919,-0.237433,97.5513,15.2454,27.6689,0.61038,0.744765,0.253064,-0.0933779
1414,0,-0.447537,-0.405726,1.74239,-nan,-nan,-nan,0.84112,0.519977,0.1488,0.252193,-0.133689,-0.958398,-0.478451,0.843654,-0.243583,97.9411,14.6073,29.6324,0.604948,0.744713,0.259217,-0.110664
1422,0,-0.447616,-0.405528,1.74391,-nan,-nan,-nan,0.858764,0.490085,0.149473,0.244335,-0.135285,-0.960207,-0.450361,0.861113,-0.235923,98.0197,14.1425,27.6739,0.609827,0.746655,0.245903,-0.100746
1431,0,-0.448026,-0.405012,1.74334,-nan,-nan,-nan,0.870469,0.470715,0.143918,0.230579,-0.131629,-0.964109,-0.434877,0.872411,-0.223116,97.7745,13.3312,26.5462,0.615573,0.745858,0.235063,-0.097525
1439,0,-0.448631,-0.404057,1.73973,-nan,-nan,-nan,0.854633,0.507053,0.111803,0.209166,-0.139123,-0.967933,-0.475239,0.850613,-0.224957,98.1792,12.0735,29.0773,0.610441,0.744767,0.240417,-0.121997
1447,0,-0.449147,-0.404965,1.74042,-nan,-nan,-nan,0.867062,0.488182,0.0994052,0.205977,-0.169596,-0.963748,-0.453626,0.856105,-0.247604,99.9805,11.8867,27.6175,0.602051,0.755689,0.229644,-0.117185
1454,0,-0.450274,-0.404264,1.74139,-nan,-nan,-nan,0.871279,0.486614,0.06387,0.171063,-0.179123,-0.968841,-0.460011,0.855057,-0.239307,100.475,9.84961,27.8328,0.602671,0.756589,0.217316,-0.130897
1462,0,-0.449548,-0.404041,1.7402,-nan,-nan,-nan,0.84604,0.531848,0.0367992,0.163473,-0.193105,-0.967464,-0.507438,0.824529,-0.250318,101.288,9.40854,30.9545,0.592161,0.756549,0.229767,-0.155522
1470,0,-0.447714,-0.403231,1.74003,-nan,-nan,-nan,0.864926,0.501102,0.0282651,0.14183,-0.190008,-0.971484,-0.481442,0.844271,-0.235415,101.067,8.15377,29.1015,0.599896,0.756695,0.212415,-0.149723
1478,0,-0.447591,-0.403543,1.73965,-nan,-nan,-nan,0.862413,0.50514,0.0328328,0.14942,-0.192057,-0.969942,-0.483651,0.841396,-0.24111,101.2,8.5933,29.2842,0.597755,0.757559,0.21601,-0.148773
1486,0,-0.448397,-0.403849,1.74049,-nan,-nan,-nan,0.864373,0.501029,0.0427738,0.157777,-0.189459,-0.969129,-0.477458,0.844438,-0.242814,101.061,9.07786,28.9152,0.598352,0.757734,0.21736,-0.143416
1493,0,-0.447046,-0.403986,1.74229,-nan,-nan,-nan,0.864227,0.501835,0.035698,0.151222,-0.191438,-0.969785,-0.479838,0.843512,-0.241334,101.167,8.69773,29.04,0.598217,0.757793,0.215447,-0.146524
1501,0,-0.447687,-0.40447,1.74393,-nan,-nan,-nan,0.864501,0.499918,0.052151,0.163159,-0.180974,-0.969859,-0.475412,0.846954,-0.238019,100.57,9.39032,28.8076,0.601146,0.755562,0.219399,-0.140048
1508,0,-0.44751,-0.403562,1.74146,-nan,-nan,-nan,0.849086,0.527692,0.0243971,0.143578,-0.186087,-0.971986,-0.508369,0.828802,-0.233769,100.838,8.25496,30.91,0.597752,0.75315,0.222821,-0.160649
1516,0,-0.449187,-0.404786,1.74042,-nan,-nan,-nan,0.822371,0.563557,0.078168,0.206586,-0.167757,-0.96394,-0.530121,0.808864,-0.254381,99.8725,11.9223,32.8069,0.591657,0.749084,0.257028,-0.150835
1524,0,-0.448567,-0.405428,1.7425,-nan,-nan,-nan,0.816648,0.563464,0.124881,0.238473,-0.1324,-0.962081,-0.525564,0.815462,-0.242495,97.8357,13.7964,32.7638,0.600365,0.740193,0.270854,-0.13533
1532,0,-0.44997,-0.401433,1.7414,-nan,-nan,-nan,0.863131,0.499107,0.0767943,0.177291,-0.157114,-0.971537,-0.472835,0.852178,-0.224097,99.1862,10.212,28.7145,0.608671,0.749056,0.22575,-0.13218
1540,0,-0.449994,-0.401729,1.74263,-nan,-nan,-nan,0.876966,0.472717,0.0864211,0.179206,-0.154839,-0.97155,-0.445887,0.867504,-0.220503,99.0553,10.3235,26.9507,0.612704,0.750385,0.217196,-0.119761
1548,0,-0.449332,-0.404771,1.74089,-nan,-nan,-nan,0.875904,0.473324,0.0935706,0.195236,-0.170354,-0.965848,-0.441219,0.864259,-0.241624,100.003,11.2585,26.7358,0.604964,0.756287,0.221001,-0.11492
1556,0,-0.448663,-0.405069,1.74122,-nan,-nan,-nan,0.876672,0.468531,0.109198,0.209528,-0.167527,-0.963345,-0.433063,0.867418,-0.245036,99.8652,12.0947,26.2887,0.605002,0.756511,0.224074,-0.107026
1564,0,-0.44926,-0.405014,1.74108,-nan,-nan,-nan,0.874494,0.471137,0.115279,0.213231,-0.159956,-0.963819,-0.435651,0.867435,-0.240342,99.423,12.3118,26.4813,0.607082,0.754121,0.226876,-0.106207
1572,0,-0.448024,-0.405293,1.7408,-nan,-nan,-nan,0.864905,0.484282,0.131946,0.232566,-0.153696,-0.960359,-0.444805,0.861306,-0.24556,99.0925,13.4482,27.2159,0.60532,0.752357,0.238201,-0.10396
1579,0,-0.448071,-0.405809,1.74265,-nan,-nan,-nan,0.8742,0.468603,0.12722,0.227852,-0.164523,-0.959695,-0.428786,0.867953,-0.250599,99.7278,13.1707,26.1275,0.603961,0.756525,0.23015,-0.0996549
1588,0,-0.447874,-0.405306,1.74135,-nan,-nan,-nan,0.881533,0.450698,0.14061,0.232914,-0.156093,-0.959889,-0.410672,0.878923,-0.242575,99.2363,13.4687,24.979,0.608865,0.755017,0.226357,-0.0894224
1596,0,-0.44676,-0.405518,1.7432,-nan,-nan,-nan,0.864645,0.471586,0.173193,0.260851,-0.126795,-0.957016,-0.429355,0.872657,-0.232647,97.5472,15.1206,26.4075,0.613434,0.745669,0.245564,-0.0858833
1604,0,-0.447093,-0.405378,1.74321,-nan,-nan,-nan,0.870973,0.46159,0.168348,0.250651,-0.122731,-0.960266,-0.422588,0.878562,-0.222593,97.2834,14.516,25.8822,0.617586,0.744362,0.239212,-0.0853885
1612,0,-0.44744,-0.405453,1.74396,-nan,-nan,-nan,0.871141,0.464164,0.160202,0.242486,-0.122956,-0.962332,-0.426982,0.877174,-0.219665,97.2812,14.0333,26.1114,0.618167,0.743936,0.23747,-0.0896516
1620,0,-0.447529,-0.404811,1.74287,-nan,-nan,-nan,0.894583,0.418538,0.156672,0.230452,-0.13166,-0.964136,-0.3829,0.898605,-0.214234,97.7761,13.3237,23.1719,0.622232,0.748411,0.216789,-0.0755693
1628,0,-0.448232,-0.404307,1.74,-nan,-nan,-nan,0.917337,0.366176,0.15623,0.22303,-0.14762,-0.963569,-0.329773,0.918762,-0.217085,98.7101,12.8871,19.773,0.623023,0.755322,0.195018,-0.0574402
1636,0,-0.447318,-0.40571,1.74142,-nan,-nan,-nan,0.940071,0.302372,0.157599,0.220989,-0.188291,-0.956928,-0.259674,0.934408,-0.243827,101.132,12.7671,15.4416,0.613994,0.770096,0.169901,-0.0331368
1644,0,-0.446865,-0.405925,1.74301,-nan,-nan,-nan,0.943236,0.282965,0.173887,0.233249,-0.191669,-0.95334,-0.236434,0.939784,-0.246791,101.368,13.4884,14.072,0.613347,0.771637,0.167247,-0.0202643
1651,0,-0.447269,-0.405721,1.74485,-nan,-nan,-nan,0.953015,0.268612,0.140033,0.19634,-0.195713,-0.960806,-0.230678,0.943156,-0.239256,101.513,11.323,13.6068,0.616045,0.772655,0.15044,-0.0293292
1659,0,-0.449906,-0.404528,1.74532,-nan,-nan,-nan,0.966358,0.234173,0.106372,0.154817,-0.199345,-0.967623,-0.205386,0.951538,-0.228892,101.641,8.90619,11.9989,0.620105,0.773724,0.125688,-0.0319928
1668,0,-0.449128,-0.402783,1.74282,-nan,-nan,-nan,0.977169,0.186972,0.100905,0.140858,-0.21456,-0.9665,-0.159058,0.958648,-0.235998,102.517,8.09749,9.24519,0.617781,0.779058,0.105201,-0.0186611
1676,0,-0.449024,-0.404038,1.74363,-nan,-nan,-nan,0.981018,0.158101,0.112288,0.144967,-0.213321,-0.966167,-0.128798,0.964105,-0.232191,102.451,8.33534,7.47962,0.619578,0.778866,0.0972784,-0.00529966
1684,0,-0.447833,-0.405045,1.74292,-nan,-nan,-nan,0.983123,0.129487,0.12924,0.154403,-0.208346,-0.965791,-0.0981302,0.969446,-0.224823,102.174,8.88218,5.70009,0.622486,0.777221,0.0913156,0.0100069
1692,0,-0.448446,-0.404873,1.74241,-nan,-nan,-nan,0.990206,0.0654973,0.123294,0.134925,-0.222052,-0.965654,-0.03587,0.972832,-0.228715,102.95,7.75427,2.07462,0.620371,0.781181,0.0641407,0.0279782
1700,0,-0.449172,-0.404702,1.74363,-nan,-nan,-nan,0.992854,0.0260078,0.116468,0.119336,-0.217437,-0.968752,0.00012922,0.975728,-0.218987,102.65,6.85378,-0.00745705,0.623785,0.779307,0.046626,0.037404
1708,0,-0.44859,-0.404498,1.74212,-nan,-nan,-nan,0.992488,-0.0235453,0.120054,0.112741,-0.205021,-0.972243,0.0475054,0.978474,-0.200826,101.908,6.47337,-2.74037,0.62981,0.774328,0.0287979,0.0540984
1716,0,-0.447408,-0.405282,1.7419,-nan,-nan,-nan,0.990516,0.0116902,0.136902,0.136104,-0.22003,-0.965952,0.0188304,0.975423,-0.219535,102.832,7.82245,-1.0891,0.622686,0.779436,0.0474042,0.0499504
1724,0,-0.448618,-0.405261,1.74172,-nan,-nan,-nan,0.992935,-0.00716158,0.118442,0.113225,-0.241399,-0.963798,0.0354941,0.9704,-0.238882,104.061,6.50128,-2.04726,0.61495,0.786323,0.0337215,0.0489418
