106,0,-0.335915,-0.386929,1.4556,-nan,-nan,-nan,0.843356,0.537106,0.0163748,0.176063,-0.247404,-0.952782,-0.507693,0.806417,-0.303214,104.556,10.1405,31.0476,0.568493,0.773624,0.230464,-0.158772
115,0,-0.335198,-0.385488,1.4551,-nan,-nan,-nan,0.855624,0.516829,0.0281946,0.156762,-0.206839,-0.965735,-0.493288,0.830726,-0.257996,102.089,9.01899,29.9645,0.589659,0.761653,0.221095,-0.152659
123,0,-0.336764,-0.386493,1.46108,-nan,-nan,-nan,0.862253,0.505816,0.0258935,0.142577,-0.193356,-0.970714,-0.485996,0.840692,-0.238839,101.265,8.19701,29.4071,0.597925,0.757372,0.214027,-0.151875
131,0,-0.337877,-0.388398,1.46618,-nan,-nan,-nan,0.865845,0.499705,0.0246412,0.145245,-0.203927,-0.968152,-0.478765,0.841849,-0.249149,101.895,8.35146,28.9402,0.5943,0.7614,0.211764,-0.149108
139,0,-0.338443,-0.389684,1.47068,-nan,-nan,-nan,0.876117,0.481306,0.0276211,0.144724,-0.207923,-0.967379,-0.459863,0.851535,-0.251822,102.13,8.32128,27.6944,0.595057,0.764176,0.204805,-0.141408
146,0,-0.340344,-0.39148,1.47764,-nan,-nan,-nan,0.872506,0.488173,0.0205044,0.138633,-0.2071,-0.968448,-0.468524,0.847819,-0.248372,102.071,7.96875,28.2352,0.595196,0.762886,0.205406,-0.146817
154,0,-0.34187,-0.393166,1.48321,-nan,-nan,-nan,0.88623,0.462917,0.0174579,0.130739,-0.213784,-0.968093,-0.444414,0.860235,-0.249984,102.453,7.51232,26.6322,0.596335,0.766485,0.193629,-0.139258
162,0,-0.342838,-0.397116,1.48874,-nan,-nan,-nan,0.892126,0.451252,0.0219894,0.130799,-0.21139,-0.96861,-0.432439,0.866998,-0.24761,102.311,7.51577,25.8608,0.598566,0.766669,0.189799,-0.133842
170,0,-0.339958,-0.411709,1.48746,-nan,-nan,-nan,0.907766,0.417554,0.0401303,0.147151,-0.227392,-0.962621,-0.392821,0.87974,-0.267862,103.291,8.46185,23.3998,0.594246,0.775084,0.182143,-0.113759
178,0,-0.337281,-0.428393,1.47861,-nan,-nan,-nan,0.92514,0.378059,0.0344487,0.135237,-0.243419,-0.960447,-0.35472,0.893207,-0.276325,104.222,7.77231,20.978,0.592747,0.781806,0.164138,-0.102414
185,0,-0.332878,-0.441895,1.47579,-nan,-nan,-nan,0.908953,0.415665,0.0320528,0.14717,-0.247987,-0.957519,-0.390059,0.875057,-0.286582,104.52,8.46297,23.2256,0.586171,0.781588,0.180029,-0.114512
193,0,-0.338702,-0.449782,1.46872,-nan,-nan,-nan,0.897504,0.440411,0.0229305,0.144271,-0.244078,-0.958964,-0.416741,0.863982,-0.2826,104.28,8.2951,24.907,0.585411,0.778489,0.187762,-0.126466
201,0,-0.343785,-0.459806,1.46968,-nan,-nan,-nan,0.884451,0.466266,0.0184908,0.148436,-0.243556,-0.958461,-0.442394,0.850457,-0.284625,104.258,8.53632,26.5738,0.582295,0.776633,0.197874,-0.136455
209,0,-0.356761,-0.469378,1.46523,-nan,-nan,-nan,0.862588,0.504825,0.0330521,0.188312,-0.259755,-0.947136,-0.469553,0.823212,-0.319126,105.336,10.8543,28.5618,0.566504,0.78126,0.221801,-0.139678
216,0,-0.367754,-0.479299,1.46295,-nan,-nan,-nan,0.846871,0.530331,0.0394898,0.205824,-0.258392,-0.943859,-0.490354,0.807454,-0.327979,105.31,11.8777,30.0716,0.56136,0.779943,0.235964,-0.144518
223,0,-0.37785,-0.489688,1.46408,-nan,-nan,-nan,0.846459,0.530653,0.043743,0.208808,-0.255254,-0.944058,-0.489802,0.80824,-0.326866,105.13,12.0525,30.0557,0.562214,0.779195,0.237252,-0.143115
231,0,-0.398058,-0.506682,1.47554,-nan,-nan,-nan,0.809674,0.586869,0.00358133,0.186462,-0.251457,-0.949737,-0.556471,0.769645,-0.313027,104.83,10.7464,34.4999,0.55794,0.770415,0.250946,-0.179413
239,0,-0.416316,-0.516521,1.48456,-nan,-nan,-nan,0.800617,0.599157,-0.00485378,0.183624,-0.253061,-0.949864,-0.570346,0.759586,-0.312624,104.918,10.5809,35.4654,0.555637,0.769139,0.254434,-0.186962
246,0,-0.435021,-0.523472,1.4865,-nan,-nan,-nan,0.800614,0.599173,-0.00317436,0.19576,-0.266574,-0.943725,-0.5663,0.754937,-0.330717,105.773,11.2891,35.273,0.54848,0.774259,0.256675,-0.183877
254,0,-0.446335,-0.514316,1.48798,-nan,-nan,-nan,0.797167,0.602088,0.0448932,0.204482,-0.199276,-0.958372,-0.568078,0.773162,-0.281972,101.746,11.7992,35.4745,0.573568,0.754721,0.267175,-0.173304
263,0,-0.453568,-0.512535,1.48235,-nan,-nan,-nan,0.79719,0.601394,0.0530336,0.206876,-0.189587,-0.959823,-0.567177,0.776133,-0.275551,101.173,11.9393,35.4307,0.577073,0.752052,0.268688,-0.170914
271,0,-0.453035,-0.509966,1.47869,-nan,-nan,-nan,0.804418,0.586582,0.0939863,0.230333,-0.162131,-0.95951,-0.547594,0.793495,-0.26553,99.5908,13.3167,34.2444,0.586676,0.747007,0.273396,-0.151808
279,0,-0.454202,-0.503,1.48224,-nan,-nan,-nan,0.795498,0.595653,0.111272,0.237014,-0.136859,-0.961818,-0.557681,0.791497,-0.250049,98.0983,13.7104,35.0322,0.59342,0.738648,0.281821,-0.15109
289,0,-0.455538,-0.494634,1.4798,-nan,-nan,-nan,0.794518,0.592932,0.131042,0.262171,-0.140293,-0.954769,-0.547729,0.792937,-0.266915,98.3592,15.1989,34.5818,0.588921,0.741911,0.288142,-0.14041
298,0,-0.455122,-0.482657,1.47887,-nan,-nan,-nan,0.833702,0.543283,0.098922,0.239525,-0.194364,-0.951236,-0.497563,0.816741,-0.292171,101.548,13.8585,30.8293,0.580338,0.761616,0.256956,-0.130854
305,0,-0.459247,-0.470867,1.47788,-nan,-nan,-nan,0.895861,0.433592,0.0971125,0.192512,-0.181778,-0.964311,-0.400465,0.882584,-0.24632,100.675,11.0994,24.0855,0.605756,0.762227,0.205354,-0.0994955
313,0,-0.46008,-0.468105,1.48024,-nan,-nan,-nan,0.911701,0.406164,0.0619037,0.153214,-0.196305,-0.968499,-0.381217,0.892466,-0.241201,101.458,8.81323,22.6917,0.607082,0.766356,0.18248,-0.104166
321,0,-0.460283,-0.46689,1.47876,-nan,-nan,-nan,0.916252,0.400245,0.0169083,0.108417,-0.207118,-0.97229,-0.385653,0.892696,-0.233166,102.025,6.2241,22.8263,0.607447,0.767551,0.165677,-0.120104
328,0,-0.460901,-0.465408,1.47729,-nan,-nan,-nan,0.936773,0.349917,0.0036834,0.0810188,-0.206634,-0.975058,-0.340429,0.913707,-0.221919,101.965,4.64713,19.9714,0.614048,0.768981,0.1401,-0.109478
336,0,-0.461208,-0.465401,1.47663,-nan,-nan,-nan,0.932362,0.361126,-0.016991,0.0659153,-0.216016,-0.974162,-0.355466,0.907152,-0.225209,102.503,3.77941,20.8695,0.610561,0.770322,0.138592,-0.120877
344,0,-0.461226,-0.46534,1.47603,-nan,-nan,-nan,0.909828,0.413579,-0.0341465,0.059114,-0.210608,-0.975782,-0.410754,0.885775,-0.216065,102.18,3.38896,24.2975,0.608924,0.764281,0.15462,-0.145529
351,0,-0.462225,-0.464786,1.47489,-nan,-nan,-nan,0.913952,0.402009,-0.0554989,0.0355677,-0.21558,-0.975838,-0.40426,0.889896,-0.211328,102.458,2.03831,23.8608,0.609722,0.764994,0.143,-0.150249
359,0,-0.462898,-0.464673,1.47346,-nan,-nan,-nan,0.92572,0.372762,-0.0639681,0.0221112,-0.222185,-0.974754,-0.377564,0.900934,-0.213923,102.841,1.26698,22.1886,0.610248,0.768412,0.12847,-0.143651
367,0,-0.462592,-0.464252,1.47272,-nan,-nan,-nan,0.935786,0.348775,-0.0515747,0.0325681,-0.23117,-0.972368,-0.35106,0.908249,-0.227685,103.373,1.86635,20.5636,0.607645,0.773731,0.123216,-0.130095
375,0,-0.462618,-0.464163,1.47334,-nan,-nan,-nan,0.949671,0.31034,-0.0425856,0.0401797,-0.255507,-0.965972,-0.310661,0.915645,-0.255117,104.816,2.30275,18.1142,0.599802,0.784266,0.111735,-0.112604
383,0,-0.462112,-0.465463,1.47464,-nan,-nan,-nan,0.951662,0.303391,-0.0478958,0.0360856,-0.265296,-0.963491,-0.305021,0.91519,-0.263421,105.395,2.068,17.7714,0.596436,0.787461,0.107776,-0.112043
391,0,-0.46267,-0.465634,1.47481,-nan,-nan,-nan,0.93516,0.351511,-0.0437661,0.0535239,-0.262358,-0.963485,-0.350158,0.898671,-0.264161,105.232,3.06816,20.5277,0.593431,0.784487,0.129076,-0.125535
399,0,-0.460398,-0.463581,1.46884,-nan,-nan,-nan,0.949583,0.310504,-0.0433499,0.0455254,-0.273368,-0.960832,-0.310193,0.910416,-0.273722,105.882,2.60931,18.0903,0.592134,0.790043,0.112661,-0.111875
406,0,-0.46065,-0.463075,1.46629,-nan,-nan,-nan,0.894619,0.44531,-0.0368106,0.101673,-0.283093,-0.953688,-0.435108,0.849445,-0.298536,106.533,5.8355,25.9365,0.572929,0.786805,0.173799,-0.149948
414,0,-0.460957,-0.463965,1.46532,-nan,-nan,-nan,0.87908,0.474819,-0.0420192,0.109741,-0.287379,-0.951509,-0.46387,0.831842,-0.304737,106.806,6.30041,27.8196,0.567222,0.786002,0.185928,-0.160906
422,0,-0.460506,-0.462983,1.46502,-nan,-nan,-nan,0.869939,0.491121,-0.0447955,0.106635,-0.276011,-0.955221,-0.481494,0.826207,-0.292483,106.117,6.12135,28.9636,0.570404,0.780774,0.191399,-0.168515
430,0,-0.460547,-0.463286,1.46623,-nan,-nan,-nan,0.870066,0.489767,-0.0558056,0.0980353,-0.282876,-0.954133,-0.483089,0.824688,-0.294135,106.514,5.62605,29.0405,0.568563,0.782157,0.187879,-0.172246
438,0,-0.459956,-0.464177,1.46783,-nan,-nan,-nan,0.876649,0.478019,-0.0546365,0.100278,-0.292596,-0.950964,-0.470565,0.828182,-0.304439,107.102,5.75521,28.2259,0.5656,0.786397,0.183844,-0.166965
446,0,-0.460839,-0.462012,1.46627,-nan,-nan,-nan,0.879224,0.475014,-0.0364308,0.113132,-0.282459,-0.952585,-0.462781,0.833414,-0.302084,106.516,6.49591,27.7602,0.56892,0.78482,0.187351,-0.159021
453,0,-0.460798,-0.462473,1.46601,-nan,-nan,-nan,0.873699,0.485169,-0.0355015,0.10393,-0.257456,-0.960685,-0.475235,0.83566,-0.275363,105.002,5.96554,28.5433,0.578982,0.775648,0.189873,-0.164616
460,0,-0.461043,-0.462359,1.46613,-nan,-nan,-nan,0.85636,0.5139,-0.0505347,0.0919816,-0.248108,-0.964356,-0.508121,0.821187,-0.259739,104.428,5.27762,30.6828,0.580627,0.768799,0.197022,-0.181665
468,0,-0.460885,-0.461721,1.46567,-nan,-nan,-nan,0.828371,0.558083,-0.0484315,0.115737,-0.255097,-0.959964,-0.548094,0.789601,-0.275906,104.882,6.64613,33.4907,0.56951,0.768013,0.219339,-0.194178
477,0,-0.460878,-0.462914,1.4658,-nan,-nan,-nan,0.814241,0.578674,-0.0463488,0.128576,-0.25762,-0.957654,-0.566109,0.773802,-0.284168,105.057,7.38729,34.8094,0.564015,0.767468,0.230384,-0.199506
484,0,-0.460922,-0.463303,1.46515,-nan,-nan,-nan,0.766411,0.639975,-0.0552024,0.111981,-0.217736,-0.969562,-0.632515,0.736901,-0.23854,102.657,6.42953,39.5327,0.572305,0.745434,0.252187,-0.230643
492,0,-0.461435,-0.46303,1.46484,-nan,-nan,-nan,0.725571,0.686323,-0.0500681,0.121486,-0.199368,-0.972365,-0.677339,0.699438,-0.228034,101.587,6.97785,43.0309,0.569686,0.733651,0.27527,-0.247872
499,0,-0.460758,-0.462317,1.46496,-nan,-nan,-nan,0.665031,0.744738,-0.0556676,0.144029,-0.201041,-0.968937,-0.732795,0.636355,-0.240963,101.722,8.28108,47.7754,0.552953,0.725781,0.306142,-0.271591
507,0,-0.460791,-0.462879,1.46491,-nan,-nan,-nan,0.65364,0.754849,-0.0543933,0.150638,-0.200201,-0.968105,-0.741663,0.624598,-0.244569,101.684,8.66393,48.6097,0.549743,0.724294,0.312541,-0.274769
515,0,-0.46076,-0.462586,1.46544,-nan,-nan,-nan,0.651124,0.757478,-0.0475824,0.1642,-0.201799,-0.965565,-0.740996,0.62089,-0.255775,101.805,9.45078,48.6938,0.546249,0.726068,0.317353,-0.271524
522,0,-0.461444,-0.462704,1.46532,-nan,-nan,-nan,0.643919,0.764336,-0.0340555,0.191244,-0.203894,-0.960132,-0.740807,0.611734,-0.277466,101.989,11.0254,49.0024,0.53911,0.728917,0.32774,-0.265758
530,0,-0.460929,-0.462484,1.4662,-nan,-nan,-nan,0.663709,0.746753,-0.0430194,0.177357,-0.212985,-0.960823,-0.72666,0.630077,-0.273802,102.499,10.2159,47.5924,0.54243,0.733229,0.315083,-0.262428
537,0,-0.460858,-0.461801,1.46516,-nan,-nan,-nan,0.742603,0.667808,-0.0507179,0.151401,-0.241161,-0.958603,-0.652394,0.704183,-0.280194,104.121,8.70813,41.3001,0.552551,0.752323,0.272227,-0.233647
545,0,-0.460936,-0.462164,1.46552,-nan,-nan,-nan,0.75823,0.649606,-0.0556718,0.1313,-0.235776,-0.962897,-0.638629,0.722788,-0.264066,103.759,7.5447,40.1062,0.56089,0.751344,0.259836,-0.23102
553,0,-0.460597,-0.461874,1.46455,-nan,-nan,-nan,0.750008,0.659463,-0.0509513,0.13862,-0.232039,-0.962778,-0.646739,0.715029,-0.265447,103.55,7.96803,40.7715,0.559581,0.749582,0.266176,-0.232693
560,0,-0.461119,-0.463356,1.46521,-nan,-nan,-nan,0.723716,0.688276,-0.050106,0.149494,-0.227245,-0.962295,-0.673711,0.688938,-0.267354,103.287,8.59759,42.9506,0.554328,0.744701,0.281244,-0.242989
568,0,-0.460721,-0.463258,1.4643,-nan,-nan,-nan,0.737664,0.674182,-0.0364895,0.190592,-0.259776,-0.946674,-0.647709,0.691372,-0.320121,105.345,10.9873,41.2849,0.537998,0.761177,0.284025,-0.224717
576,0,-0.460801,-0.46358,1.46399,-nan,-nan,-nan,0.739842,0.672023,-0.0319158,0.202413,-0.26758,-0.942035,-0.641609,0.690497,-0.333993,105.857,11.6781,40.9326,0.533449,0.765084,0.285732,-0.220082
584,0,-0.460889,-0.463942,1.46437,-nan,-nan,-nan,0.726557,0.686277,-0.033742,0.20259,-0.260888,-0.943872,-0.656561,0.678942,-0.328582,105.451,11.6884,42.1029,0.533171,0.760925,0.292035,-0.226797
592,0,-0.461216,-0.463752,1.46597,-nan,-nan,-nan,0.707475,0.706113,-0.0297362,0.221744,-0.261728,-0.939323,-0.671051,0.657953,-0.341742,105.57,12.8115,43.4865,0.525358,0.76009,0.30518,-0.230495
600,0,-0.460915,-0.464373,1.46685,-nan,-nan,-nan,0.693401,0.719727,-0.0344776,0.210738,-0.248322,-0.945476,-0.689046,0.648329,-0.323861,104.716,12.1656,44.8195,0.529438,0.752593,0.309086,-0.240344
607,0,-0.460709,-0.463154,1.46576,-nan,-nan,-nan,0.686787,0.725552,-0.0435615,0.199958,-0.246214,-0.948365,-0.698813,0.642615,-0.314176,104.554,11.5345,45.4973,0.530659,0.749529,0.308697,-0.247614
615,0,-0.460804,-0.46308,1.46469,-nan,-nan,-nan,0.682863,0.728878,-0.0493422,0.169088,-0.223398,-0.959949,-0.710709,0.647171,-0.275794,103.101,9.73477,46.1447,0.543983,0.738589,0.303946,-0.257265
624,0,-0.460578,-0.460932,1.46234,-nan,-nan,-nan,0.650105,0.758877,-0.0383278,0.164709,-0.189985,-0.967872,-0.741777,0.622906,-0.248504,101.105,9.48036,48.7682,0.550367,0.722598,0.319536,-0.269896
631,0,-0.46229,-0.460931,1.45836,-nan,-nan,-nan,0.710579,0.703569,0.00820838,0.174119,-0.164527,-0.970883,-0.681733,0.691318,-0.239414,99.618,10.0274,43.8131,0.571541,0.72707,0.30179,-0.231589
638,0,-0.463434,-0.461055,1.45512,-nan,-nan,-nan,0.780304,0.624398,0.0353843,0.144654,-0.12515,-0.981536,-0.608441,0.771015,-0.187977,97.2663,8.31727,37.9453,0.605635,0.723435,0.265764,-0.198033
645,0,-0.463705,-0.460632,1.45396,-nan,-nan,-nan,0.804996,0.59184,0.0413129,0.120856,-0.0954118,-0.988074,-0.58084,0.800389,-0.148334,95.5156,6.94151,35.8121,0.62475,0.715671,0.248961,-0.188469
653,0,-0.464014,-0.460992,1.45367,-nan,-nan,-nan,0.759451,0.648727,0.0488621,0.134384,-0.082946,-0.987452,-0.636534,0.756487,-0.150172,94.8016,7.72302,39.9681,0.617724,0.705792,0.277388,-0.20816
662,0,-0.464137,-0.461683,1.45421,-nan,-nan,-nan,0.753669,0.655322,0.0503717,0.144093,-0.0899694,-0.985466,-0.641265,0.749973,-0.162234,95.2164,8.28477,40.3931,0.612671,0.708144,0.282222,-0.208606
670,0,-0.463759,-0.461418,1.45338,-nan,-nan,-nan,0.767219,0.640173,0.0394032,0.0990274,-0.0575343,-0.99342,-0.633694,0.766073,-0.107536,93.3146,5.68317,39.5554,0.63288,0.695034,0.265886,-0.213763
677,0,-0.463959,-0.46187,1.45484,-nan,-nan,-nan,0.774556,0.630805,0.0463347,0.106453,-0.0577995,-0.992636,-0.623482,0.773785,-0.11192,93.3325,6.11088,38.8325,0.633411,0.697186,0.264369,-0.206956
686,0,-0.463666,-0.461601,1.45451,-nan,-nan,-nan,0.827172,0.560067,0.0459446,0.0864471,-0.0460354,-0.995192,-0.55526,0.827167,-0.0864954,92.6485,4.95925,33.8725,0.650892,0.699947,0.230916,-0.181912
693,0,-0.462379,-0.460228,1.45297,-nan,-nan,-nan,0.775152,0.630622,0.0381358,0.0886858,-0.0488489,-0.994861,-0.625519,0.774551,-0.0937926,92.811,5.08801,38.9022,0.638849,0.692422,0.259707,-0.212075
701,0,-0.462444,-0.460158,1.45182,-nan,-nan,-nan,0.736531,0.675515,0.0346581,0.0909692,-0.0481523,-0.994689,-0.670259,0.735772,-0.0969168,92.7715,5.21937,42.3028,0.630766,0.685857,0.279389,-0.231681
709,0,-0.462763,-0.459544,1.452,-nan,-nan,-nan,0.745217,0.665457,0.0426327,0.104961,-0.0539243,-0.993013,-0.658509,0.744485,-0.110033,93.1083,6.02495,41.4653,0.628741,0.690864,0.278788,-0.222864
717,0,-0.462639,-0.455431,1.4529,-nan,-nan,-nan,0.626006,0.779191,0.0312751,0.0618257,-0.00961176,-0.998041,-0.777364,0.626713,-0.0541911,90.5518,3.54461,51.1558,0.624941,0.649963,0.323486,-0.286973
725,0,-0.462832,-0.454353,1.45187,-nan,-nan,-nan,0.524466,0.850804,0.0326738,0.0258936,0.0224191,-0.999413,-0.851037,0.525004,-0.0102723,88.7149,1.48376,58.3559,0.619801,0.614882,0.35645,-0.332732
733,0,-0.462813,-0.453735,1.45183,-nan,-nan,-nan,0.537432,0.842837,0.0281439,0.0324274,0.0126944,-0.999393,-0.842683,0.538019,-0.0205086,89.2723,1.85828,57.4718,0.618389,0.62154,0.352055,-0.32763
740,0,-0.462437,-0.453406,1.45018,-nan,-nan,-nan,0.499317,0.865866,0.0309695,0.0516752,0.00591925,-0.998646,-0.864877,0.500242,-0.0417882,89.6604,2.96209,60.001,0.604865,0.619513,0.370267,-0.336517
748,0,-0.462651,-0.45244,1.44998,-nan,-nan,-nan,0.432435,0.901437,0.0202714,0.0801326,-0.0160283,-0.996655,-0.898097,0.432613,-0.0791657,90.9214,4.59619,64.2891,0.578196,0.617986,0.397084,-0.355115
755,0,-0.462498,-0.452879,1.45058,-nan,-nan,-nan,0.376379,0.92619,0.0225843,0.0798868,-0.00815851,-0.996771,-0.923015,0.376968,-0.0770611,90.469,4.58206,67.8158,0.568146,0.604483,0.41609,-0.372397
763,0,-0.46298,-0.4527,1.45043,-nan,-nan,-nan,0.376642,0.925994,0.025978,0.0851148,-0.00666822,-0.996349,-0.92244,0.377478,-0.0813274,90.3835,4.88263,67.7893,0.567593,0.605111,0.417737,-0.370371
771,0,-0.46277,-0.453219,1.4509,-nan,-nan,-nan,0.362522,0.931288,0.0357799,0.0827926,0.00605857,-0.996548,-0.92829,0.364233,-0.0749074,89.6517,4.7491,68.668,0.568699,0.5982,0.423805,-0.372999
779,0,-0.462986,-0.45191,1.45021,-nan,-nan,-nan,0.359013,0.933098,0.0209082,0.0653008,-0.00276535,-0.997862,-0.931045,0.359611,-0.0619249,90.1588,3.74413,68.9133,0.568842,0.596595,0.418374,-0.381388
787,0,-0.462554,-0.452387,1.4509,-nan,-nan,-nan,0.340568,0.939347,0.0405063,0.0684205,0.0182072,-0.99749,-0.937727,0.342485,-0.0580698,88.9543,3.92327,70.0398,0.570242,0.587459,0.428867,-0.381823
795,0,-0.462728,-0.451867,1.45149,0.899083,-0.126834,1.85917,0.241843,0.969846,0.0301671,0.0342608,0.0225355,-0.999159,-0.96971,0.242673,-0.0277777,88.7079,1.96338,75.9963,0.556013,0.558365,0.449575,-0.420667
803,0,-0.462833,-0.452215,1.45089,0.899083,-0.126834,1.85917,0.196955,0.980136,0.0232885,0.0321506,0.0172841,-0.999334,-0.979885,0.197573,-0.0281077,89.0091,1.84241,78.6351,0.544548,0.549495,0.460553,-0.435216
811,0,-0.463182,-0.452419,1.45253,0.899083,-0.126834,1.85917,0.144032,0.989168,0.028298,0.0623853,0.0194628,-0.997862,-0.987605,0.14549,-0.0589063,88.8826,3.57674,81.7025,0.525497,0.543938,0.483305,-0.440908
818,0,-0.462835,-0.452726,1.45232,0.899083,-0.126834,1.85917,0.14675,0.988607,0.0334871,0.0800206,0.0218779,-0.996553,-0.985932,0.148924,-0.0758983,88.7424,4.58975,81.534,0.522669,0.547898,0.487603,-0.43459
826,0,-0.462876,-0.451874,1.45158,0.899083,-0.126834,1.85917,0.127336,0.991357,0.0315691,0.0537406,0.0248857,-0.998245,-0.990403,0.128809,-0.0501073,88.5719,3.08059,82.6737,0.524908,0.536786,0.486738,-0.446562
833,0,-0.46311,-0.452337,1.45237,0.899083,-0.126834,1.85917,0.0719076,0.997014,0.0281467,0.0436587,0.0250464,-0.998732,-0.996455,0.0730453,-0.0417273,88.5634,2.50225,85.8725,0.513621,0.521677,0.498715,-0.464036
840,0,-0.463102,-0.451618,1.45128,0.899083,-0.126834,1.85917,0.0322708,0.999353,0.015894,0.034918,0.0147653,-0.999281,-0.998869,0.0328026,-0.0344189,89.1535,2.00106,88.1496,0.503144,0.512817,0.504211,-0.479204
847,0,-0.462921,-0.451661,1.45102,0.899083,-0.126834,1.85917,0.0224048,0.999482,0.0231053,0.0235177,0.0225778,-0.999468,-0.999472,0.0229362,-0.0229997,88.7059,1.34759,88.7158,0.505466,0.505674,0.50576,-0.482705
855,0,-0.463143,-0.452099,1.45189,0.899083,-0.126834,1.85917,0.00424026,0.999652,0.0260351,0.0670191,0.0256927,-0.997421,-0.997743,0.00597417,-0.0668868,88.5244,3.84279,89.7565,0.490675,0.511232,0.521617,-0.475179
863,0,-0.462454,-0.451795,1.45172,0.899083,-0.126834,1.85917,-0.116411,0.992774,0.029137,0.0231639,0.0320423,-0.999218,-0.992931,-0.115645,-0.0267266,88.1633,1.32731,96.6868,0.471409,0.468581,0.542029,-0.514209
871,0,-0.462611,-0.451041,1.45078,0.899083,-0.126834,1.85917,-0.176728,0.983982,0.023371,0.00700584,0.0250017,-0.999663,-0.984235,-0.176505,-0.0113121,88.5673,0.401408,100.18,0.457428,0.449884,0.550691,-0.533951
878,0,-0.462902,-0.451084,1.45085,0.899083,-0.126834,1.85917,-0.17528,0.984321,0.019733,0.0180243,0.0232483,-0.999567,-0.984354,-0.174849,-0.0218167,88.6676,1.03277,100.097,0.454464,0.453676,0.552346,-0.531558
886,0,-0.462912,-0.451579,1.45192,0.899083,-0.126834,1.85917,-0.178272,0.983662,0.0250473,0.0391549,0.0325265,-0.998704,-0.983202,-0.17706,-0.0443137,88.1346,2.24398,100.277,0.449983,0.456485,0.560159,-0.524746
893,0,-0.462992,-0.45135,1.45111,0.899083,-0.126834,1.85917,-0.170253,0.985224,0.0186512,0.0345517,0.0248845,-0.999093,-0.984794,-0.169454,-0.0382778,88.5732,1.98006,99.8084,0.451761,0.459113,0.555296,-0.526092
901,0,-0.462668,-0.451017,1.45087,0.899083,-0.126834,1.85917,-0.188319,0.981879,0.0211977,0.0232715,0.026039,-0.99939,-0.981832,-0.18771,-0.0277534,88.5075,1.33348,100.858,0.449991,0.450942,0.55725,-0.532571
908,0,-0.462468,-0.451223,1.44934,0.899083,-0.126834,1.85917,-0.151091,0.988091,0.0291084,0.047504,0.03667,-0.998198,-0.987378,-0.149436,-0.0524789,87.8961,2.72281,98.7001,0.456372,0.464951,0.55683,-0.515253
916,0,-0.46271,-0.452074,1.45064,0.899083,-0.126834,1.85917,-0.177346,0.983795,0.0263663,0.0451903,0.0349032,-0.998368,-0.983111,-0.175865,-0.050648,87.9977,2.5901,100.226,0.449141,0.457821,0.561893,-0.522445
923,0,-0.463055,-0.451359,1.45194,0.899083,-0.126834,1.85917,-0.17333,0.984391,0.0305263,0.025188,0.0354162,-0.999055,-0.984542,-0.172397,-0.0309335,87.9697,1.44332,99.9847,0.455838,0.453373,0.556704,-0.526066
930,0,-0.462845,-0.451198,1.45201,0.899083,-0.126834,1.85917,-0.23321,0.972251,0.0184576,0.00382557,0.0198982,-0.999795,-0.972419,-0.233091,-0.00835986,88.8598,0.219189,103.486,0.441115,0.434526,0.561575,-0.548852
937,0,-0.462488,-0.450759,1.45074,0.899083,-0.126834,1.85917,-0.199839,0.979488,0.0258381,0.00784001,0.0279676,-0.999578,-0.979797,-0.199553,-0.0132682,88.3973,0.449204,101.528,0.451348,0.443131,0.557018,-0.538192
944,0,-0.462724,-0.450994,1.45074,0.899083,-0.126834,1.85917,-0.194173,0.980736,0.0212876,0.016795,0.0250211,-0.999546,-0.980824,-0.193727,-0.0213299,88.566,0.96233,101.198,0.449866,0.44781,0.556894,-0.535682
952,0,-0.462727,-0.451234,1.44967,0.899083,-0.126834,1.85917,-0.274159,0.961595,0.0131041,0.0359629,0.023868,-0.999068,-0.961012,-0.273432,-0.0411254,88.6314,2.06097,105.922,0.420887,0.431016,0.578609,-0.54981
959,0,-0.462659,-0.451889,1.45055,0.899083,-0.126834,1.85917,-0.288105,0.957316,0.023293,0.0466408,0.0383238,-0.998176,-0.956462,-0.286493,-0.0556912,87.8013,2.67329,106.763,0.416692,0.426984,0.587818,-0.546372
967,0,-0.462771,-0.453228,1.45106,0.899083,-0.126834,1.85917,-0.327567,0.944487,0.0253754,0.0473389,0.0432296,-0.997943,-0.943641,-0.325691,-0.0588716,87.5196,2.71333,109.143,0.405213,0.414752,0.597844,-0.553504
974,0,-0.462678,-0.451828,1.45091,0.899083,-0.126834,1.85917,-0.311892,0.949753,0.0263216,0.0373679,0.0399441,-0.998503,-0.949382,-0.310442,-0.0479485,87.7092,2.14152,108.186,0.412342,0.417167,0.591563,-0.553173
981,0,-0.462526,-0.451831,1.45051,0.899083,-0.126834,1.85917,-0.299564,0.953494,0.0333228,0.0614221,0.0541281,-0.996643,-0.952097,-0.296511,-0.0747805,86.8913,3.52145,107.465,0.412245,0.424585,0.597594,-0.540984
988,0,-0.462555,-0.45181,1.45126,0.899083,-0.126834,1.85917,-0.309427,0.950427,0.0307288,0.0315264,0.0425501,-0.998597,-0.950401,-0.308024,-0.0431296,87.5601,1.80663,108.034,0.415329,0.415678,0.590573,-0.553115
995,0,-0.462918,-0.451614,1.45352,0.899083,-0.126834,1.85917,-0.405284,0.913953,0.0208756,-0.0137759,0.0167269,-0.999765,-0.914087,-0.405476,0.00581139,89.0415,-0.789326,113.911,0.392828,0.378212,0.595021,-0.590417
1003,0,-0.462892,-0.451429,1.45346,0.899083,-0.126834,1.85917,-0.389809,0.920455,0.0284746,-0.0108455,0.0263298,-0.999594,-0.920832,-0.38996,-0.0002808,88.4912,-0.621413,112.944,0.398823,0.382146,0.595067,-0.583781
1010,0,-0.462862,-0.451369,1.45227,0.899083,-0.126834,1.85917,-0.391682,0.919488,0.033566,0.00318494,0.0378354,-0.999279,-0.920095,-0.391293,-0.017748,87.8317,0.182484,113.059,0.39636,0.383481,0.601512,-0.577949
1018,0,-0.462763,-0.451685,1.45214,0.899083,-0.126834,1.85917,-0.424866,0.90487,0.0264325,0.00891829,0.0333813,-0.999403,-0.905212,-0.424377,-0.0222525,88.087,0.510987,115.143,0.382839,0.375501,0.608379,-0.585071
1025,0,-0.462553,-0.451402,1.45188,0.899083,-0.126834,1.85917,-0.441712,0.896517,0.0338816,0.00141163,0.03846,-0.999259,-0.897156,-0.441337,-0.0182538,87.7959,0.0808805,116.213,0.380294,0.36677,0.612051,-0.58843
1033,0,-0.462781,-0.450773,1.45144,0.899083,-0.126834,1.85917,-0.494752,0.868394,0.0333581,0.000405898,0.0386161,-0.999254,-0.869034,-0.494369,-0.0194579,87.7869,0.0232562,119.653,0.36208,0.348601,0.623062,-0.599307
1041,0,-0.462324,-0.451951,1.45023,0.899083,-0.126834,1.85917,-0.537384,0.84296,0.0252427,0.00730054,0.0345807,-0.999375,-0.843306,-0.536864,-0.0247372,88.0182,0.418294,122.507,0.343678,0.336442,0.631803,-0.607879
1048,0,-0.462609,-0.451475,1.45192,0.899083,-0.126834,1.85917,-0.610668,0.791159,0.0339337,-0.0233971,0.0248067,-0.999418,-0.791541,-0.611107,0.00336215,88.5781,-1.34068,127.65,0.323072,0.300484,0.638771,-0.630322
1056,0,-0.462498,-0.450814,1.45216,0.899083,-0.126834,1.85917,-0.64034,0.767666,0.0255578,-0.020109,0.0165079,-0.999662,-0.767828,-0.640637,0.00486631,89.0539,-1.15224,129.827,0.30864,0.290812,0.642647,-0.638102
1063,0,-0.462581,-0.451015,1.45152,0.899083,-0.126834,1.85917,-0.655674,0.754838,0.0176237,-0.00159279,0.0219585,-0.999758,-0.755042,-0.655543,-0.0131953,88.7418,-0.0912599,130.971,0.297106,0.289639,0.650159,-0.636498
1071,0,-0.462753,-0.451046,1.45108,0.899083,-0.126834,1.85917,-0.67832,0.734374,0.0240277,0.00118101,0.0337907,-0.999428,-0.734766,-0.677904,-0.0237882,88.0636,0.0676668,132.713,0.287959,0.27914,0.658768,-0.636542
1079,0,-0.462775,-0.4512,1.45125,0.899083,-0.126834,1.85917,-0.691008,0.722242,0.0295784,-0.00731765,0.0339277,-0.999398,-0.72281,-0.690808,-0.0181592,88.0557,-0.419274,133.711,0.284939,0.270751,0.660132,-0.640102
1086,0,-0.46276,-0.450941,1.45117,0.899083,-0.126834,1.85917,-0.662757,0.748484,0.0229303,-0.0104454,0.0213779,-0.999717,-0.748762,-0.662808,-0.00635013,88.775,-0.598489,131.513,0.296762,0.28382,0.650093,-0.639341
1093,0,-0.46262,-0.450945,1.45092,0.899083,-0.126834,1.85917,-0.653706,0.756436,0.0217441,-0.0205651,0.0109654,-0.999728,-0.756469,-0.653976,0.00838802,89.3716,-1.17838,130.832,0.302344,0.285893,0.643483,-0.642481
1101,0,-0.462766,-0.450743,1.45154,0.899083,-0.126834,1.85917,-0.671458,0.740637,0.0245001,-0.0291337,0.00665255,-0.999553,-0.74047,-0.671872,0.0171106,89.6187,-1.66948,132.202,0.296776,0.276034,0.644399,-0.648444
1109,0,-0.46275,-0.450883,1.45222,0.899083,-0.126834,1.85917,-0.681502,0.731303,0.0274202,-0.0316953,0.00793812,-0.999466,-0.73113,-0.682007,0.017769,89.5449,-1.81631,132.988,0.293345,0.270551,0.646466,-0.650256
1117,0,-0.463066,-0.450573,1.45141,0.899083,-0.126834,1.85917,-0.691351,0.722235,0.0202762,-0.0173026,0.0115055,-0.999784,-0.722312,-0.691552,0.00454222,89.3407,-0.991417,133.745,0.284911,0.270463,0.651597,-0.64892
1125,0,-0.462856,-0.450573,1.45099,0.899083,-0.126834,1.85917,-0.685259,0.727974,0.021791,-0.00822737,0.0221808,-0.99972,-0.728253,-0.685246,-0.00921028,88.729,-0.471399,133.258,0.286231,0.274668,0.655105,-0.643014
1132,0,-0.462762,-0.451574,1.45214,0.899083,-0.126834,1.85917,-0.69027,0.723152,0.0240597,-0.0118364,0.0219621,-0.999689,-0.723455,-0.69034,-0.00660026,88.7415,-0.678191,133.655,0.285084,0.271278,0.655521,-0.644536
1139,0,-0.462641,-0.450937,1.4521,0.899083,-0.126834,1.85917,-0.72484,0.688123,0.0330676,-0.0204264,0.0265115,-0.99944,-0.688614,-0.725109,-0.00516067,88.4805,-1.17043,136.468,0.272264,0.251897,0.662667,-0.650609
1147,0,-0.463022,-0.45164,1.45204,0.899083,-0.126834,1.85917,-0.770921,0.63654,0.0222922,-0.00606604,0.0276603,-0.999599,-0.636901,-0.770748,-0.0174626,88.415,-0.347561,140.438,0.244579,0.233924,0.673803,-0.656848
1154,0,-0.463126,-0.451784,1.45188,0.899083,-0.126834,1.85917,-0.796774,0.603919,0.0207956,-0.000673988,0.0335258,-0.999438,-0.604277,-0.79634,-0.0263055,88.0788,-0.0386166,142.823,0.229372,0.221362,0.681287,-0.658966
1162,0,-0.462868,-0.451386,1.45156,0.899083,-0.126834,1.85917,-0.792662,0.609398,0.0179341,-0.00425366,0.0238876,-0.999706,-0.609647,-0.792505,-0.0163427,88.6312,-0.243718,142.436,0.231777,0.223491,0.676922,-0.661897
1169,0,-0.462824,-0.451412,1.45149,0.899083,-0.126834,1.85917,-0.795381,0.60566,0.0233629,-0.00229029,0.0355422,-0.999366,-0.606106,-0.79493,-0.0268825,87.9631,-0.131224,142.691,0.230911,0.221337,0.681507,-0.658209
1176,0,-0.46258,-0.451727,1.45041,0.899083,-0.126834,1.85917,-0.805314,0.592378,0.0236134,0.00172292,0.0421688,-0.999109,-0.592846,-0.804556,-0.0349798,87.5832,0.0987164,143.641,0.224652,0.216504,0.686014,-0.657299
1183,0,-0.462755,-0.450305,1.45058,0.899083,-0.126834,1.85917,-0.839585,0.54281,0.0212987,-0.0190869,0.0097064,-0.999771,-0.542892,-0.839799,0.00221124,89.4438,-1.09367,147.112,0.207565,0.192677,0.679537,-0.676774
1191,0,-0.462747,-0.450717,1.45115,0.899083,-0.126834,1.85917,-0.866406,0.498664,0.0259884,-0.0195508,0.0181289,-0.999644,-0.498958,-0.866606,-0.00595768,88.961,-1.12025,150.063,0.190896,0.174229,0.687476,-0.67866
1198,0,-0.46265,-0.451383,1.45113,0.899083,-0.126834,1.85917,-0.883436,0.46736,0.0333965,-0.0191715,0.0351611,-0.999198,-0.468159,-0.883368,-0.0221026,87.9846,-1.09852,152.08,0.180015,0.160861,0.696545,-0.67568
1205,0,-0.46263,-0.450608,1.45016,0.899083,-0.126834,1.85917,-0.88027,0.473714,0.0268072,-0.0178585,0.0233797,-0.999567,-0.474136,-0.880368,-0.0121206,88.6601,-1.02327,151.692,0.180962,0.164674,0.692057,-0.679112
1213,0,-0.462876,-0.45056,1.45061,0.899083,-0.126834,1.85917,-0.86188,0.506626,0.0221805,-0.0121942,0.023021,-0.999661,-0.506965,-0.861858,-0.0136634,88.6808,-0.698694,149.536,0.192014,0.179417,0.688942,-0.675499
1220,0,-0.463305,-0.451425,1.45221,0.899083,-0.126834,1.85917,-0.83947,0.542945,0.0223841,-0.00190674,0.0382488,-0.999266,-0.543403,-0.838897,-0.0310735,87.808,-0.109248,147.084,0.204759,0.195803,0.690795,-0.665234
1228,0,-0.463027,-0.451515,1.45164,0.899083,-0.126834,1.85917,-0.838271,0.544947,0.0182847,0.00830762,0.0462953,-0.998893,-0.545191,-0.837191,-0.0433352,87.3464,0.475997,146.961,0.20291,0.199229,0.694244,-0.661181
1235,0,-0.462781,-0.451809,1.45235,0.899083,-0.126834,1.85917,-0.84985,0.526253,0.0285237,0.00379701,0.0602345,-0.998177,-0.527012,-0.848192,-0.0531884,86.5467,0.217553,148.196,0.19824,0.189146,0.700584,-0.658868
1242,0,-0.462531,-0.451729,1.45109,0.899083,-0.126834,1.85917,-0.809534,0.586377,0.0285978,0.0119963,0.0652246,-0.997798,-0.586951,-0.807408,-0.0598359,86.26,0.687354,144.056,0.221278,0.215103,0.695448,-0.648936
1249,0,-0.462712,-0.451862,1.45151,0.899083,-0.126834,1.85917,-0.781453,0.623445,0.0254366,-0.00245372,0.0376954,-0.999286,-0.623959,-0.780958,-0.0279274,87.8397,-0.140588,141.394,0.238911,0.228462,0.679536,-0.654949
1257,0,-0.462729,-0.452052,1.45023,0.899083,-0.126834,1.85917,-0.806267,0.59065,0.0326587,0.00815248,0.0662979,-0.997767,-0.591496,-0.8042,-0.0582691,86.1985,0.467108,143.735,0.22459,0.215467,0.694772,-0.648402
1264,0,-0.462537,-0.451807,1.45042,0.899083,-0.126834,1.85917,-0.784834,0.619317,0.0219644,0.00798172,0.0455424,-0.998931,-0.619655,-0.783819,-0.0406864,87.3896,0.457323,141.708,0.234533,0.229298,0.683934,-0.651653
1271,0,-0.463116,-0.452378,1.45232,0.899083,-0.126834,1.85917,-0.76106,0.648363,0.0203183,0.00840145,0.041172,-0.999117,-0.648627,-0.760217,-0.0367815,87.6403,0.481373,139.56,0.246642,0.242151,0.678051,-0.648673
1278,0,-0.463097,-0.45201,1.45248,0.899083,-0.126834,1.85917,-0.754944,0.655205,0.0276756,0.00492396,0.0478642,-0.998842,-0.655771,-0.753933,-0.0393609,87.2565,0.282123,139.021,0.251773,0.243184,0.678633,-0.645701
1286,0,-0.462866,-0.451609,1.45173,0.899083,-0.126834,1.85917,-0.77468,0.63198,0.0217252,0.00155317,0.0362576,-0.999341,-0.632352,-0.774136,-0.0290696,87.9221,0.0889901,140.776,0.241096,0.233523,0.678234,-0.653711
1294,0,-0.462782,-0.451641,1.45198,0.899083,-0.126834,1.85917,-0.812493,0.582173,0.0304968,-0.0112277,0.0366762,-0.999264,-0.582863,-0.812237,-0.0232627,87.898,-0.643316,144.345,0.224121,0.208623,0.684184,-0.66192
1301,0,-0.462912,-0.451418,1.45139,0.899083,-0.126834,1.85917,-0.839122,0.543163,0.0291363,-0.0150827,0.0303102,-0.999427,-0.543734,-0.83908,-0.0172416,88.2629,-0.864208,147.058,0.208535,0.19223,0.686781,-0.669248
1308,0,-0.463109,-0.451143,1.45196,0.899083,-0.126834,1.85917,-0.854625,0.518812,0.0212345,-0.0130514,0.0194187,-0.999726,-0.519082,-0.854668,-0.00982448,88.8872,-0.747813,148.726,0.196831,0.184242,0.68627,-0.675533
1315,0,-0.46294,-0.452241,1.45349,0.899083,-0.126834,1.85917,-0.83066,0.556009,0.0292972,-0.00322614,0.0478116,-0.998851,-0.556771,-0.8298,-0.0379214,87.2595,-0.184845,146.167,0.211678,0.199656,0.692169,-0.660478
1322,0,-0.46323,-0.451421,1.45236,0.899083,-0.126834,1.85917,-0.823974,0.566334,0.0182473,0.00036048,0.0327273,-0.999464,-0.566628,-0.823526,-0.0271706,88.1245,0.020654,145.485,0.213063,0.20644,0.686271,-0.664093
1330,0,-0.462834,-0.451203,1.45119,0.899083,-0.126834,1.85917,-0.824764,0.56503,0.0224788,-0.00330772,0.0349306,-0.999384,-0.565467,-0.824331,-0.0269405,87.9982,-0.189519,145.565,0.214024,0.204478,0.686774,-0.66387
1337,0,-0.462879,-0.451375,1.45274,0.899083,-0.126834,1.85917,-0.834067,0.550711,0.032391,-0.0169149,0.0331579,-0.999307,-0.551403,-0.834037,-0.0183407,88.0996,-0.969199,146.531,0.212573,0.194368,0.68658,-0.667564
1344,0,-0.462867,-0.451566,1.45091,0.899083,-0.126834,1.85917,-0.829795,0.557593,0.023026,0.000651962,0.0422288,-0.999108,-0.558068,-0.829039,-0.0354047,87.5798,0.0373547,146.078,0.210374,0.202102,0.690548,-0.661846
1352,0,-0.462796,-0.451485,1.45089,0.899083,-0.126834,1.85917,-0.816594,0.57695,0.0174207,0.00754336,0.0408449,-0.999137,-0.577164,-0.815757,-0.0377059,87.659,0.432207,144.748,0.215955,0.21229,0.688321,-0.659174
1359,0,-0.463006,-0.452308,1.45241,0.899083,-0.126834,1.85917,-0.761433,0.647635,0.0280809,0.0149616,0.0608645,-0.998034,-0.648071,-0.759516,-0.0560339,86.5102,0.857271,139.598,0.246677,0.241732,0.685261,-0.641197
1366,0,-0.462969,-0.45218,1.45224,0.899083,-0.126834,1.85917,-0.707685,0.705653,0.0351431,0.0238743,0.0735959,-0.997002,-0.706125,-0.704725,-0.0689298,85.7782,1.36803,135.063,0.27248,0.268164,0.680112,-0.625532
1374,0,-0.462853,-0.451965,1.45177,0.899083,-0.126834,1.85917,-0.675074,0.737025,0.0326818,0.0128214,0.0560132,-0.998348,-0.737638,-0.67354,-0.0472627,86.7887,0.73463,132.464,0.288823,0.281147,0.666774,-0.626857
1381,0,-0.462487,-0.451479,1.45119,0.899083,-0.126834,1.85917,-0.627961,0.777758,0.0275319,0.000113934,0.0354687,-0.999371,-0.778245,-0.627562,-0.0223616,87.9674,0.00652794,128.9,0.310301,0.299555,0.64919,-0.626524
1389,0,-0.463098,-0.451017,1.45073,0.899083,-0.126834,1.85917,-0.634789,0.772404,0.0208449,0.00423054,0.0304511,-0.999527,-0.772674,-0.634401,-0.0225977,88.255,0.242393,129.405,0.305395,0.298897,0.649584,-0.628836
1395,0,-0.462802,-0.451225,1.45118,0.899083,-0.126834,1.85917,-0.628717,0.77725,0.0244518,0.00814982,0.038028,-0.999243,-0.777591,-0.628042,-0.0302433,87.8206,0.466955,128.957,0.307842,0.301454,0.651343,-0.624589
1402,0,-0.462886,-0.451427,1.45155,0.899083,-0.126834,1.85917,-0.624819,0.780329,0.0262382,0.0162535,0.0465979,-0.998781,-0.7806,-0.623631,-0.0417983,87.3288,0.931295,128.675,0.308213,0.304295,0.654449,-0.619763
1409,0,-0.462832,-0.451374,1.45146,0.899083,-0.126834,1.85917,-0.634976,0.772402,0.0141754,-0.000186388,0.0181961,-0.999834,-0.772532,-0.634873,-0.0114101,88.9574,-0.0106792,129.418,0.304881,0.299265,0.645093,-0.633516
1416,0,-0.462695,-0.451335,1.45132,0.899083,-0.126834,1.85917,-0.663252,0.748075,0.0219003,-0.0236855,0.00826644,-0.999685,-0.748021,-0.663562,0.0122358,89.5262,-1.35721,131.563,0.298852,0.281179,0.644066,-0.645605
1424,0,-0.462785,-0.451268,1.45299,0.899083,-0.126834,1.85917,-0.666782,0.744581,0.0316306,-0.0346991,0.0113793,-0.999333,-0.744445,-0.667435,0.0182488,89.3476,-1.98851,131.85,0.301184,0.275495,0.644188,-0.646848
1431,0,-0.462951,-0.451021,1.45209,0.899083,-0.126834,1.85917,-0.724208,0.689159,0.024153,-0.0290661,0.00448761,-0.999567,-0.688969,-0.724597,0.0167812,89.7428,-1.6656,136.428,0.272517,0.252252,0.654201,-0.658882
1438,0,-0.462601,-0.450915,1.45108,0.899083,-0.126834,1.85917,-0.710605,0.703125,0.025616,-0.0159763,0.0202733,-0.999667,-0.70341,-0.710777,-0.00317303,88.8382,-0.915412,135.292,0.27681,0.260909,0.658417,-0.649453
1446,0,-0.462744,-0.45091,1.45023,0.899083,-0.126834,1.85917,-0.69238,0.721186,0.0223795,0.000204993,0.0312133,-0.999513,-0.721533,-0.692038,-0.0217593,88.2113,0.0117452,133.819,0.281547,0.273023,0.660559,-0.640197
1453,0,-0.462653,-0.450899,1.45097,0.899083,-0.126834,1.85917,-0.670019,0.741918,0.025135,0.0128638,0.0454578,-0.998883,-0.742232,-0.668948,-0.0400015,87.3943,0.737064,132.073,0.289585,0.284835,0.662472,-0.629397
1460,0,-0.462714,-0.451949,1.45165,0.899083,-0.126834,1.85917,-0.653573,0.75602,0.0357154,0.0276307,0.0709906,-0.997094,-0.756359,-0.650687,-0.0672869,85.9276,1.58332,130.83,0.295859,0.292713,0.6693,-0.615487
1467,0,-0.46267,-0.4529,1.45159,0.899083,-0.126834,1.85917,-0.624274,0.780392,0.0356251,0.0422134,0.0792345,-0.995962,-0.780064,-0.62025,-0.0824071,85.4514,2.41937,128.67,0.305186,0.307774,0.668191,-0.604697
1474,0,-0.462548,-0.452678,1.45212,0.899083,-0.126834,1.85917,-0.577412,0.815844,0.0315356,0.0531988,0.0761383,-0.995677,-0.814718,-0.573238,-0.0873651,85.6272,3.04951,125.326,0.320687,0.329323,0.659719,-0.594539
1481,0,-0.463107,-0.452709,1.45229,0.899083,-0.126834,1.85917,-0.535994,0.843659,0.0308185,0.0481931,0.0670229,-0.996587,-0.842845,-0.532679,-0.0765824,86.1525,2.76233,122.454,0.337063,0.344081,0.647997,-0.589998
1489,0,-0.462916,-0.451984,1.45109,0.899083,-0.126834,1.85917,-0.411733,0.910898,0.0272054,0.0397006,0.0477539,-0.99807,-0.910439,-0.409859,-0.0558251,87.2607,2.27528,114.334,0.380853,0.386115,0.61549,-0.571873
1495,0,-0.462702,-0.45172,1.45096,0.899083,-0.126834,1.85917,-0.34842,0.937,0.0251809,0.0443656,0.0433194,-0.998076,-0.936288,-0.346633,-0.056664,87.5148,2.5428,110.412,0.399448,0.407714,0.601748,-0.558667
1503,0,-0.462698,-0.45101,1.451,0.899083,-0.126834,1.85917,-0.301198,0.953298,0.0224169,0.0360596,0.0348786,-0.998741,-0.95288,-0.30001,-0.0448809,87.9999,2.06651,107.541,0.41497,0.420953,0.587571,-0.552593
1510,0,-0.463051,-0.451329,1.45253,0.899083,-0.126834,1.85917,-0.204826,0.978563,0.0214506,0.0370942,0.0296601,-0.998872,-0.978095,-0.203799,-0.0423742,88.2992,2.12583,101.828,0.442284,0.449413,0.564991,-0.532163
1517,0,-0.462836,-0.451305,1.45218,0.899083,-0.126834,1.85917,-0.1472,0.988615,0.031178,0.0186562,0.0342908,-0.999238,-0.988931,-0.146506,-0.0234914,88.0346,1.06898,98.4662,0.46465,0.458803,0.548858,-0.521876
1524,0,-0.462618,-0.451228,1.45182,0.899083,-0.126834,1.85917,-0.0562814,0.997753,0.0363622,0.0211459,0.037603,-0.999069,-0.998191,-0.0554601,-0.0232147,87.8445,1.21166,93.2271,0.489415,0.482009,0.528465,-0.498865
1531,0,-0.462932,-0.451547,1.45175,0.899083,-0.126834,1.85917,0.0105584,0.999501,0.0297785,0.0475286,0.0292449,-0.998442,-0.998814,0.0119573,-0.0471961,88.3223,2.72422,89.3944,0.498148,0.507077,0.516208,-0.477755
1538,0,-0.463107,-0.451988,1.45217,0.899083,-0.126834,1.85917,0.0579584,0.997977,0.0261258,0.0580363,0.0227574,-0.998055,-0.996631,0.0593619,-0.0565999,88.6938,3.32711,86.6718,0.505993,0.522446,0.505321,-0.464404
1546,0,-0.462912,-0.451635,1.45092,0.899083,-0.126834,1.85917,0.123261,0.992005,0.0270641,0.047887,0.0212946,-0.998626,-0.991218,0.124388,-0.0448794,88.7784,2.74478,82.9115,0.524327,0.535455,0.485518,-0.450157
1553,0,-0.462852,-0.451443,1.45127,0.899083,-0.126834,1.85917,0.192263,0.980845,0.0312589,0.0476672,0.0224814,-0.99861,-0.980185,0.193486,-0.0424318,88.7103,2.73217,78.9023,0.541367,0.550503,0.467079,-0.430936
1560,0,-0.462646,-0.450953,1.45022,0.899083,-0.126834,1.85917,0.195062,0.980532,0.022517,0.0385641,0.0152725,-0.999139,-0.980032,0.195763,-0.0348342,89.1243,2.21011,78.7432,0.542102,0.55105,0.462343,-0.434405
1567,0,-0.462489,-0.451576,1.45065,0.899083,-0.126834,1.85917,0.198388,0.979818,0.024486,0.0371543,0.0174465,-0.999157,-0.979419,0.199131,-0.0329433,88.9996,2.12928,78.5493,0.543804,0.550882,0.46152,-0.433365
1575,0,-0.462456,-0.451493,1.4505,0.899083,-0.126834,1.85917,0.179566,0.983378,0.0268906,0.0210769,0.0234829,-0.999502,-0.98352,0.180043,-0.0165098,88.6541,1.20771,79.6532,0.544642,0.541432,0.463796,-0.441713
