126,0,-0.335783,-0.387337,1.45692,-nan,-nan,-nan,0.827281,0.560663,0.0355335,0.198815,-0.233028,-0.95193,-0.525432,0.794578,-0.304248,103.755,11.4677,32.4209,0.567892,0.768856,0.246951,-0.159295
135,0,-0.335809,-0.387477,1.45817,-nan,-nan,-nan,0.824624,0.564634,0.0344009,0.178179,-0.201543,-0.963137,-0.536886,0.800356,-0.266803,101.819,10.2637,33.0668,0.582297,0.757128,0.245273,-0.165918
144,0,-0.336145,-0.397946,1.46258,-nan,-nan,-nan,0.829427,0.556834,0.0445785,0.184988,-0.198493,-0.962486,-0.527097,0.806558,-0.267643,101.653,10.6604,32.4358,0.5838,0.757556,0.244808,-0.159235
153,0,-0.33631,-0.398224,1.46608,-nan,-nan,-nan,0.833297,0.551888,0.032192,0.166274,-0.194671,-0.966673,-0.527228,0.810878,-0.253984,101.386,9.57127,32.3216,0.588354,0.755307,0.237705,-0.163853
161,0,-0.329666,-0.400345,1.47532,-nan,-nan,-nan,0.865016,0.501541,0.0142722,0.129558,-0.19579,-0.97205,-0.484728,0.842688,-0.234341,101.388,7.44407,29.2649,0.598934,0.757487,0.208287,-0.155269
170,0,-0.330638,-0.401871,1.47932,-nan,-nan,-nan,0.863823,0.503231,0.0238254,0.140254,-0.194793,-0.970765,-0.483878,0.841911,-0.238847,101.346,8.06254,29.2557,0.597951,0.757869,0.212268,-0.151759
178,0,-0.32907,-0.401886,1.47132,-nan,-nan,-nan,0.843758,0.535048,0.0423778,0.18341,-0.213228,-0.959633,-0.504413,0.81747,-0.278046,102.527,10.5685,30.8717,0.581482,0.76404,0.235085,-0.151182
187,0,-0.325057,-0.403553,1.45238,-nan,-nan,-nan,0.788955,0.610741,0.0674139,0.245853,-0.213221,-0.945565,-0.563121,0.762582,-0.318375,102.707,14.2323,35.5176,0.56066,0.761668,0.281157,-0.162705
195,0,-0.326879,-0.409803,1.4567,-nan,-nan,-nan,0.80556,0.586589,0.0835839,0.253525,-0.213735,-0.943421,-0.535536,0.781172,-0.320891,102.765,14.6862,33.6159,0.563678,0.764883,0.274589,-0.147719
204,0,-0.326932,-0.418342,1.45995,-nan,-nan,-nan,0.800252,0.594499,0.0785333,0.239798,-0.197219,-0.95058,-0.54963,0.779536,-0.300384,101.721,13.8746,34.4821,0.570668,0.757934,0.275188,-0.155388
213,0,-0.329219,-0.435119,1.46712,-nan,-nan,-nan,0.85177,0.507462,0.130268,0.317732,-0.302638,-0.898586,-0.416574,0.806779,-0.419015,108.613,18.5258,26.0618,0.531535,0.802095,0.257199,-0.089237
221,0,-0.330487,-0.43753,1.47269,-nan,-nan,-nan,0.869339,0.474996,0.136483,0.312164,-0.313654,-0.896758,-0.383148,0.822192,-0.420948,109.278,18.1897,23.7848,0.53262,0.806837,0.243903,-0.0764298
230,0,-0.330678,-0.439248,1.47659,-nan,-nan,-nan,0.883329,0.45383,0.117339,0.286528,-0.324638,-0.901394,-0.370987,0.829849,-0.416797,109.807,16.6502,22.7818,0.534297,0.810056,0.22849,-0.0782809
239,0,-0.331556,-0.442714,1.47968,-nan,-nan,-nan,0.896002,0.429001,0.114623,0.26758,-0.315623,-0.910375,-0.354375,0.846369,-0.397591,109.121,15.5203,21.5791,0.54378,0.807653,0.215619,-0.0742125
248,0,-0.333049,-0.444244,1.48506,-nan,-nan,-nan,0.906962,0.405194,0.11506,0.268256,-0.345043,-0.899435,-0.324745,0.846619,-0.421636,110.988,15.5605,19.7003,0.53392,0.817564,0.205932,-0.0641191
255,0,-0.33373,-0.445624,1.48767,-nan,-nan,-nan,0.918099,0.379379,0.114739,0.267029,-0.378128,-0.886406,-0.292898,0.844447,-0.448464,113.102,15.4875,17.6941,0.522376,0.828356,0.195088,-0.0537689
264,0,-0.333793,-0.446718,1.48875,-nan,-nan,-nan,0.922228,0.370118,0.111839,0.265319,-0.395378,-0.879365,-0.28125,0.840648,-0.462828,114.21,15.3859,16.96,0.515757,0.833732,0.19054,-0.0507989
271,0,-0.333279,-0.448844,1.49043,-nan,-nan,-nan,0.910793,0.405119,0.0795974,0.236484,-0.353871,-0.904904,-0.338426,0.843003,-0.418107,111.358,13.6791,20.3837,0.533576,0.818958,0.195859,-0.0790116
280,0,-0.334537,-0.452544,1.49427,-nan,-nan,-nan,0.922217,0.380602,0.0682519,0.205908,-0.333978,-0.919815,-0.327289,0.862323,-0.38637,109.956,11.8827,19.5395,0.548149,0.812798,0.180399,-0.0796745
288,0,-0.33479,-0.454223,1.49741,-nan,-nan,-nan,0.929837,0.361421,0.0691195,0.194541,-0.323399,-0.926049,-0.31234,0.874522,-0.371019,109.25,11.2179,18.5676,0.555747,0.809978,0.171598,-0.0750702
296,0,-0.334874,-0.459254,1.51033,-nan,-nan,-nan,0.892521,0.450942,-0.00760584,0.185927,-0.383253,-0.904737,-0.410899,0.806082,-0.425904,112.958,10.7152,24.7204,0.520424,0.821839,0.193733,-0.127307
305,0,-0.335126,-0.457881,1.50807,-nan,-nan,-nan,0.912486,0.40898,0.0101791,0.1802,-0.379462,-0.907489,-0.367283,0.829906,-0.419952,112.692,10.3814,21.9252,0.527511,0.823392,0.178888,-0.108425
312,0,-0.336706,-0.459873,1.52412,-nan,-nan,-nan,0.870504,0.492142,-0.00426261,0.242711,-0.436811,-0.866191,-0.428151,0.752989,-0.499694,116.761,14.0466,26.1899,0.483218,0.837707,0.219305,-0.129047
321,0,-0.336946,-0.458669,1.52421,-nan,-nan,-nan,0.884105,0.466927,0.0184014,0.259233,-0.457321,-0.85068,-0.38879,0.75686,-0.525362,118.262,15.0246,23.7378,0.474716,0.84658,0.214439,-0.109378
328,0,-0.334843,-0.458769,1.51653,-nan,-nan,-nan,0.81849,0.574498,-0.00518016,0.286075,-0.415359,-0.863503,-0.498232,0.705287,-0.504317,115.688,16.6231,31.3298,0.474029,0.82737,0.260033,-0.152112
337,0,-0.325748,-0.450924,1.48796,-nan,-nan,-nan,0.937236,0.342932,0.0631377,0.149966,-0.232953,-0.960855,-0.3148,0.910017,-0.26976,103.628,8.62493,18.5662,0.598858,0.781017,0.157774,-0.0805559
346,0,-0.326598,-0.448864,1.48186,-nan,-nan,-nan,0.936517,0.342593,0.0746029,0.161566,-0.232827,-0.959004,-0.311178,0.910177,-0.273398,103.646,9.2978,18.3802,0.597974,0.781464,0.161287,-0.0756835
353,0,-0.325237,-0.446275,1.47472,-nan,-nan,-nan,0.938372,0.338822,0.0682524,0.156835,-0.241445,-0.957657,-0.307996,0.909343,-0.279705,104.151,9.02322,18.1711,0.595236,0.784143,0.158025,-0.0764348
362,0,-0.320163,-0.442139,1.46007,-nan,-nan,-nan,0.922012,0.386984,-0.0117425,0.132195,-0.343178,-0.929921,-0.363894,0.855846,-0.367572,110.256,7.59643,21.5379,0.550287,0.811289,0.159986,-0.115753
371,0,-0.315943,-0.43796,1.45218,-nan,-nan,-nan,0.914853,0.403787,0.000197241,0.16135,-0.365119,-0.916872,-0.370149,0.838835,-0.399181,111.714,9.28524,22.0282,0.536319,0.818406,0.172633,-0.11301
379,0,-0.316535,-0.438732,1.44697,-nan,-nan,-nan,0.90895,0.416886,-0.00407122,0.158019,-0.353537,-0.921977,-0.385799,0.837387,-0.387223,110.98,9.09192,22.9985,0.540414,0.813897,0.17659,-0.119754
387,0,-0.314541,-0.432498,1.4372,-nan,-nan,-nan,0.895196,0.445587,0.00875821,0.195339,-0.374626,-0.906365,-0.400583,0.813085,-0.422404,112.457,11.2645,24.1076,0.523967,0.8204,0.195309,-0.119401
396,0,-0.31154,-0.429722,1.424,-nan,-nan,-nan,0.919798,0.391907,-0.0194907,0.126319,-0.342765,-0.93089,-0.371503,0.853769,-0.36478,110.214,7.25695,21.9936,0.550512,0.810454,0.159857,-0.120609
405,0,-0.310262,-0.43233,1.42943,-nan,-nan,-nan,0.933458,0.352982,-0.0637095,0.0879491,-0.39744,-0.913404,-0.347736,0.847021,-0.402039,113.515,5.04563,20.4316,0.532442,0.82658,0.13336,-0.124442
414,0,-0.308949,-0.433381,1.43479,-nan,-nan,-nan,0.938696,0.343722,-0.0265663,0.12763,-0.41807,-0.899404,-0.320251,0.840876,-0.43631,114.93,7.33268,18.8379,0.520652,0.835625,0.141018,-0.10376
422,0,-0.307904,-0.420661,1.40354,-nan,-nan,-nan,0.943158,0.332344,0.000772395,0.0921325,-0.259228,-0.961412,-0.319319,0.906834,-0.275113,105.09,5.2863,18.7042,0.593468,0.787004,0.134839,-0.10119
431,0,-0.30852,-0.429408,1.41725,-nan,-nan,-nan,0.92997,0.367365,0.0141224,0.141808,-0.323009,-0.935711,-0.339186,0.872186,-0.352484,109.045,8.15246,20.0383,0.560017,0.807072,0.157722,-0.100692
439,0,-0.297707,-0.420333,1.39096,-nan,-nan,-nan,0.974724,0.217306,-0.0518794,0.0369237,-0.385709,-0.921881,-0.220341,0.896664,-0.383984,112.704,2.11605,12.7379,0.548869,0.828314,0.0767311,-0.0821609
448,0,-0.296717,-0.417584,1.38081,-nan,-nan,-nan,0.98241,0.176776,-0.0601812,0.00996223,-0.371429,-0.928408,-0.186473,0.911477,-0.366657,111.805,0.570803,10.7476,0.557746,0.824696,0.0566081,-0.0747712
456,0,-0.296718,-0.413251,1.37371,-nan,-nan,-nan,0.986845,0.151873,-0.0554117,0.00552994,-0.374264,-0.927306,-0.161572,0.914801,-0.370181,111.979,0.316844,9.29828,0.557315,0.826331,0.0476212,-0.0656467
464,0,-0.292304,-0.413439,1.37058,-nan,-nan,-nan,0.994464,0.0979714,-0.0379912,-0.00370131,-0.328663,-0.94444,-0.105014,0.939352,-0.326481,109.188,-0.21207,6.02804,0.578645,0.813881,0.028957,-0.0439271
472,0,-0.291058,-0.412477,1.36663,-nan,-nan,-nan,0.996928,0.0724789,-0.0297031,-0.00614496,-0.305672,-0.952117,-0.0780878,0.949374,-0.304287,107.799,-0.352083,4.47875,0.588848,0.807293,0.0205421,-0.0333804
481,0,-0.289582,-0.4108,1.36201,-nan,-nan,-nan,0.997112,0.0669667,-0.0358168,-0.0147376,-0.292032,-0.956295,-0.0744996,0.954061,-0.290202,106.982,-0.844434,4.27293,0.594743,0.803017,0.0162603,-0.0343444
490,0,-0.288894,-0.406697,1.35606,-nan,-nan,-nan,0.998342,0.0514246,-0.0258657,-0.0118509,-0.256103,-0.966577,-0.0563301,0.965281,-0.255069,104.84,-0.679021,3.22941,0.609748,0.792072,0.0124906,-0.0259433
497,0,-0.290347,-0.401655,1.34734,-nan,-nan,-nan,0.999627,-0.0107552,-0.0251008,-0.0268137,-0.212496,-0.976794,0.00517185,0.977103,-0.212705,102.273,-1.5365,-0.296433,0.627381,0.778593,-0.0120631,-0.00639901
506,0,-0.291058,-0.406901,1.35436,-nan,-nan,-nan,0.999059,0.0113026,-0.0418797,-0.0373737,-0.265804,-0.963302,-0.0220196,0.963961,-0.265132,105.426,-2.14185,1.26261,0.605831,0.795298,-0.00819539,-0.0200866
515,0,-0.288676,-0.402742,1.34599,-nan,-nan,-nan,0.99934,0.0120438,0.0342806,0.0362312,-0.259165,-0.965153,-0.00273977,0.965758,-0.25943,105.031,2.07635,0.157081,0.608429,0.7934,0.0152114,0.00993849
523,0,-0.28697,-0.399234,1.33415,-nan,-nan,-nan,0.999266,-0.0278183,0.0263342,0.0173614,-0.283904,-0.958695,0.0341457,0.958449,-0.283213,106.496,0.994787,-1.95708,0.598362,0.800997,-0.00326371,0.0188764
532,0,-0.28455,-0.398422,1.32928,-nan,-nan,-nan,0.999818,-0.0187678,0.00341711,-0.00263814,-0.313439,-0.949605,0.0188931,0.949423,-0.313431,108.267,-0.151154,-1.08256,0.585864,0.810353,-0.0066039,0.00688286
540,0,-0.284909,-0.395851,1.32064,-nan,-nan,-nan,0.99922,-0.0393705,-0.0029032,-0.0151715,-0.315077,-0.948945,0.0364457,0.948249,-0.315428,108.368,-0.869298,-2.08889,0.584961,0.810821,-0.0168169,0.0103421
549,0,-0.282693,-0.392482,1.31106,-nan,-nan,-nan,0.999119,-0.0408322,-0.0096423,-0.021565,-0.302662,-0.952854,0.0359887,0.952223,-0.303276,107.622,-1.23568,-2.06293,0.590166,0.807009,-0.0193298,0.00816175
558,0,-0.282179,-0.389318,1.30272,-nan,-nan,-nan,0.998918,-0.0454141,0.0100062,-0.00297339,-0.277105,-0.960835,0.0464083,0.959766,-0.27694,106.088,-0.170363,-2.65996,0.601015,0.7989,-0.0151419,0.0176538
565,0,-0.279792,-0.389003,1.30242,-nan,-nan,-nan,0.999806,0.0135676,0.0142956,0.0171999,-0.246487,-0.968993,-0.00962321,0.969051,-0.246673,104.272,0.985528,0.55146,0.613728,0.789456,0.00974323,0.00147961
574,0,-0.276663,-0.386832,1.29538,-nan,-nan,-nan,0.999962,-0.00310557,-0.00813922,-0.00865924,-0.252077,-0.967668,0.000953453,0.967702,-0.252094,104.601,-0.496144,-0.0546309,0.611513,0.791223,-0.00371729,-0.00227046
582,0,-0.276962,-0.387384,1.29274,-nan,-nan,-nan,0.998785,-0.0450812,0.019924,0.00560399,-0.297747,-0.954628,0.0489681,0.95358,-0.297133,107.323,0.321087,-2.80683,0.592432,0.805243,-0.0122563,0.0213886
591,0,-0.277706,-0.393394,1.28966,-nan,-nan,-nan,0.986242,-0.144477,0.0803254,0.0353799,-0.290174,-0.95632,0.161475,0.946005,-0.281071,106.879,2.02754,-9.29838,0.594768,0.799607,-0.0341096,0.0755996
600,0,-0.279923,-0.391954,1.29132,-nan,-nan,-nan,0.97998,-0.184817,0.0740401,0.00789517,-0.335515,-0.942002,0.198939,0.923728,-0.327338,109.604,0.452365,-11.4753,0.573831,0.81284,-0.0544147,0.0839586
608,0,-0.280583,-0.391063,1.29168,-nan,-nan,-nan,0.972651,-0.221124,0.0710907,-0.00938259,-0.343224,-0.939207,0.232081,0.912854,-0.335912,110.074,-0.537591,-13.4202,0.568664,0.814215,-0.0707756,0.0930871
616,0,-0.278861,-0.390183,1.28194,-nan,-nan,-nan,0.969738,-0.240638,0.0412469,-0.0279581,-0.277283,-0.960382,0.242541,0.930165,-0.275619,106.105,-1.60209,-14.0422,0.595155,0.794141,-0.0845556,0.0893381
624,0,-0.274511,-0.389749,1.28568,-nan,-nan,-nan,0.963867,-0.259833,0.0587216,-0.0386208,-0.354414,-0.934291,0.263571,0.898264,-0.351643,110.774,-2.21336,-15.2937,0.560761,0.816995,-0.0913265,0.0986213
632,0,-0.273554,-0.388483,1.27703,-nan,-nan,-nan,0.951696,-0.304291,0.0410097,-0.0354791,-0.241654,-0.969714,0.304985,0.921418,-0.240777,103.993,-2.03323,-17.7688,0.606066,0.780084,-0.108889,0.110884
641,0,-0.272837,-0.387692,1.26849,-nan,-nan,-nan,0.957831,-0.287288,-0.00500412,-0.0934703,-0.295071,-0.950892,0.271703,0.911262,-0.309482,107.24,-5.36328,-15.8368,0.581652,0.800372,-0.118932,0.0833046
649,0,-0.269459,-0.38437,1.26467,-nan,-nan,-nan,0.961834,-0.271849,-0.0311994,-0.106978,-0.268637,-0.957283,0.251855,0.924085,-0.287466,105.675,-6.14115,-14.6734,0.592818,0.7934,-0.119368,0.0695283
658,0,-0.268411,-0.382804,1.26533,-nan,-nan,-nan,0.965342,-0.260627,-0.0137475,-0.0897009,-0.281857,-0.955254,0.245091,0.92338,-0.295467,106.439,-5.1464,-14.2458,0.589071,0.797287,-0.10985,0.0725407
666,0,-0.267126,-0.384482,1.26356,-nan,-nan,-nan,0.964832,-0.261282,-0.0288224,-0.108391,-0.295551,-0.949158,0.23948,0.918902,-0.313478,107.296,-6.22258,-13.9396,0.582195,0.802163,-0.115211,0.0656529
674,0,-0.265383,-0.383258,1.25932,-nan,-nan,-nan,0.968806,-0.247336,-0.0154805,-0.0910795,-0.297268,-0.95044,0.230476,0.922202,-0.310522,107.368,-5.22571,-13.3817,0.583313,0.802589,-0.105414,0.0669693
683,0,-0.265156,-0.381449,1.25287,-nan,-nan,-nan,0.965855,-0.258197,-0.021412,-0.102987,-0.306784,-0.946191,0.237735,0.916088,-0.3229,107.964,-5.91121,-13.8279,0.577964,0.805534,-0.112095,0.0671366
692,0,-0.26314,-0.379452,1.24853,-nan,-nan,-nan,0.95766,-0.287874,-0.00405176,-0.0956333,-0.304803,-0.947602,0.271555,0.907868,-0.319428,107.831,-5.48777,-15.8312,0.577371,0.803413,-0.119337,0.0832395
700,0,-0.262902,-0.377614,1.24118,-nan,-nan,-nan,0.93801,-0.345726,-0.0247145,-0.131701,-0.289553,-0.948058,0.320612,0.892543,-0.317136,106.984,-7.56789,-18.8704,0.576914,0.797606,-0.149644,0.0927455
708,0,-0.259383,-0.36975,1.21797,-nan,-nan,-nan,0.987134,-0.153747,0.0439007,-0.0154678,-0.365101,-0.930839,0.159142,0.918184,-0.362782,111.417,-0.886275,-9.15821,0.561082,0.823866,-0.0513479,0.0616129
717,0,-0.258216,-0.366313,1.2089,-nan,-nan,-nan,0.987308,-0.149228,0.0543503,0.00178196,-0.331788,-0.943352,0.158808,0.931476,-0.327311,109.377,0.102099,-9.1377,0.57624,0.813389,-0.0453185,0.0655153
725,0,-0.256365,-0.365518,1.20633,-nan,-nan,-nan,0.985749,-0.164746,0.034021,-0.0259913,-0.348966,-0.936775,0.166202,0.922541,-0.348275,110.431,-1.48936,-9.57036,0.567562,0.818992,-0.0582233,0.0611189
734,0,-0.253595,-0.363105,1.19649,-nan,-nan,-nan,0.983232,-0.182037,0.0108783,-0.0569534,-0.363195,-0.929971,0.17324,0.913757,-0.367473,111.333,-3.26495,-9.99263,0.55959,0.823696,-0.0725359,0.0558817
742,0,-0.254447,-0.365021,1.19343,-nan,-nan,-nan,0.987116,-0.154073,0.0431745,-0.0309163,-0.448396,-0.8933,0.156993,0.880456,-0.447382,116.655,-1.77165,-9.03675,0.522336,0.848954,-0.0544757,0.0589452
751,0,-0.253954,-0.36353,1.18789,-nan,-nan,-nan,0.985978,-0.153297,0.0659424,-0.00972495,-0.447263,-0.894349,0.166595,0.881167,-0.442483,116.57,-0.557207,-9.59034,0.523505,0.847898,-0.0480665,0.0685628
759,0,-0.252025,-0.361147,1.17996,-nan,-nan,-nan,0.983782,-0.160755,0.0795635,0.00177333,-0.434841,-0.900505,0.179358,0.886042,-0.427504,115.775,0.101604,-10.3324,0.52949,0.843524,-0.0471183,0.0767381
768,0,-0.248745,-0.358443,1.1702,-nan,-nan,-nan,0.984444,-0.169501,0.0462575,-0.0277191,-0.40981,-0.91175,0.173499,0.896284,-0.408133,114.203,-1.58839,-9.99522,0.540023,0.837017,-0.0589057,0.0656369
776,0,-0.244857,-0.354099,1.15451,-nan,-nan,-nan,0.972478,-0.2324,0.0166163,-0.0730566,-0.371871,-0.925405,0.221243,0.898723,-0.378615,111.893,-4.18957,-12.8169,0.552719,0.82507,-0.0925546,0.0720724
785,0,-0.243989,-0.351273,1.14579,-nan,-nan,-nan,0.963531,-0.265841,0.0305894,-0.07066,-0.363013,-0.929101,0.258097,0.893057,-0.368559,111.341,-4.0519,-14.9956,0.554968,0.820839,-0.102487,0.0879244
793,0,-0.242756,-0.350866,1.14393,-nan,-nan,-nan,0.968361,-0.247251,0.0338258,-0.0646954,-0.379636,-0.922871,0.241022,0.891484,-0.383621,112.361,-3.70936,-13.9768,0.548886,0.82638,-0.0943713,0.0831482
802,0,-0.239676,-0.346466,1.12673,-nan,-nan,-nan,0.940306,-0.340211,-0.00896652,-0.105722,-0.266957,-0.957892,0.323492,0.90166,-0.286989,105.573,-6.06875,-18.9847,0.588719,0.78966,-0.141179,0.0995761
810,0,-0.23877,-0.34203,1.12107,-nan,-nan,-nan,0.933449,-0.358706,0.00191672,-0.0955007,-0.253662,-0.962567,0.345765,0.898324,-0.271037,104.763,-5.48014,-20.3254,0.593454,0.783924,-0.14485,0.110879
819,0,-0.235515,-0.339313,1.11853,-nan,-nan,-nan,0.894953,-0.442129,-0.0598345,-0.144686,-0.160742,-0.976334,0.422048,0.882431,-0.207827,99.3492,-8.3191,-25.2479,0.617735,0.75225,-0.19502,0.120377
828,0,-0.234263,-0.337256,1.11132,-nan,-nan,-nan,0.881914,-0.469339,-0.0441491,-0.140298,-0.171906,-0.975072,0.45005,0.866123,-0.217454,99.9986,-8.06509,-27.0357,0.610851,0.753537,-0.202259,0.134665
837,0,-0.232131,-0.334027,1.10079,-nan,-nan,-nan,0.886994,-0.46145,-0.0174644,-0.134276,-0.221548,-0.96586,0.441827,0.859058,-0.258473,102.919,-7.71673,-26.4787,0.593079,0.769255,-0.193605,0.137914
846,0,-0.230406,-0.334267,1.09981,-nan,-nan,-nan,0.854924,-0.51641,-0.049245,-0.163545,-0.178223,-0.970304,0.492298,0.83759,-0.236824,100.408,-9.41274,-29.935,0.599975,0.753321,-0.225653,0.147033
855,0,-0.230039,-0.334852,1.09827,-nan,-nan,-nan,0.82973,-0.55724,-0.0321141,-0.152978,-0.171698,-0.9732,0.536792,0.812406,-0.227709,100.006,-8.79955,-32.9007,0.597981,0.746515,-0.237845,0.169011
863,0,-0.226984,-0.332096,1.08617,-nan,-nan,-nan,0.823567,-0.567186,-0.00618093,-0.141343,-0.194656,-0.970634,0.549327,0.800256,-0.24048,101.34,-8.12557,-33.7037,0.589159,0.751449,-0.235721,0.1807
871,0,-0.22729,-0.332672,1.08549,-nan,-nan,-nan,0.842636,-0.538206,0.0173208,-0.108945,-0.201893,-0.973329,0.527348,0.818275,-0.228757,101.718,-6.25451,-32.0397,0.594135,0.753871,-0.214609,0.180624
880,0,-0.226977,-0.331995,1.08177,-nan,-nan,-nan,0.859548,-0.508822,0.0477213,-0.0730916,-0.214814,-0.973916,0.505801,0.83364,-0.221834,102.438,-4.19158,-30.4747,0.596427,0.75766,-0.19201,0.182642
888,0,-0.224235,-0.327109,1.06656,-nan,-nan,-nan,0.869335,-0.492708,0.0386703,-0.0653432,-0.192144,-0.979189,0.489885,0.848716,-0.199232,101.102,-3.74656,-29.402,0.607857,0.751783,-0.185576,0.175767
897,0,-0.220278,-0.321578,1.04952,-nan,-nan,-nan,0.866694,-0.497977,0.0293201,-0.0821989,-0.20054,-0.976231,0.492021,0.843684,-0.21474,101.608,-4.71497,-29.5835,0.602373,0.75531,-0.192032,0.172558
905,0,-0.2171,-0.317354,1.03538,-nan,-nan,-nan,0.880426,-0.473333,0.0284075,-0.091404,-0.228191,-0.969316,0.465291,0.850814,-0.24417,103.247,-5.24438,-27.8558,0.59331,0.76694,-0.184088,0.160931
914,0,-0.215026,-0.31491,1.02553,-nan,-nan,-nan,0.872539,-0.487269,0.0352749,-0.100246,-0.24924,-0.963239,0.478148,0.836928,-0.266319,104.507,-5.75335,-28.7226,0.582447,0.772674,-0.190092,0.166119
922,0,-0.213068,-0.312449,1.0165,-nan,-nan,-nan,0.86406,-0.502042,0.0368067,-0.110582,-0.260636,-0.959083,0.491093,0.824635,-0.280722,105.203,-6.34886,-29.6119,0.575044,0.77547,-0.197501,0.170187
931,0,-0.210662,-0.309162,1.00265,-nan,-nan,-nan,0.835462,-0.54677,0.0551883,-0.0946432,-0.24208,-0.965629,0.541337,0.801523,-0.253997,104.074,-5.43078,-32.9412,0.578659,0.763469,-0.210032,0.195334
939,0,-0.209117,-0.307029,0.992919,-nan,-nan,-nan,0.832131,-0.550568,0.0665812,-0.0791469,-0.236727,-0.968347,0.548902,0.800522,-0.240564,103.737,-4.53953,-33.4102,0.581988,0.759839,-0.207187,0.202505
947,0,-0.206838,-0.304036,0.983491,-nan,-nan,-nan,0.797939,-0.600665,0.049944,-0.091212,-0.202244,-0.975078,0.595796,0.773498,-0.216166,101.718,-5.23334,-36.7475,0.587267,0.74437,-0.23237,0.216875
956,0,-0.203791,-0.302228,0.978295,-nan,-nan,-nan,0.776633,-0.629079,0.0331863,-0.109539,-0.186734,-0.976285,0.620357,0.75458,-0.213932,100.828,-6.28872,-38.6171,0.586508,0.737784,-0.250282,0.221455
965,0,-0.199479,-0.299185,0.964725,-nan,-nan,-nan,0.755893,-0.654345,0.0214163,-0.121266,-0.172082,-0.97759,0.643367,0.736356,-0.209425,99.9833,-6.96519,-40.4023,0.586171,0.730992,-0.26526,0.227356
973,0,-0.197969,-0.299051,0.959664,-nan,-nan,-nan,0.700072,-0.713975,0.0118159,-0.106879,-0.121129,-0.986866,0.706029,0.689614,-0.161108,96.9976,-6.13541,-45.2427,0.595364,0.703972,-0.291508,0.254926
982,0,-0.194168,-0.295757,0.947303,-nan,-nan,-nan,0.6491,-0.759514,-0.0425329,-0.1474,-0.0707254,-0.986545,0.746286,0.646635,-0.15786,94.1005,-8.47631,-48.9841,0.595927,0.685143,-0.330921,0.256791
990,0,-0.193124,-0.293535,0.940394,-nan,-nan,-nan,0.619972,-0.784289,-0.0229064,-0.143738,-0.0848268,-0.985973,0.771345,0.614569,-0.165323,94.9173,-8.26423,-51.2093,0.585197,0.683762,-0.339309,0.273647
999,0,-0.187307,-0.291415,0.928943,-nan,-nan,-nan,0.547518,-0.835431,-0.047739,-0.179465,-0.0615109,-0.98184,0.817323,0.546142,-0.183609,93.5848,-10.3386,-56.1822,0.570613,0.669447,-0.379005,0.287395
1007,0,-0.187656,-0.293044,0.926658,-nan,-nan,-nan,0.594817,-0.80386,0.00174899,-0.0777639,-0.0597068,-0.995182,0.800091,0.591815,-0.0980259,93.4334,-4.46005,-53.3716,0.599392,0.661919,-0.33298,0.302847
1016,0,-0.186064,-0.291524,0.919545,-nan,-nan,-nan,0.607836,-0.794006,0.0095233,-0.0978794,-0.0868206,-0.991404,0.788007,0.601678,-0.130489,95.0048,-5.61707,-52.3549,0.589603,0.67549,-0.330088,0.295168
1025,0,-0.185529,-0.29356,0.914151,-nan,-nan,-nan,0.64466,-0.763577,0.0369187,-0.0604145,-0.0990289,-0.993249,0.762078,0.638077,-0.109971,95.6937,-3.4636,-49.7713,0.599095,0.680746,-0.302606,0.293427
1033,0,-0.183294,-0.288383,0.90244,-nan,-nan,-nan,0.646874,-0.761176,0.0465255,-0.0385486,-0.0935693,-0.994866,0.761622,0.64176,-0.0898698,95.373,-2.20922,-49.6575,0.604863,0.676445,-0.295562,0.298674
1041,0,-0.181474,-0.285631,0.891323,-nan,-nan,-nan,0.654069,-0.756425,0.00389706,-0.0484761,-0.0470566,-0.997715,0.75488,0.652385,-0.0674468,92.7003,-2.77856,-49.0926,0.620396,0.664938,-0.302622,0.285281
1050,0,-0.179995,-0.28399,0.883994,-nan,-nan,-nan,0.613007,-0.790024,0.00916169,-0.0398565,-0.0425031,-0.998301,0.789071,0.6116,-0.0575423,92.4379,-2.28422,-52.1574,0.615013,0.654418,-0.31703,0.30494
1058,0,-0.177738,-0.281226,0.875422,-nan,-nan,-nan,0.629739,-0.776794,0.00449187,-0.0344324,-0.0336898,-0.998839,0.776043,0.628853,-0.0479627,91.9318,-1.97322,-50.9416,0.622111,0.654101,-0.310054,0.298324
1067,0,-0.175135,-0.276751,0.862285,-nan,-nan,-nan,0.616206,-0.787452,0.0144798,-0.0490083,-0.056687,-0.997188,0.786059,0.613764,-0.0735225,93.2536,-2.80909,-51.9064,0.609507,0.66076,-0.316477,0.302885
1075,0,-0.172126,-0.27709,0.851511,-nan,-nan,-nan,0.655189,-0.75454,0.0373579,0.0157689,-0.0357804,-0.999235,0.7553,0.655277,-0.0115447,92.0508,0.903527,-49.0598,0.634008,0.652402,-0.283097,0.303746
1084,0,-0.168407,-0.274819,0.845774,-nan,-nan,-nan,0.67228,-0.740054,0.0189622,-0.0102627,-0.0349285,-0.999337,0.740226,0.67164,-0.0310767,92.0018,-0.58802,-47.754,0.633694,0.65922,-0.284547,0.287911
1092,0,-0.167946,-0.272919,0.840309,-nan,-nan,-nan,0.686965,-0.726687,0.00213808,-0.0189948,-0.0208975,-0.999601,0.726442,0.686651,-0.0281591,91.1976,-1.08839,-46.5999,0.639904,0.658791,-0.282974,0.276484
1101,0,-0.166265,-0.270184,0.832696,-nan,-nan,-nan,0.704921,-0.709243,-0.00777452,-0.0251284,-0.0140181,-0.999586,0.70884,0.704825,-0.0277038,90.8035,-1.4399,-45.1588,0.644825,0.660803,-0.277833,0.265232
1109,0,-0.16403,-0.266421,0.820692,-nan,-nan,-nan,0.696325,-0.717651,-0.010389,-0.0449613,-0.0291696,-0.998563,0.716317,0.695792,-0.0525781,91.6732,-2.57696,-45.8108,0.63533,0.666722,-0.285956,0.264701
1118,0,-0.160673,-0.262267,0.807701,-nan,-nan,-nan,0.696913,-0.716923,-0.0182462,-0.0478878,-0.0211353,-0.998629,0.715555,0.696832,-0.0490613,91.2124,-2.74482,-45.7561,0.637714,0.664663,-0.287669,0.262279
1127,0,-0.158997,-0.259764,0.799016,-nan,-nan,-nan,0.697269,-0.716782,-0.00628714,-0.0463257,-0.0363084,-0.998266,0.715311,0.696351,-0.0585222,92.083,-2.65522,-45.7318,0.632937,0.669347,-0.28502,0.26482
1135,0,-0.157061,-0.256493,0.788227,-nan,-nan,-nan,0.709285,-0.704712,0.0171719,-0.044243,-0.0688157,-0.996648,0.703532,0.706148,-0.0799886,93.9498,-2.53577,-44.7667,0.624596,0.681559,-0.274721,0.264359
1144,0,-0.150577,-0.250596,0.769793,-nan,-nan,-nan,0.688504,-0.724365,0.0354636,-0.0665398,-0.111788,-0.991502,0.722174,0.680293,-0.125165,96.4327,-3.81527,-46.3673,0.602402,0.693804,-0.284989,0.273001
1153,0,-0.148529,-0.247806,0.760701,-nan,-nan,-nan,0.698221,-0.715729,0.0147774,-0.092578,-0.110744,-0.989528,0.70987,0.689541,-0.143585,96.3857,-5.31194,-45.474,0.60081,0.698668,-0.289231,0.259296
1162,0,-0.146574,-0.244695,0.750192,-nan,-nan,-nan,0.697386,-0.716584,0.0126188,-0.103626,-0.118241,-0.987563,0.709164,0.687405,-0.156716,96.8275,-5.94802,-45.4798,0.596328,0.702201,-0.292014,0.256972
1171,0,-0.142119,-0.238457,0.731508,-nan,-nan,-nan,0.632871,-0.774254,-0.00247677,-0.142757,-0.113544,-0.983223