105,0,-0.335167,-0.386962,1.45546,-nan,-nan,-nan,0.828581,0.557879,0.0471596,0.199223,-0.215073,-0.956062,-0.523224,0.80157,-0.289348,102.678,11.4915,32.2712,0.575361,0.763708,0.247837,-0.15584
114,0,-0.3353,-0.385525,1.45438,-nan,-nan,-nan,0.831994,0.553616,0.0359995,0.168917,-0.190978,-0.966951,-0.528444,0.810578,-0.252407,101.172,9.72486,32.4218,0.589196,0.754218,0.239497,-0.16323
121,0,-0.33559,-0.385142,1.45457,-nan,-nan,-nan,0.813569,0.580672,0.0304336,0.164734,-0.179979,-0.969779,-0.557645,0.793995,-0.242081,100.514,9.48178,34.428,0.589811,0.747601,0.249266,-0.176301
129,0,-0.336278,-0.385376,1.45751,-nan,-nan,-nan,0.812084,0.583158,0.0211149,0.151565,-0.175845,-0.97268,-0.563513,0.793099,-0.231187,100.247,8.71762,34.7572,0.592675,0.744835,0.246606,-0.182053
137,0,-0.340185,-0.379673,1.46945,-nan,-nan,-nan,0.820025,0.571408,0.0324399,0.176698,-0.198852,-0.963969,-0.544369,0.79621,-0.26403,101.656,10.1775,33.578,0.582482,0.755464,0.247565,-0.169409
145,0,-0.340628,-0.371728,1.47558,-nan,-nan,-nan,0.815508,0.577344,0.0402633,0.193601,-0.206579,-0.959085,-0.545404,0.789936,-0.280241,102.155,11.163,33.7742,0.576344,0.758671,0.254044,-0.166456
152,0,-0.341535,-0.365505,1.48121,-nan,-nan,-nan,0.82262,0.567522,0.0348678,0.17948,-0.200989,-0.963011,-0.539522,0.79845,-0.267196,101.789,10.3395,33.2592,0.581901,0.75677,0.246773,-0.166713
160,0,-0.341805,-0.365129,1.48265,-nan,-nan,-nan,0.845113,0.533719,0.030478,0.156283,-0.19214,-0.968844,-0.511234,0.823545,-0.245791,101.217,8.99123,31.171,0.593123,0.755487,0.22833,-0.159088
168,0,-0.344503,-0.347763,1.4939,-nan,-nan,-nan,0.818139,0.573965,0.0348313,0.160285,-0.169462,-0.972415,-0.552229,0.801154,-0.230642,99.8856,9.22347,34.0187,0.595406,0.744688,0.246496,-0.173696
175,0,-0.33879,-0.341634,1.50277,-nan,-nan,-nan,0.790275,0.611818,0.0338237,0.17331,-0.170233,-0.970044,-0.587733,0.772463,-0.240565,99.9535,9.9803,36.6384,0.587256,0.741801,0.264602,-0.186677
183,0,-0.331771,-0.33203,1.52251,-nan,-nan,-nan,0.796827,0.603317,0.0328,0.175681,-0.179405,-0.967962,-0.578103,0.777061,-0.248946,100.5,10.1183,35.9611,0.58491,0.745851,0.26111,-0.182779
191,0,-0.329647,-0.331884,1.53421,-nan,-nan,-nan,0.803861,0.593788,0.0349738,0.173872,-0.178341,-0.968485,-0.568838,0.784608,-0.246605,100.434,10.013,35.2844,0.587136,0.746459,0.2571,-0.178799
199,0,-0.333352,-0.333027,1.54658,-nan,-nan,-nan,0.829978,0.556989,0.0300037,0.145078,-0.16362,-0.975798,-0.538599,0.814243,-0.216608,99.5187,8.34182,32.9808,0.602028,0.743338,0.23612,-0.171051
207,0,-0.334206,-0.332319,1.56471,-nan,-nan,-nan,0.780074,0.624871,0.031948,0.121886,-0.101681,-0.987322,-0.6137,0.774078,-0.155481,95.8799,7.00096,38.1929,0.617032,0.713659,0.261594,-0.203792
213,0,-0.336097,-0.331609,1.57351,-nan,-nan,-nan,0.769741,0.637757,0.0276691,0.112333,-0.0926571,-0.989341,-0.628395,0.764644,-0.142963,95.3505,6.44979,39.2273,0.619298,0.708054,0.264842,-0.212105
221,0,-0.338076,-0.331888,1.58292,-nan,-nan,-nan,0.753352,0.656633,0.0359754,0.140909,-0.107746,-0.984142,-0.642344,0.746474,-0.173696,96.248,8.10048,40.4525,0.606611,0.713231,0.279553,-0.212543
228,0,-0.338266,-0.338901,1.58469,-nan,-nan,-nan,0.722021,0.691077,0.0331441,0.168141,-0.128798,-0.977312,-0.671129,0.711213,-0.209193,97.5076,9.67976,42.9079,0.588224,0.717637,0.299322,-0.222252
236,0,-0.339975,-0.340486,1.59381,-nan,-nan,-nan,0.701813,0.71182,0.0277706,0.157592,-0.117122,-0.980534,-0.694711,0.692528,-0.194375,96.8115,9.06713,44.7086,0.589558,0.709456,0.306366,-0.235018
243,0,-0.341766,-0.342244,1.60052,-nan,-nan,-nan,0.679378,0.732899,0.0361201,0.171701,-0.110919,-0.978885,-0.713418,0.671234,-0.201195,96.4647,9.88672,46.4,0.58465,0.705601,0.320507,-0.239972
251,0,-0.343238,-0.344289,1.60774,-nan,-nan,-nan,0.669761,0.741617,0.0377567,0.180812,-0.113556,-0.97694,-0.720228,0.661143,-0.210149,96.6301,10.4171,47.0794,0.580098,0.705951,0.326662,-0.241685
259,0,-0.344956,-0.345587,1.61447,-nan,-nan,-nan,0.669425,0.741779,0.0404182,0.182598,-0.111561,-0.976838,-0.720089,0.6613,-0.21013,96.5153,10.5211,47.0881,0.58046,0.705535,0.327545,-0.240835
267,0,-0.346862,-0.347913,1.62405,-nan,-nan,-nan,0.654151,0.75525,0.041024,0.187405,-0.109294,-0.976183,-0.732779,0.64626,-0.213033,96.3883,10.8014,48.2447,0.577023,0.702937,0.335256,-0.246023
274,0,-0.349077,-0.351017,1.63372,-nan,-nan,-nan,0.654208,0.755318,0.0388132,0.189157,-0.113717,-0.97534,-0.732278,0.645417,-0.217268,96.6502,10.9036,48.2228,0.575157,0.704484,0.335166,-0.24609
282,0,-0.350606,-0.36993,1.64326,-nan,-nan,-nan,0.448099,0.893915,-0.0111482,0.164333,-0.0946214,-0.981856,-0.87875,0.438137,-0.1893,95.5046,9.4585,62.9817,0.539485,0.658031,0.402051,-0.338091
289,0,-0.352428,-0.36497,1.65379,-nan,-nan,-nan,0.384303,0.923178,0.00736083,0.210512,-0.079864,-0.974323,-0.898886,0.375985,-0.225032,94.686,12.1524,66.8517,0.519472,0.649846,0.436138,-0.342976
296,0,-0.353818,-0.367338,1.65869,-nan,-nan,-nan,0.346272,0.937842,0.0234339,0.214787,-0.0549387,-0.975115,-0.913216,0.342688,-0.22046,93.2247,12.403,69.2344,0.517415,0.636724,0.452562,-0.349359
303,0,-0.355006,-0.367245,1.66334,-nan,-nan,-nan,0.340691,0.939923,0.0217765,0.21179,-0.0541585,-0.975814,-0.91601,0.337063,-0.217517,93.1767,12.2272,69.5984,0.516966,0.634895,0.453505,-0.352119
311,0,-0.364705,-0.369303,1.6688,-nan,-nan,-nan,0.334094,0.942024,0.0311865,0.212902,-0.0431915,-0.976118,-0.91818,0.332755,-0.214989,92.5336,12.2925,70.0053,0.518631,0.630927,0.457631,-0.351465
318,0,-0.369838,-0.370165,1.6743,-nan,-nan,-nan,0.340948,0.939666,0.0279779,0.208305,-0.0464933,-0.976958,-0.916713,0.33892,-0.211589,92.7246,12.0231,69.5986,0.520304,0.632264,0.453913,-0.35141
326,0,-0.371077,-0.371006,1.68067,-nan,-nan,-nan,0.349502,0.936357,0.0329194,0.206526,-0.0427213,-0.977508,-0.91389,0.34844,-0.208313,92.5025,11.9189,69.0715,0.524039,0.632562,0.451688,-0.348176
333,0,-0.372228,-0.3722,1.68689,-nan,-nan,-nan,0.362053,0.93157,0.0330948,0.204439,-0.0447157,-0.977857,-0.909463,0.360802,-0.206639,92.6182,11.7967,68.2927,0.526948,0.6351,0.447177,-0.344973
341,0,-0.373285,-0.374624,1.69352,-nan,-nan,-nan,0.380336,0.924304,0.0317342,0.203495,-0.0501645,-0.97779,-0.902183,0.378347,-0.207171,92.9369,11.7414,67.141,0.529859,0.639858,0.440645,-0.340095
348,0,-0.374669,-0.375105,1.69851,-nan,-nan,-nan,0.363637,0.931106,0.0284611,0.210019,-0.0521789,-0.976304,-0.907557,0.360997,-0.214524,93.0593,12.1235,68.1652,0.523673,0.638424,0.446852,-0.344245
355,0,-0.375541,-0.377645,1.70078,-nan,-nan,-nan,0.40152,0.915291,0.0319922,0.207822,-0.0570355,-0.976502,-0.89196,0.398734,-0.213118,93.3427,11.9947,65.7649,0.531828,0.646466,0.434328,-0.332565
362,0,-0.377774,-0.383089,1.70882,-nan,-nan,-nan,0.407344,0.912789,0.0297786,0.206844,-0.0604495,-0.976505,-0.889543,0.403933,-0.213428,93.5423,11.9375,65.3957,0.532322,0.64831,0.431751,-0.331541
369,0,-0.380274,-0.383705,1.72155,-nan,-nan,-nan,0.428851,0.903007,0.0258138,0.204137,-0.0690329,-0.976505,-0.880009,0.424044,-0.213942,94.0437,11.779,64.0188,0.535228,0.654184,0.423101,-0.326435
376,0,-0.387299,-0.381274,1.75099,-nan,-nan,-nan,0.345116,0.938501,0.0105615,0.209377,-0.0660153,-0.975604,-0.914908,0.338908,-0.219283,93.8711,12.0858,69.3328,0.514737,0.638438,0.449486,-0.354124
385,0,-0.388066,-0.383194,1.76011,-nan,-nan,-nan,0.297179,0.954821,-0.00105308,0.210754,-0.0666708,-0.975263,-0.931272,0.289606,-0.221046,93.9108,12.1665,72.3016,0.50236,0.629463,0.462924,-0.370286
393,0,-0.389547,-0.38481,1.76818,-nan,-nan,-nan,0.249017,0.968499,0.000116108,0.211661,-0.0543044,-0.975833,-0.945088,0.243023,-0.218516,93.1852,12.2197,75.2389,0.494013,0.616814,0.478329,-0.383005
400,0,-0.402956,-0.390216,1.78966,-nan,-nan,-nan,0.409943,0.911986,-0.0151299,0.197938,-0.105142,-0.974559,-0.890375,0.396519,-0.223619,96.1577,11.4164,65.2779,0.5199,0.6593,0.420872,-0.343359
408,0,-0.414884,-0.392113,1.79899,-nan,-nan,-nan,0.42913,0.903229,0.00490516,0.192155,-0.0859851,-0.97759,-0.882567,0.420456,-0.210459,95.0266,11.0786,64.0696,0.532139,0.656806,0.416936,-0.334064
415,0,-0.431581,-0.395097,1.80914,-nan,-nan,-nan,0.420154,0.906928,0.0308473,0.236377,-0.0765605,-0.96864,-0.876126,0.414269,-0.246544,94.5192,13.6728,64.3796,0.5237,0.660163,0.432964,-0.320102
423,0,-0.448715,-0.396897,1.82029,-nan,-nan,-nan,0.491565,0.870841,0.000351464,0.093394,-0.0523169,-0.994254,-0.865819,0.488773,-0.107048,93.0121,5.35889,60.4144,0.577105,0.642443,0.375222,-0.336788
430,0,-0.467198,-0.412452,1.83048,-nan,-nan,-nan,0.328802,0.943789,0.0339365,0.25356,-0.0536075,-0.965833,-0.909723,0.326173,-0.256934,93.1769,14.6883,70.1286,0.504545,0.640184,0.46758,-0.342006
437,0,-0.474577,-0.418996,1.83106,-nan,-nan,-nan,0.315619,0.947762,0.0461745,0.266812,-0.0419435,-0.962836,-0.910602,0.316209,-0.266112,92.4944,15.4746,70.8834,0.501887,0.637117,0.476589,-0.339195
444,0,-0.477234,-0.429725,1.82718,-nan,-nan,-nan,0.315109,0.945353,0.0837463,0.274854,-0.00644174,-0.961465,-0.908384,0.325984,-0.261864,90.3839,15.9533,70.8689,0.511567,0.629169,0.484849,-0.32767
452,0,-0.475014,-0.430318,1.82442,-nan,-nan,-nan,0.309706,0.944007,0.113727,0.253006,0.033478,-0.966885,-0.916553,0.328224,-0.228471,88.017,14.6554,71.3297,0.5279,0.613331,0.487915,-0.32724
460,0,-0.473448,-0.428969,1.82561,-nan,-nan,-nan,0.293304,0.944734,0.146458,0.237086,0.076532,-0.96847,-0.926155,0.318779,-0.201536,85.4817,13.7146,72.4275,0.54044,0.595464,0.496176,-0.327349
468,0,-0.471032,-0.427748,1.82779,-nan,-nan,-nan,0.27344,0.961121,0.0384329,0.232011,-0.0271259,-0.972335,-0.933489,0.274792,-0.230408,91.598,13.4155,73.6735,0.503961,0.618662,0.482142,-0.36169
476,0,-0.471294,-0.427808,1.82593,-nan,-nan,-nan,0.249058,0.967985,0.0312367,0.257573,-0.035112,-0.965621,-0.933609,0.248541,-0.258072,92.0825,14.9261,75.0631,0.488844,0.620935,0.493432,-0.363312
484,0,-0.470576,-0.427304,1.82505,-nan,-nan,-nan,0.233327,0.971429,0.0434097,0.243266,-0.015091,-0.969842,-0.941478,0.23685,-0.239836,90.8915,14.0794,76.0808,0.49457,0.60997,0.49785,-0.368079
492,0,-0.469744,-0.42712,1.82582,-nan,-nan,-nan,0.242931,0.968647,0.0520352,0.241707,-0.00849398,-0.970312,-0.939448,0.248296,-0.236192,90.5015,13.9873,75.5016,0.499561,0.609839,0.496177,-0.363789
500,0,-0.470601,-0.428861,1.82634,-nan,-nan,-nan,0.283878,0.958387,0.0301397,0.25495,-0.0451413,-0.9659,-0.924345,0.281882,-0.257156,92.6758,14.7706,72.9276,0.495374,0.629717,0.481699,-0.355003
508,0,-0.472276,-0.429711,1.82422,-nan,-nan,-nan,0.312557,0.949898,0.00144666,0.279355,-0.090464,-0.955917,-0.907892,0.299182,-0.293634,95.4061,16.2217,71.0031,0.481783,0.651279,0.471862,-0.347949
515,0,-0.470542,-0.4273,1.82835,-nan,-nan,-nan,0.223116,0.972287,0.0698368,0.221824,0.0191213,-0.974899,-0.949217,0.233007,-0.21141,88.8764,12.8162,76.7726,0.507648,0.594854,0.50185,-0.369578
523,0,-0.470363,-0.42666,1.82574,-nan,-nan,-nan,0.204373,0.977234,0.0569636,0.20899,0.0132912,-0.977827,-0.956324,0.211747,-0.201516,89.2212,12.0632,77.9369,0.504021,0.590042,0.502602,-0.381058
531,0,-0.470705,-0.426822,1.82737,-nan,-nan,-nan,0.227398,0.97191,0.0606672,0.211646,0.0114834,-0.977279,-0.950524,0.235072,-0.203089,89.3268,12.2188,76.5457,0.508869,0.59561,0.496783,-0.373507
538,0,-0.470448,-0.426628,1.82676,-nan,-nan,-nan,0.247683,0.967044,0.0589763,0.209786,0.00589668,-0.97773,-0.945856,0.25454,-0.201412,89.6545,12.1098,75.3259,0.512876,0.600666,0.489802,-0.369123
546,0,-0.470672,-0.427135,1.82364,-nan,-nan,-nan,0.215394,0.975081,0.0531269,0.246663,-0.00168662,-0.9691,-0.944861,0.221843,-0.24088,90.0997,14.2801,77.1581,0.49316,0.60373,0.505915,-0.36926
554,0,-0.470505,-0.428138,1.82309,-nan,-nan,-nan,0.225398,0.972885,0.0518694,0.268851,-0.0109387,-0.96312,-0.936437,0.231031,-0.264026,90.6507,15.5959,76.4665,0.487451,0.612447,0.506875,-0.36108
561,0,-0.471516,-0.432271,1.8195,-nan,-nan,-nan,0.221639,0.973976,0.0473973,0.296899,-0.0211046,-0.954676,-0.928831,0.225666,-0.29385,91.2664,17.2714,76.579,0.4761,0.619797,0.512617,-0.355533
569,0,-0.478164,-0.429138,1.81766,-nan,-nan,-nan,0.186412,0.98234,0.0161068,0.296671,-0.040653,-0.954114,-0.936609,0.182636,-0.299009,92.4398,17.2577,78.7436,0.460095,0.617672,0.517674,-0.372569
577,0,-0.478083,-0.429589,1.81951,-nan,-nan,-nan,0.190455,0.981694,-0.00177127,0.301646,-0.060238,-0.951515,-0.934204,0.180687,-0.307596,93.6224,17.5565,78.4771,0.453492,0.624157,0.514029,-0.374896
584,0,-0.477462,-0.429578,1.81916,-nan,-nan,-nan,0.150711,0.988388,-0.0193597,0.334995,-0.0694856,-0.939654,-0.930089,0.135131,-0.341577,94.2292,19.5722,80.7958,0.430014,0.624855,0.529476,-0.379868
592,0,-0.477889,-0.430702,1.82048,-nan,-nan,-nan,0.10331,0.994552,-0.0138746,0.37477,-0.0518431,-0.925667,-0.921344,0.0904306,-0.378084,93.2056,22.0101,83.6022,0.410299,0.61912,0.552931,-0.37764
600,0,-0.47769,-0.430808,1.819,-nan,-nan,-nan,0.115623,0.993177,-0.0151688,0.363446,-0.0565138,-0.929899,-0.924412,0.102005,-0.367501,93.4778,21.312,82.8706,0.415815,0.620411,0.546664,-0.378613
608,0,-0.477233,-0.430327,1.81942,-nan,-nan,-nan,0.11816,0.992851,-0.0168911,0.349507,-0.0575049,-0.935167,-0.929453,0.104596,-0.353803,93.5188,20.4572,82.7549,0.420373,0.618358,0.54271,-0.382603
615,0,-0.475377,-0.429568,1.81937,-nan,-nan,-nan,0.124375,0.992067,-0.0182925,0.309532,-0.0563085,-0.94922,-0.94272,0.112397,-0.31408,93.3949,18.031,82.4842,0.434162,0.611303,0.532305,-0.393018
623,0,-0.472382,-0.429765,1.82355,-nan,-nan,-nan,0.173376,0.984688,-0.0181749,0.333465,-0.0760582,-0.939689,-0.926683,0.156859,-0.341546,94.6274,19.4792,79.4029,0.434676,0.63067,0.522521,-0.374545
631,0,-0.471884,-0.429908,1.82216,-nan,-nan,-nan,0.164165,0.986431,0.0017844,0.338688,-0.0546663,-0.939309,-0.926466,0.154806,-0.343067,93.3308,19.797,79.9518,0.43773,0.62488,0.53015,-0.369944
638,0,-0.476989,-0.430361,1.81626,-nan,-nan,-nan,0.173742,0.984786,0.00325991,0.353099,-0.0592052,-0.933711,-0.919312,0.163376,-0.358013,93.6282,20.677,79.2978,0.434892,0.630666,0.530346,-0.363129
646,0,-0.473165,-0.429811,1.81839,-nan,-nan,-nan,0.135477,0.990419,-0.0267427,0.338978,-0.071697,-0.938058,-0.930988,0.11802,-0.345444,94.3707,19.8147,81.7204,0.423774,0.623021,0.533449,-0.38431
654,0,-0.476618,-0.430815,1.81944,-nan,-nan,-nan,0.170136,0.984661,-0.0386868,0.364274,-0.0993232,-0.92598,-0.915619,0.14345,-0.375585,96.1223,21.3629,79.4736,0.416902,0.641297,0.525863,-0.372022
662,0,-0.476279,-0.431058,1.82082,-nan,-nan,-nan,0.177254,0.982955,-0.0487977,0.366897,-0.112007,-0.923494,-0.913218,0.145789,-0.380497,96.9154,21.5244,79.0156,0.413748,0.646096,0.522311,-0.372242
670,0,-0.474597,-0.430862,1.82024,-nan,-nan,-nan,0.17661,0.982004,-0.06691,0.344896,-0.12541,-0.930225,-0.921876,0.14121,-0.360838,97.6782,20.1754,79.1549,0.41544,0.644759,0.514494,-0.383394
677,0,-0.473101,-0.42967,1.82041,-nan,-nan,-nan,0.187743,0.981938,-0.0234526,0.342523,-0.0878299,-0.935395,-0.92056,0.16758,-0.352825,95.3641,20.0306,78.473,0.432171,0.638043,0.518954,-0.369886
685,0,-0.477065,-0.429299,1.8154,-nan,-nan,-nan,0.235313,0.971853,-0.0113771,0.335677,-0.0922511,-0.937449,-0.912112,0.216775,-0.347937,95.6202,19.6137,75.5339,0.445849,0.647206,0.505068,-0.356722
693,0,-0.477158,-0.428869,1.81732,-nan,-nan,-nan,0.15265,0.987941,-0.0258814,0.330595,-0.0757258,-0.94073,-0.931346,0.135046,-0.338168,94.6022,19.3049,80.6919,0.429755,0.625808,0.526733,-0.382397
700,0,-0.476778,-0.428609,1.8172,-nan,-nan,-nan,0.134288,0.990423,-0.0320709,0.308172,-0.0724994,-0.948564,-0.941805,0.117497,-0.314957,94.3707,17.9491,81.8852,0.432097,0.616795,0.526348,-0.394733
708,0,-0.476469,-0.4289,1.81643,-nan,-nan,-nan,0.0869618,0.996171,-0.00900051,0.322837,-0.0367273,-0.945742,-0.942451,0.0793377,-0.324794,92.2239,18.8346,84.7281,0.425864,0.601765,0.547975,-0.395276
716,0,-0.473179,-0.429095,1.81817,-nan,-nan,-nan,0.0930144,0.995234,-0.0292782,0.327666,-0.0583648,-0.942989,-0.940204,0.0781181,-0.331533,93.5417,19.1272,84.3501,0.41926,0.608874,0.543174,-0.398063
723,0,-0.472651,-0.429602,1.81777,-nan,-nan,-nan,0.0297019,0.998598,-0.0438202,0.355969,-0.0515328,-0.933076,-0.934026,0.0121155,-0.357,93.1612,20.8528,88.1786,0.394071,0.599632,0.564749,-0.407686
731,0,-0.473419,-0.430372,1.8181,-nan,-nan,-nan,-0.108941,0.993391,-0.0361348,0.371956,0.00702662,-0.928224,-0.921835,-0.114562,-0.370263,89.5663,21.8363,96.7399,0.363257,0.559977,0.609555,-0.427683
739,0,-0.47677,-0.429591,1.81559,-nan,-nan,-nan,0.07429,0.997196,-0.00897583,0.334137,-0.0333712,-0.941934,-0.939592,0.0669771,-0.335679,92.0291,19.5201,85.4792,0.419893,0.600696,0.55408,-0.394779
746,0,-0.474803,-0.429648,1.81716,-nan,-nan,-nan,0.0330864,0.998835,-0.0351356,0.330782,-0.0441173,-0.942676,-0.943127,0.0195675,-0.331856,92.6795,19.3162,87.9908,0.405313,0.593519,0.560056,-0.41206
754,0,-0.476521,-0.428916,1.81722,-nan,-nan,-nan,0.0801506,0.996433,-0.0264049,0.313356,-0.050335,-0.948301,-0.946247,0.0677327,-0.316273,93.0384,18.2616,85.1584,0.422357,0.601406,0.544469,-0.404324
761,0,-0.478009,-0.428446,1.81601,-nan,-nan,-nan,0.111372,0.993777,0.00178418,0.298806,-0.0317747,-0.953785,-0.947793,0.106758,-0.300485,91.9081,17.3859,83.2981,0.441337,0.600756,0.537898,-0.393674
769,0,-0.473545,-0.428498,1.81498,-nan,-nan,-nan,0.0705735,0.997446,-0.0109544,0.335116,-0.0340515,-0.941561,-0.93953,0.0627783,-0.336664,92.0712,19.5796,85.7043,0.418288,0.600268,0.554986,-0.395858
777,0,-0.47226,-0.429347,1.81679,-nan,-nan,-nan,0.0503291,0.99847,-0.0229213,0.347613,-0.039028,-0.936826,-0.936287,0.0391819,-0.349045,92.3856,20.3414,86.9231,0.406896,0.599667,0.561179,-0.399892
785,0,-0.472654,-0.429538,1.81644,-nan,-nan,-nan,0.0407336,0.99784,-0.0515345,0.348462,-0.062526,-0.935235,-0.936437,0.0201377,-0.350256,93.8249,20.3933,87.5093,0.396217,0.602809,0.558345,-0.409737
793,0,-0.474559,-0.428888,1.81567,-nan,-nan,-nan,0.0257962,0.999125,-0.0329106,0.322609,-0.0394804,-0.945708,-0.946181,0.0137784,-0.323346,92.3905,18.8208,88.4383,0.407115,0.589199,0.560818,-0.415433
800,0,-0.472833,-0.428685,1.81698,-nan,-nan,-nan,-0.0154558,0.999399,-0.0310342,0.322557,-0.0243949,-0.946236,-0.946424,-0.0246351,-0.321986,91.4768,18.8176,90.9356,0.399426,0.576829,0.572941,-0.423635
808,0,-0.474301,-0.428709,1.81697,-nan,-nan,-nan,-0.0051268,0.999741,-0.0221773,0.329851,-0.0192457,-0.943837,-0.944019,-0.0121541,-0.329667,91.1681,19.2597,90.3112,0.401858,0.579609,0.573487,-0.416745
815,0,-0.47265,-0.428416,1.81776,-nan,-nan,-nan,0.00614457,0.999758,-0.0211249,0.337084,-0.0219597,-0.941219,-0.941455,-0.00133749,-0.337137,91.3365,19.6993,89.6261,0.402196,0.584218,0.572065,-0.41191
823,0,-0.472537,-0.429022,1.81748,-nan,-nan,-nan,0.0138411,0.998865,-0.0455801,0.339996,-0.0475698,-0.939223,-0.940325,-0.0024972,-0.340268,92.8994,19.8766,89.1567,0.395602,0.591963,0.565433,-0.416371
830,0,-0.473673,-0.429754,1.81757,-nan,-nan,-nan,0.0300084,0.998884,-0.0364775,0.350776,-0.0446968,-0.935392,-0.935978,0.0152742,-0.351726,92.7357,20.5348,88.1637,0.39799,0.597166,0.565027,-0.407113
838,0,-0.473207,-0.42913,1.81488,-nan,-nan,-nan,0.0395505,0.998635,-0.0341242,0.355887,-0.0459897,-0.933397,-0.933692,0.0247719,-0.35722,92.8208,20.8478,87.5744,0.398855,0.600575,0.563844,-0.402871
846,0,-0.472865,-0.429244,1.8168,-nan,-nan,-nan,0.0731339,0.996746,-0.0338811,0.350472,-0.0574907,-0.934807,-0.933714,0.0564917,-0.353536,93.5193,20.5162,85.5214,0.40685,0.609131,0.552927,-0.397121
854,0,-0.471239,-0.42947,1.81887,-nan,-nan,-nan,0.0927398,0.995631,-0.0108456,0.331099,-0.0411098,-0.9427,-0.939028,0.0838349,-0.333465,92.497,19.3355,84.3597,0.423723,0.605664,0.547635,-0.392079
861,0,-0.472224,-0.429542,1.81606,-nan,-nan,-nan,0.033321,0.998941,-0.0317139,0.355548,-0.0415036,-0.933736,-0.934064,0.0198372,-0.356554,92.5451,20.827,87.9569,0.398517,0.598201,0.566067,-0.403618
869,0,-0.473011,-0.42956,1.81587,-nan,-nan,-nan,0.0233838,0.999334,-0.0280291,0.355729,-0.0345192,-0.933951,-0.934297,0.0118686,-0.356299,92.1167,20.8381,88.5663,0.39767,0.594601,0.569736,-0.40461
876,0,-0.474952,-0.42921,1.81338,-nan,-nan,-nan,0.0384734,0.998916,-0.0261981,0.347819,-0.0379651,-0.936793,-0.936772,0.0269294,-0.348902,92.3207,20.354,87.6482,0.403611,0.596938,0.564018,-0.403296
884,0,-0.47247,-0.428953,1.81557,-nan,-nan,-nan,0.00367855,0.999644,-0.0264162,0.334002,-0.0261276,-0.94221,-0.942565,-0.00535711,-0.333979,91.5884,19.5119,89.7764,0.401115,0.583906,0.571002,-0.41487
891,0,-0.473865,-0.429227,1.81675,-nan,-nan,-nan,0.0188994,0.999308,-0.0320364,0.33053,-0.0364852,-0.94309,-0.943606,0.00723485,-0.33099,92.2155,19.3009,88.8526,0.403554,0.588722,0.564714,-0.414305
899,0,-0.472508,-0.429216,1.81668,-nan,-nan,-nan,0.0192448,0.999445,-0.0271875,0.342493,-0.0321373,-0.93897,-0.939323,0.00875877,-0.342922,91.9602,20.0289,88.8263,0.401306,0.590403,0.56823,-0.409259
907,0,-0.472242,-0.429523,1.81684,-nan,-nan,-nan,0.029364,0.998911,-0.0362658,0.342441,-0.0441391,-0.938502,-0.93908,0.0151392,-0.343364,92.6927,20.0257,88.209,0.400581,0.595161,0.563441,-0.409698
915,0,-0.475058,-0.429565,1.81487,-nan,-nan,-nan,0.00679414,0.99986,-0.015262,0.346165,-0.0166704,-0.938026,-0.938149,0.0010899,-0.34623,91.0181,20.2529,89.5851,0.401215,0.58517,0.575058,-0.407322
922,0,-0.475207,-0.429669,1.81379,-nan,-nan,-nan,-0.0920473,0.995289,-0.0304451,0.355863,0.00432487,-0.934528,-0.929994,-0.0968551,-0.354585,89.7348,20.8464,95.6525,0.373394,0.56085,0.602278,-0.428117
930,0,-0.473816,-0.42848,1.8141,-nan,-nan,-nan,-0.135486,0.989256,-0.054925,0.356861,-0.00299074,-0.934153,-0.92428,-0.146165,-0.352622,90.1834,20.9076,98.3393,0.356687,0.552297,0.609327,-0.443242
937,0,-0.474021,-0.428677,1.81748,-nan,-nan,-nan,-0.123354,0.987237,-0.100734,0.323395,-0.0559761,-0.944607,-0.938189,-0.149098,-0.312362,93.3913,18.8684,97.4904,0.356478,0.557894,0.587312,-0.465556
945,0,-0.473458,-0.427842,1.81725,-nan,-nan,-nan,-0.185108,0.979596,-0.0782722,0.286333,-0.0224293,-0.957867,-0.940079,-0.199721,-0.276339,91.3414,16.6386,101.139,0.359209,0.52765,0.599795,-0.482493
953,0,-0.471093,-0.429811,1.81704,-nan,-nan,-nan,-0.289443,0.956232,-0.0429443,0.32857,0.0571163,-0.942751,-0.899035,-0.286983,-0.330721,86.533,19.182,107.846,0.330512,0.496025,0.647549,-0.474765
961,0,-0.471859,-0.429125,1.8149,-nan,-nan,-nan,-0.322038,0.945639,-0.0453789,0.337994,0.0700657,-0.938537,-0.884337,-0.317582,-0.342184,85.7305,19.7547,110.009,0.31853,0.48736,0.658462,-0.476914
969,0,-0.471996,-0.430005,1.81641,-nan,-nan,-nan,-0.343087,0.937793,-0.0532526,0.350902,0.0753739,-0.933374,-0.871298,-0.338915,-0.354933,85.3831,20.5425,111.493,0.307146,0.483857,0.665844,-0.477698
976,0,-0.470802,-0.429584,1.81603,-nan,-nan,-nan,-0.331595,0.942481,-0.0421245,0.351459,0.0819712,-0.932608,-0.875512,-0.324053,-0.358425,84.9769,20.5766,110.744,0.31303,0.486019,0.665581,-0.472017
984,0,-0.472637,-0.429567,1.81654,-nan,-nan,-nan,-0.360345,0.931063,-0.0572141,0.3526,0.0791677,-0.932419,-0.863611,-0.356166,-0.35682,85.1469,20.6464,112.649,0.300833,0.478881,0.670137,-0.480717
992,0,-0.469658,-0.429306,1.81484,-nan,-nan,-nan,-0.394769,0.916521,-0.0643991,0.349298,0.0848835,-0.933159,-0.849793,-0.390877,-0.353648,84.8025,20.4444,114.917,0.290029,0.467439,0.676997,-0.488937
999,0,-0.472974,-0.429727,1.81649,-nan,-nan,-nan,-0.297776,0.953513,-0.0462844,0.36152,0.0677623,-0.929899,-0.883534,-0.293634,-0.364892,85.8322,21.1936,108.625,0.318235,0.499838,0.657729,-0.46506
1006,0,-0.469674,-0.42877,1.81703,-nan,-nan,-nan,-0.268301,0.961723,-0.0557038,0.292621,0.0262705,-0.955868,-0.917817,-0.27276,-0.288469,88.4257,17.0149,106.295,0.342601,0.498472,0.629095,-0.488252
1014,0,-0.47193,-0.427761,1.81776,-nan,-nan,-nan,-0.294982,0.955045,-0.0295713,0.31922,0.0693317,-0.945141,-0.900602,-0.288239,-0.325321,85.8045,18.6157,108.136,0.335048,0.490155,0.64993,-0.474428
1021,0,-0.470772,-0.428753,1.81696,-nan,-nan,-nan,-0.312858,0.949696,0.0140419,0.315496,0.117856,-0.94158,-0.895869,-0.290151,-0.336498,82.8655,18.3908,109.25,0.342235,0.475863,0.664683,-0.463278
1028,0,-0.471857,-0.427765,1.81704,-nan,-nan,-nan,-0.312469,0.949926,0.00202964,0.305396,0.10248,-0.946695,-0.899498,-0.295193,-0.322125,83.8218,17.782,109.156,0.342011,0.476229,0.65899,-0.471133
1036,0,-0.469655,-0.429444,1.8161,-nan,-nan,-nan,-0.287122,0.957892,0.00212427,0.305534,0.0936835,-0.947561,-0.90786,-0.271417,-0.319567,84.3536,17.7903,107.55,0.348925,0.484449,0.651992,-0.467405
1043,0,-0.471485,-0.428051,1.81596,-nan,-nan,-nan,-0.301406,0.953397,-0.0137732,0.313321,0.0853893,-0.945801,-0.900547,-0.289385,-0.324456,84.8412,18.2595,108.505,0.338942,0.484164,0.654074,-0.472112
1051,0,-0.469986,-0.428465,1.81834,-nan,-nan,-nan,-0.315489,0.948817,0.014559,0.278961,0.1074,-0.954278,-0.906999,-0.297003,-0.298566,83.5786,16.1982,109.18,0.351192,0.467888,0.656021,-0.476845
1059,0,-0.469368,-0.42935,1.81679,-nan,-nan,-nan,-0.239671,0.96953,-0.0506867,0.360231,0.040326,-0.931991,-0.90155,-0.24163,-0.35892,87.5224,21.1144,104.887,0.332316,0.519356,0.640101,-0.458373
1067,0,-0.4705,-0.429266,1.81478,-nan,-nan,-nan,-0.110295,0.993639,-0.0227194,0.382207,0.0213019,-0.923831,-0.917471,-0.110577,-0.382125,88.6791,22.4704,96.855,0.363621,0.559135,0.615167,-0.420377
1074,0,-0.470474,-0.429247,1.81592,-nan,-nan,-nan,-0.0770952,0.997023,0.000898888,0.365707,0.0291171,-0.930274,-0.927532,-0.071391,-0.366863,88.2073,21.4511,94.7514,0.382478,0.561394,0.606852,-0.412648
1082,0,-0.471609,-0.429365,1.81653,-nan,-nan,-nan,-0.0438875,0.998916,-0.0154877,0.361521,0.00142762,-0.932363,-0.931331,-0.0465182,-0.361192,89.9123,21.1936,92.698,0.386118,0.573558,0.592981,-0.412695
1090,0,-0.472249,-0.428876,1.81461,-0.27595,-0.333394,1.40984,-0.0213621,0.998576,-0.0488898,0.350491,-0.0383176,-0.935782,-0.936322,-0.0371258,-0.349174,92.3448,20.5174,91.307,0.38443,0.584408,0.577109,-0.421458
1097,0,-0.471353,-0.429254,1.81658,-0.27595,-0.333394,1.40984,-0.0460579,0.998864,-0.0122361,0.339167,0.00411531,-0.940717,-0.939598,-0.0474776,-0.338971,89.7494,19.8261,92.8063,0.39341,0.567626,0.58931,-0.419217
1105,0,-0.471632,-0.428918,1.81625,-0.27595,-0.333394,1.40984,-0.0962068,0.994118,0.049739,0.317514,0.0780111,-0.945039,-0.943361,-0.0751263,-0.323151,85.281,18.5126,95.8231,0.405787,0.535942,0.611835,-0.416847
1112,0,-0.472393,-0.428558,1.81478,-0.27595,-0.333394,1.40984,-0.0524748,0.997784,0.040908,0.319953,0.0556035,-0.9458,-0.945979,-0.036542,-0.322162,86.6355,18.6601,93.175,0.412604,0.550927,0.597963,-0.410703
1119,0,-0.471204,-0.429088,1.81789,-0.27595,-0.333394,1.40984,0.0629677,0.997998,0.00597504,0.346264,-0.0162314,-0.937997,-0.936022,0.0611324,-0.346593,90.9914,20.259,86.1514,0.418373,0.597033,0.562893,-0.389445
1126,0,-0.471425,-0.429071,1.81659,-0.27595,-0.333394,1.40984,0.150596,0.988549,-0.009617,0.337533,-0.0605585,-0.939364,-0.929189,0.138218,-0.342788,93.6886,19.7267,80.794,0.432218,0.623286,0.531891,-0.376555
1134,0,-0.473509,-0.428047,1.81372,-0.27595,-0.333394,1.40984,0.205926,0.97796,-0.0344856,0.31798,-0.100201,-0.942787,-0.925464,0.183179,-0.331606,96.0667,18.5408,77.4554,0.43992,0.63987,0.50633,-0.375056
1141,0,-0.471923,-0.428034,1.81733,-0.27595,-0.333394,1.40984,0.267662,0.963114,-0.0277101,0.308554,-0.112925,-0.94448,-0.912771,0.244252,-0.327398,96.8181,17.9721,73.6567,0.454791,0.65345,0.486521,-0.359814
1149,0,-0.471838,-0.429014,1.81576,-0.27595,-0.333394,1.40984,0.30237,0.952538,-0.0352613,0.318276,-0.135764,-0.938226,-0.898484,0.272469,-0.344221,98.2337,18.5587,71.4002,0.453427,0.667524,0.475943,-0.349704
1156,0,-0.471443,-0.42863,1.81412,-0.27595,-0.333394,1.40984,0.319317,0.947492,-0.0172168,0.315106,-0.123294,-0.941014,-0.893726,0.295056,-0.33793,97.4645,18.3672,70.3388,0.463167,0.667184,0.473107,-0.341338
1163,0,-0.471366,-0.429212,1.81535,-0.27595,-0.333394,1.40984,0.316215,0.948283,-0.02769,0.311946,-0.131498,-0.940956,-0.895934,0.288907,-0.337395,97.9555,18.1765,70.5598,0.460251,0.66804,0.471615,-0.345647
1171,0,-0.471388,-0.429071,1.81641,-0.27595,-0.333394,1.40984,0.300035,0.953827,-0.0139145,0.33761,-0.119818,-0.933629,-0.892188,0.275424,-0.357971,97.3131,19.7313,71.4127,0.453389,0.666675,0.484282,-0.339784
1178,0,-0.470679,-0.428907,1.81573,-0.27595,-0.333394,1.40984,0.297636,0.954668,-0.00471359,0.338942,-0.110285,-0.934321,-0.892486,0.27649,-0.356402,96.7319,19.8124,71.5569,0.455782,0.664139,0.48695,-0.33773
1185,0,-0.471724,-0.429395,1.81809,-0.27595,-0.333394,1.40984,0.328019,0.944671,0.000581222,0.326155,-0.112674,-0.938577,-0.886581,0.308061,-0.345069,96.8455,19.0356,69.6964,0.466443,0.668162,0.475493,-0.331506
1192,0,-0.470026,-0.429066,1.81769,-0.27595,-0.333394,1.40984,0.378357,0.925218,0.0285902,0.302603,-0.0944383,-0.948427,-0.874801,0.367495,-0.315705,95.6864,17.614,66.6112,0.491989,0.668674,0.459051,-0.316377
1200,0,-0.471302,-0.428603,1.81501,-0.27595,-0.333394,1.40984,0.300255,0.953809,-0.00975483,0.344318,-0.117916,-0.931419,-0.889546,0.276305,-0.363819,97.2152,20.1402,71.3485,0.452361,0.667456,0.486222,-0.336839
1207,0,-0.470699,-0.42998,1.81736,-0.27595,-0.333394,1.40984,0.326124,0.945256,-0.0115977,0.335669,-0.127261,-0.933344,-0.883725,0.300492,-0.358796,97.7644,19.6133,69.7443,0.458276,0.673086,0.475766,-0.332544
1214,0,-0.471718,-0.429164,1.81601,-0.27595,-0.333394,1.40984,0.289294,0.95724,-0.000646362,0.327886,-0.0997273,-0.939439,-0.899333,0.271562,-0.342717,96.0596,19.1405,72.1682,0.460122,0.657978,0.488287,-0.341949
1221,0,-0.471786,-0.429018,1.81588,-0.27595,-0.333394,1.40984,0.300849,0.95337,-0.0240059,0.331534,-0.128156,-0.934699,-0.89419,0.273244,-0.35463,97.8071,19.3619,71.4046,0.452234,0.667764,0.481047,-0.343758
1229,0,-0.470298,-0.427992,1.81617,-0.27595,-0.333394,1.40984,0.234122,0.971931,-0.0231849,0.326343,-0.10103,-0.939837,-0.915799,0.21247,-0.340836,96.1356,19.047,75.6596,0.445044,0.6473,0.501419,-0.362654
1236,0,-0.469725,-0.427896,1.81684,-0.27595,-0.333394,1.40984,0.190208,0.981678,-0.0114059,0.31909,-0.072805,-0.944924,-0.928441,0.176092,-0.327091,94.4058,18.6079,78.4222,0.444497,0.630497,0.515771,-0.372661
1243,0,-0.471833,-0.428068,1.81672,-0.27595,-0.333394,1.40984,0.250301,0.967283,-0.0413979,0.312904,-0.121285,-0.942009,-0.91621,0.222832,-0.333024,97.3366,18.2343,74.7201,0.446092,0.652804,0.490265,-0.366729
1250,0,-0.471517,-0.428582,1.8187,-0.27595,-0.333394,1.40984,0.287543,0.957505,-0.022449,0.312508,-0.115952,-0.942812,-0.90535,0.264084,-0.332569,97.0113,18.2104,72.3799,0.457991,0.658799,0.481942,-0.35208
1257,0,-0.472293,-0.428717,1.81652,-0.27595,-0.333394,1.40984,0.289224,0.95707,-0.0191524,0.343952,-0.122571,-0.930953,-0.893335,0.262666,-0.364637,97.5005,20.1178,72.0602,0.447777,0.666414,0.488068,-0.342312
1264,0,-0.470593,-0.428658,1.81503,-0.27595,-0.333394,1.40984,0.268467,0.963204,-0.0127627,0.353095,-0.110725,-0.929012,-0.896242,0.244903,-0.369829,96.7968,20.6767,73.3246,0.443822,0.661253,0.497654,-0.343668
1271,0,-0.470682,-0.428113,1.81611,-0.27595,-0.333394,1.40984,0.274105,0.961216,-0.0305146,0.30893,-0.118055,-0.943729,-0.91073,0.249254,-0.329308,97.1303,17.9947,73.2497,0.454627,0.656024,0.484032,-0.358693
1279,0,-0.469701,-0.428761,1.81638,-0.27595,-0.333394,1.40984,0.206549,0.978232,0.0199747,0.327402,-0.0498626,-0.943568,-0.922033,0.201433,-0.330575,93.025,19.1112,77.3734,0.454453,0.629878,0.518209,-0.358029
1286,0,-0.469491,-0.429641,1.81562,-0.27595,-0.333394,1.40984,0.174083,0.984187,0.03274,0.326157,-0.0262561,-0.944951,-0.929148,0.175179,-0.32557,91.5916,19.0357,79.3882,0.453392,0.617639,0.530385,-0.362837
1294,0,-0.469606,-0.430165,1.81757,-0.27595,-0.333394,1.40984,0.15338,0.986789,0.052178,0.315398,0.00115423,-0.948959,-0.936482,0.162008,-0.311054,89.9303,18.3849,80.6985,0.459206,0.604831,0.538245,-0.365517
1301,0,-0.469319,-0.430311,1.81541,-0.27595,-0.333394,1.40984,0.118707,0.992184,0.0384767,0.299949,0.00110757,-0.953955,-0.946541,0.124782,-0.297473,89.9335,17.4545,82.8518,0.453415,0.594784,0.54311,-0.381678
1308,0,-0.469616,-0.428832,1.81501,-0.27595,-0.333394,1.40984,0.0960996,0.995203,0.0183207,0.33758,-0.0152717,-0.941173,-0.936378,0.096631,-0.337428,90.9296,19.7295,84.1403,0.431103,0.60183,0.553637,-0.381361
1316,0,-0.470154,-0.428036,1.81759,-0.27595,-0.333394,1.40984,0.0872034,0.996187,0.00267122,0.311139,-0.0246887,-0.950044,-0.946355,0.0836781,-0.312105,91.4886,18.1279,84.7353,0.433131,0.596657,0.547771,-0.395405
1323,0,-0.471155,-0.427388,1.81768,-0.27595,-0.333394,1.40984,0.0995272,0.995026,-0.00419034,0.289194,-0.0329555,-0.956703,-0.952083,0.0940062,-0.291035,91.9729,16.8097,84.0322,0.440323,0.596556,0.53818,-0.400747
1329,0,-0.470761,-0.427238,1.81743,-0.27595,-0.333394,1.40984,0.0993533,0.994998,-0.010363,0.303256,-0.0401967,-0.952061,-0.947716,0.0914478,-0.305732,92.4176,17.6532,84.0153,0.434,0.6011,0.53995,-0.398469
1337,0,-0.471188,-0.42802,1.817,-0.27595,-0.333394,1.40984,0.102178,0.994441,-0.0254405,0.331443,-0.0581465,-0.941682,-0.937926,0.0877874,-0.335542,93.5334,19.3564,83.7827,0.420859,0.611528,0.542037,-0.393836
1344,0,-0.471566,-0.428268,1.81685,-0.27595,-0.333394,1.40984,0.0918981,0.995533,-0.0216684,0.347719,-0.0524736,-0.936129,-0.933084,0.078494,-0.350988,93.2083,20.3479,84.3752,0.41486,0.611425,0.549231,-0.39038
1351,0,-0.471297,-0.428101,1.81616,-0.27595,-0.333394,1.40984,0.11633,0.993179,-0.00792702,0.332546,-0.0464688,-0.941941,-0.935885,0.10694,-0.335683,92.8243,19.4234,82.9145,0.428421,0.612063,0.541499,-0.385505
1359,0,-0.469908,-0.428412,1.81644,-0.27595,-0.333394,1.40984,0.127162,0.991549,0.0256935,0.324348,-0.0170887,-0.945784,-0.937352,0.128602,-0.32378,91.0351,18.9261,82.2743,0.443366,0.605812,0.543031,-0.376214
1366,0,-0.470091,-0.42997,1.81676,-0.27595,-0.333394,1.40984,0.0150963,0.999718,0.0183302,0.352072,0.0118436,-0.935898,-0.935851,0.0205821,-0.351794,89.275,20.6141,89.0758,0.410836,0.582032,0.580633,-0.394102
1372,0,-0.470973,-0.429856,1.81575,-0.27595,-0.333394,1.40984,0.0997121,0.994971,-0.00952197,0.333698,-0.0424543,-0.941723,-0.937392,0.0907238,-0.336253,92.5812,19.4934,83.9282,0.42456,0.607951,0.546371,-0.389387
1380,0,-0.471277,-0.428475,1.81691,-0.27595,-0.333394,1.40984,0.207864,0.977685,-0.0304099,0.32262,-0.0978748,-0.941455,-0.923422,0.185884,-0.335765,95.9352,18.8215,77.3141,0.43995,0.640606,0.507451,-0.372238
1387,0,-0.470991,-0.4281,1.81557,-0.27595,-0.333394,1.40984,0.288521,0.956816,-0.0354721,0.315208,-0.129901,-0.94009,-0.904101,0.260055,-0.339075,97.8673,18.3734,72.3008,0.452644,0.662853,0.479753,-0.354367
1394,0,-0.470107,-0.428016,1.8158,-0.27595,-0.333394,1.40984,0.318261,0.947735,-0.0225576,0.310516,-0.126698,-0.942087,-0.895706,0.292825,-0.33461,97.6596,18.0904,70.4389,0.462859,0.667003,0.471607,-0.344175
1401,0,-0.471898,-0.428074,1.81715,-0.27595,-0.333394,1.40984,0.330614,0.943679,-0.0128373,0.312761,-0.122388,-0.941914,-0.890435,0.307395,-0.335609,97.4033,18.2257,69.6303,0.46707,0.668695,0.469736,-0.3377
1408,0,-0.469448,-0.429522,1.81797,-0.27595,-0.333394,1.40984,0.339799,0.940478,0.00613395,0.325437,-0.111458,-0.938972,-0.882399,0.321058,-0.34394,96.7695,18.9921,68.939,0.470213,0.669925,0.472409,-0.327001
1416,0,-0.469737,-0.428243,1.81581,-0.27595,-0.333394,1.40984,0.311817,0.950008,0.015984,0.312866,-0.086777,-0.945825,-0.897154,0.299925,-0.324284,95.2421,18.232,70.8345,0.474541,0.656292,0.481064,-0.335662
1423,0,-0.469339,-0.429703,1.81553,-0.27595,-0.333394,1.40984,0.193351,0.98029,0.0405866,0.338123,-0.0277438,-0.940693,-0.921026,0.195608,-0.336822,91.6893,19.7625,78.144,0.455188,0.624083,0.52814,-0.352693
1430,0,-0.470684,-0.427679,1.81654,-0.27595,-0.333394,1.40984,0.338943,0.940261,-0.032037,0.288591,-0.136321,-0.947698,-0.895451,0.31197,-0.317556,98.1855,16.7736,69.2675,0.47039,0.669481,0.458882,-0.346346
1437,0,-0.470964,-0.426305,1.81708,-0.27595,-0.333394,1.40984,0.351836,0.934412,-0.0555499,0.24588,-0.149516,-0.957699,-0.903191,0.323294,-0.282358,98.8734,14.2338,68.7167,0.479573,0.667778,0.441873,-0.35893
1445,0,-0.471295,-0.428206,1.81618,-0.27595,-0.333394,1.40984,0.391372,0.919964,-0.0222275,0.290437,-0.146406,-0.945628,-0.873197,0.363637,-0.324491,98.8009,16.8841,65.8578,0.479707,0.682325,0.443484,-0.328079
1452,0,-0.470446,-0.428944,1.81611,-0.27595,-0.333394,1.40984,0.379246,0.925153,0.0162778,0.301995,-0.107129,-0.947271,-0.874627,0.364164,-0.320019,96.4523,17.5775,66.558,0.487877,0.672011,0.456521,-0.319321
1459,0,-0.470306,-0.42838,1.81576,-0.27595,-0.333394,1.40984,0.398566,0.917137,-0.00236748,0.30476,-0.134875,-0.942831,-0.865024,0.375059,-0.333263,98.1411,17.7437,65.2618,0.482293,0.683137,0.447164,-0.31743
1466,0,-0.471316,-0.428672,1.8143,-0.27595,-0.333394,1.40984,0.364267,0.930643,-0.0348402,0.319702,-0.160098,-0.933895,-0.8747,0.329048,-0.355847,99.7277,18.6449,67.3908,0.460522,0.685604,0.455928,-0.331657
1473,0,-0.470394,-0.428779,1.81653,-0.27595,-0.333394,1.40984,0.393461,0.919306,-0.0080333,0.324483,-0.147043,-0.934392,-0.860174,0.36504,-0.356155,98.9432,18.9343,65.4197,0.471769,0.688596,0.451567,-0.315209
1480,0,-0.469644,-0.429094,1.8164,-0.27595,-0.333394,1.40984,0.337385,0.941256,0.0144724,0.339826,-0.107442,-0.934331,-0.877889,0.320147,-0.356112,96.5598,19.8663,68.9776,0.467395,0.670995,0.477306,-0.321693
1487,0,-0.46971,-0.429293,1.81671,-0.27595,-0.333394,1.40984,0.318092,0.947962,0.0136362,0.333661,-0.0984751,-0.937536,-0.887405,0.302773,-0.347622,95.9961,19.4911,70.2797,0.466903,0.664114,0.482456,-0.328923
1494,0,-0.470929,-0.428668,1.81831,-0.27595,-0.333394,1.40984,0.303019,0.952922,-0.0108766,0.312626,-0.11018,-0.943465,-0.900247,0.282487,-0.331295,96.661,18.2175,71.397,0.464097,0.660396,0.479087,-0.344915
1501,0,-0.469441,-0.429213,1.81805,-0.27595,-0.333394,1.40984,0.366704,0.930289,-0.00955711,0.32932,-0.139406,-0.93387,-0.870101,0.339307,-0.357484,98.4903,19.2275,67.147,0.466319,0.682568,0.461349,-0.322187
1509,0,-0.470261,-0.428699,1.8159,-0.27595,-0.333394,1.40984,0.343591,0.938772,-0.0255401,0.313797,-0.140398,-0.939053,-0.885142,0.314636,-0.342823,98.5033,18.2882,68.785,0.463781,0.675798,0.463367,-0.336891
1516,0,-0.471205,-0.427787,1.81628,-0.27595,-0.333394,1.40984,0.343509,0.93862,-0.0315326,0.286542,-0.136723,-0.948262,-0.894369,0.316701,-0.315919,98.2045,16.651,68.9892,0.471929,0.670103,0.45708,-0.345433
1524,0,-0.471078,-0.428042,1.81436,-0.27595,-0.333394,1.40984,0.220072,0.975237,-0.0219196,0.33061,-0.0957082,-0.938902,-0.91775,0.199379,-0.343486,95.8204,19.3058,76.5154,0.441836,0.644062,0.506879,-0.364743
1531,0,-0.471397,-0.428588,1.81572,-0.27595,-0.333394,1.40984,0.221191,0.974777,-0.0297554,0.340159,-0.10571,-0.934407,-0.913984,0.196561,-0.354961,96.4545,19.8866,76.3956,0.436039,0.648433,0.506967,-0.363854
1538,0,-0.471095,-0.428171,1.81637,-0.27595,-0.333394,1.40984,0.277374,0.960412,-0.0259346,0.307223,-0.11424,-0.944756,-0.910317,0.254083,-0.326748,96.8947,17.892,73.054,0.457271,0.655432,0.483512,-0.357113
1546,0,-0.470636,-0.428112,1.8175,-0.27595,-0.333394,1.40984,0.29168,0.956015,-0.0309522,0.297375,-0.12139,-0.947012,-0.909115,0.26702,-0.319702,97.3045,17.3,72.2117,0.461137,0.658174,0.476086,-0.357074
1553,0,-0.471115,-0.427447,1.8168,-0.27595,-0.333394,1.40984,0.291857,0.956062,-0.0276443,0.294615,-0.117359,-0.948382,-0.909957,0.268648,-0.315922,97.0543,17.1344,72.217,0.463297,0.656723,0.476105,-0.356924
1560,0,-0.470977,-0.428218,1.81775,-0.27595,-0.333394,1.40984,0.406415,0.913355,-0.0246956,0.276727,-0.148804,-0.949358,-0.870775,0.378999,-0.313226,98.9081,16.0649,64.9802,0.485897,0.683455,0.435318,-0.327553
1567,0,-0.469944,-0.427907,1.81675,-0.27595,-0.333394,1.40984,0.391006,0.920386,0.00219627,0.279281,-0.116372,-0.953131,-0.876993,0.373293,-0.302548,96.961,16.2173,65.9704,0.492972,0.672668,0.445862,-0.325122
1574,0,-0.469768,-0.429324,1.81545,-0.27595,-0.333394,1.40984,0.321127,0.947026,0.00435788,0.315516,-0.102647,-0.943352,-0.892932,0.304311,-0.331765,96.21,18.392,70.2198,0.470828,0.662484,0.476443,-0.335319
1581,0,-0.470236,-0.428326,1.81673,-0.27595,-0.333394,1.40984,0.351666,0.936116,-0.00421025,0.279329,-0.109224,-0.953963,-0.89348,0.3343,-0.299895,96.5317,16.2201,68.5158,0.485424,0.663473,0.457986,-0.338254
1589,0,-0.470439,-0.42679,1.81689,-0.27595,-0.333394,1.40984,0.40665,0.913562,-0.0063399,0.255258,-0.12028,-0.959362,-0.877199,0.388507,-0.282106,97.1462,14.7889,65.1286,0.501065,0.672502,0.434504,-0.328452
