104,0,-0.335927,-0.387504,1.45841,-nan,-nan,-nan,0.822798,0.567726,0.0262684,0.194794,-0.238289,-0.951459,-0.533908,0.787976,-0.306653,104.06,11.2327,32.9793,0.565212,0.769373,0.247773,-0.164952
112,0,-0.33656,-0.386816,1.45961,-nan,-nan,-nan,0.820916,0.570034,0.0340333,0.175335,-0.194887,-0.965027,-0.543466,0.798173,-0.259933,101.417,10.0982,33.5055,0.584401,0.754277,0.247048,-0.168848
120,0,-0.336857,-0.387258,1.46331,-nan,-nan,-nan,0.816037,0.577243,0.0295725,0.162516,-0.180045,-0.97014,-0.554683,0.796476,-0.240734,100.514,9.35297,34.205,0.590605,0.747799,0.247312,-0.175552
128,0,-0.337307,-0.387552,1.46483,-nan,-nan,-nan,0.81166,0.583647,0.0237621,0.158803,-0.18133,-0.970516,-0.56213,0.791502,-0.239863,100.583,9.13744,34.7053,0.58959,0.747137,0.248432,-0.180144
136,0,-0.338369,-0.388065,1.46687,-nan,-nan,-nan,0.806091,0.591397,0.0216094,0.160952,-0.183951,-0.969668,-0.569484,0.785119,-0.243468,100.742,9.26216,35.2403,0.587084,0.747246,0.251707,-0.183298
143,0,-0.339102,-0.388721,1.47094,-nan,-nan,-nan,0.779879,0.625178,0.0306711,0.181566,-0.179057,-0.96694,-0.599018,0.759665,-0.253154,100.491,10.461,37.5275,0.580446,0.743655,0.271209,-0.191065
150,0,-0.339038,-0.38319,1.47704,-nan,-nan,-nan,0.66447,0.745937,0.0453577,0.226337,-0.143031,-0.96349,-0.712216,0.650477,-0.263873,98.4439,13.0815,46.9863,0.560706,0.719613,0.337776,-0.231672
158,0,-0.334287,-0.381955,1.48085,-nan,-nan,-nan,0.576505,0.816221,0.0377441,0.237573,-0.123245,-0.963519,-0.781793,0.564441,-0.264963,97.2892,13.7433,53.5944,0.545045,0.700841,0.375903,-0.265413
166,0,-0.326476,-0.383376,1.48555,-nan,-nan,-nan,0.541926,0.839947,0.028365,0.226947,-0.11376,-0.96724,-0.809204,0.53061,-0.252273,96.7079,13.1174,56.1897,0.542193,0.690645,0.386195,-0.282649
174,0,-0.314889,-0.384878,1.4922,-nan,-nan,-nan,0.503301,0.863837,0.0217587,0.213923,-0.100163,-0.971702,-0.837213,0.493713,-0.235207,95.8853,12.3524,58.9873,0.540354,0.677988,0.397411,-0.300689
181,0,-0.32392,-0.38613,1.49566,-nan,-nan,-nan,0.475017,0.879284,0.0349166,0.231174,-0.0864053,-0.969068,-0.849069,0.468396,-0.244311,95.0952,13.3662,60.7749,0.53486,0.671888,0.413185,-0.302934
189,0,-0.321314,-0.386405,1.50594,-nan,-nan,-nan,0.434864,0.900324,0.0176021,0.233172,-0.0937007,-0.967911,-0.869784,0.425014,-0.250678,95.5294,13.4839,63.4364,0.522132,0.666941,0.424886,-0.319437
197,0,-0.327124,-0.387972,1.5115,-nan,-nan,-nan,0.466975,0.884157,0.0141917,0.218644,-0.0998983,-0.970678,-0.856813,0.456385,-0.239965,95.876,12.6294,61.409,0.530828,0.672094,0.410211,-0.313432
204,0,-0.328608,-0.389279,1.51695,-nan,-nan,-nan,0.472299,0.88132,0.0144366,0.217356,-0.100577,-0.970897,-0.854219,0.461692,-0.239063,95.9143,12.5538,61.0617,0.532132,0.673042,0.408101,-0.311935
210,0,-0.330964,-0.388145,1.5259,-nan,-nan,-nan,0.458607,0.888352,0.0225854,0.242201,-0.100501,-0.965007,-0.854996,0.44803,-0.26125,95.9457,14.0165,61.7915,0.523654,0.674603,0.41897,-0.308481
218,0,-0.333238,-0.366438,1.55037,-nan,-nan,-nan,0.473484,0.88062,0.0179386,0.258814,-0.119632,-0.95849,-0.841919,0.458473,-0.284561,97.1145,14.9997,60.6472,0.517033,0.685142,0.415766,-0.30066
226,0,-0.333699,-0.373514,1.56184,-nan,-nan,-nan,0.415995,0.907941,0.0508987,0.265501,-0.0677319,-0.961728,-0.869745,0.413588,-0.269236,94.0285,15.3968,64.4384,0.519381,0.661998,0.443145,-0.309233
233,0,-0.336025,-0.378163,1.57099,-nan,-nan,-nan,0.428413,0.901399,0.0627869,0.257973,-0.0554222,-0.964561,-0.865974,0.429428,-0.256281,93.2885,14.9498,63.6776,0.528373,0.659567,0.439444,-0.304437
241,0,-0.337505,-0.381712,1.57893,-nan,-nan,-nan,0.441856,0.895357,0.0556658,0.239418,-0.0578958,-0.969189,-0.864548,0.441569,-0.239946,93.4186,13.8522,62.9292,0.534793,0.659488,0.430173,-0.306633
248,0,-0.339138,-0.38192,1.58786,-nan,-nan,-nan,0.447054,0.893345,0.0455799,0.236449,-0.0688755,-0.9692,-0.86269,0.444062,-0.242022,94.0649,13.6771,62.6064,0.532953,0.662939,0.426055,-0.308139
256,0,-0.340435,-0.378206,1.59374,-nan,-nan,-nan,0.45278,0.89107,0.0313943,0.230706,-0.0830722,-0.969471,-0.861258,0.4462,-0.243188,94.8976,13.3386,62.2682,0.530688,0.666903,0.420516,-0.311088
264,0,-0.343092,-0.384419,1.60569,-nan,-nan,-nan,0.451724,0.891616,0.0311013,0.214683,-0.0747973,-0.973815,-0.865943,0.446572,-0.225203,94.3922,12.3969,62.451,0.536592,0.661763,0.417936,-0.315385
271,0,-0.34429,-0.388393,1.61187,-nan,-nan,-nan,0.410816,0.911235,0.0296625,0.224313,-0.0694861,-0.972037,-0.883693,0.405982,-0.232948,94.0888,12.9625,65.067,0.526399,0.654456,0.433776,-0.326237
278,0,-0.350051,-0.390527,1.61917,-nan,-nan,-nan,0.405772,0.913055,0.0409815,0.220397,-0.0542341,-0.973901,-0.887003,0.404214,-0.223241,93.1874,12.7323,65.4176,0.531107,0.6487,0.436817,-0.326045
286,0,-0.347696,-0.392884,1.62768,-nan,-nan,-nan,0.381283,0.923655,0.0385197,0.228103,-0.053618,-0.97216,-0.895875,0.379455,-0.231132,93.1569,13.1854,66.9455,0.523577,0.645375,0.446159,-0.332115
294,0,-0.349526,-0.395133,1.63659,-nan,-nan,-nan,0.367533,0.929073,0.041744,0.231258,-0.0478234,-0.971716,-0.900799,0.366791,-0.232432,92.8176,13.3711,67.8042,0.521363,0.641831,0.451961,-0.334611
302,0,-0.351416,-0.397178,1.64482,-nan,-nan,-nan,0.36868,0.928914,0.0345476,0.231406,-0.0557211,-0.97126,-0.900292,0.366079,-0.2355,93.2835,13.3799,67.7303,0.519004,0.644186,0.450305,-0.335984
309,0,-0.353958,-0.400406,1.65788,-nan,-nan,-nan,0.383542,0.922783,0.0369676,0.230178,-0.0567513,-0.971492,-0.894379,0.381117,-0.234171,93.3432,13.3075,66.7886,0.522642,0.647005,0.445499,-0.3313
317,0,-0.355497,-0.398006,1.6646,-nan,-nan,-nan,0.368809,0.929252,0.0217012,0.228741,-0.0681061,-0.971102,-0.90092,0.363115,-0.237676,94.0117,13.223,67.7373,0.515516,0.64703,0.447426,-0.339713
324,0,-0.3544,-0.38939,1.66067,-nan,-nan,-nan,0.3431,0.939268,0.00756715,0.237403,-0.0789193,-0.9682,-0.908803,0.333986,-0.250062,94.66,13.7333,69.317,0.503517,0.646545,0.454984,-0.348481
332,0,-0.35521,-0.389974,1.66281,-nan,-nan,-nan,0.339939,0.940314,0.0158719,0.229806,-0.0666894,-0.970949,-0.911938,0.33371,-0.23876,93.9292,13.2856,69.5563,0.508549,0.641363,0.456106,-0.349282
340,0,-0.375555,-0.415085,1.71735,-nan,-nan,-nan,0.349579,0.933506,0.079753,0.312007,-0.0357286,-0.949408,-0.883429,0.356776,-0.30375,92.1552,18.1802,68.411,0.502519,0.649819,0.479177,-0.309192
347,0,-0.388024,-0.417518,1.72462,-nan,-nan,-nan,0.328512,0.941729,0.0722908,0.342696,-0.0475226,-0.938244,-0.880136,0.332998,-0.338339,92.8996,20.0412,69.5318,0.485451,0.65467,0.490485,-0.308493
354,0,-0.402187,-0.419918,1.73203,-nan,-nan,-nan,0.324016,0.943494,0.0695225,0.329213,-0.0435544,-0.94325,-0.886923,0.328516,-0.324723,92.6437,19.221,69.9314,0.488809,0.650441,0.489171,-0.314172
362,0,-0.420826,-0.418416,1.73738,-nan,-nan,-nan,0.334437,0.942037,0.0268032,0.254009,-0.0627159,-0.965166,-0.907541,0.329596,-0.260261,93.7178,14.7149,69.7707,0.502857,0.643703,0.464518,-0.342059
369,0,-0.441324,-0.412185,1.74087,-nan,-nan,-nan,0.392012,0.919959,-0.00129558,0.211467,-0.0914805,-0.973095,-0.895326,0.38119,-0.230403,95.3706,12.2083,66.3542,0.517235,0.654579,0.43212,-0.342442
376,0,-0.454735,-0.402381,1.74108,-nan,-nan,-nan,0.448583,0.893652,-0.0126233,0.178825,-0.103585,-0.978413,-0.875668,0.436642,-0.206273,96.0434,10.3013,62.8751,0.533555,0.663031,0.404384,-0.334936
383,0,-0.453805,-0.40558,1.73985,-nan,-nan,-nan,0.427163,0.904141,0.00782254,0.256309,-0.112788,-0.959992,-0.867086,0.412078,-0.279918,96.7009,14.8512,63.7732,0.508541,0.674513,0.430107,-0.318476
391,0,-0.452788,-0.404345,1.73914,-nan,-nan,-nan,0.435081,0.900028,0.0255712,0.251408,-0.0941641,-0.96329,-0.86458,0.425538,-0.267244,95.5831,14.5609,63.2872,0.518091,0.670166,0.429534,-0.312986
399,0,-0.453716,-0.40419,1.736,-nan,-nan,-nan,0.438382,0.897583,0.0465519,0.262991,-0.0785736,-0.961594,-0.859452,0.433788,-0.270501,94.6714,15.2476,62.9752,0.521849,0.668479,0.434035,-0.304011
406,0,-0.456101,-0.404247,1.73527,-nan,-nan,-nan,0.439863,0.891377,0.109397,0.255769,-0.00757143,-0.966708,-0.860873,0.4532,-0.231317,90.4487,14.8192,62.9352,0.547945,0.647833,0.442686,-0.289996
414,0,-0.456675,-0.404324,1.73662,-nan,-nan,-nan,0.39505,0.905487,0.155013,0.25102,0.055919,-0.966365,-0.883699,0.420674,-0.205205,86.6883,14.5379,65.9134,0.558069,0.621357,0.465315,-0.293183
422,0,-0.456288,-0.406596,1.73653,-nan,-nan,-nan,0.319908,0.931217,0.174628,0.263701,0.0895168,-0.960442,-0.910011,0.353302,-0.216926,84.6752,15.2898,70.6313,0.546008,0.601522,0.496622,-0.305634
430,0,-0.455798,-0.404475,1.73541,-nan,-nan,-nan,0.316052,0.931721,0.178903,0.246273,0.101536,-0.963867,-0.916221,0.348691,-0.197367,83.9865,14.2571,70.968,0.552318,0.594113,0.495694,-0.31026
438,0,-0.456321,-0.404241,1.73491,-nan,-nan,-nan,0.31366,0.934626,0.167604,0.231107,0.0960606,-0.968175,-0.920982,0.342412,-0.185868,84.3338,13.3622,71.1926,0.553139,0.59234,0.492003,-0.317967
445,0,-0.456184,-0.404208,1.73498,-nan,-nan,-nan,0.334115,0.927888,0.165503,0.238964,0.0864638,-0.967171,-0.911737,0.362695,-0.192843,84.8914,13.8254,69.8742,0.554016,0.600103,0.486105,-0.310877
453,0,-0.456179,-0.404028,1.73615,-nan,-nan,-nan,0.349141,0.920323,0.17637,0.264726,0.083676,-0.960686,-0.8989,0.382105,-0.214419,85.0221,15.3507,68.7734,0.551905,0.608252,0.487071,-0.29697
461,0,-0.45658,-0.404699,1.7354,-nan,-nan,-nan,0.385767,0.908244,0.1621,0.256557,0.0631632,-0.964463,-0.886206,0.413646,-0.20865,86.253,14.8659,66.4764,0.556839,0.618719,0.47065,-0.292583
469,0,-0.455543,-0.403313,1.73186,-nan,-nan,-nan,0.424412,0.889994,0.16669,0.257913,0.0576432,-0.964447,-0.86796,0.452314,-0.205077,86.5796,14.9463,63.9425,0.565017,0.626866,0.457796,-0.279673
477,0,-0.454967,-0.404573,1.72891,-nan,-nan,-nan,0.481279,0.859293,0.173165,0.271457,0.0417314,-0.961545,-0.833476,0.509778,-0.213177,87.5149,15.751,59.9963,0.57224,0.642792,0.439781,-0.256814
484,0,-0.455622,-0.402972,1.73059,-nan,-nan,-nan,0.520431,0.838666,0.160596,0.25259,0.0284567,-0.967155,-0.81569,0.543902,-0.197029,88.3147,14.6308,57.4611,0.581347,0.649808,0.419838,-0.252034
492,0,-0.455638,-0.402261,1.72918,-nan,-nan,-nan,0.530054,0.835772,0.143276,0.212149,0.0328863,-0.976684,-0.820997,0.548091,-0.159877,88.0715,12.2483,57.1528,0.592255,0.643631,0.407035,-0.263241
500,0,-0.454838,-0.401981,1.72903,-nan,-nan,-nan,0.548005,0.820891,0.160713,0.247715,0.0242498,-0.968529,-0.798954,0.570571,-0.190058,88.5657,14.3424,55.5536,0.587834,0.654564,0.408137,-0.243766
507,0,-0.454604,-0.402892,1.72879,-nan,-nan,-nan,0.548263,0.817547,0.176135,0.242268,0.0463175,-0.969103,-0.800446,0.573996,-0.172671,87.2637,14.0204,55.5909,0.596219,0.647035,0.409489,-0.24122
515,0,-0.454983,-0.402357,1.72859,-nan,-nan,-nan,0.576201,0.801957,0.157664,0.212522,0.039257,-0.976367,-0.789194,0.596091,-0.147813,87.6975,12.2702,53.8663,0.605732,0.648991,0.390791,-0.243274
522,0,-0.455279,-0.401226,1.72862,-nan,-nan,-nan,0.537782,0.831203,0.141041,0.181131,0.0494752,-0.982214,-0.823397,0.553763,-0.123949,87.1164,10.4356,56.8504,0.604836,0.634873,0.398636,-0.268698
530,0,-0.455607,-0.40096,1.72903,-nan,-nan,-nan,0.531559,0.835793,0.137461,0.145433,0.0698185,-0.986901,-0.834443,0.544588,-0.0844394,85.9533,8.36237,57.5019,0.61582,0.621727,0.394556,-0.28026
538,0,-0.455817,-0.400961,1.72847,-nan,-nan,-nan,0.560595,0.814821,0.147651,0.15109,0.074665,-0.985696,-0.81419,0.574885,-0.0812546,85.6682,8.69011,55.4514,0.623299,0.625936,0.385787,-0.266217
544,0,-0.454406,-0.39999,1.72807,-nan,-nan,-nan,0.59019,0.79488,0.140861,0.17633,0.043342,-0.983376,-0.787772,0.605217,-0.114581,87.4763,10.156,53.1599,0.616229,0.644482,0.37674,-0.250942
552,0,-0.454481,-0.400382,1.72828,-nan,-nan,-nan,0.573911,0.807246,0.137768,0.157863,0.0560203,-0.985871,-0.803558,0.58755,-0.0952833,86.7478,9.08285,54.4651,0.619404,0.635054,0.379932,-0.2621
560,0,-0.454521,-0.400968,1.72836,-nan,-nan,-nan,0.55924,0.818235,0.133198,0.146617,0.0605181,-0.98734,-0.815937,0.57169,-0.086123,86.4925,8.43093,55.5734,0.6192,0.629453,0.38321,-0.271163
568,0,-0.454113,-0.400326,1.72892,-nan,-nan,-nan,0.56479,0.81566,0.125341,0.15157,0.0467708,-0.987339,-0.811196,0.576638,-0.0972137,87.2879,8.71791,55.1527,0.615294,0.635459,0.380524,-0.269826
575,0,-0.453848,-0.400739,1.72786,-nan,-nan,-nan,0.581911,0.802458,0.132065,0.149176,0.0543124,-0.987318,-0.799454,0.594232,-0.0881026,86.8513,8.57919,53.9497,0.622117,0.635551,0.374334,-0.262524
583,0,-0.453989,-0.400895,1.72892,-nan,-nan,-nan,0.597967,0.790372,0.133217,0.156104,0.0481821,-0.986565,-0.786172,0.610729,-0.094569,87.204,8.98083,52.7432,0.622812,0.641162,0.369047,-0.254599
590,0,-0.454841,-0.400717,1.7276,-nan,-nan,-nan,0.621024,0.77266,0.131629,0.151107,0.0467618,-0.987411,-0.769088,0.633096,-0.0877142,87.2886,8.69109,51.0798,0.628504,0.644588,0.358278,-0.247235
597,0,-0.453891,-0.399993,1.72728,-nan,-nan,-nan,0.621761,0.77302,0.125911,0.153327,0.0375143,-0.987463,-0.768052,0.633272,-0.0951999,87.8243,8.81979,51.0088,0.625315,0.647967,0.357405,-0.247752
605,0,-0.454534,-0.400498,1.72689,-nan,-nan,-nan,0.647782,0.750053,0.133415,0.161392,0.0360391,-0.986232,-0.744534,0.660396,-0.0977069,87.9072,9.28769,48.9751,0.629705,0.65373,0.348556,-0.233705
613,0,-0.454608,-0.400443,1.72716,-nan,-nan,-nan,0.659816,0.738909,0.136586,0.166419,0.0335588,-0.985484,-0.732767,0.672969,-0.100826,88.0497,9.5797,47.9987,0.630981,0.657093,0.344445,-0.226825
621,0,-0.454672,-0.400239,1.72738,-nan,-nan,-nan,0.618253,0.772397,0.14549,0.155821,0.0609816,-0.985901,-0.770379,0.632206,-0.0826539,86.4606,8.96444,51.2519,0.631779,0.640298,0.362417,-0.243984
629,0,-0.454378,-0.399719,1.72825,-nan,-nan,-nan,0.581115,0.800988,0.143956,0.172092,0.0519425,-0.98371,-0.795418,0.596423,-0.107659,86.9774,9.9095,53.8489,0.617535,0.639694,0.380292,-0.254599
636,0,-0.45458,-0.401165,1.72814,-nan,-nan,-nan,0.562272,0.814012,0.145721,0.168906,0.0594526,-0.983838,-0.809519,0.577797,-0.104063,86.5419,9.7242,55.2171,0.615967,0.633814,0.387699,-0.261827
644,0,-0.455002,-0.400316,1.72741,-nan,-nan,-nan,0.560949,0.816893,0.134244,0.146794,0.0614386,-0.987257,-0.814731,0.573508,-0.0854514,86.439,8.44121,55.4523,0.619866,0.629476,0.382734,-0.270259
651,0,-0.454742,-0.400399,1.72737,-nan,-nan,-nan,0.564024,0.815103,0.132224,0.150707,0.0558252,-0.987001,-0.811889,0.57662,-0.0913549,86.7628,8.66789,55.2121,0.618162,0.632367,0.381823,-0.268699
659,0,-0.454581,-0.400123,1.72747,-nan,-nan,-nan,0.577361,0.803465,0.145256,0.152694,0.0685125,-0.985896,-0.802084,0.591397,-0.0831277,86.0248,8.78308,54.2527,0.625049,0.630868,0.378906,-0.260288
667,0,-0.454936,-0.401033,1.72914,-nan,-nan,-nan,0.579247,0.800179,0.155521,0.166471,0.070645,-0.983512,-0.797972,0.595587,-0.0922855,85.8915,9.58269,54.0241,0.624021,0.632631,0.381996,-0.253881
674,0,-0.455115,-0.401814,1.72877,-nan,-nan,-nan,0.57421,0.805208,0.148065,0.158932,0.0677811,-0.98496,-0.803134,0.589106,-0.0890527,86.0633,9.14491,54.4367,0.623085,0.631562,0.381649,-0.259305
682,0,-0.454831,-0.401513,1.72802,-nan,-nan,-nan,0.555361,0.821105,0.131764,0.138389,0.0649848,-0.988244,-0.820014,0.567066,-0.0775416,86.2378,7.95462,55.8919,0.621048,0.626083,0.383134,-0.274824
689,0,-0.454171,-0.400584,1.72764,-nan,-nan,-nan,0.553242,0.822162,0.134062,0.168717,0.0470088,-0.984543,-0.815756,0.567309,-0.112705,87.2664,9.71321,55.8551,0.609825,0.636188,0.389382,-0.267882
697,0,-0.45479,-0.401271,1.72871,-nan,-nan,-nan,0.540978,0.829408,0.139372,0.178575,0.0486593,-0.982722,-0.82186,0.55652,-0.121788,87.1653,10.2868,56.6456,0.605774,0.635238,0.396696,-0.268595
704,0,-0.454423,-0.401413,1.7276,-nan,-nan,-nan,0.542104,0.828571,0.139975,0.164186,0.0589246,-0.984668,-0.824116,0.556774,-0.104096,86.5754,9.44993,56.6631,0.611746,0.629936,0.393991,-0.271512
712,0,-0.454997,-0.400781,1.72846,-nan,-nan,-nan,0.546935,0.82743,0.127362,0.132615,0.0645819,-0.989061,-0.826605,0.557843,-0.0744072,86.2641,7.62071,56.5088,0.619901,0.623851,0.384725,-0.280212
720,0,-0.45549,-0.40019,1.72874,-nan,-nan,-nan,0.59455,0.79358,0.129384,0.14072,0.0557324,-0.98848,-0.791649,0.605908,-0.0785365,86.773,8.08948,53.0924,0.626847,0.635876,0.367328,-0.260375
728,0,-0.454896,-0.400753,1.72805,-nan,-nan,-nan,0.631191,0.764868,0.128741,0.148098,0.044082,-0.98799,-0.761357,0.642676,-0.0854512,87.4453,8.51671,50.3401,0.630441,0.646637,0.352967,-0.244579
736,0,-0.454361,-0.400794,1.72785,-nan,-nan,-nan,0.639351,0.757112,0.134207,0.164291,0.0359992,-0.985755,-0.751158,0.652293,-0.101371,87.9085,9.45608,49.5971,0.627292,0.652825,0.352852,-0.236262
743,0,-0.454939,-0.400224,1.7267,-nan,-nan,-nan,0.631931,0.763109,0.135378,0.167421,0.0361403,-0.985223,-0.756725,0.645258,-0.104922,87.8992,9.63789,50.1352,0.62513,0.652057,0.356767,-0.238226
751,0,-0.455536,-0.402021,1.72936,-nan,-nan,-nan,0.596297,0.787826,0.154144,0.228168,0.0177666,-0.97346,-0.769655,0.615642,-0.169163,88.9544,13.1892,52.233,0.60102,0.661002,0.384263,-0.232795
758,0,-0.454689,-0.40334,1.72939,-nan,-nan,-nan,0.585918,0.793021,0.166787,0.254097,0.0156512,-0.967052,-0.769503,0.608993,-0.192334,89.0728,14.7201,52.7135,0.593556,0.663815,0.394356,-0.226989
766,0,-0.453803,-0.403399,1.72759,-nan,-nan,-nan,0.590333,0.789544,0.167712,0.248647,0.0197911,-0.968392,-0.767907,0.613374,-0.184635,88.8292,14.3975,52.4485,0.596969,0.662415,0.391821,-0.226518
773,0,-0.453598,-0.401656,1.72452,-nan,-nan,-nan,0.603153,0.781998,0.157119,0.199705,0.0426542,-0.978927,-0.772221,0.62182,-0.130442,87.5051,11.5197,52.0079,0.615501,0.650181,0.377473,-0.236512
781,0,-0.454109,-0.402142,1.72497,-nan,-nan,-nan,0.626712,0.76487,0.149017,0.175808,0.0475172,-0.983277,-0.75916,0.64243,-0.104691,87.2333,10.1257,50.4592,0.626406,0.648823,0.362455,-0.235096
788,0,-0.454719,-0.401054,1.72608,-nan,-nan,-nan,0.651435,0.745168,0.14268,0.196378,0.0160444,-0.980397,-0.732849,0.666684,-0.135883,89.0624,11.3253,48.3659,0.618788,0.665446,0.353727,-0.221719
796,0,-0.45521,-0.399882,1.72513,-nan,-nan,-nan,0.653701,0.743964,0.138533,0.201188,0.00561985,-0.979537,-0.729519,0.668196,-0.146003,89.6713,11.6064,48.1374,0.615085,0.669717,0.352818,-0.22061
803,0,-0.455189,-0.400426,1.72411,-nan,-nan,-nan,0.629793,0.768624,0.112148,0.144501,0.0259249,-0.989165,-0.763204,0.639175,-0.09474,88.4987,8.30841,50.4707,0.624696,0.651653,0.350311,-0.249771
811,0,-0.454672,-0.400498,1.72392,-nan,-nan,-nan,0.593524,0.796642,0.114416,0.141487,0.036668,-0.989261,-0.792282,0.603338,-0.090951,87.8772,8.13389,53.162,0.620331,0.641835,0.365409,-0.264035
818,0,-0.45501,-0.400268,1.72467,-nan,-nan,-nan,0.56673,0.81532,0.118618,0.135726,0.0496162,-0.989503,-0.812647,0.576881,-0.0825408,87.1294,7.80058,55.1086,0.619234,0.632387,0.375974,-0.274369
826,0,-0.455512,-0.400085,1.72514,-nan,-nan,-nan,0.543171,0.832322,0.110477,0.126082,0.0492313,-0.990797,-0.830101,0.552102,-0.0782,87.1554,7.24326,56.8015,0.615265,0.626925,0.382184,-0.286966
834,0,-0.45473,-0.40017,1.72513,-nan,-nan,-nan,0.511028,0.851058,0.120626,0.141795,0.0549454,-0.98837,-0.847788,0.522189,-0.0925968,86.8181,8.1517,58.9193,0.606914,0.62223,0.398909,-0.29216
841,0,-0.455009,-0.400349,1.72575,-nan,-nan,-nan,0.523003,0.84227,0.130569,0.151367,0.0589708,-0.986717,-0.838782,0.53582,-0.0966497,86.5798,8.70613,58.0554,0.609369,0.624636,0.397686,-0.28345
849,0,-0.454777,-0.399146,1.72397,-nan,-nan,-nan,0.515591,0.846987,0.129529,0.134279,0.0694312,-0.988508,-0.846247,0.527059,-0.0779342,85.9822,7.71691,58.6474,0.613818,0.617271,0.397421,-0.290277
857,0,-0.454528,-0.399603,1.72391,-nan,-nan,-nan,0.498245,0.85859,0.120726,0.116221,0.071847,-0.990621,-0.859212,0.507603,-0.0639891,85.8518,6.67407,59.8912,0.613617,0.610407,0.399247,-0.302456
865,0,-0.454168,-0.399106,1.72163,-nan,-nan,-nan,0.53264,0.838675,0.113663,0.110251,0.0643971,-0.991815,-0.83913,0.540811,-0.0581644,86.2851,6.32979,57.5946,0.620256,0.617739,0.384032,-0.293598
873,0,-0.455031,-0.399772,1.72318,-nan,-nan,-nan,0.522084,0.846712,0.102504,0.107028,0.0541928,-0.992778,-0.846152,0.529284,-0.0623287,86.8755,6.14402,58.325,0.615213,0.61851,0.385499,-0.300581
880,0,-0.455487,-0.399316,1.72387,-nan,-nan,-nan,0.490735,0.865958,0.0964142,0.134981,0.0337622,-0.990273,-0.86079,0.498975,-0.100319,88.0473,7.7575,60.3126,0.596695,0.623958,0.401044,-0.306261
887,0,-0.455295,-0.399154,1.72384,-nan,-nan,-nan,0.472409,0.874469,0.110152,0.158901,0.0384281,-0.986546,-0.866937,0.483557,-0.1208,87.7693,9.14312,61.4133,0.589499,0.623454,0.414373,-0.303464
895,0,-0.454634,-0.400393,1.72362,-nan,-nan,-nan,0.471014,0.873298,0.124487,0.161422,0.0534098,-0.985439,-0.867231,0.48425,-0.115813,86.8977,9.28945,61.4926,0.593425,0.619156,0.417795,-0.299902
902,0,-0.454816,-0.399275,1.72098,-nan,-nan,-nan,0.471728,0.875075,0.108241,0.128426,0.0532614,-0.990288,-0.872341,0.481048,-0.0872575,86.9214,7.37865,61.5972,0.599527,0.61354,0.408898,-0.311349
910,0,-0.455415,-0.399818,1.72184,-nan,-nan,-nan,0.468477,0.877683,0.101004,0.132202,0.0433961,-0.990272,-0.873529,0.477273,-0.0957014,87.4908,7.59686,61.7952,0.595015,0.6166,0.409457,-0.313219
918,0,-0.4552,-0.40024,1.72261,-nan,-nan,-nan,0.475679,0.873243,0.105719,0.130528,0.0487819,-0.990244,-0.86988,0.484838,-0.0907781,87.1797,7.50011,61.3287,0.598683,0.61597,0.407394,-0.310145
925,0,-0.455539,-0.400453,1.72477,-nan,-nan,-nan,0.459458,0.881565,0.108359,0.128479,0.0547513,-0.9902,-0.878858,0.468877,-0.0881063,86.8352,7.38168,62.3999,0.597098,0.610904,0.41334,-0.315311
933,0,-0.454823,-0.399892,1.72221,-nan,-nan,-nan,0.441822,0.891222,0.102549,0.112636,0.0582975,-0.991925,-0.890004,0.449805,-0.0746262,86.6365,6.46727,63.5989,0.59697,0.60377,0.415663,-0.326058
941,0,-0.455061,-0.399403,1.72332,-nan,-nan,-nan,0.434976,0.895275,0.0963226,0.110985,0.0528511,-0.992416,-0.893576,0.442368,-0.076373,86.9516,6.37209,64.044,0.594023,0.603842,0.416608,-0.330076
948,0,-0.456019,-0.399136,1.72408,-nan,-nan,-nan,0.450764,0.88663,0.103435,0.133292,0.0477201,-0.989927,-0.882635,0.460011,-0.0966697,87.2402,7.65984,62.9465,0.591991,0.612314,0.416421,-0.318137
955,0,-0.455291,-0.399864,1.72422,-nan,-nan,-nan,0.466187,0.877085,0.115723,0.141148,0.0553924,-0.988438,-0.873354,0.47713,-0.0979757,86.7925,8.11428,61.9072,0.596574,0.61416,0.414482,-0.308401
963,0,-0.456256,-0.399731,1.72339,-nan,-nan,-nan,0.494047,0.863148,0.104364,0.167673,0.0231933,-0.98557,-0.853114,0.504417,-0.133268,88.6519,9.65258,59.9244,0.588212,0.63327,0.406944,-0.295589
970,0,-0.455776,-0.399382,1.72212,-nan,-nan,-nan,0.496939,0.861896,0.100928,0.167322,0.0189558,-0.98572,-0.851501,0.506731,-0.134794,88.8983,9.63214,59.732,0.587601,0.634976,0.405219,-0.295513
978,0,-0.455266,-0.398811,1.72139,-nan,-nan,-nan,0.521897,0.848371,0.088823,0.138979,0.018168,-0.990129,-0.84161,0.52909,-0.108424,88.9488,7.98879,58.1962,0.598256,0.634853,0.388811,-0.296442
986,0,-0.454973,-0.399019,1.7227,-nan,-nan,-nan,0.524252,0.843975,0.113427,0.136531,0.048171,-0.989464,-0.840547,0.534214,-0.0899749,87.2128,7.84715,58.0481,0.608779,0.625711,0.391757,-0.290518
993,0,-0.454737,-0.398375,1.72112,-nan,-nan,-nan,0.534027,0.836523,0.122654,0.138384,0.0566328,-0.988758,-0.834065,0.544997,-0.0855181,86.7219,7.95436,57.3698,0.613421,0.625082,0.389912,-0.284527
1001,0,-0.454385,-0.399218,1.7218,-nan,-nan,-nan,0.606181,0.78338,0.137331,0.184175,0.0297127,-0.982444,-0.773708,0.620832,-0.126268,88.2677,10.613,51.9222,0.614334,0.652445,0.370742,-0.243843
1009,0,-0.454263,-0.399456,1.72068,-nan,-nan,-nan,0.627979,0.768106,0.125126,0.154518,0.0345184,-0.987387,-0.762737,0.639392,-0.0970094,87.9978,8.88885,50.5346,0.625597,0.65009,0.354806,-0.245201
1017,0,-0.454769,-0.399278,1.72276,-nan,-nan,-nan,0.631082,0.765426,0.125928,0.151125,0.0379104,-0.987787,-0.760852,0.642406,-0.0917502,87.8021,8.69211,50.3263,0.627942,0.649023,0.35305,-0.24457
1024,0,-0.455636,-0.399355,1.72466,-nan,-nan,-nan,0.636814,0.761936,0.117992,0.179434,0.00237683,-0.983767,-0.749848,0.647648,-0.135204,89.8616,10.3368,49.6602,0.613186,0.665139,0.353824,-0.23749
1032,0,-0.454605,-0.399592,1.72266,-nan,-nan,-nan,0.621358,0.772729,0.129632,0.199807,0.00370818,-0.979828,-0.757622,0.634725,-0.152092,89.7832,11.5257,50.6434,0.606831,0.665158,0.365528,-0.236031
1040,0,-0.455429,-0.39992,1.72231,-nan,-nan,-nan,0.645233,0.754835,0.117892,0.198351,-0.0164931,-0.979992,-0.737788,0.655708,-0.160364,90.9642,11.4405,48.8286,0.605883,0.674924,0.353071,-0.229617
1047,0,-0.456175,-0.39868,1.72248,-nan,-nan,-nan,0.638033,0.765009,0.087612,0.140069,-0.00342568,-0.990136,-0.757162,0.644011,-0.10934,90.1982,8.05183,49.8804,0.617509,0.661589,0.342009,-0.253009
1055,0,-0.454513,-0.399208,1.72166,-nan,-nan,-nan,0.632309,0.765606,0.118455,0.172372,0.0100356,-0.984981,-0.755296,0.643231,-0.125624,89.4163,9.92578,50.065,0.615776,0.66104,0.354736,-0.240848
1063,0,-0.455017,-0.399539,1.72217,-nan,-nan,-nan,0.629369,0.768916,0.112531,0.163556,0.010498,-0.986478,-0.7597,0.639264,-0.119154,89.3903,9.41339,50.3601,0.616586,0.659171,0.353653,-0.245448
1071,0,-0.455153,-0.400113,1.72035,-nan,-nan,-nan,0.65547,0.74809,0.103544,0.146421,0.00862141,-0.989185,-0.740891,0.663542,-0.103885,89.5006,8.41958,48.5007,0.624541,0.661576,0.338022,-0.240844
1079,0,-0.45546,-0.399063,1.71937,-nan,-nan,-nan,0.692953,0.716403,0.0811381,0.11173,0.00447492,-0.993729,-0.712273,0.697672,-0.0769426,89.742,6.41504,45.7877,0.636491,0.664346,0.311635,-0.237502
1086,0,-0.455551,-0.398342,1.71973,-nan,-nan,-nan,0.71346,0.69638,0.0776528,0.101682,0.00675324,-0.994794,-0.693279,0.717641,-0.0659909,89.611,5.83601,44.1781,0.643083,0.665713,0.299702,-0.231191
1094,0,-0.45491,-0.398909,1.72018,-nan,-nan,-nan,0.690788,0.716196,0.0993785,0.113039,0.0287827,-0.993174,-0.714167,0.697306,-0.0610754,88.34,6.49054,45.9533,0.643913,0.656331,0.31586,-0.234176
1101,0,-0.455131,-0.398526,1.72143,-nan,-nan,-nan,0.680661,0.725371,0.102654,0.128919,0.0193386,-0.991467,-0.721166,0.688087,-0.080351,88.8826,7.40712,46.6551,0.636327,0.659862,0.323662,-0.234334
1108,0,-0.455629,-0.398315,1.72114,-nan,-nan,-nan,0.719721,0.688915,0.0860104,0.128647,-0.0105955,-0.991634,-0.68224,0.724765,-0.096253,90.6122,7.39144,43.4686,0.634995,0.675753,0.302463,-0.22058
1116,0,-0.455141,-0.398303,1.72256,-nan,-nan,-nan,0.768921,0.631609,0.0991484,0.136704,-0.0109295,-0.990552,-0.624557,0.77521,-0.0947475,90.6322,7.85718,39.0853,0.644834,0.68458,0.280578,-0.191873
1124,0,-0.454453,-0.398608,1.72188,-nan,-nan,-nan,0.792632,0.600897,0.103236,0.13086,-0.00228955,-0.991398,-0.595492,0.799323,-0.0804481,90.1323,7.51928,36.917,0.653815,0.684721,0.267174,-0.179729
1132,0,-0.454369,-0.398854,1.7209,-nan,-nan,-nan,0.799801,0.586426,0.128155,0.169157,-0.0153453,-0.98547,-0.575938,0.809858,-0.111471,90.8921,9.7388,35.7577,0.646719,0.694013,0.272179,-0.161302
1139,0,-0.454061,-0.39918,1.72078,-nan,-nan,-nan,0.823207,0.552288,0.13156,0.178302,-0.0314939,-0.983472,-0.539016,0.833058,-0.1244,91.8342,10.2709,33.2158,0.645622,0.703403,0.259663,-0.144816
1146,0,-0.455093,-0.398797,1.72046,-nan,-nan,-nan,0.803933,0.584806,0.108136,0.157857,-0.0345267,-0.986858,-0.573387,0.810438,-0.120073,92.0038,9.08253,35.4975,0.642132,0.699738,0.265336,-0.166223
1154,0,-0.453875,-0.398988,1.72317,-nan,-nan,-nan,0.786374,0.601653,0.140104,0.165065,0.0139054,-0.986185,-0.59529,0.798636,-0.0883768,89.1922,9.50099,37.1259,0.654198,0.682064,0.281029,-0.166841
1161,0,-0.455403,-0.399535,1.72217,-nan,-nan,-nan,0.7822,0.615302,0.0978062,0.135505,-0.0147867,-0.990666,-0.608113,0.788153,-0.0949424,90.8551,7.78779,37.8629,0.64662,0.687737,0.272927,-0.185502
1169,0,-0.453322,-0.400462,1.72162,-nan,-nan,-nan,0.798739,0.587259,0.13093,0.149129,0.0175907,-0.988661,-0.582904,0.809208,-0.0735268,88.9807,8.57644,36.1212,0.660076,0.680932,0.27036,-0.165939
1176,0,-0.453722,-0.398434,1.72026,-nan,-nan,-nan,0.776937,0.617808,0.121168,0.138408,0.0201396,-0.99017,-0.614175,0.786071,-0.0698624,88.8348,7.95575,38.3267,0.657118,0.67577,0.279761,-0.182387
1184,0,-0.453509,-0.40064,1.72022,-nan,-nan,-nan,0.720854,0.682021,0.123357,0.140424,0.0305718,-0.989619,-0.678712,0.730694,-0.0737343,88.2306,8.07239,43.2753,0.647629,0.664081,0.309617,-0.209069
1192,0,-0.454236,-0.39796,1.71937,-nan,-nan,-nan,0.705004,0.699425,0.117363,0.14681,0.0179732,-0.989001,-0.693842,0.71448,-0.0900114,88.9589,8.4421,44.5428,0.638938,0.666529,0.317404,-0.216224
1199,0,-0.454508,-0.398443,1.72162,-nan,-nan,-nan,0.696998,0.708397,0.111206,0.145433,0.0122084,-0.989293,-0.70217,0.705708,-0.0945151,89.293,8.36235,45.2118,0.635353,0.666953,0.320049,-0.221517
1206,0,-0.454429,-0.398866,1.72296,-nan,-nan,-nan,0.719874,0.679914,0.139637,0.152533,0.0412965,-0.987435,-0.677138,0.732128,-0.0739809,87.6052,8.77373,43.2478,0.649459,0.661921,0.314406,-0.203008
1214,0,-0.453341,-0.40013,1.72124,-nan,-nan,-nan,0.751202,0.646053,0.135317,0.151876,0.0303303,-0.987934,-0.642362,0.76269,-0.0753356,88.2415,8.73564,40.5342,0.653107,0.670113,0.297684,-0.189164
1222,0,-0.454028,-0.399099,1.72131,-nan,-nan,-nan,0.760651,0.634444,0.137446,0.171385,0.00795041,-0.985172,-0.626129,0.772928,-0.102686,89.5376,9.86833,39.4595,0.645352,0.681063,0.295798,-0.179382
1229,0,-0.454447,-0.399628,1.72264,-nan,-nan,-nan,0.765612,0.624248,0.15541,0.192099,0.00870787,-0.981337,-0.613951,0.781178,-0.11325,89.4916,11.0753,38.7264,0.644412,0.683768,0.298474,-0.167652
1237,0,-0.454834,-0.399871,1.72263,-nan,-nan,-nan,0.789712,0.595193,0.148664,0.180049,0.00679514,-0.983634,-0.586462,0.803554,-0.101797,89.6042,10.3726,36.5986,0.650905,0.686424,0.282348,-0.159449
1245,0,-0.45427,-0.398573,1.72191,-nan,-nan,-nan,0.789059,0.59787,0.141202,0.165458,0.0145257,-0.98611,-0.591616,0.801462,-0.0874606,89.1561,9.52383,36.8616,0.655005,0.682274,0.2797,-0.165042
1252,0,-0.454412,-0.399431,1.72126,-nan,-nan,-nan,0.801375,0.585805,0.120956,0.142493,0.00943252,-0.989751,-0.580942,0.810397,-0.0759144,89.454,8.19216,35.9395,0.658577,0.683348,0.266445,-0.168284
1260,0,-0.453916,-0.400694,1.72138,-nan,-nan,-nan,0.800071,0.58707,0.123429,0.176484,-0.0336912,-0.983727,-0.573358,0.808835,-0.130564,91.9615,10.165,35.6267,0.639495,0.700772,0.272397,-0.160512
1267,0,-0.454702,-0.398658,1.72163,-nan,-nan,-nan,0.824292,0.555579,0.108967,0.146138,-0.0228443,-0.989,-0.546979,0.83115,-0.100021,91.3232,8.40317,33.5672,0.652194,0.697703,0.251438,-0.156948
1275,0,-0.454767,-0.399036,1.72139,-nan,-nan,-nan,0.866552,0.487043,0.108984,0.141353,-0.0300805,-0.989502,-0.478652,0.87286,-0.0949114,91.7412,8.12617,28.9147,0.659841,0.70561,0.222643,-0.130975
1282,0,-0.454293,-0.398242,1.72002,-nan,-nan,-nan,0.893265,0.435559,0.111199,0.14781,-0.0509752,-0.987701,-0.424534,0.898716,-0.109914,92.9544,8.50005,25.4199,0.658099,0.716616,0.203515,-0.109311
1290,0,-0.453688,-0.398825,1.72009,-nan,-nan,-nan,0.914801,0.381615,0.13232,0.164032,-0.0516419,-0.985102,-0.369097,0.922878,-0.109839,93.0009,9.441,21.9727,0.662065,0.720466,0.189338,-0.0821609
1298,0,-0.454253,-0.401038,1.72014,-nan,-nan,-nan,0.932035,0.335624,0.136626,0.165844,-0.0598484,-0.984334,-0.32219,0.940093,-0.111442,93.4794,9.54627,19.0695,0.663465,0.725142,0.172886,-0.0639749
1306,0,-0.454899,-0.398637,1.72159,-nan,-nan,-nan,0.969674,0.220409,0.105606,0.129571,-0.0972293,-0.986792,-0.207229,0.97055,-0.122839,95.6272,7.44479,12.0632,0.661363,0.739889,0.118254,-0.0343374
1314,0,-0.455016,-0.399626,1.7211,-nan,-nan,-nan,0.981057,0.1567,0.113892,0.136381,-0.141169,-0.980547,-0.137574,0.977505,-0.159866,98.1926,7.83849,7.98253,0.648079,0.75533,0.0970044,-0.00783814
1321,0,-0.455284,-0.398594,1.72004,-nan,-nan,-nan,0.992076,0.0838254,0.0935903,0.103634,-0.124806,-0.986754,-0.0710345,0.988634,-0.132504,97.2086,5.94845,4.0955,0.658553,0.749898,0.0624949,0.00751962
1328,0,-0.454818,-0.39904,1.72039,-nan,-nan,-nan,0.99461,0.0315123,0.0987788,0.101602,-0.106279,-0.989132,-0.0206717,0.993837,-0.108908,96.1327,5.83142,1.19065,0.666975,0.743269,0.0447732,0.0262714
1336,0,-0.454462,-0.399066,1.72063,-nan,-nan,-nan,0.993925,0.0122043,0.109377,0.110023,-0.0858382,-0.990216,-0.00269612,0.996234,-0.0866595,94.9544,6.31663,0.15542,0.674801,0.735939,0.0415208,0.0362398
1344,0,-0.454913,-0.398181,1.72217,-nan,-nan,-nan,0.991389,-0.00134059,0.130944,0.130052,-0.106823,-0.985736,0.0153092,0.994277,-0.105728,96.1849,7.47262,-0.884701,0.666865,0.742284,0.0433499,0.0492577
1351,0,-0.454441,-0.399279,1.72055,-nan,-nan,-nan,0.990832,0.0155,0.134209,0.135093,-0.125026,-0.982913,0.00154457,0.992032,-0.125974,97.2491,7.76397,-0.0893161,0.659513,0.748637,0.0502889,0.0453337
1359,0,-0.455866,-0.398778,1.72318,-nan,-nan,-nan,0.989777,0.00658855,0.142474,0.142051,-0.135139,-0.980591,0.0127931,0.990805,-0.134693,97.8467,8.16655,-0.740521,0.655733,0.7516,0.0494411,0.0516455
1366,0,-0.454886,-0.401395,1.72207,-nan,-nan,-nan,0.991299,-0.0029338,0.131598,0.128317,-0.201365,-0.971075,0.0293481,0.979512,-0.199236,101.715,7.37237,-1.69579,0.630614,0.773288,0.0405359,0.0520331
1374,0,-0.454134,-0.401816,1.72104,-nan,-nan,-nan,0.989889,-0.0148301,0.141066,0.134801,-0.211125,-0.968119,0.0441399,0.977347,-0.206991,102.302,7.74711,-2.55317,0.626852,0.775887,0.038656,0.0596756
1381,0,-0.4544,-0.401592,1.71965,-nan,-nan,-nan,0.992623,-0.0209486,0.119421,0.110894,-0.24134,-0.964084,0.0490172,0.970215,-0.237236,104.054,6.36687,-2.82706,0.615233,0.786002,0.0286086,0.0535743
1388,0,-0.454939,-0.401819,1.72209,-nan,-nan,-nan,0.99226,-0.0269348,0.12122,0.112902,-0.210749,-0.970998,0.0517007,0.977169,-0.206077,102.246,6.48262,-2.98264,0.627581,0.776062,0.0276934,0.0557046
1395,0,-0.455278,-0.401721,1.72277,-nan,-nan,-nan,0.992024,-0.0328396,0.121694,0.113727,-0.183115,-0.976491,0.0543516,0.982543,-0.17792,100.621,6.5302,-3.13602,0.638551,0.766984,0.0263654,0.0573825
1402,0,-0.454869,-0.398977,1.72001,-nan,-nan,-nan,0.993273,0.0182338,0.114348,0.115653,-0.107802,-0.987422,-0.0056775,0.994005,-0.109186,96.2306,6.6413,0.327496,0.666387,0.743347,0.0450284,0.0365476
1410,0,-0.454595,-0.398526,1.72048,-nan,-nan,-nan,0.99404,0.011967,0.108356,0.108939,-0.0720138,-0.991436,-0.00406135,0.997332,-0.0728883,94.1544,6.25418,0.234092,0.679915,0.731256,0.0413351,0.0356561
1418,0,-0.454449,-0.398398,1.72023,-nan,-nan,-nan,0.9934,0.0297782,0.110772,0.112702,-0.0737315,-0.990889,-0.0213396,0.996833,-0.0766009,94.2555,6.4711,1.2306,0.678798,0.732074,0.0486564,0.0305407
1425,0,-0.454673,-0.398889,1.72037,-nan,-nan,-nan,0.992269,0.0525601,0.112427,0.117985,-0.118521,-0.985917,-0.038495,0.99156,-0.123806,96.8548,6.77583,2.22167,0.661427,0.747428,0.057044,0.0247287
1432,0,-0.45495,-0.398572,1.72004,-nan,-nan,-nan,0.991868,0.0671275,0.108125,0.117184,-0.150273,-0.981675,-0.0496492,0.986363,-0.156917,98.7032,6.72959,2.86562,0.648976,0.758132,0.060778,0.0192828
1440,0,-0.454841,-0.399299,1.72089,-nan,-nan,-nan,0.987719,0.0949143,0.12411,0.13734,-0.148683,-0.979301,-0.0744967,0.984319,-0.159892,98.633,7.89394,4.31325,0.647909,0.757676,0.0766337,0.0163702
1447,0,-0.453872,-0.398476,1.71879,-nan,-nan,-nan,0.989271,0.10505,0.101527,0.114885,-0.130095,-0.984823,-0.0902472,0.985921,-0.140768,97.5252,6.59698,5.21244,0.65544,0.751687,0.073147,0.00375138
1455,0,-0.453963,-0.400233,1.72053,-nan,-nan,-nan,0.984909,0.120497,0.124239,0.13773,-0.110964,-0.984234,-0.104812,0.986492,-0.125885,96.4324,7.91649,6.07442,0.661071,0.745278,0.086621,0.00651674
1463,0,-0.454202,-0.398425,1.72063,-nan,-nan,-nan,0.988285,0.0999592,0.115328,0.124403,-0.0898696,-0.988154,-0.0884105,0.990925,-0.101252,95.1966,7.14625,5.11199,0.670292,0.738141,0.0759888,0.00911669
1470,0,-0.453578,-0.399615,1.72124,-nan,-nan,-nan,0.97919,0.139495,0.147402,0.162284,-0.102081,-0.98145,-0.12186,0.984947,-0.122594,95.938,9.33951,7.09399,0.662291,0.742271,0.10164,0.0086025
1478,0,-0.454152,-0.400188,1.72188,-nan,-nan,-nan,0.967945,0.189594,0.16473,0.184105,-0.0894625,-0.978827,-0.170843,0.977778,-0.1215,95.2222,10.609,10.0096,0.662756,0.738056,0.126582,-0.00207069
1486,0,-0.454409,-0.398706,1.71974,-nan,-nan,-nan,0.976663,0.173019,0.127254,0.142443,-0.0783604,-0.986696,-0.160745,0.981796,-0.101177,94.5407,8.18925,9.34631,0.670285,0.7342,0.107417,-0.0114039
1494,0,-0.454236,-0.398234,1.7194,-nan,-nan,-nan,0.992128,0.033941,0.120543,0.123574,-0.109298,-0.986298,-0.0203009,0.993429,-0.112631,96.3235,7.09841,1.17222,0.665244,0.743985,0.0529294,0.0336842
1501,0,-0.454459,-0.398894,1.72086,-nan,-nan,-nan,0.991055,0.0149536,0.132612,0.133397,-0.139433,-0.981205,0.00381788,0.990119,-0.14018,98.0878,7.66596,-0.220722,0.654111,0.753437,0.0492248,0.0452691
1509,0,-0.453833,-0.399676,1.72135,-nan,-nan,-nan,0.989396,-0.0399573,0.139641,0.135057,-0.100632,-0.985714,0.0534388,0.994121,-0.0941686,95.8292,7.76192,-3.09163,0.669812,0.738951,0.0321739,0.0653221
1517,0,-0.453987,-0.398723,1.71989,-nan,-nan,-nan,0.989953,-0.0431946,0.134637,0.130589,-0.0857994,-0.987717,0.0542158,0.995376,-0.0792967,94.9646,7.50366,-3.13473,0.675436,0.734004,0.0297665,0.0643229
1524,0,-0.453798,-0.398761,1.71975,-nan,-nan,-nan,0.988029,-0.0691345,0.137912,0.130254,-0.105163,-0.985888,0.0826621,0.992049,-0.0948993,96.0886,7.48429,-4.78244,0.668574,0.73961,0.0206595,0.0745575
1532,0,-0.453935,-0.398331,1.71896,-nan,-nan,-nan,0.987749,-0.0907244,0.12697,0.114936,-0.1274,-0.985169,0.105555,0.987693,-0.115412,97.3685,6.59995,-6.09971,0.66048,0.746753,0.0081057,0.0778451
1540,0,-0.453978,-0.398874,1.71945,-nan,-nan,-nan,0.986138,-0.114116,0.120459,0.10491,-0.133654,-0.98546,0.128556,0.984436,-0.119829,97.7237,6.02198,-7.42738,0.658152,0.748268,-0.00307564,0.0831973
1548,0,-0.454929,-0.399385,1.72084,-nan,-nan,-nan,0.981048,-0.156808,0.113824,0.0914359,-0.143266,-0.985451,0.170833,0.977183,-0.126213,98.2718,5.24622,-9.87807,0.654135,0.750088,-0.021788,0.0948748
1555,0,-0.45439,-0.400731,1.71881,-nan,-nan,-nan,0.978446,-0.16602,0.122802,0.0959842,-0.160895,-0.982293,0.182838,0.972908,-0.141492,99.3022,5.50797,-10.5845,0.647314,0.755121,-0.0231868,0.101189
1563,0,-0.456041,-0.398752,1.72082,-nan,-nan,-nan,0.980618,-0.169952,0.0974896,0.0772604,-0.121839,-0.989538,0.180052,0.977891,-0.106347,97.0193,4.43111,-10.4042,0.661897,0.743102,-0.031184,0.0933726
1570,0,-0.453663,-0.399121,1.7198,-nan,-nan,-nan,0.988893,-0.0853878,0.121655,0.117627,-0.0507269,-0.991761,0.0908555,0.995056,-0.0401195,92.928,6.75519,-5.24937,0.688848,0.721065,0.0111777,0.0736792
1577,0,-0.453457,-0.399515,1.72108,-nan,-nan,-nan,0.98965,-0.0891283,0.112467,0.107154,-0.0623199,-0.992287,0.0954498,0.994069,-0.0521244,93.5937,6.15127,-5.50902,0.684691,0.725275,0.00621333,0.0716681
1585,0,-0.454159,-0.399023,1.72017,-nan,-nan,-nan,0.98771,-0.109666,0.111369,0.103518,-0.0748761,-0.991805,0.117106,0.991144,-0.0626035,94.3173,5.94176,-6.7616,0.680116,0.728901,-0.00210869,0.0783628
1593,0,-0.453556,-0.398033,1.71776,-nan,-nan,-nan,0.989246,-0.0877352,0.117026,0.108214,-0.0992537,-0.989161,0.0983996,0.991187,-0.0886922,95.73,6.21235,-5.68048,0.671063,0.737766,0.00693935,0.0729995
1600,0,-0.453627,-0.398424,1.71969,-nan,-nan,-nan,0.988273,-0.0742452,0.133429,0.125329,-0.104758,-0.986569,0.0872258,0.991722,-0.0942245,96.0612,7.19976,-5.0439,0.668822,0.739469,0.0172705,0.0745992
1607,0,-0.453807,-0.398532,1.72046,-nan,-nan,-nan,0.98911,-0.0782953,0.124624,0.11558,-0.111014,-0.987075,0.0911184,0.99073,-0.100756,96.417,6.6371,-5.26332,0.666585,0.741768,0.0125662,0.0727123
1615,0,-0.455224,-0.398843,1.72153,-nan,-nan,-nan,0.989506,-0.0988405,0.105393,0.0925745,-0.126353,-0.987656,0.110937,0.987049,-0.115877,97.2904,5.31173,-6.39693,0.660923,0.74695,-0.00209718,0.0724045
1622,0,-0.454212,-0.397813,1.71856,-nan,-nan,-nan,0.992607,-0.0620246,0.104325,0.0968964,-0.112641,-0.9889,0.0730873,0.991698,-0.105798,96.4983,5.56048,-4.21118,0.66599,0.743479,0.0117259,0.0596559
1630,0,-0.45424,-0.398202,1.72009,-nan,-nan,-nan,0.986178,-0.101967,0.130599,0.11853,-0.116597,-0.986081,0.115776,0.987931,-0.102899,96.7435,6.80728,-6.69577,0.664583,0.742576,0.00557614,0.0829458
1638,0,-0.454627,-0.397308,1.71994,-nan,-nan,-nan,0.979328,-0.0888797,0.181707,0.171493,-0.111562,-0.978848,0.107271,0.989775,-0.0940138,96.5021,9.87466,-6.25102,0.665911,0.739071,0.0279451,0.0977507
1645,0,-0.454029,-0.398507,1.7184,-nan,-nan,-nan,0.97756,-0.0860207,0.192294,0.183129,-0.104144,-0.977557,0.104116,0.990835,-0.0860544,96.0811,10.5521,-6.07945,0.668461,0.736166,0.0329778,0.10066
