134,0,-0.344652,-0.3872,1.45575,-nan,-nan,-nan,0.805559,0.590638,0.0471209,0.223148,-0.22875,-0.947565,-0.548889,0.773834,-0.316071,103.572,12.894,34.2696,0.561413,0.766548,0.265406,-0.163645
142,1,-0.354437,-0.387486,1.4538,-nan,-nan,-nan,0.783993,0.620209,0.0264016,0.202154,-0.214864,-0.955493,-0.586932,0.754437,-0.293829,102.673,11.6629,36.8202,0.564646,0.757081,0.271557,-0.185096
150,1,-0.366422,-0.386898,1.45971,-nan,-nan,-nan,0.77295,0.632973,0.0435143,0.187579,-0.162465,-0.96872,-0.606104,0.756935,-0.24431,99.5205,10.8115,38.1016,0.584418,0.738195,0.277891,-0.190529
159,0,-0.379399,-0.387172,1.46615,-nan,-nan,-nan,0.766313,0.635631,0.0934766,0.189484,-0.0845804,-0.978234,-0.61389,0.767345,-0.185257,94.9416,10.9227,38.6981,0.611653,0.713469,0.289121,-0.182353
168,0,-0.388267,-0.381942,1.47139,-nan,-nan,-nan,0.778659,0.627219,0.0169158,0.207379,-0.231818,-0.950397,-0.592186,0.743543,-0.31058,103.708,11.9688,37.2537,0.555936,0.761751,0.273908,-0.188799
177,0,-0.401359,-0.381799,1.47314,-nan,-nan,-nan,0.790406,0.611791,-0.0311561,0.094056,-0.171459,-0.980691,-0.60532,0.772213,-0.193065,99.917,5.39699,37.4461,0.597052,0.733984,0.240416,-0.216788
185,1,-0.40373,-0.384443,1.48161,-nan,-nan,-nan,0.796992,0.602718,-0.0391635,0.0769989,-0.165702,-0.983165,-0.599061,0.78056,-0.178472,99.5667,4.41608,36.9304,0.602665,0.731636,0.232259,-0.218081
193,1,-0.404612,-0.385732,1.48491,-nan,-nan,-nan,0.792504,0.609495,-0.0212682,0.0814828,-0.140381,-0.986739,-0.604398,0.780262,-0.160916,98.097,4.6738,37.3307,0.610575,0.723499,0.238763,-0.216195
200,0,-0.405385,-0.388381,1.48796,-nan,-nan,-nan,0.794601,0.607085,0.00748826,0.0998498,-0.118505,-0.98792,-0.598865,0.78575,-0.154782,96.8402,5.73052,37.0041,0.616708,0.719008,0.245802,-0.205622
209,0,-0.406039,-0.389114,1.48966,-nan,-nan,-nan,0.788327,0.615186,0.00932386,0.104729,-0.119241,-0.987326,-0.606277,0.779313,-0.158429,96.8863,6.01157,37.5627,0.614544,0.718679,0.25043,-0.207656
216,1,-0.406075,-0.38898,1.48971,-nan,-nan,-nan,0.791725,0.610799,0.00979215,0.106202,-0.12184,-0.986852,-0.601575,0.782355,-0.161332,97.0383,6.09644,37.2286,0.614116,0.720225,0.248881,-0.205416
224,1,-0.405574,-0.388131,1.48558,-nan,-nan,-nan,0.76458,0.644494,0.00673821,0.121914,-0.134349,-0.983406,-0.632894,0.752714,-0.181293,97.7793,7.0026,39.6168,0.601859,0.721149,0.26569,-0.217069
233,1,-0.40439,-0.388148,1.4809,-nan,-nan,-nan,0.749122,0.662371,-0.00901131,0.12282,-0.152248,-0.980681,-0.650946,0.733543,-0.195404,98.8245,7.05487,40.9889,0.591919,0.724012,0.271125,-0.227882
241,1,-0.399884,-0.382302,1.46701,-nan,-nan,-nan,0.666596,0.742881,-0.0614608,0.0724605,-0.146639,-0.986533,-0.741889,0.653165,-0.151578,98.4546,4.15532,48.0599,0.584889,0.700859,0.290837,-0.286559
250,1,-0.397465,-0.380188,1.46192,-nan,-nan,-nan,0.642287,0.762108,-0.0816051,0.0749378,-0.168399,-0.982866,-0.762792,0.625167,-0.165271,99.7224,4.29765,49.9019,0.571974,0.702844,0.297735,-0.30035
259,1,-0.397198,-0.379478,1.45983,-nan,-nan,-nan,0.642688,0.761328,-0.0856268,0.0846503,-0.181648,-0.979713,-0.761437,0.622402,-0.181189,100.504,4.85591,49.8341,0.565652,0.708083,0.298686,-0.299069
268,1,-0.397379,-0.381452,1.45809,-nan,-nan,-nan,0.640897,0.760645,-0.103294,0.097321,-0.213992,-0.971975,-0.761433,0.612883,-0.211174,102.416,5.58493,49.9127,0.551301,0.71869,0.298448,-0.3008
277,0,-0.397638,-0.381386,1.45402,-nan,-nan,-nan,0.579608,0.80916,-0.096513,0.116345,-0.199392,-0.972989,-0.806548,0.552723,-0.209711,101.581,6.68119,54.2979,0.540949,0.705108,0.328143,-0.320185
285,1,-0.396261,-0.37969,1.45594,-nan,-nan,-nan,0.481426,0.873333,-0.0742884,0.142448,-0.161591,-0.976523,-0.864834,0.459541,-0.202198,99.3959,8.18951,60.8967,0.528592,0.679193,0.373892,-0.345676
294,0,-0.395503,-0.378574,1.45175,-nan,-nan,-nan,0.460853,0.886082,-0.0497349,0.148047,-0.132013,-0.98013,-0.875041,0.444333,-0.19202,97.671,8.51375,62.2258,0.533109,0.667998,0.387025,-0.3461
302,0,-0.395914,-0.37867,1.45564,-nan,-nan,-nan,0.444454,0.893942,-0.0576873,0.16278,-0.143921,-0.976109,-0.880888,0.424446,-0.209482,98.3875,9.36828,63.2266,0.522267,0.670421,0.394052,-0.349995
311,0,-0.398012,-0.37827,1.45875,-nan,-nan,-nan,0.417841,0.901544,-0.112375,0.0696213,-0.155101,-0.985442,-0.905849,0.403934,-0.127574,98.9445,3.99224,65.2376,0.532721,0.652019,0.372368,-0.390412
320,1,-0.398002,-0.377591,1.4574,-nan,-nan,-nan,0.413663,0.902078,-0.123042,0.0425286,-0.154146,-0.987132,-0.909436,0.403107,-0.102128,98.8753,2.43745,65.5413,0.53791,0.64613,0.365486,-0.399486
328,1,-0.39817,-0.37782,1.45752,-nan,-nan,-nan,0.423053,0.897257,-0.126317,0.0324382,-0.154315,-0.987489,-0.905524,0.413663,-0.0943886,98.8818,1.8589,64.9584,0.541837,0.646482,0.359521,-0.399022
337,1,-0.397592,-0.37814,1.4601,-nan,-nan,-nan,0.448492,0.883322,-0.136376,0.0221747,-0.163532,-0.986289,-0.893512,0.439318,-0.09293,99.4143,1.27062,63.346,0.545901,0.652869,0.346737,-0.39437
346,1,-0.397866,-0.37755,1.46172,-nan,-nan,-nan,0.465005,0.875563,-0.130995,0.0160768,-0.156292,-0.98758,-0.885162,0.457123,-0.0867528,98.9929,0.92117,62.2856,0.552711,0.653462,0.341122,-0.388759
355,1,-0.398007,-0.37719,1.46356,-nan,-nan,-nan,0.465139,0.874569,-0.137022,-0.00909123,-0.150058,-0.988635,-0.885191,0.461099,-0.0618471,98.6307,-0.520896,62.2795,0.55974,0.647504,0.334159,-0.394675
364,0,-0.399035,-0.377348,1.46201,-nan,-nan,-nan,0.450316,0.881507,-0.141987,-0.0222553,-0.147892,-0.988753,-0.892592,0.448412,-0.04698,98.5069,-1.27524,63.2289,0.560233,0.641324,0.334952,-0.403298
372,0,-0.398766,-0.377572,1.4591,-nan,-nan,-nan,0.438846,0.888678,-0.132914,-0.0234312,-0.136551,-0.990356,-0.898257,0.437728,-0.0391022,97.8505,-1.34263,63.962,0.561959,0.635315,0.340479,-0.405772
381,0,-0.397755,-0.37721,1.4616,-nan,-nan,-nan,0.443624,0.884002,-0.147442,-0.0418802,-0.143889,-0.988707,-0.895234,0.444789,-0.0268105,98.2803,-2.40026,63.6398,0.56412,0.63528,0.331398,-0.410322
390,0,-0.398181,-0.376353,1.4595,-nan,-nan,-nan,0.462533,0.875345,-0.140833,-0.0359057,-0.140222,-0.989469,-0.885875,0.462718,-0.0334273,98.0659,-2.05769,62.4301,0.567645,0.639567,0.328128,-0.40133
398,1,-0.398554,-0.377117,1.45981,-nan,-nan,-nan,0.481284,0.864691,-0.143787,-0.0365638,-0.144088,-0.988889,-0.875802,0.481194,-0.037731,98.2901,-2.09542,61.2097,0.56997,0.644807,0.321076,-0.395308
407,1,-0.398012,-0.376397,1.45801,-nan,-nan,-nan,0.482539,0.864071,-0.143311,-0.0383241,-0.142635,-0.989033,-0.875036,0.482739,-0.035712,98.2064,-2.19634,61.1255,0.571006,0.644377,0.320367,-0.39509
416,1,-0.3973,-0.376419,1.4557,-nan,-nan,-nan,0.414621,0.899939,-0.134904,-0.0454428,-0.127586,-0.990786,-0.908859,0.416931,-0.0120039,97.3377,-2.60458,65.4775,0.564587,0.62334,0.342709,-0.418617
424,0,-0.39798,-0.378344,1.46266,-nan,-nan,-nan,0.326524,0.934462,-0.141999,-0.0444415,-0.134889,-0.989864,-0.944144,0.329525,-0.00251542,97.7599,-2.54715,70.9225,0.545234,0.604964,0.367799,-0.448846
433,0,-0.397757,-0.378231,1.46238,-nan,-nan,-nan,0.300744,0.943102,-0.141818,-0.0716653,-0.125934,-0.989447,-0.951009,0.307733,0.0297138,97.2535,-4.10964,72.4512,0.548754,0.590966,0.368649,-0.462305
441,1,-0.398068,-0.378468,1.45987,-nan,-nan,-nan,0.222582,0.965926,-0.132074,-0.108589,-0.110066,-0.987975,-0.968848,0.234247,0.0803897,96.3569,-6.23396,77.0615,0.546101,0.559522,0.383067,-0.491903
450,0,-0.398275,-0.378554,1.45949,-nan,-nan,-nan,0.153345,0.978406,-0.13859,-0.113462,-0.121888,-0.986037,-0.981637,0.166929,0.092321,97.0468,-6.51493,81.1214,0.530042,0.543809,0.397632,-0.514991
459,1,-0.397991,-0.379585,1.46286,-nan,-nan,-nan,0.187359,0.971252,-0.146855,-0.176133,-0.113861,-0.977759,-0.966371,0.209058,0.149737,96.6423,-10.1446,79.0277,0.553,0.536536,0.370487,-0.51871
468,1,-0.396981,-0.37745,1.45595,-nan,-nan,-nan,-0.0683109,0.987709,-0.140585,-0.0927778,-0.146592,-0.984837,-0.993341,-0.0542319,0.101651,98.4663,-5.32343,93.934,0.470836,0.494123,0.452788,-0.573706
476,0,-0.396117,-0.377482,1.45535,-nan,-nan,-nan,-0.091085,0.985201,-0.145199,-0.100281,-0.154138,-0.982947,-0.990781,-0.0749711,0.112836,98.9121,-5.75534,95.2526,0.465729,0.487395,0.453903,-0.582679
485,1,-0.396045,-0.377227,1.45599,-nan,-nan,-nan,-0.144161,0.979786,-0.138697,-0.0993732,-0.153787,-0.983094,-0.984552,-0.127941,0.119535,98.8908,-5.70308,98.3302,0.453207,0.471723,0.466594,-0.595291
494,0,-0.396999,-0.377935,1.45495,-nan,-nan,-nan,-0.17777,0.973089,-0.146611,-0.100926,-0.166227,-0.980909,-0.978883,-0.159579,0.12776,99.6181,-5.7925,100.293,0.442652,0.463869,0.470049,-0.60658
502,1,-0.395822,-0.377845,1.45426,-nan,-nan,-nan,-0.219864,0.965023,-0.142792,-0.0597595,-0.159422,-0.9854,-0.973698,-0.208121,0.0927205,99.1899,-3.42601,102.724,0.422325,0.460119,0.491864,-0.606631
511,0,-0.396209,-0.37689,1.45152,-nan,-nan,-nan,-0.254749,0.956635,-0.141252,-0.041985,-0.156876,-0.986726,-0.966095,-0.245437,0.0801283,99.0336,-2.40627,104.772,0.40881,0.453321,0.504417,-0.610687
519,1,-0.396073,-0.37721,1.45127,-nan,-nan,-nan,-0.206954,0.969367,-0.132281,-0.034804,-0.142418,-0.989195,-0.977731,-0.200114,0.0632118,98.1928,-1.99453,101.951,0.422445,0.466972,0.500331,-0.594261
528,1,-0.395923,-0.377754,1.45516,-nan,-nan,-nan,-0.202979,0.97077,-0.128082,-0.0213052,-0.135152,-0.990596,-0.978951,-0.198341,0.0481155,97.7692,-1.22079,101.714,0.421303,0.470122,0.504904,-0.588695
537,1,-0.396261,-0.37777,1.4573,-nan,-nan,-nan,-0.250889,0.959079,-0.131233,-0.0324322,-0.143821,-0.989072,-0.967472,-0.243891,0.0671882,98.2734,-1.85855,104.538,0.410024,0.454352,0.509872,-0.604545
546,1,-0.397001,-0.377543,1.45613,-nan,-nan,-nan,-0.278973,0.951499,-0.129707,-0.0323643,-0.144309,-0.989003,-0.959753,-0.271708,0.0710529,98.3016,-1.85466,106.208,0.402421,0.445613,0.515658,-0.611215
554,1,-0.397942,-0.380218,1.4547,-nan,-nan,-nan,-0.257919,0.954486,-0.149778,-0.0482576,-0.167557,-0.984681,-0.964961,-0.24674,0.0892772,99.6571,-2.76603,104.964,0.40737,0.452869,0.500271,-0.615376
563,1,-0.395901,-0.378794,1.45534,-nan,-nan,-nan,-0.328702,0.936554,-0.121743,-0.0703339,-0.152823,-0.985748,-0.941811,-0.315455,0.116105,98.8126,-4.03317,109.24,0.398302,0.420718,0.514727,-0.631987
572,1,-0.396299,-0.377903,1.45327,-nan,-nan,-nan,-0.655528,0.744608,-0.125866,0.00167281,-0.16524,-0.986252,-0.755169,-0.646727,0.107074,99.5112,0.095845,130.96,0.267538,0.317269,0.588051,-0.694234
581,0,-0.396124,-0.377383,1.45225,-nan,-nan,-nan,-0.748495,0.649989,-0.131412,0.0258741,-0.16939,-0.985209,-0.662635,-0.740825,0.10997,99.7557,1.48264,138.482,0.219137,0.278803,0.606039,-0.712014
590,0,-0.396557,-0.377761,1.45266,-nan,-nan,-nan,-0.789393,0.596717,-0.144178,0.0422301,-0.18152,-0.98248,-0.612434,-0.781651,0.118091,100.468,2.42032,142.195,0.191819,0.261742,0.610283,-0.722669
599,0,-0.396291,-0.377175,1.45092,-nan,-nan,-nan,-0.749846,0.644677,-0.148735,0.0261302,-0.195775,-0.980301,-0.661096,-0.738961,0.129956,101.294,1.49732,138.599,0.214671,0.281058,0.596682,-0.720343
607,1,-0.396075,-0.376807,1.45013,-nan,-nan,-nan,-0.712648,0.6851,-0.150899,0.023817,-0.191349,-0.981233,-0.701117,-0.702868,0.120048,101.035,1.36474,135.467,0.232406,0.299439,0.591872,-0.711345
616,1,-0.395627,-0.377641,1.45338,-nan,-nan,-nan,-0.768858,0.623058,-0.143724,0.0443174,-0.172307,-0.984046,-0.637882,-0.762961,0.104867,99.9318,2.54003,140.319,0.202301,0.273213,0.610672,-0.715198
625,1,-0.396259,-0.377531,1.45238,-nan,-nan,-nan,-0.808175,0.5709,-0.144661,0.0402178,-0.191556,-0.980657,-0.587568,-0.79836,0.13185,101.053,2.30493,143.982,0.181741,0.250764,0.609255,-0.729997
633,1,-0.396289,-0.377383,1.452,-nan,-nan,-nan,-0.71709,0.680871,-0.148985,0.0176396,-0.195961,-0.980453,-0.696757,-0.705701,0.128511,101.303,1.01072,135.824,0.232089,0.295956,0.590046,-0.714416
642,1,-0.396049,-0.377332,1.45205,-nan,-nan,-nan,-0.536138,0.832486,-0.139726,-0.0306137,-0.184593,-0.982338,-0.843575,-0.522391,0.124453,100.642,-1.75431,122.438,0.317696,0.36194,0.553871,-0.679188
651,1,-0.396725,-0.378251,1.45343,-nan,-nan,-nan,-0.344844,0.928046,-0.140759,-0.0532254,-0.169049,-0.98417,-0.93715,-0.331893,0.107691,99.7465,-3.05103,110.202,0.385292,0.423236,0.516746,-0.636707
660,1,-0.396304,-0.379602,1.45612,-nan,-nan,-nan,-0.405806,0.903668,-0.136768,-0.0401486,-0.167124,-0.985118,-0.913077,-0.394275,0.104101,99.6285,-2.30096,113.962,0.364407,0.405345,0.532583,-0.647501
668,0,-0.396333,-0.377468,1.45217,-nan,-nan,-nan,-0.598255,0.789128,-0.139166,0.00250836,-0.171828,-0.985124,-0.801302,-0.589704,0.100818,99.8942,0.143718,126.745,0.287548,0.343786,0.575675,-0.683904
677,0,-0.397307,-0.381154,1.45309,-nan,-nan,-nan,-0.786122,0.598751,-0.153327,0.0627023,-0.169535,-0.983527,-0.614882,-0.782787,0.0957323,99.7802,3.59494,141.969,0.187133,0.268179,0.616615,-0.716134
686,0,-0.397637,-0.382378,1.45536,-nan,-nan,-nan,-0.847313,0.49406,-0.194845,0.0870954,-0.232644,-0.968654,-0.523903,-0.837724,0.154092,103.505,4.99653,148.271,0.136138,0.240436,0.604272,-0.747337
695,1,-0.396832,-0.380282,1.45384,-nan,-nan,-nan,-0.874998,0.454432,-0.166944,0.0406065,-0.27473,-0.960663,-0.482421,-0.847358,0.221936,105.959,2.32722,151.13,0.134357,0.21083,0.587012,-0.77001
703,0,-0.395845,-0.377424,1.45028,-nan,-nan,-nan,-0.566128,0.808674,-0.159831,-0.0381796,-0.21941,-0.974885,-0.823433,-0.545808,0.155089,102.684,-2.18806,124.509,0.303954,0.352914,0.545809,-0.696532
712,1,-0.395888,-0.377498,1.4497,-nan,-nan,-nan,-0.377081,0.916118,-0.136151,-0.0313882,-0.159559,-0.986689,-0.925648,-0.367789,0.088922,99.1859,-1.79871,112.165,0.371578,0.4164,0.531178,-0.637488
720,1,-0.397066,-0.380954,1.45123,-nan,-nan,-nan,-0.137568,0.979839,-0.144879,-0.0723182,-0.155815,-0.985135,-0.987849,-0.125046,0.0922955,98.9878,-4.14715,97.9281,0.446909,0.481132,0.471555,-0.588574
729,1,-0.396364,-0.379996,1.45143,-nan,-nan,-nan,-0.0164491,0.990401,-0.137243,-0.0888348,-0.138166,-0.986417,-0.995911,-0.00403373,0.0902547,97.9735,-5.09658,90.9462,0.483642,0.507805,0.443855,-0.557869
738,1,-0.395966,-0.377843,1.44958,-nan,-nan,-nan,-0.0121513,0.990734,-0.135272,-0.0696375,-0.135792,-0.988287,-0.997498,-0.00258897,0.0706422,97.8235,-3.99316,90.6979,0.480286,0.513078,0.448809,-0.551948
746,1,-0.395169,-0.377782,1.45104,-nan,-nan,-nan,-0.00517989,0.991665,-0.12874,-0.0405724,-0.128844,-0.990835,-0.999163,9.08843e-05,0.0409016,97.4089,-2.32527,90.297,0.476151,0.520279,0.45701,-0.54197
755,1,-0.396011,-0.378378,1.44994,-nan,-nan,-nan,0.0289017,0.991399,-0.127644,-0.0330113,-0.126681,-0.991394,-0.999037,0.0328667,0.029066,97.2818,-1.89175,88.3429,0.482516,0.530688,0.451484,-0.530765
763,0,-0.39548,-0.377561,1.44975,-nan,-nan,-nan,0.0734323,0.990321,-0.117783,-0.0532755,-0.114038,-0.992047,-0.995876,0.0791233,0.0443858,96.5575,-3.05391,85.7828,0.500944,0.534576,0.438219,-0.520815
772,0,-0.395803,-0.377444,1.44992,-nan,-nan,-nan,0.0719461,0.988761,-0.131055,-0.0689795,-0.126148,-0.98961,-0.99502,0.0802387,0.0591284,97.2645,-3.95538,85.8644,0.50123,0.533612,0.430923,-0.527572
781,1,-0.395568,-0.377239,1.4489,-nan,-nan,-nan,0.0462153,0.989995,-0.133319,-0.0966571,-0.128403,-0.987,-0.994244,0.0585008,0.0897559,97.4122,-5.54671,87.3386,0.501888,0.520784,0.428843,-0.541282
790,1,-0.395859,-0.378793,1.4537,-nan,-nan,-nan,0.0599518,0.988744,-0.137078,-0.118779,-0.129283,-0.984468,-0.991109,0.0753026,0.109691,97.4814,-6.82163,86.5384,0.50999,0.519506,0.418651,-0.542914
798,1,-0.396786,-0.378596,1.45321,-nan,-nan,-nan,0.0189828,0.989264,-0.144902,-0.125778,-0.141414,-0.981928,-0.991877,0.0368652,0.121743,98.1952,-7.22569,88.9036,0.499828,0.509572,0.423633,-0.557713
807,0,-0.398824,-0.383498,1.45866,-nan,-nan,-nan,0.141136,0.972602,-0.184733,-0.190104,-0.156503,-0.96921,-0.971566,0.171909,0.162807,99.1726,-10.9589,81.7346,0.535593,0.532642,0.367272,-0.542719
816,1,-0.397208,-0.380993,1.458,-nan,-nan,-nan,0.142183,0.979894,-0.139973,-0.130106,-0.121682,-0.984005,-0.981253,0.15812,0.110188,97.0494,-7.47569,81.7552,0.53167,0.537047,0.395584,-0.52194
824,0,-0.396755,-0.37866,1.45836,-nan,-nan,-nan,0.152982,0.978618,-0.137489,-0.135216,-0.11709,-0.983873,-0.978935,0.169106,0.114412,96.7868,-7.7711,81.118,0.536261,0.537508,0.392274,-0.519259
833,0,-0.396916,-0.378908,1.45853,-nan,-nan,-nan,0.155244,0.977837,-0.140474,-0.127229,-0.121223,-0.984438,-0.979649,0.170701,0.105591,97.02,-7.30952,80.9952,0.533763,0.541035,0.393046,-0.517583
842,0,-0.396548,-0.378172,1.45348,-nan,-nan,-nan,0.0686919,0.988471,-0.134933,-0.120152,-0.126071,-0.984718,-0.990376,0.0838548,0.110107,97.2958,-6.90089,86.0324,0.513013,0.520734,0.416872,-0.540251
851,0,-0.393034,-0.375447,1.43893