108,0,-0.329404,-0.387882,1.45803,-nan,-nan,-nan,0.840884,0.540988,0.0156695,0.178031,-0.249148,-0.951961,-0.511096,0.803279,-0.305817,104.667,10.2551,31.2916,0.566992,0.773927,0.232263,-0.160037
115,0,-0.339774,-0.398952,1.45165,-nan,-nan,-nan,0.818196,0.57474,0.0151168,0.170665,-0.217682,-0.960983,-0.549025,0.788852,-0.276195,102.763,9.82651,33.8624,0.575395,0.760275,0.245111,-0.175564
123,0,-0.341135,-0.411837,1.44792,-nan,-nan,-nan,0.784019,0.620666,0.00941884,0.156574,-0.183054,-0.970555,-0.600666,0.762408,-0.240697,100.681,9.00807,37.4571,0.583153,0.742928,0.261546,-0.198958
131,0,-0.33996,-0.416286,1.44859,-nan,-nan,-nan,0.754879,0.655695,0.0148686,0.154897,-0.156207,-0.975503,-0.63731,0.73869,-0.219482,99.0975,8.91082,40.1729,0.587195,0.729823,0.277667,-0.213217
139,0,-0.339449,-0.41461,1.44964,-nan,-nan,-nan,0.722199,0.690021,0.0479629,0.171108,-0.111039,-0.978975,-0.670187,0.715222,-0.19826,96.4711,9.85223,42.8608,0.594327,0.712653,0.302085,-0.218277
146,0,-0.339384,-0.415656,1.44735,-nan,-nan,-nan,0.716825,0.695121,0.0544883,0.174348,-0.103029,-0.979279,-0.675104,0.711471,-0.195046,96.0059,10.0407,43.2832,0.595556,0.709736,0.306265,-0.218608
154,0,-0.337548,-0.414544,1.44074,-nan,-nan,-nan,0.720955,0.6916,0.0437426,0.166765,-0.111883,-0.979628,-0.672617,0.713562,-0.195997,96.5155,9.59978,43.0134,0.594364,0.712186,0.301314,-0.220755
160,0,-0.335889,-0.412147,1.43318,-nan,-nan,-nan,0.714978,0.697088,0.0536263,0.168358,-0.0972179,-0.98092,-0.678574,0.710364,-0.186869,95.66,9.69238,43.5036,0.598099,0.706941,0.306053,-0.221004
168,0,-0.331721,-0.40623,1.41508,-nan,-nan,-nan,0.716605,0.693249,0.0767001,0.170188,-0.0671508,-0.983121,-0.676397,0.717563,-0.166103,93.9074,9.79876,43.3467,0.608964,0.698187,0.309171,-0.214734
176,0,-0.329278,-0.403602,1.40636,-nan,-nan,-nan,0.720477,0.68923,0.0766475,0.171749,-0.0702595,-0.982632,-0.671874,0.721128,-0.168995,94.0898,9.88952,43.0008,0.608528,0.699952,0.307513,-0.212595
184,0,-0.328096,-0.401724,1.40041,-nan,-nan,-nan,0.723756,0.685907,0.0755614,0.182261,-0.0844,-0.979621,-0.665551,0.722778,-0.186099,94.9242,10.5015,42.601,0.602756,0.70609,0.307385,-0.208893
190,0,-0.327301,-0.401011,1.39474,-nan,-nan,-nan,0.713935,0.697299,0.0638112,0.171538,-0.0858174,-0.981433,-0.678875,0.711625,-0.180881,94.9973,9.87724,43.5581,0.601506,0.703675,0.308678,-0.218519
198,0,-0.326298,-0.401205,1.38809,-nan,-nan,-nan,0.756976,0.651743,0.0471051,0.115134,-0.0620694,-0.991409,-0.64322,0.755896,-0.122023,93.5825,6.61136,40.3553,0.627073,0.696611,0.275217,-0.213934
206,0,-0.324679,-0.401639,1.38515,-nan,-nan,-nan,0.767325,0.638556,0.0588143,0.104149,-0.0335994,-0.993994,-0.632744,0.768842,-0.0922867,91.936,5.97815,39.5094,0.640593,0.68797,0.26989,-0.208559
213,0,-0.324985,-0.402968,1.38803,-nan,-nan,-nan,0.793288,0.607726,0.0369256,0.0822837,-0.046921,-0.995504,-0.603261,0.79276,-0.0872278,92.6985,4.71985,37.2514,0.644038,0.694161,0.248505,-0.203964
220,0,-0.324571,-0.402,1.38597,-nan,-nan,-nan,0.785043,0.617029,0.0546114,0.0966114,-0.0348795,-0.994711,-0.61186,0.786167,-0.0869939,92.0083,5.54407,37.9327,0.64482,0.690456,0.258395,-0.201769
227,0,-0.32305,-0.400535,1.38128,-nan,-nan,-nan,0.753933,0.654455,0.0572173,0.106164,-0.0354225,-0.993718,-0.648316,0.755271,-0.0961855,92.0415,6.09421,40.6926,0.636853,0.686575,0.276961,-0.215235
235,0,-0.322091,-0.399672,1.3781,-nan,-nan,-nan,0.725598,0.685909,0.0550973,0.103512,-0.0296416,-0.994186,-0.680289,0.727083,-0.092508,91.7078,5.94146,43.1541,0.633137,0.679659,0.290374,-0.229965
242,0,-0.321709,-0.398688,1.37547,-nan,-nan,-nan,0.709965,0.702179,0.053789,0.108946,-0.0340521,-0.993464,-0.695759,0.711185,-0.100676,91.9631,6.25458,44.421,0.627542,0.679097,0.298604,-0.236332
249,0,-0.321201,-0.397567,1.3723,-nan,-nan,-nan,0.704872,0.706947,0.0581577,0.131435,-0.0495991,-0.990083,-0.697052,0.705525,-0.127879,92.8679,7.55254,44.6804,0.617939,0.685994,0.305536,-0.232835
257,0,-0.319634,-0.396262,1.36477,-nan,-nan,-nan,0.699609,0.713478,0.0386965,0.139328,-0.0831015,-0.986753,-0.70081,0.695733,-0.157546,94.8139,8.00895,45.0492,0.603937,0.696465,0.306119,-0.237669
265,0,-0.317587,-0.393451,1.35529,-nan,-nan,-nan,0.649248,0.759321,0.0436902,0.151104,-0.0724751,-0.985857,-0.745416,0.646668,-0.161791,94.2045,8.69094,48.9445,0.594765,0.686206,0.331688,-0.255654
271,0,-0.315991,-0.392852,1.34982,-nan,-nan,-nan,0.636065,0.770828,0.0352893,0.127167,-0.059607,-0.990089,-0.761085,0.634248,-0.135938,93.4453,7.3059,50.1133,0.600108,0.676685,0.331763,-0.268144
279,0,-0.313684,-0.396904,1.33436,-nan,-nan,-nan,0.796701,0.603882,-0.0243993,-0.0669406,0.0480481,-0.996599,-0.600656,0.795625,0.0787041,87.2398,-3.83829,37.0137,0.693443,0.646132,0.207752,-0.241845
286,0,-0.311913,-0.395729,1.32944,-nan,-nan,-nan,0.819604,0.572258,-0.0277614,-0.0946665,0.0874765,-0.991658,-0.565056,0.815395,0.12587,84.9589,-5.43212,34.5834,0.712908,0.633691,0.188417,-0.233875
294,0,-0.310715,-0.394581,1.32368,-nan,-nan,-nan,0.838713,0.54307,-0.040442,-0.104528,0.0876597,-0.990651,-0.534447,0.8351,0.130287,84.9432,-5.99999,32.5062,0.717053,0.636547,0.172235,-0.225785
301,0,-0.308935,-0.392422,1.31624,-nan,-nan,-nan,0.854812,0.517256,-0.041733,-0.0984623,0.0827062,-0.991698,-0.50951,0.851825,0.121629,85.2326,-5.65063,30.797,0.717486,0.642355,0.162992,-0.21454
309,0,-0.306326,-0.388629,1.30485,-nan,-nan,-nan,0.860382,0.508035,-0.040538,-0.103146,0.0956832,-0.990053,-0.499103,0.856005,0.134726,84.4798,-5.92038,30.1178,0.722978,0.638352,0.158568,-0.211342
316,0,-0.305945,-0.383268,1.29028,-nan,-nan,-nan,0.853731,0.519942,-0.0283503,-0.0498959,0.0274904,-0.998376,-0.518318,0.853759,0.0494124,88.4228,-2.86001,31.2628,0.694736,0.666489,0.176314,-0.205056
324,0,-0.304831,-0.381073,1.28256,-nan,-nan,-nan,0.856294,0.516463,-0.00511052,-0.0119417,0.00990519,-0.99988,-0.51635,0.856252,0.0146492,89.4324,-0.684222,31.0902,0.68572,0.676709,0.186388,-0.192646
330,0,-0.302088,-0.377575,1.26867,-nan,-nan,-nan,0.854325,0.519615,0.0113782,0.0209564,-0.0125647,-0.999701,-0.519317,0.854308,-0.0216236,90.7201,1.2008,31.2941,0.674562,0.687116,0.196681,-0.184808
338,0,-0.299064,-0.37407,1.25889,-nan,-nan,-nan,0.860554,0.508887,0.0219293,0.0345919,-0.0154348,-0.999282,-0.508184,0.860695,-0.0308858,90.8849,1.98236,30.5632,0.673467,0.690448,0.196785,-0.176065
344,0,-0.298044,-0.372303,1.25076,-nan,-nan,-nan,0.870393,0.492347,0.00314202,0.0159057,-0.0217394,-0.999637,-0.4921,0.870128,-0.026753,91.2458,0.911368,29.4828,0.674889,0.692619,0.183453,-0.176489
352,0,-0.295342,-0.370738,1.24254,-nan,-nan,-nan,0.878305,0.478041,-0.00757772,0.0057769,-0.0264597,-0.999633,-0.478066,0.877939,-0.0260013,91.5162,0.330994,28.5597,0.675619,0.69476,0.174095,-0.174752
360,0,-0.293228,-0.369346,1.23295,-nan,-nan,-nan,0.893354,0.448969,-0.0185739,-0.0235862,0.00557374,-0.999706,-0.448733,0.89353,0.0155688,89.6806,-1.35152,26.6704,0.691827,0.684144,0.155443,-0.170763
367,0,-0.290428,-0.366117,1.22178,-nan,-nan,-nan,0.89719,0.441632,-0.00353644,-0.0226118,0.0379368,-0.999024,-0.441066,0.896394,0.0440226,87.8253,-1.29567,26.1791,0.703411,0.673652,0.155503,-0.164997
374,0,-0.287804,-0.362379,1.2113,-nan,-nan,-nan,0.896143,0.443675,0.00894729,-0.01368,0.0477724,-0.998765,-0.443554,0.894914,0.0488804,87.2615,-0.783829,26.3335,0.705832,0.670725,0.160272,-0.161991
382,0,-0.285562,-0.360602,1.19983,-nan,-nan,-nan,0.91863,0.395066,0.00653352,-0.00154924,0.0201368,-0.999796,-0.395117,0.918432,0.0191103,88.8462,-0.0887651,23.2733,0.699621,0.685453,0.143524,-0.141725
389,0,-0.279845,-0.354371,1.17786,-nan,-nan,-nan,0.938789,0.344323,0.0108147,0.0179892,-0.0176484,-0.999682,-0.344023,0.938685,-0.0227622,91.0114,1.03076,20.1256,0.688908,0.70342,0.128768,-0.118424
397,0,-0.276661,-0.34916,1.16295,-nan,-nan,-nan,0.949891,0.309717,0.0422148,0.0460711,-0.00514369,-0.998925,-0.309167,0.950815,-0.0191549,90.295,2.64061,18.0288,0.693829,0.702529,0.12661,-0.0949968
405,0,-0.274771,-0.344982,1.15315,-nan,-nan,-nan,0.956261,0.277352,0.092954,0.0916725,0.0176138,-0.995633,-0.277778,0.960607,-0.00858214,88.9865,5.25983,16.1977,0.700945,0.697716,0.132226,-0.0662247
413,0,-0.272061,-0.34281,1.14365,-nan,-nan,-nan,0.951764,0.279516,0.126552,0.128179,0.0125293,-0.991672,-0.278774,0.960059,