107,0,-0.335778,-0.396208,1.45525,0.234308,-0.407968,1.55981,0.8381,0.54531,0.0149938,0.186933,-0.261263,-0.946994,-0.512488,0.796479,-0.320901,105.423,10.7738,31.4453,0.560343,0.77786,0.235339,-0.159892
114,0,-0.334574,-0.396604,1.45129,0.234308,-0.407968,1.55981,0.828752,0.559283,0.0192831,0.183769,-0.23944,-0.953361,-0.528582,0.793644,-0.301216,104.098,10.5894,32.5299,0.567472,0.769644,0.241362,-0.165433
120,0,-0.331376,-0.396601,1.43778,0.234308,-0.407968,1.55981,0.762072,0.645847,0.0461233,0.21838,-0.189312,-0.957325,-0.609554,0.739623,-0.28531,101.186,12.6139,38.655,0.567329,0.747779,0.288931,-0.188368
128,0,-0.330416,-0.395196,1.43246,0.234308,-0.407968,1.55981,0.740653,0.669888,0.0517931,0.220897,-0.16998,-0.96037,-0.634537,0.722742,-0.273873,100.037,12.7617,40.5875,0.569386,0.739004,0.301347,-0.197138
135,0,-0.329827,-0.393999,1.43019,0.234308,-0.407968,1.55981,0.712291,0.700679,0.0411017,0.214071,-0.161103,-0.963442,-0.668442,0.69505,-0.264747,99.4929,12.361,43.181,0.567107,0.731119,0.312791,-0.214514
142,0,-0.329258,-0.396607,1.42926,0.234308,-0.407968,1.55981,0.612966,0.786198,-0.0785196,0.195296,-0.247054,-0.949117,-0.765593,0.566442,-0.304977,104.59,11.262,51.3178,0.515008,0.735696,0.333525,-0.286841
149,0,-0.328787,-0.395111,1.42888,0.234308,-0.407968,1.55981,0.568783,0.819361,-0.0716465,0.215825,-0.232741,-0.948288,-0.793666,0.523907,-0.309218,103.79,12.4639,54.3726,0.506661,0.72642,0.356263,-0.2978
156,0,-0.327654,-0.393228,1.42706,0.234308,-0.407968,1.55981,0.533932,0.843711,-0.0553897,0.220375,-0.202108,-0.954247,-0.816304,0.497297,-0.293844,101.958,12.731,56.8119,0.509407,0.71237,0.373432,-0.305913
162,0,-0.328042,-0.393204,1.42947,0.234308,-0.407968,1.55981,0.500971,0.863346,-0.0605098,0.211628,-0.189994,-0.958705,-0.839191,0.467478,-0.27789,101.209,12.2178,59.1641,0.508205,0.701579,0.383055,-0.320598
169,0,-0.327592,-0.39246,1.42558,0.234308,-0.407968,1.55981,0.508593,0.859667,-0.0480182,0.218943,-0.183064,-0.958411,-0.832705,0.476928,-0.281323,100.814,12.647,58.5846,0.510932,0.702314,0.383949,-0.313508
175,0,-0.327788,-0.386792,1.40856,0.234308,-0.407968,1.55981,0.500052,0.865993,-0.00201006,0.234955,-0.137904,-0.962174,-0.833513,0.480665,-0.272428,98.1564,13.589,59.0391,0.521948,0.691083,0.398269,-0.302251
183,0,-0.326866,-0.383218,1.39579,0.234308,-0.407968,1.55981,0.452374,0.89138,0.0282923,0.239981,-0.0911136,-0.966492,-0.858934,0.444005,-0.255132,95.3855,13.8854,62.2256,0.525863,0.670563,0.421795,-0.309681
189,0,-0.324527,-0.382174,1.38963,0.234308,-0.407968,1.55981,0.43165,0.901757,0.022626,0.230264,-0.0859006,-0.969329,-0.872156,0.423621,-0.244721,95.0642,13.3126,63.6681,0.524649,0.663753,0.426372,-0.319972
196,0,-0.327626,-0.382588,1.39052,0.234308,-0.407968,1.55981,0.372977,0.926231,0.0546242,0.256789,-0.0464732,-0.965349,-0.891598,0.37408,-0.25518,92.7562,14.8796,67.2993,0.517524,0.647037,0.457091,-0.323387
203,0,-0.323603,-0.380786,1.3836,0.234308,-0.407968,1.55981,0.382784,0.92357,0.0222483,0.251733,-0.0811017,-0.964393,-0.88888,0.374754,-0.263537,94.807,14.5801,66.7015,0.509447,0.657157,0.447116,-0.329689
211,0,-0.322573,-0.379455,1.37916,0.234308,-0.407968,1.55981,0.386764,0.922021,0.0170676,0.249331,-0.0867333,-0.964527,-0.887833,0.377299,-0.263433,95.1384,14.4379,66.4608,0.509067,0.658963,0.444392,-0.330354
217,0,-0.321166,-0.378046,1.37514,0.234308,-0.407968,1.55981,0.394227,0.918934,0.0120222,0.256775,-0.0975782,-0.961533,-0.882412,0.382149,-0.274427,95.7947,14.8788,65.9268,0.505525,0.664498,0.44233,-0.327461
224,0,-0.320748,-0.377728,1.37282,0.234308,-0.407968,1.55981,0.386261,0.922305,0.0124552,0.263903,-0.0975634,-0.959602,-0.883831,0.373944,-0.281084,95.8054,15.3018,66.3932,0.5019,0.664249,0.446447,-0.327955
230,0,-0.319151,-0.376431,1.36607,0.234308,-0.407968,1.55981,0.362591,0.931889,0.0104912,0.267016,-0.0930954,-0.959185,-0.892878,0.350593,-0.282585,95.5436,15.4868,67.8983,0.496717,0.659218,0.45467,-0.334634
237,0,-0.318064,-0.374424,1.36097,0.234308,-0.407968,1.55981,0.341871,0.939728,-0.00588208,0.250948,-0.0973226,-0.963096,-0.905621,0.327779,-0.269094,95.7703,14.5336,69.3185,0.493825,0.653508,0.455494,-0.348696
244,0,-0.320633,-0.373338,1.36469,0.234308,-0.407968,1.55981,0.430603,0.898195,-0.0884748,0.17935,-0.181229,-0.966949,-0.884542,0.400503,-0.239129,100.615,10.3319,64.0428,0.502554,0.68025,0.39601,-0.357595
252,0,-0.322295,-0.373608,1.36955,0.234308,-0.407968,1.55981,0.459198,0.880942,-0.11436,0.157364,-0.207367,-0.965524,-0.874285,0.425371,-0.233851,102.121,9.0539,62.2903,0.504475,0.689278,0.376592,-0.35858
258,0,-0.321321,-0.373069,1.36684,0.234308,-0.407968,1.55981,0.452442,0.887264,-0.0897746,0.168396,-0.183857,-0.968421,-0.87575,0.423037,-0.232596,100.75,9.69459,62.6776,0.508918,0.683538,0.386102,-0.353135
266,0,-0.321011,-0.372128,1.36314,0.234308,-0.407968,1.55981,0.452066,0.887536,-0.0889747,0.175717,-0.186405,-0.966632,-0.874505,0.421347,-0.240223,100.915,10.1204,62.6638,0.50632,0.685327,0.387863,-0.351467
273,0,-0.319759,-0.370949,1.3583,0.234308,-0.407968,1.55981,0.450734,0.888223,-0.0888786,0.192858,-0.194111,-0.961835,-0.871576,0.416391,-0.258793,101.41,11.1196,62.6543,0.499457,0.689862,0.391774,-0.34806
280,0,-0.318557,-0.369269,1.3537,0.234308,-0.407968,1.55981,0.435403,0.895212,-0.0949702,0.207386,-0.202401,-0.957092,-0.876022,0.397025,-0.273781,101.941,11.9692,63.5716,0.489699,0.6913,0.398741,-0.351147
286,0,-0.317061,-0.367664,1.34716,0.234308,-0.407968,1.55981,0.428279,0.901402,-0.0636541,0.217006,-0.170973,-0.961081,-0.877203,0.397797,-0.268834,100.087,12.5332,63.9769,0.49711,0.68339,0.40914,-0.344188
293,0,-0.316648,-0.367233,1.34214,0.234308,-0.407968,1.55981,0.425106,0.903972,-0.046045,0.230153,-0.157151,-0.960382,-0.875394,0.397666,-0.274858,99.2932,13.3061,64.098,0.498271,0.68138,0.416113,-0.338078
300,0,-0.314636,-0.365805,1.33652,0.234308,-0.407968,1.55981,0.407557,0.911871,-0.0488696,0.240828,-0.15895,-0.957464,-0.880852,0.378452,-0.284385,99.4258,13.9354,65.1707,0.490974,0.680237,0.423639,-0.34169
308,0,-0.313448,-0.364203,1.33056,0.234308,-0.407968,1.55981,0.380533,0.922602,-0.0632545,0.252669,-0.169525,-0.952586,-0.88958,0.346508,-0.297623,100.091,14.6355,66.8404,0.477856,0.679647,0.432309,-0.350489
315,0,-0.311373,-0.362377,1.32329,0.234308,-0.407968,1.55981,0.357419,0.931271,-0.0706126,0.243476,-0.165904,-0.955613,-0.901649,0.324362,-0.286039,99.8489,14.0918,68.3763,0.475783,0.672563,0.436668,-0.361402
322,0,-0.309722,-0.35922,1.31638,0.234308,-0.407968,1.55981,0.311276,0.945779,-0.092792,0.237191,-0.171873,-0.956138,-0.920243,0.275613,-0.27783,100.191,13.7208,71.3117,0.464105,0.663509,0.445724,-0.381696
329,0,-0.30659,-0.356429,1.30381,0.234308,-0.407968,1.55981,0.293354,0.947581,-0.126624,0.257076,-0.205763,-0.944232,-0.920791,0.244442,-0.303962,102.293,14.8967,72.3287,0.442614,0.671394,0.448566,-0.390015
336,0,-0.30045,-0.351612,1.27799,0.234308,-0.407968,1.55981,0.320281,0.937134,-0.138563,0.298049,-0.238524,-0.924269,-0.899214,0.254728,-0.355707,104.47,17.3405,70.3952,0.426043,0.691829,0.446347,-0.375012
344,0,-0.298092,-0.348896,1.26722,0.234308,-0.407968,1.55981,0.305108,0.941548,-0.142816,0.291724,-0.235164,-0.927143,-0.906535,0.241216,-0.346423,104.233,16.9612,71.3986,0.4253,0.686785,0.44893,-0.38198
351,0,-0.296302,-0.345291,1.25655,0.234308,-0.407968,1.55981,0.273266,0.950196,-0.149843,0.27848,-0.227246,-0.933171,-0.920747,0.213276,-0.326709,103.686,16.1695,73.4698,0.424061,0.675874,0.454477,-0.396002
358,0,-0.293531,-0.342467,1.24499,0.234308,-0.407968,1.55981,0.233704,0.959525,-0.157142,0.283742,-0.221887,-0.932876,-0.929985,0.173429,-0.324113,103.379,16.4837,75.8937,0.41464,0.667028,0.465973,-0.407452
365,0,-0.291992,-0.339987,1.23819,0.234308,-0.407968,1.55981,0.217892,0.961403,-0.168013,0.273204,-0.22535,-0.935188,-0.936954,0.157868,-0.311761,103.548,15.855,76.9084,0.412547,0.662383,0.465972,-0.417042
373,0,-0.290076,-0.33761,1.23266,0.234308,-0.407968,1.55981,0.206954,0.961093,-0.182947,0.258648,-0.23409,-0.937178,-0.943542,0.146633,-0.29703,104.024,14.9898,77.6288,0.411045,0.65918,0.462598,-0.427231
380,0,-0.287712,-0.335258,1.22197,0.234308,-0.407968,1.55981,0.202965,0.9641,-0.17122,0.256001,-0.221023,-0.94107,-0.945129,0.147172