104,0,-0.336181,-0.386108,1.45401,-nan,-nan,-nan,0.838527,0.544069,0.0293545,0.181111,-0.227509,-0.956785,-0.513878,0.807607,-0.28931,103.376,10.4345,31.5014,0.574828,0.767357,0.236259,-0.157855
111,0,-0.336936,-0.398338,1.46124,-nan,-nan,-nan,0.827272,0.558005,0.0652003,0.204997,-0.191772,-0.959791,-0.523065,0.807374,-0.273037,101.299,11.8293,32.3042,0.583623,0.756981,0.251989,-0.151214
119,0,-0.341219,-0.393151,1.46977,-nan,-nan,-nan,0.823988,0.565038,0.04213,0.120941,-0.10275,-0.987328,-0.553549,0.818642,-0.153001,95.9413,6.94639,33.8929,0.626147,0.721065,0.237835,-0.177314
127,0,-0.345093,-0.39132,1.47809,-nan,-nan,-nan,0.819034,0.569369,0.0707187,0.112844,-0.0390079,-0.992847,-0.562538,0.821156,-0.0961985,92.2499,6.47926,34.4825,0.648812,0.698971,0.244006,-0.175908
135,0,-0.345575,-0.392161,1.48186,-nan,-nan,-nan,0.809193,0.58144,0.0844691,0.112372,-0.0120442,-0.993593,-0.576697,0.8135,-0.0750838,90.6945,6.45209,35.4768,0.656137,0.688535,0.251916,-0.178723
142,0,-0.346343,-0.39219,1.48427,-nan,-nan,-nan,0.807013,0.585741,0.0750815,0.101741,-0.0126691,-0.99473,-0.581703,0.810399,-0.0698182,90.7297,5.83946,35.7845,0.656606,0.687295,0.250068,-0.184281
150,0,-0.346811,-0.39187,1.48457,-nan,-nan,-nan,0.809996,0.583092,0.0625306,0.0918781,-0.020869,-0.995552,-0.579193,0.812138,-0.0704772,91.2009,5.27166,35.5669,0.655486,0.689446,0.244751,-0.187347
157,0,-0.347901,-0.392163,1.4896,-nan,-nan,-nan,0.81022,0.583852,0.0515739,0.0840672,-0.0286766,-0.996047,-0.580065,0.811353,-0.0723172,91.6491,4.82239,35.6002,0.653687,0.691233,0.241568,-0.191141
165,0,-0.348704,-0.392969,1.4949,-nan,-nan,-nan,0.76702,0.639179,0.0559502,0.103492,-0.0371876,-0.993935,-0.633221,0.768159,-0.0946734,92.1427,5.94028,39.5417,0.639367,0.689,0.269474,-0.20946
173,0,-0.347229,-0.391177,1.49239,-nan,-nan,-nan,0.691323,0.721821,0.0323576,0.104176,-0.0552599,-0.993022,-0.714996,0.68987,-0.113399,93.1851,5.97972,45.9644,0.616981,0.681906,0.302827,-0.250269
180,0,-0.346932,-0.391096,1.49101,-nan,-nan,-nan,0.684823,0.727808,0.0362435,0.0949003,-0.0397616,-0.994692,-0.722504,0.684628,-0.0962988,92.2891,5.44558,46.5337,0.622246,0.674701,0.304842,-0.254283
188,0,-0.346425,-0.391534,1.49459,-nan,-nan,-nan,0.692145,0.720204,0.0473471,0.0908666,-0.021873,-0.995623,-0.716016,0.693417,-0.0805817,91.2585,5.21346,45.9712,0.630415,0.669813,0.302723,-0.249573
195,0,-0.346918,-0.3923,1.49241,-nan,-nan,-nan,0.690746,0.720474,0.0615418,0.146135,-0.0557383,-0.987693,-0.708177,0.691238,-0.143788,93.2299,8.40303,45.7139,0.610578,0.687436,0.31516,-0.235162
203,0,-0.345357,-0.39228,1.49588,-nan,-nan,-nan,0.633504,0.771947,0.0526407,0.138256,-0.0459967,-0.989328,-0.761287,0.634021,-0.135866,92.6619,7.94696,50.2345,0.60242,0.673678,0.337774,-0.262977
211,0,-0.344945,-0.392397,1.49857,-nan,-nan,-nan,0.611888,0.789647,0.0452884,0.133585,-0.0467377,-0.989935,-0.779582,0.611779,-0.134083,92.7031,7.67678,51.8719,0.598136,0.66946,0.344767,-0.274211
218,0,-0.338596,-0.392105,1.49673,-nan,-nan,-nan,0.573619,0.818289,0.036942,0.131084,-0.0471846,-0.990248,-0.808566,0.572867,-0.134331,92.728,7.53225,54.6471,0.589937,0.662407,0.358304,-0.291219
226,0,-0.332101,-0.391309,1.49758,-nan,-nan,-nan,0.560568,0.828109,-0.000183974,0.108963,-0.0739802,-0.991289,-0.820908,0.555665,-0.131704,94.2681,6.25555,55.6723,0.581997,0.664502,0.352547,-0.308913
234,0,-0.332366,-0.391649,1.50166,-nan,-nan,-nan,0.552569,0.833441,-0.00654007,0.114381,-0.0836021,-0.989913,-0.825581,0.546248,-0.141526,94.8274,6.56791,56.2052,0.576073,0.666652,0.355441,-0.312053
242,0,-0.329576,-0.370655,1.50895,-nan,-nan,-nan,0.546969,0.836896,-0.0207302,0.0819263,-0.0781556,-0.993569,-0.833134,0.541754,-0.111312,94.4977,4.6993,56.7143,0.582559,0.65887,0.348636,-0.323988
249,0,-0.322608,-0.362304,1.5172,-nan,-nan,-nan,0.553318,0.832393,-0.0310018,0.079142,-0.0895853,-0.99283,-0.829202,0.546897,-0.115446,95.156,4.53925,56.2852,0.580579,0.663014,0.343709,-0.324354
256,0,-0.318004,-0.353025,1.52114,-nan,-nan,-nan,0.558783,0.828622,-0.033879,0.100729,-0.108363,-0.988995,-0.823174,0.549221,-0.144017,96.2529,5.78113,55.8307,0.57149,0.672897,0.345279,-0.318419
264,0,-0.316837,-0.342834,1.52344,-nan,-nan,-nan,0.543781,0.838625,-0.0317849,0.119251,-0.114703,-0.986216,-0.830712,0.532495,-0.16238,96.6341,6.84886,56.7914,0.562738,0.674697,0.354928,-0.319587
271,0,-0.315306,-0.323636,1.52978,-nan,-nan,-nan,0.575493,0.813762,-0.081239,0.0930089,-0.16382,-0.982096,-0.8125,0.557633,-0.169964,99.4701,5.33673,54.6901,0.55716,0.690883,0.32812,-0.323405
279,0,-0.312172,-0.318166,1.53094,-nan,-nan,-nan,0.573274,0.811091,-0.116138,0.0877942,-0.201731,-0.975498,-0.814646,0.549032,-0.186856,101.684,5.03672,54.8656,0.544217,0.700332,0.320878,-0.332265
287,0,-0.313355,-0.315829,1.52887,-nan,-nan,-nan,0.561692,0.813082,-0.152969,0.086247,-0.241429,-0.966578,-0.822839,0.529726,-0.205734,104.024,4.94774,55.6815,0.527856,0.70867,0.317259,-0.344239
295,0,-0.315789,-0.317435,1.53021,-nan,-nan,-nan,0.614916,0.773304,-0.154527,0.0255103,-0.215357,-0.976202,-0.78818,0.59634,-0.152154,102.441,1.46179,52.0396,0.558437,0.703993,0.283673,-0.334771
302,0,-0.315299,-0.318848,1.52857,-nan,-nan,-nan,0.660531,0.736366,-0.146506,0.0130642,-0.206377,-0.978385,-0.750685,0.644339,-0.145938,101.911,0.748546,48.6553,0.571886,0.709374,0.264117,-0.316191
310,0,-0.315708,-0.31853,1.52807,-nan,-nan,-nan,0.671763,0.728997,-0.131518,0.0178085,-0.193385,-0.980961,-0.740552,0.656632,-0.142892,101.152,1.02041,47.7885,0.577816,0.708527,0.263507,-0.307705
318,0,-0.31046,-0.313653,1.52556,-nan,-nan,-nan,0.643053,0.756266,-0.120599,0.0290913,-0.181486,-0.982963,-0.765269,0.628589,-0.138706,100.461,1.66705,49.9598,0.575078,0.700579,0.280253,-0.31612
325,0,-0.312239,-0.312776,1.52694,-nan,-nan,-nan,0.638729,0.764472,-0.0872231,0.0446583,-0.150003,-0.987676,-0.768134,0.626963,-0.129951,98.6358,2.55958,50.2554,0.582833,0.692583,0.29207,-0.308756
332,0,-0.309628,-0.312239,1.526,-nan,-nan,-nan,0.644986,0.74468,-0.171598,0.00896052,-0.231902,-0.972698,-0.764142,0.625838,-0.156246,103.41,0.513407,49.8335,0.560544,0.71294,0.264272,-0.328127
339,0,-0.312435,-0.317084,1.52428,-nan,-nan,-nan,0.616266,0.780582,-0.104438,0.0433233,-0.166015,-0.985171,-0.786345,0.602603,-0.136127,99.5652,2.48302,51.9139,0.573176,0.692533,0.297425,-0.321567
347,0,-0.313403,-0.318835,1.52513,0.250343,-0.407868,1.61155,0.6082,0.791637,-0.0583463,0.0733862,-0.129266,-0.988891,-0.790384,0.597162,-0.136715,97.4474,4.2085,52.4217,0.579271,0.684504,0.315931,-0.30998
355,0,-0.314108,-0.314842,1.5264,0.250343,-0.407868,1.61155,0.603552,0.794415,-0.0680449,0.0633412,-0.132844,-0.989111,-0.794804,0.59267,-0.130498,97.6494,3.63161,52.788,0.578837,0.683172,0.313887,-0.315751
362,0,-0.311953,-0.313717,1.52649,0.250343,-0.407868,1.61155,0.597615,0.796956,-0.0878448,0.0636834,-0.156397,-0.985639,-0.79925,0.583439,-0.144218,99.0163,3.65126,53.2138,0.56943,0.688881,0.312332,-0.321933
369,0,-0.31144,-0.31392,1.52636,0.250343,-0.407868,1.61155,0.598691,0.792854,-0.113811,0.0368045,-0.16917,-0.984899,-0.800134,0.585461,-0.130461,99.7462,2.10922,53.1948,0.569882,0.688898,0.301082,-0.331669
376,0,-0.311348,-0.315832,1.52577,0.250343,-0.407868,1.61155,0.595705,0.793885,-0.121992,0.0221485,-0.168061,-0.985528,-0.802898,0.584381,-0.117698,99.6775,1.26912,53.4267,0.572264,0.685832,0.297461,-0.337142
383,0,-0.311789,-0.316473,1.52499,0.250343,-0.407868,1.61155,0.615587,0.779323,-0.117082,0.0163304,-0.161151,-0.986795,-0.7879,0.605546,-0.111929,99.275,0.935704,51.9994,0.579333,0.687144,0.289478,-0.329255
390,0,-0.312172,-0.31371,1.52563,0.250343,-0.407868,1.61155,0.689276,0.713943,-0.123227,0.0145083,-0.183653,-0.982884,-0.724354,0.67569,-0.136946,100.584,0.831294,46.4215,0.584952,0.70885,0.256913,-0.298928
397,0,-0.31222,-0.313231,1.52584,0.250343,-0.407868,1.61155,0.675712,0.729944,-0.102936,0.0183284,-0.15623,-0.987551,-0.736938,0.665413,-0.118945,98.9897,1.0502,47.4817,0.591721,0.698371,0.267864,-0.300655
404,0,-0.313249,-0.315086,1.5253,0.250343,-0.407868,1.61155,0.682858,0.726975,-0.0721923,0.0459003,-0.141318,-0.9889,-0.729107,0.671965,-0.129868,98.1327,2.63082,46.8761,0.594069,0.698936,0.276447,-0.286614
411,0,-0.310072,-0.314317,1.52684,0.250343,-0.407868,1.61155,0.629521,0.763576,-0.143716,-0.00377215,-0.181961,-0.983299,-0.776974,0.61955,-0.111668,100.484,-0.216129,50.9849,0.577904,0.693388,0.273946,-0.331953
418,0,-0.313813,-0.31577,1.52603,0.250343,-0.407868,1.61155,0.668411,0.74027,-0.0722975,0.0465463,-0.138642,-0.989248,-0.742334,0.65786,-0.127127,97.978,2.66787,47.9995,0.592166,0.695374,0.282875,-0.292875
425,0,-0.313419,-0.316731,1.52571,0.250343,-0.407868,1.61155,0.681536,0.728904,-0.0648675,0.0399927,-0.12561,-0.991273,-0.730691,0.672994,-0.114759,97.2218,2.29202,46.9935,0.600243,0.693164,0.277314,-0.28693
432,0,-0.312954,-0.316027,1.52501,0.250343,-0.407868,1.61155,0.677677,0.731356,-0.0766371,0.0415862,-0.142166,-0.988969,-0.734183,0.667014,-0.126757,98.1803,2.3834,47.2919,0.593455,0.697603,0.276999,-0.290574
440,0,-0.310286,-0.312552,1.52594,0.250343,-0.407868,1.61155,0.676081,0.72599,-0.125912,0.0233984,-0.191952,-0.981125,-0.736456,0.660374,-0.146762,101.07,1.34075,47.4475,0.578223,0.709717,0.263974,-0.303772
447,0,-0.3111,-0.316008,1.52604,0.250343,-0.407868,1.61155,0.689312,0.712936,-0.12873,0.0205015,-0.196814,-0.980226,-0.724174,0.673043,-0.150283,101.353,1.17473,46.4129,0.57927,0.713514,0.256981,-0.298839
454,0,-0.312241,-0.315659,1.52572,0.250343,-0.407868,1.61155,0.717862,0.687937,-0.106849,0.0467968,-0.200813,-0.978511,-0.69461,0.697436,-0.176349,101.597,2.68224,44.0569,0.578943,0.72371,0.253808,-0.276858
461,0,-0.311214,-0.317642,1.5257,0.250343,-0.407868,1.61155,0.676521,0.716008,-0.172197,0.0061036,-0.239272,-0.970933,-0.736398,0.655806,-0.166243,103.844,0.349713,47.4266,0.563695,0.721463,0.250225,-0.314844
468,0,-0.312639,-0.313816,1.52316,0.250343,-0.407868,1.61155,0.688845,0.702976,-0.176967,0.0140037,-0.256982,-0.966315,-0.724773,0.663163,-0.186865,104.893,0.802378,46.4559,0.557898,0.730187,0.245478,-0.308736
474,0,-0.312917,-0.313435,1.52318,0.250343,-0.407868,1.61155,0.727513,0.665228,-0.167916,0.00269307,-0.247509,-0.968882,-0.686088,0.704422,-0.181857,104.33,0.154302,43.3215,0.569681,0.734316,0.227396,-0.290748
481,0,-0.313368,-0.317041,1.52329,0.250343,-0.407868,1.61155,0.752901,0.648813,-0.110373,0.0359286,-0.207977,-0.977474,-0.657153,0.731975,-0.179897,102.012,2.059,41.1154,0.584172,0.731569,0.233997,-0.262288
488,0,-0.313512,-0.317577,1.52262,0.250343,-0.407868,1.61155,0.746119,0.663213,-0.0587843,0.0606915,-0.155668,-0.985943,-0.663041,0.732063,-0.156398,98.9722,3.47951,41.626,0.59876,0.717319,0.252295,-0.251571
495,0,-0.314401,-0.315975,1.52256,0.250343,-0.407868,1.61155,0.734168,0.678823,-0.0140545,0.0784959,-0.10542,-0.991325,-0.674416,0.726695,-0.130681,96.0702,4.50212,42.571,0.611978,0.701831,0.269765,-0.245241
502,0,-0.31469,-0.312419,1.52335,0.250343,-0.407868,1.61155,0.670151,0.741532,-0.032057,0.0634058,-0.100228,-0.992942,-0.739512,0.663388,-0.114185,95.7639,3.63532,47.8169,0.60327,0.686397,0.293175,-0.281021
509,0,-0.314397,-0.314361,1.52404,0.250343,-0.407868,1.61155,0.647001,0.762266,-0.018458,0.0960947,-0.105531,-0.989762,-0.756409,0.638604,-0.141528,96.086,5.51433,49.4577,0.591596,0.688124,0.311848,-0.281514
516,0,-0.314227,-0.314748,1.52333,0.250343,-0.407868,1.61155,0.645074,0.763454,-0.03191,0.0962372,-0.122601,-0.987779,-0.758036,0.634119,-0.152559,97.0752,5.52253,49.6029,0.585217,0.692863,0.310195,-0.28503
523,0,-0.313005,-0.316134,1.52353,0.250343,-0.407868,1.61155,0.632741,0.7719,-0.0617158,0.0780088,-0.142832,-0.986668,-0.770424,0.619491,-0.150591,98.2371,4.47412,50.6041,0.578645,0.693932,0.306193,-0.299792
530,0,-0.312155,-0.312781,1.52408,0.250343,-0.407868,1.61155,0.587079,0.799943,-0.124219,0.0560629,-0.193253,-0.979546,-0.807586,0.568106,-0.158302,101.16,3.21385,53.9845,0.55577,0.696174,0.307396,-0.334616
537,0,-0.312864,-0.313882,1.52387,0.250343,-0.407868,1.61155,0.52996,0.839634,-0.11898,0.0692676,-0.182694,-0.980727,-0.845189,0.511505,-0.15498,100.552,3.97192,57.911,0.545959,0.683307,0.332538,-0.352758
544,0,-0.311384,-0.31619,1.52217,0.250343,-0.407868,1.61155,0.485474,0.861834,-0.146824,0.0641903,-0.202628,-0.97715,-0.871892,0.464956,-0.153692,101.715,3.68036,60.8907,0.531308,0.678563,0.341171,-0.375321
551,0,-0.31266,-0.315264,1.52232,0.250343,-0.407868,1.61155,0.447163,0.890832,-0.0803983,0.096811,-0.13756,-0.985751,-0.889198,0.433008,-0.147754,97.9442,5.55556,63.3029,0.538945,0.658118,0.375177,-0.368322
558,0,-0.314194,-0.312495,1.52189,0.250343,-0.407868,1.61155,0.411353,0.909492,-0.0601041,0.128577,-0.123183,-0.984019,-0.902362,0.397051,-0.167612,97.1354,7.38739,65.4935,0.529282,0.652332,0.39783,-0.368856
566,0,-0.314349,-0.314287,1.5221,0.250343,-0.407868,1.61155,0.420242,0.906345,-0.0439912,0.129018,-0.107668,-0.98578,-0.898193,0.408591,-0.162182,96.2332,7.41288,64.9263,0.536282,0.650018,0.398206,-0.362369
573,0,-0.313806,-0.312229,1.52168,0.250343,-0.407868,1.61155,0.420183,0.905785,-0.054768,0.121881,-0.116141,-0.985726,-0.899217,0.40751,-0.159198,96.7197,7.00066,64.9544,0.534987,0.651061,0.394612,-0.366319
580,0,-0.313995,-0.314377,1.52146,0.250343,-0.407868,1.61155,0.381617,0.913763,-0.139303,0.113342,-0.195831,-0.974065,-0.917345,0.355931,-0.178301,101.368,6.50802,67.4126,0.501868,0.662523,0.387573,-0.398721
587,0,-0.312775,-0.314716,1.52168,0.250343,-0.407868,1.61155,0.355389,0.923461,-0.144632,0.113193,-0.196113,-0.974026,-0.927839,0.329787,-0.174225,101.384,6.49939,69.0417,0.496249,0.656835,0.394564,-0.408197
594,0,-0.312612,-0.316028,1.52143,0.250343,-0.407868,1.61155,0.355877,0.925033,-0.132913,0.102297,-0.179929,-0.978346,-0.928917,0.334574,-0.158661,100.421,5.87148,69.0377,0.504303,0.650858,0.394606,-0.407858
602,0,-0.311635,-0.317216,1.52254,0.250343,-0.407868,1.61155,0.371276,0.922509,-0.105509,0.0884496,-0.148252,-0.984986,-0.9243,0.356369,-0.136638,98.5595,5.07442,68.1155,0.521149,0.643461,0.392782,-0.400106
609,0,-0.312363,-0.315581,1.52224,0.250343,-0.407868,1.61155,0.38976,0.913774,-0.114472,0.0623038,-0.150182,-0.986693,-0.918806,0.377442,-0.115466,98.6544,3.57206,67.0132,0.530121,0.643313,0.379317,-0.401545
616,0,-0.311044,-0.314658,1.52149,0.250343,-0.407868,1.61155,0.376312,0.922029,-0.0908427,0.0651294,-0.124133,-0.990126,-0.924201,0.366679,-0.106764,97.146,3.73429,67.8451,0.53512,0.633879,0.389332,-0.40033
623,0,-0.310712,-0.315865,1.52171,0.250343,-0.407868,1.61155,0.425712,0.898189,-0.109659,0.0769237,-0.156674,-0.98465,-0.901583,0.410742,-0.13579,99.0409,4.41176,64.7241,0.532271,0.655396,0.371956,-0.385737
631,0,-0.313676,-0.31659,1.52149,0.250343,-0.407868,1.61155,0.360075,0.92943,-0.0806577,0.129578,-0.135444,-0.982275,-0.923881,0.343241,-0.169204,97.8509,7.44523,68.7071,0.51367,0.645121,0.410392,-0.389283
638,0,-0.311579,-0.312512,1.52157,0.250343,-0.407868,1.61155,0.367349,0.924519,-0.101586,0.123671,-0.156806,-0.979856,-0.921824,0.347386,-0.171939,99.0919,7.10402,68.2726,0.50956,0.651171,0.402425,-0.392912
644,0,-0.311739,-0.313817,1.52185,0.250343,-0.407868,1.61155,0.391747,0.912407,-0.11852,0.119389,-0.178136,-0.976736,-0.912294,0.368484,-0.178715,100.336,6.85682,66.7609,0.508649,0.661173,0.390138,-0.389767
651,0,-0.310876,-0.313436,1.52189,0.250343,-0.407868,1.61155,0.372074,0.920179,-0.121786,0.0962418,-0.168745,-0.98095,-0.9232,0.353265,-0.151345,99.7606,5.5228,68.0492,0.512831,0.650416,0.390681,-0.401661
658,0,-0.31206,-0.315784,1.52154,0.250343,-0.407868,1.61155,0.38509,0.913919,-0.128286,0.0874425,-0.174513,-0.980764,-0.918727,0.366465,-0.147119,100.089,5.01649,67.2587,0.51562,0.653208,0.383248,-0.40072
665,0,-0.313459,-0.31576,1.52116,0.250343,-0.407868,1.61155,0.39811,0.908126,-0.129673,0.0783374,-0.174497,-0.981537,-0.913987,0.380602,-0.140609,100.081,4.49301,66.4632,0.520337,0.65445,0.37683,-0.398678
672,0,-0.310621,-0.313052,1.52214,0.250343,-0.407868,1.61155,0.402135,0.910398,-0.097276,0.0892702,-0.144726,-0.985437,-0.911218,0.387594,-0.139471,98.355,5.12163,66.1874,0.528663,0.649294,0.384906,-0.388304
680,0,-0.31283,-0.313221,1.52123,0.250343,-0.407868,1.61155,0.364575,0.916339,-0.165552,0.09486,-0.213411,-0.972346,-0.92633,0.338789,-0.164728,102.379,5.44326,68.5169,0.496597,0.66006,0.382995,-0.413554
687,0,-0.312289,-0.314584,1.52149,0.250343,-0.407868,1.61155,0.386246,0.910192,-0.14955,0.107948,-0.205623,-0.97266,-0.916057,0.359542,-0.177674,101.937,6.19705,67.1378,0.500737,0.665121,0.38269,-0.400532
693,0,-0.312262,-0.317354,1.52013,0.250343,-0.407868,1.61155,0.395425,0.909497,-0.128273,0.111091,-0.185987,-0.976252,-0.911756,0.371784,-0.174581,100.786,6.37822,66.5538,0.50864,0.662569,0.385088,-0.392422
700,0,-0.312255,-0.315464,1.51975,0.250343,-0.407868,1.61155,0.400529,0.905514,-0.140078,0.114993,-0.201342,-0.972748,-0.90904,0.373506,-0.184771,101.694,6.60321,66.2214,0.503591,0.668327,0.381739,-0.392442
707,0,-0.312359,-0.31692,1.52027,0.250343,-0.407868,1.61155,0.401753,0.906703,-0.128388,0.118769,-0.190607,-0.974455,-0.908013,0.376242,-0.184265,101.068,6.82106,66.1329,0.506676,0.666451,0.384677,-0.388776
714,0,-0.311291,-0.314062,1.5206,0.250343,-0.407868,1.61155,0.439273,0.891068,-0.114178,0.0841127,-0.167334,-0.982306,-0.894407,0.421896,-0.148456,99.6674,4.825,63.8428,0.529972,0.662394,0.368052,-0.380659
721,0,-0.311495,-0.315167,1.52125,0.250343,-0.407868,1.61155,0.42436,0.900245,-0.0973491,0.084744,-0.146523,-0.985571,-0.901519,0.409987,-0.138469,98.4561,4.8613,64.7929,0.533706,0.653711,0.376692,-0.381999
728,0,-0.311369,-0.317272,1.52013,0.250343,-0.407868,1.61155,0.511352,0.853089,-0.103724,0.0787883,-0.166728,-0.98285,-0.855752,0.49441,-0.15247,99.6278,4.51892,59.1397,0.545929,0.676489,0.34438,-0.354579
735,0,-0.311312,-0.313333,1.52065,0.250343,-0.407868,1.61155,0.541642,0.824665,-0.162943,0.0210367,-0.207077,-0.978099,-0.840346,0.526352,-0.12951,101.954,1.20541,57.1963,0.548875,0.685242,0.308541,-0.366034
743,0,-0.312858,-0.310921,1.52025,0.250343,-0.407868,1.61155,0.587977,0.800385,-0.116906,0.0274021,-0.164156,-0.986054,-0.808413,0.576573,-0.118452,99.4518,1.57022,53.9708,0.571264,0.683847,0.302622,-0.338278
750,0,-0.313833,-0.313588,1.51894,0.250343,-0.407868,1.61155,0.614434,0.78048,-0.115418,0.0348255,-0.172977,-0.98431,-0.788199,0.600774,-0.133464,99.9671,1.99576,52.0621,0.571838,0.692978,0.294131,-0.325991
757,0,-0.312129,-0.313463,1.52033,0.250343,-0.407868,1.61155,0.609015,0.784511,-0.116805,0.0589579,-0.191635,-0.979694,-0.790965,0.589762,-0.162962,101.068,3.38,52.405,0.560004,0.700645,0.300962,-0.323905
764,0,-0.310997,-0.315885,1.52071,0.250343,-0.407868,1.61155,0.625911,0.768893,-0.130535,0.0445149,-0.202324,-0.978306,-0.778623,0.606522,-0.160864,101.685,2.55136,51.2053,0.561855,0.705177,0.28837,-0.322315
771,0,-0.309818,-0.312554,1.52119,0.250343,-0.407868,1.61155,0.612143,0.78014,-0.129085,0.0552269,-0.205025,-0.977197,-0.788816,0.591055,-0.168589,101.849,3.16588,52.1876,0.556446,0.704584,0.296404,-0.325689
778,0,-0.310164,-0.31329,1.51946,0.250343,-0.407868,1.61155,0.617131,0.777934,-0.118189,0.0520778,-0.190255,-0.980352,-0.785135,0.598851,-0.157925,100.983,2.98519,51.832,0.563238,0.700948,0.296032,-0.32218
785,0,-0.311642,-0.314367,1.51997,0.250343,-0.407868,1.61155,0.632039,0.763658,-0.131731,0.0223942,-0.187917,-0.98193,-0.774613,0.617667,-0.135872,100.834,1.2832,50.7876,0.571894,0.699255,0.281032,-0.324039
793,0,-0.310874,-0.312489,1.51954,0.250343,-0.407868,1.61155,0.581055,0.809274,-0.0863219,0.0590901,-0.147733,-0.98726,-0.811717,0.568551,-0.133661,98.5106,3.38758,54.4036,0.570013,0.682358,0.318148,-0.32902
800,0,-0.310649,-0.313414,1.5196,0.250343,-0.407868,1.61155,0.607158,0.789964,-0.0855403,0.0461425,-0.142526,-0.988715,-0.793241,0.596359,-0.122987,98.2029,2.64471,52.569,0.579147,0.684228,0.305493,-0.321085
807,0,-0.309818,-0.314789,1.51958,0.250343,-0.407868,1.61155,0.586932,0.806067,-0.0759443,0.0644656,-0.14003,-0.988046,-0.807066,0.57502,-0.134152,98.0665,3.69617,53.9738,0.572877,0.682113,0.319057,-0.32363
814,0,-0.310859,-0.313914,1.52009,0.250343,-0.407868,1.61155,0.613554,0.781147,-0.11559,0.000396016,-0.146685,-0.989183,-0.789653,0.606872,-0.0903083,98.4348,0.02269,52.1531,0.586635,0.680174,0.287258,-0.332724
821,0,-0.312952,-0.312763,1.51938,0.250343,-0.407868,1.61155,0.539766,0.838237,-0.0775368,0.0664235,-0.134229,-0.988722,-0.839191,0.528528,-0.128131,97.7312,3.80859,57.251,0.565112,0.671216,0.336948,-0.341443
828,0,-0.311289,-0.313332,1.51966,0.250343,-0.407868,1.61155,0.534102,0.843203,-0.0611782,0.0765489,-0.120301,-0.989782,-0.841947,0.523962,-0.128799,96.9299,4.39022,57.6104,0.56679,0.667683,0.344382,-0.338156
835,0,-0.313215,-0.311279,1.51899,0.250343,-0.407868,1.61155,0.499763,0.861524,-0.089519,0.0622639,-0.138817,-0.988359,-0.863922,0.488371,-0.123017,97.995,3.56977,59.9514,0.556311,0.663626,0.348008,-0.359179
842,0,-0.309189,-0.314975,1.51986,0.250343,-0.407868,1.61155,0.577209,0.806799,-0.126117,0.0555701,-0.192892,-0.979645,-0.814704,0.558451,-0.156173,101.139,3.18557,54.6828,0.554108,0.693951,0.310674,-0.338936
849,0,-0.310048,-0.311537,1.52028,0.250343,-0.407868,1.61155,0.606502,0.776436,-0.171176,0.0142265,-0.225857,-0.974057,-0.794954,0.588332,-0.148029,103.055,0.815145,52.6586,0.555116,0.703631,0.280922,-0.343266
856,0,-0.312044,-0.312067,1.51997,0.250343,-0.407868,1.61155,0.616205,0.767595,-0.176322,0.00103846,-0.224668,-0.974435,-0.787585,0.600268,-0.139239,102.983,0.0594992,51.9604,0.559531,0.703582,0.273114,-0.3425
863,0,-0.312048,-0.313921,1.51957,0.250343,-0.407868,1.61155,0.606669,0.781301,-0.1467,-0.0137301,-0.174214,-0.984612,-0.794836,0.599348,-0.0949628,100.034,-0.786701,52.6468,0.57825,0.684808,0.280214,-0.343723
870,0,-0.309058,-0.315059,1.52006,0.250343,-0.407868,1.61155,0.616503,0.780248,-0.105532,0.00971316,-0.14156,-0.989882,-0.787293,0.60924,-0.0948508,98.1385,0.556532,51.9367,0.587387,0.680609,0.290167,-0.327951
877,0,-0.310702,-0.314719,1.51964,0.250343,-0.407868,1.61155,0.618236,0.780719,-0.0908944,0.0124362,-0.125345,-0.992035,-0.785894,0.612181,-0.0872018,97.2012,0.712562,51.8091,0.592809,0.676532,0.293096,-0.324001
884,0,-0.311164,-0.314735,1.51878,0.250343,-0.407868,1.61155,0.631392,0.77044,-0.0881247,0.0301216,-0.137922,-0.989985,-0.774879,0.622414,-0.11029,97.9312,1.7261,50.8259,0.588043,0.685493,0.291966,-0.314738
892,0,-0.308776,-0.314552,1.51938,0.250343,-0.407868,1.61155,0.651415,0.754099,-0.0836251,0.0400001,-0.144199,-0.98874,-0.757667,0.640735,-0.124097,98.2976,2.29245,49.3122,0.58803,0.692768,0.286567,-0.303598
899,0,-0.307813,-0.317901,1.5198,0.250343,-0.407868,1.61155,0.583783,0.804022,-0.112902,0.0383758,-0.166227,-0.98534,-0.811003,0.570892,-0.127896,99.5757,2.19931,54.2526,0.567816,0.685184,0.307362,-0.337101
906,0,-0.308545,-0.316434,1.51953,0.250343,-0.407868,1.61155,0.511225,0.851924,-0.113464,0.0244687,-0.146394,-0.988924,-0.859098,0.502787,-0.0956857,98.4205,1.40209,59.2443,0.563282,0.662062,0.330933,-0.367247
913,0,-0.310464,-0.31544,1.51999,0.250343,-0.407868,1.61155,0.515969,0.851188,-0.0962036,0.0564438,-0.145847,-0.987696,-0.854746,0.50419,-0.123297,98.3998,3.23571,58.8826,0.558307,0.668041,0.339662,-0.355873
921,0,-0.309837,-0.311729,1.51997,0.250343,-0.407868,1.61155,0.500612,0.860637,-0.0932267,0.0791427,-0.152743,-0.985092,-0.862046,0.485771,-0.144578,98.8138,4.53929,59.8552,0.548473,0.670435,0.350436,-0.356214
928,0,-0.310015,-0.314236,1.51939,0.250343,-0.407868,1.61155,0.427473,0.898376,-0.10093,0.0690898,-0.143784,-0.987194,-0.901384,0.415026,-0.123532,98.2868,3.96171,64.6278,0.538553,0.65092,0.371576,-0.38496
935,0,-0.31128,-0.313114,1.51869,0.250343,-0.407868,1.61155,0.399094,0.907684,-0.129746,0.0753375,-0.173487,-0.98195,-0.91381,0.382115,-0.13762,100.019,4.32062,66.4074,0.521533,0.653873,0.375846,-0.39899
941,0,-0.309372,-0.312435,1.52068,0.250343,-0.407868,1.61155,0.400477,0.902765,-0.156951,0.0667675,-0.199581,-0.977604,-0.913871,0.381029,-0.140203,101.539,3.82835,66.336,0.51495,0.659595,0.367473,-0.405863
948,0,-0.309933,-0.315857,1.51996,0.250343,-0.407868,1.61155,0.388774,0.905867,-0.168105,0.0758211,-0.213297,-0.974041,-0.918208,0.365936,-0.151608,102.352,4.3484,67.0519,0.505932,0.662133,0.370654,-0.410157
955,0,-0.310099,-0.316174,1.52014,0.250343,-0.407868,1.61155,0.409417,0.900145,-0.148719,0.0771558,-0.196584,-0.977447,-0.909079,0.388708,-0.149936,101.372,4.4251,65.7549,0.515484,0.662559,0.36876,-0.399134
962,0,-0.311091,-0.314706,1.52043,0.250343,-0.407868,1.61155,0.422293,0.890011,-0.1719,0.0816707,-0.226225,-0.970645,-0.902773,0.395857,-0.168221,103.12,4.6846,64.9311,0.506914,0.673932,0.360452,-0.398657
969,0,-0.311049,-0.316025,1.52003,0.250343,-0.407868