108,0,-0.336473,-0.388028,1.46015,-nan,-nan,-nan,0.85093,0.524671,0.0252824,0.188873,-0.260699,-0.946764,-0.490148,0.810405,-0.320933,105.395,10.887,29.9426,0.563316,0.779834,0.228749,-0.149027
116,0,-0.337319,-0.388048,1.46263,-nan,-nan,-nan,0.866009,0.499205,0.0286879,0.168411,-0.237173,-0.956759,-0.470814,0.833393,-0.289465,103.923,9.69543,28.5312,0.578656,0.773409,0.215803,-0.142915
123,0,-0.337515,-0.388186,1.46525,-nan,-nan,-nan,0.88364,0.467085,0.031802,0.150151,-0.218408,-0.964237,-0.443435,0.856814,-0.263127,102.763,8.63569,26.6487,0.592053,0.768956,0.200673,-0.133828
131,0,-0.340051,-0.381977,1.47743,-nan,-nan,-nan,0.858549,0.510711,0.0454733,0.162064,-0.186158,-0.969062,-0.486446,0.839356,-0.242594,100.874,9.3267,29.5355,0.597871,0.756191,0.222422,-0.145787
139,0,-0.340919,-0.383082,1.48042,-nan,-nan,-nan,0.870921,0.489446,0.0440317,0.170271,-0.216498,-0.96132,-0.460982,0.844731,-0.271892,102.692,9.8036,27.8924,0.587905,0.768002,0.214751,-0.135726
146,0,-0.342738,-0.384138,1.48547,-nan,-nan,-nan,0.860121,0.508665,0.0380948,0.166962,-0.21018,-0.963301,-0.481991,0.834916,-0.265708,102.308,9.61125,29.2652,0.588267,0.7642,0.221024,-0.145216
154,0,-0.342016,-0.37516,1.48495,-nan,-nan,-nan,0.853932,0.520247,0.011963,0.164526,-0.2481,-0.954661,-0.493692,0.817184,-0.297455,104.568,9.4697,30.0339,0.571922,0.774514,0.221033,-0.155494
162,0,-0.343581,-0.379844,1.48942,-nan,-nan,-nan,0.882168,0.469934,0.0306906,0.157698,-0.233369,-0.959516,-0.443747,0.851294,-0.279979,103.67,9.07332,26.7032,0.584983,0.773873,0.202757,-0.133438
169,0,-0.346284,-0.383718,1.49769,-nan,-nan,-nan,0.897527,0.439026,0.041246,0.154453,-0.225384,-0.961949,-0.413025,0.869746,-0.270097,103.186,8.88509,24.711,0.59204,0.773468,0.191824,-0.120166
177,0,-0.342135,-0.365136,1.48637,-nan,-nan,-nan,0.876401,0.481462,0.010785,0.12912,-0.213343,-0.968407,-0.46395,0.850105,-0.249141,102.424,7.41875,27.8959,0.594541,0.764671,0.199623,-0.148157
185,0,-0.333602,-0.363544,1.5111,-nan,-nan,-nan,0.893817,0.447613,0.0270759,0.129559,-0.199963,-0.9712,-0.429308,0.871583,-0.236722,101.634,7.44411,25.6554,0.603559,0.763299,0.189039,-0.131741
192,0,-0.32519,-0.357821,1.52978,-nan,-nan,-nan,0.907491,0.419778,0.0156817,0.113018,-0.208031,-0.971571,-0.404582,0.883465,-0.236228,102.086,6.4893,24.0285,0.604821,0.766771,0.173714,-0.126798
199,0,-0.318705,-0.348139,1.54614,-nan,-nan,-nan,0.904174,0.426991,0.0121368,0.113802,-0.213401,-0.970314,-0.411725,0.878714,-0.241544,102.404,6.53453,24.4826,0.60192,0.767971,0.176046,-0.130079
207,0,-0.323484,-0.343978,1.56513,-nan,-nan,-nan,0.893306,0.446632,0.0502446,0.167252,-0.226576,-0.959526,-0.41717,0.865554,-0.277102,103.286,9.62807,25.0324,0.589412,0.77411,0.198255,-0.118499
214,0,-0.326173,-0.340364,1.57859,-nan,-nan,-nan,0.89708,0.438451,0.0548468,0.165358,-0.218008,-0.961836,-0.409761,0.871913,-0.268073,102.771,9.51805,24.5496,0.593927,0.771875,0.195566,-0.114952
222,0,-0.329596,-0.341279,1.5925,-nan,-nan,-nan,0.909479,0.414869,0.0270416,0.1286,-0.218872,-0.967242,-0.39536,0.883164,-0.252411,102.75,7.38868,23.4951,0.599624,0.771486,0.176111,-0.119354
230,0,-0.331466,-0.343512,1.60351,-nan,-nan,-nan,0.91607,0.40021,0.0254437,0.1126,-0.195807,-0.974156,-0.384885,0.895261,-0.224437,101.365,6.46524,22.7896,0.61152,0.76425,0.167749,-0.11758
237,0,-0.333282,-0.34466,1.61249,-nan,-nan,-nan,0.918971,0.393421,0.0266909,0.103695,-0.175801,-0.978949,-0.380447,0.902394,-0.202351,100.181,5.95198,22.4892,0.620649,0.757813,0.163997,-0.116703
245,0,-0.33528,-0.346384,1.62236,-nan,-nan,-nan,0.92067,0.389308,0.0283865,0.101089,-0.16756,-0.980665,-0.377024,0.905739,-0.193622,99.6961,5.8019,22.2696,0.624397,0.75529,0.162321,-0.115399
252,0,-0.336917,-0.348657,1.63256,-nan,-nan,-nan,0.925348,0.378079,0.0280443,0.0994986,-0.170811,-0.980267,-0.365829,0.909879,-0.195678,99.8845,5.7103,21.5709,0.624272,0.756941,0.157733,-0.111562
260,0,-0.33933,-0.351995,1.64756,-nan,-nan,-nan,0.932405,0.360291,0.0284843,0.0954735,-0.169529,-0.98089,-0.348577,0.917306,-0.192468,99.8057,5.47857,20.4981,0.626579,0.757364,0.150444,-0.10566
268,0,-0.331286,-0.355224,1.66237,-nan,-nan,-nan,0.932081,0.360337,0.0371883,0.103977,-0.167784,-0.980325,-0.347008,0.917609,-0.193855,99.7122,5.96826,20.42,0.626586,0.757252,0.153289,-0.102284
275,0,-0.307014,-0.357971,1.67356,-nan,-nan,-nan,0.914117,0.402675,0.047361,0.12943,-0.179112,-0.975278,-0.384237,0.897648,-0.215847,100.407,7.43664,22.7988,0.616271,0.759782,0.175085,-0.110846
283,0,-0.292216,-0.359216,1.67914,-nan,-nan,-nan,0.907132,0.419074,0.0385742,0.125179,-0.181178,-0.975451,-0.401797,0.889692,-0.216812,100.522,7.19111,23.89,0.614236,0.759132,0.179235,-0.119618
291,0,-0.282247,-0.360758,1.68553,-nan,-nan,-nan,0.893976,0.447198,0.0286667,0.120869,-0.179035,-0.97639,-0.431507,0.876334,-0.214105,100.391,6.94224,25.7658,0.612543,0.756161,0.187813,-0.133186
298,0,-0.29199,-0.365139,1.69351,-nan,-nan,-nan,0.908293,0.417788,0.0213696,0.103702,-0.175378,-0.979024,-0.405277,0.891457,-0.20262,100.156,5.95241,24.0462,0.618525,0.756024,0.172445,-0.126949
305,0,-0.292197,-0.362568,1.69508,-nan,-nan,-nan,0.897839,0.438815,0.0364163,0.112269,-0.148167,-0.982569,-0.42577,0.886278,-0.182295,98.5753,6.44612,25.3711,0.625975,0.746375,0.184587,-0.130415
312,0,-0.291969,-0.363505,1.69794,-nan,-nan,-nan,0.892375,0.450534,0.0261859,0.107486,-0.155827,-0.981919,-0.438308,0.879054,-0.187482,99.0174,6.17042,26.1589,0.622307,0.74761,0.186601,-0.137813
320,0,-0.297094,-0.370644,1.72186,-nan,-nan,-nan,0.860912,0.506858,0.0438821,0.13467,-0.143861,-0.980392,-0.490607,0.84994,-0.192111,98.3479,7.73954,29.6775,0.617442,0.741094,0.216413,-0.150698
327,0,-0.303184,-0.368067,1.73707,-nan,-nan,-nan,0.830024,0.55597,0.0442363,0.152874,-0.150517,-0.976716,-0.536367,0.81746,-0.209926,98.7607,8.79353,32.8708,0.606131,0.740011,0.239471,-0.166258
335,0,-0.296856,-0.367461,1.74832,-nan,-nan,-nan,0.921436,0.388479,0.00636081,0.0789691,-0.171227,-0.982062,-0.380421,0.905409,-0.188453,99.8904,4.52931,22.4336,0.624851,0.755168,0.15475,-0.123834
342,0,-0.298657,-0.369914,1.75564,-nan,-nan,-nan,0.928942,0.370221,0.00186939,0.0802432,-0.196408,-0.977233,-0.361425,0.907943,-0.212159,101.364,4.60255,21.2596,0.616517,0.764446,0.147317,-0.117587
350,0,-0.302187,-0.370938,1.76014,-nan,-nan,-nan,0.925245,0.379346,-0.00421813,0.0773229,-0.199457,-0.976851,-0.371406,0.903501,-0.213879,101.54,4.4347,21.8712,0.614799,0.764621,0.149312,-0.122814
358,0,-0.299813,-0.374673,1.77469,-nan,-nan,-nan,0.926104,0.37632,0.0267263,0.108066,-0.196738,-0.974482,-0.361459,0.90536,-0.222867,101.414,6.20386,21.3207,0.613698,0.765785,0.158134,-0.109278
365,0,-0.300361,-0.375248,1.77867,-nan,-nan,-nan,0.91921,0.392266,0.034354,0.115656,-0.185562,-0.975802,-0.3764,0.90094,-0.215939,100.767,6.64149,22.2682,0.615977,0.761694,0.166708,-0.112265
372,0,-0.301414,-0.376677,1.78437,-nan,-nan,-nan,0.910901,0.411067,0.0358263,0.122107,-0.185605,-0.975008,-0.394144,0.89251,-0.219262,100.778,7.0137,23.398,0.613603,0.760882,0.175183,-0.117731
380,0,-0.302105,-0.377047,1.78878,-nan,-nan,-nan,0.899102,0.436461,0.0334235,0.119326,-0.170912,-0.978034,-0.421161,0.883341,-0.205749,99.9124,6.85318,25.0995,0.616936,0.754282,0.184211,-0.128512
387,0,-0.30302,-0.378936,1.79503,-nan,-nan,-nan,0.893677,0.447442,0.0337324,0.125513,-0.177095,-0.976158,-0.4308,0.876603,-0.214426,100.283,7.21039,25.7365,0.612812,0.755844,0.189508,-0.131333
395,0,-0.304982,-0.381045,1.80629,-nan,-nan,-nan,0.900823,0.43303,0.0316813,0.118237,-0.174446,-0.977542,-0.417778,0.884338,-0.208345,100.118,6.79034,24.8806,0.616042,0.755582,0.182398,-0.127748
402,0,-0.306833,-0.383096,1.81685,-nan,-nan,-nan,0.901377,0.432042,0.0293164,0.114444,-0.17238,-0.97836,-0.417639,0.885226,-0.204824,99.9925,6.57157,24.8599,0.617287,0.754748,0.181016,-0.128626
410,0,-0.308231,-0.384634,1.82406,-nan,-nan,-nan,0.897804,0.439923,0.0203967,0.109981,-0.179124,-0.97766,-0.426442,0.87999,-0.209201,100.382,6.31423,25.4069,0.614304,0.755997,0.181847,-0.134275
417,0,-0.309466,-0.386296,1.83302,-nan,-nan,-nan,0.89413,0.447238,0.0225542,0.107498,-0.165474,-0.980338,-0.434713,0.878974,-0.196033,99.5808,6.17111,25.9283,0.618996,0.750939,0.184681,-0.137214
425,0,-0.311631,-0.388414,1.84297,-nan,-nan