133,0,-0.33575,-0.396756,1.45657,-nan,-nan,-nan,0.801072,0.598055,0.024785,0.197299,-0.224729,-0.954238,-0.565117,0.769303,-0.29802,103.252,11.3791,35.2011,0.565315,0.762204,0.260873,-0.177227
142,0,-0.337049,-0.398516,1.45865,-nan,-nan,-nan,0.781042,0.623752,0.0301063,0.187527,-0.188283,-0.964045,-0.595657,0.758606,-0.264027,101.051,10.8085,37.3307,0.576353,0.74722,0.271432,-0.189218
150,0,-0.336924,-0.397328,1.46193,-nan,-nan,-nan,0.767343,0.640634,0.0278013,0.179057,-0.172438,-0.968609,-0.61573,0.748233,-0.247029,100.094,10.3148,38.7442,0.58049,0.739393,0.27715,-0.198788
159,0,-0.335221,-0.40048,1.47514,-nan,-nan,-nan,0.733084,0.679662,0.0254508,0.172448,-0.149544,-0.973601,-0.657914,0.71812,-0.226835,98.7323,9.93017,41.9067,0.582388,0.726199,0.293346,-0.21773
167,0,-0.331839,-0.403781,1.48841,-nan,-nan,-nan,0.697665,0.716077,0.0222925,0.168573,-0.133837,-0.976561,-0.696309,0.68507,-0.214084,97.8037,9.70486,44.9443,0.580892,0.71512,0.309266,-0.235631
176,0,-0.333298,-0.405428,1.49485,-nan,-nan,-nan,0.676138,0.736298,0.026517,0.18981,-0.139299,-0.971889,-0.711906,0.662164,-0.233942,98.1566,10.9417,46.4761,0.570722,0.715783,0.32346,-0.239384
184,0,-0.334639,-0.395465,1.49732,-nan,-nan,-nan,0.597925,0.801517,0.00751032,0.222082,-0.156654,-0.962361,-0.770172,0.577088,-0.271669,99.2455,12.8313,52.1759,0.540741,0.711732,0.359545,-0.267889
193,0,-0.33516,-0.378781,1.50022,-nan,-nan,-nan,0.510775,0.859641,0.0111847,0.2525,-0.137567,-0.957768,-0.821798,0.492028,-0.287325,98.1737,14.6255,58.1376,0.521029,0.695641,0.399682,-0.291319
201,1,-0.334659,-0.371285,1.50786,-nan,-nan,-nan,0.486749,0.872719,0.0378991,0.255761,-0.100895,-0.961461,-0.835262,0.477683,-0.272318,95.9906,14.8187,59.7685,0.527621,0.681902,0.413725,-0.29233
210,0,-0.331566,-0.363958,1.51624,-nan,-nan,-nan,0.48783,0.871651,0.0474048,0.247346,-0.0859427,-0.965108,-0.837163,0.482534,-0.257525,95.0888,14.3205,59.7699,0.534874,0.676627,0.413447,-0.2918
218,0,-0.333641,-0.366832,1.52061,-nan,-nan,-nan,0.451032,0.891814,0.0352001,0.21924,-0.0724761,-0.972975,-0.865162,0.44656,-0.22821,94.26,12.6644,62.4658,0.536271,0.661762,0.419733,-0.313542
227,0,-0.332747,-0.366914,1.52624,-nan,-nan,-nan,0.437095,0.899012,0.0269441,0.197028,-0.0664783,-0.978141,-0.87757,0.432849,-0.206188,93.8881,11.3632,63.5233,0.539543,0.653789,0.419111,-0.325268
234,0,-0.335731,-0.371194,1.52158,-nan,-nan,-nan,0.337207,0.941177,0.0218305,0.211168,-0.0530192,-0.976011,-0.917442,0.333728,-0.216625,93.1094,12.1908,69.819,0.516615,0.633808,0.454532,-0.353266
242,0,-0.340906,-0.374493,1.53177,-nan,-nan,-nan,0.282769,0.959173,-0.00546521,0.231467,-0.0737648,-0.970042,-0.930841,0.273032,-0.242876,94.3486,13.3835,73.1024,0.491459,0.632339,0.470729,-0.370176
251,0,-0.344156,-0.3797,1.55411,-nan,-nan,-nan,0.0788379,0.989075,-0.124558,0.250757,-0.140605,-0.957785,-0.964834,0.0442761,-0.259102,98.3515,14.5223,85.3287,0.412047,0.607977,0.509819,-0.447958
259,0,-0.347534,-0.383709,1.57201,-nan,-nan,-nan,0.0486131,0.981842,-0.183364,0.261593,-0.189689,-0.946355,-0.963953,-0.00196167,-0.266065,101.334,15.1646,87.113,0.384987,0.613263,0.506893,-0.46771
268,0,-0.354128,-0.388551,1.59273,-nan,-nan,-nan,-0.0263889,0.981236,-0.190997,0.234929,-0.179625,-0.955271,-0.971654,-0.0700794,-0.225781,100.649,13.5875,91.5557,0.376897,0.587158,0.517819,-0.495034
277,0,-0.358715,-0.39162,1.61101,-nan,-nan,-nan,-0.028673,0.989264,-0.143297,0.272691,-0.130177,-0.953254,-0.961674,-0.0664085,-0.266031,97.7763,15.8245,91.7078,0.379183,0.584708,0.539566,-0.472446
285,0,-0.36291,-0.394563,1.62761,-nan,-nan,-nan,-0.0231129,0.99159,-0.127339,0.281823,-0.115744,-0.952459,-0.959188,-0.0579011,-0.276778,96.9287,16.3691,91.3803,0.382219,0.585109,0.544092,-0.464241
294,0,-0.357771,-0.39306,1.62773,-nan,-nan,-nan,-0.0262613,0.999054,0.0346737,0.251741,0.0401772,-0.96696,-0.967438,-0.0166648,-0.252558,87.6207,14.5806,91.5549,0.436279,0.544546,0.574238,-0.428231
303,0,-0.359756,-0.395249,1.63545,-nan,-nan,-nan,-0.0278253,0.997479,0.0652753,0.240812,0.0700663,-0.968039,-0.970173,-0.011217,-0.242154,85.8602,13.9345,91.6428,0.447238,0.534851,0.578802,-0.422967
312,0,-0.362075,-0.396509,1.64198,-nan,-nan,-nan,-0.0286024,0.997557,0.0637361,0.237511,0.0687185,-0.968951,-0.970964,-0.0125763,-0.238896,85.9433,13.7397,91.6873,0.447554,0.534223,0.577974,-0.424555
320,0,-0.363347,-0.397863,1.64836,-nan,-nan,-nan,-0.0301852,0.998413,0.0475441,0.23257,0.0532757,-0.97112,-0.972111,-0.0182561,-0.233809,86.8599,13.4484,91.7785,0.444208,0.536271,0.573862,-0.431017
329,0,-0.364455,-0.399426,1.6543,-nan,-nan,-nan,-0.0413949,0.998421,0.0379739,0.226318,0.0463883,-0.972948,-0.973174,-0.0316809,-0.227881,87.2703,13.0804,92.4357,0.44077,0.533877,0.573512,-0.437929
337,0,-0.366049,-0.40063,1.66083,-nan,-nan,-nan,-0.0454716,0.998389,0.0339335,0.221239,0.0431897,-0.974263,-0.974159,-0.0367939,-0.222846,87.4617,12.7818,92.6725,0.440134,0.532491,0.572605,-0.441428
345,0,-0.367243,-0.402406,1.66881,-nan,-nan,-nan,-0.032615,0.999058,0.0286194,0.214575,0.0349661,-0.976081,-0.976163,-0.0256939,-0.215514,87.9484,12.3906,91.9136,0.443519,0.535708,0.566369,-0.442192
354,0,-0.377436,-0.409515,1.69368,-nan,-nan,-nan,0.136858,0.989354,0.0494801,0.196995,0.0217699,-0.980163,-0.970805,0.143891,-0.191918,88.7276,11.3613,81.9757,0.491607,0.571622,0.518852,-0.402943
363,0,-0.383805,-0.411114,1.70316,-nan,-nan,-nan,0.129866,0.991064,0.030461,0.195902,0.00446941,-0.980613,-0.971986,0.133316,-0.19357,89.7389,11.2974,82.3898,0.484965,0.574231,0.516762,-0.409907
371,0,-0.398034,-0.409188,1.71136,-nan,-nan,-nan,0.134561,0.990378,0.0323321,0.249158,-0.00223619,-0.96846,-0.959069,0.138373,-0.247061,90.1323,14.4277,82.0133,0.470442,0.588188,0.526845,-0.393895
379,0,-0.413794,-0.407206,1.72219,-nan,-nan,-nan,0.15518,0.987806,0.0126264,0.272657,-0.0305414,-0.961626,-0.949514,0.152668,-0.274072,91.8191,15.8224,80.7182,0.461131,0.604109,0.52162,-0.387714
388,0,-0.434463,-0.405871,1.72683,-nan,-nan,-nan,0.13832,0.990357,-0.00785039,0.320942,-0.052321,-0.945652,-0.936944,0.128283,-0.325084,93.1668,18.7199,81.6022,0.436152,0.615574,0.532551,-0.383705
396,0,-0.457238,-0.407296,1.7225,-nan,-nan,-nan,0.112792,0.993274,0.0261632,0.352619,-0.0153966,-0.93564,-0.928945,0.114758,-0.351984,90.9428,20.6476,83.0771,0.431686,0.608312,0.553126,-0.371019
405,0,-0.464689,-0.406411,1.71809,-nan,-nan,-nan,0.170551,0.97447,-0.146018,0.347501,-0.198152,-0.916504,-0.922039,0.10557,-0.372424,102.2,20.3345,79.5203,0.38729,0.659759,0.500929,-0.404715
414,0,-0.46747,-0.4029,1.71544,-nan,-nan,-nan,0.188054,0.963262,-0.191732,0.314971,-0.244052,-0.917187,-0.930284,0.112091,-0.349294,104.9,18.359,78.5718,0.385587,0.667346,0.47885,-0.420328
422,0,-0.463948,-0.40187,1.71731,-nan,-nan,-nan,0.210363,0.954013,-0.213556,0.29551,-0.270278,-0.91631,-0.931891,0.12965,-0.338777,106.434,17.1881,77.2794,0.38772,0.674429,0.463178,-0.424599
430,0,-0.459785,-0.402154,1.71978,-nan,-nan,-nan,0.235425,0.948712,-0.210998,0.249383,-0.2688,-0.930352,-0.939353,0.166409,-0.299875,106.115,14.441,75.9301,0.408274,0.671584,0.445996,-0.428223
439,0,-0.460312,-0.40229,1.71908,-nan,-nan,-nan,0.26545,0.949017,-0.170009,0.251989,-0.238498,-0.937881,-0.930612,0.206121,-0.302451,104.268,14.5952,74.0796,0.425588,0.672012,0.446795,-0.40945
447,0,-0.459324,-0.401324,1.71959,-nan,-nan,-nan,0.267849,0.956908,-0.112177,0.255168,-0.182729,-0.949473,-0.929057,0.225691,-0.293116,100.894,14.7835,73.9176,0.444973,0.660245,0.458949,-0.39426
456,0,-0.459182,-0.401365,1.72003,-nan,-nan,-nan,0.299765,0.953713,-0.0239283,0.29101,-0.115297,-0.949747,-0.908545,0.277737,-0.312102,96.9217,16.9184,71.7402,0.467003,0.657108,0.473561,-0.354764
464,0,-0.460582,-0.401362,1.71976,-nan,-nan,-nan,0.322885,0.946197,0.0213522,0.307404,-0.0835092,-0.947908,-0.895125,0.312629,-0.317829,95.0347,17.9029,70.1649,0.479986,0.656548,0.477346,-0.332714
473,0,-0.463439,-0.400322,1.71665,-nan,-nan,-nan,0.314749,0.948835,0.0253971,0.307917,-0.0767593,-0.948312,-0.897842,0.3063,-0.316322,94.6276,17.9337,70.6813,0.480017,0.65342,0.480836,-0.3338
481,0,-0.46473,-0.401546,1.71627,-nan,-nan,-nan,0.307397,0.950142,0.0523079,0.333344,-0.056034,-0.941139,-0.891285,0.30674,-0.333949,93.4073,19.4719,70.9711,0.478909,0.651418,