105,0,-0.333999,-0.395206,1.45185,-nan,-nan,-nan,0.835817,0.548781,0.0158242,0.179031,-0.245197,-0.952799,-0.518998,0.799198,-0.303188,104.432,10.3133,31.8381,0.567325,0.772043,0.235677,-0.162936
112,0,-0.337145,-0.394407,1.46564,-nan,-nan,-nan,0.8595,0.507875,0.0576424,0.246908,-0.313796,-0.916825,-0.447545,0.802243,-0.395107,108.894,14.2946,27.5062,0.536329,0.801312,0.235484,-0.121645
120,0,-0.338583,-0.396209,1.47181,-nan,-nan,-nan,0.875815,0.477897,0.0675452,0.257472,-0.344241,-0.902888,-0.408235,0.808154,-0.424537,110.87,14.9201,24.9912,0.526079,0.81311,0.226097,-0.104749
128,0,-0.340235,-0.397394,1.47554,-nan,-nan,-nan,0.886249,0.457436,0.0729108,0.252024,-0.344115,-0.904472,-0.388648,0.819962,-0.420256,110.83,14.5973,23.679,0.529594,0.814036,0.217883,-0.0969665
136,0,-0.339947,-0.398079,1.47202,-nan,-nan,-nan,0.888916,0.448381,0.0937224,0.269853,-0.347259,-0.898104,-0.370147,0.82363,-0.429681,111.139,15.6555,22.607,0.527251,0.816372,0.219947,-0.0846501
143,0,-0.337626,-0.398013,1.46027,-nan,-nan,-nan,0.900875,0.414675,0.12833,0.312107,-0.413319,-0.855428,-0.301683,0.810686,-0.501771,115.789,18.1863,18.5146,0.496434,0.839042,0.216551,-0.0516523
151,0,-0.337021,-0.397691,1.45868,-nan,-nan,-nan,0.912892,0.387693,0.127762,0.301824,-0.430354,-0.850705,-0.274829,0.815163,-0.509881,116.834,17.5672,16.7546,0.493117,0.84456,0.204105,-0.0435339
158,0,-0.336172,-0.397023,1.45622,-nan,-nan,-nan,0.923503,0.365456,0.116549,0.277615,-0.427095,-0.860535,-0.26471,0.827062,-0.49588,116.396,16.1179,15.9942,0.500132,0.843575,0.190579,-0.0439088
166,0,-0.335836,-0.396655,1.45489,-nan,-nan,-nan,0.946466,0.305508,0.104249,0.232012,-0.41927,-0.877715,-0.224441,0.854914,-0.467706,115.533,13.4155,13.3404,0.514658,0.841641,0.159664,-0.0357016
173,0,-0.334884,-0.395592,1.45048,-nan,-nan,-nan,0.960881,0.259463,0.0968879,0.202981,-0.421714,-0.883717,-0.188433,0.868813,-0.457883,115.511,11.7113,11.0951,0.519924,0.842686,0.137193,-0.0271586
180,0,-0.335946,-0.398132,1.45458,-nan,-nan,-nan,0.973123,0.216951,0.077225,0.171113,-0.456782,-0.872967,-0.154116,0.862718,-0.481628,117.621,9.85255,8.99935,0.508604,0.853161,0.113714,-0.0225313
187,0,-0.335964,-0.395556,1.44851,-nan,-nan,-nan,0.977126,0.206822,0.0494958,0.141125,-0.456514,-0.878453,-0.159088,0.865344,-0.475259,117.46,8.11295,9.24732,0.511213,0.852775,0.102004,-0.0321281
195,0,-0.335329,-0.393931,1.44285,-nan,-nan,-nan,0.978895,0.203104,0.0226744,0.114192,-0.451581,-0.884893,-0.169486,0.868806,-0.465243,117.036,6.55703,9.82279,0.515284,0.850841,0.0932301,-0.0431371
202,0,-0.332844,-0.390129,1.43129,-nan,-nan,-nan,0.961344,0.275322,0.00398748,0.126419,-0.42846,-0.894673,-0.244615,0.860593,-0.446703,115.59,7.26271,14.276,0.5211,0.842097,0.119268,-0.0714371
210,0,-0.329173,-0.386265,1.41661,-nan,-nan,-nan,0.92342,0.383732,0.00674444,0.170938,-0.395487,-0.902425,-0.343621,0.83447,-0.430795,113.665,9.84233,20.4112,0.523722,0.829111,0.167248,-0.101578
218,0,-0.327714,-0.383841,1.40765,-nan,-nan,-nan,0.902276,0.430236,0.0281995,0.202075,-0.364196,-0.909135,-0.380872,0.825989,-0.415545,111.831,11.6583,22.8858,0.529749,0.818843,0.19305,-0.107674
224,0,-0.326697,-0.378725,1.39354,-nan,-nan,-nan,0.860993,0.501028,0.0875273,0.265441,-0.295844,-0.917615,-0.433857,0.813294,-0.387713,107.87,15.3931,26.7436,0.542549,0.797582,0.240248,-0.108556
231,0,-0.325473,-0.376048,1.38389,-nan,-nan,-nan,0.851546,0.511018,0.117174,0.288185,-0.269534,-0.918858,-0.437971,0.816218,-0.376788,106.348,16.7493,27.2179,0.548914,0.790232,0.252838,-0.101488
238,0,-0.325454,-0.360622,1.36325,-nan,-nan,-nan,0.828854,0.532176,0.172598,0.316209,-0.191113,-0.92924,-0.461533,0.824782,-0.326684,101.622,18.4338,29.1105,0.572507,0.765939,0.27691,-0.0943075
244,0,-0.323737,-0.351144,1.35897,-nan,-nan,-nan,0.827003,0.526806,0.196319,0.324606,-0.162331,-0.931815,-0.459017,0.834341,-0.305252,99.8823,18.9417,29.0319,0.582971,0.757395,0.281033,-0.0867112
252,0,-0.323488,-0.34184,1.36011,-nan,-nan,-nan,0.81943,0.538645,0.195946,0.334429,-0.171666,-0.926654,-0.465501,0.824859,-0.320807,100.495,19.5378,29.6,0.575968,0.760247,0.287102,-0.0886404
259,0,-0.317764,-0.345557,1.35883,-nan,-nan,-nan,0.771935,0.621721,0.132588,0.340054,-0.227626,-0.912442,-0.537104,0.749432,-0.387131,104.008,19.8802,34.8298,0.537861,0.772446,0.311276,-0.13092
268,0,-0.315513,-0.346501,1.35651,-nan,-nan,-nan,0.757864,0.644507,0.101255,0.336492,-0.253179,-0.907013,-0.558941,0.721465,-0.408747,105.596,19.6633,36.4096,0.523435,0.777784,0.315319,-0.147112
275,0,-0.314811,-0.3473,1.35494,-nan,-nan,-nan,0.746073,0.65957,0.0913381,0.345974,-0.266783,-0.899516,-0.568926,0.702706,-0.427233,106.52,20.2413,37.3277,0.512849,0.781039,0.321861,-0.152869
282,0,-0.314551,-0.34826,1.35325,-nan,-nan,-nan,0.740087,0.661803,0.11953,0.37119,-0.253773,-0.893206,-0.560793,0.705419,-0.433468,105.861,21.789,37.1527,0.513041,0.778994,0.331515,-0.141613
289,0,-0.312968,-0.348754,1.35164,-nan,-nan,-nan,0.719916,0.680275,0.137645,0.396216,-0.239985,-0.886239,-0.569854,0.692555,-0.442305,105.152,23.3419,38.3636,0.50932,0.774953,0.347277,-0.139431
297,0,-0.312533,-0.349891,1.35122,-nan,-nan,-nan,0.702042,0.699536,0.133364,0.414255,-0.248831,-0.875486,-0.579249,0.669875,-0.464477,105.866,24.4724,39.5257,0.497176,0.77707,0.35833,-0.143451
304,0,-0.312971,-0.348161,1.35171,-nan,-nan,-nan,0.700573,0.703133,0.121661,0.39198,-0.236732,-0.888994,-0.59628,0.670494,-0.441462,104.911,23.0777,40.4022,0.505564,0.771163,0.35502,-0.153865
311,0,-0.312797,-0.348403,1.35166,-nan,-nan,-nan,0.693716,0.710125,0.120334,0.400314,-0.241258,-0.884049,-0.598754,0.661451,-0.451638,105.264,23.5978,40.7978,0.500205,0.772433,0.359396,-0.154842
318,0,-0.312453,-0.349598,1.35108,-nan,-nan,-nan,0.691237,0.708869,0.14034,0.41824,-0.23408,-0.877657,-0.589293,0.665365,-0.458282,104.934,24.7235,40.4483,0.499719,0.771946,0.365022,-0.145397
325,0,-0.31273,-0.349996,1.35097,-nan,-nan,-nan,0.684675,0.71369,0.147873,0.427935,-0.229405,-0.874211,-0.589993,0.66183,-0.462481,104.704,25.3366,40.7519,0.498194,0.770805,0.370271,-0.143396
333,0,-0.312591,-0.350112,1.35136,-nan,-nan,-nan,0.684438,0.713,0.152235,0.433178,-0.229742,-0.871536,-0.586431,0.662457,-0.4661,104.768,25.6694,40.5902,0.497141,0.771408,0.371457,-0.140716
341,0,-0.312505,-0.350141,1.35078,-nan,-nan,-nan,0.68579,0.710984,0.155544,0.438143,-0.232663,-0.868273,-0.581139,0.663604,-0.471071,105.001,25.9855,40.2779,0.495494,0.772904,0.371691,-0.137661
348,0,-0.312486,-0.350949,1.35095,-nan,-nan,-nan,0.70303,0.694765,0.151822,0.432238,-0.247919,-0.86701,-0.564729,0.675157,-0.474599,105.958,25.6097,38.7742,0.495104,0.778708,0.361818,-0.132561
356,0,-0.31238,-0.351593,1.35023,-nan,-nan,-nan,0.714264,0.682917,0.153137,0.429894,-0.255437,-0.865993,-0.552284,0.68438,-0.476031,106.434,25.4608,37.712,0.49568,0.781942,0.355784,-0.127614
363,0,-0.312415,-0.351631,1.34987,-nan,-nan,-nan,0.725855,0.669922,0.15601,0.427959,-0.262273,-0.864907,-0.538503,0.694562,-0.477072,106.869,25.3381,36.5713,0.496616,0.785048,0.349623,-0.121806
371,0,-0.313237,-0.350419,1.35109,-nan,-nan,-nan,0.730306,0.663384,0.163016,0.426427,-0.256281,-0.867456,-0.533679,0.703023,-0.470049,106.459,25.241,36.1579,0.500993,0.783683,0.347657,-0.118244
379,0,-0.312514,-0.349527,1.35064,-nan,-nan,-nan,0.73506,0.660464,0.153209,0.40484,-0.246292,-0.880593,-0.543866,0.709315,-0.448422,105.626,23.8811,36.4975,0.509987,0.779387,0.341712,-0.125309
387,0,-0.312333,-0.349334,1.35086,-nan,-nan,-nan,0.734145,0.664709,0.138543,0.395252,-0.252458,-0.883199,-0.552094,0.703155,-0.448068,105.952,23.2817,36.944,0.508335,0.780171,0.339656,-0.132519
395,0,-0.312039,-0.34913,1.34954,-nan,-nan,-nan,0.730454,0.669461,0.135127,0.397211,-0.255484,-0.881448,-0.555572,0.697531,-0.452537,106.164,23.4039,37.2561,0.505577,0.780781,0.34154,-0.134623
403,0,-0.311608,-0.349362,1.34834,-nan,-nan,-nan,0.740426,0.655943,0.146656,0.405595,-0.262048,-0.875685,-0.535969,0.707863,-0.460074,106.66,23.9284,35.8995,0.504555,0.784625,0.338231,-0.124044
410,0,-0.31232,-0.349943,1.35005,-nan,-nan,-nan,0.744328,0.649118,0.156913,0.412321,-0.261865,-0.872593,-0.525326,0.714193,-0.462559,106.704,24.3507,35.2134,0.504952,0.785613,0.337774,-0.117238
418,0,-0.312451,-0.350407,1.35109,-nan,-nan