102,0,-0.336912,-0.387041,1.45849,-nan,-nan,-nan,0.828618,0.559748,0.00858663,0.174037,-0.242995,-0.954288,-0.532074,0.792234,-0.298767,104.286,10.0226,32.7054,0.567199,0.769802,0.238303,-0.170007
110,0,-0.336584,-0.386742,1.46071,-nan,-nan,-nan,0.828792,0.55932,0.0162773,0.155493,-0.202268,-0.966907,-0.537518,0.803896,-0.254609,101.815,8.94539,32.9657,0.585644,0.755921,0.236405,-0.172386
117,0,-0.337994,-0.388329,1.46614,-nan,-nan,-nan,0.828999,0.558711,0.024544,0.158965,-0.193337,-0.968169,-0.536181,0.806513,-0.249091,101.293,9.14682,32.894,0.588764,0.753563,0.238094,-0.169739
125,0,-0.339663,-0.389994,1.47293,-nan,-nan,-nan,0.823625,0.566479,0.0272537,0.159129,-0.184704,-0.969826,-0.544352,0.80311,-0.24227,100.783,9.15633,33.4616,0.5909,0.7501,0.241837,-0.172343
133,0,-0.340192,-0.392581,1.48203,-nan,-nan,-nan,0.804049,0.593353,0.0379137,0.175155,-0.175448,-0.968782,-0.568178,0.785589,-0.244998,100.265,10.0877,35.2468,0.588133,0.745737,0.257634,-0.177765
141,0,-0.337013,-0.394717,1.48916,-nan,-nan,-nan,0.777651,0.627034,0.045679,0.201307,-0.179512,-0.962939,-0.595596,0.758026,-0.265824,100.56,11.6134,37.4482,0.57713,0.745484,0.277786,-0.184416
148,0,-0.324959,-0.396333,1.49113,-nan,-nan,-nan,0.700976,0.711891,0.0429413,0.238987,-0.17774,-0.954617,-0.671951,0.679426,-0.294725,100.547,13.8268,43.7889,0.554191,0.73713,0.322494,-0.213331
156,0,-0.315381,-0.397831,1.49633,-nan,-nan,-nan,0.680994,0.731598,0.0317885,0.227818,-0.170405,-0.958677,-0.69595,0.660096,-0.282716,100.079,13.1686,45.6223,0.554047,0.73043,0.328374,-0.227318
163,0,-0.305693,-0.399112,1.50257,-nan,-nan,-nan,0.666065,0.745344,0.0286097,0.218,-0.157844,-0.9631,-0.713325,0.647724,-0.267619,99.3076,12.5916,46.9623,0.556912,0.723106,0.333058,-0.236727
171,0,-0.295702,-0.400505,1.51081,-nan,-nan,-nan,0.654006,0.755873,0.0305429,0.211307,-0.143764,-0.966789,-0.726378,0.63874,-0.253744,98.4581,12.199,48.0012,0.560468,0.716155,0.337629,-0.242907
179,0,-0.271119,-0.404142,1.52407,-nan,-nan,-nan,0.588354,0.806665,0.0559604,0.265642,-0.127457,-0.955609,-0.763723,0.577102,-0.289274,97.5972,15.4051,52.3902,0.541208,0.708005,0.378637,-0.249914
187,0,-0.24955,-0.405812,1.52899,-nan,-nan,-nan,0.585726,0.809388,0.0426009,0.240035,-0.123022,-0.962938,-0.77415,0.574244,-0.266339,97.2805,13.8886,52.8886,0.546892,0.702689,0.37336,-0.260268
195,0,-0.234571,-0.404807,1.54874,-nan,-nan,-nan,0.500082,0.86518,0.0371672,0.251204,-0.103857,-0.962346,-0.828743,0.490588,-0.269274,96.1596,14.5488,58.8923,0.53079,0.684327,0.40784,-0.28918
203,0,-0.21482,-0.403184,1.55839,-nan,-nan,-nan,0.473212,0.880284,0.0342225,0.238339,-0.0905313,-0.966953,-0.848095,0.465731,-0.252646,95.3487,13.7885,60.8398,0.531515,0.673868,0.415001,-0.301941
210,0,-0.199093,-0.401346,1.57222,-nan,-nan,-nan,0.453097,0.890763,0.0352806,0.240686,-0.0841299,-0.96695,-0.858355,0.446614,-0.252513,94.9725,13.9271,62.1719,0.528312,0.668906,0.422873,-0.30762
218,0,-0.195249,-0.402271,1.58026,-nan,-nan,-nan,0.421252,0.90692,-0.00645944,0.212595,-0.105666,-0.97141,-0.881674,0.407836,-0.237319,96.208,12.2745,64.4621,0.519198,0.664123,0.421426,-0.334326
225,0,-0.185601,-0.404496,1.58781,-nan,-nan,-nan,0.403671,0.914884,-0.00611382,0.214116,-0.100966,-0.971576,-0.889496,0.390888,-0.236648,95.9329,12.3637,65.5905,0.51625,0.659789,0.427788,-0.339355
233,0,-0.175954,-0.406593,1.59513,-nan,-nan,-nan,0.378553,0.925516,0.0108112,0.229846,-0.0826839,-0.969708,-0.896587,0.369571,-0.244027,94.8736,13.288,67.1098,0.512797,0.652929,0.442377,-0.339155
240,0,-0.175215,-0.407819,1.59715,-nan,-nan,-nan,0.324456,0.945716,0.0187251,0.248439,-0.0660999,-0.96639,-0.912692,0.318203,-0.256399,93.9129,14.3852,70.43,0.500489,0.641669,0.465254,-0.348298
248,0,-0.176371,-0.408649,1.60244,-nan,-nan,-nan,0.27483,0.961492,0.00161877,0.235226,-0.0656036,-0.969724,-0.932275,0.26689,-0.244198,93.8703,13.6049,73.5748,0.491179,0.629411,0.475333,-0.369654
255,0,-0.176704,-0.409903,1.60694,-nan,-nan,-nan,0.2319,0.97272,0.00617615,0.24218,-0.0515849,-0.968859,-0.94211,0.226174,-0.247536,93.0477,14.0152,76.1716,0.482902,0.618672,0.490931,-0.378203
263,0,-0.177359,-0.410306,1.61033,-nan,-nan,-nan,0.203361,0.979041,0.0110582,0.246293,-0.040221,-0.968361,-0.94762,0.19965,-0.24931,92.3784,14.2582,77.8879,0.477972,0.61092,0.50143,-0.383259
271,0,-0.182665,-0.413127,1.6195,-nan,-nan,-nan,0.21988,0.975355,0.0183417,0.26014,-0.040503,-0.964721,-0.940202,0.216894,-0.262634,92.4041,15.0784,76.8371,0.478733,0.617053,0.500563,-0.373493
278,0,-0.194883,-0.416209,1.62779,-nan,-nan,-nan,0.267589,0.963216,0.0246997,0.276473,-0.0521993,-0.959603,-0.923016,0.263609,-0.280271,93.1136,16.0498,73.8327,0.483508,0.632467,0.490021,-0.355084
286,0,-0.19228,-0.417015,1.63287,-nan,-nan,-nan,0.248563,0.968532,0.0127683,0.247162,-0.0506747,-0.967648,-0.936551,0.243677,-0.25198,92.9978,14.3096,75.1362,0.486289,0.622739,0.488043,-0.370854
294,0,-0.191458,-0.417639,1.63792,-nan,-nan,-nan,0.237174,0.971388,0.0124398,0.234731,-0.0448769,-0.971024,-0.942682,0.233222,-0.238659,92.6461,13.5758,75.8778,0.488272,0.616585,0.489032,-0.377175
302,0,-0.179776,-0.417738,1.63522,-nan,-nan,-nan,0.240959,0.970238,0.0240034,0.25638,-0.0397795,-0.965757,-0.93606,0.238862,-0.258335,92.3587,14.8554,75.5644,0.485501,0.620297,0.494367,-0.367589
309,0,-0.167402,-0.417257,1.63285,-nan,-nan,-nan,0.258671,0.965778,0.019027,0.265318,-0.0520946,-0.962753,-0.928814,0.254085,-0.269714,93.0973,15.3858,74.4377,0.483958,0.628586,0.489629,-0.361839
317,0,-0.162772,-0.417306,1.63619,-nan,-nan,-nan,0.252578,0.967498,0.0123558,0.258371,-0.055134,-0.964471,-0.932442,0.246796,-0.263899,93.2718,14.9734,74.8436,0.483101,0.62682,0.488924,-0.366966
325,0,-0.16336,-0.416956,1.64247,-nan,-nan,-nan,0.227695,0.973658,0.0120097,0.248149,-0.0460958,-0.967624,-0.941582,0.223304,-0.252109,92.7274,14.368,76.4056,0.482051,0.617637,0.49455,-0.376262
332,0,-0.123828,-0.415573,1.62889,-nan,-nan,-nan,0.296646,0.954979,0.0040308,0.237574,-0.0697086,-0.968865,-0.924965,0.288368,-0.247557,94.1153,13.7434,72.2184,0.494818,0.635199,0.469362,-0.362459
340,0,-0.112746,-0.417525,1.637,-nan,-nan,-nan,0.325509,0.945519,0.00609527,0.225653,-0.0714213,-0.971586,-0.918218,0.317636,-0.236608,94.2042,13.0413,70.4805,0.504351,0.63905,0.45817,-0.356828
347,0,-0.102166,-0.418237,1.63998,-nan,-nan,-nan,0.31739,0.948278,0.00571463,0.229331,-0.0709075,-0.970762,-0.920147,0.309421,-0.239975,94.1776,13.2577,70.9689,0.501624,0.638019,0.461432,-0.358309
355,0,-0.0910541,-0.420432,1.64786,-nan,-nan,-nan,0.318858,0.947795,0.00388638,0.23278,-0.0743357,-0.969684,-0.918773,0.310096,-0.24433,94.3837,13.4608,70.8608,0.500048,0.639829,0.461285,-0.357473
362,0,-0.0825296,-0.431172,1.65377,-nan,-nan,-nan,0.266321,0.963713,0.0181935,0.236515,-0.0470393,-0.970488,-0.934416,0.262764,-0.24046,92.7749,13.6809,74.0918,0.494677,0.623262,0.48143,-0.367511
369,0,-0.0700668,-0.440502,1.65966,-nan,-nan,-nan,0.307097,0.951341,0.0253244,0.247662,-0.0541965,-0.967329,-0.918888,0.303336,-0.252255,93.2068,14.3392,71.5201,0.500162,0.635128,0.471954,-0.351726
377,0,-0.0581535,-0.456231,1.6555,0.441277,0.0503077,0.985668,0.264667,0.964235,0.0141899,0.253492,-0.0553672,-0.965752,-0.930426,0.2592,-0.25908,93.2812,14.6843,74.1212,0.487396,0.628314,0.484522,-0.364561
384,0,-0.0553801,-0.469801,1.66262,0.441277,0.0503077,0.985668,0.325012,0.94561,0.0137462,0.26722,-0.077883,-0.960483,-0.907172,0.315842,-0.277999,94.6358,15.4989,70.2889,0.492222,0.648247,0.467735,-0.344555
391,0,-0.0556693,-0.476467,1.66678,0.441277,0.0503077,0.985668,0.324742,0.945796,-0.00355345,0.245776,-0.0880148,-0.965323,-0.913311,0.312607,-0.261036,95.2096,14.2277,70.4264,0.493885,0.646876,0.46051,-0.354343
398,0,-0.0577918,-0.482482,1.66315,0.441277,0.0503077,0.985668,0.230153,0.973145,-0.00417602,0.269706,-0.0679086,-0.960545,-0.935034,0.219946,-0.278092,94.044,15.6467,76.1719,0.470147,0.627725,0.494982,-0.374053
405,0,-0.057944,-0.483099,1.66556,0.441277,0.0503077,0.985668,0.196358,0.980504,-0.00739691,0.28073,-0.0634444,-0.957688,-0.939486,0.185973,-0.287715,93.7902,16.3038,78.1948,0.459674,0.621996,0.50693,-0.380582
413,0,-0.057384,-0.483519,1.66964,0.441277,0.0503077,0.985668,0.171739,0.985076,-0.0114059,0.282593,-0.0603521,-0.95734,-0.943741,0.161189,-0.28874,93.6072,16.415,79.6864,0.453499,0.61661,0.513967,-0.387257
419,0,-0.0574822,-0.485152,1.67601,0.441277,0.0503077,0.985668,0.144118,0.989523,-0.00861365,0.279998,-0.0491256,-0.958743,-0.949121,0.13576,-0.284145,92.9332,16.2601,81.366,0.450235,0.607739,0.522231,-0.393974
426,0,-0.0577967,-0.486966,1.68144,0.441277,0.0503077,0.985668,0.13399,0.990972,-0.00451561,0.277844,-0.0419407,-0.95971,-0.951236,0.127337,-0.280956,92.5023,16.1316,81.9821,0.450304,0.603508,0.525601,-0.395915
432,0,-0.0574103,-0.487221,1.6808,0.441277,0.0503077,0.985668,0.111041,0.993794,-0.00653993,0.272413,-0.0367652,-0.961478,-0.955752,0.104982,-0.274805,92.1898,15.8079,83.373,0.447066,0.596366,0.530801,-0.403398
439,0,-0.057584,-0.487616,1.68211,0.441277,0.0503077,0.985668,0.10783,0.99415,-0.00623102,0.283452,-0.0367508,-0.958282,-0.952905,0.101566,-0.285756,92.1963,16.4663,83.5439,0.443092,0.597984,0.534129,-0.400987
445,0,-0.0584162,-0.488161,1.68532,0.441277,0.0503077,0.985668,0.111285,0.993788,0.000277872,0.277497,-0.0308057,-0.960233,-0.95426,0.106937,-0.279201,91.8375,16.1109,83.3483,0.447571,0.59609,0.533177,-0.4001
453,0,-0.0581903,-0.488882,1.69192,0.441277,0.0503077,0.985668,0.153389,0.988124,-0.00910986,0.264676,-0.0499651,-0.963042,-0.95206,0.145309,-0.269197,92.97,15.3477,80.8475,0.45668,0.606744,0.516198,-0.396036
459,0,-0.0579337,-0.491552,1.69917,0.441277,0.0503077,0.985668,0.146349,0.989233,-0.00105447,0.278768,-0.042264,-0.959428,-0.949142,0.140117,-0.281951,92.5223,16.1867,81.2346,0.453358,0.606334,0.522814,-0.391779
466,0,-0.0592005,-0.494554,1.71121,0.441277,0.0503077,0.985668,0.11727,0.993009,-0.0134356,0.272835,-0.0452229,-0.960997,-0.954887,0.10903,-0.276231,92.6943,15.8331,82.9986,0.446042,0.599734,0.527669,-0.403647
473,0,-0.0639009,-0.504986,1.76266,0.441277,0.0503077,0.985668,-0.0242362,0.997495,-0.0664564,0.264931,-0.0576905,-0.96254,-0.963963,-0.0409347,-0.262869,93.43,15.3629,91.4402,0.404723,0.569281,0.554395,-0.452509
480,0,-0.0667367,-0.508379,1.77185,0.441277,0.0503077,0.985668,-0.0629181,0.998014,-0.00300691,0.248306,0.0127358,-0.968598,-0.966636,-0.061689,-0.248615,89.2467,14.3773,93.7241,0.418689,0.541517,0.575384,-0.447652
487,0,-0.067962,-0.511809,1.77758,0.441277,0.0503077,0.985668,-0.0702543,0.99727,0.0227493,0.264231,0.0405956,-0.963605,-0.961897,-0.0616863,-0.266362,87.5876,15.3213,94.1773,0.419517,0.537474,0.586773,-0.436834
494,0,-0.0681077,-0.515449,1.79243,0.441277,0.0503077,0.985668,-0.0256722,0.999042,0.0354377,0.307983,0.0416293,-0.950481,-0.951045,-0.0134868,-0.308757,87.4922,17.9377,91.5463,0.420476,0.557103,0.586528,-0.410879
502,0,-0.0684311,-0.518168,1.80493,0.441277,0.0503077,0.985668,0.0422098,0.998837,0.0233147,0.304341,0.00937244,-0.952517,-0.951628,0.0473012,-0.303591,89.4362,17.7185,87.4603,0.432432,0.57802,0.563639,-0.401505
509,0,-0.0687269,-0.52055,1.81532,0.441277,0.0503077,0.985668,0.104903,0.994457,0.00711341,0.288124,-0.023546,-0.957304,-0.95183,0.102474,-0.288997,91.409,16.7457,83.7107,0.445073,0.595283,0.538644,-0.396751
517,0,-0.0692343,-0.523091,1.8245,0.441277,0.0503077,0.985668,0.16213,0.986738,0.00792377,0.271129,-0.0368252,-0.961838,-0.94879,0.158092,-0.273504,92.1926,15.7315,80.3029,0.461465,0.606725,0.518302,-0.387683
524,0,-0.0695657,-0.525389,1.83454,0.441277,0.0503077,0.985668,0.194039,0.980986,0.00389478,0.266864,-0.0489642,-0.96249,-0.943998,0.1878,-0.27129,92.9123,15.4777,78.3847,0.467382,0.615283,0.507023,-0.38198
531,0,-0.0700834,-0.529088,1.84566,0.441277,0.0503077,0.985668,0.214048,0.976791,0.00792682,0.263525,-0.0499295,-0.963359,-0.940605,0.208294,-0.268096,92.9669,15.2793,77.1799,0.473292,0.618885,0.501029,-0.376758
538,0,-0.0702803,-0.532269,1.85511,0.441277,0.0503077,0.985668,0.208908,0.977879,0.0104984,0.264407,-0.0461445,-0.963306,-0.941513,0.204019,-0.268198,92.7425,15.3317,77.4896,0.472907,0.6171,0.503276,-0.377173
544,0,-0.0709452,-0.535277,1.86642,0.441277,0.0503077,0.985668,0.253918,0.966955,0.0228857,0.246932,-0.0419298,-0.968125,-0.935174,0.251476,-0.249419,92.4799,14.296,74.8093,0.490553,0.621544,0.488255,-0.366944
552,0,-0.0700502,-0.543666,1.86724,0.441277,0.0503077,0.985668,0.164024,0.985925,-0.0323594,0.257936,-0.0745281,-0.963283,-0.952137,0.149655,-0.26653,94.4241,14.9476,80.2256,0.453587,0.613409,0.506946,-0.40124
559,0,-0.070779,-0.523575,1.87972,0.441277,0.0503077,0.985668,0.336507,0.940196,-0.0528677,0.232751,-0.137442,-0.962776,-0.912464,0.311676,-0.265081,98.1244,13.4591,69.7565,0.483214,0.659362,0.444728,-0.36601
566,0,-0.0709943,-0.50497,1.89626,0.441277,0.0503077,0.985668,0.411894,0.910568,-0.034787,0.274934,-0.160581,-0.947958,-0.868766,0.380894,-0.316489,99.6145,15.9581,64.6337,0.483431,0.687198,0.431281,-0.328709
573,0,-0.0700709,-0.504024,1.90531,0.441277,0.0503077,0.985668,0.451471,0.892251,-0.00790447,0.238574,-0.129243,-0.962486,-0.8598,0.432649,-0.271217,97.648,13.8024,62.2966,0.512594,0.680428,0.415483,-0.318808
581,0,-0.0717201,-0.5069,1.91203,0.441277,0.0503077,0.985668,0.470086,0.88262,-0.000660778,0.228977,-0.122677,-0.965671,-0.852402,0.453797,-0.259768,97.2399,13.2368,61.124,0.52145,0.680539,0.408352,-0.313378
588,0,-0.0725485,-0.509075,1.9148,0.441277,0.0503077,0.985668,0.502517,0.864549,0.00565564,0.216264,-0.119364,-0.969011,-0.837082,0.488168,-0.246953,97.0224,12.4897,59.0228,0.532964,0.683527,0.395307,-0.304094
594,0,-0.0743517,-0.518512,1.92015,0.441277,0.0503077,0.985668,0.574367,0.818509,0.0120753,0.228224,-0.145949,-0.962607,-0.78614,0.555646,-0.270632,98.6214,13.1925,53.8475,0.538002,0.705505,0.370916,-0.274295
601,0,-0.0745783,-0.534177,1.92145,0.441277,0.0503077,0.985668,0.668228,0.7432,0.0335509,0.227364,-0.161073,-0.960396,-0.708362,0.649392,-0.27661,99.5207,13.142,46.67,0.55465,0.725588,0.334406,-0.232505
608,0,-0.0734642,-0.542388,1.92246,0.441277,0.0503077,0.985668,0.679502,0.733242,0.0251862,0.209398,-0.160922,-0.964498,-0.703157,0.660652,-0.262886,99.4723,12.0871,45.9802,0.560289,0.72514,0.324986,-0.233738
614,0,-0.0733991,-0.540083,1.9251,0.441277,0.0503077,0.985668,0.692255,0.721246,0.0242366,0.205765,-0.16508,-0.964577,-0.691697,0.67272,-0.262685,99.7117,11.8743,44.9769,0.562248,0.728014,0.318335,-0.229206
621,0,-0.0732982,-0.528307,1.93075,0.441277,0.0503077,0.985668,0.695242,0.718193,0.0289366,0.218625,-0.172945,-0.960361,-0.68472,0.67401,-0.277254,100.209,12.6283,44.5631,0.557908,0.732366,0.319791,-0.223858
627,0,-0.0758923,-0.537383,1.92832,0.441277,0.0503077,0.985668,0.669217,0.742402,0.0314302,0.228972,-0.165791,-0.959211,-0.706909,0.649116,-0.28094,99.8062,13.2366,46.569,0.55283,0.727315,0.333891,-0.232182
635,0,-0.0746933,-0.539943,1.92619,0.441277,0.0503077,0.985668,0.701482,0.711908,0.0333185,0.225067,-0.176928,-0.958145,-0.676216,0.67962,-0.284339,100.462,13.0068,43.9494,0.556825,0.735314,0.318563,-0.218579
641,0,-0.0731739,-0.541607,1.92649,0.441277,0.0503077,0.985668,0.742065,0.670213,0.0124196,0.197876,-0.201313,-0.959332,-0.640457,0.714344,-0.282006,101.851,11.4128,40.7966,0.560969,0.745886,0.290959,-0.2105
648,0,-0.0729015,-0.548674,1.92523,0.441277,0.0503077,0.985668,0.722177,0.691655,0.00863169,0.183866,-0.17992,-0.966345,-0.666824,0.699459,-0.257105,100.547,10.595,42.7179,0.566823,0.734711,0.297913,-0.223963
655,0,-0.0729058,-0.541166,1.93017,0.441277,0.0503077,0.985668,0.808002,0.589092,0.0101341,0.169836,-0.216409,-0.961417,-0.56417,0.778548,-0.274908,102.686,9.77829,34.9238,0.573734,0.758175,0.250248,-0.182687
663,0,-0.0731626,-0.542223,1.93368,0.441277,0.0503077,0.985668,0.789588,0.613512,0.0124006,0.173094,-0.203293,-0.963696,-0.588718,0.763069,-0.266713,101.912,9.96776,36.7083,0.574365,0.751597,0.261645,-0.191698
669,0,-0.0744897,-0.54006,1.94542,0.441277,0.0503077,0.985668,0.823824,0.566698,0.0129332,0.169331,-0.224258,-0.959706,-0.540963,0.792819,-0.280708,103.153,9.7489,33.2909,0.574208,0.763019,0.241157,-0.173007
676,0,-0.0737437,-0.543659,1.94238,0.441277,0.0503077,0.985668,0.755682,0.654936,0.00195197,0.180361,-0.205238,-0.96195,-0.629615,0.72728,-0.27322,102.044,10.3908,39.8002,0.565072,0.747352,0.279419,-0.209962
682,0,-0.0743874,-0.543871,1.94224,0.441277,0.0503077,0.985668,0.696304,0.717713,0.0070238,0.205192,-0.189675,-0.960166,-0.687792,0.670009,-0.27934,101.175,11.8407,44.6476,0.553915,0.735751,0.313593,-0.231317
689,0,-0.0738019,-0.542302,1.93647,0.441277,0.0503077,0.985668,0.564517,0.825203,0.0190056,0.243532,-0.14451,-0.959067,-0.788678,0.546038,-0.282542,98.5688,14.0951,54.4058,0.53326,0.705615,0.378654,-0.272696
695,0,-0.0732363,-0.541365,1.93279,0.441277,0.0503077,0.985668,0.515433,0.856694,0.0201303,0.253502,-0.129996,-0.95856,-0.818576,0.499176,-0.284177,97.7231,14.6848,57.8026,0.524704,0.694551,0.399609,-0.287396
703,0,-0.0734397,-0.541455,1.93437,0.441277,0.0503077,0.985668,0.506651,0.862073,0.0115864,0.253134,-0.135897,-0.957839,-0.824153,0.488223,-0.287072,98.0751,14.6631,58.4187,0.5205,0.694554,0.401411,-0.292478
709,0,-0.0814011,-0.560202,2.02363,0.441277,0.0503077,0.985668,0.932019,0.350948,-0.0904229,0.0103289,-0.275126,-0.961353,-0.362263,0.895065,-0.260047,105.97,0.591813,21.2404,0.590941,0.785365,0.115003,-0.1441
716,0,-0.082193,-0.561821,2.02663,0.441277,0.0503077,0.985668,0.926092,0.353856,-0.130916,-0.0342259,-0.266763,-0.963154,-0.375741,0.89645,-0.234936,105.481,-1.96138,22.0838,0.59674,0.779069,0.102568,-0.162584
722,0,-0.0799895,-0.56475,2.03,0.441277,0.0503077,0.985668,0.923945,0.351791,-0.15023,-0.0561032,-0.263862,-0.962927,-0.37839,0.89812,-0.224058,105.324,-3.21617,22.2709,0.599171,0.776509,0.0951979,-0.170191
730,0,-0.0801695,-0.578105,2.02306,0.441277,0.0503077,0.985668,0.917227,0.35823,-0.174261,-0.0556565,-0.317912,-0.946485,-0.394459,0.87784,-0.27166,108.567,-3.19053,23.2704,0.576119,0.791644,0.0955522,-0.179601
737,0,-0.0803684,-0.576141,2.03468,0.441277,0.0503077,0.985668,0.918451,0.340969,-0.200469,-0.087728,-0.3186,-0.943821,-0.385684,0.88444,-0.262706,108.653,-5.03291,22.7789,0.578175,0.790531,0.0800859,-0.185367
744,0,-0.084647,-0.577952,2.05718,0.441277,0.0503077,0.985668,0.895955,0.379686,-0.230441,-0.0998222,-0.333426,-0.937477,-0.432782,0.86294,-0.260833,109.579,-5.72893,25.7824,0.570459,0.789021,0.0886744,-0.210141
751,0,-0.0899364,-0.579765,2.0694,0.441277,0.0503077,0.985668,0.873233,0.401782,-0.275743,-0.125871,-0.360681,-0.924157,-0.470765,0.841713,-0.264386,111.32,-7.23106,28.3294,0.558607,0.7903,0.0872805,-0.236147
759,0,-0.0887728,-0.585521,2.07571,0.441277,0.0503077,0.985668,0.838343,0.447509,-0.311313,-0.129368,-0.391437,-0.911066,-0.52957,0.80406,-0.270265,113.251,-7.43308,32.28,0.542365,0.790577,0.100604,-0.265908
766,0,-0.0882176,-0.585478,2.08785,0.441277,0.0503077,0.985668,0.838037,0.443991,-0.317121,-0.135876,-0.393079,-0.90941,-0.528424,0.805208,-0.269087,113.376,-7.80927,32.2335,0.542188,0.790602,0.0974307,-0.267374
773,0,-0.0866765,-0.597275,2.11209,0.441277,0.0503077,0.985668,0.95501,0.287162,-0.0741231,0.0220233,-0.317909,-0.947866,-0.295755,0.903588,-0.30993,108.541,1.26195,17.2071,0.576015,0.803562,0.0961921,-0.115075
780,0,-0.0877249,-0.602397,2.12377,0.441277,0.0503077,0.985668,0.961194,0.275717,-0.00923247,0.0759033,-0.296489,-0.952015,-0.265225,0.914371,-0.305912,107.298,4.35313,15.4259,0.582836,0.800562,0.109804,-0.0857076
787,0,-0.0882612,-0.603202,2.13247,0.441277,0.0503077,0.985668,0.956272,0.292095,0.0149578,0.103743,-0.290935,-0.951102,-0.27346,0.911064,-0.308516,107.008,5.95477,15.9586,0.582413,0.799331,0.123803,-0.0808494
793,0,-0.0883579,-0.607421,2.14088,0.441277,0.0503077,0.985668,0.960604,0.277425,0.0165779,0.0986628,-0.284647,-0.953542,-0.259817,0.917612,-0.300805,106.621,5.66217,15.1348,0.586335,0.797818,0.117849,-0.0762202
801,0,-0.088908,-0.609992,2.14934,0.441277,0.0503077,0.985668,0.961065,0.275805,0.0168868,0.0962748,-0.276941,-0.956052,-0.259007,0.920454,-0.292712,106.155,5.5247,15.0829,0.589791,0.795412,0.116946,-0.0760991
808,0,-0.0886862,-0.606956,2.17288,0.441277,0.0503077,0.985668,0.999384,0.0319632,0.0145129,0.0228149,-0.277214,-0.960537,-0.0266787,0.960277,-0.277772,106.098,1.30731,1.52915,0.600916,0.79912,0.017137,-0.003806
815,0,-0.0897315,-0.604384,2.18432,0.441277,0.0503077,0.985668,0.997314,-0.0706839,0.0192231,-0.00275344,-0.298416,-0.954432,0.0731995,0.951815,-0.297809,107.363,-0.157761,-4.19779,0.591838,0.805223,-0.0228003,0.0286947
821,0,-0.0912252,-0.598234,2.19311,0.441277,0.0503077,0.985668,0.995567,-0.0917869,0.0205518,-0.00744328,-0.294692,-0.955563,0.0937646,0.951174,-0.294068,107.14,-0.426473,-5.38037,0.593044,0.803792,-0.0308631,0.0355553
829,0,-0.0912888,-0.605512,2.19675,0.441277,0.0503077,0.985668,0.985567,-0.168735,0.0136157,-0.0384383,-0.301393,-0.952725,0.164862,0.938451,-0.303529,107.555,-2.2029,-9.49629,0.587504,0.80475,-0.0643596,0.055445
836,0,-0.0910995,-0.609156,2.19707,0.441277,0.0503077,0.985668,0.976817,-0.213544,0.0151136,-0.0497477,-0.295094,-0.954172,0.208217,0.9313,-0.298876,107.185,-2.85151,-12.033,0.587973,0.801684,-0.0821058,0.0696444
842,0,-0.0915702,-0.613013,2.19915,0.441277,0.0503077,0.985668,0.968842,-0.246915,0.0194495,-0.0532234,-0.284241,-0.957274,0.241894,0.926412,-0.288527,106.538,-3.05092,-14.0186,0.590778,0.797121,-0.0941321,0.0819648
849,0,-0.0910182,-0.612615,2.20295,0.441277,0.0503077,0.985668,0.960293,-0.278862,0.00851929,-0.0692091,-0.267689,-0.961016,0.270271,0.922268,-0.27636,105.565,-3.96856,-15.7191,0.59503,0.791256,-0.109974,0.0880849
855,0,-0.0910729,-0.610613,2.20537,0.441277,0.0503077,0.985668,0.965473,-0.260375,0.00820347,-0.0625789,-0.262382,-0.962933,0.252876,0.929172,-0.269616,105.242,-3.58785,-14.6772,0.598639,0.790169,-0.102179,0.0826024
863,0,-0.0910649,-0.610575,2.20671,0.441277,0.0503077,0.985668,0.962901,-0.269855,0.000506491,-0.0704315,-0.253126,-0.964866,0.260502,0.929035,-0.262742,104.7,-4.03877,-15.1383,0.601463,0.787205,-0.108068,0.0828908
869,0,-0.0910977,-0.612001,2.2099,0.441277,0.0503077,0.985668,0.95923,-0.282615,0.00264237,-0.0668543,-0.235976,-0.969456,0.274606,0.929755,-0.245249,103.68,-3.83333,-15.9752,0.607866,0.781098,-0.111852,0.0887368
876,0,-0.0915092,-0.611931,2.21149,0.441277,0.0503077,0.985668,0.958412,-0.285384,-0.00173585,-0.0688963,-0.225465,-0.971812,0.276948,0.931516,-0.23575,103.062,-3.95059,-16.1175,0.6118,0.777757,-0.113879,0.0884634
882,0,-0.0914574,-0.614793,2.21797,0.441277,0.0503077,0.985668,0.960846,-0.27707,-0.00267289,-0.067234,-0.223779,-0.972318,0.268802,0.934428,-0.233646,102.961,-3.85513,-15.6293,0.61307,0.77754,-0.110703,0.0855678
889,0,-0.0898051,-0.625499,2.22238,0.441277,0.0503077,0.985668,0.983645,-0.179654,-0.0129475,-0.0550473,-0.231395,-0.971301,0.171502,0.956128,-0.2375,103.4,-3.15557,-9.89033,0.615376,0.783029,-0.0749338,0.0506223
897,0,-0.0916644,-0.6292,2.22815,0.441277,0.0503077,0.985668,0.981607,-0.190567,0.0114483,-0.0395996,-0.261906,-0.964281,0.186759,0.946092,-0.264635,105.195,-2.26948,-10.7722,0.603131,0.791857,-0.0726668,0.0625767
904,0,-0.0926742,-0.65552,2.22027,0.441277,0.0503077,0.985668,0.998298,0.0552054,0.0187996,0.0385191,-0.382134,-0.923304,-0.0437874,0.922456,-0.38361,112.484,2.20753,2.5115,0.555102,0.83127,0.0281871,-0.00751494
911,0,-0.0912786,-0.663545,2.228,0.441277,0.0503077,0.985668,0.995622,0.0908172,0.0221292,0.0488735,-0.303964,-0.951429,-0.0796797,0.948345,-0.307072,107.718,2.80136,4.57563,0.588342,0.807257,0.0432609,-0.0178228
918,0,-0.0923418,-0.633507,2.20949,0.441277,0.0503077,0.985668,0.999992,0.00271188,-0.00289573,-0.00210898,-0.254857,-0.966976,-0.00336032,0.966975,-0.254849,104.765,-0.120836,0.192533,0.610386,0.792101,0.000190283,-0.00197451
925,0,-0.0922321,-0.62636,2.20599,0.441277,0.0503077,0.985668,0.999965,-0.00780402,0.00291158,0.000981063,-0.236771,-0.971565,0.00827149,0.971534,-0.236755,103.696,0.0562108,-0.473927,0.617746,0.786367,-0.00216914,0.0035553
932,0,-0.0917059,-0.623336,2.20797,0.441277,0.0503077,0.985668,0.99984,-0.0135971,0.011643,0.00774292,-0.257922,-0.966135,0.0161396,0.96607,-0.257775,104.947,0.443641,-0.924798,0.609127,0.793022,-0.00184552,0.00875844
939,0,-0.0910931,-0.625915,2.20812,0.441277,0.0503077,0.985668,0.999976,-0.00616276,0.00308142,0.00131299,-0.268587,-0.963255,0.00676394,0.963236,-0.268572,105.58,0.0752286,-0.387548,0.604735,0.796419,-0.00152237,0.00309051
945,0,-0.0901431,-0.627286,2.21108,0.441277,0.0503077,0.985668,0.999957,-0.00718138,0.00592554,0.00366626,-0.281301,-0.959613,0.0085582,0.959593,-0.281262,106.338,0.210061,-0.490358,0.599457,0.800394,-0.00109794,0.00452394
952,0,-0.0911889,-0.626862