128,0,-0.335792,-0.386266,1.45355,-nan,-nan,-nan,0.820321,0.57184,0.00848526,0.176333,-0.238786,-0.954928,-0.54404,0.784844,-0.296716,104.039,10.1563,33.5525,0.566749,0.767434,0.243726,-0.174463
136,0,-0.334518,-0.384142,1.45033,-nan,-nan,-nan,0.804623,0.593324,0.0234187,0.167599,-0.189096,-0.96755,-0.569642,0.782438,-0.251591,101.058,9.64822,35.297,0.583938,0.749218,0.253906,-0.182265
145,0,-0.334104,-0.383535,1.44955,-nan,-nan,-nan,0.790759,0.611636,0.0245389,0.166797,-0.176728,-0.970024,-0.588965,0.771148,-0.241768,100.325,9.60166,36.6791,0.585718,0.743178,0.26186,-0.189869
153,0,-0.335132,-0.384814,1.45525,-nan,-nan,-nan,0.781885,0.622632,0.0313961,0.16659,-0.160139,-0.972936,-0.600753,0.765954,-0.228934,99.3467,9.58959,37.5365,0.590087,0.736708,0.26782,-0.19321
162,0,-0.336764,-0.386341,1.46031,-nan,-nan,-nan,0.78225,0.622313,0.0284808,0.163298,-0.160718,-0.973398,-0.601181,0.766091,-0.227344,99.3755,9.3984,37.5433,0.590379,0.736599,0.266635,-0.194373
170,1,-0.338602,-0.387246,1.46498,-nan,-nan,-nan,0.782703,0.621941,0.0237731,0.156079,-0.159161,-0.974837,-0.602508,0.766718,-0.221648,99.2728,8.9794,37.5883,0.592008,0.735444,0.264473,-0.19673
179,0,-0.347397,-0.388085,1.46848,-nan,-nan,-nan,0.801183,0.59693,0.0421896,0.164953,-0.152525,-0.974437,-0.575236,0.787662,-0.220666,98.8961,9.49451,35.6777,0.597493,0.737288,0.25834,-0.180746
187,0,-0.350938,-0.388934,1.46977,-nan,-nan,-nan,0.809685,0.585683,0.0372122,0.162751,-0.163171,-0.973081,-0.563845,0.793946,-0.227438,99.5191,9.36661,34.8524,0.595625,0.74167,0.25228,-0.177516
195,0,-0.350285,-0.389886,1.47323,-nan,-nan,-nan,0.817522,0.575237,0.0275709,0.156603,-0.175982,-0.971857,-0.554196,0.798832,-0.233953,100.264,9.00978,34.1332,0.593209,0.746234,0.245178,-0.176428
204,0,-0.3507,-0.391182,1.4772,-nan,-nan,-nan,0.823226,0.566916,0.0300816,0.16408,-0.186868,-0.968586,-0.543486,0.802301,-0.246854,100.92,9.44381,33.4324,0.589386,0.751157,0.24329,-0.170871
212,0,-0.35275,-0.392292,1.48614,-nan,-nan,-nan,0.849036,0.527995,0.0189646,0.148866,-0.204633,-0.967452,-0.506929,0.824225,-0.252342,101.943,8.56123,30.8399,0.589928,0.759278,0.222863,-0.160667
221,0,-0.35583,-0.390921,1.4978,-nan,-nan,-nan,0.901044,0.43371,0.00393386,0.119354,-0.23922,-0.963602,-0.416983,0.868717,-0.267312,103.942,6.8548,24.8336,0.590447,0.775818,0.178219,-0.133101
229,0,-0.357074,-0.392643,1.50329,-nan,-nan,-nan,0.891766,0.451882,0.0235677,0.13938,-0.224762,-0.964394,-0.430495,0.863299,-0.263419,103.119,8.01197,25.7686,0.592365,0.771354,0.191631,-0.131887
238,1,-0.359026,-0.373454,1.51197,-nan,-nan,-nan,0.933165,0.358018,0.032024,0.117236,-0.218926,-0.968673,-0.339791,0.907686,-0.246267,102.735,6.73259,20.008,0.605799,0.774332,0.15344,-0.0993654
247,0,-0.360536,-0.362206,1.51671,-nan,-nan,-nan,0.940663,0.336723,0.0420947,0.11928,-0.21196,-0.969972,-0.317689,0.917437,-0.239547,102.327,6.85057,18.6613,0.610155,0.773332,0.147415,-0.0890931
255,1,-0.360997,-0.358856,1.51864,-nan,-nan,-nan,0.958025,0.285359,0.0275396,0.0917971,-0.214338,-0.972436,-0.271591,0.934146,-0.231537,102.43,5.267,15.8275,0.614848,0.775226,0.121628,-0.0787032
263,1,-0.361796,-0.359417,1.52233,-nan,-nan,-nan,0.956786,0.288943,0.0327411,0.0951283,-0.20461,-0.97421,-0.274792,0.935225,-0.223255,101.861,5.4587,16.0242,0.618248,0.772116,0.124357,-0.0783727
271,0,-0.363277,-0.362179,1.52708,-nan,-nan,-nan,0.957988,0.28413,0.039107,0.100697,-0.20553,-0.973456,-0.268551,0.936497,-0.225507,101.922,5.7793,15.6597,0.617849,0.772824,0.124487,-0.0742225
279,1,-0.365195,-0.362423,1.53225,-nan,-nan,-nan,0.974092,0.221027,0.0478678,0.0935622,-0.201167,-0.975078,-0.205889,0.954295,-0.216635,101.657,5.36857,11.9347,0.623757,0.773288,0.101705,-0.0510875
288,0,-0.368194,-0.364421,1.54277,-nan,-nan,-nan,0.992847,0.108838,0.049086,0.0707342,-0.204986,-0.976206,-0.096186,0.972695,-0.211219,101.859,4.05616,5.53349,0.627822,0.776056,0.0578476,-0.0151729
296,0,-0.380834,-0.377692,1.57949,-nan,-nan,-nan,0.995396,0.0863411,0.0416112,0.0595321,-0.216715,-0.974418,-0.0751146,0.972409,-0.220857,102.539,3.41296,4.31547,0.624064,0.779899,0.0467603,-0.0107397
304,0,-0.383517,-0.384219,1.59085,-nan,-nan,-nan,0.995622,0.0875633,0.0326991,0.0530557,-0.241413,-0.968971,-0.0769524,0.966464,-0.245002,103.99,3.0413,4.41965,0.614249,0.787724,0.0446283,-0.0140446
313,0,-0.385432,-0.386277,1.59744,-nan,-nan,-nan,0.991581,0.118844,0.0514048,0.0790774,-0.24144,-0.967188,-0.102533,0.963111,-0.248806,104.016,4.53554,5.9036,0.612645,0.787691,0.0628168,-0.0162272
321,0,-0.387471,-0.38843,1.60696,-nan,-nan,-nan,0.993059,0.104511,0.053951,0.0781566,-0.243596,-0.966723,-0.0878907,0.964229,-0.250074,104.143,4.48261,5.05779,0.612248,0.788468,0.0579184,-0.0107613
329,0,-0.389659,-0.390938,1.61705,-nan,-nan,-nan,0.994001,0.0968029,0.050908,0.0731821,-0.242745,-0.967326,-0.0812823,0.965248,-0.248373,104.087,4.19678,4.67484,0.612961,0.788213,0.0539147,-0.00963392
337,0,-0.391946,-0.392507,1.62622,-nan,-nan,-nan,0.995495,0.0843537,0.0433008,0.0616217,-0.228481,-0.971596,-0.0720644,0.969887,-0.23265,103.233,3.5329,4.14045,0.619347,0.783681,0.0465672,-0.00917579
346,1,-0.397131,-0.396449,1.64702,-nan,-nan,-nan,0.998072,0.05646,0.0257895,0.0365977,-0.199693,-0.979175,-0.0501342,0.978231,-0.201374,101.527,2.09736,2.87561,0.631863,0.774458,0.0300396,-0.00785863
355,0,-0.391716,-0.394124,1.66378,-nan,-nan,-nan,0.985505,0.169343,-0.0101506,0.0325643,-0.247554,-0.968327,-0.166492,0.95396,-0.24948,104.341,1.86613,9.58904,0.610015,0.787804,0.0640727,-0.0560553
363,0,-0.386629,-0.403545,1.68036,-nan,-nan,-nan,0.979797,0.194388,0.047017,0.100903,-0.277504,-0.955411,-0.172673,0.940853,-0.291512,106.196,5.79115,9.99481,0.593881,0.79825,0.0924806,-0.0393536
371,0,-0.374414,-0.392936,1.69606,-nan,-nan,-nan,0.987922,0.154552,-0.0111246,0.0157085,-0.171318,-0.985091,-0.154153,0.973018,-0.171677,99.8657,0.900065,8.86879,0.641274,0.763367,0.0557596,-0.0541279
380,0,-0.364186,-0.391873,1.71566,-nan,-nan,-nan,0.989142,0.144839,-0.0248832,-0.00307446,-0.148887,-0.988849,-0.146929,0.978189,-0.146825,98.5625,-0.176154,8.44905,0.650659,0.755787,0.0468932,-0.0568323
389,0,-0.350155,-0.386937,1.7245,-nan,-nan,-nan,0.991293,0.102332,-0.0828628,-0.0700895,-0.122664,-0.98997,-0.11147,0.987158,-0.114424,97.0633,-4.01913,6.41593,0.662232,0.746388,0.0107997,-0.0650912
398,0,-0.348113,-0.379044,1.72617,-nan,-nan,-nan,0.98588,0.140393,-0.0912712,-0.0725753,-0.132965,-0.98846,-0.150909,0.981127,-0.120898,97.6613,-4.16192,8.70274,0.65803,0.748289,0.0226577,-0.0809114
406,0,-0.34486,-0.364345,1.72893,-nan,-nan,-nan,0.975705,0.19552,-0.0988557,-0.0781351,-0.111005,-0.990744,-0.204684,0.974397,-0.0930315,96.3929,-4.48138,11.8477,0.66552,0.738197,0.039754,-0.102798
415,0,-0.345851,-0.353337,1.73453,-nan,-nan,-nan,0.961578,0.254781,-0.102251,-0.0789556,-0.100067,-0.991843,-0.262935,0.961807,-0.0761056,95.7611,-4.52853,15.2932,0.668095,0.731052,0.0601275,-0.124884
424,0,-0.352824,-0.343597,1.74699,-nan,-nan,-nan,0.941586,0.311098,-0.128972,-0.113578,-0.0671861,-0.991255,-0.317042,0.948,-0.0279278,93.8775,-6.52158,18.6089,0.679425,0.713565,0.0692019,-0.156263
432,0,-0.361561,-0.331438,1.75978,-nan,-nan,-nan,0.914232,0.375705,-0.15174,-0.135869,-0.068557,-0.988352,-0.381731,0.9242,-0.0116304,93.968,-7.80887,22.6626,0.677135,0.70612,0.0849133,-0.188874
441,0,-0.370474,-0.317309,1.76934,-nan,-nan,-nan,0.884153,0.444655,-0.143371,-0.115955,-0.0884188,-0.989311,-0.452579,0.891327,-0.0266156,95.1072,-6.65873,27.1069,0.665041,0.706963,0.116237,-0.210743
449,0,-0.37445,-0.306183,1.77415,-nan,-nan,-nan,0.855881,0.497468,-0.141394,-0.0933211,-0.120355,-0.988335,-0.508683,0.859093,-0.056585,96.943,-5.3547,30.7246,0.64787,0.712885,0.141729,-0.227974
457,0,-0.374186,-0.296864,1.77582,-nan,-nan,-nan,0.843592,0.534082,-0.0557564,0.0110849,-0.12113,-0.992575,-0.53687,0.83671,-0.108105,96.9578,0.635133,32.4731,0.635287,0.719866,0.189329,-0.205811
466,0,-0.373405,-0.295244,1.77728,-nan,-nan,-nan,0.818519,0.573752,0.028906,0.128522,-0.133844,-0.982633,-0.559919,0.808019,-0.183293,97.7565,7.38416,34.3746,0.612654,0.730694,0.240276,-0.181681
474,0,-0.372755,-0.296228,1.77832,-nan,-nan,-nan,0.796672,0.601678,0.0574226,0.188677,-0.157311,-0.969358,-0.574208,0.783094,-0.238848