109,0,-0.336421,-0.388078,1.45742,-nan,-nan,-nan,0.815007,0.579451,0.000362027,0.170523,-0.239246,-0.955868,-0.553792,0.779101,-0.293797,104.052,9.81823,34.1958,0.566119,0.766167,0.244716,-0.180584
116,0,-0.336092,-0.385918,1.4583,-nan,-nan,-nan,0.794857,0.606737,0.0085162,0.157699,-0.193,-0.968443,-0.585947,0.771117,-0.249089,101.271,9.07334,36.3966,0.581543,0.747821,0.255554,-0.193038
124,0,-0.335883,-0.385634,1.45746,-nan,-nan,-nan,0.773166,0.6339,0.0196173,0.166242,-0.172721,-0.97084,-0.612028,0.753882,-0.238923,100.088,9.5694,38.3646,0.583422,0.739055,0.270664,-0.200395
131,0,-0.33689,-0.386414,1.46016,-nan,-nan,-nan,0.758676,0.651071,0.0227385,0.168241,-0.162089,-0.972328,-0.629369,0.741508,-0.23251,99.4643,9.68558,39.6778,0.583969,0.733702,0.279171,-0.206702
139,0,-0.337552,-0.388108,1.46567,-nan,-nan,-nan,0.736676,0.675664,0.0280528,0.18412,-0.160484,-0.969714,-0.650698,0.71953,-0.242628,99.3971,10.6098,41.4538,0.5774,0.731401,0.293882,-0.212826
146,0,-0.338701,-0.389746,1.47197,-nan,-nan,-nan,0.719425,0.69402,0.0276159,0.189476,-0.15785,-0.969114,-0.668226,0.702438,-0.245061,99.2511,10.9222,42.8869,0.573697,0.728412,0.303227,-0.219865
154,0,-0.334344,-0.392027,1.48086,-nan,-nan,-nan,0.704016,0.70946,0.0320532,0.194425,-0.14913,-0.969515,-0.683052,0.688786,-0.242927,98.7447,11.2111,44.1341,0.572704,0.723891,0.312162,-0.224826
162,0,-0.317916,-0.394515,1.49146,-nan,-nan,-nan,0.624271,0.780516,0.0328763,0.202237,-0.120817,-0.971856,-0.754576,0.61335,-0.233272,97.0864,11.6678,50.3986,0.563512,0.703271,0.349351,-0.256551
170,0,-0.304412,-0.377571,1.49547,-nan,-nan,-nan,0.661882,0.749425,0.0165883,0.195382,-0.15111,-0.969016,-0.723698,0.644615,-0.246441,98.8634,11.267,47.5545,0.562212,0.717536,0.329184,-0.246367
177,0,-0.303238,-0.366178,1.49785,-nan,-nan,-nan,0.631841,0.775016,0.0113026,0.176522,-0.129682,-0.975716,-0.75473,0.618493,-0.218746,97.5708,10.1672,50.0648,0.566439,0.70361,0.338091,-0.264147
185,0,-0.304258,-0.35785,1.50054,-nan,-nan,-nan,0.616172,0.787457,0.0156226,0.177313,-0.119364,-0.976889,-0.767393,0.604701,-0.213175,96.9663,10.2133,51.2376,0.566488,0.697981,0.345557,-0.269266
193,0,-0.305944,-0.352545,1.50258,-nan,-nan,-nan,0.616284,0.787257,0.0205114,0.188798,-0.12241,-0.974357,-0.764558,0.604353,-0.224072,97.1606,10.8827,51.1289,0.563428,0.700494,0.348345,-0.265544
201,0,-0.324062,-0.353453,1.50411,-nan,-nan,-nan,0.697243,0.716741,0.0115453,0.150313,-0.130438,-0.979996,-0.700898,0.685031,-0.198683,97.5816,8.64508,45.1497,0.584834,0.711752,0.304549,-0.242132
209,0,-0.322011,-0.337152,1.5055,-nan,-nan,-nan,0.600317,0.798912,0.0368601,0.18682,-0.0952681,-0.977764,-0.777636,0.593855,-0.206444,95.565,10.7673,52.3327,0.569782,0.68957,0.357372,-0.268564
217,0,-0.319272,-0.335146,1.50607,-nan,-nan,-nan,0.570122,0.820728,0.0369699,0.191558,-0.089038,-0.977434,-0.798916,0.564338,-0.20798,95.2049,11.0437,54.4876,0.56416,0.683217,0.370412,-0.278808
224,0,-0.329997,-0.360138,1.51915,-nan,-nan,-nan,0.73989,0.671954,0.0322634,0.162957,-0.132489,-0.977697,-0.652693,0.728646,-0.207526,97.7172,9.37855,41.4171,0.591582,0.721094,0.28946,-0.2151
232,0,-0.334765,-0.366362,1.54058,-nan,-nan,-nan,0.748078,0.66186,0.048166,0.167607,-0.118214,-0.978741,-0.642096,0.740248,-0.199366,96.8869,9.64871,40.6404,0.598017,0.71862,0.288563,-0.206622
240,0,-0.333016,-0.371477,1.55842,-nan,-nan,-nan,0.774477,0.631888,0.030042,0.148481,-0.135413,-0.9796,-0.61493,0.763139,-0.198697,97.8703,8.53889,38.4493,0.600077,0.726049,0.268704,-0.201394
249,0,-0.335135,-0.367186,1.57171,-nan,-nan,-nan,0.767392,0.641167,-0.00371576,0.129322,-0.160453,-0.978535,-0.628,0.75044,-0.206048,99.3121,7.43044,39.2954,0.591796,0.730393,0.263724,-0.216225
256,0,-0.337432,-0.3696,1.5806,-nan,-nan,-nan,0.756465,0.653736,0.0197548,0.145221,-0.138437,-0.979666,-0.637708,0.743952,-0.199659,98.0432,8.35006,40.1313,0.595476,0.72363,0.276024,-0.213491
265,0,-0.33914,-0.371664,1.5882,-nan,-nan,-nan,0.754173,0.656596,0.0102228,0.141787,-0.147618,-0.978829,-0.641186,0.739655,-0.204426,98.5762,8.15125,40.3707,0.592058,0.725641,0.275061,-0.217382
272,0,-0.34095,-0.373808,1.59733,-nan,-nan,-nan,0.766606,0.641871,0.017805,0.148459,-0.150196,-0.977446,-0.62472,0.75196,-0.210433,98.7358,8.53765,39.1772,0.59287,0.729252,0.270939,-0.208061
280,0,-0.342376,-0.375901,1.6045,-nan,-nan,-nan,0.769127,0.63844,0.0289482,0.162019,-0.150968,-0.975171,-0.618218,0.754721,-0.219553,98.8002,9.3241,38.792,0.591314,0.731377,0.273614,-0.201425
287,0,-0.344016,-0.377792,1.61206,-nan,-nan,-nan,0.773015,0.633636,0.0308924,0.163224,-0.151599,-0.974872,-0.61303,0.758633,-0.220613,98.8391,9.3941,38.4158,0.591778,0.73233,0.272029,-0.198728
295,0,-0.345051,-0.379115,1.61808,-nan,-nan,-nan,0.758062,0.651591,0.0277906,0.164086,-0.14931,-0.975081,-0.631204,0.743731,-0.220103,98.7058,9.44412,39.7826,0.589205,0.729293,0.279612,-0.206849
303,0,-0.346889,-0.380758,1.62415,-nan,-nan,-nan,0.732549,0.679965,0.0319192,0.174197,-0.141926,-0.974429,-0.658048,0.719378,-0.222416,98.2869,10.0319,41.9333,0.584852,0.724032,0.294932,-0.216195
310,0,-0.348165,-0.382403,1.63116,-nan,-nan,-nan,0.72442,0.688602,0.0322917,0.177322,-0.140869,-0.974019,-0.666163,0.711325,-0.224152,98.2294,10.2138,42.6011,0.582966,0.722745,0.299526,-0.219258
318,0,-0.349711,-0.385086,1.64204,-nan,-nan,-nan,0.727334,0.685409,0.0346466,0.181765,-0.14371,-0.972784,-0.661776,0.713836,-0.229108,98.4035,10.4726,42.298,0.581918,0.724595,0.299193,-0.216372
326,0,-0.348595,-0.389342,1.66035,-nan,-nan,-nan,0.716113,0.697212,0.0328296,0.19259,-0.152164,-0.96941,-0.670889,0.700529,-0.243243,98.9207,11.104,43.1325,0.57461,0.726553,0.306172,-0.21955
334,0,-0.347599,-0.393803,1.67754,-nan,-nan,-nan,0.714558,0.698746,0.0340758,0.199927,-0.157288,-0.967104,-0.670401,0.697864,-0.252089,99.2376,11.5327,43.1738,0.571222,0.728686,0.30832,-0.218312
342,0,-0.348672,-0.396386,1.68883,-nan,-nan,-nan,0.721853,0.691342,0.0312099,0.193721,-0.158564,-0.968158,-0.66438,0.704913,-0.248388,99.3013,11.17,42.6259,0.573346,0.729521,0.303303,-0.216981
349,0,-0.356902,-0.392994,1.67476,-nan,-nan,-nan,0.745114,0.666251,0.0302325,0.174951,-0.151515,-0.972849,-0.643581,0.730173,-0.229457,98.8523,10.0758,40.8183,0.583983,0.729055,0.288456,-0.210323
358,0,-0.359064,-0.394321,1.68194,-nan,-nan,-nan,0.80352,0.594671,0.0268841,0.153895,-0.163891,-0.9744,-0.575042,0.787087,-0.223206,99.5476,8.85269,35.5895,0.595068,0.740037,0.252881,-0.185179
365,0,-0.362608,-0.395409,1.68607,-nan,-nan,-nan,0.818906,0.57291,0.0341721,0.153296,-0.160963,-0.974983,-0.553077,0.803657,-0.219639,99.3746,8.81797,34.0345,0.599646,0.741537,0.244831,-0.174942
372,0,-0.371549,-0.395075,1.68515,-nan,-nan,-nan,0.809281,0.584362,0.0598742,0.170633,-0.136321,-0.975859,-0.562093,0.799961,-0.210034,97.9524,9.82461,34.7822,0.604757,0.734104,0.257114,-0.171031
380,0,-0.372711,-0.395278,1.68624,-nan,-nan,-nan,0.804259,0.591863,0.0535277,0.166483,-0.137926,-0.97635,-0.570483,0.79415,-0.209464,98.0408,9.58339,35.3491,0.603504,0.733425,0.258495,-0.176213
387,0,-0.372503,-0.395918,1.6878,-nan,-nan,-nan,0.800729,0.597399,0.0441299,0.162624,-0.14589,-0.975843,-0.576529,0.788562,-0.21397,98.5028,9.35926,35.7541,0.600181,0.734947,0.25853,-0.181101
394,0,-0.374199,-0.397424,1.69298,-nan,-nan,-nan,0.812124,0.582102,0.0401586,0.158552,-0.153921,-0.975279,-0.561531,0.798415,-0.217296,98.9686,9.12284,34.6613,0.600189,0.738807,0.250625,-0.176424
402,0,-0.380554,-0.402979,1.71109,-nan,-nan,-nan,0.850093,0.526607,-0.00516893,0.145261,-0.243904,-0.958859,-0.506202,0.814369,-0.283836,104.272,8.35238,30.7724,0.574968,0.771011,0.217853,-0.165812
409,0,-0.394357,-0.402755,1.72412,-nan,-nan,-nan,0.88386,0.462952,-0.066833,0.130648,-0.381534,-0.915075,-0.449135,0.800067,-0.397707,112.633,7.50706,26.9375,0.525504,0.815951,0.181874,-0.158088
417,0,-0.407713,-0.404147,1.73583,-nan,-nan,-nan,0.903483,0.419129,-0.0897173,0.113304,-0.435408,-0.893075,-0.413378,0.796712,-0.440872,115.991,6.5058,24.5859,0.506755,0.833631,0.159673,-0.150875
425,0,-0.4278,-0.405941,1.74755,-nan,-nan,-nan,0.938456,0.326701,-0.112101,0.0450708,-0.43761,-0.898034,-0.342445,0.837713,-0.425403,115.98,2.58324,20.0472,0.518518,0.836879,0.111059,-0.135786
433,0,-0.444246,-0.407454,1.75874,-nan,-nan,-nan,0.950444,0.288907,-0.114841,0.0148234,-0.41108,-0.911479,-0.310542,0.864607,-0.394991,114.276,0.849349,18.0939,0.534877,0.830138,0.09147,-0.128106
440,0,-0.453345,-0.404031,1.75854,-nan,-nan,-nan,0.960821,0.236327,-0.144817,-0.0506086,-0.364118,-0.929977,-0.272509,0.900871,-0.337892,111.382,-2.9009,15.8344,0.560984,0.815909,0.0569053,-0.127872
448,0,-0.452103,-0.39921,1.75674,-nan,-nan,-nan,0.965496,0.204828,-0.16082,-0.0867544,-0.329289,-0.940235,-0.245543,0.921745,-0.300158,109.301,-4.97692,14.2689,0.577938,0.805441,0.0366489,-0.126131
456,0,-0.449499,-0.401901,1.75899,-nan,-nan,-nan,0.964738,0.196031,-0.175648,-0.10788,-0.314212,-0.943203,-0.240087,0.928893,-0.281985,108.425,-6.19315,13.9749,0.584923,0.800146,0.0275419,-0.129894
463,0,-0.442731,-0.402329,1.76004,-nan,-nan,-nan,0.961131,0.193172,-0.197263,-0.128224,-0.320445,-0.938549,-0.244513,0.927362,-0.283221,108.851,-7.36697,14.2734,0.582551,0.800749,0.0202772,-0.137926
472,0,-0.448241,-0.401732,1.75654,-nan,-nan,-nan,0.986483,0.155279,-0.0523368,-0.00200764,-0.307918,-0.951411,-0.16385,0.938656,-0.303445,107.934,-0.115029,9.43043,0.586328,0.805892,0.0475471,-0.0670643
480,0,-0.450657,-0.402944,1.75732,-nan,-nan,-nan,0.988285,0.14865,0.0345843,0.0820495,-0.326414,-0.941659,-0.128689,0.933465,-0.334787,109.118,4.70638,7.41901,0.575996,0.813862,0.0708658,-0.0289069
487,0,-0.451809,-0.403261,1.75511,-nan,-nan,-nan,0.987536,0.118713,0.103346,0.13604,-0.313548,-0.939777,-0.0791599,0.942122,-0.32579,108.451,7.81875,4.58297,0.580559,0.810382,0.0785904,0.00746124
494,0,-0.450474,-0.400923,1.7531,-nan,-nan,-nan,0.989904,0.0959713,0.104302,0.128821,-0.302282,-0.944474,-0.0591138,0.948375,-0.311594,107.747,7.40147,3.41746,0.586521,0.806812,0.0696545,0.0140019
502,0,-0.450264,-0.402534,1.75473,-nan,-nan,-nan,0.988376,0.0898214,0.122659,0.143186,-0.278813,-0.949611,-0.0510965,0.956136,-0.288433,106.363,8.23224,2.95941,0.596056,0.799316,0.0728771,0.0223823
510,0,-0.452051,-0.402071,1.75376,-nan,-nan,-nan,0.995328,0.0352073,0.0899081,0.0959815,-0.25936,-0.960999,-0.0105156,0.965139,-0.261528,105.103,5.50782,0.605306,0.607132,0.793129,0.0413517,0.0250251
517,0,-0.451683,-0.406517,1.75531,-nan,-nan,-nan,0.988196,0.0845816,0.127727,0.144896,-0.245382,-0.958537,-0.0497329,0.96573,-0.254741,104.359,8.33124,2.88109,0.609933,0.78872,0.0727373,0.0247216
525,0,-0.450222,-0.406667,1.75253,-nan,-nan,-nan,0.990897,0.0247349,0.132334,0.134491,-0.225924,-0.964816,0.00603283,0.973831,-0.227194,103.179,7.72916,-0.348827,0.620036,0.781667,0.050925,0.0442538
532,0,-0.449649,-0.408991,1.75173,-nan,-nan,-nan,0.988385,-0.0593487,0.139903,0.118604,-0.274339,-0.954291,0.0950168,0.9598,-0.264113,106.039,6.81157,-5.49117,0.602066,0.794801,0.0186385,0.0738927
540,0,-0.454224,-0.409109,1.75017,-nan,-nan,-nan,0.985445,-0.0876813,0.145638,0.116238,-0.277595,-0.95364,0.124045,0.956688,-0.263363,106.23,6.67503,-7.17448,0.600934,0.794733,0.00898307,0.0848343
548,0,-0.448222,-0.407438,1.74893,-nan,-nan,-nan,0.985271,-0.0966181,0.14109,0.112915,-0.252036,-0.961108,0.12842,0.962883,-0.237414,104.694,6.48337,-7.42606,0.611519,0.786562,0.00517973,0.0856608
555,0,-0.448908,-0.406477,1.7501,-nan,-nan,-nan,0.986532,-0.0586384,0.152693,0.137828,-0.20465,-0.969083,0.0880741,0.977077,-0.193812,101.924,7.92219,-5.10164,0.630093,0.772171,0.0256386,0.0779513
561,0,-0.448029,-0.40586,1.74913,-nan,-nan,-nan,0.985077,-0.00877577,0.171889,0.167473,-0.181443,-0.969036,0.0396921,0.983362,-0.177266,100.605,9.64095,-2.30739,0.637646,0.765471,0.05183,0.0691015
569,0,-0.448271,-0.405428,1.74761,-nan,-nan,-nan,0.983432,0.0246794,0.179588,0.181055,-0.182572,-0.966378,0.00893803,0.982883,-0.184015,100.698,10.4312,-0.520725,0.635776,0.766489,0.0671029,0.0614901
577,0,-0.44867,-0.406603,1.74789,-nan,-nan,-nan,0.983504,0.057795,0.171402,0.179569,-0.197931,-0.963628,-0.0217671,0.978511,-0.205044,101.607,10.3447,1.26787,0.628595,0.772412,0.0768257,0.0484311
584,0,-0.447761,-0.409048,1.74671,-nan,-nan,-nan,0.980227,0.0553387,0.189982,0.197752,-0.239753,-0.95048,-0.00704959,0.969255,-0.245956,104.157,11.4055,0.412052,0.611252,0.785165,0.0805851,0.0582464
592,0,-0.448535,-0.406652,1.75015,-nan,-nan,-nan,0.984472,0.070553,0.160738,0.172034,-0.205657,-0.963384,-0.0349127,0.976078,-0.214602,102.05,9.90608,2.03105,0.625343,0.77536,0.0782174,0.04057
600,0,-0.448957,-0.405524,1.74785,-nan,-nan,-nan,0.982528,0.109601,0.150421,0.168451,-0.180018,-0.969133,-0.0791394,0.977538,-0.195335,100.523,9.69776,4.60505,0.633872,0.76777,0.0905388,0.0232105
608,0,-0.450593,-0.402672,1.74776,-nan,-nan,-nan,0.986959,0.120995,0.106173,0.128046,-0.190383,-0.973323,-0.097554,0.974225,-0.203393,101.067,7.35668,5.64495,0.631107,0.771482,0.0807022,0.00279296
616,0,-0.448974,-0.404911,1.75056,-nan,-nan,-nan,0.977508,0.138359,0.159172,0.180527,-0.15873,-0.970677,-0.109036,0.977579,-0.180138,99.2871,10.4005,6.36476,0.640047,0.760982,0.104761,0.0164709
622,0,-0.447534,-0.404599,1.74896,-nan,-nan,-nan,0.975256,0.145515,0.166435,0.188993,-0.158168,-0.969157,-0.114702,0.976631,-0.181755,99.269,10.894,6.70789,0.639401,0.760786,0.109922,0.0169996
630,0,-0.44707,-0.405806,1.7463,-nan,-nan,-nan,0.976523,0.137723,0.165637,0.188838,-0.177317,-0.965867,-0.103652,0.97447,-0.199161,100.403,10.885,6.05893,0.632464,0.766975,0.106445,0.0202044
637,0,-0.446794,-0.406813,1.74541,-nan,-nan,-nan,0.972416,0.156122,0.173299,0.201319,-0.186526,-0.961602,-0.117803,0.969966,-0.212812,100.978,11.6141,6.90741,0.627112,0.770025,0.116049,0.0180176
645,0,-0.447469,-0.406206,1.74717,-nan,-nan,-nan,0.969166,0.167196,0.181005,0.211676,-0.188883,-0.958914,-0.126138,0.967661,-0.21845,101.143,12.2206,7.41544,0.624867,0.770795,0.122884,0.0177955
653,0,-0.447804,-0.405571,1.74731,-nan,-nan,-nan,0.974502,0.151624,0.165397,0.192154,-0.183324,-0.96409,-0.115858,0.971289,-0.207785,100.766,11.0785,6.78005,0.629165,0.769027,0.111757,0.0161044
661,0,-0.447544,-0.404972,1.74587,-nan,-nan,-nan,0.980138,0.11413,0.162187,0.181528,-0.186981,-0.965446,-0.0798606,0.975711,-0.203985,100.961,10.4588,4.65811,0.630312,0.76992,0.096003,0.026732
668,0,-0.446898,-0.405136,1.74705,-nan,-nan,-nan,0.981164,0.106317,0.161291,0.179104,-0.187784,-0.965743,-0.0723867,0.976439,-0.203289,101.004,10.3176,4.21943,0.630494,0.770103,0.0926566,0.0288612
677,0,-0.447401,-0.404915,1.74734,-nan,-nan,-nan,0.980708,0.100355,0.167754,0.183717,-0.179981,-0.966362,-0.0667867,0.978538,-0.194946,100.55,10.5864,3.89586,0.633597,0.767404,0.0925433,0.0328925
684,0,-0.448556,-0.40581,1.74982,-nan,-nan,-nan,0.982681,0.102127,0.154621,0.170094,-0.166064,-0.971335,-0.0735224,0.980812,-0.180559,99.7017,9.79329,4.27879,0.639543,0.763103,0.0891822,0.0265687
692,0,-0.447239,-0.405025,1.74715,-nan,-nan,-nan,0.980731,0.116104,0.157122,0.175661,-0.172079,-0.969295,-0.085502,0.978217,-0.189158,100.067,10.1171,4.98256,0.636297,0.765175,0.0953264,0.0233997
699,0,-0.447052,-0.40636,1.74681,-nan,-nan,-nan,0.982233,0.0607676,0.177557,0.185895,-0.185328,-0.964933,-0.0257303,0.980796,-0.193332,100.872,10.7133,1.50056,0.633161,0.76826,0.0802668,0.049406
707,0,-0.447028,-0.406607,1.74752,-nan,-nan,-nan,0.96625,0.177923,0.186292,0.215933,-0.165051,-0.962357,-0.140477,0.970104,-0.1979,99.732,12.4703,8.27194,0.633107,0.763086,0.129034,0.0150095
714,0,-0.447375,-0.405979,1.74709,-nan,-nan,-nan,0.960334,0.22128,0.169688,0.20938,-0.170298,-0.962891,-0.184171,0.960226,-0.209874,100.03,12.086,10.8563,0.628522,0.764936,0.14075,-0.00473341
722,0,-0.447325,-0.40562,1.74675,-nan,-nan,-nan,0.958419,0.233442,0.164128,0.206128,-0.168585,-0.963893,-0.197343,0.957645,-0.209694,99.9207,11.8955,11.6349,0.628518,0.764313,0.143779,-0.0108645
730,0,-0.446347,-0.405147,1.74554,-nan,-nan,-nan,0.956755,0.231758,0.175808,0.215807,-0.160242,-0.963198,-0.195057,0.959485,-0.203327,99.4455,12.4629,11.5232,0.631107,0.76163,0.14691,-0.00631842
737,0,-0.445296,-0.404555,1.74864,-nan,-nan,-nan,0.957749,0.213927,0.192228,0.222895,-0.129725,-0.966173,-0.181754,0.968198,-0.171927,97.6472,12.8791,10.7453,0.643447,0.751565,0.145304,0.00348427
745,0,-0.446236,-0.404122,1.74651,-nan,-nan,-nan,0.966838,0.186632,0.174336,0.202506,-0.144296,-0.968592,-0.155614,0.971775,-0.177305,98.4733,11.6835,9.14342,0.641334,0.756379,0.128618,0.00618791
752,0,-0.446794,-0.404937,1.74713,-nan,-nan,-nan,0.96954,0.159717,0.185698,0.210628,-0.156705,-0.964925,-0.125015,0.974646,-0.185572,99.2244,12.1592,7.34735,0.637821,0.760233,0.121787,0.0199551
760,0,-0.447024,-0.405158,1.74681,-nan,-nan,-nan,0.969254,0.146776,0.197492,0.220424,-0.161201,-0.961991,-0.109361,0.975946,-0.188598,99.5127,12.7339,6.43748,0.636289,0.761422,0.120564,0.0289363
768,0,-0.446827,-0.40596,1.74679,-nan,-nan,-nan,0.979153,0.0710804,0.190282,0.200707,-0.194454,-0.960159,-0.0312474,0.978333,-0.204666,101.449,11.5783,1.82784,0.628497,0.771083,0.0881188,0.0515622
775,0,-0.446321,-0.404635,1.74936,-nan,-nan,-nan,0.978478,0.025966,0.204709,0.20615,-0.166627,-0.964229,0.00907294,0.985678,-0.168394,99.8044,11.8968,-0.53126,0.640987,0.76051,0.0763027,0.0702759
783,0,-0.448025,-0.405299,1.74713,-nan,-nan,-nan,0.983217,0.0905347,0.158391,0.172884,-0.185066,-0.9674,-0.0582705,0.978547,-0.197612,100.83,9.95553,3.39167,0.632562,0.769073,0.0856285,0.0325458
791,0,-0.44684,-0.405943,1.74724,-nan,-nan,-nan,0.983669,0.0974726,0.151312,0.168656,-0.205558,-0.964003,-0.0628605,0.973779,-0.21864,102.037,9.70968,3.65646,0.624394,0.775865,0.0857522,0.0285009
799,0,-0.4464,-0.406042,1.74523,-nan,-nan,-nan,0.984016,0.0104229,0.177777,0.176315,-0.197296,-0.964358,0.0250233,0.980289,-0.19598,101.562,10.1552,-1.4567,0.630623,0.770923,0.0605567,0.0657653
807,0,-0.447184,-0.40611,1.74516,-nan,-nan,-nan,0.980624,-0.0761243,0.180504,0.161956,-0.20335,-0.965618,0.110213,0.976142,-0.187081,101.892,9.32047,-6.41257,0.630514,0.769911,0.0278708,0.0943994
814,0,-0.448012,-0.405338,1.74741,-nan,-nan,-nan,0.980254,-0.120894,0.156482,0.127582,-0.217937,-0.967588,0.151079,0.968446,-0.198209,102.693,7.32991,-8.76163,0.625322,0.774015,0.00216019,0.0993396
821,0,-0.447995,-0.405584,1.74827,-nan,-nan,-nan,0.977734,-0.143574,0.153047,0.120813,-0.211206,-0.969946,0.171584,0.966839,-0.189158,102.284,6.93905,-9.95355,0.627967,0.771054,-0.00737975,0.105255
830,0,-0.447092,-0.405229,1.74624,-nan,-nan,-nan,0.977973,-0.140895,0.154007,0.124779,-0.196852,-0.972461,0.167332,0.970257,-0.174935,101.444,7.16798,-9.70932,0.633677,0.766446,-0.00525683,0.104814
837,0,-0.447683,-0.40484,1.74706,-nan,-nan,-nan,0.96778,-0.188532,0.166907,0.124468,-0.218022,-0.967974,0.218884,0.95756,-0.187531,102.693,7.15002,-12.7442,0.624945,0.770281,-0.0207926,0.125211
845,0,-0.44668,-0.405649,1.74451,-nan,-nan,-nan,0.955225,-0.232984,0.182383,0.128309,-0.229254,-0.964873,0.266612,0.945072,-0.189095,103.366,7.37186,-15.5949,0.619854,0.77032,-0.0339714,0.145717
853,0,-0.447551,-0.405776,1.74727,-nan,-nan,-nan,0.947771,-0.269796,0.17012,0.100726,-0.252895,-0.962236,0.30263,0.929115,-0.212511,104.725,5.78099,-17.7087,0.608762,0.77672,-0.054418,0.152162
860,0,-0.447494,-0.405722,1.746,-nan,-nan,-nan,0.933684,-0.31283,0.174274,0.0923479,-0.25986,-0.96122,0.345985,0.91357,-0.213738,105.128,5.29869,-20.3326,0.60417,0.775771,-0.0710525,0.167659
867,0,-0.448265,-0.406181,1.74665,-nan,-nan,-nan,0.923625,-0.345898,0.165143,0.0795861,-0.248394,-0.965384,0.374945,0.904796,-0.201894,104.429,4.56478,-22.0947,0.606905,0.770375,-0.0864227,0.175268
875,0,-0.448808,-0.405125,1.74507,-nan,-nan,-nan,0.912899,-0.386445,0.131434,0.0360035,-0.244509,-0.968978,0.406594,0.889312,-0.209298,104.162,2.0633,-24.0076,0.603964,0.769205,-0.113897,0.174865
882,0,-0.447791,-0.404403,1.74652,-nan,-nan,-nan,0.915308,-0.377645,0.139986,0.0592793,-0.217465,-0.974266,0.398369,0.900052,-0.176661,102.583,3.39845,-23.5201,0.616681,0.759841,-0.104747,0.177127
890,0,-0.44927,-0.403197,1.74376,-nan,-nan,-nan,0.893647,-0.435858,0.106872,0.01247,-0.213935,-0.976768,0.448596,0.874219,-0.185748,102.354,0.714495,-26.6559,0.611139,0.757187,-0.13979,0.183399
898,0,-0.448294,-0.402692,1.7433,-nan,-nan,-nan,0.897122,-0.422897,0.127791,0.0315348,-0.227225,-0.973332,0.440656,0.877227,-0.190513,103.14,1.80711,-26.1597,0.60815,0.760733,-0.128613,0.186809
906,0,-0.447905,-0.404947,1.74266,-nan,-nan,-nan,0.913475,-0.382504,0.138762,0.0391885,-0.256737,-0.965687,0.405004,0.887568,-0.219533,104.888,2.24591,-23.9109,0.599417,0.77294,-0.111042,0.175876
914,0,-0.447637,-0.405962,1.74554,-nan,-nan,-nan,0.936174,-0.311082,0.163728,0.0787937,-0.268213,-0.960132,0.342593,0.911751,-0.226583,105.608,4.51923,-20.1001,0.600287,0.779578,-0.0744915,0.16237
921,0,-0.447468,-0.406064,1.74579,-nan,-nan,-nan,0.952773,-0.2582,0.159862,0.0888075,-0.266504,-0.959734,0.290407,0.928605,-0.230988,105.519,5.095,-16.9513,0.603175,0.782666,-0.0541077,0.143826
928,0,-0.447373,-0.40689,1.74579,-nan,-nan,-nan,0.955594,-0.242056,0.168073,0.0955658,-0.284971,-0.95376,0.278759,0.92747,-0.249184,106.635,5.48389,-16.2627,0.596121,0.788947,-0.0464196,0.141591
936,0,-0.447167,-0.408108,1.7449,-nan,-nan,-nan,0.953549,-0.242599,0.178576,0.0984676,-0.309225,-0.945877,0.284689,0.919525,-0.270974,108.104,5.65094,-16.6234,0.58595,0.795888,-0.0452736,0.145518
943,0,-0.445981,-0.407961,1.74411,-nan,-nan,-nan,0.944815,-0.263317,0.194906,0.102523,-0.327403,-0.939306,0.311148,0.907453,-0.282339,109.216,5.88448,-18.2278,0.577727,0.799149,-0.0503015,0.15831
951,0,-0.446539,-0.407356,1.74402,-nan,-nan,-nan,0.94475,-0.2681,0.188599,0.0984168,-0.316818,-0.943366,0.312668,0.909807,-0.272929,108.564,5.64801,-18.3121,0.582023,0.796005,-0.0532921,0.157432
959,0,-0.448151,-0.407243,1.74787,-nan,-nan,-nan,0.946822,-0.271594,0.172524,0.0909611,-0.288383,-0.953185,0.308633,0.918189,-0.248343,106.833,5.2189,-18.0543,0.593737,0.787964,-0.0573102,0.152658
967,0,-0.448689,-0.406119,1.74757,-nan,-nan,-nan,0.951089,-0.270897,0.148471,0.0766286,-0.25871,-0.962911,0.299261,0.927191,-0.225298,105.039,4.3948,-17.4662,0.605616,0.78024,-0.0622464,0.14346
975,0,-0.449151,-0.403658,1.74394,-nan,-nan,-nan,0.961042,-0.255336,0.105841,0.0486085,-0.220826,-0.974101,0.272096,0.941296,-0.199812,102.773,2.78616,-15.8082,0.620565,0.771635,-0.0669773,0.122447
983,0,-0.449369,-0.403989,1.74318,-nan,-nan,-nan,0.965258,-0.239473,0.104547,0.0487193,-0.228148,-0.972407,0.256717,0.943717,-0.208555,103.204,2.79252,-14.8934,0.618174,0.774913,-0.0615402,0.11655
990,0,-0.449786,-0.40158,1.74553,-nan,-nan,-nan,0.968509,-0.226174,0.104094,0.0504648,-0.231082,-0.971625,0.243811,0.94628,-0.212391,103.378,2.89265,-14.1299,0.617462,0.776528,-0.0565689,0.112007
997,0,-0.449444,-0.40288,1.74541,-nan,-nan,-nan,0.968845,-0.218534,0.116542,0.066257,-0.224708,-0.972171,0.238641,0.949605,-0.203228,103.015,3.79903,-13.8373,0.620667,0.774077,-0.0491802,0.114712
1005,0,-0.448253,-0.404681,1.74579,-nan,-nan,-nan,0.970152,-0.187854,0.15335,0.109259,-0.225943,-0.967994,0.21649,0.955856,-0.198675,103.138,6.2726,-12.5795,0.621597,0.773752,-0.0253941,0.119496
1012,0,-0.448034,-0.405569,1.74559,-nan,-nan,-nan,0.97088,-0.178319,0.159984,0.112912,-0.248377,-0.96206,0.21129,0.952109,-0.22101,104.476,6.48322,-12.2777,0.612677,0.781068,-0.0209351,0.118836
1020,0,-0.447731,-0.406331,1.74664,-nan,-nan,-nan,0.973419,-0.161776,0.162126,0.116631,-0.25908,-0.958788,0.197113,0.952211,-0.233325,105.121,6.69773,-11.4473,0.608485,0.785147,-0.0143747,0.114386
1027,0,-0.448779,-0.406183,1.74442,-nan,-nan,-nan,0.979935,-0.148655,0.132776,0.0889991,-0.269716,-0.958818,0.178345,0.951396,-0.251074,105.711,5.10603,-10.3147,0.603975,0.790684,-0.0188621,0.0983708
1036,0,-0.449718,-0.402761,1.74384,-nan,-nan,-nan,0.974247,-0.203328,0.0974739,0.0574327,-0.194264,-0.979266,0.218048,0.959645,-0.177584,101.221,3.29246,-12.6156,0.632929,0.765848,-0.0476253,0.102997
1043,0,-0.450231,-0.400588,1.74511,-nan,-nan,-nan,0.970861,-0.220457,0.0939514,0.0505367,-0.194883,-0.979524,0.234253,0.95573,-0.178063,101.252,2.89677,-13.5653,0.632043,0.765475,-0.0554952,0.10719
1050,0,-0.449631,-0.399665,1.74504,-nan,-nan,-nan,0.966761,-0.234764,0.101285,0.0523343,-0.206055,-0.97714,0.250268,0.949961,-0.18692,101.908,2.9999,-14.5137,0.627253,0.768072,-0.0593793,0.114427
1058,0,-0.448214,-0.40191,1.74401,-nan,-nan,-nan,0.964244,-0.227387,0.136117,0.0913573,-0.196935,-0.976151,0.24877,0.953683,-0.16912,101.406,5.2417,-14.4666,0.632098,0.763266,-0.0445552,0.126066
1066,0,-0.449053,-0.401164,1.74519,-nan,-nan,-nan,0.920323,-0.370749,0.124704,0.0347874,-0.239965,-0.970158,0.38961,0.897197,-0.207948,103.893,1.99358,-22.9449,0.606714,0.769454,-0.109156,0.167104
1074,0,-0.449247,-0.401236,1.74378,-nan,-nan,-nan,0.894408,-0.4317,0.11692,0.00973426,-0.242567,-0.970086,0.447147,0.86879,-0.212752,104.039,0.557741,-26.5621,0.59981,0.766441,-0.137638,0.183989
1082,0,-0.452776,-0.403695,1.74339,-nan,-nan,-nan,0.844866,-0.520346,0.12426,-0.000859102,-0.233591,-0.972335,0.534977,0.821386,-0.1978,103.509,-0.0492229,-32.3423,0.594448,0.754364,-0.17273,0.218474
1089,0,-0.44955,-0.40359,1.74328,-nan,-nan,-nan,0.847988,-0.514566,0.127039,-0.00975359,-0.254799,-0.966945,0.529926,0.818718,-0.221086,104.762,-0.558848,-32.0022,0.585684,0.762213,-0.171973,0.21548
1098,0,-0.449355,-0.402216,1.74262,-nan,-nan,-nan,0.871265,-0.478462,0.109419,-0.0263015,-0.268127,-0.963025,0.490108,0.836171,-0.246194,105.558,-1.50714,-29.3589,0.58244,0.772267,-0.163403,0.19408
1106,0,-0.44968,-0.401403,1.74371,-nan,-nan,-nan,0.862319,-0.496789,0.0980079,-0.042094,-0.263211,-0.96382,0.504612,0.826995,-0.247884,105.275,-2.41252,-30.3353,0.581211,0.770294,-0.174895,0.195581
1114,0,-0.447778,-0.405184,1.74353,-nan,-nan,-nan,0.822518,-0.553372,0.131314,-0.013755,-0.250173,-0.968103,0.568573,0.794476,-0.213384,104.489,-0.788126,-34.6545,0.582872,0.755989,-0.187545,0.231447
1121,0,-0.449238,-0.403353,1.74371,-nan,-nan,-nan,0.800458,-0.589181,0.110146,-0.0434011,-0.240255,-0.969739,0.597815,0.771455,-0.217886,103.915,-2.48748,-36.7539,0.579292,0.751432,-0.210459,0.235538
1129,0,-0.447932,-0.404682,1.74284,-nan,-nan,-nan,0.803623,-0.58115,0.128278,-0.0317871,-0.257149,-0.965849,0.59429,0.7721,-0.225124,104.909,-1.82157,-36.4834,0.57475,0.755959,-0.202702,0.238957
1137,0,-0.447252,-0.405779,1.74312,-nan,-nan,-nan,0.802333,-0.578104,0.148517,-0.0118406,-0.264192,-0.964398,0.596759,0.77201,-0.218815,105.32,-0.678435,-36.6411,0.57431,0.755867,-0.195122,0.246497
1145,0,-0.44741,-0.404964,1.74357,-nan,-nan,-nan,0.741791,-0.651677,0.158312,-0.0273452,-0.26526,-0.963789,0.670073,0.710601,-0.214588,105.388,-1.56696,-42.0921,0.561681,0.745258,-0.227781,0.277885
1152,0,-0.449833,-0.404369,1.74268,-nan,-nan,-nan,0.700438,-0.707028,0.0974589,-0.0930981,-0.225896,-0.969693,0.707616,0.670136,-0.224049,103.114,-5.34187,-45.2921,0.559127,0.733209,-0.272817,0.274504
1159,0,-0.449045,-0.405544,1.74391,-nan,-nan,-nan,0.667522,-0.736985,0.106152,-0.115257,-0.243118,-0.963125,0.735615,0.630672,-0.247229,104.167,-6.61846,-47.7784,0.542489,0.734484,-0.290082,0.286516
1166,0,-0.450533,-0.405767,1.74355,-nan,-nan,-nan,0.639899,-0.763616,0.0861376,-0.143728,-0.229042,-0.962747,0.754899,0.60368,-0.256317,103.382,-8.26364,-49.7133,0.537248,0.728913,-0.311198,0.288456
1174,0,-0.447518,-0.405258,1.74349,-nan,-nan,-nan,0.632786,-0.754642,0.173486,-0.0640027,-0.274254,-0.959525,0.771677,0.59607,-0.221843,105.951,-3.66959,-50.6478,0.533078,0.729535,-0.280537,0.323893
1182,0,-0.448738,-0.405227,1.74174,-nan,-nan,-nan,0.612084,-0.767354,0.191106,-0.0523659,-0.280464,-0.958435,0.789057,0.576635,-0.211851,106.311,-3.00172,-52.1987,0.529096,0.725327,-0.282534,0.337835
1190,0,-0.447477,-0.405612,1.74418,-nan,-nan,-nan,0.568425,-0.804626,0.17167,-0.0863975,-0.265882,-0.960126,0.818186,0.530928,-0.220652,105.479,-4.95639,-55.2108,0.52007,0.716756,-0.310783,0.345256
1197,0,-0.447943,-0.405907,1.74439,-nan,-nan,-nan,0.519027,-0.839974,0.158287,-0.110763,-0.249716,-0.961963,0.847551,0.481753,-0.222647,104.552,-6.35928,-58.5173,0.511533,0.705583,-0.336862,0.356385
1205,0,-0.449094,-0.404717,1.74512,-nan,-nan,-nan,0.51212,-0.848074,0.136026,-0.134437,-0.235563,-0.962516,0.848328,0.474637,-0.234649,103.752,-7.72606,-58.8814,0.510369,0.703977,-0.348915,0.349569
1213,0,-0.448096,-0.406718,1.7449,-nan,-nan,-nan,0.496997,-0.856468,0.139484,-0.159373,-0.2481,-0.955535,0.852991,0.452668,-0.259803,104.555,-9.17049,-59.7727,0.497266,0.707972,-0.358715,0.350464
1221,0,-0.446571,-0.408237,1.74414,-nan,-nan,-nan,0.48004,-0.856525,0.189545,-0.166424,-0.301062,-0.93897,0.861316,0.419198,-0.287068,107.777,-9.57997,-60.8676,0.472205,0.719057,-0.355657,0.365361
1229,0,-0.44744,-0.405947,1.7462,-nan,-nan,-nan,0.397812,-0.8996,0.180183,-0.137876,-0.25278,-0.957649,0.907048,0.356121,-0.224592,104.786,-7.92496,-66.3188,0.479698,0.684687,-0.378814,0.396981
1237,0,-0.447298,-0.405793,1.74613,-nan,-nan,-nan,0.349565,-0.91999,0.177265,-0.150686,-0.241944,-0.958518,0.924715,0.308353,-0.223205,104.166,-8.66671,-69.2922,0.470217,0.673557,-0.397397,0.409015
1245,0,-0.447226,-0.405811,1.74563,-nan,-nan,-nan,0.346182,-0.921048,0.178404,-0.154493,-0.243533,-0.957509,0.925359,0.303911,-0.226602,104.27,-8.88738,-69.4889,0.467987,0.673854,-0.399026,0.409496
1253,0,-0.446911,-0.406328,1.74351,-nan,-nan,-nan,0.331581,-0.926568,0.177555,-0.177616,-0.246147,-0.952819,0.926556,0.2844,-0.246191,104.485,-10.231,-70.3096,0.458051,0.675263,-0.408798,0.408771
1261,0,-0.447431,-0.407838,1.74473,-nan,-nan,-nan,0.27821,-0.945585,0.168723,-0.231367,-0.236458,-0.943693,0.932238,0.223508,-0.284562,104.067,-13.3776,-73.3832,0.435083,0.670677,-0.438718,0.410392
1269,0,-0.447609,-0.403445,1.74439,-nan,-nan,-nan,0.157651,-0.976656,0.14591,-0.187819,-0.174716,-0.966539,0.969469,0.124971,-0.210979,100.246,-10.8255,-80.7636,0.439305,0.621157,-0.468671,0.448912
1276,0,-0.44916,-0.40445,1.74521,-nan,-nan,-nan,0.0655652,-0.989347,0.129976,-0.198111,-0.14057,-0.970048,0.977984,0.0378517,-0.205217,98.2453,-11.4265,-86.1646,0.424199,0.594002,-0.49977,0.466312
1284,0,-0.448098,-0.40311,1.74398,-nan,-nan,-nan,-0.0126327,-0.990291,0.138438,-0.223114,-0.132166,-0.965791,0.974711,-0.0430878,-0.219278,97.7924,-12.892,-90.7425,0.398724,0.578535,-0.524343,0.48102
1291,0,-0.447716,-0.405318,1.74471,-nan,-nan,-nan,-0.072439,-0.986287,0.148292,-0.232612,-0.127876,-0.964126,0.969868,-0.104335,-0.220159,97.5553,-13.4509,-94.2715,0.380633,0.564711,-0.539611,0.495014
1299,0,-0.448602,-0.404588,1.74273,-nan,-nan,-nan,-0.181196,-0.975482,0.124912,-0.237051,-0.0799476,-0.968202,0.95445,-0.205045,-0.216753,94.7204,-13.7125,-100.749,0.361284,0.528087,-0.574021,0.510977
1307,0,-0.449823,-0.403384,1.74353,-nan,-nan,-nan,-0.262308,-0.959787,0.100016,-0.25918,-0.0297648,-0.96537,0.929527,-0.279147,-0.24095,91.766,-15.0214,-105.759,0.341679,0.502097,-0.606938,0.512622
1315,0,-0.450049,-0.40302,1.74515,-nan,-nan,-nan,-0.365724,-0.926573,0.0878008,-0.238088,0.00194122,-0.971242,0.899756,-0.37611,-0.221316,89.8855,-13.7737,-112.12,0.322064,0.461966,-0.630274,0.534431
1323,0,-0.449451,-0.404793,1.74235,-nan,-nan,-nan,-0.427775,-0.900424,0.0790296,-0.255336,0.0365057,-0.966163,0.867071,-0.433479,-0.245526,87.8362,-14.7935,-116.26,0.301332,0.441941,-0.653798,0.535197
1331,0,-0.450035,-0.399692,1.74719,-nan,-nan,-nan,-0.43126,-0.894307,0.119289,-0.252627,-0.0072337,-0.967537,0.866138,-0.447396,-0.222806,90.4284,-14.633,-116.469,0.29099,0.446872,-0.641645,0.551291
1339,0,-0.448708,-0.403388,1.74625,-nan,-nan,-nan,-0.461217,-0.876496,0.137964,-0.250314,-0.0206413,-0.967945,0.851247,-0.480967,-0.209879,91.2216,-14.4961,-118.449,0.277607,0.43855,-0.64235,0.56391
1346,0,-0.448786,-0.404481,1.74178,-nan,-nan,-nan,-0.424674,-0.897143,0.121604,-0.271956,-0.00170297,-0.962308,0.863535,-0.441738,-0.24326,90.1014,-15.7807,-116.187,0.287386,0.452849,-0.645413,0.543856
1354,0,-0.447287,-0.406094,1.74577,-nan,-nan,-nan,-0.428118,-0.890497,0.154047,-0.286308,-0.0280313,-0.957727,0.857171,-0.454125,-0.242956,91.6765,-16.6371,-116.54,0.274269,0.459039,-0.640906,0.550725
1361,0,-0.447105,-0.406723,1.74516,-nan,-nan,-nan,-0.43885,-0.879961,0.181876,-0.293424,-0.0509721,-0.954623,0.849301,-0.472303,-0.235833,93.0564,-17.0631,-117.326,0.26189,0.460422,-0.637125,0.559908
1369,0,-0.445962,-0.40666,1.74508,-nan,-nan,-nan,-0.441951,-0.874133,0.201422,-0.308392,-0.0627964,-0.949185,0.842362,-0.48161,-0.241822,93.7851,-17.9623,-117.684,0.251709,0.4644,-0.636588,0.5619
1376,0,-0.448776,-0.402237,1.74598,-nan,-nan,-nan,-0.45816,-0.876077,0.150261,-0.267225,-0.0254705,-0.963298,0.84775,-0.481498,-0.22244,91.5146,-15.4992,-118.389,0.271076,0.444339,-0.643259,0.561514
1383,0,-0.449508,-0.398695,1.74496,-nan,-nan,-nan,-0.461404,-0.878453,0.124207,-0.247898,-0.0067692,-0.968762,0.851853,-0.477782,-0.214643,90.4003,-14.3532,-118.442,0.281595,0.435892,-0.646003,0.559806
1391,0,-0.449973,-0.401546,1.74378,-nan,-nan,-nan,-0.444978,-0.889718,0.101963,-0.238101,0.00778058,-0.971209,0.863309,-0.456445,-0.215304,89.541,-13.7745,-117.268,0.294745,0.436619,-0.645768,0.552696
1399,0,-0.449206,-0.403035,1.74553,-nan,-nan,-nan,-0.387835,-0.915437,0.107514,-0.241249,-0.0117601,-0.970392,0.889597,-0.40229,-0.216287,90.6943,-13.9602,-113.556,0.309886,0.458315,-0.630944,0.5439
1407,0,-0.448724,-0.40445,1.74533,-nan,-nan,-nan,-0.425036,-0.894727,0.137145,-0.276959,-0.0156973,-0.960754,0.861765,-0.446338,-0.24113,90.936,-16.0788,-116.253,0.282018,0.456013,-0.642353,0.547632
1414,0,-0.447879,-0.406361,1.7433,-nan,-nan,-nan,-0.368083,-0.918721,0.14306,-0.292684,-0.0315531,-0.955688,0.882525,-0.393644,-0.257281,91.891,-17.0187,-112.64,0.292866,0.479779,-0.631231,0.534405
1422,0,-0.4481,-0.406301,1.74452,-nan,-nan,-nan,-0.336934,-0.932477,0.13024,-0.282631,-0.0317793,-0.958702,0.898106,-0.359829,-0.252839,91.8986,-16.4173,-110.564,0.30759,0.486745,-0.624098,0.528175
1430,0,-0.448536,-0.406589,1.74362,-nan,-nan,-nan,-0.299633,-0.94614,0.122636,-0.293625,-0.0308512,-0.955423,0.907747,-0.322285,-0.268566,91.8495,-17.0751,-108.267,0.316603,0.499946,-0.619949,0.515247
1438,0,-0.448273,-0.405806,1.74475,-nan,-nan,-nan,-0.29422,-0.947183,0.127591,-0.266191,-0.0470047,-0.962773,0.91792,-0.317231,-0.238302,92.7951,-15.4378,-107.772,0.324219,0.497767,-0.609409,0.525101
1445,0,-0.450134,-0.403904,1.74506,-nan,-nan,-nan,-0.227092,-0.968974,0.0975609,-0.243576,-0.0404819,-0.969037,0.942921,-0.243824,-0.226825,92.3922,-14.0977,-103.541,0.355528,0.509955,-0.59444,0.510085
1453,0,-0.450587,-0.402704,1.74657,-nan,-nan,-nan,-0.186095,-0.978142,0.0927722,-0.253569,-0.0434108,-0.966343,0.949248,-0.203356,-0.239948,92.5722,-14.6888,-101.092,0.364193,0.523752,-0.587927,0.497383
1461,0,-0.448554,-0.406066,1.74399,-nan,-nan,-nan,-0.136237,-0.982205,0.129275,-0.254415,-0.0914277,-0.962764,0.957451,-0.164053,-0.237432,95.4248,-14.7389,-98.0983,0.365686,0.546036,-0.56618,0.497552
1468,0,-0.447848,-0.405055,1.74271,-nan,-nan,-nan,-0.0797163,-0.985175,0.151908,-0.241738,-0.128738,-0.961764,0.967062,-0.11339,-0.227891,97.6241,-13.9891,-94.7123,0.375385,0.565003,-0.542879,0.495117
1476,0,-0.447779,-0.40425,1.74352,-nan,-nan,-nan,-0.0419928,-0.987517,0.151809,-0.206978,-0.140049,-0.96827,0.977444,-0.0720815,-0.198513,98.2301,-11.9453,-92.46,0.393524,0.569335,-0.524513,0.495865
1484,0,-0.44804,-0.403461,1.74434,-nan,-nan,-nan,-0.0109554,-0.989273,0.145666,-0.18838,-0.141024,-0.971918,0.982035,-0.0380882,-0.184814,98.2559,-10.8582,-90.6392,0.407187,0.573342,-0.513504,0.491723
1492,0,-0.447996,-0.403758,1.7452,-nan,-nan,-nan,0.0287477,-0.989338,0.142771,-0.197615,-0.145636,-0.969401,0.979858,-0.000345658,-0.199695,98.5438,-11.3975,-88.3195,0.413345,0.586105,-0.506288,0.478851
1499,0,-0.448879,-0.400915,1.74592,-nan,-nan,-nan,0.095827,-0.986118,0.135606,-0.204412,-0.152825,-0.966882,0.974183,0.0649339,-0.216219,98.9818,-11.7951,-84.3821,0.426258,0.605159,-0.491825,0.45847
1507,0,-0.448733,-0.40473,1.74458,-nan,-nan,-nan,0.165978,-0.973534,0.157109,-0.181267,-0.186724,-0.965545,0.969326,0.13178,-0.207461,100.945,-10.4435,-80.2835,0.439259,0.624532,-0.462266,0.450912
1514,0,-0.452239,-0.406273,1.74475,-nan,-nan,-nan,0.203257,-0.964343,0.169494,-0.185654,-0.207925,-0.960364,0.961363,0.163734,-0.221296,102.216,-10.6992,-78.062,0.439896,0.638843,-0.450032,0.442542
1522,0,-0.448973,-0.404336,1.74347,-nan,-nan,-nan,0.241562,-0.958268,0.152874,-0.159264,-0.194555,-0.967876,0.957227,0.209455,-0.199614,101.366,-9.16416,-75.8368,0.46027,0.639478,-0.436892,0.433987
1530,0,-0.448115,-0.404316,1.74287,-nan,-nan,-nan,0.273733,-0.951828,0.138183,-0.160481,-0.186856,-0.969191,0.948323,0.243123,-0.203899,100.912,-9.23484,-73.8992,0.469834,0.645075,-0.431077,0.421077
1538,0,-0.449063,-0.40128,1.74409,-nan,-nan,-nan,0.30352,-0.945341,0.119186,-0.177548,-0.17901,-0.967694,0.936137,0.272554,-0.222177,100.48,-10.227,-72.0359,0.474956,0.652822,-0.430014,0.404139
1545,0,-0.447435,-0.405614,1.74218,-nan,-nan,-nan,0.364062,-0.919546,0.147964,-0.173607,-0.223081,-0.959216,0.915051,0.323527,-0.240855,103.092,-9.99763,-68.3044,0.474375,0.676018,-0.404262,0.393117
1553,0,-0.448032,-0.405608,1.74287,-nan,-nan,-nan,0.398674,-0.905847,0.143181,-0.168209,-0.225702,-0.959565,0.901535,0.358469,-0.242353,103.236,-9.68373,-66.1442,0.482343,0.683142,-0.393058,0.38232
1561,0,-0.447781,-0.405842,1.74614,-nan,-nan,-nan,0.387474,-0.909186,0.152461,-0.153971,-0.226881,-0.961675,0.908932,0.349149,-0.227899,103.275,-8.85711,-66.9117,0.48288,0.678648,-0.391645,0.390995
1569,0,-0.448351,-0.405141,1.74303,-nan,-nan,-nan,0.510965,-0.849668,0.130304,-0.136541,-0.229887,-0.963592,0.848688,0.47457,-0.233478,103.418,-7.84773,-58.9493,0.511762,0.702554,-0.350937,0.348369
1577,0,-0.448269,-0.406065,1.74385,-nan,-nan,-nan,0.557988,-0.818604,0.136147,-0.1342,-0.250916,-0.958661,0.818926,0.516651,-0.249865,104.667,-7.71238,-55.7308,0.514103,0.717421,-0.332024,0.332815
1585,0,-0.448584,-0.406016,1.74323,-nan,-nan,-nan,0.610052,-0.782027,0.127552,-0.125073,-0.254,-0.959083,0.782428,0.569138,-0.252764,104.833,-7.18498,-52.0567,0.525188,0.727464,-0.311734,0.312723
1593,0,-0.452933,-0.405595,1.74053,-nan,-nan,-nan,0.662731,-0.737417,0.130399,-0.0955853,-0.256006,-0.961938,0.742732,0.625042,-0.240149,104.903,-5.48501,-48.2578,0.540041,0.734657,-0.283466,0.297122
1600,0,-0.451303,-0.397467,1.74268,-nan,-nan,-nan,0.704033,-0.707033,0.0666512,-0.1222,-0.213063,-0.969367,0.699575,0.674321,-0.236402,102.396,-7.01908,-44.818,0.560037,0.73374,-0.282536,0.261069
1607,0,-0.450146,-0.396932,1.74374,-nan,-nan,-nan,0.725605,-0.684983,0.0655411,-0.12319,-0.223021,-0.966998,0.676995,0.693585,-0.246208,102.987,-7.07626,-43.0151,0.560441,0.740749,-0.272756,0.250603
1616,0,-0.450064,-0.404549,1.74523,-nan,-nan,-nan,0.719085,-0.688371,0.0952,-0.0993057,-0.237377,-0.966328,0.68779,0.685418,-0.239054,103.801,-5.69919,-43.7257,0.557372,0.740864,-0.265797,0.264215
1624,0,-0.448038,-0.406574,1.74353,-nan,-nan,-nan,0.681585,-0.720141,0.129765,-0.108948,-0.275233,-0.955184,0.723583,0.636901,-0.266052,106.074,-6.25468,-46.712,0.533924,0.745465,-0.278044,0.28618
1631,0,-0.447373,-0.406768,1.74477,-nan,-nan,-nan,0.686153,-0.714528,0.13654,-0.10028,-0.278809,-0.955096,0.720512,0.64165,-0.262959,106.273,-5.75531,-46.3992,0.53488,0.746311,-0.272945,0.287096
1639,0,-0.448629,-0.406822,1.74512,-nan,-nan,-nan,0.660635,-0.739139,0.131285,-0.115172,-0.272603,-0.955208,0.74182,0.615924,-0.265219,105.928,-6.61355,-48.313,0.529814,0.74136,-0.288089,0.294427
1647,0,-0.448485,-0.407132,1.74355,-nan,-nan,-nan,0.647838,-0.745575,0.156278,-0.107483,-0.29256,-0.950187,0.754157,0.598771,-0.269668,107.113,-6.17025,-49.3367,0.520963,0.743315,-0.28691,0.306208
1655,0,-0.448576,-0.406917,1.74356,-nan,-nan,-nan,0.613324,-0.770701,0.17278,-0.102733,-0.294741,-0.950039,0.783122,0.564932,-0.259948,107.236,-5.89658,-51.9327,0.51445,0.736209,-0.296599,0.324603
1662,0,-0.448912,-0.405809,1.74288,-nan,-nan,-nan,0.632659,-0.764474,0.123781,-0.120965,-0.255424,-0.959232,0.764925,0.591894,-0.254071,104.911,-6.94781,-50.4063,0.529897,0.731805,-0.302485,0.303601
