137,0,-0.33713,-0.387128,1.45551,-nan,-nan,-nan,0.836334,0.548218,-0.00152861,0.170811,-0.263228,-0.949492,-0.520931,0.793831,-0.313788,105.495,9.83498,31.9177,0.561097,0.776748,0.231423,-0.168156
151,0,-0.334751,-0.386002,1.45355,-nan,-nan,-nan,0.832639,0.553184,0.0264534,0.171634,-0.212335,-0.962006,-0.52655,0.805544,-0.271744,102.447,9.88282,32.3087,0.580638,0.761038,0.238102,-0.164281
164,0,-0.335197,-0.384905,1.45352,-nan,-nan,-nan,0.828769,0.558784,0.0300408,0.160522,-0.185967,-0.969355,-0.536073,0.808194,-0.243821,100.86,9.23718,32.896,0.591393,0.751425,0.239314,-0.168358
178,0,-0.33448,-0.383812,1.45209,-nan,-nan,-nan,0.843276,0.536968,0.0234856,0.146892,-0.188213,-0.971081,-0.517019,0.822339,-0.237592,100.969,8.44688,31.5128,0.595288,0.753173,0.226993,-0.163818
192,0,-0.335455,-0.38538,1.45555,-nan,-nan,-nan,0.834552,0.550647,0.0176145,0.147837,-0.193031,-0.969991,-0.530723,0.812112,-0.2425,101.255,8.5016,32.4538,0.591401,0.75334,0.231796,-0.170278
204,0,-0.336466,-0.386498,1.46026,-nan,-nan,-nan,0.83549,0.549072,0.0218243,0.148793,-0.187819,-0.970868,-0.528977,0.814398,-0.238619,100.949,8.55697,32.3393,0.593517,0.751985,0.232007,-0.168605
213,0,-0.337494,-0.387659,1.46462,-nan,-nan,-nan,0.83251,0.553763,0.0165511,0.147966,-0.19346,-0.969886,-0.533885,0.809889,-0.242996,101.281,8.5091,32.6719,0.590774,0.753154,0.23293,-0.171722
221,0,-0.339094,-0.389316,1.47099,-nan,-nan,-nan,0.843551,0.536601,0.0219375,0.147854,-0.192773,-0.97004,-0.516295,0.821522,-0.241953,101.24,8.50261,31.4687,0.59347,0.754698,0.226731,-0.16376
230,0,-0.340574,-0.391204,1.4772,-nan,-nan,-nan,0.847629,0.529749,0.0298587,0.154285,-0.19224,-0.969144,-0.507663,0.826081,-0.24468,101.22,8.87532,30.9183,0.593866,0.755736,0.22628,-0.158059
239,0,-0.343376,-0.393283,1.48508,-nan,-nan,-nan,0.81302,0.581078,0.0366887,0.171685,-0.179049,-0.968744,-0.556347,0.793908,-0.245333,100.472,9.88582,34.3837,0.589202,0.747898,0.251627,-0.173706
253,0,-0.34391,-0.395321,1.49043,-nan,-nan,-nan,0.848813,0.527952,0.0279913,0.157574,-0.20209,-0.966607,-0.504666,0.824879,-0.254728,101.809,9.0661,30.7338,0.589914,0.759215,0.225735,-0.156963
267,0,-0.344392,-0.397642,1.49918,-nan,-nan,-nan,0.86087,0.507886,0.0309045,0.158594,-0.210115,-0.964728,-0.483478,0.835406,-0.261429,102.287,9.12529,29.3193,0.589348,0.763612,0.2182,-0.148169
280,0,-0.344752,-0.400154,1.50764,-nan,-nan,-nan,0.865575,0.499695,0.03293,0.158843,-0.211597,-0.964363,-0.47492,0.839959,-0.262526,102.375,9.13972,28.7525,0.589799,0.764803,0.215264,-0.144478
292,0,-0.331924,-0.400725,1.51258,-nan,-nan,-nan,0.661626,0.749094,0.033302,0.211711,-0.144016,-0.966663,-0.719326,0.64662,-0.253877,98.4738,12.2226,47.3926,0.562079,0.717551,0.334751,-0.239016
306,0,-0.313627,-0.401209,1.51498,-nan,-nan,-nan,0.421958,0.90609,0.03085,0.244205,-0.0808224,-0.96635,-0.873107,0.415293,-0.255375,94.7809,14.1349,64.2063,0.520999,0.662977,0.433761,-0.317604
313,0,-0.312866,-0.4032,1.51929,-nan,-nan,-nan,0.365562,0.930025,0.0376576,0.272388,-0.0682048,-0.959767,-0.890039,0.361112,-0.278261,94.0648,15.8064,67.6708,0.504752,0.654222,0.459482,-0.325723
322,0,-0.345474,-0.417392,1.56229,0.261903,0.254189,1.25377,0.867419,0.497573,0.00241899,0.156976,-0.269037,-0.950251,-0.472169,0.824646,-0.311475,105.808,9.03143,28.5611,0.56721,0.782293,0.209176,-0.150119
330,0,-0.346111,-0.42446,1.5771,0.261903,0.254189,1.25377,0.860517,0.509415,-0.00259518,0.139497,-0.240536,-0.960564,-0.48995,0.82622,-0.278048,104.058,8.01877,29.6557,0.579209,0.771217,0.210353,-0.159665
339,0,-0.350308,-0.426829,1.58791,0.261903,0.254189,1.25377,0.851312,0.524659,-9.36368e-05,0.13682,-0.222176,-0.965359,-0.506505,0.821809,-0.260925,102.961,7.86386,30.7514,0.584853,0.763939,0.21647,-0.165785
347,0,-0.35174,-0.429182,1.59679,0.261903,0.254189,1.25377,0.820227,0.571147,0.0319184,0.17178,-0.192704,-0.966104,-0.545637,0.797907,-0.256172,101.28,9.89133,33.6329,0.585523,0.753177,0.246598,-0.170517
355,0,-0.353278,-0.43105,1.60519,0.261903,0.254189,1.25377,0.791583,0.610087,0.0345178,0.176116,-0.173689,-0.968925,-0.585133,0.773063,-0.244935,100.163,10.1436,36.4716,0.585867,0.743338,0.264416,-0.185183
364,0,-0.355259,-0.433261,1.61332,0.261903,0.254189,1.25377,0.763475,0.645113,0.0305732,0.181835,-0.169291,-0.968647,-0.619711,0.745097,-0.246553,99.9135,10.4767,39.0662,0.580438,0.738126,0.280084,-0.199538
372,0,-0.356835,-0.435097,1.61966,0.261903,0.254189,1.25377,0.740788,0.670917,0.0332217,0.193056,-0.16527,-0.967169,-0.643399,0.72288,-0.251955,99.6971,11.1312,40.9754,0.575231,0.734509,0.294065,-0.207682
385,0,-0.358091,-0.436819,1.62587,0.261903,0.254189,1.25377,0.728795,0.683918,0.0333587,0.193842,-0.159346,-0.968005,-0.656721,0.711944,-0.248703,99.3478,11.1771,42.0222,0.574619,0.730897,0.300234,-0.213218
394,1,-0.359494,-0.438983,1.63225,0.261903,0.254189,1.25377,0.701053,0.712384,0.0321476,0.200815,-0.153963,-0.967455,-0.684249,0.684693,-0.250994,99.0424,11.5846,44.305,0.569231,0.725605,0.314634,-0.224675
404,1,-0.361867,-0.44164,1.64274,0.261903,0.254189,1.25377,0.678266,0.734092,0.0326114,0.209254,-0.150418,-0.966223,-0.704391,0.662181,-0.255635,98.8485,12.0787,46.0825,0.563962,0.721859,0.326708,-0.232656
413,1,-0.363922,-0.444097,1.65118,0.261903,0.254189,1.25377,0.651155,0.758253,0.0324048,0.214842,-0.14321,-0.966092,-0.727901,0.636037,-0.256156,98.4319,12.4063,48.1853,0.559417,0.715982,0.339776,-0.242847
422,1,-0.365162,-0.44564,1.65714,0.261903,0.254189,1.25377,0.63952,0.768074,0.0328036,0.216524,-0.139014,-0.966329,-0.737652,0.62509,-0.255209,98.1863,12.505,49.0758,0.557965,0.713047,0.345208,-0.247126
431,1,-0.367219,-0.448534,1.66726,0.261903,0.254189,1.25377,0.612046,0.790186,0.0317064,0.224161,-0.134898,-0.965171,-0.758388,0.597836,-0.259693,97.9565,12.9535,51.0952,0.551692,0.708279,0.358032,-0.256495
441,1,-0.368482,-0.45055,1.67511,0.261903,0.254189,1.25377,0.588552,0.807791,0.0328627,0.227366,-0.126376,-0.965574,-0.77583,0.575762,-0.258043,97.4566,13.142,52.8157,0.548665,0.702312,0.368482,-0.264472
449,1,-0.364604,-0.452098,1.68121,0.261903,0.254189,1.25377,0.561027,0.827433,0.0245553,0.204732,-0.109951,-0.972623,-0.802081,0.550696,-0.231087,96.4497,11.8138,55.0285,0.552266,0.689577,0.374202,-0.281885
458,1,-0.345824,-0.45313,1.68601,0.261903,0.254189,1.25377,0.532221,0.845939,0.0335936,0.202472,-0.0886556,-0.975267,-0.822038,0.525859,-0.218463,95.1941,11.6816,57.0793,0.553422,0.678111,0.386519,-0.290676
467,1,-0.340324,-0.453821,1.68787,0.261903,0.254189,1.25377,0.527248,0.849226,0.0287126,0.209743,-0.0973264,-0.9729,-0.823418,0.518982,-0.229435,95.7127,12.1073,57.3679,0.547834,0.68081,0.388864,-0.291824
475,1,-0.327045,-0.454529,1.69071,0.261903,0.254189,1.25377,0.506138,0.861982,0.0284797,0.218858,-0.0964278,-0.97098,-0.834222,0.497683,-0.237458,95.6714,12.642,58.7541,0.541353,0.678237,0.398401,-0.296999
484,1,-0.31323,-0.455906,1.69657,0.261903,0.254189,1.25377,0.499469,0.865811,0.0300236,0.218432,-0.0923215,-0.971475,-0.838342,0.49178,-0.235233,95.4286,12.617,59.2143,0.541275,0.675837,0.401074,-0.299006
492,1,-0.297096,-0.454431,1.71642,0.261903,0.254189,1.25377,0.561388,0.827552,-0.00125342,0.179963,-0.12356,-0.975882,-0.807748,0.547623,-0.218294,97.216,10.3676,55.2005,0.552163,0.68979,0.365153,-0.293206
501,1,-0.285434,-0.452367,1.72683,0.261903,0.254189,1.25377,0.596598,0.801865,-0.0329234,0.142993,-0.146577,-0.978809,-0.789699,0.579248,-0.202109,98.5168,8.2211,52.9299,0.55855,0.697367,0.338723,-0.294903
508,1,-0.275102,-0.451956,1.72985,0.261903,0.254189,1.25377,0.614385,0.788599,-0.0253451,0.140703,-0.141114,-0.979944,-0.776359,0.598497,-0.197656,98.1944,8.08851,51.6431,0.564716,0.698777,0.332475,-0.286824
522,1,-0.26543,-0.452381,1.73753,0.261903,0.254189,1.25377,0.639689,0.768258,0.0240565,0.184941,-0.123462,-0.974964,-0.746053,0.628122,-0.221059,97.2171,10.6577,49.3892,0.569027,0.70431,0.338345,-0.256278
530,1,-0.256334,-0.453198,1.7495,0.261903,0.254189,1.25377,0.675327,0.733298,0.0787927,0.227689,-0.10568,-0.967982,-0.701492,0.671645,-0.238332,96.2306,13.1611,46.0887,0.576913,0.710517,0.338129,-0.219101
540,1,-0.249411,-0.431249,1.77008,0.261903,0.254189,1.25377,0.637781,0.766896,0.0714574,0.269752,-0.135506,-0.953348,-0.721436,0.627302,-0.293295,98.0897