99,0,-0.335315,-0.388949,1.457,-nan,-nan,-nan,0.839281,0.543163,0.02409,0.187114,-0.246955,-0.95079,-0.510485,0.802488,-0.308898,104.56,10.7844,31.3097,0.566443,0.773811,0.235935,-0.157143
106,0,-0.33855,-0.397425,1.45705,-nan,-nan,-nan,0.838893,0.54409,-0.0149906,0.160899,-0.274202,-0.948116,-0.519971,0.792956,-0.31757,106.13,9.25911,31.7919,0.558373,0.779529,0.226095,-0.171566
114,0,-0.33892,-0.397421,1.46061,-nan,-nan,-nan,0.851526,0.523917,-0.0203511,0.145163,-0.272877,-0.951034,-0.503817,0.806876,-0.308415,106.01,8.34673,30.6112,0.563523,0.779875,0.214483,-0.168029
122,0,-0.339556,-0.394665,1.45917,-nan,-nan,-nan,0.772056,0.635545,0.00339383,0.143805,-0.169488,-0.974984,-0.619071,0.753231,-0.222249,99.8615,8.26811,38.7243,0.587435,0.735492,0.264908,-0.209274
130,0,-0.339669,-0.395475,1.45991,-nan,-nan,-nan,0.767648,0.64073,0.0134595,0.141083,-0.148468,-0.978802,-0.62515,0.753274,-0.204368,98.6251,8.11053,39.1583,0.594729,0.728094,0.268445,-0.210031
137,0,-0.342239,-0.396231,1.46245,-nan,-nan,-nan,0.737344,0.675355,0.0148275,0.149362,-0.141586,-0.978593,-0.658798,0.723774,-0.20527,98.2326,8.58994,41.78,0.589595,0.721838,0.285631,-0.223032
146,0,-0.342433,-0.396493,1.46575,-nan,-nan,-nan,0.719056,0.694953,-0.000353364,0.140668,-0.146044,-0.979226,-0.680567,0.704068,-0.202771,98.4827,8.08649,43.4248,0.585286,0.719005,0.290548,-0.236758
153,0,-0.343026,-0.398949,1.47453,-nan,-nan,-nan,0.685422,0.727993,0.014968,0.161028,-0.1315,-0.97815,-0.710118,0.672856,-0.20736,97.6568,9.26657,46.0138,0.580207,0.711386,0.312425,-0.244294
161,0,-0.343464,-0.398422,1.47547,-nan,-nan,-nan,0.673578,0.738683,-0.0253127,0.118985,-0.142171,-0.982665,-0.729476,0.658889,-0.183656,98.2324,6.83352,47.2815,0.580463,0.707002,0.303276,-0.266898
169,0,-0.342508,-0.397964,1.47992,-nan,-nan,-nan,0.67122,0.740034,-0.0425896,0.0886586,-0.137192,-0.986569,-0.735937,0.658428,-0.157696,97.9168,5.08644,47.6333,0.586586,0.70109,0.295502,-0.277613
177,0,-0.345094,-0.400251,1.48782,-nan,-nan,-nan,0.607729,0.793902,-0.0196367,0.0863795,-0.0906629,-0.992128,-0.789433,0.601249,-0.123675,95.2213,4.95536,52.4099,0.59021,0.67492,0.326069,-0.299691
184,0,-0.343071,-0.399214,1.48971,-nan,-nan,-nan,0.688023,0.724003,-0.0494399,0.0374265,-0.103439,-0.993931,-0.724723,0.681997,-0.0982652,95.9414,2.14488,46.4881,0.609573,0.687337,0.276949,-0.281581
192,0,-0.342178,-0.398548,1.48806,-nan,-nan,-nan,0.700933,0.710024,-0.0675218,0.0104162,-0.104851,-0.994433,-0.713151,0.696327,-0.0808894,96.0189,0.596812,45.4951,0.615466,0.686781,0.262252,-0.284178
200,0,-0.343653,-0.396183,1.49173,-nan,-nan,-nan,0.683106,0.71789,-0.134168,-0.104849,-0.0854066,-0.990814,-0.722754,0.690898,0.016928,94.9266,-6.01844,46.6154,0.63534,0.661737,0.231603,-0.323739
207,0,-0.343767,-0.394272,1.49158,-nan,-nan,-nan,0.667192,0.733686,-0.128683,-0.14139,-0.0448758,-0.988936,-0.731343,0.678005,0.0737948,92.5982,-8.12827,47.6263,0.651174,0.639975,0.231375,-0.335961
215,0,-0.345603,-0.390115,1.50075,-nan,-nan,-nan,0.586953,0.792624,-0.165025,-0.228055,-0.0337139,-0.973064,-0.776838,0.608778,0.160974,91.9843,-13.1826,52.9265,0.65464,0.604089,0.233645,-0.389787
223,0,-0.342232,-0.390463,1.49634,-nan,-nan,-nan,0.636718,0.758031,-0.141345,-0.273853,0.0509425,-0.960422,-0.720829,0.650226,0.240025,86.9638,-15.8936,48.5454,0.694206,0.580033,0.208686,-0.371606
231,0,-0.340197,-0.391936,1.49354,-nan,-nan,-nan,0.64127,0.744771,-0.184631,-0.373351,0.0926391,-0.923053,-0.670359,0.660859,0.337468,84.2689,-21.9225,46.2705,0.719614,0.550264,0.168746,-0.388445
239,0,-0.327266,-0.387463,1.49977,-nan,-nan,-nan,0.605155,0.750531,-0.2655,-0.524,0.124441,-0.842578,-0.599342,0.649013,0.468584,81.5987,-31.601,44.7235,0.741313,0.503023,0.112585,-0.429822
246,0,-0.318841,-0.385157,1.50765,-nan,-nan,-nan,0.57391,0.760137,-0.304661,-0.601816,0.139185,-0.786413,-0.555378,0.63468,0.537342,79.9633,-37.0001,44.0598,0.750073,0.473652,0.0835642,-0.45394
254,0,-0.316922,-0.376079,1.51386,-nan,-nan,-nan,0.531837,0.778165,-0.334079,-0.680091,0.157405,-0.716031,-0.504604,0.608016,0.612937,77.6019,-42.8507,43.4949,0.758647,0.436319,0.056194,-0.480545
261,0,-0.316102,-0.369467,1.52022,-nan,-nan,-nan,0.494992,0.799044,-0.341338,-0.738958,0.180472,-0.649131,-0.457082,0.573549,0.679792,74.463,-47.6427,42.7198,0.767342,0.398349,0.0377095,-0.501081
269,0,-0.303414,-0.357932,1.53152,-nan,-nan,-nan,0.455859,0.818628,-0.349345,-0.800343,0.205292,-0.5633,-0.389415,0.536381,0.748767,69.976,-53.1628,40.5055,0.776195,0.354189,0.0129061,-0.521444
277,0,-0.300131,-0.344138,1.53748,-nan,-nan,-nan,0.420017,0.845935,-0.328601,-0.843428,0.230214,-0.485418,-0.334983,0.481035,0.81018,64.6269,-57.5039,38.574,0.784285,0.308068,0.00203448,-0.538505
285,0,-0.302594,-0.340213,1.53771,-nan,-nan,-nan,0.357506,0.878004,-0.318273,-0.894181,0.223463,-0.387949,-0.269499,0.423288,0.864984,60.0575,-63.4034,37.01,0.781977,0.259354,-0.0155931,-0.566572
292,0,-0.301102,-0.337842,1.53863,-nan,-nan,-nan,0.29907,0.906359,-0.298446,-0.928166,0.203705,-0.311467,-0.221506,0.370158,0.902174,56.8146,-68.1507,36.5255,0.775395,0.219767,-0.0248069,-0.591481
300,0,-0.300822,-0.333698,1.54071,-nan,-nan,-nan,0.192565,0.936652,-0.292578,-0.971934,0.140993,-0.188325,-0.135143,0.320631,0.937514,53.1789,-76.3933,35.0613,0.753504,0.168863,-0.0522341,-0.633237
307,0,-0.301122,-0.333849,1.53947,-nan,-nan,-nan,0.20188,0.928471,-0.311747,-0.971876,0.150503,-0.181123,-0.121249,0.339545,0.932742,50.2754,-76.3793,30.989,0.755832,0.172217,-0.0630096,-0.628562
315,0,-0.300648,-0.332542,1.53956,-nan,-nan,-nan,0.168522,0.937875,-0.303302,-0.980028,0.126468,-0.15346,-0.105568,0.323105,0.940456,50.5076,-78.5299,32.0645,0.74757,0.159371,-0.0661254,-0.641379
323,0,-0.301941,-0.332239,1.53668,-nan,-nan,-nan,0.121596,0.933015,-0.33867,-0.984137,0.0689193,-0.163477,-0.129185,0.353176,0.926595,67.1404,-79.781,46.7333,0.727515,0.17754,-0.0719865,-0.658802
330,0,-0.301805,-0.332329,1.53633,-nan,-nan,-nan,0.0936662,0.9252,-0.367738,-0.983728,0.0291263,-0.177285,-0.153313,0.37836,0.912874,80.6702,-79.6499,58.5773,0.713384,0.194722,-0.0751436,-0.66897
338,0,-0.301909,-0.333001,1.53632,-nan,-nan,-nan,0.0605225,0.926109,-0.372371,-0.980093,-0.0155338,-0.197931,-0.18909,0.376937,0.906732,94.4874,-78.5484,72.2516,0.69852,0.205745,-0.0655961,-0.682229
346,0,-0.302129,-0.333796,1.53719,-nan,-nan,-nan,0.0381705,0.929628,-0.366517,-0.976163,-0.0437339,-0.212587,-0.213656,0.365895,0.905799,101.625,-77.4648,79.8708,0.689245,0.209825,-0.0554451,-0.69126
354,0,-0.302246,-0.333612,1.53715,-nan,-nan,-nan,0.0111206,0.93111,-0.364568,-0.974658,-0.07137,-0.21201,-0.223424,0.357687,0.90672,108.605,-77.0735,87.1505,0.679425,0.209625,-0.051935,-0.701243
361,0,-0.303372,-0.332543,1.53641,-nan,-nan,-nan,0.00240611,0.923254,-0.384182,-0.981397,-0.0715737,-0.17815,-0.191975,0.377464,0.905907,111.888,-78.9311,89.2819,0.677632,0.204984,-0.0709113,-0.702687
369,0,-0.30235,-0.332767,1.53709,-nan,-nan,-nan,-0.0143657,0.923591,-0.383109,-0.980144,-0.0887887,-0.177297,-0.197766,0.372955,0.906528,116.601,-78.5632,94.1547,0.671449,0.204875,-0.0690087,-0.708816
376,0,-0.303031,-0.332757,1.53655,-nan,-nan,-nan,-0.031354,0.921322,-0.387534,-0.977567,-0.109061,-0.180188,-0.208276,0.373191,0.904074,121.185,-77.8411,98.5611,0.664014,0.208346,-0.0674902,-0.714928
384,0,-0.303006,-0.332792,1.5368,-nan,-nan,-nan,-0.0257688,0.917237,-0.397508,-0.977759,-0.105919,-0.18102,-0.208142,0.384002,0.899566,120.333,-77.8934,97.0576,0.664808,0.212476,-0.0712109,-0.71261
391,0,-0.30173,-0.332045,1.53398,-nan,-nan,-nan,-0.0472012,0.923036,-0.381807,-0.979441,-0.117819,-0.163749,-0.19613,0.366228,0.909621,125.735,-78.3618,103.532,0.660417,0.200622,-0.0702877,-0.720181
399,0,-0.300067,-0.33191,1.53317,-nan,-nan,-nan,-0.0156756,0.942205,-0.33467,-0.980336,-0.0803322,-0.180243,-0.196711,0.325264,0.924937,114.022,-78.6189,94.5562,0.67619,0.186895,-0.0510061,-0.7108
407,0,-0.300599,-0.331328,1.53366,-nan,-nan,-nan,-0.0342451,0.944869,-0.325652,-0.981589,-0.0930643,-0.166801,-0.187912,0.313944,0.93066,119.159,-78.9885,100.328,0.671444,0.178997,-0.051285,-0.717281
414,0,-0.300854,-0.331529,1.53374,-nan,-nan,-nan,-0.056469,0.932551,-0.356595,-0.981647,-0.117023,-0.150584,-0.182157,0.341547,0.922044,