115,0,-0.336847,-0.397902,1.45369,0.765648,-0.0964864,2.36902,0.826706,0.561765,0.0312656,0.215462,-0.264766,-0.939933,-0.519744,0.783785,-0.339923,105.732,12.4427,32.1573,0.552724,0.779647,0.249224,-0.156634
123,0,-0.335502,-0.405354,1.45073,0.765648,-0.0964864,2.36902,0.834366,0.550849,0.0199545,0.18493,-0.245642,-0.951557,-0.519263,0.797637,-0.306824,104.475,10.6571,31.8958,0.566105,0.772469,0.238126,-0.161595
131,0,-0.335195,-0.413377,1.44841,0.765648,-0.0964864,2.36902,0.839621,0.542767,0.0209706,0.164766,-0.217712,-0.962005,-0.517579,0.811175,-0.272225,102.752,9.48363,31.6515,0.580879,0.763145,0.231782,-0.162685
140,0,-0.337151,-0.425281,1.46251,0.765648,-0.0964864,2.36902,0.801591,0.597062,0.0311359,0.170441,-0.17829,-0.969104,-0.573064,0.782132,-0.244679,100.424,9.81345,35.5613,0.587074,0.745748,0.257293,-0.181673
150,0,-0.33848,-0.427241,1.46692,0.765648,-0.0964864,2.36902,0.81754,0.575484,0.0211318,0.153027,-0.181724,-0.97137,-0.555167,0.797367,-0.236632,100.596,8.80241,34.1793,0.591436,0.747646,0.243602,-0.178572
158,0,-0.341797,-0.430192,1.4743,0.765648,-0.0964864,2.36902,0.843134,0.53622,-0.0399071,0.0890037,-0.212369,-0.973128,-0.530286,0.816925,-0.226782,102.311,5.1063,32.1677,0.592449,0.755362,0.206929,-0.188715
167,0,-0.344143,-0.431711,1.48088,0.765648,-0.0964864,2.36902,0.855099,0.517704,-0.0280806,0.0840091,-0.191797,-0.977832,-0.511614,0.833784,-0.207497,101.097,4.81905,30.8925,0.603284,0.750732,0.200376,-0.179723
175,0,-0.346707,-0.432224,1.48618,0.765648,-0.0964864,2.36902,0.858398,0.512984,-0.000706829,0.0979517,-0.165259,-0.981374,-0.503546,0.84234,-0.192106,99.5587,5.62123,30.3963,0.612583,0.744272,0.205212,-0.169378
183,0,-0.351083,-0.433512,1.49373,0.765648,-0.0964864,2.36902,0.875342,0.483305,0.013881,0.0952292,-0.144186,-0.984958,-0.474034,0.863497,-0.172237,98.3283,5.46451,28.4374,0.624283,0.740231,0.19539,-0.155409
192,0,-0.353815,-0.435029,1.50748,0.765648,-0.0964864,2.36902,0.905184,0.424481,0.0213862,0.0731176,-0.105957,-0.991679,-0.418683,0.899216,-0.126947,96.0987,4.19307,24.8224,0.646583,0.73111,0.170152,-0.135854
200,0,-0.355804,-0.436824,1.51275,0.765648,-0.0964864,2.36902,0.923181,0.384364,0.00048848,0.0509663,-0.121153,-0.991325,-0.38097,0.915197,-0.131436,96.9678,2.92142,22.4245,0.646257,0.737525,0.147565,-0.128973
208,0,-0.358471,-0.419128,1.53498,0.765648,-0.0964864,2.36902,0.905377,0.42377,-0.0266697,-0.00489625,-0.0523866,-0.998615,-0.42458,0.904254,-0.0453548,93.0029,-0.280535,25.1244,0.672242,0.707658,0.147979,-0.159417
218,0,-0.368767,-0.409575,1.54379,0.765648,-0.0964864,2.36902,0.90739,0.42022,-0.00759245,0.0122815,-0.0445682,-0.998931,-0.420109,0.906327,-0.0456016,92.5546,0.703695,24.8435,0.674022,0.706675,0.153006,-0.151308
225,0,-0.381404,-0.400011,1.54819,0.765648,-0.0964864,2.36902,0.913948,0.405336,-0.0200476,0.00967506,-0.0711467,-0.997419,-0.405716,0.911395,-0.068946,94.08,0.554349,23.9372,0.665931,0.716596,0.144786,-0.148537
235,0,-0.387137,-0.389592,1.54834,0.765648,-0.0964864,2.36902,0.924616,0.377948,-0.0473241,-3.47833e-05,-0.124159,-0.992262,-0.3809,0.917464,-0.114786,97.1322,-0.00199293,22.3894,0.649167,0.735453,0.128463,-0.145565
244,0,-0.385188,-0.380289,1.54759,0.765648,-0.0964864,2.36902,0.959474,0.281402,-0.0148982,0.0352793,-0.172405,-0.984394,-0.279579,0.943975,-0.175346,99.9339,2.02178,16.2455,0.634768,0.759478,0.104243,-0.0969343
252,1,-0.383747,-0.362369,1.55031,0.765648,-0.0964864,2.36902,0.938214,0.34282,-0.0472178,0.0331025,-0.224727,-0.973859,-0.344469,0.912125,-0.22219,102.994,1.89698,20.1609,0.610593,0.772193,0.121706,-0.12681
260,0,-0.38211,-0.353001,1.54898,0.765648,-0.0964864,2.36902,0.927639,0.3727,-0.0240963,0.0676585,-0.23115,-0.970563,-0.367298,0.898702,-0.23964,103.396,3.87951,21.6011,0.6035,0.774343,0.142171,-0.126363
269,0,-0.38267,-0.344028,1.54998,0.765648,-0.0964864,2.36902,0.895507,0.445033,-0.0037187,0.118648,-0.246784,-0.96178,-0.428941,0.860839,-0.273799,104.391,6.81411,25.5941,0.586286,0.777189,0.181321,-0.139175
278,1,-0.382765,-0.334688,1.55013,0.765648,-0.0964864,2.36902,0.868297,0.49601,0.00597287,0.146174,-0.244344,-0.958608,-0.474019,0.833229,-0.284667,104.3,8.40529,28.6309,0.578637,0.774162,0.20738,-0.151146
286,0,-0.381737,-0.336228,1.55178,0.765648,-0.0964864,2.36902,0.83626,0.548234,-0.0104224,0.120073,-0.201635,-0.972073,-0.535025,0.811654,-0.234448,101.719,6.89631,32.6104,0.591645,0.753715,0.221671,-0.18092
294,0,-0.384028,-0.3489,1.5495,0.765648,-0.0964864,2.36902,0.823247,0.561505,0.0835196,0.169814,-0.103196,-0.980058,-0.541689,0.821013,-0.180307,96.0108,9.77701,33.3445,0.620432,0.725732,0.251925,-0.15783
303,0,-0.381018,-0.348956,1.54983,0.765648,-0.0964864,2.36902,0.817605,0.575506,0.0177451,0.0860985,-0.0917289,-0.992055,-0.569306,0.812637,-0.124548,95.2827,4.9392,34.8498,0.632718,0.713071,0.231956,-0.193375
312,0,-0.382867,-0.34942,1.55003,0.765648,-0.0964864,2.36902,0.838439,0.544873,-0.0115748,0.0652444,-0.121437,-0.990453,-0.541076,0.829679,-0.137367,96.99,3.74088,32.8357,0.628418,0.724093,0.210649,-0.190808
321,0,-0.38484,-0.349235,1.54757,0.765648,-0.0964864,2.36902,0.828057,0.55983,-0.0302121,0.0621243,-0.145179,-0.987453,-0.557192,0.81579,-0.154996,98.3639,3.56176,33.9362,0.618038,0.729423,0.213166,-0.201325
329,0,-0.386177,-0.349489,1.54604,0.765648,-0.0964864,2.36902,0.845516,0.53353,-0.0211709,0.0694305,-0.149171,-0.986371,-0.529416,0.832523,-0.16317,98.5998,3.98128,32.0525,0.619107,0.734482,0.205233,-0.187407
337,0,-0.384092,-0.350219,1.54711,0.765648,-0.0964864,2.36902,0.852486,0.52274,-0.00321421,0.0907404,-0.154029,-0.983891,-0.514814,0.838461,-0.178742,98.8975,5.2062,31.1277,0.616384,0.739131,0.207501,-0.175215
347,1,-0.383131,-0.350793,1.54871,0.765648,-0.0964864,2.36902,0.864919,0.501911,0.000970614,0.0953899,-0.162482,-0.98209,-0.492764,0.849521,-0.188411,99.3942,5.47376,29.6711,0.615229,0.74428,0.20063,-0.165191
355,0,-0.382697,-0.351037,1.54818,0.765648,-0.0964864,2.36902,0.865179,0.501461,0.00183903,0.0994206,-0.167935,-0.980772,-0.49151,0.848726,-0.195149,99.7164,5.7058,29.601,0.6128,0.746368,0.201268,-0.164018
363,0,-0.38294,-0.350502,1.54663,0.765648,-0.0964864,2.36902,0.853489,0.521101,-0.00309634,0.0947072,-0.160954,-0.982407,-0.512432,0.838181,-0.186725,99.3045,5.43447,30.9805,0.613557,0.741817,0.207534,-0.173739
372,0,-0.38456,-0.34956,1.54727,0.765648,-0.0964864,2.36902,0.841195,0.540721,-0.00331089,0.0811903,-0.132356,-0.987871,-0.534602,0.830724,-0.155238,97.6311,4.65699,32.437,0.623218,0.729519,0.213124,-0.184338
381,0,-0.386858,-0.3511,1.54815,0.765648,-0.0964864,2.36902,0.838566,0.544738,-0.00823181,0.101107,-0.170455,-0.980164,-0.535336,0.8211,-0.198015,99.8653,5.80292,32.554,0.606238,0.742805,0.217367,-0.182944
390,1,-0.384396,-0.352241,1.54739,0.765648,-0.0964864,2.36902,0.845265,0.534179,-0.0133984,0.112682,-0.202703,-0.972735,-0.522331,0.82071,-0.23153,101.771,6.46997,31.7139,0.593934,0.7549,0.214221,-0.177417
398,0,-0.38159,-0.350409,1.54206,0.765648,-0.0964864,2.36902,0.86401,0.50347,-0.00230688,0.106536,-0.187301,-0.976508,-0.492075,0.843467,-0.215468,100.858,6.11565,29.6626,0.604409,0.752791,0.202581,-0.164183
407,0,-0.382009,-0.348657,1.54235,0.765648,-0.0964864,2.36902,0.883307,0.468791,0.0021169,0.0768933,-0.140427,-0.987101,-0.462447,0.872075,-0.160087,98.0967,4.41002,27.6339,0.629046,0.738888,0.18463,-0.155751
415,0,-0.383608,-0.348158,1.54204,0.765648,-0.0964864,2.36902,0.886453,0.462693,-0.0108082,0.0579668,-0.134165,-0.989262,-0.459175,0.876308,-0.145751,97.7234,3.32312,27.3838,0.633746,0.735929,0.176871,-0.159656
423,0,-0.383858,-0.348012,1.54181,0.765648,-0.0964864,2.36902,0.882479,0.47035,-0.00156653,0.0668409,-0.128703,-0.989428,-0.465579,0.873044,-0.145017,97.4113,3.83256,27.8153,0.634184,0.7342,0.182917,-0.159066
431,1,-0.385232,-0.349201,1.54227,0.765648,-0.0964864,2.36902,0.866859,0.498376,-0.013276,0.0792413,-0.164023,-0.983269,-0.492215,0.851304,-0.181677,99.4705,4.54496,29.5885,0.616677,0.743734,0.194161,-0.169917
442,0,-0.381351,-0.349129,1.54135,0.765648,-0.0964864,2.36902,0.857701,0.513923,-0.0152448,0.0826484,-0.167078,-0.982474,-0.507463,0.841408,-0.185778,99.6513,4.74081,30.6109,0.613361,0.743397,0.200623,-0.175783
450,0,-0.381842,-0.349204,1.54475,0.765648