107,0,-0.335581,-0.387417,1.45928,-0.66759,-0.204259,2.45466,0.815795,0.576344,0.0480188,0.215948,-0.226536,-0.949762,-0.536512,0.785181,-0.309268,103.415,12.4712,33.3311,0.565683,0.766746,0.258329,-0.159275
113,0,-0.336754,-0.384909,1.46269,-0.66759,-0.204259,2.45466,0.79512,0.605364,0.036317,0.199181,-0.204115,-0.95847,-0.572811,0.769332,-0.282873,102.022,11.4891,35.7693,0.571868,0.755332,0.266288,-0.177569
121,0,-0.337858,-0.380896,1.46574,-0.66759,-0.204259,2.45466,0.783342,0.620958,0.0280389,0.180387,-0.183929,-0.966246,-0.59484,0.761959,-0.256092,100.778,10.3923,37.2117,0.579509,0.745547,0.26871,-0.190062
127,0,-0.338848,-0.37359,1.46984,-0.66759,-0.204259,2.45466,0.78176,0.623115,0.0240477,0.168965,-0.174548,-0.970043,-0.600251,0.762405,-0.241739,100.201,9.72767,37.5178,0.584267,0.741291,0.267129,-0.194324
135,0,-0.340048,-0.362769,1.47569,-0.66759,-0.204259,2.45466,0.78004,0.625151,0.0269033,0.172284,-0.173239,-0.969694,-0.601544,0.761035,-0.242837,100.129,9.92063,37.6384,0.583945,0.740965,0.269053,-0.193883
142,0,-0.339211,-0.34731,1.48278,-0.66759,-0.204259,2.45466,0.82115,0.569818,0.0319544,0.151384,-0.163486,-0.974862,-0.550269,0.805345,-0.220508,99.52,8.70711,33.8268,0.599407,0.742486,0.242833,-0.17452
149,0,-0.327835,-0.335723,1.49585,-0.66759,-0.204259,2.45466,0.873298,0.486617,0.0235626,0.106177,-0.1429,-0.984025,-0.475476,0.861849,-0.176462,98.2627,6.09497,28.5666,0.623285,0.740382,0.200165,-0.152595
156,0,-0.318548,-0.331325,1.50528,-0.66759,-0.204259,2.45466,0.875635,0.482679,0.0168446,0.092721,-0.133774,-0.986665,-0.473989,0.86552,-0.161891,97.7212,5.32016,28.4271,0.628484,0.736767,0.195245,-0.155118
163,0,-0.308776,-0.325508,1.51316,-0.66759,-0.204259,2.45466,0.880021,0.474738,0.0136347,0.0904103,-0.139272,-0.986118,-0.466249,0.869038,-0.165483,98.0388,5.18721,27.9154,0.627548,0.739049,0.191174,-0.153107
171,0,-0.299855,-0.315385,1.52313,-0.66759,-0.204259,2.45466,0.887401,0.45962,0.0356287,0.11597,-0.147768,-0.982199,-0.446174,0.875736,-0.184431,98.5557,6.65956,26.6927,0.623539,0.744916,0.193173,-0.137782
178,0,-0.297066,-0.308877,1.54933,-0.66759,-0.204259,2.45466,0.795873,0.605464,0.000417564,0.0858467,-0.112161,-0.989975,-0.599347,0.78793,-0.141243,96.4639,4.92471,36.9823,0.620981,0.715765,0.241459,-0.209192
185,0,-0.300163,-0.294672,1.55592,-0.66759,-0.204259,2.45466,0.70463,0.709532,0.00786736,0.0335181,-0.0222074,-0.999191,-0.708783,0.704324,-0.0394301,91.2732,1.9208,45.1684,0.640896,0.664505,0.27955,-0.263699
192,0,-0.30076,-0.282796,1.55859,-0.66759,-0.204259,2.45466,0.689884,0.723874,0.00814087,0.0229621,-0.0106413,-0.99968,-0.723556,0.68985,-0.023963,90.6099,1.31575,46.3647,0.643288,0.656599,0.284358,-0.272394
199,0,-0.301562,-0.273503,1.56376,-0.66759,-0.204259,2.45466,0.689861,0.723935,0.00299149,0.019503,-0.014454,-0.999705,-0.723679,0.689716,-0.0240901,90.8283,1.11751,46.3705,0.642518,0.657344,0.282743,-0.27409
206,0,-0.302712,-0.264756,1.56952,-0.66759,-0.204259,2.45466,0.694063,0.719909,0.00265546,0.026131,-0.0215063,-0.999427,-0.71944,0.693735,-0.0337387,91.2327,1.49736,46.0285,0.640082,0.661307,0.282033,-0.270973
213,0,-0.302698,-0.259495,1.57033,-0.66759,-0.204259,2.45466,0.713679,0.700435,0.0072676,0.0925462,-0.0840016,-0.992159,-0.694332,0.708756,-0.124773,94.8394,5.3101,44.2128,0.613373,0.693263,0.28596,-0.247765
221,0,-0.303596,-0.26064,1.57506,-0.66759,-0.204259,2.45466,0.721711,0.69175,0.0248168,0.137254,-0.107874,-0.984644,-0.678451,0.714034,-0.1728,96.2522,7.889,43.2303,0.600216,0.707528,0.292923,-0.230957
229,0,-0.304914,-0.261676,1.58092,-0.66759,-0.204259,2.45466,0.729569,0.683378,0.0269005,0.136153,-0.106585,-0.984937,-0.670218,0.722242,-0.170805,96.1762,7.82532,42.5721,0.602532,0.708336,0.289245,-0.227052
236,0,-0.305773,-0.262243,1.58591,-0.66759,-0.204259,2.45466,0.716011,0.697665,0.0243205,0.129276,-0.0982783,-0.986726,-0.686014,0.709651,-0.16056,95.6879,7.42775,43.7743,0.603567,0.702647,0.294224,-0.235429
243,0,-0.306514,-0.263178,1.59002,-0.66759,-0.204259,2.45466,0.726779,0.686392,0.0256345,0.136177,-0.107408,-0.984845,-0.673237,0.719256,-0.171533,96.2242,7.82666,42.8098,0.601631,0.708117,0.290407,-0.228635
250,0,-0.307999,-0.264118,1.59622,-0.66759,-0.204259,2.45466,0.723849,0.689563,0.0233517,0.128119,-0.101079,-0.986594,-0.677959,0.717137,-0.161512,95.8497,7.36092,43.125,0.604413,0.704706,0.290079,-0.232227
257,0,-0.309275,-0.26558,1.60356,-0.66759,-0.204259,2.45466,0.708205,0.705394,0.0294103,0.138731,-0.0981973,-0.98545,-0.692242,0.70198,-0.167404,95.6906,7.97444,44.347,0.600542,0.702461,0.300417,-0.235896
264,0,-0.310299,-0.266538,1.60966,-0.66759,-0.204259,2.45466,0.700922,0.712945,0.0204243,0.126916,-0.0964945,-0.987209,-0.701855,0.694549,-0.158119,95.5826,7.29142,45.0381,0.601313,0.699202,0.300293,-0.243646
271,0,-0.311948,-0.267986,1.61788,-0.66759,-0.204259,2.45466,0.693694,0.720061,0.0173606,0.128006,-0.0995277,-0.986767,-0.708804,0.686736,-0.161214,95.7595,7.35438,45.6173,0.59853,0.699006,0.303312,-0.247296
278,0,-0.313799,-0.269718,1.62715,-0.66759,-0.204259,2.45466,0.682309,0.730831,0.0184302,0.125972,-0.0927003,-0.987693,-0.720128,0.676234,-0.155314,95.3618,7.23687,46.5447,0.59881,0.69468,0.308344,-0.252526
285,0,-0.308644,-0.272926,1.65103,-0.66759,-0.204259,2.45466,0.616677,0.786787,0.0260087,0.153804,-0.0880166,-0.984173,-0.772045,0.610917,-0.175289,95.1105,8.84744,51.3836,0.581672,0.685562,0.343,-0.272053
293,0,-0.298014,-0.272964,1.65372,-0.66759,-0.204259,2.45466,0.619209,0.784551,0.0325485,0.13412,-0.0648311,-0.988842,-0.773687,0.616665,-0.145368,93.7511,7.70776,51.3285,0.593509,0.676278,0.339606,-0.273977
300,0,-0.286005,-0.265182,1.65787,-0.66759,-0.204259,2.45466,0.65639,0.753998,0.0252995,0.139221,-0.0881033,-0.986334,-0.741465,0.650942,-0.162803,95.1043,8.00279,48.4828,0.592765,0.690524,0.323384,-0.259283
307,0,-0.27551,-0.258844,1.66366,-0.66759,-0.204259,2.45466,0.680729,0.732358,0.0161375,0.133081,-0.101977,-0.985845,-0.720346,0.673241,-0.166882,95.9057,7.64769,46.6197,0.594111,0.698138,0.30991,-0.252174
314,0,-0.264132,-0.250146,1.66664,-0.66759,-0.204259,2.45466,0.688865,0.72476,0.0137135,0.13195,-0.106768,-0.98549,-0.71278,0.680678,-0.169181,96.1833,7.58229,45.9775,0.594331,0.700859,0.305593,-0.24936
321,0,-0.253837,-0.233229,1.67105,-0.66759,-0.204259,2.45466,0.673769,0.738936,0.00299172,0.123639,-0.108742,-0.986351,-0.728525,0.664943,-0.164629,96.2913,7.10218,47.2361,0.591692,0.6977,0.309078,-0.259973
328,0,-0.244907,-0.221647,1.67525,-0.66759,-0.204259,2.45466,0.665335,0.74649,0.00903207,0.119727,-0.0947531,-0.988275,-0.736882,0.658615,-0.152418,95.4766,6.87634,47.9209,0.595434,0.691467,0.313181,-0.263154
335,0,-0.241882,-0.21023,1.6802,-0.66759,-0.204259,2.45466,0.660197,0.750713,0.0238647,0.118561,-0.0727855,-0.990275,-0.741676,0.656607,-0.137058,94.2037,6.80907,48.3264,0.602153,0.683747,0.317835,-0.262455
343,0,-0.241181,-0.200188,1.68549,-0.66759,-0.204259,2.45466,0.645893,0.763108,0.0221251,0.11361,-0.0674196,-0.991235,-0.754927,0.642745,-0.130242,93.891,6.52343,49.4507,0.601712,0.678888,0.322851,-0.269854
350,0,-0.249552,-0.184242,1.71675,-0.66759,-0.204259,2.45466,0.593981,0.799194,0.0920676,0.14264,0.00800551,-0.989742,-0.791733,0.60102,-0.109242,89.5366,8.20062,53.1217,0.61089,0.651002,0.361686,-0.268688
357,0,-0.254392,-0.17379,1.72853,-0.66759,-0.204259,2.45466,0.604309,0.795801,0.0388799,0.113489,-0.0376744,-0.992825,-0.788626,0.604385,-0.113081,92.1731,6.51647,52.5378,0.602817,0.662394,0.343183,-0.282968
364,0,-0.253013,-0.16304,1.73633,-0.66759,-0.204259,2.45466,0.601016,0.799216,-0.00581308,0.0875401,-0.0730568,-0.993478,-0.794429,0.596587,-0.113872,94.2058,5.02211,52.8911,0.594577,0.66857,0.331587,-0.299236
372,0,-0.252564,-0.15406,1.74555,-0.66759,-0.204259,2.45466,0.595193,0.803567,-0.00495276,0.0874513,-0.0708985,-0.993643,-0.79881,0.590976,-0.112471,94.0813,5.017,53.3102,0.594101,0.666814,0.334058,-0.301344
379,0,-0.248676,-0.141831,1.76064,-0.66759,-0.204259,2.45466,0.550237,0.834974,0.00759208,0.0921786,-0.0517029,-0.994399,-0.829905,0.547856,-0.105416,92.9764,5.28896,56.4551,0.590152,0.653329,0.35478,-0.314662
386,0,-0.249755,-0.129572,1.76774,-0.66759,-0.204259,2.45466,0.522007,0.852874,0.0106598,0.0854547,-0.0398601,-0.995544,-0.848649,0.520593,-0.0936894,92.2928,4.90217,58.4042,0.589164,0.643342,0.364631,-0.325639
393,0,-0.25075,-0.117977,1.77449,-0.66759,-0.204259,2.45466,0.51399,0.857694,0.0132062,0.0707955,-0.0270725,-0.997123,-0.85487,0.513446,-0.0746359,91.5552,4.05968,58.9836,0.594197,0.635551,0.365231,-0.331076
400,0,-0.25185,-0.106185,1.78296,-0.66759,-0.204259,2.45466,0.487372,0.87312,0.0113805,0.0618026,-0.0214915,-0.997857,-0.871005,0.487031,-0.0644355,91.2338,3.54329,60.7707,0.591913,0.627156,0.372684,-0.342668
407,0,-0.253463,-0.0966857,1.79471,-0.66759,-0.204259,2.45466,0.507492,0.861647,0.00398865,0.0568198,-0.0288459,-0.997968,-0.859781,0.506687,-0.0635977,91.6557,3.25729,59.4485,0.594779,0.632443,0.363063,-0.338289
414,0,-0.251307,-0.117859,1.77883,-0.66759,-0.204259,2.45466,0.663783,0.747859,0.00996963,0.0684457,-0.0474663,-0.996525,-0.744787,0.662159,-0.0826951,92.727,3.92472,48.2913,0.619197,0.669691,0.304732,-0.274312
422,0,-0.251584,-0.118222,1.78017,-0.66759,-0.204259,2.45466,0.692454,0.721351,0.0126585,0.0734437,-0.0530255,-0.995889,-0.717714,0.690537,-0.0896964,93.0478,4.21181,46.0262,0.622441,0.677343,0.29335,-0.260228
429,0,-0.252312,-0.118811,1.78474,-0.66759,-0.204259,2.45466,0.717091,0.696893,0.0109971,0.0656269,-0.0518041,-0.996499,-0.693883,0.715302,-0.0828832,92.9759,3.76285,44.0577,0.628968,0.6804,0.280173,-0.250913
436,0,-0.252571,-0.118401,1.78787,-0.66759,-0.204259,2.45466,0.721137,0.692751,0.00758397,0.0566012,-0.0480031,-0.997242,-0.690476,0.719578,-0.0738274,92.7559,3.24475,43.7557,0.632319,0.67878,0.275992,-0.251515
443,0,-0.253677,-0.118957,1.7969,-0.66759,-0.204259,2.45466,0.731037,0.682304,0.00686766,0.0571572,-0.0512039,-0.997051,-0.67994,0.729274,-0.0764305,92.9399,3.27665,42.926,0.633128,0.681665,0.271196,-0.246848
450,0,-0.255471,-0.118939,1.8093,-0.66759,-0.204259,2.45466,0.747083,0.664686,0.00766356,0.0429606,-0.0367751,-0.9984,-0.663341,0.746217,-0.0560294,92.1095,2.46222,41.6021,0.643094,0.678212,0.26085,-0.241693
457,0,-0.257511,-0.119568,1.82282,-0.66759,-0.204259,2.45466,0.769171,0.639015,0.00605582,0.0336191,-0.0309999,-0.998954,-0.638159,0.768569,-0.0453273,91.7775,1.9266,39.6815,0.650547,0.679245,0.247567,-0.232649
465,0,-0.258227,-0.120247,1.8291,-0.66759,-0.204259,2.45466,0.776689,0.629884,0.000365647,0.0320631,-0.0389562,-0.998726,-0.629067,0.775712,-0.0504528,92.2337,1.83739,39.0052,0.649477,0.683026,0.242285,-0.230116
472,0,-0.25981,-0.121356,1.84058,-0.66759,-0.204259,2.45466,0.80711,0.590397,-0.00248577,0.0250328,-0.0384273,-0.998948,-0.589871,0.806198,-0.0457943,92.203,1.43442,36.161,0.656294,0.687628,0.223751,-0.215362
479,0,-0.261726,-0.127528,1.85489,-0.66759,-0.204259,2.45466,0.873595,0.486653,-0.000652473,0.0347271,-0.0636761,-0.997366,-0.485413,0.871272,-0.0725272,93.6531,1.99012,29.0587,0.659051,0.708837,0.183886,-0.171431
486,0,-0.255184,-0.121106,1.85882,-0.66759,-0.204259,2.45466,0.855946,0.517065,0.00095092,0.0424026,-0.0683599,-0.996759,-0.515324,0.853212,-0.0804372,93.9233,2.43022,31.0501,0.653289,0.707945,0.197568,-0.181643
493,0,-0.239009,-0.120962,1.86341,-0.66759,-0.204259,2.45466,0.86818,0.496118,0.0114303,0.0515226,-0.0672049,-0.996408,-0.493568,0.86565,-0.0839072,93.8586,2.95333,29.6186,0.655185,0.710509,0.192693,-0.169645
500,0,-0.226229,-0.123645,1.87087,-0.66759,-0.204259,2.45466,0.863466,0.504308,0.00996315,0.058065,-0.079758,-0.995122,-0.501054,0.859832,-0.0981511,94.5824,3.32875,30.1258,0.649145,0.714384,0.196804,-0.171858
507,0,-0.213588,-0.123871,1.87489,-0.66759,-0.204259,2.45466,0.862287,0.506244,0.0133778,0.0546789,-0.0668079,-0.996266,-0.50346,0.859799,-0.0852884,93.8364,3.13444,30.2792,0.653871,0.709645,0.197607,-0.172651
514,0,-0.209646,-0.123533,1.87944,-0.66759,-0.204259,2.45466,0.82685,0.561954,0.0229602,0.0732134,-0.0670691,-0.995059,-0.557637,0.824445,-0.0965987,93.856,4.19857,33.9962,0.644822,0.705429,0.2251,-0.189487
521,0,-0.207036,-0.124633,1.88248,-0.66759,-0.204259,2.45466,0.837651,0.545488,0.0279796,0.0700405,-0.0564694,-0.995945,-0.541696,0.836214,-0.0855079,93.2452,4.01631,32.8901,0.65109,0.703496,0.218739,-0.182558
527,0,-0.207186,-0.121164,1.90337,-0.66759,-0.204259,2.45466,0.804686,0.593309,0.0215892,0.0764334,-0.0674661,-0.99479,-0.588761,0.802143,-0.0996376,93.8798,4.38359,36.1916,0.63984,0.702102,0.238477,-0.201955
534,0,-0.181386,-0.107029,1.9392,-0.66759,-0.204259,2.45466,0.778317,0.627686,0.0152942,0.0707082,-0.0634207,-0.995479,-0.623878,0.775879,-0.0937439,93.6453,4.05466,38.7147,0.636622,0.695608,0.251001,-0.218724
541,0,-0.178114,-0.095325,1.9479,-0.66759,-0.204259,2.45466,0.77752,0.628826,0.00642907,0.0511755,-0.0530805,-0.997278,-0.626773,0.775732,-0.0734516,93.0467,2.93342,38.8729,0.642454,0.689937,0.2464,-0.224783
548,1,-0.179602,-0.0830117,1.95535,-0.66759,-0.204259,2.45466,0.748959,0.662522,0.0112205,0.0391776,-0.0273723,-0.998857,-0.661458,0.748542,-0.0464567,91.5697,2.24529,41.45,0.647134,0.675053,0.259868,-0.24081
555,1,-0.178969,-0.0789932,1.961,-0.66759,-0.204259,2.45466,0.714209,0.699869,0.00943614,0.0284293,-0.0155361,-0.999475,-0.699355,0.714102,-0.0309928,90.8905,1.6291,44.398,0.645693,0.663464,0.27443,-0.259969
562,1,-0.180342,-0.0775137,1.97375,-0.66759,-0.204259,2.45466,0.647585,0.761881,0.0130868,0.0371771,-0.0144365,-0.999204,-0.761086,0.647556,-0.0376734,90.8278,2.13058,49.6065,0.631561,0.651862,0.306452,-0.28687
570,1,-0.18132,-0.0838432,1.98131,-0.66759,-0.204259,2.45466,0.64386,0.765105,0.0076839,0.0486711,-0.0309321,-0.998336,-0.763594,0.643163,-0.0571544,91.7747,2.78975,49.8625,0.623653,0.658017,0.309177,-0.287192
577,1,-0.183198,-0.0842005,1.98755,-0.66759,-0.204259,2.45466,0.634249,0.773127,0.00180514,0.041194,-0.0314626,-0.998656,-0.772031,0.63347,-0.0518033,91.8045,2.36091,50.5958,0.622692,0.65527,0.310682,-0.293858
584,1,-0.18422,-0.0846483,1.99338,-0.66759,-0.204259,2.45466,0.617603,0.786342,0.0152525,0.0495693,-0.0195631,-0.998579,-0.784927,0.617481,-0.0510607,91.1223,2.84128,51.8033,0.621888,0.649659,0.321673,-0.296184
591,1,-0.184633,-0.0850244,2.00013,-0.66759,-0.204259,2.45466,0.601958,0.798302,0.0189819,0.0522819,-0.0156807,-0.998509,-0.796814,0.602053,-0.0511758,90.8997,2.9969,52.9305,0.619496,0.645913,0.329218,-0.301059
598,1,-0.184381,-0.0854181,2.00424,-0.66759,-0.204259,2.45466,0.582617,0.812194,0.0299585,0.0587765,-0.00534093,-0.998257,-0.810619,0.583362,-0.0508497,90.3065,3.36959,54.294,0.617743,0.64008,0.340181,-0.304907
604,1,-0.183227,-0.0857345,2.01366,-0.66759,-0.204259,2.45466,0.5346,0.844202,0.0390685,0.06383,0.00576246,-0.997944,-0.842691,0.535995,-0.0508048,89.6692,3.65968,57.6091,0.610237,0.628419,0.361237,-0.3197
611,1,-0.16203,-0.0858898,2.01931,-0.66759,-0.204259,2.45466,0.649074,0.760498,0.0186026,0.0610334,-0.027685,-0.997752,-0.758273,0.64875,-0.0643853,91.5894,3.49913,49.4368,0.6239,0.659762,0.311298,-0.280279
618,1,-0.163312,-0.0856366,2.0224,-0.66759,-0.204259,2.45466,0.64791,0.761623,0.0119875,0.0447339,-0.0223352,-0.998749,-0.760402,0.647636,-0.0485415,91.2811,2.56392,49.5669,0.6279,0.655512,0.307529,-0.285431
625,1,-0.172114,-0.0857634,2.02911,-0.66759,-0.204259,2.45466,0.642069,0.766369,0.0206261,0.0447318,-0.0105909,-0.998943,-0.765341,0.642313,-0.0410812,90.6074,2.5638,50.0056,0.630555,0.650719,0.311617,-0.286112
633,1,-0.167519,-0.0858399,2.02721,-0.66759,-0.204259,2.45466,0.461985,0.88614,-0.0364146,0.0248476,-0.0539751,-0.998233,-0.88654,0.460264,-0.0469542,93.095,1.42381,62.4755,0.583321,0.625083,0.364347,-0.369133
640,1,-0.167866,-0.0858775,2.02863,-0.66759,-0.204259,2.45466,0.443053,0.89611,-0.0262869,0.0319167,-0.0450699,-0.998474,-0.895927,0.441538,-0.0485693,92.5845,1.82901,63.6867,0.580821,0.619817,0.374315,-0.37197
647,1,-0.170991,-0.0859504,2.02912,-0.66759,-0.204259,2.45466,0.420195,0.907354,-0.0120176,0.0381634,-0.0309021,-0.998794,-0.906631,0.41923,-0.0476126,91.7721,2.18713,65.1337,0.579155,0.612109,0.386172,-0.375198
653,1,-0.167943,-0.0868782,2.03763,-0.66759,-0.204259,2.45466,0.332816,0.942055,-0.0420261,0.0608405,-0.0659254,-0.995968,-0.941027,0.328917,-0.0792561,93.787,3.48806,70.5227,0.544893,0.607865,0.412467,-0.404306
660,1,-0.169459,-0.0870374,2.04328,-0.66759,-0.204259,2.45466,0.338666,0.940007,-0.0411415,0.0529453,-0.0626948,-0.996627,-0.939416,0.335346,-0.0710016,93.5996,3.03496,70.1754,0.548856,0.606705,0.409158,-0.40405
667,1,-0.17242,-0.086686,2.04616,-0.66759,-0.204259,2.45466,0.325037,0.945139,-0.0326056,0.0442732,-0.0496475,-0.997785,-0.944665,0.322873,-0.0579816,92.8486,2.5375,71.0129,0.551681,0.59847,0.413309,-0.408237
673,1,-0.174766,-0.0868089,2.05529,-0.66759,-0.204259,2.45466,0.341602,0.939686,-0.0172816,0.0281761,-0.0286188,-0.999193,-0.939422,0.34084,-0.0362529,91.6406,1.61459,70.0172,0.564963,0.592974,0.408054,-0.40335
680,1,-0.177345,-0.0870411,2.05683,-0.66759,-0.204259,2.45466,0.350055,0.936729,-0.00020448,0.0353555,-0.0134305,-0.999285,-0.936062,0.349797,-0.0378199,90.77,2.02614,69.4959,0.569826,0.591884,0.410589,-0.39546
686,1,-0.170778,-0.0881061,2.06965,-0.66759,-0.204259,2.45466,0.219927,0.974728,-0.0392166,0.0378533,-0.0486976,-0.998096,-0.974782,0.218024,-0.0476066,92.7933,2.16935,77.286,0.530005,0.573636,0.4413,-0.441917
694,1,-0.171011,-0.0872667,2.06436,-0.66759,-0.204259,2.45466,0.187229,0.981628,-0.036766,0.0361639,-0.0442905,-0.998364,-0.98165,0.185594,-0.043792,92.5402,2.07249,79.2017,0.524201,0.564649,0.450631,-0.450907
700,1,-0.17445,-0.0869598,2.06385,-0.66759,-0.204259,2.45466,0.157724,0.987172,-0.024775,0.0348676,-0.0306408,-0.998922,-0.986867,0.15669,-0.0392531,91.7569,1.99817,80.9196,0.521496,0.55399,0.461218,-0.456526
707,1,-0.177867,-0.0871488,2.06418,-0.66759,-0.204259,2.45466,0.167567,0.9858,-0.010963,0.0373339,-0.0174575,-0.99915,-0.985153,0.167016,-0.039729,91.001,2.13957,80.3468,0.526873,0.553343,0.462251,-0.450045
712,1,-0.17874,-0.0873797,2.06286,-0.66759,-0.204259,2.45466,0.20091,0.979592,-0.00583187,0.0442502,-0.0150224,-0.998908,-0.97861,0.200433,-0.0463653,90.8616,2.53618,78.3983,0.533742,0.56176,0.45564,-0.438106
720,1,-0.179438,-0.0872455,2.06099,-0.66759,-0.204259,2.45466,0.226834,0.973891,0.00905352,0.0428423,-0.000690911,-0.999082,-0.972991,0.227013,-0.0418805,90.0396,2.45543,76.877,0.544119,0.563339,0.451208,-0.427778
726,1,-0.172128,-0.0871579,2.08111,-0.66759,-0.204259,2.45466,0.327888,0.944132,-0.0332301,0.0195535,-0.0419495,-0.998928,-0.944514,0.326887,-0.0322159,92.4047,1.12041,70.8555,0.559849,0.592042,0.406933,-0.41287
733,1,-0.173679,-0.0882613,2.08548,-0.66759,-0.204259,2.45466,0.317071,0.947813,-0.0334278,0.0214287,-0.042397,-0.998871,-0.94816,0.315997,-0.0337533,92.4305,1.22787,71.5097,0.556983,0.590174,0.410574,-0.415804
738,1,-0.176533,-0.0877213,2.07933,-0.66759,-0.204259,2.45466,0.29543,0.955314,-0.00979689,0.0249254,-0.0179585,-0.999528,-0.955039,0.295047,-0.029117,91.0293,1.42827,72.8112,0.558649,0.579333,0.423004,-0.416357
745,1,-0.176244,-0.0869172,2.06583,-0.66759,-0.204259,2.45466,0.322438,0.94651,-0.0123613,0.0271378,-0.0222965,-0.999383,-0.946201,0.321904,-0.0328754,91.2781,1.55507,71.1824,0.562865,0.586858,0.414771,-0.408345
751,1,-0.175925,-0.0869573,2.06271,-0.66759,-0.204259,2.45466,0.360056,0.932769,-0.0173643,0.0279581,-0.0293926,-0.999177,-0.932511,0.359275,-0.0366614,91.685,1.60209,68.8877,0.568771,0.597099,0.402248,-0.397704
758,1,-0.177108,-0.0871363,2.05996,-0.66759,-0.204259,2.45466,0.368584,0.929574,-0.00610243,0.0344184,-0.0202067,-0.999203,-0.928957,0.36808,-0.0394423,91.1585,1.97242,68.3582,0.572043,0.597543,0.403315,-0.39121
764,1,-0.173742,-0.0879171,2.09483,-0.66759,-0.204259,2.45466,0.382371,0.923454,-0.0320147,0.0214101,-0.0434928,-0.998824,-0.923761,0.381236,-0.0364016,92.4933,1.2268,67.514,0.57063,0.604621,0.390685,-0.395196
772,1,-0.17314,-0.0882123,2.09544,-0.66759,-0.204259,2.45466,0.426959,0.90286,-0.0504979,0.0180597,-0.0643464,-0.997764,-0.90409,0.425093,-0.0437786,93.6899,1.0348,64.7208,0.574203,0.619493,0.371643,-0.38523
778,1,-0.173435,-0.0875314,2.08222,-0.66759,-0.204259,2.45466,0.490742,0.870168,-0.044508,0.0269614,-0.066223,-0.997441,-0.870888,0.488286,-0.0559594,93.7985,1.54496,60.5989,0.584927,0.635005,0.353198,-0.360389
785,1,-0.177145,-0.0874735,2.0804,-0.66759,-0.204259,2.45466,0.516594,0.855844,-0.0257244,0.0257379,-0.0455518,-0.99863,-0.855843,0.515225,-0.0455594,92.6117,1.47483,58.8845,0.596968,0.633977,0.34764,-0.347634
792,1,-0.17943,-0.0882841,2.08337,-0.66759,-0.204259,2.45466,0.54819,0.836077,-0.0214975,0.0320624,-0.0466934,-0.998395,-0.835739,0.546621,-0.0524035,92.6777,1.83735,56.7377,0.601891,0.641733,0.338201,-0.333953
799,1,-0.170532,-0.0874181,2.07803,-0.66759,-0.204259,2.45466,0.458049,0.88779,-0.0449507,0.0113059,-0.0563816,-0.998345,-0.888855,0.456783,-0.0358628,93.2324,0.647796,62.7368,0.584338,0.622554,0.361051,-0.37499
806,1,-0.170757,-0.0876712,2.08383,-0.66759,-0.204259,2.45466,0.375061,0.925849,-0.0461897,0.025284,-0.0600257,-0.997877,-0.926655,0.373097,-0.0459224,93.4424,1.44882,67.9645,0.563275,0.608484,0.39078,-0.399701
812,1,-0.173089,-0.0883297,2.08153,-0.66759,-0.204259,2.45466,0.473468,0.879359,-0.050546,0.0307237,-0.0738387,-0.996797,-0.880275,0.470399,-0.0619774,94.2365,1.76061,61.7258,0.578285,0.634288,0.358703,-0.366876
819,1,-0.17676,-0.0882079,2.07471,-0.66759,-0.204259,2.45466,0.44552,0.89486,-0.0271674,0.0390781,-0.0497542,-0.997997,-0.894419,0.443566,-0.0571359,92.8541,2.23958,63.5216,0.578496,0.622979,0.374787,-0.36983
825,1,-0.177925,-0.0875673,2.0677,-0.66759,-0.204259,2.45466,0.461869,0.886899,-0.00933635,0.0347698,-0.0286233,-0.998985,-0.886267,0.461075,-0.0440575,91.6412,1.99256,62.4742,0.589319,0.619385,0.37201,-0.361489
832,1,-0.170652,-0.0877362,2.09726,-0.66759,-0.204259,2.45466,0.552894,0.830266,-0.0704763,0.0022686,-0.0860794,-0.996286,-0.833249,0.55068,-0.0494763,94.9381,0.129981,56.4341,0.59526,0.649702,0.320353,-0.347746
840,1,-0.17105,-0.0885583,2.1027,-0.66759,-0.204259,2.45466,0.585881,0.807705,-0.0660013,0.000249249,-0.0816227,-0.996663,-0.810397,0.58391,-0.0480226,94.6818,0.0142809,54.1347,0.603373,0.654891,0.308431,-0.334559
846,1,-0.173383,-0.0886812,2.08488,-0.66759,-0.204259,2.45466,0.641042,0.76646,-0.0400626,0.00506509,-0.056422,-0.998394,-0.767489,0.639809,-0.040051,93.2345,0.29021,50.1299,0.621403,0.659074,0.292655,-0.306321
853,1,-0.175019,-0.0871027,2.06381,-0.66759,-0.204259,2.45466,0.679331,0.733378,-0.0258197,0.00694819,-0.0416113,-0.99911,-0.733799,0.678547,-0.0333635,92.3849,0.398105,47.2073,0.633316,0.662251,0.279473,-0.286756
859,1,-0.175921,-0.0865139,2.05208,-0.66759,-0.204259,2.45466,0.694236,0.719731,-0.00492639,0.0190726,-0.0252384,-0.9995,-0.719495,0.693795,-0.0312485,91.4465,1.09285,46.0236,0.639873,0.661574,0.279184,-0.273749
866,1,-0.176564,-0.0864167,2.04743,-0.66759,-0.204259,2.45466,0.706892,0.707308,0.00445438,0.0273654,-0.0210554,-0.999404,-0.706792,0.706592,-0.0342396,91.2069,1.56812,44.9959,0.642572,0.663737,0.276718,-0.264539
872,1,-0.176035,-0.0862234,2.04313,-0.66759,-0.204259,2.45466,0.732264,0.681019,0.00125143,0.0241344,-0.0241139,-0.999418,-0.680593,0.731868,-0.0340937,91.3822,1.38293,42.9055,0.646927,0.669043,0.263494,-0.253848
879,1,-0.175442,-0.0854744,2.03885,-0.66759,-0.204259,2.45466,0.772682,0.63455,-0.0175881,0.0122947,-0.0426612,-0.999014,-0.634674,0.771704,-0.0407651,92.4452,0.70445,39.3994,0.649857,0.681195,0.237393,-0.239382
885,1,-0.166574,-0.0889511,2.07869,-0.66759,-0.204259,2.45466,0.770197,0.637432,-0.0218473,0.0382797,-0.0803905,-0.996028,-0.636656,0.766302,-0.0863173,94.6144,2.1938,39.5776,0.633145,0.695864,0.24276,-0.236578
893,1,-0.170232,-0.0877302,2.06631,-0.66759,-0.204259,2.45466,0.791033,0.611282,-0.0245186,0.0249363,-0.0722618,-0.997074,-0.611265,0.788107,-0.0724046,94.1452,1.42889,37.6948,0.641554,0.695647,0.228643,-0.228486
900,1,-0.17247,-0.0869907,2.05606,-0.66759,-0.204259,2.45466,0.798143,0.601973,-0.0244269,0.012428,-0.0569869,-0.998298,-0.60234,0.79648,-0.052965,93.2671,0.712089,37.041,0.649652,0.690669,0.222394,-0.22687
906,1,-0.175077,-0.086731,2.05223,-0.66759,-0.204259,2.45466,0.815127,0.57894,-0.0198857,0.0114738,-0.0504571,-0.99866,-0.579168,0.813807,-0.0477717,92.8924,0.657417,35.3947,0.655152,0.691621,0.213417,-0.21654
913,1,-0.168757,-0.0859741,2.07106,-0.66759,-0.204259,2.45466,0.78809,0.613265,-0.0531066,-0.0313782,-0.0461383,-0.998442,-0.614759,0.788529,-0.0171181,92.6458,-1.79813,37.9564,0.656665,0.680321,0.213828,-0.245423
920,1,-0.171267,-0.0865882,2.05994,-0.66759,-0.204259,2.45466,0.808163,0.588482,-0.0237069,-0.00469027,-0.0338203,-0.999417,-0.588941,0.807802,-0.0245721,91.9381,-0.268734,36.0823,0.661394,0.68311,0.213652,-0.224213
927,1,-0.173407,-0.0861521,2.05484,-0.66759,-0.204259,2.45466,0.81294,0.581993,-0.020291,-0.000271094,-0.0344653,-0.999406,-0.582347,0.812463,-0.0278605,91.9751,-0.0155325,35.6158,0.661554,0.684702,0.2124,-0.220037
933,1,-0.175298,-0.0862158,2.04745,-0.66759,-0.204259,2.45466,0.837281,0.546748,-0.00526283,0.0107947,-0.0261527,-0.9996,-0.546667,0.836889,-0.0277991,91.4987,0.618503,33.1408,0.667707,0.68761,0.20271,-0.200669
941,1,-0.176262,-0.0857333,2.04381,-0.66759,-0.204259,2.45466,0.842016,0.538943,-0.0234161,0.00270537,-0.0476253,-0.998862,-0.539445,0.840995,-0.0415594,92.7298,0.155007,32.646,0.661973,0.694838,0.194883,-0.202515
947,1,-0.176959,-0.0862338,2.03602,-0.66759,-0.204259,2.45466,0.857071,0.515049,-0.0124178,0.0159835,-0.0506733,-0.998587,-0.51495,0.855662,-0.0516629,92.905,0.915825,30.9985,0.662332,0.699894,0.189683,-0.188374
954,1,-0.177719,-0.0859301,2.04055,-0.66759,-0.204259,2.45466,0.834534,0.550518,-0.0219709,0.00893327,-0.053393,-0.998534,-0.550884,0.833114,-0.0494762,93.0608,0.511845,33.4292,0.657964,0.695953,0.200966,-0.205781
960,1,-0.171621,-0.0866537,2.06669,-0.66759,-0.204259,2.45466,0.687337,0.726303,-0.0072424,0.0126356,-0.0219261,-0.99968,-0.726229,0.687025,-0.0242478,91.2565,0.723983,46.576,0.640539,0.658314,0.280618,-0.278541
968,1,-0.173543,-0.0865349,2.05138,-0.66759,-0.204259,2.45466,0.795972,0.605327,-0.00281251,0.0226812,-0.0344668,-0.999148,-0.604909,0.79523,-0.0411642,91.9757,1.29965,37.2335,0.655809,0.684033,0.229524,-0.22211
975,1,-0.174515,-0.0862866,2.04702,-0.66759,-0.204259,2.45466,0.839691,0.543032,-0.00591959,0.0216324,-0.0443378,-0.998782,-0.542634,0.83854,-0.0489771,92.5418,1.23954,32.8718,0.660753,0.695163,0.203069,-0.197275
981,1,-0.177168,-0.087129,2.05323,-0.66759,-0.204259,2.45466,0.804114,0.594468,0.00290033,0.0357712,-0.0435152,-0.998412,-0.593398,0.802941,-0.0562561,92.4956,2.04998,36.4256,0.652752,0.689907,0.228378,-0.213977
987,1,-0.172494,-0.0875301,2.07701,-0.66759,-0.204259,2.45466,0.743976,0.668204,-0.00189324,0.00584015,-0.00933557,-0.999939,-0.668181,0.74392,-0.0108478,90.5349,0.334618,41.9277,0.656466,0.664108,0.25374,-0.252246
995,1,-0.175884,-0.0882154,2.08415,-0.66759,-0.204259,2.45466,0.729499,0.68395,0.00654265,0.0268578,-0.0190857,-0.999457,-0.683454,0.729279,-0.0322924,91.094,1.53902,43.1335,0.647712,0.667248,0.266321,-0.253621
1001,1,-0.179274,-0.0889372,2.10009,-0.66759,-0.204259,2.45466,0.666894,0.745152,-0.000585386,0.0216967,-0.0202033,-0.99956,-0.744837,0.666588,-0.0296408,91.1579,1.24323,48.1601,0.635816,0.655122,0.292636,-0.284459
1008,1,-0.181836,-0.0886931,2.10399,-0.66759,-0.204259,2.45466,0.660593,0.750638,-0.0126206,0.0201192,-0.0345055,-0.999202,-0.750475,0.659812,-0.0378964,91.9778,1.15282,48.6447,0.630117,0.658216,0.292745,-0.289835
1014,1,-0.182142,-0.0880641,2.10592,-0.66759,-0.204259,2.45466,0.652237,0.757474,-0.028658,0.0162047,-0.0517315,-0.99853,-0.757842,0.650813,-0.0460158,92.9657,0.928503,49.2831,0.623396,0.661435,0.292424,-0.297271
1020,1,-0.181747,-0.0879057,2.10746,-0.66759,-0.204259,2.45466,0.637826,0.769156,-0.0397165,0.00655268,-0.0569853,-0.998354,-0.770153,0.636515,-0.0413868,93.2669,0.375444,50.3691,0.620374,0.658824,0.294353,-0.307316
1027,1,-0.181458,-0.0841133,2.10211,-0.66759,-0.204259,2.45466,0.612316,0.788707,-0.0548685,0.0104934,-0.0775012,-0.996937,-0.790544,0.609864,-0.0557314,94.4452,0.60124,52.2404,0.608088,0.660596,0.302454,-0.319943
1033,1,-0.180921,-0.0884632,2.09593,-0.66759,-0.204259,2.45466,0.597731,0.801351,-0.0235503,0.0281451,-0.0503329,-0.998336,-0.801203,0.596073,-0.0526397,92.8862,1.61281,53.2755,0.611302,0.652055,0.318031,-0.316213
1040,1,-0.179453,-0.0860588,2.08702,-0.66759,-0.204259,2.45466,0.554479,0.831175,-0.0412487,0.0218181,-0.0640682,-0.997707,-0.831912,0.552307,-0.0536591,93.6742,1.25019,56.3161,0.599323,0.646569,0.329815,-0.337613
1047,1,-0.178117,-0.0855486,2.07177,-0.66759,-0.204259,2.45466,0.498383,0.86542,-0.0515928,0.0241147,-0.0733253,-0.997016,-0.866621,0.495652,-0.0574135,94.2062,1.3818,60.0973,0.584732,0.638185,0.348463,-0.359697
1054,1,-0.177927,-0.0873218,2.06392,-0.66759,-0.204259,2.45466,0.462746,0.886418,-0.0113509,0.0277174,-0.0272653,-0.999244,-0.886057,0.462082,-0.0371861,91.563,1.58829,62.424,0.591248,0.617899,0.369856,-0.363088
1061,1,-0.178028,-0.0870615,2.06419,-0.66759,-0.204259,2.45466,0.445759,0.895152,-0.00143206,0.0312401,-0.0171554,-0.999365,-0.894608,0.445431,-0.0356118,90.9835,1.79022,63.5142,0.590125,0.612071,0.378384,-0.365987
1067,1,-0.173202,-0.0875059,2.08224,-0.66759,-0.204259,2.45466,0.359189,0.932168,-0.0452259,0.0287852,-0.0595025,-0.997813,-0.932821,0.357102,-0.0482053,93.4127,1.6495,68.9404,0.559348,0.605578,0.396709,-0.403766
1075,1,-0.173645,-0.0877323,2.07752,-0.66759,-0.204259,2.45466,0.246098,0.967644,-0.0556918,0.0352988,-0.0663686,-0.997171,-0.968602,0.243436,-0.0504898,93.8078,2.02289,75.7442,0.531328,0.583729,0.429541,-0.438686
1081,1,-0.175642,-0.0867919,2.07965,-0.66759,-0.204259,2.45466,0.243354,0.967302,-0.0714515,0.0294719,-0.0810063,-0.996278,-0.96949,0.240342,-0.0482214,94.6484,1.68886,75.9092,0.527761,0.585786,0.4254,-0.44425
1088,1,-0.177831,-0.087361,2.07944,-0.66759,-0.204259,2.45466,0.0675314,0.997274,-0.0297185,0.0406361,-0.0325111,-0.998645,-0.996889,0.0662323,-0.0427208,91.8646,2.32892,86.1246,0.498071,0.534501,0.485458,-0.480172
1094,1,-0.1867,-0.0863508,2.08391,-0.66759,-0.204259,2.45466,-0.0910021,0.995834,-0.00582633,0.0451986,-0.00171435,-0.998977,-0.994824,-0.0911723,-0.0448543,90.0983,2.59057,95.2266,0.464335,0.488765,0.532481,-0.511826
1100,1,-0.186285,-0.0873338,2.08178,-0.66759,-0.204259,2.45466,-0.247028,0.968978,-0.00765795,0.0480753,0.00436223,-0.998834,-0.967815,-0.247108,-0.0476615,89.7498,2.75557,104.319,0.421211,0.44617,0.56988,-0.546581
1107,1,-0.184844,-0.0877164,2.08051,-0.66759,-0.204259,2.45466,-0.323264,0.946294,-0.00525359,0.0430185,0.0091492,-0.999032,-0.94533,-0.323177,-0.0436658,89.4753,2.46554,108.879,0.400693,0.421679,0.586532,-0.563571
1113,1,-0.182762,-0.087905,2.07694,-0.66759,-0.204259,2.45466,-0.391761,0.92005,-0.00555755,0.0389282,0.0105402,-0.999186,-0.919243,-0.391659,-0.0399451,89.3956,2.23099,113.083,0.380406,0.399263,0.600468,-0.579067
1121,1,-0.171068,-0.0888867,2.08607,-0.66759,-0.204259,2.45466,-0.430805,0.902247,-0.0188954,0.055924,0.00579313,-0.998418,-0.900711,-0.43118,-0.052953,89.6676,3.20588,115.562,0.36126,0.392542,0.610236,-0.585674
1128,1,-0.170084,-0.0873149,2.08005,-0.66759,-0.204259,2.45466,-0.456049,0.888788,-0.0455577,0.0668528,-0.0168332,-0.997621,-0.88744,-0.458009,-0.0517412,90.9667,3.83324,117.198,0.344738,0.39132,0.610524,-0.596058
1134,1,-0.168574,-0.0857955,2.06764,-0.66759,-0.204259,2.45466,-0.579986,0.811204,-0.0745956,0.072419,-0.0398645,-0.996577,-0.811401,-0.583403,-0.0356257,92.2907,4.15294,125.557,0.293481,0.35196,0.627644,-0.62933
1141,1,-0.171593,-0.0871187,2.07162,-0.66759,-0.204259,2.45466,-0.517802,0.854049,-0.0498088,0.0588488,-0.0225254,-0.998013,-0.853474,-0.519704,-0.0385961,91.293,3.37374,121.245,0.324452,0.368551,0.619248,-0.612726
1147,1,-0.173267,-0.0861878,2.06784,-0.66759,-0.204259,2.45466,-0.569681,0.820115,-0.0536187,0.0600222,-0.0235499,-0.997919,-0.819671,-0.571714,-0.0358091,91.3519,3.44109,124.8,0.304532,0.349885,0.628876,-0.623983
1154,1,-0.169483,-0.0873699,2.07097,-0.66759,-0.204259,2.45466,-0.635155,0.770437,-0.0548207,0.0644557,-0.0178582,-0.997761,-0.769691,-0.637266,-0.0383163,91.0254,3.6956,129.53,0.277791,0.32443,0.643353,-0.635354
1161,1,-0.169362,-0.087715,2.07784,-0.66759,-0.204259,2.45466,-0.609386,0.790921,-0.0556115,0.0650738,-0.0200114,-0.99768,-0.790199,-0.611591,-0.0392736,91.1491,3.73109,127.639,0.287806,0.335373,0.638092,-0.630501
1168,1,-0.171101,-0.0864766,2.06012,-0.66759,-0.204259,2.45466,-0.655788,0.753542,-0.0460074,0.0593673,-0.00927875,-0.998193,-0.752607,-0.657335,-0.0386509,90.5326,3.4035,131.067,0.272159,0.313106,0.649069,-0.637655
1174,1,-0.189237,-0.0892759,2.1082,-0.66759,-0.204259,2.45466,-0.913092,0.407468,-0.0152973,0.0349073,0.0407352,-0.99856,-0.406258,-0.912311,-0.0514185,87.664,2.00044,156.014,0.138044,0.156198,0.708033,-0.674711
1181,1,-0.191942,-0.0886399,2.10503,-0.66759,-0.204259,2.45466,-0.907144,0.420306,-0.0207715,0.0298034,0.014932,-0.999444,-0.419763,-0.907259,-0.0260721,89.144,1.70786,155.169,0.14293,0.161242,0.69788,-0.683034
1187,1,-0.191072,-0.0885885,2.09761,-0.66759,-0.204259,2.45466,-0.878151,0.478359,-0.00484282,0.0205718,0.027647,-0.999406,-0.477941,-0.877729,-0.034119,88.4154,1.17876,151.442,0.169836,0.17911,0.696404,-0.673867
1195,1,-0.17473,-0.0877385,2.07311,-0.66759,-0.204259,2.45466,-0.672466,0.739373,-0.0334346,0.0592351,0.00873569,-0.998206,-0.737754,-0.67324,-0.0496713,89.4986,3.39591,132.349,0.267675,0.303509,0.657813,-0.635228
1202,1,-0.171506,-0.0877663,2.08338,-0.66759,-0.204259,2.45466,-0.638394,0.765728,-0.0781958,0.0808093,-0.0343538,-0.996137,-0.765456,-0.642247,-0.0399466,91.9752,4.63508,129.828,0.268005,0.330116,0.64109,-0.638905
1209,1,-0.171469,-0.0876601,2.08278,-0.66759,-0.204259,2.45466,-0.621455,0.77888,-0.0844939,0.0882038,-0.0376051,-0.995392,-0.778468,-0.626045,-0.0453302,92.1636,5.06028,128.601,0.27185,0.339662,0.638197,-0.635163
1216,1,-0.177268,-0.0863362,2.09878,-0.66759,-0.204259,2.45466,-0.656754,0.742514,-0.131709,0.126813,-0.0634241,-0.989897,-0.743366,-0.666821,-0.0525062,93.666,7.28545,131.46,0.238388,0.338813,0.641451,-0.645692
1222,1,-0.177343,-0.0868061,2.08818,-0.66759,-0.204259,2.45466,-0.634573,0.769876,-0.0678906,0.0750669,-0.0260309,-0.996839,-0.769209,-0.637663,-0.0412736,91.4959,4.30506,129.522,0.273003,0.328912,0.642226,-0.636264
1229,1,-0.18,-0.0853383,2.09557,-0.66759,-0.204259,2.45466,-0.684444,0.727789,-0.0431206,0.061145,-0.00163446,-0.998128,-0.726497,-0.685799,-0.043382,90.0938,3.50554,133.293,0.260067,0.300239,0.656923,-0.640839
1235,1,-0.171642,-0.0885747,2.07742,-0.66759,-0.204259,2.45466,-0.703469,0.710541,0.0162126,0.0476287,0.06989,-0.996417,-0.709129,-0.700176,-0.0830075,85.9878,2.72995,134.77,0.266183,0.278231,0.681243,-0.62261
1242,1,-0.178,-0.087667,2.09068,-0.66759,-0.204259,2.45466,-0.703996,0.709218,-0.0374149,0.0631113,0.0099992,-0.997956,-0.707394,-0.704919,-0.051799,89.4259,3.61842,134.862,0.252093,0.290605,0.664416,-0.640741
1249,1,-0.16595,-0.087957,2.08784,-0.66759,-0.204259,2.45466,-0.720983,0.692549,-0.0236694,0.0562654,0.0244626,-0.998116,-0.690665,-0.720956,-0.0566036,88.596,3.22547,136.23,0.248433,0.278908,0.671202,-0.640296
1256,1,-0.177462,-0.0893582,2.10621,-0.66759,-0.204259,2.45466,-0.772756,0.634564,0.0133176,0.0419995,0.0720598,-0.996516,-0.633313,-0.769504,-0.082336,85.864,2.4071,140.664,0.232899,0.24368,0.694109,-0.636074
1263,1,-0.179687,-0.0894417,2.10623,-0.66759,-0.204259,2.45466,-0.756656,0.653727,0.0106261,0.0322581,0.0535599,-0.998043,-0.653017,-0.754833,-0.0616144,86.9282,1.84857,139.205,0.242533,0.250698,0.684074,-0.640602
1269,1,-0.181242,-0.0895354,2.10332,-0.66759,-0.204259,2.45466,-0.773127,0.634223,0.00594577,0.0307062,0.0467915,-0.998433,-0.633507,-0.771733,-0.0556503,87.3168,1.75961,140.668,0.23346,0.242761,0.684757,-0.646275
1277,1,-0.181519,-0.0892202,2.10281,-0.66759,-0.204259,2.45466,-0.771879,0.635769,-0.000750856,0.0289819,0.0340067,-0.999001,-0.635108,-0.77113,-0.0446748,88.0504,1.66077,140.552,0.233159,0.24433,0.680177,-0.650615
1283,1,-0.180619,-0.0885654,2.10038,-0.66759,-0.204259,2.45466,-0.772412,0.634851,-0.0185345,0.0417922,0.0216851,-0.998891,-0.633745,-0.77233,-0.0432816,88.7564,2.39521,140.632,0.226931,0.249592,0.67775,-0.653346
1290,1,-0.180544,-0.0877946,2.09997,-0.66759,-0.204259,2.45466,-0.750827,0.659618,-0.0341088,0.0543829,0.010272,-0.998467,-0.658257,-0.751531,-0.0435844,89.4106,3.11745,138.759,0.232304,0.265747,0.671692,-0.651339
1296,1,-0.173646,-0.0881122,2.09214,-0.66759,-0.204259,2.45466,-0.790226,0.608521,-0.0724173,0.0834978,-0.0101533,-0.996456,-0.6071,-0.793473,-0.0427868,90.5838,4.78965,142.466,0.198011,0.256278,0.675067,-0.662871
1303,1,-0.173672,-0.0868313,2.09299,-0.66759,-0.204259,2.45466,-0.809679,0.577826,-0.102654,0.106647,-0.0271372,-0.993927,-0.577102,-0.815709,-0.0396512,91.564,6.12209,144.52,0.175736,0.25353,0.674943,-0.670292
1309,1,-0.178997,-0.0850107,2.08643,-0.66759,-0.204259,2.45466,-0.808,0.574933,-0.128793,0.124947,-0.0464174,-0.991077,-0.575781,-0.816883,-0.0343308,92.6815,7.1777,144.526,0.166772,0.261126,0.670059,-0.674553
1316,1,-0.179548,-0.0871122,2.085,-0.66759,-0.204259,2.45466,-0.802964,0.590091,-0.0839114,0.0927775,-0.0153239,-0.995569,-0.588762,-0.807191,-0.0424426,90.8818,5.32341,143.75,0.186594,0.25239,0.676403,-0.666304
1323,1,-0.179311,-0.0874332,2.08124,-0.66759,-0.204259,2.45466,-0.805426,0.590624,-0.0495183,0.0662844,0.00673676,-0.997778,-0.588978,-0.806919,-0.0445751,89.6132,3.8006,143.823,0.197949,0.241046,0.681311,-0.662215
1330,1,-0.172251,-0.0880469,2.10023,-0.66759,-0.204259,2.45466,-0.80499,0.59119,-0.0498492,0.0492386,-0.01716,-0.99864,-0.591241,-0.80635,-0.0152957,90.9844,2.8223,143.704,0.20159,0.238467,0.671403,-0.672097
1337,1,-0.174533,-0.0875014,2.10047,-0.66759,-0.204259,2.45466,-0.845945,0.52866,-0.0699706,0.0604897,-0.0352362,-0.997547,-0.529829,-0.848102,-0.00217068,92.023,3.46792,147.94,0.170769,0.218782,0.673216,-0.685385
1343,1,-0.176926,-0.0868917,2.09702,-0.66759,-0.204259,2.45466,-0.856441,0.511999,-0.0660785,0.0601121,-0.0282231,-0.997793,-0.512734,-0.858522,-0.00660588,91.6202,3.44625,149.092,0.164871,0.21118,0.677278,-0.685211
1350,1,-0.178446,-0.0860077,2.09644,-0.66759,-0.204259,2.45466,-0.861414,0.501934,-0.0776433,0.075279,-0.0250078,-0.996849,-0.502294,-0.864544,-0.016243,91.4371,4.31725,149.753,0.155993,0.212036,0.68056,-0.683772
1356,1,-0.173648,-0.0886085,2.10157,-0.66759,-0.204259,2.45466,-0.869719,0.489089,-0.066191,0.0753603,-0.000941494,-0.997156,-0.48776,-0.872234,-0.036039,90.0541,4.32193,150.715,0.152726,0.204488,0.690075,-0.677241
1363,1,-0.166298,-0.088412,2.14226,-0.66759,-0.204259,2.45466,-0.946529,0.203989,-0.249944,0.255022,-0.00144194,-0.966934,-0.197604,-0.978972,-0.0506568,90.0854,14.7749,168.208,0.0185246,-0.162458,-0.706354,0.688715
1370,1,-0.164362,-0.0868322,2.15391,-0.66759,-0.204259,2.45466,-0.944259,0.132583,-0.301325,0.307235,0.0261451,-0.951275,-0.118245,-0.990827,-0.0654219,88.4257,17.8926,172.862,0.0641564,-0.154125,-0.713412,0.680568
1377,1,-0.167986,-0.0876751,2.16352,-0.66759,-0.204259,2.45466,-0.945494,0.121989,-0.301926,0.306662,0.0216566,-0.951572,-0.109543,-0.992295,-0.0578856,88.6962,17.8582,173.391,0.067596,-0.150611,-0.711519,0.682999
1384,1,-0.165885,-0.0880608,2.1683,-0.66759,-0.204259,2.45466,-0.946412,0.028036,-0.321741,0.322776,0.0484368,-0.945235,-0.0109165,-0.998433,-0.0548906,87.0666,18.8309,179.339,0.108552,-0.122517,-0.715846,0.678801
1391,1,-0.170933,-0.0876195,2.17682,-0.66759,-0.204259,2.45466,-0.94891,0.00852649,-0.315431,0.315313,0.0640628,-0.946823,0.0121343,-0.997909,-0.0634783,86.1292,18.3797,-179.267,0.11366,-0.112367,-0.720495,0.674791
1398,1,-0.168797,-0.0865646,2.19268,-0.66759,-0.204259,2.45466,-0.93597,0.0248882,-0.351199,0.352075,0.060876,-0.93399,-0.00186577,-0.997835,-0.0657406,86.2708,20.6143,179.886,0.12162,-0.131239,-0.718085,0.672561
