104,0,-0.336765,-0.387136,1.45587,-nan,-nan,-nan,0.818511,0.574491,0.00036909,0.174475,-0.247973,-0.952926,-0.547356,0.780045,-0.303203,104.586,10.0481,33.7715,0.56288,0.769689,0.243269,-0.177665
111,0,-0.335633,-0.385235,1.45633,-nan,-nan,-nan,0.813802,0.580791,0.0202221,0.15687,-0.186034,-0.96994,-0.55957,0.792511,-0.242504,100.857,9.02527,34.5124,0.588486,0.748722,0.246307,-0.180089
119,0,-0.335751,-0.38504,1.45727,-nan,-nan,-nan,0.793067,0.608636,0.0246357,0.157626,-0.165988,-0.973449,-0.588386,0.775893,-0.227576,99.6768,9.06911,36.5722,0.591503,0.739363,0.259095,-0.19062
126,0,-0.336243,-0.385866,1.45944,-nan,-nan,-nan,0.77489,0.631448,0.0285984,0.162792,-0.155646,-0.974306,-0.610773,0.759636,-0.223403,99.0763,9.369,38.2454,0.590729,0.733815,0.270586,-0.198338
134,0,-0.338402,-0.38857,1.46918,-nan,-nan,-nan,0.752051,0.658704,0.0229917,0.170829,-0.161109,-0.97204,-0.636582,0.734951,-0.233688,99.4108,9.83601,40.2466,0.582506,0.732606,0.283076,-0.209386
142,0,-0.340604,-0.390591,1.47596,-nan,-nan,-nan,0.747115,0.664364,0.0209511,0.172549,-0.163409,-0.971352,-0.641908,0.729327,-0.236721,99.5494,9.93605,40.6686,0.580299,0.732674,0.285568,-0.21188
150,0,-0.341767,-0.393151,1.48337,0.232983,0.145882,1.64989,0.761864,0.646913,0.0326514,0.186261,-0.170522,-0.967589,-0.620379,0.743253,-0.250409,99.9948,10.7347,39.1556,0.578993,0.738714,0.281968,-0.198902
158,0,-0.346131,-0.39572,1.49292,0.232983,0.145882,1.64989,0.790589,0.611314,0.0355585,0.185471,-0.183712,-0.965324,-0.583584,0.769769,-0.258621,100.775,10.6886,36.4334,0.580572,0.747148,0.266609,-0.183372
165,0,-0.358757,-0.400445,1.50794,0.232983,0.145882,1.64989,0.796458,0.602141,0.0554987,0.212598,-0.192916,-0.957907,-0.566089,0.774732,-0.281664,101.387,12.2746,35.4036,0.574865,0.753498,0.270319,-0.169407
172,0,-0.360603,-0.402603,1.51528,0.232983,0.145882,1.64989,0.806067,0.589674,0.0504113,0.199226,-0.190153,-0.961328,-0.557284,0.784938,-0.270754,101.189,11.4917,34.6585,0.579905,0.752824,0.26198,-0.168324
179,0,-0.361899,-0.403793,1.52251,0.232983,0.145882,1.64989,0.805875,0.59061,0.0417792,0.187213,-0.187234,-0.964311,-0.561709,0.784935,-0.261457,100.988,10.7902,34.8772,0.582491,0.750761,0.259012,-0.173134
185,0,-0.364756,-0.410536,1.54627,0.232983,0.145882,1.64989,0.789318,0.613741,0.0173011,0.193004,-0.22127,-0.955923,-0.582861,0.757866,-0.293107,103.033,11.1281,36.4435,0.564566,0.758896,0.265763,-0.18631
194,0,-0.365935,-0.415343,1.56054,0.232983,0.145882,1.64989,0.755577,0.653544,0.044532,0.2308,-0.201978,-0.951807,-0.613053,0.729442,-0.303448,101.981,13.3442,39.0549,0.559051,0.751831,0.294063,-0.189045
202,0,-0.368136,-0.419045,1.57128,0.232983,0.145882,1.64989,0.746675,0.661538,0.0695973,0.257174,-0.190601,-0.947382,-0.613464,0.725285,-0.312447,101.375,14.9024,39.4063,0.55759,0.749954,0.306256,-0.1813
210,0,-0.369626,-0.421375,1.57748,0.232983,0.145882,1.64989,0.757173,0.649611,0.0685134,0.23967,-0.17871,-0.954264,-0.607657,0.738964,-0.291007,100.607,13.8671,38.7482,0.567331,0.746139,0.297961,-0.180644
217,0,-0.371366,-0.42833,1.58774,0.232983,0.145882,1.64989,0.758748,0.649465,0.0499611,0.209411,-0.17058,-0.962834,-0.616805,0.741011,-0.265432,100.047,12.0878,39.1085,0.575051,0.740736,0.289872,-0.191311
224,0,-0.37344,-0.429286,1.59723,0.232983,0.145882,1.64989,0.784406,0.619801,0.0235511,0.175542,-0.185424,-0.966852,-0.594889,0.762539,-0.254248,100.856,10.1102,37.1765,0.579813,0.745667,0.266655,-0.191552
231,0,-0.376258,-0.431188,1.60579,0.232983,0.145882,1.64989,0.788556,0.614795,0.0143747,0.160105,-0.182675,-0.97005,-0.593756,0.76724,-0.242481,100.665,9.213,36.9785,0.583824,0.743927,0.260409,-0.194703
238,0,-0.377916,-0.433404,1.6135,0.232983,0.145882,1.64989,0.790027,0.612512,0.0261926,0.17015,-0.178016,-0.969205,-0.588987,0.770155,-0.244857,100.408,9.79654,36.7056,0.584627,0.743791,0.263065,-0.189164
245,0,-0.379528,-0.435832,1.62145,0.232983,0.145882,1.64989,0.789851,0.612533,0.0306361,0.179806,-0.183521,-0.966432,-0.586349,0.768846,-0.255091,100.752,10.3585,36.5885,0.581214,0.746402,0.265386,-0.18613
253,0,-0.381217,-0.437641,1.62963,0.232983,0.145882,1.64989,0.780264,0.624549,0.0335701,0.180244,-0.173138,-0.968264,-0.598916,0.761552,-0.247664,100.138,10.384,37.5092,0.58298,0.741799,0.27123,-0.190532
260,0,-0.382838,-0.439682,1.63623,0.232983,0.145882,1.64989,0.788046,0.614578,0.0357425,0.182002,-0.177122,-0.967214,-0.588098,0.768714,-0.251435,100.377,10.4864,36.733,0.582986,0.744413,0.26752,-0.1855
267,0,-0.384838,-0.441623,1.64356,0.232983,0.145882,1.64989,0.778238,0.626539,0.0423623,0.189127,-0.169523,-0.967209,-0.598813,0.76073,-0.250425,99.9413,10.9019,37.5764,0.582728,0.741314,0.275075,-0.187657
275,0,-0.385835,-0.443475,1.64969,0.232983,0.145882,1.64989,0.785924,0.616847,0.0426986,0.189784,-0.174928,-0.966117,-0.588477,0.767398,-0.254548,100.263,10.9402,36.8248,0.582333,0.744211,0.270968,-0.183341
282,0,-0.381771,-0.443551,1.65498,0.232983,0.145882,1.64989,0.794021,0.606971,0.0334157,0.177027,-0.178294,-0.967922,-0.581543,0.774466,-0.249019,100.437,10.1966,36.2191,0.584531,0.745207,0.263014,-0.183884
289,0,-0.389415,-0.447124,1.66347,0.232983,0.145882,1.64989,0.760748,0.647805,0.0401392,0.194605,-0.168662,-0.966272,-0.619186,0.742901,-0.254376,99.9012,11.2217,39.1427,0.578297,0.738882,0.285029,-0.19592
297,0,-0.390659,-0.448858,1.66992,0.232983,0.145882,1.64989,0.767736,0.639758,0.0359399,0.193006,-0.177403,-0.965027,-0.611007,0.747822,-0.259676,100.417,11.1283,38.5147,0.57677,0.742431,0.280418,-0.193643
304,0,-0.392804,-0.45112,1.67751,0.232983,0.145882,1.64989,0.761283,0.647278,0.0384588,0.192622,-0.169117,-0.96659,-0.619149,0.743257,-0.253426,99.9242,11.1058,39.1213,0.57852,0.738889,0.284177,-0.196474
311,0,-0.394051,-0.453096,1.68259,0.232983,0.145882,1.64989,0.753859,0.655986,0.0371306,0.190731,-0.164409,-0.967777,-0.628743,0.736649,-0.249058,99.6415,10.9954,39.8292,0.578877,0.736092,0.287572,-0.20093
318,0,-0.396164,-0.453192,1.69155,0.232983,0.145882,1.64989,0.788981,0.613432,0.034792,0.177034,-0.172742,-0.968927,-0.588361,0.770624,-0.244888,100.109,10.197,36.7127,0.585523,0.742733,0.266067,-0.186328
325,0,-0.39956,-0.447652,1.70998,0.232983,0.145882,1.64989,0.953541,0.301242,0.00362305,0.0705539,-0.211605,-0.974805,-0.292886,0.929772,-0.223028,102.247,4.0458,17.0747,0.61622,0.772686,0.120293,-0.0935901
332,0,-0.39895,-0.446564,1.71764,0.232983,0.145882,1.64989,0.948782,0.315331,0.0194767,0.0904793,-0.212137,-0.973042,-0.302698,0.924967,-0.229803,102.299,5.19118,17.6947,0.613767,0.773098,0.131229,-0.0915866
340,0,-0.399864,-0.451513,1.71737,0.232983,0.145882,1.64989,0.846853,0.531581,0.0161932,0.138583,-0.191173,-0.971724,-0.513455,0.825151,-0.235564,101.13,7.96587,31.2288,0.595843,0.753921,0.222226,-0.164892
346,0,-0.399453,-0.434472,1.73508,0.232983,0.145882,1.64989,0.962152,0.271682,0.0212769,0.0778622,-0.199244,-0.976852,-0.261153,0.941536,-0.212857,101.528,4.4657,15.1857,0.622505,0.77043,0.113425,-0.0778385
353,0,-0.40712,-0.425106,1.7728,0.232983,0.145882,1.64989,0.985913,0.141168,-0.0897041,-0.0425565,-0.306949,-0.950774,-0.161753,0.941198,-0.296618,107.892,-2.43904,9.31718,0.587866,0.804593,0.03064,-0.0781318
360,0,-0.415072,-0.418512,1.78798,0.232983,0.145882,1.64989,0.985853,0.13197,-0.103336,-0.0537494,-0.335046,-0.940667,-0.158762,0.932914,-0.323213,109.605,-3.0811,9.14838,0.576106,0.813036,0.0240519,-0.0805924
367,0,-0.417959,-0.406795,1.79614,0.232983,0.145882,1.64989,0.98734,0.155638,-0.030602,0.0223028,-0.327231,-0.944681,-0.157042,0.932039,-0.326559,109.106,1.27796,9.03754,0.577397,0.812578,0.0547458,-0.0577312
375,0,-0.445348,-0.414278,1.80894,0.232983,0.145882,1.64989,0.994101,0.0107637,-0.107919,-0.0882716,-0.497825,-0.862773,-0.0630114,0.86721,-0.493939,119.985,-5.06418,3.62685,0.500584,0.863983,-0.0224275,-0.0494599
383,0,-0.45201,-0.416333,1.81539,0.232983,0.145882,1.64989,0.997602,-0.0409605,-0.0557832,-0.0687528,-0.494438,-0.86649,0.00791061,0.868248,-0.496068,119.71,-3.94236,-0.454324,0.501771,0.864307,-0.0317345,-0.0138471
390,0,-0.455856,-0.420875,1.83082,0.232983,0.145882,1.64989,0.992631,-0.112929,0.0439508,-0.0242221,-0.540272,-0.841142,0.118735,0.833879,-0.539025,122.713,-1.38796,-6.8211,0.477842,0.876346,-0.0391259,0.0464102
398,0,-0.45651,-0.437055,1.83845,0.232983,0.145882,1.64989,0.994145,-0.0796259,0.0730418,0.0172065,-0.550696,-0.834528,0.106674,0.830899,-0.546102,123.42,0.985908,-6.12453,0.473642,0.879054,-0.0177519,0.0511105
405,0,-0.448724,-0.448768,1.84576,0.232983,0.145882,1.64989,0.991448,-0.0872387,0.0970539,0.0331036,-0.551259,-0.833677,0.126231,0.829761,-0.543657,123.474,1.89705,-7.25583,0.473427,0.878402,-0.0154073,0.0635485
412,0,-0.441129,-0.460118,1.85352,0.232983,0.145882,1.64989,0.987277,-0.086535,0.133405,0.0688822,-0.523413,-0.849291,0.143319,0.847674,-0.510792,121.645,3.94979,-8.2597,0.488127,0.86912,-0.00507776,0.0795988
419,0,-0.435186,-0.463259,1.8585,0.232983,0.145882,1.64989,0.994063,-0.0710758,0.0823804,0.0397067,-0.467947,-0.882864,0.1013,0.880894,-0.462347,117.925,2.27562,-5.81863,0.515696,0.855038,-0.00917185,0.0537053
426,0,-0.437697,-0.463871,1.85751,0.232983,0.145882,1.64989,0.996899,-0.0644646,0.0451284,0.0130496,-0.430118,-0.902679,0.0776013,0.900468,-0.427943,115.477,0.747707,-4.45108,0.533582,0.844831,-0.0152146,0.0363178
432,0,-0.438685,-0.464761,1.85393,0.232983,0.145882,1.64989,0.998317,-0.0537383,0.0218124,-0.00103556,-0.392556,-0.919727,0.0579872,0.918157,-0.391951,113.114,-0.0593331,-3.32429,0.550865,0.83409,-0.0164173,0.0239182
439,0,-0.438474,-0.464437,1.85237,0.232983,0.145882,1.64989,0.99691,-0.0730906,0.0287724,-0.000359104,-0.370532,-0.92882,0.0785491,0.925939,-0.369413,111.748,-0.0205752,-4.50517,0.560572,0.827172,-0.022199,0.0324363
446,0,-0.439134,-0.464146,1.85181,0.232983,0.145882,1.64989,0.994135,-0.100206,0.0406631,0.00270726,-0.352835,-0.935682,0.108109,0.930304,-0.350495,110.661,0.155115,-6.20631,0.568068,0.821198,-0.0296819,0.045291
453,0,-0.440169,-0.463983,1.85082,0.232983,0.145882,1.64989,0.989021,-0.130816,0.068732,0.0197811,-0.343734,-0.938859,0.146443,0.929911,-0.337372,110.109,1.13345,-8.4225,0.571821,0.817026,-0.0339752,0.0658409
461,0,-0.43838,-0.464447,1.85149,0.232983,0.145882,1.64989,0.981499,-0.187525,0.03866,-0.0319336,-0.359409,-0.932633,0.188787,0.914144,-0.358748,111.075,-1.82997,-10.8876,0.561992,0.821532,-0.0667835,0.0692144
468,0,-0.438141,-0.461956,1.84787,0.232983,0.145882,1.64989,0.975664,-0.213668,0.0492565,-0.0317863,-0.360083,-0.932379,0.216956,0.908122,-0.358112,111.116,-1.82153,-12.5368,0.560685,0.820649,-0.0747746,0.0810982
476,0,-0.437578,-0.461634,1.84692,0.232983,0.145882,1.64989,0.962926,-0.266366,0.0426879,-0.0568184,-0.35495,-0.933157,0.263713,0.896136,-0.356925,110.826,-3.25721,-15.3159,0.559252,0.817741,-0.098804,0.0936731
483,0,-0.43759,-0.462406,1.8461,0.232983,0.145882,1.64989,0.983957,-0.174724,0.0360466,-0.0287469,-0.354691,-0.934542,0.176072,0.918513,-0.354023,110.783,-1.6473,-10.1453,0.564633,0.820468,-0.0619983,0.0646333
490,0,-0.437445,-0.464343,1.84616,0.232983,0.145882,1.64989,0.98927,-0.141425,0.0366604,-0.0145749,-0.345209,-0.938413,0.14537,0.927809,-0.343566,110.197,-0.835109,-8.35961,0.570196,0.818237,-0.0476633,0.0556167
497,0,-0.437383,-0.462873,1.84837,0.232983,0.145882,1.64989,0.992091,-0.122058,0.0292813,-0.017293,-0.363963,-0.931253,0.124324,0.923381,-0.363195,111.347,-0.990865,-7.14279,0.562346,0.824507,-0.0422528,0.0465749
504,0,-0.437533,-0.464175,1.84563,0.232983,0.145882,1.64989,0.988794,-0.142031,0.0459756,-0.00809795,-0.358545,-0.933477,0.149067,0.922644,-0.355678,111.012,-0.463983,-8.57312,0.564485,0.822043,-0.0456571,0.0593163
511,0,-0.437312,-0.464286,1.84505,0.232983,0.145882,1.64989,0.980967,-0.189851,0.0407411,-0.0282952,-0.347344,-0.937311,0.192101,0.918318,-0.346105,110.333,-1.62141,-11.0799,0.567344,0.817682,-0.0666966,0.0711896
519,0,-0.437983,-0.464138,1.84588,0.232983,0.145882,1.64989,0.976035,-0.214534,0.0364886,-0.0433009,-0.355784,-0.933565,0.213263,0.909612,-0.356547,110.862,-2.48174,-12.3254,0.562073,0.819812,-0.0786262,0.0761614
526,0,-0.437156,-0.463092,1.84816,0.232983,0.145882,1.64989,0.968878,-0.244131,0.0409259,-0.0536739,-0.368591,-0.928041,0.241648,0.896962,-0.370223,111.662,-3.07677,-14.0044,0.554541,0.822753,-0.0904903,0.0858624
533,0,-0.437848,-0.46281,1.84842,0.232983,0.145882,1.64989,0.941334,-0.335773,0.0338699,-0.0972508,-0.366,-0.92552,0.323161,0.867929,-0.377182,111.576,-5.58088,-18.9474,0.547301,0.819225,-0.132144,0.108954
541,0,-0.436369,-0.464935,1.84967,0.232983,0.145882,1.64989,0.922058,-0.386863,0.0120972,-0.134125,-0.348683,-0.927594,0.36307,0.853673,-0.373393,110.601,-7.70802,-21.4925,0.547718,0.81304,-0.160197,0.115359
548,0,-0.436147,-0.464132,1.84924,0.232983,0.145882,1.64989,0.928559,-0.37058,0.0212022,-0.118462,-0.349994,-0.929231,0.351775,0.860334,-0.36889,110.639,-6.80336,-20.7487,0.549926,0.813548,-0.150281,0.114614
555,0,-0.436766,-0.463153,1.84724,0.232983,0.145882,1.64989,0.94192,-0.333814,0.0368077,-0.0924194,-0.363014,-0.927189,0.322871,0.869936,-0.372781,111.381,-5.30281,-18.9206,0.549119,0.818186,-0.130237,0.109901
562,0,-0.437078,-0.462157,1.84672,0.232983,0.145882,1.64989,0.935743,-0.351867,0.023968,-0.107489,-0.349258,-0.930841,0.335903,0.868452,-0.364638,110.566,-6.17059,-19.7466,0.552686,0.813886,-0.1411,0.110541
569,0,-0.438144,-0.463095,1.84805,0.232983,0.145882,1.64989,0.951257,-0.306428,0.0348054,-0.0800842,-0.35443,-0.931647,0.297818,0.883449,-0.361694,110.828,-4.59341,-17.3842,0.555683,0.816606,-0.118329,0.101831
576,0,-0.43853,-0.46489,1.84782,0.232983,0.145882,1.64989,0.959437,-0.278267,0.0452486,-0.0553469,-0.343292,-0.937597,0.276435,0.897061,-0.344769,110.11,-3.17276,-16.0729,0.563777,0.813557,-0.102517,0.0988511
583,0,-0.438116,-0.464291,1.84733,0.232983,0.145882,1.64989,0.96777,-0.246191,0.0530112,-0.0370987,-0.347576,-0.936918,0.249086,0.904754,-0.345507,110.354,-2.12609,-14.4336,0.56451,0.815606,-0.0868341,0.0925991
591,0,-0.43671,-0.462933,1.84578,0.232983,0.145882,1.64989,0.969129,-0.235222,0.0738841,-0.0156703,-0.357827,-0.933656,0.246055,0.903676,-0.350467,110.969,-0.897878,-14.246,0.561435,0.818142,-0.0766654,0.0977639
598,0,-0.437433,-0.463338,1.84473,0.232983,0.145882,1.64989,0.972053,-0.223131,0.072979,-0.0156322,-0.371692,-0.928224,0.234242,0.901142,-0.364792,111.823,-0.895695,-13.5486,0.555781,0.822882,-0.0725388,0.0933368
605,0,-0.437747,-0.462674,1.84653,0.232983,0.145882,1.64989,0.97233,-0.227496,0.0531116,-0.0360119,-0.370592,-0.928097,0.230821,0.900504,-0.36853,111.767,-2.06378,-13.3542,0.555249,0.823324,-0.0800133,0.0862153
612,0,-0.437722,-0.462853,1.84794,0.232983,0.145882,1.64989,0.972741,-0.227278,0.0460494,-0.0403873,-0.361583,-0.931465,0.228352,0.904214,-0.360906,111.216,-2.31465,-13.211,0.559073,0.820858,-0.0815199,0.0835715
619,0,-0.437603,-0.462614,1.84676,0.232983,0.145882,1.64989,0.977771,-0.203004,0.0524728,-0.0221876,-0.349026,-0.93685,0.208498,0.914861,-0.345772,110.433,-1.27136,-12.0374,0.566342,0.8174,-0.0688743,0.0798175
626,0,-0.437495,-0.462435,1.84634,0.232983,0.145882,1.64989,0.981123,-0.18831,0.0440028,-0.0265159,-0.356392,-0.93396,0.191556,0.915163,-0.354658,110.886,-1.51943,-11.0476,0.563488,0.820392,-0.0654644,0.0717825
634,0,-0.437188,-0.461817,1.84561,0.232983,0.145882,1.64989,0.988102,-0.148097,0.041499,-0.0148569,-0.360468,-0.932653,0.153082,0.92094,-0.358379,111.131,-0.851268,-8.80658,0.563306,0.82264,-0.0495217,0.0591332
641,0,-0.437416,-0.463629,1.846,0.232983,0.145882,1.64989,0.99568,-0.0904454,0.0210059,-0.0134121,-0.363948,-0.931323,0.0918789,0.927017,-0.363589,111.345,-0.76848,-5.27219,0.563059,0.825109,-0.0314678,0.034203
648,0,-0.437447,-0.463801,1.84691,0.232983,0.145882,1.64989,0.999684,-0.014945,0.0201901,0.0131998,-0.371307,-0.928416,0.0213719,0.92839,-0.370993,111.798,0.756315,-1.22472,0.560666,0.827947,-0.000526975,0.0125497
655,0,-0.436266,-0.462635,1.8458,0.232983,0.145882,1.64989,0.998216,0.0498062,0.0329324,0.0491146,-0.371263,-0.927228,-0.0339551,0.927191,-0.373047,111.821,2.81519,1.94821,0.55989,0.828029,0.0298664,-0.000308792
662,0,-0.436702,-0.463766,1.84358,0.232983,0.145882,1.64989,0.983695,0.17443,0.0438013,0.102753,-0.345218,-0.932881,-0.147602,0.922171,-0.357512,110.307,5.89773,8.53346,0.565899,0.819516,0.0845571,-0.0316651
669,0,-0.437948,-0.461403,1.84558,0.232983,0.145882,1.64989,0.956067,0.288898,0.0497384,0.147484,-0.327395,-0.933306,-0.253346,0.899639,-0.355619,109.33,8.48117,14.8416,0.564148,0.812262,0.134311,-0.062667
677,0,-0.437781,-0.461935,1.84825,0.232983,0.145882,1.64989,0.940693,0.335047,0.0532909,0.163664,-0.310578,-0.936352,-0.297171,0.889542,-0.346993,108.35,9.41961,17.5317,0.566375,0.805957,0.154695,-0.0756494
683,0,-0.437001,-0.464274,1.84545,0.232983,0.145882,1.64989,0.922245,0.38455,0.0398286,0.163931,-0.295672,-0.941119,-0.350131,0.874471,-0.335721,107.441,9.43511,20.7893,0.568078,0.799005,0.171614,-0.0970902
690,0,-0.43669,-0.463928,1.84565,0.232983,0.145882,1.64989,0.893994,0.447469,0.0233696,0.173266,-0.297127,-0.938986,-0.413223,0.843497,-0.343161,107.559,9.97775,24.8074,0.559845,0.795971,0.194961,-0.122446
698,0,-0.437009,-0.463699,1.84676,0.232983,0.145882,1.64989,0.867241,0.497888,-0.000671049,0.177392,-0.310247,-0.933959,-0.465215,0.809848,-0.35738,108.376,10.2179,28.2105,0.547635,0.796063,0.212068,-0.146309
705,0,-0.436935,-0.463304,1.84886,0.232983,0.145882,1.64989,0.873415,0.485202,0.0415408,0.214197,-0.306163,-0.927569,-0.43734,0.81905,-0.371336,108.267,12.3684,26.5982,0.54679,0.798579,0.218951,-0.123907
713,0,-0.437989,-0.463207,1.84935,0.232983,0.145882,1.64989,0.866898,0.497156,0.0363882,0.206902,-0.292443,-0.933632,-0.45352,0.816892,-0.356381,107.392,11.9409,27.6164,0.551832,0.793051,0.221946,-0.131496
719,0,-0.437311,-0.462542,1.84711,0.232983,0.145882,1.64989,0.878497,0.475499,0.0463125,0.205668,-0.288909,-0.935004,-0.431213,0.830923,-0.3516,107.171,11.8686,26.1443,0.556324,0.793569,0.21459,-0.121256
727,0,-0.437605,-0.463671,1.84506,0.232983,0.145882,1.64989,0.897116,0.439696,0.0430185,0.199574,-0.316462,-0.927373,-0.394148,0.840547,-0.371656,108.842,11.5121,23.7183,0.549772,0.803933,0.198795,-0.109191
734,0,-0.437001,-0.463335,1.84587,0.232983,0.145882,1.64989,0.904119,0.425662,0.0371646,0.192154,-0.327366,-0.925153,-0.381636,0.843589,-0.377771,109.486,11.0785,22.885,0.54749,0.80766,0.191237,-0.106626
741,0,-0.437067,-0.463207,1.84749,0.232983,0.145882,1.64989,0.897445,0.438774,0.0454897,0.20489,-0.323291,-0.923852,-0.390656,0.838427,-0.380036,109.287,11.823,23.5234,0.546379,0.806345,0.199562,-0.107016
749,0,-0.436891,-0.464174,1.84637,0.232983,0.145882,1.64989,0.884808,0.464126,0.0412539,0.205395,-0.309024,-0.92861,-0.418244,0.830115,-0.368756,108.406,11.8526,25.2998,0.549324,0.800404,0.209119,-0.11775
756,0,-0.437217,-0.463129,1.84857,0.232983,0.145882,1.64989,0.87707,0.479541,0.0280807,0.200451,-0.312243,-0.928614,-0.43654,0.820088,-0.369984,108.585,11.5633,26.4607,0.546544,0.79989,0.212527,-0.127661
763,0,-0.436602,-0.463783,1.84564,0.232983,0.145882,1.64989,0.884137,0.466835,0.0191631,0.184648,-0.31144,-0.932154,-0.429194,0.82769,-0.361555,108.475,10.6406,25.8937,0.550259,0.799552,0.203703,-0.128206
771,0,-0.436286,-0.463877,1.84553,0.232983,0.145882,1.64989,0.891865,0.452164,0.0111777,0.166771,-0.305772,-0.937385,-0.420434,0.837885,-0.348115,108.066,9.60013,25.2397,0.556322,0.797771,0.193958,-0.12825
778,0,-0.43808,-0.461758,1.84901,0.232983,0.145882,1.64989,0.914942,0.400146,0.0525787,0.174729,-0.275305,-0.945345,-0.363801,0.874123,-0.321805,106.237,10.0629,21.6838,0.573984,0.792473,0.181355,-0.0981806
786,0,-0.437002,-0.462907,1.84669,0.232983,0.145882,1.64989,0.916199,0.399141,0.0355702,0.170303,-0.307488,-0.936188,-0.362734,0.863792,-0.349696,108.183,9.80545,21.5992,0.561029,0.802088,0.177488,-0.101972
793,0,-0.437652,-0.461926,1.84558,0.232983,0.145882,1.64989,0.925591,0.375224,0.0498807,0.170784,-0.296367,-0.939681,-0.337808,0.878279,-0.338397,107.505,9.83339,20.0503,0.568073,0.800055,0.170616,-0.089971
800,0,-0.438243,-0.463455,1.84699,0.232983,0.145882,1.64989,0.93274,0.358084,0.042091,0.160695,-0.308369,-0.937596,-0.322758,0.881297,-0.345171,108.206,9.24722,19.0873,0.565509,0.804096,0.161293,-0.0872618
807,0,-0.43735,-0.462661,1.84677,0.232983,0.145882,1.64989,0.941048,0.335806,0.0407721,0.155968,-0.323775,-0.93319,-0.30017,0.884536,-0.357063,109.134,8.97296,17.6913,0.561296,0.809612,0.151855,-0.0800995
815,0,-0.437431,-0.464582,1.84811,0.232983,0.145882,1.64989,0.95108,0.307322,0.0316356,0.140244,-0.338226,-0.930556,-0.27528,0.88947,-0.364779,109.974,8.06194,16.1425,0.558586,0.814568,0.137363,-0.0747773
822,0,-0.437325,-0.463705,1.84629,0.232983,0.145882,1.64989,0.942458,0.332368,0.0361283,0.152965,-0.332592,-0.930583,-0.29728,0.882561,-0.364294,109.667,8.79881,17.5069,0.558026,0.812303,0.14937,-0.0803739
829,0,-0.436631,-0.463682,1.84765,0.232983,0.145882,1.64989,0.939359,0.341676,0.029347,0.150844,-0.334821,-0.93013,-0.307977,0.878153,-0.366057,109.797,8.67585,18.1522,0.556435,0.81244,0.151556,-0.0857388
836,0,-0.437877,-0.462385,1.84838,0.232983,0.145882,1.64989,0.961958,0.268983,0.0477966,0.136568,-0.321929,-0.936862,-0.236613,0.90775,-0.346417,108.964,7.84928,13.8187,0.568685,0.810911,0.12503,-0.0582113
843,0,-0.435921,-0.463925,1.84873,0.232983,0.145882,1.64989,0.950068,0.308644,0.045934,0.148069,-0.316335,-0.937021,-0.274675,0.897035,-0.34624,108.654,8.51504,16.1252,0.567339,0.808184,0.141277,-0.0707577
850,0,-0.438136,-0.461377,1.84792,0.232983,0.145882,1.64989,0.966373,0.254082,0.0395649,0.114843,-0.288787,-0.950481,-0.230074,0.923063,-0.308255,106.9,6.59456,13.3917,0.585092,0.800533,0.115212,-0.0594945
858,0,-0.437069,-0.461856,1.84816,0.232983,0.145882,1.64989,0.969443,0.244332,0.0219572,0.100468,-0.313783,-0.944164,-0.2238,0.917519,-0.328743,108.384,5.76615,12.9992,0.575959,0.808079,0.106673,-0.0624452
865,0,-0.43751,-0.464645,1.84704,0.232983,0.145882,1.64989,0.965743,0.25611,0.0417982,0.118708,-0.29278,-0.948783,-0.230755,0.921242,-0.313153,107.149,6.81754,13.4383,0.583055,0.801822,0.116865,-0.0589149
872,0,-0.437758,-0.461926,1.84646,0.232983,0.145882,1.64989,0.973992,0.222557,0.0425237,0.10562,-0.279915,-0.954197,-0.20046,0.933872,-0.296142,106.349,6.06289,11.6298,0.591172,0.798444,0.102755,-0.0494512
880,0,-0.437903,-0.46376,1.84752,0.232983,0.145882,1.64989,0.984452,0.171728,0.0369318,0.0954975,-0.346786,-0.93307,-0.147427,0.92209,-0.357793,110.388,5.47995,8.51704,0.565657,0.819913,0.0814797,-0.033691
887,0,-0.437255,-0.463648,1.84685,0.232983,0.145882,1.64989,0.987246,0.156293,0.0303092,0.0851835,-0.357737,-0.929929,-0.134498,0.92065,-0.366488,111.041,4.88658,7.75799,0.561921,0.823327,0.0733233,-0.0316366
894,0,-0.437448,-0.461083,1.84437,0.232983,0.145882,1.64989,0.975426,0.212816,0.0570321,0.126556,-0.329301,-0.935705,-0.180352,0.91993,-0.348142,109.388,7.2706,10.4754,0.569646,0.814381,0.104181,-0.037857
902,0,-0.43768,-0.461316,1.84731,0.232983,0.145882,1.64989,0.977333,0.206233,0.047829,0.113186,-0.318086,-0.941281,-0.178909,0.925359,-0.334219,108.672,6.499,10.3736,0.575549,0.810808,0.0984877,-0.0404166
909,0,-0.437479,-0.464184,1.84745,0.232983,0.145882,1.64989,0.965,0.260636,0.0290456,0.115722,-0.323812,-0.939018,-0.235337,0.909513,-0.34264,109.026,6.64526,13.7053,0.569769,0.811088,0.116004,-0.0635847
916,0,-0.436754,-0.462502,1.84757,0.232983,0.145882,1.64989,0.947886,0.317714,0.0238761,0.133515,-0.328057,-0.935175,-0.289285,0.889627,-0.35338,109.331,7.67274,16.9717,0.562683,0.810759,0.139138,-0.0818397
923,0,-0.43527,-0.464207,1.84701,0.232983,0.145882,1.64989,0.991531,0.129851,-0.00243467,0.0457816,-0.367004,-0.929092,-0.121537,0.921112,-0.36984,111.555,2.62401,6.9882,0.560064,0.82589,0.0531647,-0.0375268
930,0,-0.437279,-0.46355,1.84776,0.232983,0.145882,1.64989,0.986117,0.163687,0.0279184,0.0847589,-0.351609,-0.932302,-0.142789,0.921725,-0.360602,110.664,4.86216,8.23913,0.564337,0.821329,0.0756231,-0.0349649
938,0,-0.437591,-0.462581,1.84614,0.232983,0.145882,1.64989,0.916197,0.398713,0.0401336,0.171761,-0.300244,-0.938271,-0.36205,0.866534,-0.343566,107.745,9.89024,21.5623,0.564001,0.800001,0.178273,-0.100599
945,0,-0.43779,-0.461661,1.84734,0.232983,0.145882,1.64989,0.993527,0.108254,0.0344346,0.0678109,-0.321974,-0.944317,-0.0911387,0.940539,-0.32723,108.827,3.88826,5.24122,0.579725,0.812824,0.0541521,-0.0174405
952,0,-0.438025,-0.461017,1.84662,0.232983,0.145882,1.64989,0.978573,-0.200248,0.047908,-0.0210493,-0.328753,-0.944181,0.20482,0.922942,-0.325924,109.198,-1.20613,-11.8216,0.575303,0.811365,-0.0681867,0.0778713
959,0,-0.437667,-0.461385,1.84851,0.232983,0.145882,1.64989,0.969104,-0.241505,0.050124,-0.0328688,-0.327853,-0.944157,0.244452,0.913339,-0.325662,109.149,-1.88358,-14.1573,0.573496,0.809725,-0.0847121,0.0909494
966,0,-0.437987,-0.461668,1.84715,0.232983,0.145882,1.64989,0.954986,-0.293767,0.0412575,-0.0646166,-0.341733,-0.937573,0.289527,0.892703,-0.345333,110.026,-3.70484,-16.8659,0.56301,0.81272,-0.110242,0.101752
973,0,-0.437897,-0.464237,1.84634,0.232983,0.145882,1.64989,0.982229,-0.179548,0.0546599,-0.0103423,-0.342571,-0.939435,0.187399,0.922175,-0.33834,110.035,-0.592583,-10.8016,0.570377,0.815957,-0.0581804,0.0741641
980,0,-0.437658,-0.463682,1.84903,0.232983,0.145882,1.64989,0.978702,-0.195928,0.0612752,-0.00922928,-0.34018,-0.940315,0.205078,0.919723,-0.334743,109.889,-0.528806,-11.8346,0.570916,0.814498,-0.0629704,0.0817539
988,0,-0.438705,-0.463589,1.84718,0.232983,0.145882,1.64989,0.969709,-0.235729,0.0639982,-0.0168315,-0.32587,-0.945265,0.243681,0.915555,-0.319967,109.021,-0.964418,-14.1059,0.575298,0.808633,-0.0780825,0.0951233
995,0,-0.43707,-0.463281,1.84505,0.232983,0.145882,1.64989,0.969532,-0.236003,0.0656583,-0.0231241,-0.355006,-0.934578,0.243872,0.904585,-0.349647,110.8,-1.32503,-14.119,0.562334,0.817647,-0.0792294,0.0946406
1002,0,-0.437383,-0.463673,1.8462,0.232983,0.145882,1.64989,0.967813,-0.243708,0.0628051,-0.0328945,-0.369907,-0.928486,0.249512,0.896535,-0.366018,111.722,-1.88506,-14.4566,0.554952,0.822152,-0.0841093,0.0949693
1009,0,-0.437647,-0.462856,1.84627,0.232983,0.145882,1.64989,0.968532,-0.240782,0.0630128,-0.0345136,-0.380659,-0.924071,0.246486,0.892817,-0.376991,112.389,-1.97788,-14.2783,0.5502,0.825558,-0.0833665,0.0937241
1016,0,-0.437697,-0.46333,1.84798,0.232983,0.145882,1.64989,0.969333,-0.24025,0.0516993,-0.0458345,-0.383426,-0.922434,0.241438,0.891776,-0.382679,112.571,-2.62704,-13.9864,0.548459,0.826958,-0.086487,0.088619
1023,0,-0.437579,-0.463248,1.8467,0.232983,0.145882,1.64989,0.961794,-0.269558,0.047856,-0.0603786,-0.379348,-0.923282,0.267032,0.885118,-0.381131,112.336,-3.46154,-15.5168,0.548023,0.824966,-0.099985,0.0954246
1030,0,-0.437376,-0.462542,1.84604,0.232983,0.145882,1.64989,0.949271,-0.310497,0.0497576,-0.0722695,-0.369412,-0.926451,0.306042,0.875858,-0.373111,111.739,-4.14435,-17.8691,0.549261,0.820334,-0.11665,0.108431
1038,0,-0.436926,-0.46225,1.84862,0.232983,0.145882,1.64989,0.951015,-0.307821,0.0285864,-0.0882489,-0.358935,-0.929181,0.296282,0.881142,-0.368518,111.121,-5.06288,-17.3041,0.553074,0.818301,-0.121004,0.099251
1045,0,-0.436629,-0.462811,1.84886,0.232983,0.145882,1.64989,0.944634,-0.327757,0.0155321,-0.104184,-0.344485,-0.932993,0.311146,0.879719,-0.359559,110.265,-5.98016,-18.231,0.556909,0.813738,-0.132703,0.100363
1052,0,-0.437544,-0.464132,1.84663,0.232983,0.145882,1.64989,0.921817,-0.386029,0.0351271,-0.108473,-0.343902,-0.932719,0.372137,0.855986,-0.358889,110.239,-6.22732,-21.9839,0.552048,0.810032,-0.152618,0.125694
1059,0,-0.437769,-0.46311,1.84932,0.232983,0.145882,1.64989,0.914808,-0.401892,0.0401072,-0.11109,-0.345848,-0.931691,0.38831,0.847863,-0.361031,110.365,-6.37815,-22.9998,0.549529,0.809581,-0.15841,0.132296
1066,0,-0.437312,-0.462038,1.84534,0.232983,0.145882,1.64989,0.882543,-0.468608,0.0390399,-0.133125,-0.328617,-0.935034,0.450993,0.820011,-0.352402,109.364,-7.65024,-27.0677,0.54807,0.800556,-0.187911,0.153029
1073,0,-0.436874,-0.461633,1.84742,0.232983,0.145882,1.64989,0.8606,-0.508201,0.0331623,-0.144155,-0.305533,-0.941206,0.488454,0.805221,-0.336201,107.984,-8.28834,-29.5781,0.552011,0.790938,-0.206197,0.164873
1080,0,-0.437762,-0.463854,1.84665,0.232983,0.145882,1.64989,0.873726,-0.484422,0.044029,-0.12004,-0.302453,-0.945575,0.471374,0.820888,-0.322411,107.737,-6.89442,-28.3468,0.558762,0.790347,-0.191201,0.163031
1088,0,-0.438384,-0.46467,1.84721,0.232983,0.145882,1.64989,0.887681,-0.458554,0.0418456,-0.112817,-0.304698,-0.945744,0.446425,0.834798,-0.322207,107.858,-6.47771,-26.6983,0.561421,0.792872,-0.180158,0.153956
1095,0,-0.437578,-0.463265,1.84924,0.232983,0.145882,1.64989,0.910418,-0.413323,0.01742,-0.141838,-0.351427,-0.925409,0.388614,0.840038,-0.37857,110.794,-8.15423,-23.1153,0.543236,0.812468,-0.170826,0.124939
1103,0,-0.436494,-0.463741,1.84387,0.232983,0.145882,1.64989,0.87287,-0.487821,0.0113403,-0.153097,-0.295859,-0.942883,0.463313,0.821279,-0.33293,107.421,-8.80643,-27.959,0.557692,0.790832,-0.202609,0.150049
1110,0,-0.436843,-0.46297,1.84613,0.232983,0.145882,1.64989,0.885029,-0.46502,0.0218954,-0.128562,-0.289343,-0.948553,0.447431,0.836682,-0.315861,106.964,-7.3865,-26.8191,0.565647,0.789024,-0.188075,0.148705
1117,0,-0.436141,-0.462114,1.84832,0.232983,0.145882,1.64989,0.908367,-0.417409,0.0252774,-0.122547,-0.323505,-0.938257,0.399815,0.849184,-0.345013,109.024,-7.0391,-23.7565,0.556742,0.802634,-0.168183,0.132405
1124,0,-0.437706,-0.463061,1.84679,0.232983,0.145882,1.64989,0.908916,-0.411617,0.0666572,-0.0981782,-0.366616,-0.925178,0.405257,0.834364,-0.373635,111.617,-5.63427,-24.0306,0.540524,0.813813,-0.156607,0.14497
1131,0,-0.437986,-0.463598,1.84873,0.232983,0.145882,1.64989,0.91185,-0.407735,0.0477644,-0.114762,-0.364889,-0.923951,0.394156,0.837023,-0.379517,111.55,-6.58992,-23.3769,0.540242,0.814901,-0.160295,0.135575
1138,0,-0.438325,-0.463714,1.84971,0.232983,0.145882,1.64989,0.906379,-0.420021,0.0453769,-0.124811,-0.368843,-0.921074,0.403607,0.829179,-0.386735,111.824,-7.16984,-24.0032,0.536377,0.815775,-0.166968,0.137594
1145,0,-0.437186,-0.463494,1.84875,0.232983,0.145882,1.64989,0.900985,-0.433191,0.0239269,-0.153085,-0.369034,-0.916722,0.405945,0.822289,-0.398809,111.928,-8.80578,-24.2543,0.532246,0.816827,-0.179437,0.131568
1152,0,-0.436102,-0.46311,1.84795,0.232983,0.145882,1.64989,0.912408,-0.409004,0.015046,-0.144839,-0.357054,-0.922786,0.382796,0.839779,-0.385018,111.153,-8.32795,-22.7602,0.54091,0.814629,-0.169968,0.122093
1159,0,-0.437632,-0.463158,1.84769,0.232983,0.145882,1.64989,0.897271,-0.439147,0.0453328,-0.125739,-0.352633,-0.927275,0.423196,0.826317,-0.371626,110.821,-7.22345,-25.2508,0.541528,0.809557,-0.174443,0.144687
1166,0,-0.438366,-0.463201,1.84781,0.232983,0.145882,1.64989,0.890142,-0.451932,0.05835,-0.114231,-0.345264,-0.931528,0.441134,0.822527,-0.358958,110.337,-6.55924,-26.3619,0.5445,0.805352,-0.17575,0.155051
1173,0,-0.438275,-0.462123,1.84769,0.232983,0.145882,1.64989,0.883884,-0.464001,0.0587505,-0.115404,-0.338098,-0.934008,0.453244,0.818775,-0.352387,109.9,-6.62696,-27.1482,0.546214,0.802242,-0.180558,0.159551
1180,0,-0.43839,-0.462812,1.84635,0.232983,0.145882,1.64989,0.883315,-0.463947,0.0671421,-0.10523,-0.33581,-0.936033,0.456817,0.819747,-0.345447,109.736,-6.0404,-27.3463,0.548192,0.800714,-0.177709,0.163591
1187,0,-0.438159,-0.462753,1.84724,0.232983,0.145882,1.64989,0.894554,-0.443725,0.0536745,-0.102489,-0.320528,-0.941678,0.435051,0.836881,-0.332207,108.798,-5.88253,-25.9352,0.557185,0.798011,-0.171117,0.153107
1194,0,-0.436691,-0.462529,1.84587,0.232983,0.145882,1.64989,0.919547,-0.389279,0.0538115,-0.0971624,-0.357891,-0.928694,0.38078,0.848749,-0.366921,111.075,-5.57579,-22.4942,0.546519,0.813074,-0.149569,0.133626
1201,0,-0.437021,-0.464897,1.84746,0.232983,0.145882,1.64989,0.936599,-0.347342,0.046219,-0.0767107,-0.331952,-0.940172,0.341904,0.877018,-0.337551,109.447,-4.39952,-20.0545,0.562827,0.807171,-0.131339,0.120211
1208,0,-0.437858,-0.463784,1.84525,0.232983,0.145882,1.64989,0.95997,-0.275029,0.0530697,-0.0445424,-0.336945,-0.94047,0.276538,0.900459,-0.335708,109.711,-2.55293,-16.0701,0.5673,0.811268,-0.0984791,0.101572
1216,0,-0.437738,-0.462139,1.84654,0.232983,0.145882,1.64989,0.971238,-0.23284,0.0498205,-0.0323962,-0.336505,-0.941124,0.235896,0.912442,-0.334369,109.675,-1.85649,-13.6518,0.570168,0.812729,-0.0815881,0.0878881
1223,0,-0.437398,-0.461586,1.84802,0.232983,0.145882,1.64989,0.973557,-0.22656,0.029286,-0.0478953,-0.327777,-0.94354,0.223368,0.917187,-0.329961,109.157,-2.74525,-12.922,0.573546,0.811063,-0.0845974,0.0778774
1230,0,-0.437772,-0.462227,1.84733,0.232983,0.145882,1.64989,0.975768,-0.215288,0.0390995,-0.0387471,-0.345876,-0.93748,0.215352,0.913247,-0.345837,110.251,-2.2206,-12.4457,0.566581,0.816621,-0.0777702,0.0778976
1237,0,-0.438799,-0.46336,1.84926,0.232983,0.145882,1.64989,0.98633,-0.157795,0.0474791,-0.0153725,-0.374985,-0.926903,0.164065,0.913502,-0.372285,112.026,-0.880816,-9.44404,0.556565,0.82668,-0.0523684,0.0639739
1244,0,-0.437858,-0.464045,1.85053,0.232983,0.145882,1.64989,0.992478,-0.114503,0.0433203,-0.0049058,-0.390767,-0.920476,0.122326,0.91334,-0.388389,113.003,-0.281083,-7.02644,0.550754,0.832411,-0.0358624,0.0497489
1251,0,-0.438119,-0.463275,1.84764,0.232983,0.145882,1.64989,0.992945,-0.105907,0.0533297,0.00782232,-0.390266,-0.920669,0.118318,0.914591,-0.386684,112.972,0.448191,-6.79526,0.551361,0.83215,-0.0294673,0.0515676
1259,0,-0.436588,-0.462989,1.84714,0.232983,0.145882,1.64989,0.997633,-0.0557289,0.0402762,0.0166518,-0.372504,-0.927881,0.0667129,0.926356,-0.370694,111.873,0.95412,-3.82574,0.560008,0.827773,-0.0118019,0.0323123
1267,0,-0.437402,-0.463911,1.84742,0.232983,0.145882,1.64989,0.999368,-0.009743,0.0341774,0.0286055,-0.350144,-0.936259,0.021089,0.936645,-0.349644,110.505,1.6392,-1.20889,0.569996,0.821455,0.00574058,0.0168197
1274,0,-0.437802,-0.46379,1.84886,0.232983,0.145882,1.64989,0.998637,0.0195556,0.0483869,0.052189,-0.371219,-0.927078,-0.00016742,0.928339,-0.371734,111.822,2.99157,0.00960553,0.560287,0.827887,0.021665,0.014561
1281,0,-0.437819,-0.463459,1.84868,0.232983,0.145882,1.64989,0.988527,0.139294,0.0584096,0.105596,-0.360822,-0.926637,-0.107999,0.922174,-0.371391,111.275,6.06152,6.23498,0.560427,0.824733,0.074233,-0.015032
1288,0,-0.437524,-0.463159,1.84872,0.232983,0.145882,1.64989,0.979235,0.200116,0.0324431,0.105704,-0.36744,-0.924021,-0.172991,0.908263,-0.380963,111.685,6.06771,10.0184,0.554714,0.825778,0.0925854,-0.04255
1295,0,-0.436691,-0.464665,1.84795,0.232983,0.145882,1.64989,0.976572,0.215101,0.00621518,0.0839848,-0.354386,-0.93132,-0.198125,0.910023,-0.364149,110.833,4.81765,11.4684,0.560811,0.820839,0.0910915,-0.0584494
1303,0,-0.434806,-0.464508,1.84805,0.232983,0.145882,1.64989,0.972418,0.233091,-0.00842795,0.0771934,-0.355715,-0.931401,-0.2201,0.905061,-0.363897,110.903,4.42726,12.7536,0.559644,0.82037,0.0945563,-0.0696416
1310,0,-0.436548,-0.463589,1.84724,0.232983,0.145882,1.64989,0.962398,0.26979,0.0316857,0.126647,-0.342439,-0.930965,-0.240315,0.899972,-0.363731,110.195,7.27588,14.0203,0.560408,0.816788,0.12134,-0.0638566
1317,0,-0.436448,-0.463125,1.84743,0.232983,0.145882,1.64989,0.969506,0.242072,0.0382046,0.125695,-0.357351,-0.925473,-0.210378,0.902054,-0.376881,111.113,7.22088,12.2431,0.555714,0.822152,0.11183,-0.0523546
1323,0,-0.437948,-0.463569,1.84631,0.232983,0.145882,1.64989,0.971674,0.226241,0.0682933,0.143361,-0.334561,-0.931406,-0.187874,0.914814,-0.357518,109.758,8.24237,10.9431,0.565596,0.816051,0.113229,-0.0366338
1331,0,-0.437859,-0.463131,1.84525,0.232983,0.145882,1.64989,0.982895,0.173397,0.0620526,0.117743,-0.332569,-0.9357,-0.141611,0.927001,-0.347297,109.566,6.76188,8.19851,0.570752,0.815898,0.0892086,-0.0243776
1338,0,-0.437803,-0.462979,1.84746,0.232983,0.145882,1.64989,0.993262,0.108596,0.0404762,0.0784115,-0.372526,-0.924703,-0.0853403,0.921646,-0.378531,111.943,4.49726,4.91075,0.557271,0.828299,0.0564431,-0.013541
1345,0,-0.437204,-0.463659,1.84681,0.232983,0.145882,1.64989,0.996616,0.080633,0.0159936,0.0453429,-0.376934,-0.92513,-0.0685674,0.922724,-0.379315,112.168,2.59885,3.93576,0.556859,0.829588,0.0379634,-0.0158433
1352,0,-0.435706,-0.46369,1.84734,0.232983,0.145882,1.64989,0.997471,0.0710178,-0.00283095,0.0237996,-0.371275,-0.928218,-0.066971,0.925803,-0.372027,111.801,1.36375,3.84112,0.559948,0.827764,0.0286366,-0.0210815
1359,0,-0.437944,-0.463692,1.85047,0.232983,0.145882,1.64989,0.997798,0.0310777,0.0585938,0.0659255,-0.367856,-0.927543,-0.0072718,0.929363,-0.369095,111.633,3.78,0.417555,0.561437,0.826854,0.029329,0.0155172
1366,0,-0.437702,-0.462632,1.848,0.232983,0.145882,1.64989,0.998612,-0.0358453,0.0385934,0.0237946,-0.346678,-0.937682,0.046991,0.937299,-0.345344,110.29,1.36346,-2.69414,0.571531,0.820158,-0.0036733,0.0260878
1373,0,-0.437379,-0.464183,1.84702,0.232983,0.145882,1.64989,0.992941,-0.113355,0.0349214,-0.00590168,-0.341267,-0.939948,0.118465,0.933106,-0.339527,109.954,-0.338144,-6.80364,0.572745,0.817578,-0.0364664,0.0469027
1380,0,-0.43754,-0.461787,1.84499,0.232983,0.145882,1.64989,0.983514,-0.174434,0.047667,-0.0154772,-0.343836,-0.938902,0.180166,0.922686,-0.340868,110.113,-0.886813,-10.3807,0.569827,0.816734,-0.0581313,0.0697391
1387,0,-0.437032,-0.463486,1.84483,0.232983,0.145882,1.64989,0.977195,-0.208904,0.0380632,-0.0338294,-0.330124,-0.943331,0.209631,0.920531,-0.329662,109.288,-1.93865,-12.1078,0.573892,0.811939,-0.0747388,0.0762663
1394,0,-0.437471,-0.464478,1.84636,0.232983,0.145882,1.64989,0.974914,-0.22025,0.0321401,-0.0405507,-0.317731,-0.947314,0.218858,0.922246,-0.318691,108.542,-2.32402,-12.6525,0.578466,0.807981,-0.0806952,0.0776621
1401,0,-0.437526,-0.462309,1.84605,0.232983,0.145882,1.64989,0.979979,-0.193347,0.0475268,-0.0133639,-0.302042,-0.953201,0.198654,0.933481,-0.298579,107.582,-0.765719,-11.4593,0.58723,0.803212,-0.0643388,0.0766237
1408,0,-0.4373,-0.46166,1.84511,0.232983,0.145882,1.64989,0.975443,-0.216086,0.0426376,-0.0263963,-0.306881,-0.951382,0.218665,0.926893,-0.305048,107.878,-1.51257,-12.6351,0.583848,0.804265,-0.0753739,0.081224
1416,0,-0.436437,-0.461467,1.84625,0.232983,0.145882,1.64989,0.972234,-0.231807,0.0320371,-0.0478786,-0.331055,-0.942396,0.22906,0.914696,-0.332962,109.356,-2.74429,-13.2572,0.571887,0.811827,-0.0861284,0.0804041
1423,0,-0.438077,-0.462728,1.84618,0.232983,0.145882,1.64989,0.960698,-0.274478,0.0414805,-0.0552957,-0.335652,-0.940362,0.272031,0.90111,-0.337638,109.644,-3.16983,-15.81,0.56732,0.811478,-0.101597,0.0965866
1431,0,-0.437403,-0.464509,1.8466,0.232983,0.145882,1.64989,0.952316,-0.302538,0.0395591,-0.0666191,-0.332701,-0.940676,0.297752,0.893186,-0.336992,109.478,-3.81982,-17.3624,0.566265,0.809631,-0.113989,0.104156
1438,0,-0.438259,-0.463495,1.84535,0.232983,0.145882,1.64989,0.943364,-0.327588,0.0524545,-0.0621139,-0.329713,-0.942036,0.325894,0.885424,-0.331387,109.29,-3.56115,-19.058,0.566185,0.806918,-0.120738,0.11722
1446,0,-0.437192,-0.465325,1.8481,0.232983,0.145882,1.64989,0.932958,-0.358352,0.0342539,-0.0933917,-0.332837,-0.938348,0.34766,0.872241,-0.34399,109.53,-5.35876,-20.4375,0.560386,0.807741,-0.139817,0.118204
1453,0,-0.437844,-0.464345,1.84883,0.232983,0.145882,1.64989,0.926366,-0.375442,0.0298123,-0.107525,-0.339508,-0.934437,0.360948,0.862426,-0.354878,109.968,-6.17267,-21.2878,0.554973,0.809437,-0.149168,0.120689
1460,0,-0.437665,-0.463786,1.84761,0.232983,0.145882,1.64989,0.905123,-0.423563,0.0367063,-0.126558,-0.350853,-0.927839,0.405877,0.835163,-0.37117,110.714,-7.27076,-24.1525,0.543852,0.810424,-0.169702,0.136528
1467,0,-0.437618,-0.464347,1.84893,0.232983,0.145882,1.64989,0.888892,-0.452715,0.0701391,-0.101504,-0.343925,-0.933495,0.44673,0.822657,-0.351665,110.225,-5.82576,-26.6827,0.546192,0.803816,-0.172371,0.160755
1474,0,-0.437842,-0.462452,1.84783,0.232983,0.145882,1.64989,0.804346,-0.592468,0.0448225,-0.165697,-0.296118,-0.940669,0.570589,0.749197,-0.336352,107.474,-9.5377,-35.3512,0.541266,0.780515,-0.242841,0.197117
