113,0,-0.336579,-0.387509,1.45711,-nan,-nan,-nan,0.827257,0.56117,0.0271103,0.185879,-0.227842,-0.955791,-0.530184,0.795724,-0.292793,103.408,10.7124,32.6556,0.571538,0.766142,0.24377,-0.164158
121,0,-0.336024,-0.395228,1.45815,-nan,-nan,-nan,0.832964,0.553278,-0.00732989,0.165767,-0.262158,-0.950681,-0.527913,0.790668,-0.310084,105.417,9.5418,32.3655,0.561409,0.775436,0.23182,-0.172562
129,0,-0.336421,-0.400214,1.45791,-nan,-nan,-nan,0.844322,0.535315,-0.0236128,0.162406,-0.297651,-0.940759,-0.510631,0.790469,-0.338252,107.557,9.34659,31.1648,0.549641,0.787437,0.221517,-0.169615
137,0,-0.336553,-0.401052,1.45773,-nan,-nan,-nan,0.847557,0.52986,-0.0299389,0.164831,-0.316446,-0.93418,-0.504459,0.786836,-0.355543,108.713,9.48741,30.7608,0.542118,0.793654,0.218827,-0.168335
145,0,-0.336251,-0.39938,1.45504,-nan,-nan,-nan,0.853617,0.51903,-0.0441168,0.139742,-0.309765,-0.940488,-0.501807,0.796652,-0.33695,108.23,8.03289,30.4496,0.549295,0.790622,0.208308,-0.172625
153,0,-0.338716,-0.396055,1.46113,-nan,-nan,-nan,0.805753,0.587138,-0.0776638,0.0153246,-0.151758,-0.988299,-0.592054,0.795134,-0.131277,98.7299,0.878069,36.3078,0.616992,0.722632,0.208426,-0.231694
160,0,-0.33866,-0.395857,1.46199,-nan,-nan,-nan,0.7659,0.639281,-0.0686766,-0.00499696,-0.100892,-0.994885,-0.64294,0.762326,-0.0740785,95.7906,-0.286306,40.012,0.63066,0.696576,0.227644,-0.255398
167,0,-0.338581,-0.397118,1.46541,-nan,-nan,-nan,0.720962,0.691921,-0.0381935,0.0185772,-0.0743937,-0.997056,-0.692725,0.71813,-0.066489,94.2671,1.06446,43.8557,0.628506,0.682247,0.260352,-0.267835
175,0,-0.340421,-0.399165,1.47617,-nan,-nan,-nan,0.711259,0.700833,-0.0542633,-0.0598127,-0.0165751,-0.998072,-0.700381,0.713133,0.0301295,90.9514,-3.42906,44.5585,0.656661,0.65148,0.245986,-0.289588
184,0,-0.339761,-0.396078,1.47557,-nan,-nan,-nan,0.695054,0.706658,-0.132416,-0.20125,0.014415,-0.979434,-0.690216,0.707408,0.152234,89.1568,-11.6101,44.7999,0.682221,0.618143,0.204406,-0.332703
192,0,-0.340132,-0.394963,1.48161,-nan,-nan,-nan,0.701244,0.701462,-0.127315,-0.275286,0.101693,-0.955969,-0.657628,0.705415,0.264415,83.9279,-15.9791,43.1616,0.718914,0.57774,0.184415,-0.339661
200,0,-0.341098,-0.390442,1.48897,-nan,-nan,-nan,0.695512,0.705723,-0.134972,-0.360093,0.179804,-0.915425,-0.621768,0.685292,0.379182,78.8877,-21.1059,41.7958,0.750749,0.53304,0.162103,-0.354917
208,0,-0.341476,-0.384928,1.49803,-nan,-nan,-nan,0.682235,0.71536,-0.151051,-0.428055,0.22332,-0.875727,-0.592727,0.662109,0.45857,75.6938,-25.3442,40.9842,0.768786,0.500086,0.143628,-0.371825
216,0,-0.339419,-0.378606,1.50875,-nan,-nan,-nan,0.731433,0.669529,-0.129372,-0.479271,0.369781,-0.795965,-0.485082,0.6442,0.591356,65.0819,-28.6378,33.5521,0.820453,0.438833,0.108388,-0.350051
225,0,-0.33085,-0.37366,1.5148,-nan,-nan,-nan,0.753491,0.648671,-0.107131,-0.498514,0.457458,-0.736353,-0.428643,0.608242,0.668062,58.1495,-29.9018,29.6345,0.848382,0.396223,0.0947425,-0.338051
233,1,-0.319836,-0.365489,1.5217,-nan,-nan,-nan,0.788937,0.598746,-0.138133,-0.538335,0.565105,-0.625181,-0.296265,0.567591,0.768159,47.8894,-32.5704,20.5824,0.883488,0.337518,0.0447464,-0.321759
242,0,-0.307473,-0.352222,1.52854,-nan,-nan,-nan,0.796144,0.580592,-0.170494,-0.567582,0.618838,-0.543038,-0.209776,0.529106,0.822217,41.2674,-34.5818,14.7613,0.899611,0.297947,0.0109163,-0.319075
250,0,-0.300986,-0.340533,1.53137,-nan,-nan,-nan,0.795937,0.533706,-0.28573,-0.604883,0.682029,-0.411038,-0.024497,0.499994,0.865683,31.0761,-37.2204,1.76287,0.914282,0.249111,-0.0714312,-0.311334
258,0,-0.297932,-0.332574,1.52967,-nan,-nan,-nan,0.809549,0.496902,-0.312602,-0.585699,0.719791,-0.372635,0.0398451,0.484757,0.873741,27.3705,-35.8524,-2.81776,0.922372,0.232388,-0.0955273,-0.293428
266,0,-0.303981,-0.322039,1.52911,-nan,-nan,-nan,0.75205,0.51037,-0.417066,-0.623381,0.756274,-0.19861,0.214051,0.409356,0.88691,14.7146,-38.5634,-15.8876,0.921308,0.164974,-0.171256,-0.307647
274,0,-0.304683,-0.320254,1.52846,-nan,-nan,-nan,0.738899,0.50076,-0.450852,-0.602315,0.790813,-0.108776,0.302069,0.35193,0.885946,7.83188,-37.0358,-22.2352,0.924075,0.12464,-0.203696,-0.298427
282,0,-0.306316,-0.320977,1.52635,-nan,-nan,-nan,0.750234,0.458595,-0.476276,-0.55136,0.831502,-0.0678734,0.364898,0.313521,0.876672,4.66656,-33.4603,-25.9373,0.92984,0.102543,-0.226161,-0.27154
290,0,-0.305044,-0.325087,1.51659,-nan,-nan,-nan,0.721584,0.466927,-0.511171,-0.56867,0.82086,-0.0529405,0.394881,0.328889,0.857847,3.69012,-34.6576,-28.6893,0.921994,0.103534,-0.245677,-0.280804
299,0,-0.305846,-0.325999,1.50536,-nan,-nan,-nan,0.702071,0.460581,-0.543103,-0.568502,0.821805,-0.0379692,0.428837,0.335412,0.838807,2.64531,-34.6459,-31.4173,0.916881,0.101807,-0.265012,-0.280594
306,0,-0.310946,-0.326383,1.49735,-nan,-nan,-nan,0.684254,0.422882,-0.59411,-0.555326,0.830208,-0.0486501,0.472662,0.363214,0.802911,3.35369,-33.7332,-34.6356,0.910683,0.113065,-0.29285,-0.268537
314,0,-0.314377,-0.32645,1.48503,-nan,-nan,-nan,0.680049,0.386929,-0.622751,-0.562013,0.82058,-0.103878,0.470823,0.420636,0.775494,7.21476,-34.1951,-34.6963,0.905003,0.144893,-0.302091,-0.262138
323,0,-0.315082,-0.33166,1.4699,-nan,-nan,-nan,0.706816,0.29077,-0.644875,-0.446545,0.890428,-0.0879478,0.548642,0.350129,0.759211,5.64082,-26.5222,-37.8192,0.916032,0.119558,-0.32573,-0.201225
331,0,-0.321698,-0.319959,1.45583,-nan,-nan,-nan,0.683205,0.316933,-0.657863,-0.542104,0.823722,-0.166149,0.489238,0.470144,0.734582,11.4038,-32.827,-35.6062,0.90021,0.176707,-0.318565,-0.238566
339,0,-0.327106,-0.319523,1.44957,-nan,-nan,-nan,0.698423,0.279723,-0.658756,-0.512251,0.83819,-0.187182,0.499804,0.46818,0.7287,12.5885,-30.8139,-35.5882,0.903509,0.181338,-0.320573,-0.219138
347,0,-0.335944,-0.318995,1.44144,-nan,-nan,-nan,0.7149,0.262979,-0.647889,-0.502183,0.837854,-0.214038,0.486549,0.478375,0.731046,14.3303,-30.1445,-34.2386,0.906063,0.19105,-0.313013,-0.211123
355,0,-0.343057,-0.316537,1.42322,-nan,-nan,-nan,0.734682,0.223697,-0.64047,-0.493548,0.82397,-0.278361,0.465459,0.520609,0.715761,18.6665,-29.574,-32.3564,0.904767,0.220767,-0.305584,-0.198185
363,0,-0.346611,-0.305928,1.40899,-nan,-nan,-nan,0.760461,0.209852,-0.614541,-0.488162,0.808822,-0.327879,0.428249,0.549334,0.71752,22.0665,-29.2198,-29.3857,0.906477,0.241929,-0.287594,-0.192507
370,0,-0.345073,-0.294129,1.3975,-nan,-nan,-nan,0.776418,0.221876,-0.58987,-0.484819,0.808281,-0.334114,0.402648,0.545393,0.735133,22.4584,-29.0006,-27.4111,0.91102,0.241352,-0.272364,-0.19393
378,1,-0.340874,-0.282176,1.38257,-nan,-nan,-nan,0.775019,0.187464,-0.603492,-0.447833,0.836713,-0.315209,0.445859,0.514557,0.732421,20.6425,-26.6048,-29.9113,0.914351,0.226873,-0.286911,-0.173702
386,1,-0.332128,-0.274753,1.36286,-nan,-nan,-nan,0.799316,0.167466,-0.577104,-0.402079,0.862768,-0.306536,0.446572,0.477061,0.756958,19.5598,-23.7082,-29.1918,0.924533,0.21189,-0.276809,-0.154009
395,0,-0.323418,-0.271385,1.34728,-nan,-nan,-nan,0.819161,0.159116,-0.551051,-0.36628,0.884453,-0.289105,0.441377,0.438663,0.782791,18.1012,-21.4864,-28.3165,0.933596,0.194883,-0.265754,-0.140692
402,0,-0.314412,-0.265855,1.33241,-nan,-nan,-nan,0.84896,0.17151,-0.499852,-0.35266,0.888311,-0.294168,0.393571,0.426015,0.814625,18.3225,-20.6501,-24.8721,0.942324,0.191066,-0.237026,-0.139063
411,0,-0.308893,-0.261369,1.31952,-nan,-nan,-nan,0.872823,0.196661,-0.446659,-0.35193,0.887704,-0.296861,0.338121,0.4163,0.84402,18.4907,-20.6054,-21.1757,0.949282,0.187816,-0.206677,-0.144475
419,0,-0.304646,-0.246578,1.30735,-nan,-nan,-nan,0.898763,0.236101,-0.369434,-0.354447,0.887227,-0.295288,0.258054,0.396339,0.881092,18.4085,-20.7596,-16.0199,0.957481,0.180585,-0.163838,-0.154193
426,1,-0.301775,-0.238685,1.28879,-nan,-nan,-nan,0.919417,0.235874,-0.314699,-0.326,0.904685,-0.274351,0.219991,0.354835,0.908678,16.8702,-19.0262,-13.4563,0.96602,0.162829,-0.138375,-0.14541
435,0,-0.293802,-0.229683,1.27175,-nan,-nan,-nan,0.940678,0.228815,-0.250535,-0.289864,0.925741,-0.242864,0.17636,0.301078,0.93715,14.7,-16.8498,-10.6186,0.975137,0.139453,-0.109445,-0.132976
443,0,-0.292704,-0.227537,1.26315,-nan,-nan,-nan,0.960418,0.21018,-0.182816,-0.253976,0.930276,-0.264733,0.114428,0.300685,0.946834,15.885,-14.7129,-6.79441,0.97948,0.144316,-0.0758677,-0.11847
450,0,-0.297657,-0.222852,1.2606,-nan,-nan,-nan,0.96773,0.214303,-0.132563,-0.244098,0.927848,-0.281982,0.062569,0.305241,0.950217,16.9045,-14.1285,-3.69933,0.980535,0.14972,-0.0497515,-0.116875
457,0,-0.300013,-0.218685,1.26578,-nan,-nan,-nan,0.976573,0.194179,-0.0927375,-0.212567,0.937552,-0.275338,0.0334815,0.2886,0.956864,16.3663,-12.2728,-1.9636,0.983741,0.143315,-0.0320763,-0.103367
465,1,-0.302252,-0.211857,1.26202,-nan,-nan,-nan,0.986103,0.158943,-0.0483568,-0.165889,0.926135,-0.338756,-0.00905788,0.34207,0.939631,20.0912,-9.54888,0.526277,0.981309,0.173449,-0.0100119,-0.0827547
474,1,-0.297393,-0.203355,1.25524,-nan,-nan,-nan,0.991548,0.126456,-0.0289924,-0.128479,0.926062,-0.354826,-0.018021,0.355552,0.934483,20.9646,-7.3817,1.04121,0.981338,0.180972,-0.00279501,-0.0649457
483,1,-0.290394,-0.19665,1.24209,-nan,-nan,-nan,0.99124,0.130107,-0.0227135,-0.129208,0.91965,-0.370876,-0.027365,0.370562,0.928405,21.9632,-7.42385,1.58135,0.979706,0.189199,0.00118697,-0.0661717
491,1,-0.288043,-0.190902,1.23393,-nan,-nan,-nan,0.990767,0.133286,-0.0248288,-0.132413,0.911926,-0.388403,-0.0291267,0.388105,0.921155,23.0699,-7.60906,1.68391,0.977733,0.198548,0.00109896,-0.0679376
500,1,-0.28798,-0.186277,1.23353,-nan,-nan,-nan,0.985746,0.168212,0.00294736,-0.157212,0.927238,-0.339874,-0.0599039,0.334566,0.940466,20.1301,-9.04511,3.47759,0.98151,0.171786,0.0160088,-0.0828887
509,1,-0.287912,-0.188403,1.23836,-nan,-nan,-nan,0.977026,0.211709,0.0245025,-0.192474,0.925885,-0.3251,-0.0915129,0.312914,0.945362,19.3473,-11.0972,5.35099,0.980851,0.162617,0.0295701,-0.103019
517,1,-0.286888,-0.182754,1.24536,-nan,-nan,-nan,0.972699,0.227842,0.0440978,-0.202348,0.925708,-0.319561,-0.113631,0.301914,0.946539,19.0451,-11.6743,6.66313,0.980427,0.158471,0.0402195,-0.109695
524,1,-0.283621,-0.170725,1.24993,-nan,-nan,-nan,0.985169,0.159587,0.0630446,-0.139349,0.958495,-0.248736,-0.100123,0.236262,0.966517,14.5478,-8.01017,5.80307,0.988709,0.122634,0.0412578,-0.0755876
532,1,-0.280094,-0.160878,1.24887,-nan,-nan,-nan,0.990706,0.104489,0.0870873,-0.0827147,0.971047,-0.224113,-0.107983,0.214827,0.970664,12.996,-4.74462,6.22046,0.991516,0.110674,0.0491849,-0.0472013
540,1,-0.276743,-0.152852,1.24122,-nan,-nan,-nan,0.994169,0.0551465,0.0926639,-0.0354746,0.978766,-0.201888,-0.10183,0.197424,0.975015,11.6549,-2.03297,5.84824,0.993472,0.100484,0.0489429,-0.0228041
547,1,-0.273143,-0.146382,1.22912,-nan,-nan,-nan,0.998563,-0.00425019,0.0534277,0.0137619,0.983762,-0.178951,-0.0517996,0.179429,0.982406,10.3096,0.788522,2.96951,0.995582,0.0899925,0.0264236,0.004523
556,1,-0.269344,-0.139811,1.21441,-nan,-nan,-nan,0.999012,-0.04136,-0.0162422,0.0381882,0.986042,-0.162057,0.0227182,0.161277,0.986648,9.33321,2.18856,-1.30272,0.996456,0.0811211,-0.00977474,0.0199578
564,1,-0.262159,-0.128792,1.21245,-nan,-nan,-nan,0.988352,-0.0744991,-0.132701,0.0537372,0.986658,-0.153683,0.14238,0.144762,0.979169,8.85332,3.0804,-8.19749,0.994256,0.0750424,-0.0691674,0.0322443
572,1,-0.26131,-0.120222,1.20869,-nan,-nan,-nan,0.975126,-0.101388,-0.197104,0.0749448,0.987692,-0.137287,0.208597,0.119101,0.970723,7.9133,4.29805,-12.0746,0.991658,0.0646362,-0.102278,0.0444541
580,1,-0.265396,-0.109445,1.20989,-nan,-nan,-nan,0.973397,-0.110999,-0.200443,0.0907559,0.990051,-0.10753,0.210384,0.0864778,0.973786,6.19862,5.20709,-12.196,0.992123,0.048887,-0.103522,0.0508393
588,1,-0.271231,-0.104468,1.20848,-nan,-nan,-nan,0.96875,-0.0544055,-0.242,0.033039,0.995258,-0.0914915,0.24583,0.0806369,0.965953,5.25229,1.89334,-14.2388,0.991206,0.0434138,-0.12304,0.0220551
596,1,-0.270934,-0.102302,1.20262,-nan,-nan,-nan,0.971328,-0.040112,-0.234335,0.0236487,0.997077,-0.0726487,0.236564,0.065024,0.969438,4.1673,1.3551,-13.6877,0.9922,0.0346888,-0.11865,0.0160655
604,1,-0.274479,-0.095484,1.20293,-nan,-nan,-nan,0.96497,-0.0277442,-0.260891,0.00806184,0.997059,-0.0762128,0.262238,0.0714398,0.962355,4.37105,0.461914,-15.2034,0.990503,0.0372671,-0.132036,0.00903735
611,1,-0.273969,-0.0806456,1.20213,-nan,-nan,-nan,0.962961,0.180407,-0.200398,-0.20476,0.972819,-0.108147,0.175441,0.145175,0.973727,6.34344,-11.8154,-10.3254,0.988624,0.0640591,-0.095041,-0.0973997
619,1,-0.272998,-0.0653815,1.20406,-nan,-nan,-nan,0.952534,0.246002,-0.17934,-0.264159,0.960706,-0.0852291,0.151326,0.128558,0.980088,5.06973,-15.317,-9.02697,0.986576,0.054174,-0.0837913,-0.129276
627,1,-0.269812,-0.0578614,1.20301,-nan,-nan,-nan,0.946786,0.287124,-0.14545,-0.299774,0.951158,-0.0737103,0.117182,0.11339,0.986616,4.43129,-17.444,-7.05549,0.985464,0.047465,-0.0666263,-0.148889
635,1,-0.269501,-0.055045,1.20607,-nan,-nan,-nan,0.924801,0.348072,-0.153589,-0.363252,0.927852,-0.0844904,0.113099,0.133928,0.984516,5.20302,-21.3001,-6.9724,0.979435,0.0557512,-0.0680719,-0.181565
644,1,-0.261217,-0.0505229,1.1879,-nan,-nan,-nan,0.87867,0.455788,-0.142113,-0.471365,0.87548,-0.106541,0.0758568,0.160601,0.9841,6.93843,-28.1229,-4.93419,0.966728,0.0690839,-0.0563678,-0.239766
652,1,-0.260676,-0.0416871,1.19373,-nan,-nan,-nan,0.865577,0.481485,-0.137657,-0.497142,0.85925,-0.120578,0.0602258,0.172804,0.983113,7.9881,-29.8111,-3.98015,0.962801,0.0761794,-0.0513822,-0.254109
660,1,-0.258305,-0.026225,1.16636,-nan,-nan,-nan,0.716476,0.661782,-0.220696,-0.694535,0.70636,-0.136664,0.0654493,0.251198,0.96572,10.9501,-43.9902,-5.21942,0.920402,0.105351,-0.0777231,-0.368403
668,1,-0.254679,-0.0174667,1.15966,-nan,-nan,-nan,0.700455,0.685885,-0.197293,-0.711802,0.691501,-0.12314,0.0519685,0.226688,0.97258,10.0972,-45.3818,-4.24315,0.917134,0.0953591,-0.0679459,-0.380994
676,1,-0.249241,-0.00890216,1.1644,-nan,-nan,-nan,0.667791,0.720609,-0.186485,-0.743819,0.655481,-0.130682,0.0280668,0.225979,0.973728,11.2751,-48.0578,-2.40668,0.907882,0.0982124,-0.0590803,-0.403254
684,1,-0.241516,-0.00162009,1.16987,-nan,-nan,-nan,0.655867,0.740418,-0.147034,-0.754579,0.637582,-0.155241,-0.0211968,0.212766,0.976873,13.6843,-48.9886,1.85108,0.904202,0.101749,-0.0347924,-0.413347
692,1,-0.240553,0.00922346,1.18021,-nan,-nan,-nan,0.607836,0.779,-0.153931,-0.794026,0.598158,-0.108308,0.00770263,0.188059,0.982128,10.2633,-52.5633,-0.726026,0.892766,0.0829913,-0.045262,-0.440492
700,1,-0.241678,0.0193602,1.1875,-nan,-nan,-nan,0.578644,0.803543,-0.139605,-0.815578,0.569664,-0.101567,-0.00208512,0.17263,0.984985,10.1092,-54.6445,0.206462,0.885055,0.0774517,-0.038845,-0.45735
708,1,-0.244807,0.0365857,1.19283,-nan,-nan,-nan,0.547527,0.827791,-0.122379,-0.835735,0.533624,-0.129583,-0.0419631,0.173227,0.983988,13.6492,-56.6925,4.38265,0.875377,0.0864797,-0.0229661,-0.475089
715,1,-0.248807,0.055276,1.20066,-nan,-nan,-nan,0.51364,0.849665,-0.119345,-0.851422,0.487546,-0.19334,-0.106089,0.20092,0.973846,21.6312,-58.3666,11.6699,0.862414,0.11429,-0.00384274,-0.493118
722,1,-0.252208,0.0657501,1.20595,-nan,-nan,-nan,0.48781,0.862716,-0.133279,-0.858466,0.446396,-0.252521,-0.158359,0.237598,0.958368,29.4964,-59.1448,17.9851,0.850378,0.144089,0.00737308,-0.506005
730,1,-0.249299,0.0699585,1.21453,-nan,-nan,-nan,0.490864,0.870045,-0.0455411,-0.845164,0.462832,-0.267364,-0.21154,0.169729,0.962519,30.0137,-57.6896,23.3139,0.853847,0.127977,0.0486034,-0.502201
738,1,-0.252269,0.0808346,1.21868,-nan,-nan,-nan,0.444379,0.895592,-0.0210271,-0.859851,0.419824,-0.290522,-0.251362,0.147182,0.956637,34.6836,-59.2999,29.4945,0.839768,0.130305,0.0685709,-0.522598
746,1,-0.249334,0.0826229,1.22055,-nan,-nan,-nan,0.435223,0.897189,0.0750539,-0.854465,0.437884,-0.279548,-0.283672,0.057535,0.957194,32.5545,-58.7007,33.0958,0.841175,0.100182,0.106615,-0.520597
755,1,-0.24838,0.0845829,1.22355,-nan,-nan,-nan,0.425022,0.889359,0.168513,-0.855339,0.455521,-0.24677,-0.296229,-0.0392531,0.95431,28.4458,-58.7972,34.8755,0.841851,0.0616253,0.138012,-0.518114
764,1,-0.246169,0.0859211,1.22639,-nan,-nan,-nan,0.416757,0.873763,0.250705,-0.856033,0.470027,-0.215132,-0.305812,-0.124954,0.943857,24.5936,-58.8741,36.2709,0.841225,0.0267996,0.165389,-0.51407
771,1,-0.246138,0.0858166,1.22969,-nan,-nan,-nan,0.409799,0.872733,0.265333,-0.854861,0.468926,-0.222083,-0.318241,-0.135813,0.938231,25.3422,-58.7444,37.8321,0.83919,0.0257005,0.17385,-0.514661
780,1,-0.246364,0.0919391,1.23248,-nan,-nan,-nan,0.416847,0.872364,0.255382,-0.847213,0.474671,-0.238574,-0.329346,-0.116914,0.936943,26.6845,-57.9098,38.3118,0.840902,0.0361696,0.173839,-0.51123
788,1,-0.24346,0.0964826,1.23526,-nan,-nan,-nan,0.428181,0.86721,0.254179,-0.847836,0.48285,-0.219158,-0.312787,-0.121663,0.941999,24.4126,-57.977,36.1482,0.844546,0.0288604,0.167832,-0.507683
796,1,-0.242733,0.100637,1.23891,-nan,-nan,-nan,0.437707,0.862079,0.255404,-0.85922,0.484734,-0.163631,-0.264866,-0.147826,0.952887,18.653,-59.2291,31.179,0.84784,0.00466025,0.15341,-0.507554
805,1,-0.239741,0.105441,1.24288,-nan,-nan,-nan,0.419204,0.863981,0.278936,-0.879634,0.462568,-0.110791,-0.224748,-0.198917,0.953897,13.4693,-61.5982,28.1971,0.841972,-0.0261667,0.149555,-0.517717
812,1,-0.239346,0.111812,1.24452,-nan,-nan,-nan,0.441997,0.86244,0.246648,-0.881763,0.468226,-0.0570891,-0.164723,-0.192252,0.967422,6.95156,-61.8557,20.4394,0.848181,-0.0398391,0.121251,-0.514101
819,1,-0.238489,0.115981,1.24005,-nan,-nan,-nan,0.444589,0.871531,0.20682,-0.890312,0.455325,-0.00486961,-0.0984143,-0.181969,0.978367,0.612744,-62.9125,12.4817,0.848275,-0.052194,0.0899573,-0.519243
827,1,-0.234627,0.119244,1.23056,-nan,-nan,-nan,0.441953,0.872258,0.209389,-0.894724,0.44539,0.0331013,-0.0643869,-0.201974,0.977272,-4.25039,-63.473,8.28894,0.846259,-0.0694456,0.0808782,-0.521998
835,1,-0.232473,0.124081,1.22383,-nan,-nan,-nan,0.481901,0.853512,0.198216,-0.872666,0.487873,0.0208513,-0.0789073,-0.183025,0.979937,-2.44729,-60.7699,9.2992,0.858736,-0.0593535,0.0806777,-0.502534
843,1,-0.229019,0.130947,1.2221,-nan,-nan,-nan,0.510955,0.831725,0.21716,-0.854895,0.518088,0.0271973,-0.0898876,-0.199546,0.975757,-3.00501,-58.7481,9.97742,0.866718,-0.0654028,0.0885663,-0.486496
851,1,-0.236192,0.135604,1.22279,-nan,-nan,-nan,0.522138,0.826353,0.21098,-0.850346,0.523402,0.0544281,-0.0654503,-0.207825,0.975974,-5.9368,-58.2493,7.14479,0.869125,-0.0754358,0.0795138,-0.482295
858,1,-0.241747,0.136007,1.22722,-nan,-nan,-nan,0.518143,0.838648,0.167921,-0.854919,0.513647,0.0726606,-0.0253154,-0.181207,0.983119,-8.05165,-58.7508,2.79713,0.868175,-0.073104,0.0556444,-0.487681
866,1,-0.242654,0.137039,1.23008,-nan,-nan,-nan,0.492746,0.865947,0.0856547,-0.869703,0.486854,0.0811754,0.0285923,-0.114493,0.993012,-9.46611,-60.4242,-3.32094,0.862063,-0.0567442,0.0165482,-0.503342
875,1,-0.244353,0.136629,1.22961,-nan,-nan,-nan,0.46957,0.882844,0.00949916,-0.880211,0.467277,0.0829494,0.0687926,-0.0473118,0.996508,-10.0661,-61.6678,-8.33462,0.856352,-0.0380279,-0.0173099,-0.514699
884,1,-0.24712,0.134856,1.22479,-nan,-nan,-nan,0.398127,0.912246,-0.0964506,-0.909512,0.406243,0.0880537,0.119509,0.0526664,0.991435,-12.2297,-65.4381,-16.7086,0.836033,-0.0105819,-0.0645787,-0.544763
892,1,-0.246297,0.136272,1.2302,-nan,-nan,-nan,0.39651,0.90468,-0.155995,-0.909407,0.410309,0.0680075,0.125531,0.114897,0.985414,-9.41105,-65.4236,-17.5672,0.835499,0.0140304,-0.0842389,-0.542815
900,1,-0.248789,0.145125,1.23228,-nan,-nan,-nan,0.389794,0.899856,-0.195753,-0.912578,0.405959,0.0489775,0.12354,0.159549,0.979429,-6.87927,-65.8641,-17.5854,0.832944,0.0331869,-0.0958328,-0.543984
908,1,-0.24925,0.162673,1.23355,-0.386783,0.0964785,0.925511,0.347624,0.905847,-0.242073,-0.928993,0.367714,0.0419386,0.127003,0.210305,0.969351,-6.5066,-68.2784,-20.0696,0.819251,0.0513781,-0.112626,-0.559914
916,1,-0.252198,0.182951,1.23704,-0.386783,0.0964785,0.925511,0.317799,0.904613,-0.28404,-0.941418,0.336705,0.0190318,0.112854,0.261352,0.958624,-3.23514,-70.2911,-19.5505,0.808259,0.0749513,-0.122762,-0.57099
924,1,-0.259742,0.196458,1.24207,-0.386783,0.0964785,0.925511,0.308707,0.913814,-0.263901,-0.929566,0.348635,0.119833,0.20151,0.20832,0.957077,-18.9689,-68.3673,-33.1347,0.808458,0.0273628,-0.143919,-0.57003
933,1,-0.27202,0.208204,1.24298,-0.386783,0.0964785,0.925511,0.295585,0.922907,-0.246721,-0.9316,0.335658,0.139485,0.211546,0.188616,0.958996,-22.5657,-68.6856,-35.5907,0.804711,0.0152634,-0.14237,-0.576141
940,1,-0.287108,0.211735,1.24372,-0.386783,0.0964785,0.925511,0.283218,0.934377,-0.216166,-0.929574,0.322904,0.177834,0.235965,0.150576,0.960025,-28.8431,-68.3685,-39.7996,0.80096,-0.00850793,-0.141122,-0.581787
947,1,-0.304932,0.224187,1.23829,-0.386783,0.0964785,0.925511,0.269878,0.9346,-0.231708,-0.924346,0.318867,0.209544,0.269723,0.157627,0.949949,-33.3109,-67.5699,-44.9836,0.796664,-0.016292,-0.157353,-0.583353
955,1,-0.322357,0.232704,1.23227,-0.386783,0.0964785,0.925511,0.235697,0.943102,-0.234533,-0.931453,0.288066,0.22229,0.277203,0.166064,0.946352,-37.6561,-68.6625,-49.6265,0.78583,-0.0178874,-0.162801,-0.596362
963,1,-0.330689,0.239066,1.23073,-0.386783,0.0964785,0.925511,0.248129,0.930872,-0.26816,-0.906409,0.320776,0.274817,0.341839,0.174873,0.923345,-40.5875,-65.0138,-54.0254,0.789343,-0.0316544,-0.193198,-0.581902
970,1,-0.332109,0.248853,1.23339,-0.386783,0.0964785,0.925511,0.262103,0.91757,-0.298945,-0.893857,0.347593,0.283192,0.36376,0.192989,0.911282,-39.1705,-63.3621,-54.2258,0.793879,-0.0284058,-0.208692,-0.570435
978,1,-0.331717,0.252105,1.2354,-0.386783,0.0964785,0.925511,0.268016,0.915589,-0.299774,-0.88977,0.354556,0.2874,0.369427,0.189702,0.90969,-39.0279,-62.8444,-54.0395,0.795654,-0.0306975,-0.210268,-0.567256
986,1,-0.329954,0.252165,1.2354,-0.386783,0.0964785,0.925511,0.259528,0.907295,-0.330849,-0.893731,0.355448,0.273684,0.365911,0.224661,0.903126,-37.5952,-63.3458,-54.6533,0.793426,-0.0154466,-0.219542,-0.567484
993,1,-0.328836,0.251756,1.23531,-0.386783,0.0964785,0.925511,0.259925,0.896444,-0.358924,-0.897277,0.36158,0.253288,0.356838,0.256218,0.898342,-35.0114,-63.8024,-53.93,0.793701,0.000922736,-0.225451,-0.564986
1001,1,-0.330143,0.25077,1.2359,-0.386783,0.0964785,0.925511,0.221547,0.892691,-0.392453,-0.920069,0.324701,0.219183,0.323093,0.312525,0.893274,-34.0205,-66.9362,-55.5612,0.780949,0.029881,-0.229063,-0.580307
1009,1,-0.3292,0.243709,1.23383,-0.386783,0.0964785,0.925511,0.189028,0.900665,-0.391243,-0.943411,0.277123,0.182148,0.272477,0.334672,0.902081,-33.3162,-70.6326,-55.2495,0.769453,0.0495559,-0.215647,-0.599152
1017,1,-0.33094,0.239638,1.22643,-0.386783,0.0964785,0.925511,0.152075,0.901199,-0.40585,-0.96816,0.218438,0.122271,0.198843,0.374334,0.905724,-29.2379,-75.5029,-52.5914,0.75436,0.0835353,-0.200399,-0.619518
1025,1,-0.332743,0.230439,1.2244,-0.386783,0.0964785,0.925511,0.116634,0.912635,-0.391782,-0.983631,0.160701,0.081516,0.137354,0.375862,0.91644,-26.8965,-79.619,-49.6638,0.74057,0.0993646,-0.178625,-0.640137
1032,1,-0.334179,0.218263,1.22479,-0.386783,0.0964785,0.925511,0.0837067,0.927973,-0.363124,-0.991995,0.112172,0.0579866,0.0945425,0.355363,0.929935,-27.3363,-82.7457,-48.4787,0.729009,0.10198,-0.156948,-0.658418
1039,1,-0.329523,0.208219,1.22522,-0.386783,0.0964785,0.925511,0.0562855,0.944472,-0.323735,-0.996199,0.0747158,0.0447757,0.0664775,0.319984,0.945088,-30.9334,-85.0029,-49.7459,0.720432,0.0955011,-0.135409,-0.67344
1046,1,-0.321843,0.198174,1.22648,-0.386783,0.0964785,0.925511,0.03271,0.962013,-0.271038,-0.998241,0.0448643,0.0387677,0.0494549,0.269293,0.961788,0,-90,-15.7382,0.714031,0.0807126,-0.112213,-0.686333
1054,1,-0.314715,0.187559,1.22962,-0.386783,0.0964785,0.925511,0.0143732,0.974758,-0.222801,-0.999847,0.0162245,0.00648082,0.00993207,0.222674,0.974842,0,-90,-12.8739,0.708068,0.076332,-0.0821718,-0.697181
1063,1,-0.318251,0.183342,1.22782,-0.386783,0.0964785,0.925511,0.0295673,0.990201,-0.136483,-0.999399,0.0268159,-0.0219551,-0.01808,0.13705,0.990399,0,-90,-7.84626,0.715329,0.0555705,-0.0413804,-0.695345
1070,1,-0.319289,0.178312,1.22735,-0.386783,0.0964785,0.925511,0.0326406,0.992631,-0.116696,-0.998723,0.0278893,-0.0421193,-0.0385544,0.117922,0.992274,0,-90,-6.70745,0.71638,0.0558507,-0.0272697,-0.694936
1079,0,-0.332492,0.166537,1.22512,-0.386783,0.0964785,0.925511,0.0835982,0.990902,-0.105475,-0.993004,0.0739793,-0.0920328,-0.0833926,0.112431,0.990154,51.2064,-83.2187,44.9294,0.732757,0.0697583,-0.00753399,-0.676863
1087,0,-0.338444,0.150833,1.21999,-0.386783,0.0964785,0.925511,0.124026,0.985573,-0.115167,-0.990144,0.115314,-0.0794833,-0.0650563,0.12389,0.990161,34.5776,-81.9491,27.6786,0.746576,0.0681019,-0.0167801,-0.661593
1095,1,-0.339375,0.129708,1.21656,-0.386783,0.0964785,0.925511,0.163906,0.979968,-0.113123,-0.985037,0.156396,-0.0724095,-0.0532671,0.123299,0.990939,24.8437,-80.0758,18.0034,0.760138,0.0643661,-0.0196859,-0.646266
1102,1,-0.335645,0.11184,1.20942,-0.386783,0.0964785,0.925511,0.239248,0.962787,-0.125702,-0.970312,0.232355,-0.0671167,-0.0354116,0.138028,0.989795,16.1115,-76.004,8.41933,0.784442,0.065379,-0.0287753,-0.616075
1111,1,-0.335458,0.0971142,1.20617,-0.386783,0.0964785,0.925511,0.284974,0.94339,-0.169719,-0.957037,0.270137,-0.105387,-0.053574,0.19246,0.979841,21.312,-73.1441,10.6471,0.796077,0.0935358,-0.0364741,-0.59681
1120,1,-0.333209,0.0803301,1.20293,-0.386783,0.0964785,0.925511,0.279517,0.929798,-0.23947,-0.959378,0.26053,-0.108246,-0.0382574,0.259999,0.964851,22.562,-73.6131,7.79364,0.791343,0.116335,-0.0635669,-0.596826
1128,1,-0.331163,0.0634538,1.20107,-0.386783,0.0964785,0.925511,0.306957,0.926789,-0.216424,-0.95164,0.29588,-0.0826837,-0.0125949,0.231338,0.972792,15.613,-72.1085,2.3496,0.802438,0.0978335,-0.063503,-0.585225
1137,1,-0.33015,0.0431501,1.19968,-0.386783,0.0964785,0.925511,0.325819,0.920415,-0.216052,-0.945407,0.318847,-0.0673943,0.00685697,0.226216,0.974053,11.9349,-70.9804,-1.20563,0.809123,0.0907187,-0.0688738,-0.576495
1145,1,-0.326275,0.0320026,1.19281,-0.386783,0.0964785,0.925511,0.331923,0.919109,-0.212286,-0.943204,0.326689,-0.0603323,0.0138994,0.220254,0.975343,10.4634,-70.5968,-2.39789,0.811473,0.0864436,-0.0696835,-0.573745
1151,1,-0.324007,0.0235463,1.18432,-0.386783,0.0964785,0.925511,0.326222,0.916448,-0.231737,-0.945286,0.31723,-0.0761587,0.00371819,0.243902,0.969793,13.4998,-70.9591,-0.653012,0.808277,0.0989948,-0.0728262,-0.575834
1160,1,-0.322382,0.0227444,1.18017,-0.386783,0.0964785,0.925511,0.322381,0.918583,-0.228637,-0.946609,0.3126,-0.0788135,-0.00092477,0.241838,0.970316,14.1506,-71.1929,0.164356,0.807047,0.0993287,-0.0705387,-0.577783
1166,1,-0.324567,0.0175107,1.18003,-0.386783,0.0964785,0.925511,0.332384,0.918126,-0.215791,-0.942922,0.31852,-0.0971769,-0.0204869,0.235774,0.971592,16.9663,-70.5482,3.52703,0.809706,0.1028,-0.0603009,-0.574606
1174,1,-0.330658,0.0145947,1.17898,-0.386783,0.0964785,0.925511,0.33539,0.918188,-0.210818,-0.940906,0.315313,-0.123584,-0.0469998,0.239809,0.969682,21.4022,-70.2043,7.97718,0.80938,0.112244,-0.0505999,-0.574234
1182,1,-0.331068,0.0149482,1.17902,-0.386783,0.0964785,0.925511,0.369635,0.907565,-0.199239,-0.92787,0.349159,-0.13094,-0.0492708,0.233268,0.971164,20.5569,-68.1052,7.59255,0.820054,0.111032,-0.0457189,-0.559547
1189,1,-0.329138,0.0183958,1.1788,-0.386783,0.0964785,0.925511,0.338686,0.91834,-0.204802,-0.940868,0.332329,-0.0657625,0.00766923,0.214964,0.976592,11.1933,-70.1979,-1.29719,0.813573,0.0862635,-0.0652894,-0.571309
1198,1,-0.330645,0.0248756,1.18042,-0.386783,0.0964785,0.925511,0.304353,0.93161,-0.198677,-0.949427,0.313581,0.0159732,0.0771821,0.183768,0.979935,-2.91601,-71.7003,-14.2299,0.805895,0.0520523,-0.0855754,-0.583524
1205,1,-0.333691,0.0294147,1.17945,-0.386783,0.0964785,0.925511,0.241912,0.948829,-0.202984,-0.964485,0.258008,0.0565802,0.106056,0.182088,0.977546,-12.369,-74.6842,-23.6731,0.786998,0.0398691,-0.0981707,-0.607788
1212,1,-0.330903,0.0280933,1.17894,-0.386783,0.0964785,0.925511,0.164786,0.967545,-0.191577,-0.984117,0.174288,0.0337362,0.0660309,0.182975,0.980898,-10.955,-79.7745,-21.8363,0.761573,0.0489903,-0.0845644,-0.640668
1220,1,-0.332189,0.0327696,1.17942,-0.386783,0.0964785,0.925511,0.132562,0.962843,-0.235287,-0.980038,0.162811,0.114097,0.148165,0.215465,0.965206,-35.0226,-78.5326,-48.1813,0.751761,0.0337103,-0.127518,-0.64611
1228,1,-0.333473,0.0335614,1.17978,-0.386783,0.0964785,0.925511,0.0898998,0.96673,-0.23948,-0.984451,0.122689,0.125711,0.15091,0.224455,0.962729,-45.697,-79.883,-59.217,0.737448,0.0334749,-0.132345,-0.661464
1235,1,-0.332441,0.0360144,1.18132,-0.386783,0.0964785,0.925511,0.0639798,0.969548,-0.236396,-0.992217,0.0871593,0.0889323,0.106828,0.228867,0.967578,-45.5769,-82.8469,-59.0825,0.727791,0.0480682,-0.1179,-0.673877
1242,1,-0.33312,0.0406885,1.18607,-0.386783,0.0964785,0.925511,0.0376668,0.970616,-0.237669,-0.999087,0.0413749,0.0106312,0.0201523,0.237052,0.971288,0,-90,-13.7498,0.715949,0.0790632,-0.090028,-0.687795
1250,1,-0.340868,0.0531211,1.19039,-0.386783,0.0964785,0.925511,-0.0373005,0.974163,-0.222746,-0.99828,-0.0262358,0.0524289,0.0452304,0.224319,0.973466,0,-90,-12.8884,0.691001,0.0621888,-0.0969524,-0.713618
1259,1,-0.347263,0.0621956,1.19744,-0.386783,0.0964785,0.925511,-0.0304175,0.960212,-0.27761,-0.999519,-0.0275273,0.0143036,0.00609262,0.277911,0.960587,0,-90,-16.1193,0.689682,0.0955542,-0.102838,-0.710375
1266,1,-0.3524,0.0690078,1.20005,-0.386783,0.0964785,0.925511,-0.0166743,0.939459,-0.342255,-0.999827,-0.0128336,0.0134832,0.00827455,0.34242,0.93951,0,-90,-20.0162,0.691014,0.119005,-0.126817,-0.701609
1273,1,-0.353418,0.0789803,1.20064,-0.386783,0.0964785,0.925511,-0.0136562,0.926089,-0.377059,-0.9999,-0.0112264,0.00864117,0.00376947,0.377139,0.926149,0,-90,-22.1525,0.689432,0.133624,-0.138095,-0.698397
1281,1,-0.3541,0.0906881,1.20578,-0.386783,0.0964785,0.925511,-0.0485005,0.907788,-0.416616,-0.998703,-0.0376029,0.0343293,0.0154977,0.417741,0.908434,0,-90,-24.6366,0.674969,0.142011,-0.16005,-0.70614
1289,1,-0.356552,0.0973401,1.21064,-0.386783,0.0964785,0.925511,-0.0658303,0.894435,-0.442326,-0.997646,-0.0504646,0.0464317,0.0192083,0.444341,0.895652,-137.383,-86.0678,-163.734,0.666963,0.14915,-0.172999,-0.709215
1296,1,-0.357232,0.111554,1.21465,-0.386783,0.0964785,0.925511,-0.0453304,0.895687,-0.442369,-0.998602,-0.0285713,0.0444789,0.0272001,0.443767,0.895729,0,-90,-26.2831,0.674876,0.147912,-0.173947,-0.701718
1304,1,-0.355633,0.128444,1.21358,-0.386783,0.0964785,0.925511,-0.0485214,0.892592,-0.448246,-0.997768,-0.0227029,0.0627975,0.0458761,0.450293,0.891702,-109.876,-86.1712,-136.605,0.674625,0.143596,-0.18311,-0.700522
1311,1,-0.351249,0.143665,1.21956,-0.386783,0.0964785,0.925511,-0.0643284,0.888616,-0.454118,-0.99614,-0.0299463,0.0825104,0.0597209,0.457672,0.887113,-109.948,-84.9643,-137.127,0.669485,0.140094,-0.191878,-0.703809
1319,1,-0.346265,0.161564,1.22009,-0.386783,0.0964785,0.925511,-0.0657244,0.891291,-0.448644,-0.995714,-0.0292629,0.0877332,0.0650672,0.452487,0.889394,-108.446,-84.6934,-135.288,0.669777,0.136147,-0.191747,-0.70434
1326,1,-0.341948,0.178593,1.21983,-0.386783,0.0964785,0.925511,-0.061235,0.920954,-0.384829,-0.997204,-0.0399082,0.0631714,0.0428202,0.387621,0.920824,-122.282,-85.7148,-145.036,0.674478,0.12026,-0.158511,-0.710979
1333,1,-0.333092,0.196023,1.21797,-0.386783,0.0964785,0.925511,-0.0776792,0.95507,-0.286019,-0.996281,-0.0636326,0.0580965,0.0372861,0.289468,0.956461,-137.604,-85.057,-154.359,0.673637,0.0858664,-0.119985,-0.724185
1342,1,-0.33113,0.19847,1.2239,-0.386783,0.0964785,0.925511,-0.0382016,0.969541,-0.241931,-0.999133,-0.0330527,0.0253069,0.0165396,0.242688,0.969963,0,-90,-14.0051,0.688968,0.0788792,-0.093789,-0.714356
1349,1,-0.327851,0.209996,1.2294,-0.386783,0.0964785,0.925511,-0.0314815,0.984112,-0.174736,-0.999175,-0.0264985,0.030778,0.0256587,0.175561,0.984134,0,-90,-10.0681,0.69393,0.0521604,-0.0721956,-0.714513
1357,1,-0.327253,0.22477,1.23398,-0.386783,0.0964785,0.925511,-0.00253812,0.99199,-0.126289,-0.997039,0.00719527,0.0765563,0.0768518,0.12611,0.989035,-84.6307,-85.59,-91.8916,0.705991,0.0175475,-0.0719348,-0.70434
1364,1,-0.325352,0.243417,1.24029,-0.386783,0.0964785,0.925511,-0.0246059,0.993662,-0.109682,-0.99586,-0.0147597,0.0896944,0.087507,0.111435,0.989911,-99.3446,-84.7846,-105.705,0.69831,0.00778343,-0.0705953,-0.712263
1370,1,-0.329812,0.267545,1.2415,-0.386783,0.0964785,0.925511,-0.0544977,0.993115,-0.103697,-0.991769,-0.0417862,0.121033,0.115866,0.109439,0.987217,-109.047,-82.6435,-115.19,0.687556,-0.00421552,-0.0798345,-0.721717
1378,1,-0.333592,0.293268,1.24755,-0.386783,0.0964785,0.925511,-0.143839,0.981435,-0.126869,-0.97991,-0.123357,0.156716,0.138157,0.146862,0.979461,-128.207,-78.4957,-136.154,0.654268,-0.00376555,-0.101268,-0.749443
1385,1,-0.338942,0.319727,1.25097,-0.386783,0.0964785,0.925511,-0.23815,0.955437,-0.174427,-0.960297,-0.204771,0.189471,0.14531,0.212625,0.966269,-137.222,-73.8006,-148.61,0.61712,0.00937976,-0.129528,-0.776078
1392,1,-0.339997,0.335609,1.25496,-0.386783,0.0964785,0.925511,-0.325556,0.917009,-0.230451,-0.936227,-0.278542,0.214228,0.132258,0.285498,0.94921,-142.436,-69.4273,-157.89,0.579895,0.0307254,-0.156369,-0.798954
1399,1,-0.342206,0.341749,1.25319,-0.386783,0.0964785,0.925511,-0.382875,0.875563,-0.294612,-0.920058,-0.332736,0.206833,0.0830668,0.350251,0.932965,-148.134,-66.9346,-167.759,0.551669,0.0649931,-0.171153,-0.813722
1406,0,-0.338582,0.347458,1.25211,-0.386783,0.0964785,0.925511,-0.437863,0.82448,-0.358481,-0.898313,-0.38517,0.211371,0.0361951,0.414579,0.909293,-151.243,-63.9372,-175.275,0.521119,0.0974865,-0.189341,-0.826488
1414,1,-0.335528,0.34898,1.25325,-0.386783,0.0964785,0.925511,-0.460693,0.762893,-0.453604,-0.885914,-0.426359,0.182689,-0.0540259,0.486017,0.872278,-156.806,-62.3642,173.311,0.496293,0.152797,-0.201281,-0.830561
1421,0,-0.332754,0.35161,1.25645,-0.386783,0.0964785,0.925511,-0.447271,0.710185,-0.543679,-0.880034,-0.457953,0.125778,-0.159654,0.534712,0.829815,-164.642,-61.6464,160.356,0.480778,0.212642,-0.199689,-0.826898
1429,0,-0.336984,0.351162,1.25164,-0.386783,0.0964785,0.925511,-0.403483,0.650609,-0.643358,-0.886065,-0.453219,0.0973696,-0.228233,0.609344,0.759348,-167.875,-62.3829,150.505,0.475038,0.269438,-0.218469,-0.80871
1436,1,-0.33921,0.34992,1.2485,-0.386783,0.0964785,0.925511,-0.40183,0.606035,-0.68648,-0.873236,-0.479281,0.0880306,-0.275667,0.634832,0.721801,-169.592,-60.8368,145.549,0.458446,0.298182,-0.224025,-0.806677
1444,1,-0.339685,0.348622,1.24833,-0.386783,0.0964785,0.925511,-0.387831,0.602018,-0.697969,-0.884562,-0.45596,0.0982341,-0.259108,0.655495,0.709358,-167.842,-62.1977,146.253,0.465179,0.299487,-0.235856,-0.798929
1452,0,-0.340251,0.34773,1.25373,-0.386783,0.0964785,0.925511,-0.43578,0.513043,-0.739515,-0.816886,-0.570405,0.0856506,-0.377881,0.641424,0.667669,-171.46,-54.7742,139.07,0.406658,0.341671,-0.222321,-0.817596
1460,1,-0.343763,0.343231,1.26391,-0.386783,0.0964785,0.925511,-0.409968,0.470433,-0.781421,-0.806023,-0.587851,0.0689758,-0.42691,0.658122,0.62018,-173.308,-53.7092,133.84,0.394449,0.373398,-0.224687,-0.809012
1467,0,-0.346819,0.338605,1.27914,-0.386783,0.0964785,0.925511,-0.372913,0.413686,-0.830542,-0.800908,-0.595462,0.0630123,-0.468489,0.688686,0.55338,-173.959,-53.2169,128.519,0.382428,0.409014,-0.23668,-0.794002
1474,1,-0.349981,0.334137,1.2988,-0.386783,0.0964785,0.925511,-0.330555,0.398837,-0.855373,-0.799304,-0.600226,0.029018,-0.501844,0.693294,0.5172,-177.232,-53.0636,123.372,0.38289,0.433726,-0.230829,-0.782301
1483,1,-0.354608,0.326268,1.31917,-0.386783,0.0964785,0.925511,-0.28264,0.375897,-0.882506,-0.804574,-0.593834,0.00474181,-0.522279,0.711381,0.470278,-179.542,-53.5691,118.421,0.385293,0.458507,-0.233735,-0.765956
1491,1,-0.361647,0.305112,1.32984,-0.386783,0.0964785,0.925511,-0.18102,0.319527,-0.930126,-0.80848,-0.586857,-0.0442588,-0.559993,0.743976,0.364564,175.687,-53.9477,107.914,0.386228,0.510214,-0.239582,-0.730144
1499,1,-0.368322,0.28459,1.34708,-0.386783,0.0964785,0.925511,-0.136901,0.39309,-0.909252,-0.857143,-0.507122,-0.0901843,-0.496552,0.767012,0.40636,169.916,-58.9973,105.414,0.43656,0.490882,-0.236337,-0.715958
1506,1,-0.3899,0.285394,1.36023,-0.386783,0.0964785,0.925511,-0.107421,0.222427,-0.969013,-0.800654,-0.597175,-0.0483181,-0.589418,0.770654,0.242236,175.374,-53.1926,100.329,0.36662,0.558462,-0.258848,-0.697645
1513,1,-0.40686,0.270359,1.36769,-0.386783,0.0964785,0.925511,-0.0658314,0.173747,-0.982588,-0.758052,-0.649048,-0.0639807,-0.648863,0.74064,0.174437,174.37,-49.2928,95.7932,0.338953,0.59346,-0.246143,-0.687262
1520,1,-0.434801,0.276262,1.36845,-0.386783,0.0964785,0.925511,-0.00800583,0.110317,-0.993864,-0.785586,-0.615638,-0.0620067,-0.618701,0.780269,0.0915924,174.249,-51.7749,90.7414,0.342034,0.615638,-0.274215,-0.654835
1529,1,-0.445201,0.272789,1.36481,-0.386783,0.0964785,0.925511,0.0151101,0.0726632,-0.997242,-0.800277,-0.597044,-0.0556288,-0.59944,0.798911,0.0491293,174.677,-53.1566,88.5561,0.341758,0.625105,-0.290997,-0.638565
1536,1,-0.454131,0.279768,1.37473,-0.386783,0.0964785,0.925511,0.130633,0.0358774,-0.990781,-0.762187,-0.635467,-0.123504,-0.634039,0.771294,-0.0556678,169.002,-49.6574,78.3581,0.331474,0.674864,-0.269058,-0.601906
1543,1,-0.45492,0.282013,1.37462,-0.386783,0.0964785,0.925511,0.251246,-0.0350564,-0.967288,-0.749248,-0.639719,-0.171427,-0.612783,0.767809,-0.186993,164.999,-48.5252,67.706,0.325781,0.720756,-0.272042,-0.54806
1550,1,-0.462966,0.276623,1.3609,-0.386783,0.0964785,0.925511,0.128031,-0.0155844,-0.991648,-0.765045,-0.637833,-0.0887502,-0.631122,0.770017,-0.0935849,172.079,-49.911,78.5325,0.314886,0.681808,-0.286235,-0.595025
1559,1,-0.468403,0.270295,1.3562,-0.386783,0.0964785,0.925511,0.173723,-0.111758,-0.978433,-0.843449,-0.529744,-0.0892483,-0.508345,0.840762,-0.186291,170.437,-57.5061,71.1325,0.338263,0.687342,-0.347427,-0.54077
1566,1,-0.471288,0.257898,1.3455,-0.386783,0.0964785,0.925511,0.233553,-0.166963,-0.957902,-0.873698,-0.468392,-0.131382,-0.426738,0.867602,-0.25527,164.331,-60.8912,61.3081,0.357034,0.699502,-0.371929,-0.494866
1574,1,-0.485432,0.248226,1.34745,-0.386783,0.0964785,0.925511,0.201303,-0.160221,-0.966337,-0.91089,-0.393412,-0.124524,-0.360217,0.905294,-0.225139,162.436,-65.6287,60.8019,0.381691,0.67451,-0.396996,-0.491673
1581,1,-0.496389,0.249907,1.35881,-0.386783,0.0964785,0.925511,0.218107,-0.112655,-0.969401,-0.928419,-0.330091,-0.170526,-0.30078,0.937203,-0.176586,152.679,-68.1896,54.0528,0.421731,0.656655,-0.396355,-0.48358
1589,1,-0.509984,0.251384,1.34787,-0.386783,0.0964785,0.925511,0.172332,-0.136876,-0.975483,-0.94821,-0.291308,-0.126638,-0.266832,0.946786,-0.179989,156.504,-71.4795,57.1439,0.418639,0.64102,-0.423187,-0.484507
1596,0,-0.526629,0.256015,1.34509,-0.386783,0.0964785,0.925511,0.191287,-0.164152,-0.96771,-0.958641,-0.242937,-0.148285,-0.210752,0.956052,-0.203834,148.601,-73.464,47.7718,0.431427,0.639933,-0.438637,-0.460385
1604,1,-0.542862,0.263856,1.33696,-0.386783,0.0964785,0.925511,0.21308,-0.203333,-0.955642,-0.956291,-0.243884,-0.161333,-0.200262,0.948249,-0.246412,146.515,-72.9973,43.2237,0.425083,0.652567,-0.444254,-0.442829
1612,0,-0.551979,0.263476,1.33329,-0.386783,0.0964785,0.925511,0.222987,-0.235528,-0.945941,-0.954765,-0.248597,-0.163169,-0.196727,0.939535,-0.280308,146.721,-72.7007,41.42,0.416558,0.661795,-0.449645,-0.431655
1620,1,-0.562717,0.265221,1.32504,-0.386783,0.0964785,0.925511,0.266353,-0.258829,-0.928474,-0.937597,-0.292969,-0.187299,-0.223536,0.920422,-0.32071,147.409,-69.6518,40.005,0.403941,0.685571,-0.436288,-0.420091
1627,0,-0.563624,0.264995,1.32309,-0.386783,0.0964785,0.925511,0.365007,-0.26973,-0.891076,-0.888573,-0.386584,-0.246962,-0.277863,0.881929,-0.380781,147.428,-62.6945,37.2803,0.386536,0.730132,-0.396607,-0.400249
1634,0,-0.560858,0.264826,1.32303,-0.386783,0.0964785,0.925511,0.428392,-0.295046,-0.854066,-0.854362,-0.43999,-0.276541,-0.294188,0.848149,-0.440564,147.85,-58.6893,34.4784,0.37008,0.759761,-0.378214,-0.377834
1642,0,-0.55518,0.263772,1.3186,-0.386783,0.0964785,0.925511,0.468291,-0.330694,-0.819356,-0.832078,-0.477006,-0.283041,-0.297238,0.814314,-0.498541,149.316,-56.3128,32.4045,0.350979,0.781639,-0.371902,-0.357132
