103,0,-0.337371,-0.388502,1.45858,-nan,-nan,-nan,0.835301,0.549488,0.018299,0.1843,-0.248495,-0.950938,-0.517982,0.797692,-0.308838,104.645,10.6203,31.8037,0.565236,0.773407,0.237193,-0.16152
110,0,-0.338843,-0.396118,1.45391,-nan,-nan,-nan,0.862121,0.506457,0.0157448,0.159344,-0.241487,-0.957232,-0.480995,0.827759,-0.288892,104.159,9.16884,29.158,0.577006,0.773385,0.215223,-0.150394
118,0,-0.339251,-0.396009,1.4532,-nan,-nan,-nan,0.866348,0.499249,0.0138094,0.154897,-0.242301,-0.957756,-0.474813,0.83189,-0.287249,104.197,8.91081,28.7255,0.5781,0.773935,0.211305,-0.148916
125,0,-0.339632,-0.395466,1.45373,-nan,-nan,-nan,0.871132,0.491017,0.00557027,0.137907,-0.233747,-0.962468,-0.471286,0.839205,-0.271339,103.651,7.92675,28.4136,0.58439,0.770749,0.203998,-0.151059
133,0,-0.338805,-0.395671,1.46091,-nan,-nan,-nan,0.892501,0.450791,0.0151434,0.110204,-0.185385,-0.976467,-0.437375,0.873167,-0.215135,100.75,6.32706,26.1074,0.610733,0.757136,0.185236,-0.139417
140,0,-0.338999,-0.396861,1.46449,-nan,-nan,-nan,0.900989,0.433364,0.0203404,0.105903,-0.174228,-0.978994,-0.420717,0.884217,-0.202872,100.091,6.07918,25.0302,0.61723,0.754667,0.178644,-0.132634
148,0,-0.342122,-0.398351,1.47016,-nan,-nan,-nan,0.900927,0.432625,0.0341499,0.118396,-0.169323,-0.978423,-0.417508,0.885531,-0.203769,99.8182,6.79955,24.864,0.618028,0.753992,0.182701,-0.127109
156,0,-0.344067,-0.399332,1.47492,-nan,-nan,-nan,0.898745,0.437272,0.032405,0.118584,-0.171251,-0.978065,-0.422131,0.882874,-0.205764,99.9313,6.81041,25.1589,0.616792,0.754281,0.184234,-0.129171
164,0,-0.346232,-0.400227,1.47784,-nan,-nan,-nan,0.915825,0.399982,0.0357496,0.11103,-0.166654,-0.979744,-0.385923,0.901244,-0.197036,99.6536,6.3747,22.8502,0.622924,0.754903,0.169231,-0.115966
171,0,-0.346768,-0.400056,1.47835,-nan,-nan,-nan,0.935765,0.350877,0.0350528,0.102546,-0.175671,-0.979094,-0.337384,0.919796,-0.200368,100.172,5.88579,19.8264,0.624445,0.760231,0.149107,-0.0994208
179,0,-0.346303,-0.400107,1.47864,-nan,-nan,-nan,0.946846,0.319788,0.0349152,0.0974276,-0.181631,-0.978528,-0.30658,0.929917,-0.203133,100.515,5.59106,17.9415,0.624916,0.76348,0.136616,-0.0889559
186,0,-0.346028,-0.399242,1.47626,-nan,-nan,-nan,0.951239,0.307268,0.0270162,0.0838123,-0.173185,-0.981317,-0.296849,0.935731,-0.190493,100.009,4.80773,17.3313,0.629992,0.760743,0.128519,-0.0886741
194,0,-0.3458,-0.399375,1.47724,-nan,-nan,-nan,0.971413,0.237155,0.0107051,0.053695,-0.175568,-0.983002,-0.231244,0.955475,-0.183283,100.126,3.07797,13.39,0.634933,0.76326,0.0952656,-0.0722359
201,0,-0.346014,-0.399498,1.47682,-nan,-nan,-nan,0.986829,0.160466,0.0204687,0.0498165,-0.181071,-0.982207,-0.153905,0.970291,-0.18668,100.445,2.85546,8.86438,0.636215,0.767232,0.0685199,-0.0434797
209,0,-0.343092,-0.398761,1.48058,-nan,-nan,-nan,0.958603,0.284334,-0.0152967,0.0240977,-0.134537,-0.990616,-0.283723,0.949239,-0.135819,97.7341,1.38083,16.4875,0.649663,0.746485,0.103295,-0.100143
216,0,-0.340178,-0.399036,1.48232,-nan,-nan,-nan,0.890448,0.454366,-0.0255556,0.00975701,-0.0752039,-0.99712,-0.45498,0.887635,-0.0713984,94.3131,0.559044,27.065,0.660274,0.713626,0.162593,-0.168343
224,0,-0.339853,-0.398869,1.48031,-nan,-nan,-nan,0.875526,0.481978,-0.033921,-0.00441902,-0.0622145,-0.998053,-0.48315,0.873971,-0.0523405,93.567,-0.253192,28.8917,0.663508,0.705351,0.169263,-0.183267
231,0,-0.339653,-0.394775,1.48154,-nan,-nan,-nan,0.838971,0.5314,-0.117224,-0.117462,-0.033495,-0.992512,-0.531348,0.846458,0.0343181,91.9329,-6.74566,32.3474,0.678195,0.677892,0.152657,-0.239187
239,0,-0.340194,-0.396701,1.47924,-nan,-nan,-nan,0.816176,0.551907,-0.171042,-0.210321,0.00806002,-0.977599,-0.538165,0.833867,0.122656,89.5276,-12.1412,33.3998,0.697655,0.649126,0.131556,-0.273139
246,0,-0.340423,-0.396383,1.48118,-nan,-nan,-nan,0.814891,0.559333,-0.151986,-0.222494,0.059733,-0.973102,-0.53521,0.826788,0.173124,86.4874,-12.8556,33.2964,0.715498,0.628895,0.133901,-0.273176
254,0,-0.342639,-0.391363,1.48058,-nan,-nan,-nan,0.696994,0.649134,-0.304672,-0.429405,0.0375542,-0.902331,-0.574292,0.759746,0.304916,87.6168,-25.4298,39.487,0.714049,0.58192,0.0943983,-0.377614
262,0,-0.342515,-0.39249,1.48548,-nan,-nan,-nan,0.659868,0.679752,-0.320173,-0.486154,0.0613415,-0.871718,-0.572912,0.730872,0.370941,85.9748,-29.0881,40.9652,0.723214,0.553982,0.0873666,-0.40303
270,0,-0.336625,-0.386935,1.49466,-nan,-nan,-nan,0.577067,0.745358,-0.33382,-0.573796,0.0791578,-0.815164,-0.581164,0.661948,0.473363,84.4536,-35.0154,45.2027,0.729655,0.506099,0.084747,-0.451978
277,0,-0.321637,-0.382995,1.50078,-nan,-nan,-nan,0.566958,0.758926,-0.320297,-0.578874,0.0904346,-0.810386,-0.586058,0.644866,0.490595,83.6325,-35.3714,45.949,0.732801,0.496469,0.0906661,-0.4564
285,0,-0.320602,-0.370587,1.51447,-nan,-nan,-nan,0.515365,0.773271,-0.369393,-0.716302,0.152073,-0.681018,-0.470437,0.615569,0.632268,77.4122,-45.75,42.3906,0.758239,0.4275,0.0333156,-0.491129
292,0,-0.310499,-0.360006,1.524,-nan,-nan,-nan,0.481216,0.794656,-0.370071,-0.776102,0.189946,-0.60132,-0.407549,0.576578,0.70814,72.4697,-50.9051,40.2618,0.771249,0.381815,0.0121485,-0.509161
300,0,-0.302533,-0.342426,1.53075,-nan,-nan,-nan,0.477707,0.801348,-0.360052,-0.82033,0.260206,-0.509265,-0.314411,0.538641,0.781672,62.9356,-55.1179,33.3517,0.79366,0.330087,-0.0143766,-0.510823
308,0,-0.298225,-0.33568,1.53372,-nan,-nan,-nan,0.496894,0.794553,-0.348971,-0.844249,0.349526,-0.406294,-0.200847,0.496504,0.844479,49.2953,-57.5916,22.0088,0.820198,0.275177,-0.0451489,-0.499514
315,0,-0.298585,-0.334375,1.5353,-nan,-nan,-nan,0.499375,0.795639,-0.342904,-0.859446,0.40493,-0.312064,-0.109439,0.450545,0.886021,37.6201,-59.2544,12.361,0.835213,0.228268,-0.0698819,-0.495408
323,0,-0.300568,-0.334236,1.53612,-nan,-nan,-nan,0.496298,0.805128,-0.324742,-0.867328,0.443539,-0.225865,-0.0378147,0.393755,0.918437,26.9868,-60.1496,4.35714,0.845322,0.18325,-0.0848576,-0.494621
331,0,-0.300589,-0.333739,1.5377,-nan,-nan,-nan,0.518405,0.805985,-0.285733,-0.854839,0.479641,-0.197979,-0.0225189,0.346889,0.937636,22.4291,-58.7419,2.48729,0.856692,0.159003,-0.0768112,-0.484662
339,0,-0.300157,-0.33351,1.53739,-nan,-nan,-nan,0.536628,0.80222,-0.261673,-0.843639,0.503659,-0.186014,-0.0174301,0.320577,0.947062,20.2704,-57.5264,1.86035,0.864198,0.146549,-0.0706559,-0.476123
347,0,-0.299828,-0.333448,1.53736,-nan,-nan,-nan,0.511628,0.822843,-0.247319,-0.858801,0.4809,-0.176621,-0.0263952,0.302762,0.952701,20.1668,-59.1823,2.95331,0.858084,0.139667,-0.0643654,-0.489942
354,0,-0.300839,-0.333309,1.5377,-nan,-nan,-nan,0.485802,0.822061,-0.297006,-0.873961,0.451504,-0.179821,-0.0137247,0.346929,0.937791,21.716,-60.9223,1.61827,0.847806,0.155328,-0.0835336,-0.500121
361,0,-0.300687,-0.333728,1.53759,-nan,-nan,-nan,0.472095,0.837554,-0.275008,-0.880908,0.436331,-0.183347,-0.0335682,0.328814,0.943798,22.7922,-61.7521,4.06716,0.844426,0.15163,-0.0714804,-0.508766
369,0,-0.300848,-0.333365,1.53774,-nan,-nan,-nan,0.466024,0.838333,-0.282876,-0.884566,0.434559,-0.169415,-0.0191003,0.329174,0.944076,21.2986,-62.1981,2.34699,0.843306,0.147808,-0.0781968,-0.510758
377,0,-0.300462,-0.33297,1.53691,-nan,-nan,-nan,0.4635,0.827113,-0.317887,-0.88606,0.429374,-0.174742,-0.00803923,0.36266,0.931887,22.1449,-62.3823,0.993674,0.840351,0.159874,-0.0921781,-0.50966
384,0,-0.301201,-0.333419,1.53658,-nan,-nan,-nan,0.45584,0.816283,-0.354812,-0.889554,0.404354,-0.212583,-0.0300581,0.412528,0.910449,27.7325,-62.8173,3.77262,0.832262,0.187775,-0.0975516,-0.51241
392,0,-0.30144,-0.334388,1.53349,-nan,-nan,-nan,0.50051,0.787466,-0.359705,-0.864943,0.437125,-0.246567,-0.0369268,0.434534,0.899898,29.4258,-59.8762,4.21955,0.842249,0.202167,-0.0958085,-0.490475
400,0,-0.299934,-0.332096,1.53315,-nan,-nan,-nan,0.444746,0.810529,-0.381109,-0.895454,0.393339,-0.208437,-0.0190397,0.433967,0.900728,27.9199,-63.5669,2.45136,0.827468,0.194087,-0.109391,-0.515423
407,0,-0.301796,-0.331728,1.53321,-nan,-nan,-nan,0.40877,0.80678,-0.42663,-0.912632,0.359693,-0.194227,-0.0032424,0.46875,0.883325,28.3681,-65.8716,0.454465,0.814216,0.203563,-0.129999,-0.527935
415,0,-0.301413,-0.331261,1.5328,-nan,-nan,-nan,0.391986,0.798727,-0.456489,-0.919866,0.347789,-0.181354,0.0139097,0.490997,0.87105,27.5397,-66.9065,-2.03229,0.807902,0.208054,-0.145562,-0.531807
422,0,-0.301097,-0.33124,1.53284,-nan,-nan,-nan,0.394498,0.78659,-0.475024,-0.91863,0.350066,-0.18323,0.022163,0.508656,0.860685,27.6283,-66.7265,-3.21551,0.807039,0.214328,-0.154016,-0.528233
430,0,-0.301072,-0.331271,1.53265,-nan,-nan,-nan,0.383618,0.779841,-0.494657,-0.92349,0.325122,-0.203624,0.00202966,0.534924,0.844898,32.0589,-67.4417,-0.30314,0.799005,0.231083,-0.155408,-0.532953
437,0,-0.301468,-0.331328,1.5319,-nan,-nan,-nan,0.354366,0.736307,-0.576435,-0.935016,0.28761,-0.207428,0.0130584,0.612481,0.790377,35.7995,-69.2307,-2.1104,0.7798,0.262858,-0.188989,-0.535817
445,0,-0.302231,-0.331138,1.53195,-nan,-nan,-nan,0.346798,0.725981,-0.593871,-0.937857,0.276822,-0.20927,0.0124702,0.62954,0.776868,37.0883,-69.6947,-2.05936,0.774675,0.270697,-0.195676,-0.536947
453,0,-0.303066,-0.330075,1.5324,-nan,-nan,-nan,0.343899,0.716605,-0.606803,-0.938626,0.280739,-0.200416,0.0267345,0.638484,0.76917,35.5225,-69.8221,-4.4452,0.773597,0.271104,-0.204738,-0.534914
460,0,-0.303038,-0.330735,1.53188,-nan,-nan,-nan,0.311399,0.720294,-0.619844,-0.949522,0.261874,-0.172712,0.0379178,0.642338,0.765483,33.4058,-71.7177,-6.94249,0.76465,0.266478,-0.215053,-0.545942
468,0,-0.301267,-0.329616,1.52993,-nan,-nan,-nan,0.314173,0.742784,-0.591243,-0.948956,0.264005,-0.172581,0.0279008,0.615284,0.787812,33.1728,-71.6145,-5.07496,0.769089,0.256103,-0.201259,-0.549917
475,0,-0.300142,-0.328364,1.52907,-nan,-nan,-nan,0.325749,0.76004,-0.56234,-0.932968,0.35476,-0.0609619,0.153162,0.544504,0.824656,9.75047,-68.9023,-25.1822,0.791386,0.191268,-0.226029,-0.534824
482,0,-0.300277,-0.330342,1.52999,-nan,-nan,-nan,0.309333,0.756132,-0.576695,-0.950717,0.259437,-0.169794,0.0212292,0.600797,0.79912,33.2036,-71.9371,-3.92599,0.769398,0.250388,-0.194283,-0.554606
490,0,-0.300029,-0.330373,1.52955,-nan,-nan,-nan,0.290991,0.766316,-0.572787,-0.956586,0.222809,-0.187881,-0.0163536,0.602592,0.797882,40.1388,-73.0552,3.21663,0.760211,0.259952,-0.182987,-0.566587
498,0,-0.299853,-0.330045,1.52967,-nan,-nan,-nan,0.285056,0.776142,-0.562447,-0.958456,0.224552,-0.175892,-0.0102183,0.58922,0.807908,38.0716,-73.4269,2.05298,0.761169,0.251295,-0.181375,-0.569715
506,0,-0.299896,-0.32984,1.53034,-nan,-nan,-nan,0.278407,0.785077,-0.553303,-0.959762,0.205392,-0.191497,-0.0366962,0.584353,0.810669,42.995,-73.6912,7.50874,0.757375,0.256098,-0.170525,-0.575949
513,0,-0.299639,-0.330494,1.52919,-nan,-nan,-nan,0.272326,0.783419,-0.558654,-0.962203,0.220655,-0.159612,-0.00177381,0.581005,0.813898,35.8804,-74.1969,0.373193,0.759421,0.24381,-0.183324,-0.574656
521,0,-0.299767,-0.330383,1.52944,-nan,-nan,-nan,0.272139,0.775779,-0.569305,-0.961939,0.234565,-0.14019,0.0247827,0.585787,0.810086,30.865,-74.1413,-5.20335,0.76105,0.238479,-0.195154,-0.570829
529,0,-0.299877,-0.329917,1.52978,-nan,-nan,-nan,0.253291,0.772557,-0.582237,-0.967349,0.207804,-0.145097,0.00889604,0.599978,0.799967,34.9241,-75.3184,-2.0115,0.751842,0.24775,-0.196562,-0.578548
537,0,-0.300836,-0.330171,1.53043,-nan,-nan,-nan,0.251928,0.776503,-0.577561,-0.96765,0.210526,-0.13904,0.0136265,0.593905,0.80442,33.4424,-75.3866,-3.09606,0.752807,0.243404,-0.196328,-0.579216
544,0,-0.299663,-0.329927,1.52937,-nan,-nan,-nan,0.205496,0.78798,-0.580395,-0.978606,0.159342,-0.130155,-0.0100782,0.594725,0.803866,39.2429,-78.127,2.80773,0.736326,0.246114,-0.193636,-0.599797
552,0,-0.300135,-0.330151,1.52979,-nan,-nan,-nan,0.20875,0.791088,-0.574981,-0.977754,0.156481,-0.139684,-0.0205284,0.591349,0.806155,41.7539,-77.8919,5.61639,0.736781,0.248049,-0.188133,-0.600192
560,0,-0.298789,-0.330459,1.52924,-nan,-nan,-nan,0.21943,0.808357,-0.546268,-0.975547,0.174572,-0.133538,-0.0125837,0.562213,0.826897,37.4141,-77.3033,3.28216,0.745134,0.233432,-0.179057,-0.598518
567,0,-0.299637,-0.330041,1.5282,-nan,-nan,-nan,0.246991,0.740169,-0.625416,-0.966773,0.232131,-0.107079,0.0659219,0.631083,0.772909,24.7632,-75.1886,-14.9439,0.750339,0.245943,-0.230342,-0.568724
574,0,-0.299076,-0.330053,1.52977,-nan,-nan,-nan,0.199074,0.799974,-0.566049,-0.979364,0.141853,-0.143959,-0.0348676,0.583026,0.811705,45.4222,-78.3399,9.93451,0.733593,0.247748,-0.18102,-0.606378
582,0,-0.298981,-0.330025,1.52945,-nan,-nan,-nan,0.1591,0.800379,-0.577997,-0.985683,0.0956727,-0.138838,-0.0558246,0.591811,0.804141,55.4295,-80.293,19.3348,0.717446,0.254601,-0.181955,-0.622368
590,0,-0.298275,-0.329584,1.52941,-nan,-nan,-nan,0.1356,0.818333,-0.558519,-0.987741,0.0676558,-0.140681,-0.0773367,0.570749,0.817475,64.3163,-81.0192,29.6973,0.710762,0.250235,-0.169249,-0.63526
598,0,-0.300055,-0.330009,1.5306,-nan,-nan,-nan,0.142597,0.802078,-0.579946,-0.985721,0.0620638,-0.156532,-0.0895575,0.593986,0.799475,68.3721,-80.3059,32.1308,0.707837,0.265074,-0.1732,-0.63143
606,0,-0.30096,-0.33009,1.53031,-nan,-nan,-nan,0.166713,0.784955,-0.596701,-0.982059,0.0780995,-0.17164,-0.0881274,0.61461,0.783893,65.5335,-79.1305,27.8617,0.712163,0.276008,-0.178531,-0.620298
614,0,-0.299519,-0.330068,1.53023,-nan,-nan,-nan,0.151859,0.794643,-0.587777,-0.984818,0.0710496,-0.158384,-0.0840975,0.602905,0.793368,65.8394,-80.0034,28.9771,0.709978,0.268068,-0.177357,-0.62659
621,0,-0.300235,-0.330627,1.53048,-nan,-nan,-nan,0.161194,0.794365,-0.585663,-0.984655,0.0892442,-0.149964,-0.0668589,0.600849,0.796562,59.2429,-79.9499,22.5274,0.715367,0.262387,-0.181307,-0.621716
629,0,-0.299681,-0.330649,1.52948,-nan,-nan,-nan,0.182116,0.790061,-0.585352,-0.982177,0.118013,-0.146292,-0.0465007,0.601561,0.797472,51.1071,-79.1663,14.3236,0.724155,0.258181,-0.186028,-0.61183
637,0,-0.299334,-0.33046,1.52976,-nan,-nan,-nan,0.162835,0.799686,-0.577916,-0.986035,0.111167,-0.124002,-0.034917,0.590037,0.80662,48.1238,-80.4135,12.1027,0.721218,0.247511,-0.188223,-0.618995
644,0,-0.299579,-0.330243,1.53001,-nan,-nan,-nan,0.198887,0.794921,-0.573189,-0.979864,0.150791,-0.130873,-0.017602,0.587676,0.808905,40.955,-78.4827,5.05764,0.734606,0.244536,-0.189076,-0.603992
652,0,-0.299594,-0.330417,1.52974,-nan,-nan,-nan,0.232091,0.785633,-0.573511,-0.972694,0.187917,-0.136212,0.000760039,0.589464,0.807794,35.9365,-76.5797,-0.187629,0.746291,0.243094,-0.192375,-0.589022
660,0,-0.297793,-0.329887,1.5304,-nan,-nan,-nan,0.155349,0.827001,-0.540311,-0.986156,0.0977232,-0.133962,-0.0579854,0.553642,0.830734,53.8897,-80.4553,20.4686,0.72177,0.238166,-0.167063,-0.628025
667,0,-0.299346,-0.330181,1.53014,-nan,-nan,-nan,0.251385,0.786918,-0.563529,-0.967856,0.209014,-0.139882,0.00771024,0.58058,0.814167,33.7922,-75.4335,-1.75677,0.754083,0.238853,-0.189382,-0.581758
675,0,-0.299315,-0.330525,1.53039,-nan,-nan,-nan,0.206608,0.803738,-0.557959,-0.978204,0.157586,-0.13522,-0.0207551,0.573736,0.818778,40.632,-78.0154,5.73648,0.738744,0.239919,-0.181796,-0.603031
682,0,-0.299577,-0.330324,1.53003,-nan,-nan,-nan,0.282408,0.750353,-0.597676,-0.959102,0.233342,-0.160236,0.0192291,0.618484,0.785562,34.4774,-73.5569,-3.89525,0.758504,0.256663,-0.203329,-0.56343
690,0,-0.29985,-0.330477,1.52877,-nan,-nan,-nan,0.430182,0.598256,-0.676042,-0.871202,0.471349,-0.137252,0.236539,0.648012,0.723968,16.235,-60.5986,-28.8046,0.81017,0.242315,-0.281602,-0.453441
697,0,-0.29907,-0.330608,1.52954,-nan,-nan,-nan,0.191137,0.784032,-0.590559,-0.981495,0.145582,-0.124388,-0.0115495,0.603406,0.79735,40.5112,-78.9605,3.45792,0.730423,0.249101,-0.198176,-0.604283
705,0,-0.299187,-0.33058,1.52941,-nan,-nan,-nan,0.345285,0.675062,-0.651973,-0.921138,0.376768,-0.0977245,0.179672,0.6343,0.751918,14.5407,-67.0931,-27.4906,0.786443,0.232701,-0.264369,-0.507411
713,0,-0.29955,-0.330781,1.53005,-nan,-nan,-nan,0.242642,0.813303,-0.528832,-0.969107,0.178352,-0.170359,-0.044235,0.553831,0.831453,43.6869,-75.7212,10.3319,0.750408,0.241266,-0.161445,-0.593814
721,0,-0.299109,-0.331399,1.53016,-nan,-nan,-nan,0.420206,0.694881,-0.583581,-0.895441,0.421721,-0.142609,0.147012,0.582487,0.799435,18.6835,-63.5651,-19.2827,0.812613,0.223076,-0.224766,-0.489262
729,0,-0.299579,-0.330856,1.53108,-nan,-nan,-nan,0.352765,0.843021,-0.406045,-0.933114,0.284621,-0.21975,-0.069685,0.456406,0.887039,37.671,-68.9255,11.1743,0.794422,0.212782,-0.10585,-0.558939
737,0,-0.299541,-0.331589,1.53172,-nan,-nan,-nan,0.372345,0.838113,-0.398654,-0.925141,0.300937,-0.23141,-0.0739774,0.454976,0.887426,37.5589,-67.6897,11.2372,0.800111,0.214466,-0.101447,-0.550941
745,0,-0.298436,-0.331086,1.53072,-nan,-nan,-nan,0.371011,0.847134,-0.380414,-0.926843,0.31241,-0.208235,-0.0575576,0.429842,0.901068,33.6852,-67.9479,8.81841,0.803817,0.198452,-0.100414,-0.551735
752,0,-0.298716,-0.330996,1.53071,0.435701,-0.230163,0.970597,0.371466,0.844354,-0.386108,-0.926798,0.312452,-0.208371,-0.0552989,0.435248,0.898611,33.699,-67.9411,8.46725,0.803512,0.200252,-0.102926,-0.551066
759,0,-0.299882,-0.330111,1.53158,0.435701,-0.230163,0.970597,0.384418,0.832965,-0.397986,-0.92219,0.32675,-0.206881,-0.0422822,0.446547,0.893761,32.3398,-67.2484,6.27674,0.80699,0.202428,-0.110195,-0.543735
767,0,-0.299354,-0.331487,1.53146,0.435701,-0.230163,0.970597,0.389825,0.831504,-0.395775,-0.918635,0.321078,-0.230258,-0.0643856,0.453333,0.889013,35.6458,-66.7274,9.3786,0.806213,0.211976,-0.102761,-0.542704
774,0,-0.299432,-0.332572,1.53154,0.435701,-0.230163,0.970597,0.371841,0.841337,-0.392283,-0.922566,0.288044,-0.256716,-0.10299,0.457364,0.883296,41.7086,-67.3041,15.4812,0.797368,0.223887,-0.0907026,-0.553039
781,0,-0.298905,-0.331918,1.53107,0.435701,-0.230163,0.970597,0.369658,0.844632,-0.387233,-0.924785,0.29401,-0.241517,-0.0901428,0.447386,0.889787,39.4017,-67.636,13.7044,0.798977,0.215558,-0.0929595,-0.553651
788,0,-0.298974,-0.331958,1.53007,0.435701,-0.230163,0.970597,0.369328,0.84816,-0.379765,-0.925123,0.296868,-0.236679,-0.0880017,0.438741,0.894294,38.5637,-67.6869,13.4022,0.800077,0.211049,-0.0911672,-0.554098
795,0,-0.299185,-0.331337,1.53155,0.435701,-0.230163,0.970597,0.36876,0.846449,-0.384109,-0.927451,0.307465,-0.212837,-0.0620552,0.434728,0.898421,34.6921,-68.0409,9.55229,0.802285,0.201788,-0.100355,-0.552765
803,0,-0.300067,-0.332387,1.53018,0.435701,-0.230163,0.970597,0.377092,0.850428,-0.366843,-0.923242,0.313652,-0.221916,-0.0736626,0.422368,0.903426,35.2803,-67.4047,11.0532,0.805321,0.200009,-0.0910136,-0.550609
810,0,-0.298164,-0.332146,1.53035,0.435701,-0.230163,0.970597,0.501948,0.784629,-0.363875,-0.864338,0.439933,-0.243679,-0.0311172,0.436826,0.899008,28.9821,-59.8072,3.54739,0.842747,0.201871,-0.0987124,-0.489164
817,0,-0.298421,-0.332571,1.53066,0.435701,-0.230163,0.970597,0.519024,0.77565,-0.35914,-0.854165,0.454991,-0.251764,-0.0318753,0.437437,0.898684,28.9575,-58.6676,3.51435,0.847452,0.203316,-0.0965437,-0.480798
825,0,-0.29852,-0.333409,1.5302,0.435701,-0.230163,0.970597,0.57539,0.729322,-0.370157,-0.817675,0.502855,-0.280258,-0.0182629,0.463926,0.885686,29.1324,-54.8527,1.81796,0.860804,0.216131,-0.102199,-0.449289
831,0,-0.299212,-0.333729,1.53103,0.435701,-0.230163,0.970597,0.574721,0.720338,-0.388342,-0.818187,0.496341,-0.290198,-0.0162905,0.484519,0.874629,30.3137,-54.9038,1.62362,0.858151,0.225694,-0.108387,-0.44821
839,0,-0.299578,-0.332913,1.53041,0.435701,-0.230163,0.970597,0.568773,0.720275,-0.397116,-0.82244,0.503599,-0.264538,0.00944679,0.477066,0.878817,27.7127,-55.3298,-0.951542,0.858951,0.215846,-0.118331,-0.449011
846,0,-0.299517,-0.332652,1.5311,0.435701,-0.230163,0.970597,0.560269,0.731713,-0.388194,-0.828142,0.504296,-0.244677,0.0167311,0.458564,0.888504,25.882,-55.9083,-1.71049,0.859225,0.204615,-0.117817,-0.453855
853,0,-0.299609,-0.332478,1.53034,0.435701,-0.230163,0.970597,0.500438,0.785678,-0.363693,-0.865705,0.448855,-0.221549,-0.0108211,0.425722,0.904789,26.2704,-59.9633,1.23873,0.844701,0.191568,-0.104437,-0.488747
861,0,-0.29948,-0.331819,1.5309,0.435701,-0.230163,0.970597,0.4751,0.802959,-0.359913,-0.87993,0.434246,-0.192751,0.00151903,0.408274,0.912858,23.9353,-61.634,-0.18319,0.839971,0.178883,-0.107573,-0.500877
869,0,-0.298185,-0.331182,1.53038,0.435701,-0.230163,0.970597,0.494592,0.792991,-0.35573,-0.869104,0.44837,-0.208862,-0.00612668,0.412468,0.910952,24.9773,-60.3546,0.709706,0.844677,0.183896,-0.103473,-0.491932
876,0,-0.298997,-0.330961,1.53089,0.435701,-0.230163,0.970597,0.45255,0.825184,-0.338039,-0.891706,0.421993,-0.163652,0.00760698,0.375492,0.926794,21.1967,-63.0885,-0.963001,0.83686,0.161062,-0.103257,-0.512897
884,0,-0.298806,-0.331529,1.53226,0.435701,-0.230163,0.970597,0.420449,0.857782,-0.29569,-0.906998,0.388725,-0.162011,-0.0240277,0.336308,0.941446,22.6251,-65.0937,3.27076,0.82925,0.150232,-0.0819001,-0.532041
891,0,-0.293824,-0.332259,1.53191,0.435701,-0.230163,0.970597,0.354454,0.927533,-0.118511,-0.924588,0.328727,-0.192548,-0.139637,0.177823,0.974105,30.3591,-67.6064,21.5019,0.815059,0.113602,0.00647999,-0.568094
899,0,-0.298713,-0.331569,1.53134,0.435701,-0.230163,0.970597,0.452349,0.84046,-0.298339,-0.891564,0.41782,-0.174758,-0.0222248,0.34504,0.938325,22.6976,-63.0704,2.81279,0.837928,0.155084,-0.0823801,-0.516758
906,0,-0.29813,-0.332001,1.53145,0.435701,-0.230163,0.970597,0.412325,0.864479,-0.287515,-0.90968,0.373451,-0.181706,-0.0497085,0.336469,0.940382,25.9457,-65.4611,6.87421,0.825554,0.156917,-0.0720143,-0.537263
914,0,-0.296854,-0.333,1.53171,0.435701,-0.230163,0.970597,0.431899,0.87223,-0.229516,-0.897605,0.390813,-0.203886,-0.0881378,0.294073,0.95171,27.5509,-63.8451,11.534,0.83283,0.149478,-0.0424392,-0.531272
922,0,-0.295217,-0.333345,1.53164,0.435701,-0.230163,0.970597,0.453421,0.87552,-0.166955,-0.884115,0.418075,-0.208699,-0.11292,0.242236,0.963624,26.5279,-62.1428,13.9845,0.841891,0.133905,-0.0160457,-0.522525
929,0,-0.293612,-0.332971,1.53198,0.435701,-0.230163,0.970597,0.424466,0.898533,-0.111659,-0.894434,0.396931,-0.205994,-0.140771,0.187309,0.972162,27.4278,-63.4358,18.3477,0.835697,0.117657,0.00870897,-0.536369
937,0,-0.295459,-0.33209,1.53124,0.435701,-0.230163,0.970597,0.432749,0.881031,-0.191085,-0.896203,0.397448,-0.197119,-0.0977212,0.256554,0.961577,26.3796,-63.6633,12.7248,0.83543,0.13576,-0.0279389,-0.531832
944,0,-0.299007,-0.333018,1.53082,0.435701,-0.230163,0.970597,0.49266,0.818993,-0.294172,-0.868936,0.444604,-0.217433,-0.0472863,0.362737,0.930691,26.0609,-60.3352,5.48254,0.846752,0.171293,-0.0728919,-0.498354
951,0,-0.298957,-0.331819,1.53045,0.435701,-0.230163,0.970597,0.486664,0.796827,-0.358085,-0.873571,0.441211,-0.205444,-0.00571236,0.412795,0.910806,24.9684,-60.8763,0.672495,0.842419,0.183471,-0.104572,-0.495715
959,0,-0.298701,-0.331679,1.53084,0.435701,-0.230163,0.970597,0.509353,0.782704,-0.357679,-0.860484,0.468688,-0.199748,0.0112968,0.409519,0.912231,23.083,-59.3709,-1.27054,0.85004,0.179188,-0.108517,-0.483268
966,0,-0.299696,-0.331693,1.53083,0.435701,-0.230163,0.970597,0.505958,0.78153,-0.364989,-0.862217,0.47014,-0.188546,0.0242412,0.410096,0.91172,21.8529,-59.5665,-2.74303,0.849679,0.176138,-0.114523,-0.483638
973,0,-0.299428,-0.330875,1.53045,0.435701,-0.230163,0.970597,0.496014,0.794926,-0.349376,-0.867622,0.469798,-0.162855,0.0346786,0.383905,0.922721,19.1188,-60.1835,-3.99931,0.849784,0.160853,-0.112986,-0.489109
980,0,-0.299401,-0.331254,1.53112,0.435701,-0.230163,0.970597,0.496811,0.793289,-0.351954,-0.867331,0.467994,-0.169469,0.0302742,0.389454,0.920548,19.9062,-60.1499,-3.48713,0.849316,0.164522,-0.112511,-0.488811
988,0,-0.300969,-0.331115,1.5314,0.435701,-0.230163,0.970597,0.465877,0.832528,-0.29976,-0.884784,0.44241,-0.146389,0.0107438,0.333423,0.942716,18.3089,-62.225,-1.32109,0.844246,0.142083,-0.0919472,-0.508534
995,1,-0.30005,-0.330814,1.53169,0.435701,-0.230163,0.970597,0.466764,0.84003,-0.276551,-0.884361,0.441202,-0.152469,-0.00606331,0.315738,0.948827,19.0639,-62.173,0.744236,0.845102,0.138506,-0.0800164,-0.510113
1002,1,-0.301132,-0.329468,1.5323,0.435701,-0.230163,0.970597,0.466928,0.84688,-0.254504,-0.883786,0.437145,-0.166814,-0.0300164,0.302818,0.952576,20.8868,-62.1025,3.67819,0.845081,0.138931,-0.0664101,-0.511982
1010,0,-0.297797,-0.332014,1.53276,0.435701,-0.230163,0.970597,0.474266,0.858012,-0.1972,-0.878574,0.446921,-0.168428,-0.0563805,0.253135,0.965787,20.6496,-61.4709,6.77948,0.849555,0.124054,-0.0414392,-0.511028
1017,0,-0.296628,-0.332211,1.53347,0.435701,-0.230163,0.970597,0.464139,0.871648,-0.157497,-0.880586,0.434879,-0.188278,-0.0956202,0.226077,0.969405,23.4099,-61.7131,11.641,0.846821,0.122327,-0.0182673,-0.517297
1023,0,-0.294153,-0.334125,1.53178,0.435701,-0.230163,0.970597,0.394831,0.912969,-0.102933,-0.900916,0.362758,-0.238238,-0.180164,