102,0,-0.335173,-0.38739,1.45536,-nan,-nan,-nan,0.839598,0.543206,0.00131891,0.16584,-0.254015,-0.952876,-0.517273,0.800252,-0.303356,104.927,9.54606,31.637,0.566177,0.774108,0.228988,-0.166629
110,0,-0.334528,-0.384807,1.45272,-nan,-nan,-nan,0.83772,0.545985,0.0111985,0.146349,-0.204698,-0.967823,-0.526124,0.812404,-0.251384,101.942,8.41543,32.1306,0.587716,0.757265,0.228564,-0.169995
117,0,-0.334818,-0.383898,1.45184,0.698828,0.0239936,1.49906,0.831026,0.555801,0.0219287,0.144815,-0.178125,-0.973293,-0.537052,0.812008,-0.228515,100.371,8.32658,32.8726,0.596738,0.747941,0.234182,-0.17218
124,0,-0.33611,-0.385421,1.45694,0.698828,0.0239936,1.49906,0.824421,0.565412,0.0252706,0.153192,-0.179939,-0.971676,-0.54485,0.804942,-0.234962,100.491,8.81194,33.4602,0.593616,0.748218,0.240105,-0.173606
132,0,-0.337445,-0.387518,1.4632,0.698828,0.0239936,1.49906,0.812081,0.582994,0.025332,0.167467,-0.191249,-0.96715,-0.558998,0.789646,-0.252942,101.186,9.64058,34.5417,0.584784,0.751045,0.249806,-0.177641
139,0,-0.338693,-0.389429,1.46859,0.698828,0.0239936,1.49906,0.804042,0.594169,0.0218866,0.167336,-0.190813,-0.967258,-0.570539,0.781379,-0.252848,101.16,9.63298,35.359,0.583177,0.749617,0.253965,-0.182977
146,0,-0.340104,-0.39266,1.47488,0.698828,0.0239936,1.49906,0.781163,0.6238,0.0256677,0.175907,-0.180463,-0.967724,-0.599034,0.760465,-0.250702,100.563,10.1314,37.4828,0.580947,0.743695,0.268829,-0.192743
154,0,-0.340879,-0.405831,1.47963,0.698828,0.0239936,1.49906,0.764388,0.644422,0.0207671,0.184032,-0.187196,-0.96493,-0.617935,0.741402,-0.261684,100.979,10.6047,38.9523,0.573478,0.743853,0.278434,-0.200701
161,0,-0.340483,-0.399266,1.50402,0.698828,0.0239936,1.49906,0.63315,0.773085,0.0382154,0.189359,-0.106834,-0.976079,-0.750509,0.625241,-0.214033,96.2463,10.9154,49.8481,0.572775,0.698931,0.344256,-0.25478
168,0,-0.33959,-0.401437,1.51631,0.698828,0.0239936,1.49906,0.58091,0.812182,0.0538896,0.215822,-0.0898532,-0.97229,-0.784834,0.576444,-0.227484,95.2799,12.4638,53.4923,0.562044,0.688884,0.373068,-0.265264
175,0,-0.340229,-0.400883,1.52227,0.698828,0.0239936,1.49906,0.55794,0.828727,0.0437594,0.223091,-0.0989892,-0.969759,-0.799333,0.550829,-0.240111,95.8283,12.8906,55.0847,0.552005,0.688665,0.381832,-0.274289
183,0,-0.34135,-0.403343,1.52676,0.698828,0.0239936,1.49906,0.544274,0.838269,0.0327305,0.221551,-0.106,-0.969371,-0.809124,0.534855,-0.243412,96.2404,12.8001,56.0724,0.546549,0.688056,0.385077,-0.282096
189,0,-0.342095,-0.404501,1.53597,0.698828,0.0239936,1.49906,0.548585,0.835745,0.0241929,0.231621,-0.124106,-0.964857,-0.803372,0.534909,-0.261659,97.3295,13.3925,55.6727,0.539171,0.695405,0.383721,-0.280117
196,0,-0.345927,-0.418388,1.56478,0.698828,0.0239936,1.49906,0.505341,0.862006,0.0397148,0.285732,-0.123724,-0.950289,-0.814241,0.491568,-0.308825,97.418,16.6026,58.1751,0.517878,0.696041,0.412238,-0.27819
204,0,-0.346927,-0.420017,1.57428,0.698828,0.0239936,1.49906,0.522497,0.85023,0.0640739,0.298642,-0.112102,-0.947759,-0.79863,0.514336,-0.312487,96.7457,17.376,56.8056,0.523905,0.69769,0.41167,-0.26321
211,0,-0.350498,-0.417915,1.58936,0.698828,0.0239936,1.49906,0.524519,0.84979,0.052308,0.240655,-0.0890476,-0.966517,-0.816679,0.519545,-0.251214,95.2639,13.9252,57.289,0.544118,0.682785,0.399264,-0.279873
218,0,-0.352745,-0.418585,1.60175,0.698828,0.0239936,1.49906,0.570935,0.82017,0.0368046,0.200302,-0.0956794,-0.975051,-0.796186,0.564063,-0.218908,95.6044,11.5546,54.3561,0.560435,0.686572,0.371582,-0.276512
227,0,-0.354785,-0.421547,1.61287,0.698828,0.0239936,1.49906,0.597855,0.800985,0.0315126,0.204464,-0.114364,-0.97217,-0.77509,0.58766,-0.232146,96.7093,11.7981,52.3557,0.559318,0.697202,0.36053,-0.266629
234,0,-0.358033,-0.425459,1.6254,0.698828,0.0239936,1.49906,0.602692,0.797312,0.0324822,0.213626,-0.121993,-0.969269,-0.768847,0.59111,-0.243851,97.1736,12.3349,51.9074,0.556068,0.701523,0.360266,-0.262417
241,0,-0.360497,-0.428392,1.63577,0.698828,0.0239936,1.49906,0.608583,0.792971,0.0287108,0.211949,-0.127584,-0.968917,-0.76466,0.595752,-0.245715,97.5014,12.2366,51.4842,0.555717,0.703897,0.356913,-0.261384
248,0,-0.362205,-0.43077,1.64439,0.698828,0.0239936,1.49906,0.600693,0.798929,0.0296868,0.22165,-0.130746,-0.966321,-0.76814,0.587042,-0.25562,97.7055,12.8059,51.9743,0.550982,0.704815,0.362002,-0.261932
256,0,-0.364305,-0.433594,1.65374,0.698828,0.0239936,1.49906,0.59711,0.801464,0.0334011,0.228675,-0.130162,-0.964762,-0.768874,0.583707,-0.260996,97.6837,13.2191,52.167,0.549079,0.70503,0.365282,-0.260795
263,0,-0.37293,-0.43705,1.66893,0.698828,0.0239936,1.49906,0.593804,0.803939,0.0328406,0.226011,-0.127486,-0.965746,-0.772215,0.580887,-0.257401,97.52,13.0624,52.4411,0.549754,0.70333,0.366098,-0.262812
270,0,-0.385408,-0.44443,1.69418,0.698828,0.0239936,1.49906,0.483091,0.87557,-0.000117323,0.221227,-0.122191,-0.967537,-0.847161,0.467383,-0.252729,97.1978,12.7811,60.3062,0.526349,0.681544,0.402321,-0.310793
278,0,-0.38799,-0.444007,1.70629,0.698828,0.0239936,1.49906,0.442954,0.896493,0.00964276,0.218386,-0.0974599,-0.970984,-0.86954,0.432206,-0.238952,95.7317,12.6143,63.0052,0.525961,0.666964,0.417893,-0.322318
284,0,-0.388588,-0.439477,1.7147,0.698828,0.0239936,1.49906,0.377942,0.925673,0.0170117,0.238893,-0.0797519,-0.967765,-0.894478,0.369823,-0.251278,94.711,13.8212,67.0946,0.511594,0.653638,0.445417,-0.335608
291,0,-0.390274,-0.439657,1.72135,0.698828,0.0239936,1.49906,0.369048,0.928654,0.0374808,0.253978,-0.0619741,-0.965223,-0.894035,0.365732,-0.258729,93.6738,14.713,67.5697,0.511943,0.649952,0.454892,-0.329468
298,0,-0.391519,-0.440772,1.72565,0.698828,0.0239936,1.49906,0.347781,0.936789,0.0384142,0.266081,-0.059329,-0.962123,-0.899027,0.344829,-0.269895,93.5287,15.4312,68.8515,0.504618,0.647496,0.464431,-0.332285
305,0,-0.392703,-0.442425,1.72911,0.698828,0.0239936,1.49906,0.340841,0.939314,0.0389438,0.256855,-0.0531948,-0.964985,-0.904352,0.338909,-0.259399,93.1552,14.8835,69.3491,0.507013,0.64293,0.465124,-0.33651
311,0,-0.394845,-0.443128,1.74373,0.698828,0.0239936,1.49906,0.312619,0.948594,0.0493837,0.252967,-0.0330305,-0.966911,-0.915575,0.314767,-0.250289,91.9565,14.6531,71.1478,0.507272,0.631652,0.475563,-0.342828
318,0,-0.398915,-0.445072,1.76965,0.698828,0.0239936,1.49906,0.465558,0.883647,0.0492279,0.223057,-0.0633282,-0.972746,-0.856447,0.46385,-0.226587,93.7248,12.8887,61.4718,0.542135,0.662471,0.417642,-0.304624
325,0,-0.40225,-0.449026,1.78254,0.698828,0.0239936,1.49906,0.526993,0.849764,0.0133707,0.208005,-0.113711,-0.971496,-0.824022,0.514753,-0.23668,96.6759,12.0054,57.3995,0.542357,0.685088,0.385997,-0.29582
332,0,-0.403576,-0.452891,1.7979,0.698828,0.0239936,1.49906,0.523659,0.851805,0.0144744,0.224822,-0.121785,-0.966759,-0.821728,0.509506,-0.255279,97.1799,12.9924,57.492,0.535396,0.689333,0.39046,-0.292766
340,0,-0.405796,-0.456547,1.80935,0.698828,0.0239936,1.49906,0.519924,0.853894,0.0233461,0.228512,-0.112699,-0.966996,-0.823081,0.508099,-0.25372,96.6476,13.2095,57.7202,0.537007,0.686721,0.394048,-0.291142
347,0,-0.407354,-0.458412,1.81817,0.698828,0.0239936,1.49906,0.525237,0.850261,0.0343861,0.225377,-0.100031,-0.969123,-0.820567,0.516769,-0.244169,95.8931,13.025,57.3771,0.543378,0.683637,0.393351,-0.2875
354,0,-0.409314,-0.460727,1.82855,0.698828,0.0239936,1.49906,0.527094,0.848797,0.0414172,0.21563,-0.0864436,-0.972641,-0.821995,0.521604,-0.22859,95.0788,12.4525,57.3305,0.550468,0.678625,0.392126,-0.287559
361,0,-0.41198,-0.462937,1.83721,0.698828,0.0239936,1.49906,0.539867,0.841298,0.0275745,0.202576,-0.0980593,-0.974345,-0.81701,0.531603,-0.223366,95.747,11.6876,56.5439,0.551915,0.682146,0.38257,-0.289321
369,0,-0.413119,-0.464853,1.8457,0.698828,0.0239936,1.49906,0.554126,0.831799,0.0324861,0.209221,-0.101393,-0.972598,-0.805712,0.545738,-0.230214,95.9516,12.0767,55.4819,0.552838,0.68661,0.379043,-0.281538
376,0,-0.415318,-0.466961,1.85383,0.698828,0.0239936,1.49906,0.56683,0.823411,0.0264214,0.208599,-0.112424,-0.971518,-0.796988,0.556197,-0.235488,96.6009,12.0403,54.579,0.552023,0.691871,0.372905,-0.278436
383,0,-0.416401,-0.468403,1.85883,0.698828,0.0239936,1.49906,0.572234,0.819694,0.0254906,0.204091,-0.112235,-0.972497,-0.794289,0.561698,-0.231516,96.5833,11.7763,54.2297,0.554185