121,0,-0.336877,-0.389341,1.45862,-0.202369,0.210301,1.5573,0.828353,0.559838,0.0202968,0.194635,-0.253636,-0.947516,-0.525307,0.788828,-0.319065,104.986,11.2234,32.3812,0.560279,0.774767,0.243452,-0.162956
129,0,-0.336859,-0.391949,1.45845,-0.202369,0.210301,1.5573,0.824308,0.561927,0.0689496,0.231973,-0.224145,-0.946545,-0.516435,0.796239,-0.315117,103.322,13.4133,32.0674,0.566799,0.768695,0.258197,-0.145534
136,0,-0.337017,-0.392607,1.45872,-0.202369,0.210301,1.5573,0.817893,0.5701,0.0776938,0.234031,-0.206272,-0.950095,-0.525623,0.795259,-0.30213,102.249,13.5345,32.727,0.572165,0.76261,0.263612,-0.146841
144,0,-0.336744,-0.392084,1.45873,-0.202369,0.210301,1.5573,0.806409,0.587033,0.0713919,0.225191,-0.193208,-0.954966,-0.546803,0.78617,-0.287999,101.438,13.0141,34.1401,0.575587,0.756243,0.268506,-0.157162
150,0,-0.336126,-0.391481,1.45604,-0.202369,0.210301,1.5573,0.802439,0.593841,0.0586938,0.193262,-0.165566,-0.967077,-0.564572,0.787364,-0.247623,99.715,11.1432,35.1291,0.589332,0.744249,0.264395,-0.169929
158,0,-0.335201,-0.389814,1.45196,-0.202369,0.210301,1.5573,0.746876,0.661946,0.0632752,0.210479,-0.14507,-0.966775,-0.630774,0.735379,-0.247675,98.5339,12.1504,40.1828,0.581836,0.731372,0.298215,-0.193984
165,0,-0.334922,-0.390328,1.45057,-0.202369,0.210301,1.5573,0.688964,0.720974,0.0743274,0.261239,-0.151358,-0.953334,-0.676079,0.67623,-0.292627,99.0214,15.1436,44.4592,0.557893,0.730231,0.336268,-0.206014
174,0,-0.333887,-0.388703,1.44656,-0.202369,0.210301,1.5573,0.657745,0.750805,0.060527,0.255813,-0.147079,-0.955472,-0.708471,0.64394,-0.288807,98.7511,14.8218,47.1264,0.552689,0.723469,0.347844,-0.223902
180,0,-0.334571,-0.389552,1.4538,-0.202369,0.210301,1.5573,0.641103,0.767406,-0.00860746,0.136842,-0.125341,-0.982631,-0.755156,0.62879,-0.18537,97.2692,7.86512,49.6698,0.576713,0.698537,0.323622,-0.273344
188,0,-0.336636,-0.391054,1.46035,-0.202369,0.210301,1.5573,0.629524,0.776744,-0.0191825,0.0847466,-0.0931835,-0.992036,-0.772345,0.622885,-0.124488,95.3661,4.86145,50.8172,0.594107,0.679558,0.316931,-0.291192
195,0,-0.337691,-0.392204,1.46446,-0.202369,0.210301,1.5573,0.61206,0.789304,-0.0488121,0.0677535,-0.113836,-0.991187,-0.787904,0.603358,-0.123152,96.5516,3.88497,52.1592,0.586317,0.679899,0.315142,-0.307662
203,0,-0.337997,-0.393127,1.4675,-0.202369,0.210301,1.5573,0.591089,0.803187,-0.0741905,0.0610455,-0.13626,-0.988791,-0.804293,0.579935,-0.129573,97.8462,3.49983,53.6872,0.575599,0.681345,0.317105,-0.322334
212,0,-0.337746,-0.393036,1.46716,-0.202369,0.210301,1.5573,0.55414,0.829031,-0.0750759,0.0798393,-0.142706,-0.98654,-0.828586,0.540687,-0.145268,98.2309,4.57933,56.2263,0.56262,0.678623,0.334822,-0.332903
219,0,-0.337419,-0.392915,1.46534,-0.202369,0.210301,1.5573,0.518267,0.852079,-0.0732101,0.111422,-0.152149,-0.982057,-0.847929,0.500811,-0.173794,98.8067,6.39729,58.5661,0.545968,0.679009,0.354746,-0.339149
227,0,-0.336219,-0.392265,1.4611,-0.202369,0.210301,1.5573,0.47428,0.877734,-0.0681294,0.162406,-0.163289,-0.973119,-0.865264,0.450467,-0.219994,99.5255,9.34661,61.2714,0.522254,0.681462,0.381584,-0.342423
234,0,-0.334623,-0.390915,1.45501,-0.202369,0.210301,1.5573,0.42061,0.906191,-0.0436556,0.204541,-0.141598,-0.968562,-0.883884,0.398458,-0.244911,98.3174,11.8026,64.5518,0.508454,0.672146,0.413129,-0.344992
241,0,-0.335291,-0.392005,1.45569,-0.202369,0.210301,1.5573,0.375607,0.925902,-0.0402991,0.173765,-0.113069,-0.978275,-0.910343,0.360444,-0.203359,96.593,10.0068,67.579,0.514582,0.650391,0.422695,-0.365412
248,0,-0.335531,-0.392371,1.45614,-0.202369,0.210301,1.5573,0.368693,0.928002,-0.053645,0.1003,-0.0970898,-0.990209,-0.924124,0.359703,-0.128875,95.5999,5.75642,68.2497,0.534493,0.631399,0.407152,-0.387144
254,0,-0.330608,-0.387177,1.44086,-0.202369,0.210301,1.5573,0.402937,0.914672,-0.0319092,0.210952,-0.126743,-0.969245,-0.890585,0.383813,-0.244021,97.45,12.1782,65.6561,0.507979,0.665902,0.422594,-0.346333
261,0,-0.325735,-0.384878,1.42772,-0.202369,0.210301,1.5573,0.55866,0.829068,0.0233431,0.26386,-0.150977,-0.952672,-0.786306,0.538379,-0.303103,99.0052,15.2992,54.6067,0.525495,0.709355,0.385184,-0.268893
268,0,-0.323179,-0.382264,1.42194,-0.202369,0.210301,1.5573,0.564578,0.825217,0.0163788,0.257787,-0.157446,-0.953287,-0.784091,0.542427,-0.30162,99.3784,14.9388,54.2446,0.525717,0.711274,0.380656,-0.269837
275,0,-0.32231,-0.380987,1.41744,-0.202369,0.210301,1.5573,0.517593,0.85562,-0.0034587,0.236443,-0.146915,-0.960474,-0.822309,0.496317,-0.278348,98.6966,13.6767,57.8121,0.522573,0.696932,0.39174,-0.296215
282,0,-0.323666,-0.379105,1.41168,-0.202369,0.210301,1.5573,0.336189,0.935491,-0.108784,0.149825,-0.167161,-0.974479,-0.929801,0.311311,-0.196358,99.7337,8.61681,70.1215,0.49312,0.651864,0.416236,-0.398313
289,0,-0.326262,-0.377198,1.40863,-0.202369,0.210301,1.5573,0.0730667,0.972308,-0.221988,0.0389649,-0.225196,-0.973534,-0.996566,0.0624832,-0.0543402,103.024,2.23309,85.8067,0.445402,0.581507,0.434764,-0.523877
297,0,-0.324921,-0.375742,1.40409,-0.202369,0.210301,1.5573,0.0374475,0.97372,-0.224647,0.0234057,-0.225598,-0.973939,-0.999024,0.0312136,-0.0312387,103.042,1.34117,87.8533,0.441761,0.568833,0.438233,-0.537799
303,0,-0.323673,-0.373871,1.39756,-0.202369,0.210301,1.5573,0.0293168,0.975556,-0.217786,0.0300299,-0.218641,-0.975343,-0.999119,0.0220539,-0.0357058,102.635,1.72085,88.3193,0.440162,0.566494,0.443776,-0.537033
311,0,-0.321947,-0.372298,1.39147,-0.202369,0.210301,1.5573,0.0259114,0.978308,-0.205528,0.0217654,-0.206101,-0.978289,-0.999427,0.0208755,-0.0266336,101.897,1.24716,88.5149,0.445302,0.560947,0.445708,-0.537019
317,0,-0.319799,-0.370763,1.38447,-0.202369,0.210301,1.5573,-0.0238863,0.980089,-0.197116,0.0304503,-0.196368,-0.980057,-0.999251,-0.0294122,-0.0251535,101.33,1.74494,91.3693,0.434336,0.547183,0.461701,-0.546603
326,0,-0.31885,-0.369263,1.37866,-0.202369,0.210301,1.5573,-0.0831796,0.978421,-0.18914,0.039018,-0.186455,-0.981688,-0.99577,-0.0890363,-0.0226668,100.754,2.23613,94.775,0.420624,0.530552,0.479425,-0.558338
332,0,-0.317779,-0.367823,1.37353,-0.202369,0.210301,1.5573,-0.205705,0.961681,-0.181258,0.0316031,-0.178595,-0.983415,-0.978104,-0.208021,0.00634577,100.293,1.81102,101.877,0.394349,0.491565,0.505164,-0.589628
341,0,-0.315932,-0.366031,1.36341,-0.202369,0.210301,1.5573,-0.220392,0.955387,-0.196629,0.0338927,-0.193963,-0.980423,-0.974822,-0.222741,0.0103672,101.191,1.94228,102.739,0.386009,0.490715,0.503999,-0.596809
349,0,-0.312875,-0.363679,1.34926,-0.202369,0.210301,1.5573,-0.276445,0.929705,-0.243367,0.0625395,-0.235295,-0.96991,-0.958993,-0.283347,0.00690295,103.636,3.58559,106.08,0.351839,0.487839,0.50849,-0.616166
358,0,-0.311455,-0.361788,1.34283,-0.202369,0.210301,1.5573,-0.26673,0.934619,-0.23525,0.0570748,-0.228347,-0.971905,-0.96208,-0.272663,0.00756379,103.222,3.27192,105.496,0.357941,0.488378,0.507646,-0.612911
366,0,-0.309907,-0.360111,1.33619,-0.202369,0.210301,1.5573,-0.249656,0.940531,-0.230378,0.046574,-0.225973,-0.97302,-0.967214,-0.25365,0.0126112,103.075,2.66946,104.473,0.366395,0.490843,0.50276,-0.609967
372,0,-0.308679,-0.359081,1.33144,-0.202369,0.210301,1.5573,-0.240054,0.946848,-0.214132,0.0381359,-0.211213,-0.976696,-0.97001,-0.242626,0.0145939,102.202,2.18555,103.9,0.375275,0.489021,0.503549,-0.605364
381,0,-0.307306,-0.357835,1.32272,-0.202369,0.210301,1.5573,-0.235588,0.948739,-0.210693,0.0159355,-0.212995,-0.976923,-0.971722,-0.233509,0.0350606,102.3,0.913074,103.628,0.382909,0.485373,0.496873,-0.609025
389,0,-0.305023,-0.355315,1.31131,-0.202369,0.210301,1.5573,-0.22201,0.956434,-0.189592,-0.0576029,-0.20697,-0.97665,-0.973341,-0.205905,0.101043,101.965,-3.30223,102.849,0.409897,0.470084,0.478016,-0.618471
396,0,-0.302614,-0.352596,1.30162,-0.202369,0.210301,1.5573,-0.177328,0.965869,-0.188818,-0.0866204,-0.206432,-0.974619,-0.980332,-0.156472,0.12027,101.959,-4.96921,100.253,0.429101,0.476664,0.461147,-0.613195
403,0,-0.300367,-0.350776,1.29323,-0.202369,0.210301,1.5573,-0.156132,0.973888,-0.164818,-0.0930681,-0.180627,-0.979139,-0.983342,-0.137536,0.11884,100.452,-5.34014,99.022,0.442177,0.475829,0.462781,-0.603241
412,0,-0.298091,-0.348841,1.28024,-0.202369,0.210301,1.5573,-0.127551,0.977395,-0.168612,-0.13831,-0.185867,-0.972792,-0.982141,-0.10076,0.158891,100.817,-7.95006,97.3996,0.459748,0.47419,0.442378,-0.606694
420,0,-0.296726,-0.347444,1.27283,-0.202369,0.210301,1.5573,-0.102138,0.980072,-0.170375,-0.165838,-0.185649,-0.96852,-0.980849,-0.0706679,0.181495,100.851,-9.54594,95.9449,0.472681,0.474873,0.428659,-0.60607
428,0,-0.294039,-0.345032,1.26226,-0.202369,0.210301,1.5573,-0.0899035,0.979597,-0.179742,-0.196679,-0.194381,-0.961006,-0.976337,-0.0510463,0.210142,101.435,-11.3428,95.2611,0.481107,0.472847,0.413938,-0.611234
435,0,-0.291127,-0.342734,1.25082,-0.202369,0.210301,1.5573,-0.0858583,0.979597,-0.181709,-0.228558,-0.196885,-0.953414,-0.969737,-0.0403274,0.240799,101.668,-13.2122,95.0596,0.489402,0.46643,0.402547,-0.617159
443,0,-0.289678,-0.340544,1.24211,-0.202369,0.210301,1.5573,-0.0595564,0.979575,-0.192059,-0.181039,-0.199809,-0.962965,-0.981671,-0.0225805,0.189241,101.722,-10.4303,93.4718,0.48215,0.487599,0.409422,-0.60179
450,0,-0.287889,-0.338515,1.22991,-0.202369,0.210301,1.5573,-0.078485,0.977671,-0.194935,-0.225909,-0.207893,-0.951707,-0.970982,-0.0306571,0.237181,102.322,-13.0563,94.6212,0.487546,0.472289,0.397935,-0.617163
457,0,-0.285726,-0.337815,1.22114,-0.202369,0.210301,1.5573,-0.104318,0.976017,-0.191073,-0.354152,-0.215983,-0.909906,-0.929352,-0.0272505,0.368189,103.353,-20.7415,96.4045,0.511832,0.431125,0.360606,-0.649709
465,0,-0.284111,-0.33706,1.21362,-0.202369,0.210301,1.5573,-0.111118,0.976412,-0.185129,-0.434052,-0.215258,-0.874793,-0.894009,-0.0168498,0.447733,103.824,-25.725,97.0851,0.529471,0.405095,0.334712,-0.665978
473,0,-0.282568,-0.335564,1.20573,-0.202369,0.210301,1.5573,-0.127424,0.975011,-0.18198,-0.441151,-0.220042,-0.870039,-0.888341,-0.0305836,0.458166,104.193,-26.1773,98.1629,0.526949,0.398262,0.335118,-0.671869
480,0,-0.280815,-0.332646,1.19559,-0.202369,0.210301,1.5573,-0.150567,0.976868,-0.15185,-0.412392,-0.201662,-0.888406,-0.898478,-0.0711435,0.433216,102.789,-24.3552,99.5133,0.519853,0.393026,0.359058,-0.668103
488,0,-0.278592,-0.329655,1.18519,-0.202369,0.210301,1.5573,-0.162059,0.975829,-0.146612,-0.374632,-0.198295,-0.905721,-0.912901,-0.0918547,0.397712,102.349,-22.0016,100.066,0.509254,0.399538,0.376182,-0.66296
496,0,-0.274739,-0.325769,1.17035,-0.202369,0.210301,1.5573,-0.1481,0.982788,-0.110428,-0.263244,-0.146806,-0.953494,-0.953294,-0.112143,0.280455,98.7529,-15.2626,98.8306,0.496374,0.423748,0.424511,-0.627567
503,0,-0.271501,-0.321597,1.15847,-0.202369,0.210301,1.5573,-0.148858,0.985612,-0.080069,-0.181209,-0.106789,-0.97763,-0.972114,-0.131018,0.194498,96.2338,-10.4402,98.7059,0.484472,0.436873,0.460318,-0.60211
510,0,-0.268475,-0.318679,1.14884,-0.202369,0.210301,1.5573,-0.18268,0.98198,-0.0484123,-0.140781,-0.0748598,-0.987207,-0.973041,-0.173527,0.15192,94.3364,-8.09304,100.633,0.472858,0.430192,0.488851,-0.593603
518,0,-0.26449,-0.315286,1.13463,-0.202369,0.210301,1.5573,-0.197031,0.979512,-0.0416506,-0.118781,-0.0660202,-0.990723,-0.973175,-0.190255,0.129355,93.8125,-6.82173,101.445,0.465377,0.43001,0.500414,-0.590001
525,0,-0.261774,-0.313603,1.12374,-0.202369,0.210301,1.5573,-0.18102,0.983228,-0.0222508,-0.14025,-0.0482012,-0.988942,-0.973428,-0.175898,0.146623,92.7904,-8.06232,100.534,0.478906,0.424428,0.496537,-0.586482
534,0,-0.260362,-0.311531,1.11535,-0.202369,0.210301,1.5573,-0.168033,0.985343,-0.0293973,-0.147542,-0.0546238,-0.987546,-0.974677,-0.161603,0.154558,93.166,-8.48452,99.7816,0.482675,0.427794,0.489605,-0.586774
542,0,-0.259454,-0.309524,1.10768,-0.202369,0.210301,1.5573,-0.187939,0.981437,-0.0382235,-0.142545,-0.0657601,-0.987601,-0.971782,-0.18016,0.152258,93.8095,-8.19516,100.946,0.473962,0.4259,0.492423,-0.592865
549,0,-0.256086,-0.302597,1.08486,-0.202369,0.210301,1.5573,-0.455205,0.889368,0.0425777,-0.0925624,0.00029236,-0.995707,-0.885562,-0.457192,0.082189,89.9832,-5.31104,117.204,0.396004,0.339968,0.585941,-0.6199
557,0,-0.254658,-0.300397,1.07614,-0.202369,0.210301,1.5573,-0.522207,0.851421,0.0488106,-0.0804031,0.00782693,-0.996732,-0.84902,-0.524424,0.0643697,89.5501,-4.61174,121.594,0.370807,0.318432,0.605323,-0.628241
564,0,-0.253625,-0.299379,1.07236,-0.202369,0.210301,1.5573,-0.50812,0.860374,0.0396389,-0.0835406,-0.00342697,-0.996498,-0.857225,-0.509652,0.0736174,90.197,-4.79211,120.657,0.374857,0.324688,0.598138,-0.629516
573,0,-0.251228,-0.297357,1.06194,-0.202369,0.210301,1.5573,-0.418493,0.908209,0.00440453,-0.0820825,-0.032992,-0.996079,-0.904503,-0.417214,0.088355,91.8971,-4.70828,114.829,0.399021,0.362679,0.569462,-0.620451
580,0,-0.245741,-0.291918,1.04079,-0.202369,0.210301,1.5573,-0.492558,0.86948,-0.0372996,-0.054761,-0.0737394,-0.995773,-0.868555,-0.488433,0.0839345,94.2352,-3.13914,119.558,0.359735,0.352579,0.577686,-0.642307
588,0,-0.244404,-0.290446,1.03152,-0.202369,0.210301,1.5573,-0.455959,0.889162,-0.0386254,-0.0646861,-0.0763929,-0.994977,-0.887647,-0.451171,0.0923484,94.3905,-3.70883,117.188,0.374164,0.363347,0.567278,-0.637319
596,0,-0.243042,-0.288981,1.02383,-0.202369,0.210301,1.5573,-0.44556,0.894635,-0.0332208,-0.0778196,-0.0756709,-0.994092,-0.891863,-0.440342,0.103336,94.353,-4.46325,116.546,0.381479,0.362896,0.562706,-0.637293
604,0,-0.239773,-0.284963,1.00802,-0.202369,0.210301,1.5573,-0.381624,0.924015,-0.0236427,-0.0662702,-0.0528648,-0.9964,-0.921939,-0.378683,0.0814092,93.037,-3.79979,112.486,0.402157,0.384003,0.558424,-0.615609
611,0,-0.236373,-0.281651,0.995197,-0.202369,0.210301,1.5573,-0.418299,0.908225,-0.0123357,-0.0662162,-0.0440362,-0.996833,-0.905892,-0.416158,0.0785596,92.5295,-3.79669,114.785,0.3925,0.369857,0.569145,-0.620664
619,0,-0.233655,-0.278618,0.984451,-0.202369,0.210301,1.5573,-0.404786,0.914284,-0.0152654,-0.0484331,-0.0381079,-0.998099,-0.913128,-0.403277,0.0597072,92.1865,-2.7761,113.908,0.392687,0.378687,0.571614,-0.612903
627,0,-0.228593,-0.274621,0.973468,-0.202369,0.210301,1.5573,-0.362363,0.930659,0.0506704,-0.0348393,0.0408023,-0.99856,-0.931386,-0.363607,0.0176382,87.6601,-1.99655,111.259,0.417156,0.380525,0.588542,-0.578619
634,0,-0.226766,-0.271799,0.965171,-0.202369,0.210301,1.5573,-0.372347,0.926354,0.0568045,-0.017361,0.0542427,-0.998377,-0.927931,-0.372729,-0.00411464,86.8901,-0.994765,111.864,0.411637,0.379975,0.59806,-0.573147
642,0,-0.224146,-0.268742,0.954382,-0.202369,0.210301,1.5573,-0.38534,0.921893,0.0403216,0.004421,0.0455399,-0.998953,-0.922764,-0.384758,-0.021624,87.3898,0.253305,112.665,0.399555,0.384299,0.602599,-0.574059
651,0,-0.221134,-0.265442,0.94283,-0.202369,0.210301,1.5573,-0.43579,0.899182,0.0394812,0.017488,0.0523166,-0.998477,-0.899878,-0.434436,-0.038524,87.0007,1.00204,115.84,0.380132,0.370951,0.617784,-0.57986
658,0,-0.215866,-0.263423,0.926306,-0.202369,0.210301,1.5573,-0.381184,0.924467,-0.00773512,0.00633246,-0.00575576,-0.999963,-0.924478,-0.381219,-0.00366015,90.3298,0.362826,112.408,0.39032,0.396305,0.587173,-0.588064
667,0,-0.214499,-0.260452,0.916279,-0.202369,0.210301,1.5573,-0.362494,0.931938,-0.00943313,0.00548618,-0.00798763,-0.999953,-0.93197,-0.362529,-0.00221732,90.4577,0.314337,111.254,0.396012,0.402402,0.582392,-0.584864
677,0,-0.212623,-0.258327,0.908418,-0.202369,0.210301,1.5573,-0.360793,0.932634,0.00473216,0.0212239,0.0132829,-0.999687,-0.932405,-0.360579,-0.0245865,89.2388,1.21613,111.154,0.396202,0.403271,0.591325,-0.575092
685,0,-0.211226,-0.257306,0.9053,-0.202369,0.210301,1.5573,-0.349464,0.936795,-0.0170128,0.0428361,-0.00216426,-0.99908,-0.93597,-0.349871,-0.0393723,90.1241,2.45508,110.474,0.390192,0.415955,0.588785,-0.572769
693,0,-0.208715,-0.253728,0.88971,-0.202369,0.210301,1.5573,-0.362311,0.929302,-0.071618,0.13067,-0.0254358,-0.9911,-0.922852,-0.368444,-0.112216,91.4701,7.50828,111.435,0.353567,0.440267,0.601891,-0.564697
701,0,-0.205797,-0.250185,0.879168,-0.202369,0.210301,1.5573,-0.392511,0.917592,-0.062925,0.129971,-0.0123926,-0.99144,-0.910518,-0.39733,-0.114396,90.7161,7.46792,113.32,0.346663,0.42845,0.611252,-0.568002
709,0,-0.202952,-0.246422,0.866742,-0.202369,0.210301,1.5573,-0.407555,0.909352,-0.0835389,0.157178,-0.0202614,-0.987362,-0.899552,-0.415535,-0.134672,91.1756,9.04311,114.374,0.330723,0.432255,0.61684,-0.568582
716,0,-0.200502,-0.242686,0.854628,-0.202369,0.210301,1.5573,-0.389591,0.917752