294,0,0.00124711,0.00134751,0.499934,0,0,0,0.828026,0.560192,0.0236317,0.210946,-0.272198,-0.938834,-0.519495,0.782364,-0.343557,106.169,12.1778,32.1037,0.550516,0.78163,0.246644,-0.158599
300,1,0.00295835,0.00280571,0.500142,0,0,0,0.827761,0.560612,0.022933,0.210262,-0.272046,-0.939032,-0.520193,0.782116,-0.343064,106.157,12.1377,32.1467,0.550602,0.781484,0.246606,-0.159076
306,1,0.00229741,0.000434472,0.501671,0,0,0,0.827419,0.56109,0.023566,0.211299,-0.272165,-0.938765,-0.520318,0.781731,-0.343752,106.168,12.1985,32.1635,0.550341,0.781559,0.247067,-0.158898
312,1,7.97722e-05,-0.00494212,0.504249,0,0,0,0.826353,0.562566,0.0256971,0.213926,-0.27137,-0.9384,-0.520939,0.780946,-0.344595,106.129,12.3525,32.2276,0.550088,0.781396,0.248431,-0.158448
318,1,0.00181607,-0.00853609,0.508757,0,0,0,0.825244,0.564184,0.025854,0.215351,-0.272019,-0.937886,-0.522107,0.779552,-0.34598,106.174,12.4361,32.3203,0.549373,0.781544,0.249357,-0.158741
324,1,0.00196218,-0.0140295,0.513862,0,0,0,0.823853,0.566157,0.0270689,0.217842,-0.272184,-0.937262,-0.52327,0.778063,-0.347573,106.193,12.5823,32.4217,0.548656,0.781602,0.250767,-0.158713
331,1,0.00223145,-0.0179007,0.517568,0,0,0,0.823074,0.567259,0.0276855,0.219487,-0.272752,-0.936713,-0.523808,0.777061,-0.349001,106.234,12.6789,32.4728,0.548024,0.781797,0.251583,-0.158648
337,1,0.0025973,-0.0206888,0.520352,0,0,0,0.822423,0.568181,0.0281208,0.220686,-0.273094,-0.936332,-0.524327,0.776266,-0.349989,106.26,12.7494,32.5191,0.547572,0.781906,0.252226,-0.158653
343,1,0.00371985,-0.0208286,0.521258,0,0,0,0.822671,0.567859,0.0273626,0.220433,-0.274242,-0.936056,-0.524044,0.776097,-0.350786,106.329,12.7345,32.4973,0.547184,0.782256,0.251929,-0.158734
349,1,0.00592085,-0.0197398,0.522136,0,0,0,0.822563,0.568064,0.0263217,0.21974,-0.274813,-0.936051,-0.524503,0.775745,-0.350878,106.362,12.6938,32.5234,0.547008,0.782345,0.251744,-0.159195
356,1,0.00885989,-0.020556,0.525417,0,0,0,0.821915,0.569044,0.0254098,0.219836,-0.275742,-0.935755,-0.525479,0.774697,-0.351733,106.419,12.6994,32.5922,0.546452,0.782526,0.25203,-0.159761
362,1,0.0119827,-0.0185303,0.526216,0,0,0,0.821624,0.569523,0.0240353,0.218768,-0.276109,-0.935898,-0.526379,0.774214,-0.351451,106.437,12.6367,32.646,0.546366,0.782493,0.251852,-0.160495
369,1,0.0142477,-0.016159,0.52597,0,0,0,0.821688,0.569481,0.0227909,0.21759,-0.276492,-0.936059,-0.526766,0.774108,-0.351104,106.456,12.5675,32.663,0.546373,0.78251,0.251457,-0.161013
376,1,0.0166169,-0.0135206,0.525527,0,0,0,0.821621,0.569625,0.0215979,0.216357,-0.276569,-0.936322,-0.527379,0.773974,-0.350478,106.456,12.4952,32.6955,0.546483,0.782411,0.251141,-0.16161
382,1,0.0178665,-0.013179,0.526161,0,0,0,0.821688,0.569557,0.0208402,0.215993,-0.277353,-0.936174,-0.527424,0.773744,-0.350918,106.503,12.4738,32.6956,0.546218,0.782617,0.250937,-0.161824
388,1,0.0174909,-0.0145971,0.526781,0,0,0,0.821333,0.57005,0.0213157,0.216681,-0.277194,-0.936062,-0.527694,0.773438,-0.351188,106.496,12.5142,32.7201,0.546111,0.782578,0.251327,-0.161766
395,1,0.0153644,-0.0158442,0.525731,0,0,0,0.821611,0.56962,0.0221032,0.217232,-0.277013,-0.935988,-0.527035,0.77382,-0.351337,106.487,12.5465,32.6788,0.546182,0.782618,0.251353,-0.161296
401,1,0.0163241,-0.0167529,0.527146,0,0,0,0.821223,0.570187,0.0219065,0.21752,-0.277333,-0.935826,-0.527521,0.773287,-0.35178,106.507,12.5634,32.7151,0.545919,0.782677,0.251607,-0.161502
407,1,0.0171962,-0.0168209,0.527867,0,0,0,0.821106,0.570371,0.021491,0.217441,-0.277771,-0.935715,-0.527736,0.772994,-0.352101,106.534,12.5588,32.7294,0.545718,0.78278,0.251607,-0.161682
414,1,0.0187793,-0.0148912,0.527426,0,0,0,0.821389,0.570003,0.0204278,0.216433,-0.278349,-0.935777,-0.52771,0.773058,-0.352,106.565,12.4996,32.7192,0.545674,0.782901,0.251129,-0.161988
421,1,0.0192198,-0.0157974,0.528745,0,0,0,0.821234,0.570229,0.0203172,0.216763,-0.278845,-0.935553,-0.527814,0.772712,-0.352602,106.597,12.519,32.7292,0.545387,0.783052,0.251258,-0.162025
427,1,0.017821,-0.018842,0.530515,0,0,0,0.82109,0.570407,0.0211362,0.218117,-0.279326,-0.935095,-0.52748,0.772407,-0.353767,106.632,12.5985,32.7173,0.544976,0.783292,0.25167,-0.161608
434,1,0.0184459,-0.0200102,0.532423,0,0,0,0.82086,0.570744,0.0209758,0.218573,-0.280003,-0.934786,-0.52765,0.771913,-0.354592,106.675,12.6252,32.733,0.544579,0.783495,0.251858,-0.161671
440,1,0.0177229,-0.0213848,0.533314,0,0,0,0.820725,0.570922,0.0214034,0.219233,-0.28012,-0.934596,-0.527586,0.771739,-0.355067,106.685,12.664,32.7341,0.544412,0.783567,0.252102,-0.161499
446,1,0.0174936,-0.0233207,0.534855,0,0,0,0.820469,0.571276,0.0217607,0.220064,-0.280468,-0.934296,-0.527638,0.77135,-0.355832,106.709,12.7128,32.7448,0.544098,0.783704,0.252436,-0.161374
453,1,0.0187583,-0.0220493,0.534778,0,0,0,0.820421,0.571369,0.0211466,0.219459,-0.280535,-0.934419,-0.527965,0.771258,-0.355548,106.711,12.6772,32.7625,0.544136,0.783662,0.252286,-0.161683
459,1,0.0199846,-0.0201129,0.533848,0,0,0,0.820951,0.570646,0.02006,0.218345,-0.28127,-0.934458,-0.527602,0.771525,-0.355507,106.752,12.6119,32.7277,0.544099,0.783857,0.251637,-0.161873
465,1,0.0201659,-0.0208577,0.53437,0,0,0,0.821547,0.569809,0.0194507,0.21828,-0.282833,-0.934002,-0.526701,0.771572,-0.356738,106.847,12.608,32.6643,0.543594,0.784398,0.251176,-0.161669
471,1,0.017073,-0.0225893,0.532933,0,0,0,0.822852,0.567907,0.0199103,0.21872,-0.284181,-0.933489,-0.524477,0.772478,-0.358052,106.932,12.6339,32.513,0.543282,0.785029,0.250509,-0.160684
478,1,0.012884,-0.0255089,0.531538,0,0,0,0.823698,0.566625,0.0213784,0.219958,-0.284547,-0.933087,-0.522628,0.773285,-0.359015,106.959,12.7066,32.3947,0.543171,0.785376,0.250384,-0.159557
484,1,0.00823192,-0.0276729,0.529318,0,0,0,0.824454,0.565456,0.0231439,0.221101,-0.284189,-0.932926,-0.520951,0.774272,-0.359324,106.942,12.7737,32.2877,0.543356,0.785488,0.25034,-0.158439
490,1,0.00879879,-0.02829,0.530376,0,0,0,0.824306,0.565677,0.0230205,0.221359,-0.284607,-0.932737,-0.521076,0.773956,-0.359821,106.969,12.7889,32.2986,0.543111,0.78561,0.250454,-0.158493
496,1,0.00568365,-0.0305447,0.529573,0,0,0,0.824715,0.565027,0.0242895,0.222452,-0.284607,-0.932477,-0.519962,0.774431,-0.360411,106.973,12.8531,32.2304,0.543069,0.785769,0.250544,-0.157703
503,1,0.00476897,-0.0315815,0.529825,0,0,0,0.825422,0.563998,0.0241704,0.222671,-0.285941,-0.932017,-0.518744,0.77469,-0.361608,107.056,12.8659,32.1477,0.542649,0.786284,0.250122,-0.15725
509,1,0.00192294,-0.032709,0.52836,0,0,0,0.826329,0.562639,0.0248491,0.223098,-0.286506,-0.931741,-0.517114,0.775469,-0.362271,107.092,12.891,32.0382,0.542575,0.786624,0.249718,-0.156449
516,1,-0.00144216,-0.0373391,0.529609,0,0,0,0.827378,0.561059,0.0256641,0.224657,-0.288724,-0.930682,-0.514757,0.775791,-0.364929,107.235,12.9827,31.888,0.541693,0.787564,0.249413,-0.155255
522,1,-0.00344628,-0.0370177,0.527661,0,0,0,0.828431,0.559499,0.0257403,0.224354,-0.289383,-0.93055,-0.513193,0.776671,-0.365259,107.275,12.9649,31.7772,0.541708,0.787889,0.24872,-0.154671
529,1,-0.00546378,-0.0374423,0.526307,0,0,0,0.829117,0.558462,0.0261937,0.224495,-0.289655,-0.930431,-0.512023,0.777316,-0.36553,107.292,12.9732,31.6975,0.541741,0.788083,0.248374,-0.154117
535,1,-0.0071058,-0.0380987,0.52539,0,0,0,0.829633,0.557673,0.0266404,0.224759,-0.289927,-0.930283,-0.51107,0.777781,-0.365875,107.31,12.9887,31.6339,0.541718,0.788263,0.248151,-0.153638
542,1,-0.00716426,-0.0345958,0.522339,0,0,0,0.830525,0.556379,0.0259079,0.223238,-0.289899,-0.930657,-0.510287,0.778718,-0.364973,107.302,12.8993,31.5672,0.542138,0.788257,0.24726,-0.153624
548,1,-0.00829621,-0.0374099,0.523963,0,0,0,0.830395,0.556537,0.0266635,0.224475,-0.290366,-0.930214,-0.509957,0.77843,-0.366047,107.336,12.972,31.5546,0.541752,0.788481,0.247632,-0.153235
555,1,-0.0104579,-0.0377917,0.522195,0,0,0,0.830531,0.55628,0.0277714,0.224916,-0.289352,-0.930424,-0.509541,0.778992,-0.365432,107.275,12.998,31.5296,0.542159,0.788244,0.247765,-0.152798
562,1,-0.00879927,-0.0341512,0.520396,0,0,0,0.830774,0.555965,0.0268071,0.223375,-0.288901,-0.930935,-0.509822,0.779384,-0.3642,107.241,12.9074,31.5363,0.542603,0.788016,0.247248,-0.153238
568,1,-0.010471,-0.0348839,0.519625,0,0,0,0.830932,0.555687,0.0276282,0.223863,-0.288461,-0.930954,-0.50935,0.779745