105,0,-0.336085,-0.392899,1.46017,-nan,-nan,-nan,0.830887,0.556188,0.0167852,0.183308,-0.245112,-0.952008,-0.52538,0.794088,-0.305614,104.438,10.5625,32.3057,0.565721,0.771624,0.239591,-0.164781
113,0,-0.337517,-0.391245,1.46544,-nan,-nan,-nan,0.830902,0.556015,0.0211877,0.167493,-0.213624,-0.96245,-0.530611,0.803251,-0.270629,102.514,9.6421,32.5621,0.580226,0.760782,0.237752,-0.167401
121,0,-0.339104,-0.39017,1.47014,-nan,-nan,-nan,0.834606,0.550149,0.0277433,0.15712,-0.189483,-0.969231,-0.527964,0.813285,-0.244583,101.062,9.03979,32.3171,0.591722,0.753106,0.234784,-0.166053
129,0,-0.340091,-0.390155,1.47406,-nan,-nan,-nan,0.836141,0.547696,0.0299575,0.15356,-0.181301,-0.971365,-0.526582,0.816798,-0.235698,100.572,8.8333,32.2018,0.595639,0.750523,0.233589,-0.165426
136,0,-0.341442,-0.391857,1.48077,-nan,-nan,-nan,0.842438,0.537806,0.0325845,0.151565,-0.178514,-0.972194,-0.517035,0.823952,-0.2319,100.405,8.71765,31.539,0.598336,0.750475,0.229645,-0.161381
144,0,-0.342124,-0.3936,1.48723,-nan,-nan,-nan,0.843299,0.536451,0.032662,0.152648,-0.180806,-0.971601,-0.515311,0.824336,-0.234362,100.542,8.78043,31.4276,0.597522,0.75141,0.229269,-0.160581
152,0,-0.341431,-0.395754,1.49418,-nan,-nan,-nan,0.835941,0.547826,0.0329936,0.159595,-0.18513,-0.969668,-0.525102,0.815851,-0.242188,100.809,9.18338,32.1352,0.593427,0.752207,0.235115,-0.163555
159,0,-0.32225,-0.398143,1.50058,-nan,-nan,-nan,0.800585,0.598554,0.02823,0.175736,-0.189492,-0.966028,-0.57287,0.778348,-0.256892,101.098,10.1215,35.5862,0.581851,0.749495,0.258271,-0.181669
167,0,-0.306363,-0.401125,1.51051,-0.387978,-0.306967,2.22231,0.778192,0.62777,0.017932,0.186254,-0.203427,-0.961211,-0.599772,0.751347,-0.27523,101.95,10.7343,37.6223,0.569986,0.751141,0.27093,-0.193652
174,0,-0.297835,-0.402628,1.51723,-0.387978,-0.306967,2.22231,0.778319,0.627322,0.0262109,0.196453,-0.203665,-0.959128,-0.596344,0.751657,-0.281755,101.988,11.3296,37.4591,0.568529,0.752286,0.273757,-0.189467
181,0,-0.288734,-0.406047,1.52911,-0.387978,-0.306967,2.22231,0.778408,0.627758,0.00102439,0.183431,-0.225889,-0.956727,-0.600362,0.744912,-0.290984,103.285,10.5696,37.6419,0.56159,0.757509,0.267716,-0.197799
189,0,-0.280474,-0.411946,1.5509,-0.387978,-0.306967,2.22231,0.791868,0.607871,-0.05864,0.137268,-0.270734,-0.952817,-0.595066,0.746456,-0.297826,105.862,7.88977,36.9238,0.553016,0.768184,0.2425,-0.212744
197,0,-0.267992,-0.414484,1.55527,-0.387978,-0.306967,2.22231,0.82444,0.56326,0.0551111,0.227043,-0.239972,-0.943856,-0.518411,0.790665,-0.325727,104.265,13.1231,32.1618,0.560968,0.773004,0.255595,-0.149837
204,0,-0.259055,-0.415789,1.5668,-0.387978,-0.306967,2.22231,0.825444,0.561912,0.0538194,0.228466,-0.245379,-0.942121,-0.516183,0.789964,-0.330925,104.599,13.2068,32.0194,0.558825,0.774879,0.255001,-0.149173
210,0,-0.250799,-0.41652,1.57978,-0.387978,-0.306967,2.22231,0.824258,0.563123,0.0590902,0.208067,-0.204177,-0.956567,-0.5266,0.800752,-0.285462,102.049,12.0091,32.5736,0.577628,0.760575,0.253489,-0.15367
218,0,-0.240321,-0.414827,1.58609,-0.387978,-0.306967,2.22231,0.861859,0.506737,0.0204083,0.13954,-0.198257,-0.970166,-0.487573,0.838994,-0.241579,101.55,8.02121,29.4978,0.596243,0.758567,0.212993,-0.153963
225,0,-0.228579,-0.413641,1.58361,-0.387978,-0.306967,2.22231,0.870024,0.49298,-0.00527777,0.109428,-0.203538,-0.972933,-0.480711,0.845898,-0.231029,101.816,6.28236,28.9218,0.599053,0.759044,0.19841,-0.160066
233,0,-0.218218,-0.414608,1.58672,-0.387978,-0.306967,2.22231,0.890987,0.454015,0.00353313,0.103935,-0.196382,-0.975003,-0.441973,0.869083,-0.222162,101.388,5.96583,26.3836,0.606721,0.759857,0.183571,-0.144251
240,0,-0.207895,-0.415669,1.59077,-0.387978,-0.306967,2.22231,0.911926,0.410345,-0.00261944,0.0911285,-0.208734,-0.973717,-0.400107,0.88772,-0.227744,102.099,5.22853,23.6894,0.60734,0.766225,0.163618,-0.1314
246,0,-0.198115,-0.417611,1.59793,-0.387978,-0.306967,2.22231,0.939981,0.341135,0.00789397,0.0850588,-0.211846,-0.973594,-0.330455,0.915832,-0.228148,102.276,4.87941,19.3694,0.61237,0.771358,0.138131,-0.104543
254,0,-0.187722,-0.419409,1.60367,-0.387978,-0.306967,2.22231,0.954606,0.297795,0.00667783,0.0764882,-0.223399,-0.971721,-0.287882,0.928122,-0.236036,102.947,4.38674,16.7818,0.611386,0.776859,0.120448,-0.090494
261,0,-0.177413,-0.42104,1.60872,-0.387978,-0.306967,2.22231,0.966606,0.256114,0.00890276,0.0700331,-0.230577,-0.970531,-0.246514,0.938744,-0.240813,103.364,4.01589,14.3072,0.611395,0.780704,0.10444,-0.0760888
268,0,-0.166968,-0.423393,1.61552,-0.387978,-0.306967,2.22231,0.979216,0.202733,0.00600081,0.0579058,-0.251089,-0.96623,-0.194381,0.946495,-0.257609,104.567,3.31962,11.2276,0.606324,0.788656,0.0826213,-0.0597154
275,0,-0.15723,-0.425886,1.62448,-0.387978,-0.306967,2.22231,0.989119,0.146418,0.0143164,0.0528423,-0.262774,-0.963409,-0.137298,0.953683,-0.267652,105.257,3.02905,7.90265,0.603882,0.793654,0.0627667,-0.0387391
282,0,-0.147419,-0.438007,1.63247,-0.387978,-0.306967,2.22231,0.992867,0.119164,-0.00390968,0.0262512,-0.250476,-0.967767,-0.116302,0.960761,-0.251817,104.511,1.50426,6.68105,0.610445,0.789804,0.0460289,-0.0380512
290,0,-0.136107,-0.450053,1.63573,-0.387978,-0.306967,2.22231,0.997033,0.0769524,0.00202404,0.0203638,-0.238304,-0.970977,-0.0742366,0.968137,-0.239164,103.789,1.16684,4.25825,0.616353,0.786527,0.0309322,-0.022953
297,0,-0.124205,-0.462484,1.63879,-0.387978,-0.306967,2.22231,0.998274,0.0579673,0.00942326,0.0237829,-0.25232,-0.967352,-0.0536971,0.965906,-0.253263,104.619,1.36279,3.07897,0.610879,0.791179,0.0258318,-0.0139898
304,0,-0.113781,-0.474679,1.64131,-0.387978,-0.306967,2.22231,0.99958,0.0277574,0.00827582,0.0152271,-0.260531,-0.965345,-0.0246394,0.965066,-0.260845,105.103,0.872482,1.41204,0.607907,0.793876,0.0135363,-0.00515307
311,0,-0.102681,-0.488621,1.64914,-0.387978,-0.306967,2.22231,0.999976,0.00465804,0.00507581,0.00618119,-0.281296,-0.959601,-0.00304205,0.95961,-0.281318,106.338,0.354158,0.1743,0.59945,0.800405,0.00338554,0.000635227
319,0,-0.0997915,-0.503316,1.66053,-0.387978,-0.306967,2.22231,0.998874,0.0441691,0.0173358,0.0289012,-0.276588,-0.960554,-0.0376319,0.959973,-0.277553,106.064,1.65615,2.15756,0.600985,0.798908,0.0228657,-0.00635121
326,0,-0.0880657,-0.51569,1.66473,-0.387978,-0.306967,2.22231,0.99645,0.0841055,0.00367135,0.0282729,-0.293253,-0.955617,-0.079296,0.952328,-0.29459,107.06,1.62014,4.54992,0.593424,0.803787,0.0349528,-0.0235214
334,0,-0.0925999,-0.528632,1.66806,-0.387978,-0.306967,2.22231,0.996059,0.0879183,0.0117141,0.0376712,-0.299779,-0.953265,-0.0802978,0.949949,-0.30191,107.457,2.15891,4.60896,0.590417,0.805877,0.0389605,-0.0212761
341,0,-0.100551,-0.532187,1.67443,-0.387978,-0.306967,2.22231,0.986197,0.165543,0.00327217,0.050488,-0.281835,-0.958134,-0.157691,0.945074,-0.286303,106.391,2.89398,9.08455,0.595412,0.799114,0.0675846,-0.0483092
349,0,-0.0912591,-0.531719,1.67505,-0.387978,-0.306967,2.22231,0.99868,0.0432787,-0.0276792,-0.0128358,-0.31149,-0.950163,-0.0497436,0.949263,-0.310523,108.151,-0.735459,2.85151,0.586657,0.809428,0.00940259,-0.0239128
356,0,-0.0920281,-0.532432,1.67811,-0.387978,-0.306967,2.22231,0.998757,0.0452703,-0.020877,-0.00569101,-0.312502,-0.9499,-0.0495264,0.948838,-0.311856,108.21,-0.326073,2.83886,0.586174,0.809802,0.0122188,-0.0217347
362,0,-0.0872262,-0.534299,1.68257,-0.387978,-0.306967,2.22231,0.998635,0.0522128,0.00157617,0.0190408,-0.335749,-0.941759,-0.0486427,0.940503,-0.336285,109.622,1.09102,2.78863,0.575891,0.817109,0.0218005,-0.0144003
369,0,-0.0887718,-0.539984,1.70069,-0.387978,-0.306967,2.22231,0.994652,0.103111,0.00595796,0.0379396,-0.311112,-0.949616,-0.096062,0.944763,-0.31336,108.14,2.1743,5.51643,0.585273,0.809185,0.0435779,-0.0278379
376,0,-0.0824634,-0.55073,1.72998,-0.387978,-0.306967,2.22231,0.989254,0.145613,0.0131785,0.0599849,-0.322009,-0.944835,-0.133337,0.935472,-0.327283,108.82,3.43894,7.67636,0.578784,0.81218,0.0632859,-0.0369863
383,0,-0.079626,-0.56307,1.76785,-0.387978,-0.306967,2.22231,0.996046,0.0869225,0.0183413,0.0428079,-0.288718,-0.956457,-0.0778422,0.95346,-0.291297,106.797,2.45346,4.46865,0.594986,0.802506,0.0404142,-0.018536
391,0,-0.0796437,-0.561759,1.77774,-0.387978,-0.306967,2.22231,0.998093,0.0609496,0.00972989,0.0255138