109,0,-0.335369,-0.3876,1.45689,-nan,-nan,-nan,0.82482,0.564502,0.0317813,0.199786,-0.23841,-0.950393,-0.528922,0.790252,-0.309425,104.082,11.5245,32.6703,0.565019,0.770171,0.24809,-0.161373
116,0,-0.335104,-0.389122,1.45634,-nan,-nan,-nan,0.815724,0.576216,0.050678,0.20963,-0.21283,-0.954337,-0.539119,0.7891,-0.294403,102.572,12.1007,33.461,0.571947,0.762063,0.257802,-0.160236
124,0,-0.335647,-0.392382,1.45577,-nan,-nan,-nan,0.79731,0.599371,0.0710761,0.252281,-0.223962,-0.941379,-0.548317,0.768502,-0.329777,103.382,14.6125,34.5166,0.557577,0.766657,0.277716,-0.155624
132,0,-0.335902,-0.391872,1.45535,-nan,-nan,-nan,0.787781,0.611741,0.071929,0.257578,-0.221102,-0.940621,-0.559512,0.759531,-0.33175,103.228,14.9264,35.3838,0.555637,0.764956,0.284107,-0.15935
138,0,-0.335635,-0.391815,1.45425,-nan,-nan,-nan,0.788292,0.610532,0.0764589,0.255724,-0.212058,-0.943206,-0.559644,0.763074,-0.323291,102.671,14.8165,35.3727,0.559675,0.762175,0.28414,-0.158489
146,0,-0.336036,-0.393063,1.4543,-nan,-nan,-nan,0.795178,0.602466,0.0687467,0.215016,-0.174139,-0.96096,-0.566975,0.778916,-0.268011,100.271,12.4164,35.4895,0.581599,0.747885,0.273265,-0.166546
154,0,-0.336135,-0.392857,1.45551,-nan,-nan,-nan,0.796014,0.601786,0.0649198,0.200086,-0.160393,-0.966561,-0.571251,0.782386,-0.248084,99.4219,11.542,35.6647,0.588969,0.742376,0.270036,-0.17051
162,0,-0.336943,-0.394538,1.45992,-nan,-nan,-nan,0.792211,0.606551,0.0670655,0.214278,-0.173585,-0.961225,-0.57139,0.775864,-0.267486,100.237,12.3731,35.8014,0.581193,0.747208,0.274632,-0.168736
170,0,-0.337493,-0.395395,1.46301,-nan,-nan,-nan,0.768081,0.638023,0.0545728,0.204656,-0.163831,-0.965026,-0.606768,0.752387,-0.256411,99.6352,11.8094,38.308,0.580482,0.739649,0.284824,-0.186641
178,0,-0.336792,-0.392655,1.45926,-nan,-nan,-nan,0.758682,0.649137,0.0549737,0.200835,-0.15278,-0.967638,-0.619731,0.745171,-0.246281,98.9723,11.5858,39.2437,0.583014,0.734463,0.289317,-0.192235
184,0,-0.336403,-0.391502,1.45907,-nan,-nan,-nan,0.781554,0.620792,0.061564,0.200607,-0.156653,-0.967066,-0.590703,0.768165,-0.246968,99.2013,11.5725,37.0822,0.586927,0.739117,0.277831,-0.178977
192,0,-0.336822,-0.393559,1.4605,-nan,-nan,-nan,0.829446,0.553844,0.0726367,0.185652,-0.150689,-0.970992,-0.526833,0.818871,-0.227811,98.8214,10.6991,32.4222,0.602276,0.742958,0.248835,-0.152834
200,0,-0.337281,-0.394349,1.4622,-nan,-nan,-nan,0.839349,0.537944,0.0781639,0.190366,-0.1562,-0.969207,-0.50917,0.828383,-0.233513,99.1552,10.9742,31.242,0.602004,0.746502,0.243908,-0.144342
208,0,-0.336678,-0.394296,1.46085,-nan,-nan,-nan,0.872615,0.482293,0.0770455,0.186981,-0.184157,-0.964948,-0.451199,0.856434,-0.250878,100.805,10.7767,27.3419,0.599496,0.759548,0.220287,-0.12315
215,0,-0.336334,-0.395371,1.46183,-nan,-nan,-nan,0.877389,0.470463,0.094094,0.211533,-0.203297,-0.955994,-0.43063,0.858682,-0.277889,102.005,12.2122,26.1422,0.590805,0.767883,0.222038,-0.109566
223,0,-0.334082,-0.395959,1.4548,-nan,-nan,-nan,0.887393,0.436086,0.149538,0.319099,-0.346909,-0.881947,-0.332729,0.830351,-0.447,111.472,18.6085,20.5536,0.522849,0.818734,0.230596,-0.0559372
230,0,-0.333555,-0.395756,1.45257,-nan,-nan,-nan,0.895407,0.410722,0.171911,0.333665,-0.36333,-0.869861,-0.294811,0.836241,-0.462372,112.67,19.4914,18.224,0.517133,0.824789,0.225629,-0.037252
238,0,-0.333255,-0.394905,1.45058,-nan,-nan,-nan,0.905675,0.38927,0.167991,0.321178,-0.371282,-0.871203,-0.276761,0.842982,-0.461286,113.082,18.7342,16.9924,0.517955,0.827382,0.214667,-0.0328656
246,0,-0.332097,-0.393987,1.44561,-nan,-nan,-nan,0.90703,0.390633,0.157172,0.312306,-0.373756,-0.873368,-0.282422,0.841256,-0.461005,113.168,18.1983,17.295,0.517752,0.827918,0.212261,-0.0378207
253,0,-0.33113,-0.393039,1.44257,-nan,-nan,-nan,0.916325,0.370313,0.15237,0.298705,-0.378696,-0.875993,-0.26669,0.848209,-0.457623,113.379,17.3799,16.2273,0.519617,0.829555,0.20162,-0.0344522
261,0,-0.32866,-0.391093,1.43643,-nan,-nan,-nan,0.90903,0.395376,0.131688,0.293389,-0.382768,-0.87602,-0.295952,0.834965,-0.463947,113.602,17.0609,18.0336,0.515343,0.830022,0.207454,-0.0494756
269,0,-0.326633,-0.390817,1.43496,-nan,-nan,-nan,0.895472,0.433257,0.10207,0.290557,-0.39524,-0.871414,-0.337204,0.809984,-0.479813,114.397,16.8913,20.6346,0.505079,0.832245,0.217428,-0.0706325
276,0,-0.325489,-0.39016,1.43247,-nan,-nan,-nan,0.898494,0.430234,0.0872204,0.270926,-0.38713,-0.881322,-0.345409,0.815493,-0.464396,113.714,15.7194,21.0283,0.511607,0.829159,0.211407,-0.0778465
283,0,-0.324826,-0.389507,1.43069,-nan,-nan,-nan,0.909735,0.405704,0.0882376,0.254302,-0.376487,-0.890836,-0.328195,0.832864,-0.445675,112.91,14.7322,19.8374,0.521434,0.826423,0.199657,-0.0725893
290,0,-0.323994,-0.388735,1.42663,-nan,-nan,-nan,0.916409,0.389757,0.0910119,0.246545,-0.370582,-0.89548,-0.315292,0.843065,-0.435697,112.482,14.2732,18.9859,0.526814,0.825029,0.192812,-0.0679614
297,0,-0.322474,-0.385426,1.41541,-nan,-nan,-nan,0.916816,0.388831,0.0908775,0.246255,-0.37141,-0.895217,-0.314335,0.843128,-0.436267,112.533,14.256,18.9245,0.526578,0.825302,0.19238,-0.0676896
305,0,-0.320344,-0.384041,1.40665,-nan,-nan,-nan,0.886109,0.451739,0.103649,0.285091,-0.354931,-0.890363,-0.365424,0.818508,-0.443294,111.734,16.5643,22.4109,0.521508,0.819197,0.224864,-0.0798876
311,0,-0.318162,-0.384203,1.40326,-nan,-nan,-nan,0.826527,0.550695,0.116567,0.353127,-0.346007,-0.869241,-0.438354,0.759614,-0.48045,111.705,20.6787,27.9395,0.500018,0.814399,0.277451,-0.0987805
320,0,-0.317918,-0.384245,1.40105,-nan,-nan,-nan,0.777796,0.619353,0.106941,0.389872,-0.341977,-0.855015,-0.492985,0.70672,-0.507457,111.8,22.9465,32.3675,0.481758,0.810437,0.311321,-0.119085
326,0,-0.317323,-0.38345,1.3967,-nan,-nan,-nan,0.753601,0.649798,0.0992383,0.404001,-0.338769,-0.849717,-0.518525,0.68044,-0.517815,111.736,23.8285,34.5304,0.473555,0.807803,0.326131,-0.129762
334,0,-0.316944,-0.382996,1.39318,-nan,-nan,-nan,0.73664,0.668237,0.104022,0.420001,-0.331484,-0.844818,-0.530057,0.666016,-0.524845,111.424,24.8347,35.7373,0.469125,0.805135,0.337906,-0.132287
341,0,-0.316178,-0.382592,1.39014,-nan,-nan,-nan,0.721156,0.683651,0.112051,0.43605,-0.322256,-0.840245,-0.538325,0.654808,-0.530503,110.983,25.8521,36.7404,0.465939,0.802171,0.348959,-0.13285
349,0,-0.314372,-0.380713,1.38312,-nan,-nan,-nan,0.702699,0.70088,0.122397,0.455274,-0.310748,-0.834363,-0.546754,0.642031,-0.537454,110.427,27.0825,37.8856,0.462195,0.798577,0.361942,-0.132848
355,0,-0.312437,-0.37913,1.37527,-nan,-nan,-nan,0.681748,0.722146,0.117157,0.473695,-0.313689,-0.822929,-0.557524,0.616526,-0.555934,110.866,28.2744,39.2758,0.45059,0.79865,0.374332,-0.137847
363,0,-0.31129,-0.377334,1.36818,-nan,-nan,-nan,0.682219,0.717092,0.142676,0.494883,-0.309242,-0.812071,-0.538208,0.624618,-0.565848,110.847,29.6621,38.2702,0.449202,0.799579,0.378941,-0.123669
371,0,-0.309758,-0.375294,1.3621,-nan,-nan,-nan,0.695528,0.703635,0.145391,0.50448,-0.334163,-0.796137,-0.511606,0.627083,-0.58739,112.769,30.2969,36.3369,0.439879,0.80887,0.373396,-0.113187
377,0,-0.308489,-0.375812,1.35931,-nan,-nan,-nan,0.677531,0.722886,0.1356,0.507763,-0.326349,-0.797291,-0.532097,0.609042,-0.588167,112.26,30.515,38.1442,0.436754,0.804992,0.382193,-0.123137
385,0,-0.306321,-0.377709,1.35714,-nan,-nan,-nan,0.700583,0.711226,0.0578088,0.452704,-0.380381,-0.806455,-0.551582,0.591159,-0.588463,115.252,26.9173,38.214,0.427709,0.816919,0.356195,-0.151108
393,0,-0.304023,-0.370987,1.3521,-nan,-nan,-nan,0.758378,0.650332,0.0439476,0.44526,-0.467634,-0.763585,-0.476033,0.598654,-0.64421,121.484,26.44,32.1165,0.402037,0.847086,0.323341,-0.127521
401,0,-0.302134,-0.368388,1.34552,-nan,-nan,-nan,0.759302,0.650521,0.0168153,0.419375,-0.469418,-0.777027,-0.497579,0.59705,-0.629242,121.137,24.7951,33.2373,0.406399,0.845275,0.316434,-0.142192
408,0,-0.300257,-0.365687,1.33885,-nan,-nan,-nan,0.739826,0.672795,-0.00217317,0.403111,-0.445855,-0.799196,-0.538664,0.59039,-0.601066,119.156,23.7728,36.0582,0.416205,0.834678,0.322252,-0.16199
416,0,-0.298292,-0.363975,1.33168,-nan,-nan,-nan,0.730188,0.683026,-0.0173503,0.391405,-0.438975,-0.808766,-0.560025,0.58376,-0.587875,118.492,23.042,37.4868,0.419326,0.830216,0.32354,-0.173863
423,0,-0.295467,-0.361172,1.32083,-nan,-nan,-nan,0.704502