107,0,-0.336482,-0.391288,1.45551,0.2542,-0.408037,1.61271,0.828612,0.558751,0.0346266,0.190756,-0.223652,-0.95582,-0.526321,0.798609,-0.291906,103.17,10.9969,32.4231,0.572943,0.765534,0.244766,-0.160572
114,0,-0.338467,-0.388107,1.45874,0.2542,-0.408037,1.61271,0.836802,0.547308,-0.0146712,0.111,-0.195831,-0.974335,-0.536135,0.813698,-0.224623,101.364,6.37297,32.6475,0.595052,0.751208,0.219083,-0.183307
121,0,-0.34176,-0.39639,1.46681,0.2542,-0.408037,1.61271,0.84641,0.526642,-0.078985,0.0551782,-0.234252,-0.970609,-0.529665,0.817175,-0.227332,103.569,3.16308,32.0374,0.588393,0.759604,0.191488,-0.200318
128,0,-0.340753,-0.396328,1.47055,0.2542,-0.408037,1.61271,0.852171,0.520998,-0.0486339,0.0501122,-0.173774,-0.98351,-0.520858,0.835681,-0.174194,100.02,2.87242,31.4338,0.61323,0.741643,0.192515,-0.19197
136,0,-0.340721,-0.399423,1.48427,0.2542,-0.408037,1.61271,0.83047,0.556193,-0.0311244,0.0398687,-0.115072,-0.992557,-0.555635,0.823048,-0.117739,96.6131,2.28491,33.7849,0.631993,0.718206,0.207483,-0.204245
143,0,-0.342081,-0.400325,1.49346,0.2542,-0.408037,1.61271,0.812172,0.5827,-0.0289498,0.022231,-0.0804944,-0.996507,-0.582995,0.808691,-0.0783293,94.6181,1.27385,35.6716,0.642913,0.701961,0.215443,-0.217941
151,0,-0.346078,-0.393828,1.50002,0.2542,-0.408037,1.61271,0.801134,0.597528,0.0338332,0.106317,-0.0864565,-0.990566,-0.588966,0.797173,-0.132791,94.9881,6.10306,36.322,0.628865,0.710701,0.247589,-0.195277
158,0,-0.348373,-0.392558,1.50667,0.2542,-0.408037,1.61271,0.788928,0.610817,0.0670432,0.129138,-0.0581408,-0.989921,-0.600763,0.789634,-0.124749,93.3613,7.41981,37.289,0.633648,0.702107,0.263477,-0.190042
165,0,-0.349974,-0.374488,1.52553,0.2542,-0.408037,1.61271,0.794165,0.607702,0.00118521,0.0717369,-0.0918112,-0.993189,-0.603454,0.788841,-0.116508,95.2815,4.11376,37.2297,0.629652,0.707546,0.240069,-0.212802
173,0,-0.342887,-0.36414,1.53528,0.2542,-0.408037,1.61271,0.789603,0.613026,-0.0269417,0.0350377,-0.0888776,-0.995426,-0.612617,0.785047,-0.0916571,95.1022,2.00793,37.8063,0.634245,0.701808,0.230855,-0.227825
180,0,-0.333292,-0.352459,1.53695,0.2542,-0.408037,1.61271,0.796463,0.602625,-0.049902,0.0131768,-0.0998022,-0.99492,-0.604544,0.791759,-0.0874294,95.7283,0.754995,37.1998,0.634277,0.704218,0.218612,-0.232331
187,0,-0.326782,-0.334265,1.53504,0.2542,-0.408037,1.61271,0.795918,0.598761,-0.0894459,0.00124333,-0.149362,-0.988782,-0.605404,0.786878,-0.119624,98.59,0.0712375,37.2579,0.617845,0.718489,0.208773,-0.241775
194,0,-0.322897,-0.321663,1.53333,0.2542,-0.408037,1.61271,0.787467,0.607435,-0.104497,0.00856327,-0.180306,-0.983573,-0.616298,0.773636,-0.147186,100.388,0.490645,38.0479,0.604147,0.727145,0.211786,-0.247817
202,0,-0.32491,-0.318325,1.53375,0.2542,-0.408037,1.61271,0.792733,0.601703,-0.0976076,0.0227905,-0.18927,-0.981661,-0.609142,0.775971,-0.163754,100.913,1.30591,37.539,0.59994,0.73242,0.213161,-0.241238
208,0,-0.325181,-0.31836,1.53503,0.2542,-0.408037,1.61271,0.742935,0.666452,-0.0623714,0.0816714,-0.182738,-0.979764,-0.664363,0.722806,-0.190192,100.565,4.68465,41.8044,0.585236,0.727301,0.257158,-0.249805
215,0,-0.324258,-0.319814,1.53389,0.2542,-0.408037,1.61271,0.723519,0.687006,-0.0673966,0.0924867,-0.193227,-0.976785,-0.684081,0.70049,-0.203342,101.19,5.30668,43.3951,0.575967,0.728026,0.267673,-0.258053
222,0,-0.324243,-0.320763,1.53358,0.2542,-0.408037,1.61271,0.706001,0.703992,-0.0771851,0.0840685,-0.191523,-0.977881,-0.703203,0.683896,-0.194399,101.081,4.82246,44.8862,0.574474,0.723174,0.272431,-0.269779
230,0,-0.323357,-0.321042,1.53393,0.2542,-0.408037,1.61271,0.692683,0.719366,-0.051996,0.0959769,-0.163388,-0.981882,-0.714828,0.675142,-0.182218,99.4476,5.50755,45.9014,0.580318,0.713843,0.285547,-0.268555
237,0,-0.322425,-0.322948,1.53337,0.2542,-0.408037,1.61271,0.741169,0.671148,-0.0151572,0.112215,-0.14612,-0.982882,-0.661874,0.72678,-0.183613,98.4559,6.44303,41.7653,0.594019,0.719531,0.272178,-0.235233
244,0,-0.323482,-0.322543,1.53334,0.2542,-0.408037,1.61271,0.732453,0.679852,-0.0362524,0.101801,-0.162016,-0.981523,-0.673163,0.715229,-0.187878,99.3731,5.84287,42.5847,0.587911,0.721517,0.270836,-0.245807
251,0,-0.324561,-0.320988,1.52719,0.2542,-0.408037,1.61271,0.794466,0.600577,-0.0901728,0.0627808,-0.228902,-0.971423,-0.604055,0.766102,-0.21956,103.259,3.59944,37.2467,0.580087,0.74882,0.221467,-0.231774
259,0,-0.323733,-0.321123,1.52674,0.2542,-0.408037,1.61271,0.788033,0.606233,-0.10717,0.0371171,-0.22055,-0.974669,-0.614513,0.764093,-0.196302,102.75,2.12714,37.9474,0.585487,0.742443,0.216633,-0.24301
265,0,-0.321111,-0.313904,1.53655,0.2542,-0.408037,1.61271,0.790561,0.599557,-0.12468,0.010467,-0.216798,-0.97616,-0.612294,0.770409,-0.177668,102.522,0.599725,37.758,0.590782,0.739092,0.206342,-0.249284
272,0,-0.317506,-0.304129,1.54338,0.2542,-0.408037,1.61271,0.774774,0.617411,-0.136119,0.00175039,-0.217391,-0.976083,-0.632236,0.756006,-0.16951,102.556,0.10029,39.2153,0.58904,0.735132,0.210561,-0.261298
279,0,-0.31655,-0.300619,1.54702,0.2542,-0.408037,1.61271,0.768119,0.622595,-0.149562,-0.0143644,-0.216765,-0.976118,-0.640146,0.751923,-0.157558,102.52,-0.823049,39.8076,0.590296,0.731854,0.20777,-0.269763
286,0,-0.318304,-0.297551,1.5504,0.2542,-0.408037,1.61271,0.788181,0.605298,-0.111289,-0.0282785,-0.145018,-0.989025,-0.614794,0.782678,-0.0971831,98.3417,-1.62046,37.9548,0.621687,0.712457,0.202475,-0.254781
293,0,-0.320094,-0.296682,1.55481,0.2542,-0.408037,1.61271,0.801328,0.59467,-0.065116,-0.0296462,-0.0692396,-0.997159,-0.59749,0.800982,-0.037854,93.9721,-1.69885,36.7091,0.650814,0.690728,0.204503,-0.239822
300,0,-0.320786,-0.297291,1.55772,0.2542,-0.408037,1.61271,0.814284,0.578574,-0.0468346,-0.0445225,-0.0181939,-0.998843,-0.578757,0.815427,0.0109446,91.0435,-2.55179,35.4035,0.67213,0.674821,0.197849,-0.231762
307,0,-0.320699,-0.292971,1.55885,0.2542,-0.408037,1.61271,0.775506,0.63134,0.000794985,-0.114617,0.142028,-0.983204,-0.620849,0.762389,0.182506,81.7802,-6.58155,38.6798,0.724576,0.602281,0.214486,-0.257377
315,0,-0.317762,-0.293083,1.56237,0.2542,-0.408037,1.61271,0.77358,0.633375,0.020235,-0.159072,0.224996,-0.961287,-0.613408,0.740414,0.274805,76.8267,-9.15306,38.4126,0.753887,0.564309,0.210126,-0.262787
322,0,-0.316579,-0.294958,1.56327,0.2542,-0.408037,1.61271,0.783671,0.621141,0.00654176,-0.220261,0.287711,-0.932045,-0.580813,0.728976,0.362284,72.8452,-12.7243,36.5438,0.780011,0.532371,0.188252,-0.269676
330,0,-0.315454,-0.295341,1.56145,0.2542,-0.408037,1.61271,0.792671,0.609385,-0.0179639,-0.274916,0.330993,-0.902698,-0.544145,0.720482,0.429899,69.8635,-15.957,34.4684,0.798994,0.507883,0.164639,-0.276692
337,0,-0.315725,-0.29512,1.56483,0.2542,-0.408037,1.61271,0.768164,0.639806,0.0239117,-0.294714,0.386501,-0.873934,-0.56839,0.664278,0.485456,66.1424,-17.1404,36.499,0.812422,0.473341,0.182264,-0.287572
344,0,-0.319489,-0.288426,1.5734,0.2542,-0.408037,1.61271,0.746449,0.664305,-0.0388863,-0.393003,0.392934,-0.831355,-0.536994,0.635847,0.554379,64.7026,-23.1415,35.7312,0.820634,0.446972,0.151745,-0.322101
350,0,-0.319122,-0.288242,1.57278,0.2542,-0.408037,1.61271,0.731436,0.680537,-0.04324,-0.428905,0.409834,-0.805032,-0.530133,0.607376,0.591653,63.0198,-25.3981,35.934,0.826578,0.427186,0.147262,-0.335553
357,0,-0.319591,-0.287851,1.57201,0.2542,-0.408037,1.61271,0.712723,0.698673,-0.0623094,-0.452318,0.389879,-0.802124,-0.536129,0.599876,0.593898,64.0775,-26.8925,36.9514,0.821051,0.426892,0.144272,-0.350463
364,0,-0.320019,-0.286976,1.57328,0.2542,-0.408037,1.61271,0.693386,0.716525,-0.0762048,-0.480648,0.381133,-0.789756,-0.536836,0.584234,0.608669,64.2382,-28.7277,37.7479,0.819022,0.4194,0.140604,-0.365428
372,0,-0.31962,-0.287228,1.57463,0.2542,-0.408037,1.61271,0.725604,0.686799,-0.0424886,-0.393325,0.363299,-0.844576,-0.564618,0.62954,0.533747,66.7248,-23.1616,37.8877,0.80973,0.455126,0.161205,-0.333483
379,0,-0.321011,-0.283856,1.57503,0.2542,-0.408037,1.61271,0.715277,0.695727,-0.0658919,-0.427854,0.361415,-0.828445,-0.552557,0.62076,0.556181,66.4304,-25.3314,37.6864,0.811307,0.446565,0.149963,-0.346226
386,0,-0.322153,-0.279985,1.57703,0.2542,-0.408037,1.61271,0.712076,0.695481,-0.0962005,-0.478354,0.380278,-0.791559,-0.513931,0.609668,0.603473,64.3396