104,0,-0.33842,-0.396615,1.45399,-nan,-nan,-nan,0.802047,0.59718,-0.00982678,0.179654,-0.256911,-0.94959,-0.569601,0.759851,-0.31334,105.139,10.3496,35.3817,0.554932,0.770113,0.252182,-0.188098
111,0,-0.338732,-0.405193,1.45309,-nan,-nan,-nan,0.767514,0.64023,-0.0320503,0.153408,-0.231993,-0.960544,-0.622405,0.732315,-0.276274,103.578,8.82449,39.0398,0.561081,0.754285,0.263043,-0.216913
119,0,-0.341056,-0.415421,1.45657,-nan,-nan,-nan,0.744867,0.66699,-0.0172236,0.145094,-0.187123,-0.971562,-0.651245,0.721186,-0.236158,100.902,8.3427,41.1635,0.574801,0.736232,0.275757,-0.22699
127,0,-0.350136,-0.422271,1.4717,-nan,-nan,-nan,0.709965,0.703715,0.02711,0.100075,-0.0627088,-0.993002,-0.69709,0.707709,-0.114945,93.6135,5.74346,44.4758,0.618933,0.686953,0.29252,-0.243823
135,0,-0.350789,-0.425579,1.48649,-nan,-nan,-nan,0.688302,0.725384,0.00762519,0.0718187,-0.0576801,-0.995749,-0.72186,0.685924,-0.0917974,93.3152,4.11845,46.3632,0.620247,0.677824,0.29403,-0.263429
142,0,-0.350201,-0.426241,1.49425,-nan,-nan,-nan,0.66587,0.745913,-0.0151946,0.0280438,-0.0453759,-0.998576,-0.745541,0.664496,-0.0511327,92.6018,1.607,48.2308,0.626371,0.663773,0.291499,-0.286519
150,0,-0.350533,-0.426238,1.49746,-nan,-nan,-nan,0.658576,0.752462,-0.00884797,-0.0468398,0.0292548,-0.998474,-0.751055,0.657986,0.0545117,88.3217,-2.68471,48.7535,0.659989,0.627457,0.281143,-0.302771
158,0,-0.351743,-0.424726,1.503,-nan,-nan,-nan,0.656519,0.753115,-0.042421,-0.203839,0.122986,-0.971249,-0.726245,0.646291,0.234257,82.7832,-11.7615,47.8867,0.709536,0.569929,0.240941,-0.337176
166,0,-0.350915,-0.41798,1.51046,-nan,-nan,-nan,0.661542,0.745277,-0.0832173,-0.299301,0.160654,-0.940537,-0.687591,0.647111,0.329342,80.3068,-17.4156,46.1061,0.733406,0.54119,0.206016,-0.356071
174,0,-0.350149,-0.410068,1.51787,-nan,-nan,-nan,0.653021,0.730019,-0.201582,-0.437756,0.14664,-0.887055,-0.618007,0.667509,0.41533,80.6133,-25.9608,43.422,0.744142,0.522267,0.139901,-0.392323
183,0,-0.347211,-0.405626,1.52958,-nan,-nan,-nan,0.657586,0.697732,-0.284168,-0.543545,0.178207,-0.820245,-0.52167,0.693839,0.496434,77.7424,-32.9253,38.4253,0.763582,0.495718,0.0777594,-0.406399
191,0,-0.346352,-0.393672,1.54124,-nan,-nan,-nan,0.655951,0.690499,-0.30486,-0.61233,0.250642,-0.749821,-0.44134,0.67852,0.587222,71.5168,-37.7581,33.9336,0.789591,0.452241,0.0432122,-0.412501
198,0,-0.343232,-0.37924,1.55064,-nan,-nan,-nan,0.629701,0.704189,-0.328016,-0.679867,0.295272,-0.671264,-0.375844,0.645703,0.664688,66.2566,-42.8332,30.8313,0.804621,0.409189,0.0148603,-0.430034
205,0,-0.342933,-0.366355,1.5578,-nan,-nan,-nan,0.629185,0.719128,-0.294926,-0.723738,0.403684,-0.55968,-0.283424,0.565591,0.774453,54.1979,-46.364,24.2498,0.837753,0.3358,-0.00343228,-0.430576
213,0,-0.343674,-0.363698,1.55981,-nan,-nan,-nan,0.631969,0.726233,-0.270557,-0.751723,0.489516,-0.441913,-0.18849,0.482659,0.855285,42.0743,-48.7398,16.6077,0.862666,0.26794,-0.0237828,-0.428311
221,0,-0.340985,-0.35833,1.56011,-nan,-nan,-nan,0.63005,0.733036,-0.256311,-0.77002,0.547008,-0.328408,-0.100531,0.404278,0.909095,30.9794,-50.3557,9.06572,0.878372,0.208535,-0.0443377,-0.427796
229,0,-0.342535,-0.353356,1.56183,-nan,-nan,-nan,0.620086,0.739733,-0.261322,-0.784368,0.577699,-0.2259,-0.0161399,0.34505,0.938446,21.3572,-51.6623,1.49099,0.88547,0.1612,-0.0692238,-0.430308
237,0,-0.345106,-0.350052,1.56289,-nan,-nan,-nan,0.703511,0.673895,-0.225693,-0.710659,0.66977,-0.215343,0.00604388,0.311887,0.9501,17.8235,-45.2885,-0.492217,0.911507,0.144604,-0.0635587,-0.379743
245,0,-0.343336,-0.349268,1.56196,-nan,-nan,-nan,0.780307,0.592233,-0.200948,-0.62454,0.754725,-0.200849,0.0327112,0.282224,0.958791,14.9023,-38.6485,-2.40049,0.934588,0.129221,-0.0625034,-0.325484
253,0,-0.344454,-0.347815,1.56139,-nan,-nan,-nan,0.803985,0.559869,-0.200387,-0.590164,0.792562,-0.153464,0.0728997,0.241644,0.967623,10.9586,-36.1686,-5.18101,0.943951,0.104642,-0.0723785,-0.30458
260,0,-0.342512,-0.347995,1.56223,-nan,-nan,-nan,0.813906,0.529589,-0.238941,-0.571147,0.80472,-0.161918,0.10653,0.268256,0.957439,11.3766,-34.8302,-7.45693,0.945524,0.11374,-0.0913438,-0.291039
268,0,-0.345285,-0.34806,1.56132,-nan,-nan,-nan,0.822802,0.48845,-0.29054,-0.54542,0.822334,-0.162123,0.159732,0.291861,0.943029,11.1528,-33.0534,-10.9863,0.947123,0.119832,-0.118852,-0.272898
276,0,-0.347076,-0.347807,1.56056,-nan,-nan,-nan,0.817121,0.468477,-0.33592,-0.540739,0.824849,-0.165,0.199785,0.316471,0.927325,11.312,-32.734,-13.7392,0.944629,0.127423,-0.141777,-0.267093
284,1,-0.347773,-0.348691,1.56004,-nan,-nan,-nan,0.814777,0.454738,-0.359655,-0.540962,0.819432,-0.189449,0.208563,0.348918,0.913651,13.0178,-32.7492,-14.358,0.941788,0.142911,-0.150835,-0.264311
292,0,-0.348101,-0.348414,1.55941,-nan,-nan,-nan,0.820383,0.440433,-0.36468,-0.528123,0.82811,-0.187936,0.219222,0.346775,0.91197,12.7864,-31.8787,-14.961,0.943459,0.141689,-0.154724,-0.25665
300,0,-0.348589,-0.347985,1.56112,-nan,-nan,-nan,0.789994,0.493182,-0.364254,-0.574378,0.803138,-0.158301,0.214475,0.334276,0.917747,11.1502,-35.0561,-15.1891,0.936867,0.131443,-0.154432,-0.284875
308,0,-0.34795,-0.346903,1.56025,-nan,-nan,-nan,0.7661,0.533075,-0.359056,-0.606029,0.785186,-0.127324,0.214053,0.315141,0.92459,9.21077,-37.3029,-15.6107,0.932185,0.118663,-0.1537,-0.305493
316,0,-0.346064,-0.346056,1.557,-nan,-nan,-nan,0.78454,0.516531,-0.343062,-0.587134,0.796744,-0.143084,0.199425,0.313679,0.928351,10.181,-35.9539,-14.2622,0.936701,0.121907,-0.144787,-0.294562
323,0,-0.346071,-0.346279,1.55558,-nan,-nan,-nan,0.777928,0.530392,-0.336916,-0.601554,0.783563,-0.155441,0.181551,0.323595,0.928615,11.2205,-36.9813,-13.1364,0.934091,0.128209,-0.138762,-0.302954
331,0,-0.347606,-0.34683,1.55568,-nan,-nan,-nan,0.741331,0.559774,-0.370245,-0.645432,0.745856,-0.16467,0.183971,0.361043,0.914222,12.45,-40.1981,-13.9372,0.922146,0.142524,-0.150252,-0.32674
340,0,-0.347584,-0.34718,1.55439,-nan,-nan,-nan,0.726882,0.57287,-0.378765,-0.664973,0.724923,-0.179716,0.171621,0.3825,0.907876,13.9235,-41.6802,-13.2846,0.916472,0.153364,-0.150137,-0.337665
348,1,-0.348249,-0.347933,1.55458,-nan,-nan,-nan,0.706375,0.583309,-0.40098,-0.68873,0.697125,-0.199168,0.163357,0.416854,0.894174,15.9446,-43.5297,-13.0213,0.907975,0.169614,-0.155383,-0.350241
356,0,-0.34786,-0.348761,1.55429,-nan,-nan,-nan,0.677835,0.614061,-0.404313,-0.723648,0.654393,-0.219326,0.1299,0.441247,0.887934,18.529,-46.3565,-10.8486,0.89724,0.184057,-0.148849,-0.372729
364,0,-0.348225,-0.348315,1.55467,-nan,-nan,-nan,0.664185,0.633251,-0.397306,-0.738511,0.638281,-0.217254,0.116017,0.437712,0.891599,18.7972,-47.6047,-9.9082,0.893597,0.183238,-0.143611,-0.383775
372,1,-0.348292,-0.348183,1.55452,-nan,-nan,-nan,0.653803,0.639308,-0.404755,-0.747245,0.629666,-0.212474,0.119025,0.441367,0.889398,18.6464,-48.3523,-10.3177,0.890627,0.183534,-0.147026,-0.389207
380,0,-0.348123,-0.347457,1.55358,-nan,-nan,-nan,0.659814,0.634436,-0.402661,-0.738459,0.646602,-0.191272,0.139012,0.423553,0.895142,16.4788,-47.6003,-11.8973,0.894645,0.171807,-0.151365,-0.383642
388,0,-0.348334,-0.347662,1.55433,-nan,-nan,-nan,0.65052,0.658088,-0.379134,-0.748922,0.638807,-0.176185,0.126248,0.398554,0.908414,15.419,-48.4971,-10.983,0.894111,0.160701,-0.141309,-0.39341
396,0,-0.346836,-0.347204,1.55427,-nan,-nan,-nan,0.656159,0.655918,-0.373132,-0.745555,0.639901,-0.186209,0.11663,0.400373,0.9089,16.2248,-48.2068,-10.0788,0.89512,0.163828,-0.136787,-0.39142
404,0,-0.34773,-0.347381,1.5545,-nan,-nan,-nan,0.635618,0.685802,-0.354494,-0.765632,0.61886,-0.175556,0.0989856,0.382998,0.91843,15.8374,-49.9632,-8.85165,0.890633,0.156786,-0.127291,-0.407416
412,0,-0.34498,-0.345806,1.55513,-nan,-nan,-nan,0.58345,0.749702,-0.312304,-0.809136,0.569684,-0.14408,0.0698979,0.33676,0.938993,14.1932,-54.0116,-6.83154,0.879222,0.136723,-0.108676,-0.443243
420,1,-0.344722,-0.345698,1.55494,-nan,-nan,-nan,0.56796,0.767079,-0.298347,-0.820744,0.554999,-0.135485,0.0616543,0.321817,0.944792,13.7186,-55.1593,-6.19542,0.87575,0.130546,-0.102769,-0.453275
428,0,-0.345082,-0.346383,1.55513,-nan,-nan,-nan,0.525455,0.791239,-0.31279,-0.850051,0.503856,-0.153436,0.0361959,0.346511,0.937347,16.9368,-58.2172,-3.94058,0.8612,0.145131,-0.101308,-0.476455
436,0,-0.345061