131,0,-0.336558,-0.386791,1.45467,-nan,-nan,-nan,0.822078,0.569359,-0.00422851,0.17338,-0.257397,-0.950624,-0.542335,0.780754,-0.310316,105.15,9.98438,33.4133,0.559992,0.772947,0.240229,-0.176779
140,0,-0.343597,-0.396816,1.45918,-nan,-nan,-nan,0.80072,0.598851,-0.0149852,0.157032,-0.233975,-0.959477,-0.57809,0.76592,-0.281387,103.704,9.03465,35.8279,0.566868,0.760934,0.248341,-0.194851
149,0,-0.355129,-0.406792,1.46035,-nan,-nan,-nan,0.776803,0.629202,-0.0261225,0.149538,-0.224594,-0.96291,-0.611732,0.744085,-0.268555,103.129,8.60014,38.2204,0.566492,0.753318,0.258436,-0.211682
158,0,-0.367588,-0.408033,1.46101,-nan,-nan,-nan,0.775242,0.63162,-0.00751419,0.16513,-0.214132,-0.962746,-0.609699,0.74512,-0.270303,102.539,9.50479,38.1837,0.568068,0.751611,0.265014,-0.205297
166,0,-0.383094,-0.40708,1.46281,-nan,-nan,-nan,0.7701,0.637849,0.00978572,0.180897,-0.203643,-0.962188,-0.611738,0.742751,-0.27221,101.95,10.422,38.4623,0.568825,0.749325,0.273161,-0.200831
173,0,-0.397727,-0.407715,1.46379,-nan,-nan,-nan,0.764049,0.643841,0.0412107,0.206058,-0.183001,-0.961276,-0.611367,0.742953,-0.27249,100.779,11.8914,38.6657,0.571961,0.744906,0.285237,-0.191352
182,0,-0.39948,-0.405709,1.46326,-nan,-nan,-nan,0.78916,0.610251,0.0694294,0.191324,-0.136835,-0.971942,-0.583628,0.780301,-0.22474,98.0137,11.03,36.485,0.597408,0.733269,0.273288,-0.17531
190,0,-0.399371,-0.406119,1.46572,-nan,-nan,-nan,0.794034,0.602284,0.08224,0.197073,-0.127076,-0.972118,-0.575041,0.788103,-0.219596,97.4475,11.3658,35.9121,0.601532,0.731558,0.273169,-0.168408
198,0,-0.399929,-0.406855,1.46886,-nan,-nan,-nan,0.798822,0.596016,0.0815396,0.198095,-0.132637,-0.971167,-0.568016,0.791942,-0.224021,97.7771,11.4256,35.4154,0.600451,0.734078,0.270445,-0.165676
207,0,-0.400151,-0.406928,1.47114,-nan,-nan,-nan,0.796296,0.599984,0.0770169,0.194074,-0.132809,-0.971955,-0.57293,0.788911,-0.222196,97.7808,11.1906,35.7348,0.600269,0.733366,0.27069,-0.169054
215,0,-0.400395,-0.405632,1.47134,-nan,-nan,-nan,0.778808,0.623139,0.0718047,0.183652,-0.117067,-0.975996,-0.599775,0.7733,-0.205613,96.8397,10.5826,37.6006,0.603351,0.724825,0.278271,-0.182103
224,0,-0.400508,-0.406231,1.47055,-nan,-nan,-nan,0.775026,0.629911,0.0504744,0.129606,-0.0802711,-0.988311,-0.618496,0.772508,-0.143852,94.6434,7.44683,38.591,0.622676,0.706956,0.268587,-0.200869
232,0,-0.399557,-0.407113,1.46848,-nan,-nan,-nan,0.786929,0.61669,0.0208977,0.0647706,-0.0488756,-0.996703,-0.613635,0.785688,-0.078405,92.8074,3.71368,37.9465,0.644137,0.691775,0.246272,-0.214209
241,0,-0.399902,-0.407347,1.4691,-nan,-nan,-nan,0.780463,0.624904,0.0192848,0.048083,-0.029241,-0.998415,-0.62335,0.780154,-0.0528689,91.6776,2.75602,38.6141,0.651604,0.682381,0.246559,-0.221308
249,0,-0.400225,-0.407732,1.46883,-nan,-nan,-nan,0.777722,0.628609,0.000280731,0.0148468,-0.0179221,-0.999729,-0.628433,0.777515,-0.0232712,91.027,0.850688,38.9397,0.658887,0.674336,0.238552,-0.232878
258,0,-0.400856,-0.406854,1.46721,-nan,-nan,-nan,0.775984,0.629134,0.0451541,0.0569432,0.00142061,-0.998376,-0.628176,0.777296,-0.0347225,89.9185,3.26437,38.9909,0.660054,0.672549,0.255029,-0.216721
267,0,-0.401175,-0.406369,1.46566,-nan,-nan,-nan,0.780267,0.622227,0.0633864,0.0794304,0.00194329,-0.996839,-0.620383,0.782835,-0.0479074,89.8883,4.55582,38.4879,0.658465,0.675691,0.259607,-0.206084
274,0,-0.399528,-0.404972,1.45955,-nan,-nan,-nan,0.780567,0.620321,0.0769238,0.10788,-0.0124759,-0.994086,-0.615692,0.784249,-0.0766588,90.719,6.19314,38.2655,0.650275,0.683685,0.266278,-0.197009
282,0,-0.400541,-0.404465,1.45795,-nan,-nan,-nan,0.789431,0.608451,0.0811558,0.11553,-0.017426,-0.993151,-0.602869,0.7934,-0.0840508,91.0052,6.63419,37.3681,0.649607,0.687551,0.263246,-0.1897
291,0,-0.40195,-0.404492,1.45829,-nan,-nan,-nan,0.797045,0.601546,0.0534935,0.0995416,-0.0434916,-0.994082,-0.59566,0.797653,-0.0945436,92.5051,5.71278,36.7721,0.644013,0.695536,0.251996,-0.194874
299,0,-0.401671,-0.404476,1.45676,-nan,-nan,-nan,0.807748,0.588556,0.0338346,0.0816551,-0.0548568,-0.99515,-0.583845,0.806593,-0.092369,93.1552,4.6837,35.8596,0.644306,0.699102,0.239668,-0.196685
307,0,-0.40035,-0.403179,1.44957,-nan,-nan,-nan,0.817514,0.574819,0.035417,0.0758715,-0.0465356,-0.996031,-0.57089,0.816956,-0.0816559,92.675,4.3513,34.9275,0.64987,0.697443,0.233242,-0.191941
316,0,-0.397843,-0.400681,1.44226,-nan,-nan,-nan,0.831341,0.554993,0.0292519,0.06883,-0.0505885,-0.996345,-0.551485,0.830315,-0.0802565,92.9066,3.94679,33.559,0.652015,0.70039,0.22267,-0.186408
323,0,-0.39486,-0.39763,1.43236,-nan,-nan,-nan,0.842686,0.538079,0.0187349,0.0645683,-0.0664523,-0.995698,-0.534519,0.840271,-0.0907413,93.8182,3.70207,32.3871,0.649133,0.707086,0.213074,-0.182363
332,0,-0.3916,-0.395017,1.4207,-nan,-nan,-nan,0.859807,0.510051,0.0240775,0.0699737,-0.0709857,-0.99502,-0.505802,0.85721,-0.0967242,94.0806,4.01248,30.4672,0.650403,0.711954,0.203673,-0.169156
340,0,-0.388524,-0.39158,1.40956,-nan,-nan,-nan,0.883953,0.466655,0.0293138,0.078474,-0.0862598,-0.993177,-0.460943,0.880223,-0.11287,94.9638,4.50086,27.5401,0.649004,0.721644,0.18885,-0.14953
348,0,-0.385059,-0.387978,1.39803,-nan,-nan,-nan,0.895994,0.442767,0.033947,0.0877285,-0.101553,-0.990954,-0.435314,0.890867,-0.129834,95.8512,5.03294,25.9126,0.645098,0.729277,0.181857,-0.137591
356,0,-0.382797,-0.384993,1.38836,-nan,-nan,-nan,0.882383,0.470373,0.0122229,0.0817476,-0.127667,-0.988442,-0.463376,0.873184,-0.151103,97.3596,4.68902,27.7058,0.633169,0.735043,0.187785,-0.153444
364,0,-0.378502,-0.380555,1.37269,-nan,-nan,-nan,0.918001,0.395085,0.0343723,0.0951421,-0.135266,-0.986231,-0.384995,0.908631,-0.161764,97.8096,5.4595,22.7524,0.636587,0.744149,0.164694,-0.117793
373,0,-0.374949,-0.376888,1.36065,-nan,-nan,-nan,0.923556,0.381945,0.0340925,0.0964641,-0.145362,-0.984665,-0.371132,0.912682,-0.171094,98.3977,5.53559,21.8928,0.633857,0.748333,0.159825,-0.112597
380,0,-0.381071,-0.375396,1.35094,-nan,-nan,-nan,0.901176,0.430247,0.0526326,0.145198,-0.18523,-0.971909,-0.408412,0.883503,-0.229396,100.79,8.34874,24.38,0.609621,0.760888,0.18907,-0.116896
389,0,-0.390958,-0.37754,1.35806,-nan,-nan,-nan,0.889649,0.455886,0.0263228,0.117574,-0.172979,-0.977883,-0.441249,0.873067,-0.207491,100.031,6.75211,26.3806,0.614243,0.753346,0.190304,-0.137695
397,0,-0.399651,-0.374235,1.35195,-nan,-nan,-nan,0.894265,0.446194,0.0346683,0.138194,-0.201629,-0.969664,-0.425668,0.871927,-0.241971,101.747,7.94336,25.4543,0.602218,0.764504,0.1911,-0.127861
405,0,-0.4207,-0.379329,1.35521,-nan,-nan,-nan,0.918774,0.394725,0.00679672,0.0833115,-0.177033,-0.980673,-0.385892,0.901583,-0.195538,100.233,4.77893,22.7828,0.621732,0.756859,0.157901,-0.12522
414,0,-0.428619,-0.378822,1.35686,-nan,-nan,-nan,0.916676,0.399427,0.0127845,0.0885378,-0.171788,-0.981147,-0.389701,0.900526,-0.192839,99.9312,5.07949,23.0315,0.622906,0.755199,0.161535,-0.124774
422,0,-0.426762,-0.376601,1.35869,-nan,-nan,-nan,0.909888,0.414839,-0.00337689,0.0734872,-0.169184,-0.982841,-0.408292,0.894028,-0.184424,99.767,4.2143,24.1671,0.623755,0.752246,0.162289,-0.136813
431,0,-0.425333,-0.376414,1.3572,-nan,-nan,-nan,0.915972,0.400249,0.0282296,0.092693,-0.142626,-0.985427,-0.39039,0.90524,-0.167742,98.2355,5.31856,23.0838,0.633562,0.746046,0.165185,-0.12136
439,0,-0.424048,-0.37535,1.3519,-nan,-nan,-nan,0.91048,0.411926,0.0366592,0.099023,-0.131085,-0.986413,-0.401524,0.901739,-0.16014,97.5697,5.68291,23.7976,0.63625,0.741907,0.172174,-0.122948
447,0,-0.420691,-0.372309,1.34153,-nan,-nan,-nan,0.895143,0.442998,0.0497187,0.120731,-0.133556,-0.98366,-0.429119,0.886519,-0.173035,97.732,6.93426,25.6124,0.630189,0.741912,0.189958,-0.127845
455,0,-0.417223,-0.37015,1.33147,-nan,-nan,-nan,0.894276,0.442823,0.0646297,0.148235,-0.156848,-0.976435,-0.422251,0.882783,-0.205907,99.1257,8.52464,25.2753,0.618773,0.751171,0.196712,-0.119021
463,0,-0.413412,-0.367086,1.31859,-nan,-nan,-nan,0.89074,0.448939,0.0709653,0.177294,-0.199427,-0.963741,-0.418509,0.871024,-0.257232,101.691,10.2122,25.1662,0.598766,0.766061,0.204368,-0.113419
471,0,-0.410184,-0.364862,1.30995,-nan,-nan,-nan,0.896188,0.441544,0.0434366,0.160079,-0.230485,-0.959818,-0.41379,0.867131,-0.27724,103.503,9.21146,24.7838,0.589165,0.775228,0.194015,-0.119434
479