101,0,-0.336646,-0.390081,1.4588,-nan,-nan,-nan,0.827628,0.56117,0.010948,0.185578,-0.255183,-0.948916,-0.529709,0.787382,-0.315337,105.052,10.6948,32.6206,0.560604,0.774298,0.241105,-0.167494
108,0,-0.337283,-0.399844,1.4658,-nan,-nan,-nan,0.868722,0.495293,0.00255077,0.155802,-0.268373,-0.950632,-0.470157,0.826233,-0.310309,105.765,8.96329,28.4225,0.5679,0.782209,0.208095,-0.149451
116,0,-0.338829,-0.400889,1.47229,-nan,-nan,-nan,0.890573,0.454827,0.00348141,0.141456,-0.269687,-0.952502,-0.432285,0.848764,-0.304514,105.809,8.13211,25.892,0.573666,0.78498,0.189904,-0.136565
123,0,-0.339596,-0.401395,1.4764,-nan,-nan,-nan,0.90131,0.433109,-0.00754653,0.120173,-0.266744,-0.956246,-0.416172,0.860967,-0.292467,105.586,6.90209,24.7847,0.579245,0.784303,0.176361,-0.135062
131,0,-0.340697,-0.399361,1.48133,-nan,-nan,-nan,0.925966,0.37364,-0.0545846,0.0398991,-0.240558,-0.969814,-0.375492,0.895838,-0.237657,103.931,2.28666,22.0732,0.601613,0.775271,0.133353,-0.138686
139,0,-0.342672,-0.402544,1.49502,-nan,-nan,-nan,0.971438,0.236661,-0.0173091,0.0117668,-0.120897,-0.992595,-0.237001,0.964041,-0.120229,96.9443,0.674201,13.7106,0.657707,0.743734,0.0835069,-0.0854842
147,0,-0.343335,-0.401858,1.4992,-nan,-nan,-nan,0.984311,0.173278,-0.0332585,-0.0200961,-0.0771692,-0.996815,-0.175293,0.981845,-0.0724762,94.4268,-1.1515,10.0978,0.677249,0.730403,0.0524307,-0.0713823
154,0,-0.343963,-0.402694,1.50381,-nan,-nan,-nan,0.991323,0.126168,-0.0368956,-0.0310333,-0.0481184,-0.998359,-0.127736,0.990841,-0.0437854,92.7594,-1.77836,7.34236,0.689097,0.721669,0.0329565,-0.0570316
162,0,-0.343671,-0.402411,1.50179,-nan,-nan,-nan,0.986233,0.157137,-0.051496,-0.0417033,-0.0649949,-0.997014,-0.160015,0.985436,-0.057547,93.7298,-2.39011,9.21584,0.682585,0.726081,0.0397454,-0.0728261
170,0,-0.343177,-0.401371,1.49976,-nan,-nan,-nan,0.993875,0.0988187,-0.0494767,-0.0424286,-0.0721955,-0.996488,-0.102044,0.992483,-0.0675606,94.1438,-2.43171,5.86216,0.68083,0.730348,0.0193025,-0.0518658
178,0,-0.342472,-0.400897,1.49645,-nan,-nan,-nan,0.99718,0.0605078,-0.0443906,-0.0402336,-0.0682691,-0.996855,-0.0633481,0.99583,-0.0656422,93.9178,-2.30584,3.63496,0.682508,0.729913,0.00694406,-0.0369012
186,0,-0.342214,-0.398707,1.49887,-nan,-nan,-nan,0.998321,-0.0269636,-0.0512626,-0.0505554,0.0262886,-0.998375,0.0282674,0.999291,0.0248813,88.4917,-2.89785,-1.62189,0.715802,0.697702,-0.0277765,-0.00823963
194,0,-0.341752,-0.391868,1.50238,-nan,-nan,-nan,0.995559,-0.00722587,-0.0938621,-0.0906071,0.197026,-0.976202,0.0255472,0.980372,0.195496,78.5893,-5.19854,-1.46995,0.772671,0.633055,-0.0386352,-0.0269783
201,0,-0.340173,-0.391968,1.50363,-nan,-nan,-nan,0.992092,-0.0278158,-0.122389,-0.109047,0.291766,-0.950253,0.062141,0.956085,0.286426,72.9314,-6.26038,-3.58412,0.801605,0.594538,-0.0575501,-0.0253339
209,0,-0.335772,-0.389655,1.50589,-nan,-nan,-nan,0.985014,-0.0374148,-0.168365,-0.138471,0.410415,-0.901324,0.102822,0.911131,0.399084,65.518,-7.95939,-5.95934,0.83584,0.542106,-0.0811123,-0.030226
217,0,-0.334416,-0.389298,1.50686,-nan,-nan,-nan,0.97681,-0.0689943,-0.202686,-0.137283,0.524621,-0.840194,0.164302,0.848535,0.502984,58.0191,-7.89068,-9.54793,0.866662,0.487136,-0.105863,-0.0196989
224,0,-0.323394,-0.38197,1.51651,-nan,-nan,-nan,0.915226,0.131656,-0.380825,-0.380556,0.593049,-0.709556,0.132431,0.79433,0.592876,50.1111,-22.3682,-8.23341,0.880504,0.426996,-0.145728,-0.145431
232,0,-0.318195,-0.374084,1.52226,-nan,-nan,-nan,0.879812,0.249245,-0.404731,-0.460181,0.65985,-0.593996,0.119011,0.708854,0.695242,41.9935,-27.3988,-7.70358,0.899292,0.362188,-0.145599,-0.197218
240,0,-0.307325,-0.358246,1.52951,-nan,-nan,-nan,0.831803,0.380496,-0.404138,-0.546418,0.689366,-0.475607,0.0976322,0.616439,0.781326,34.6026,-33.1216,-6.69442,0.908638,0.300462,-0.138055,-0.255028
248,0,-0.301829,-0.343965,1.53643,-nan,-nan,-nan,0.81507,0.457473,-0.355498,-0.570505,0.740636,-0.35494,0.100919,0.492115,0.864661,25.6055,-34.7854,-7.05826,0.924712,0.229005,-0.123395,-0.277918
256,0,-0.302055,-0.337732,1.53931,-nan,-nan,-nan,0.788486,0.517748,-0.332004,-0.607728,0.738897,-0.29103,0.0946367,0.431242,0.897259,21.4981,-37.4254,-6.84409,0.925289,0.195148,-0.115272,-0.304087
265,0,-0.300603,-0.333971,1.54017,-nan,-nan,-nan,0.772627,0.559348,-0.300296,-0.626533,0.748161,-0.218428,0.102492,0.356909,0.9285,16.2754,-38.7948,-7.55641,0.928613,0.154892,-0.108438,-0.319261
272,0,-0.300688,-0.333007,1.54033,-nan,-nan,-nan,0.761576,0.587566,-0.273438,-0.637317,0.755568,-0.151475,0.1176,0.289626,0.949888,11.3363,-39.592,-8.77806,0.930998,0.118448,-0.105005,-0.328916
280,0,-0.301979,-0.33211,1.54028,-nan,-nan,-nan,0.767278,0.571068,-0.291832,-0.622139,0.77325,-0.122589,0.155653,0.27562,0.948581,9.00851,-38.4725,-11.4676,0.933958,0.106592,-0.119782,-0.319395
288,0,-0.301628,-0.331379,1.54017,-nan,-nan,-nan,0.771104,0.55261,-0.316261,-0.601715,0.794874,-0.0781948,0.208176,0.250595,0.945444,5.61833,-36.9928,-15.1081,0.936939,0.0877298,-0.139933,-0.308004
296,0,-0.30188,-0.330807,1.54006,-nan,-nan,-nan,0.784964,0.531561,-0.318236,-0.579182,0.811983,-0.0723313,0.219954,0.241094,0.945248,5.09046,-35.393,-15.6533,0.941036,0.083266,-0.142978,-0.295085
304,0,-0.302053,-0.3314,1.54024,-nan,-nan,-nan,0.820241,0.454003,-0.347974,-0.507668,0.858095,-0.0771089,0.263587,0.239903,0.934328,5.13484,-30.5086,-17.815,0.95035,0.0833934,-0.160878,-0.252978
312,0,-0.30308,-0.331571,1.53988,-nan,-nan,-nan,0.82914,0.422776,-0.36577,-0.486544,0.867949,-0.0996943,0.275322,0.260624,0.92535,6.55239,-29.1137,-18.3691,0.951635,0.0946576,-0.168418,-0.238884
319,0,-0.301069,-0.33047,1.53681,-nan,-nan,-nan,0.862363,0.390629,-0.322087,-0.434804,0.897323,-0.0758778,0.259376,0.205479,0.943665,4.83344,-25.7728,-16.7399,0.962204,0.0731021,-0.151076,-0.214464
327,0,-0.301851,-0.330026,1.53654,-nan,-nan,-nan,0.840942,0.401254,-0.363058,-0.458666,0.884555,-0.0847809,0.287126,0.237818,0.927901,5.47484,-27.301,-18.8517,0.955693,0.0843887,-0.170082,-0.224946
335,0,-0.301006,-0.330716,1.53649,-nan,-nan,-nan,0.845074,0.393846,-0.361574,-0.45145,0.887954,-0.087926,0.286432,0.237536,0.928188,5.65505,-26.8367,-18.7237,0.956715,0.0850468,-0.169331,-0.220885
343,0,-0.300785,-0.331117,1.53611,-nan,-nan,-nan,0.861126,0.370922,-0.347677,-0.429968,0.89627,-0.108753,0.271273,0.24314,0.931286,6.91841,-25.4656,-17.4856,0.960297,0.0916103,-0.161135,-0.208501
350,0,-0.300858,-0.331489,1.53616,-nan,-nan,-nan,0.870015,0.354744,-0.34239,-0.414106,0.902678,-0.116997,0.267564,0.243575,0.932245,7.38499,-24.463,-17.0948,0.962411,0.0936638,-0.158445,-0.19972
358,0,-0.300598,-0.331109,1.53648,-nan,-nan,-nan,0.893236,0.283603,-0.348855,-0.339052,0.934498,-0.108432,0.295253,0.215135,0.930883,6.61854,-19.8191,-18.2909,0.969358,0.0834486,-0.166117,-0.160584
365,0,-0.300652,-0.331037,1.53608,-nan,-nan,-nan,0.908188,0.225512,-0.352617,-0.275462,0.956317,-0.0978709,0.315142,0.186018,0.930636,5.84339,-15.9895,-19.1368,0.974056,0.0728625,-0.171386,-0.128579
373,0,-0.300014,-0.331059,1.53574,-nan,-nan,-nan,0.916857,0.195358,-0.34815,-0.247589,0.962368,-0.112013,0.313166,0.188898,0.930723,6.63896,-14.3349,-18.8584,0.975954,0.0770812,-0.169402,-0.113465
381,0,-0.299831,-0.330953,1.53636,-nan,-nan,-nan,0.924407,0.207858,-0.319792,-0.251494,0.962538,-0.101351,0.286745,0.174115,0.942052,6.01086,-14.5659,-17.2336,0.978391,0.0703876,-0.154983,-0.117374
388,0,-0.29715,-0.330068,1.53742,-nan,-nan,-nan,0.943684,0.216985,-0.249755,-0.239461,0.968856,-0.0630534,0.228295,0.119309,0.966254,3.72357,-13.8547,-13.5996,0.984733,0.0462974,-0.121365,-0.115881
396,0,-0.299444,-0.329266,1.53631,-nan,-nan,-nan,0.933958,0.2103,-0.288958,-0.23977,0.968283,-0.0702708,0.265015,0.134913,0.954759,4.15082,-13.873,-15.8416,0.981962,0.0522383,-0.141037,-0.114584
403,0,-0.299093,-0.329466,1.53675,-nan,-nan,-nan,0.940593,0.214451,-0.26324,-0.241552,0.967491,-0.0749228,0.238615,0.134058,0.961817,4.42817,-13.9782,-14.2348,0.983603,0.0531162,-0.127555,-0.115901
411,0,-0.298759,-0.330314,1.53716,-nan,-nan,-nan,0.941723,0.23516,-0.240534,-0.262358,0.960981,-0.0876553,0.210536,0.145653,0.966675,5.21177,-15.21,-12.6021,0.983537,0.0593034,-0.114655,-0.126461
419,0,-0.295474,-0.329399,1.5367,-nan,-nan,-nan,0.953776,0.226299,-0.197737,-0.247057