105,0,-0.336157,-0.392832,1.45344,-nan,-nan,-nan,0.82711,0.560672,0.0391913,0.202984,-0.232965,-0.951065,-0.524105,0.794591,-0.306495,103.764,11.7115,32.3607,0.567373,0.769183,0.248204,-0.157607
113,0,-0.329959,-0.397404,1.45825,-nan,-nan,-nan,0.78418,0.620493,0.00715775,0.189339,-0.22827,-0.95501,-0.590943,0.750254,-0.296488,103.443,10.9142,37.001,0.56112,0.759759,0.266476,-0.192095
120,0,-0.329526,-0.397408,1.45976,-nan,-nan,-nan,0.762436,0.647054,0.00353536,0.182274,-0.209528,-0.960663,-0.620861,0.733089,-0.277693,102.304,10.5022,39.1563,0.564627,0.749943,0.276464,-0.205791
127,0,-0.330076,-0.397454,1.461,-nan,-nan,-nan,0.745196,0.666835,-0.00373692,0.177825,-0.204116,-0.96266,-0.642699,0.716706,-0.270687,101.971,10.2431,40.7763,0.563559,0.744983,0.28345,-0.21693
135,0,-0.329786,-0.397673,1.46205,-nan,-nan,-nan,0.737985,0.674818,-0.00035356,0.178033,-0.195203,-0.964469,-0.650909,0.7117,-0.264197,101.442,10.2552,41.4126,0.565373,0.741179,0.287667,-0.219671
143,0,-0.3297,-0.397883,1.46287,-nan,-nan,-nan,0.733343,0.679859,0.000623243,0.180852,-0.194195,-0.964148,-0.655363,0.707163,-0.265365,101.388,10.4194,41.7861,0.56431,0.740423,0.290615,-0.22107
151,0,-0.330696,-0.39797,1.46409,-nan,-nan,-nan,0.737379,0.675476,-0.00215257,0.176366,-0.195603,-0.964694,-0.652049,0.710965,-0.263365,101.462,10.1582,41.4857,0.565334,0.741004,0.287395,-0.220715
158,0,-0.331103,-0.398891,1.46559,-nan,-nan,-nan,0.745277,0.666742,0.00422625,0.186579,-0.202462,-0.961352,-0.640118,0.717262,-0.275291,101.893,10.7532,40.6593,0.562922,0.745491,0.286161,-0.213246
166,0,-0.330918,-0.399186,1.46657,-nan,-nan,-nan,0.73155,0.681787,-0.00132391,0.187692,-0.203258,-0.960967,-0.655444,0.702747,-0.27666,101.943,10.8181,41.8593,0.559382,0.74355,0.29234,-0.220822
174,0,-0.331232,-0.398868,1.46608,-nan,-nan,-nan,0.712838,0.70131,-0.00513399,0.18789,-0.198021,-0.962021,-0.675692,0.6848,-0.272926,101.631,10.8297,43.4676,0.557201,0.738882,0.30086,-0.230357
182,0,-0.331261,-0.399124,1.46648,0.843417,-0.464914,1.8218,0.712678,0.701474,-0.00488088,0.183746,-0.193387,-0.963763,-0.676999,0.685956,-0.266716,101.346,10.588,43.5293,0.559593,0.737018,0.300271,-0.231297
190,0,-0.333428,-0.411748,1.46951,0.843417,-0.464914,1.8218,0.519859,0.854001,-0.0207323,0.254989,-0.178292,-0.950364,-0.815308,0.488769,-0.310448,100.625,14.7729,57.4775,0.50772,0.708625,0.391247,-0.294952
197,0,-0.332544,-0.411727,1.4705,0.843417,-0.464914,1.8218,0.504778,0.862902,-0.0244819,0.258758,-0.178302,-0.949343,-0.823555,0.472873,-0.313285,100.637,14.9964,58.4948,0.503287,0.706464,0.396927,-0.300099
205,0,-0.33287,-0.420135,1.47451,0.843417,-0.464914,1.8218,0.556494,0.829259,-0.0514176,0.229223,-0.21272,-0.949846,-0.798606,0.516797,-0.308463,102.623,13.2514,55.13,0.508751,0.720707,0.367168,-0.294857
212,0,-0.322485,-0.407732,1.46926,0.843417,-0.464914,1.8218,0.469271,0.882397,0.0340686,0.345744,-0.148097,-0.926568,-0.812555,0.44659,-0.374581,99.081,20.2272,59.9925,0.486465,0.705682,0.43509,-0.275792
219,0,-0.318342,-0.409017,1.47166,0.843417,-0.464914,1.8218,0.562198,0.82517,-0.0550208,0.288469,-0.258019,-0.922069,-0.775061,0.502514,-0.383094,105.633,16.7663,54.0444,0.479866,0.742178,0.375126,-0.27961
226,0,-0.322468,-0.410782,1.47219,0.843417,-0.464914,1.8218,0.588816,0.807158,-0.0423357,0.280235,-0.252998,-0.925991,-0.758132,0.533374,-0.375163,105.281,16.2742,52.1647,0.490065,0.744476,0.365154,-0.268802
234,0,-0.32799,-0.413909,1.47084,0.843417,-0.464914,1.8218,0.587306,0.809245,0.0139226,0.26039,-0.172634,-0.949945,-0.766334,0.561534,-0.312108,100.3,15.0932,52.534,0.525015,0.719731,0.37154,-0.261352
241,0,-0.323682,-0.411385,1.4714,0.843417,-0.464914,1.8218,0.548885,0.8309,-0.0912672,0.243187,-0.263194,-0.933589,-0.799741,0.490238,-0.346527,105.744,14.0747,55.5371,0.484552,0.73461,0.36553,-0.303225
248,0,-0.326156,-0.412172,1.46626,0.843417,-0.464914,1.8218,0.525666,0.849439,-0.0461304,0.264132,-0.214522,-0.940327,-0.808646,0.482114,-0.337131,102.851,15.3154,56.9738,0.493461,0.720645,0.38631,-0.296532
256,0,-0.320928,-0.409234,1.46245,0.843417,-0.464914,1.8218,0.470447,0.868964,-0.15356,0.294096,-0.318469,-0.901157,-0.831978,0.378785,-0.405382,109.463,17.1034,60.5137,0.432029,0.740658,0.392577,-0.332656
262,0,-0.314832,-0.404967,1.45634,0.843417,-0.464914,1.8218,0.457002,0.853355,-0.250867,0.335787,-0.426694,-0.83975,-0.823648,0.299529,-0.481546,116.936,19.6204,60.9762,0.370393,0.768967,0.386604,-0.349337
269,0,-0.310668,-0.40262,1.45231,0.843417,-0.464914,1.8218,0.469145,0.839525,-0.274044,0.376665,-0.470892,-0.797737,-0.798766,0.271032,-0.537136,120.553,22.1273,59.5727,0.339528,0.786952,0.386361,-0.340812
276,0,-0.310537,-0.400769,1.44833,0.843417,-0.464914,1.8218,0.430949,0.862454,-0.265434,0.416408,-0.451026,-0.789417,-0.800554,0.22967,-0.553502,119.741,24.608,61.7058,0.326505,0.780301,0.409734,-0.341531
283,0,-0.309213,-0.397323,1.44017,0.843417,-0.464914,1.8218,0.40131,0.882237,-0.246187,0.445579,-0.422873,-0.789074,-0.800256,0.206968,-0.56281,118.187,26.4604,63.3673,0.322346,0.772495,0.429717,-0.338657
290,0,-0.306317,-0.3963,1.43134,0.843417,-0.464914,1.8218,0.514286,0.822861,-0.24168,0.390049,-0.475393,-0.788583,-0.763788,0.31129,-0.565444,121.083,22.9576,56.0462,0.344038,0.799238,0.379396,-0.314508
297,0,-0.304173,-0.395462,1.42371,0.843417,-0.464914,1.8218,0.428261,0.863632,-0.265957,0.428854,-0.453299,-0.781412,-0.79541,0.220591,-0.564502,120.118,25.3949,61.7013,0.320336,0.781995,0.413202,-0.339314
304,0,-0.303439,-0.393947,1.41656,0.843417,-0.464914,1.8218,0.284202,0.914786,-0.287046,0.508491,-0.397631,-0.763758,-0.812814,0.0711015,-0.578168,117.503,30.5634,70.7277,0.27767,0.751665,0.473375,-0.365808
311,0,-0.301407,-0.391933,1.407,0.843417,-0.464914,1.8218,0.254168,0.922386,-0.290864,0.528952,-0.384349,-0.756628,-0.809697,0.0384572,-0.585587,116.93,31.9347,72.5727,0.266567,0.745672,0.486588,-0.368983
319,0,-0.29889,-0.389568,1.39607,0.843417,-0.464914,1.8218,0.195979,0.936553,-0.29062,0.553996,-0.350284,-0.755242,-0.809124,-0.0129905,-0.587495,114.882,33.6416,76.3845,0.254067,0.730369,0.510204,-0.376434
325,0,-0.298547,-0.38841,1.39077,0.843417,-0.464914,1.8218,0.220361,0.927627,-0.301577,0.554817,-0.373491,-0.743426,-0.802259,-0.00349731,-0.596966,116.675,33.6981,74.641,0.249952,0.740071,0.500778,-0.372882
332,0,-0.296155,-0.385556,1.37756,0.843417,-0.464914,1.8218,0.162824,0.951931,-0.259451,0.592544,-0.304602,-0.745727,-0.78891,-0.0323136,-0.613658,112.218,36.3378,78.3384,0.247267,0.721298,0.535311,-0.363359
340,0,-0.292516,-0.381132,1.36029,0.843417,-0.464914,1.8218,0.0963096,0.971201,-0.217929,0.623285,-0.22955,-0.747544,-0.776041,-0.0638361,-0.627443,107.07,38.5564,82.9256,0.2446,0.698803,0.570435,-0.355597
347,0,-0.290444,-0.377787,1.35014,0.843417,-0.464914,1.8218,0.066981,0.974466,-0.214311,0.64951,-0.205635,-0.732018,-0.757397,-0.0901659,-0.646699,105.691,40.5047,84.9462,0.23165,0.692697,0.586106,-0.350697
354,0,-0.286341,-0.374567,1.34093,0.843417,-0.464914,1.8218,0.00901835,0.972571,-0.232431,0.710745,-0.169738,-0.682664,-0.703392,-0.159043,-0.692781,103.963,45.2956,89.2654,0.191376,0.684021,0.615229,-0.34203
361,0,-0.285468,-0.372042,1.33244,0.843417,-0.464914,1.8218,-0.0451709,0.973792,-0.222909,0.724048,-0.121821,-0.678906,-0.688269,-0.192064,-0.69957,100.173,46.3897,93.7549,0.182646,0.666375,0.636969,-0.341841
367,0,-0.284235,-0.370574,1.3267,0.843417,-0.464914,1.8218,-0.0967152,0.965133,-0.243239,0.714119,-0.102945,-0.692413,-0.693311,-0.240668,-0.679263,98.4566,45.571,97.9414,0.17398,0.649133,0.646729,-0.360693
374,0,-0.28306,-0.368436,1.31901,0.843417,-0.464914,1.8218,-0.131137,0.964767,-0.228097,0.74487,-0.0559436,-0.66486,-0.654195,-0.257091,-0.71129,94.8097,48.148,101.335,0.159397,0.63955,0.668297,-0.344888
382,0,-0.280934,-0.36619,1.31348,0.843417,-0.464914,1.8218,-0.0992543,0.953999,-0.282905,0.788968,-0.0978008,-0.606601,-0.606364,-0.283411,-0.742967,99.1589,52.0892,99.2962,0.122452,0.659832,0.660383,-0.33693
390,0,-0.279087,-0.363776,1.30683,0.843417,-0.464914,1.8218,-0.101186,0.956246,-0.274507,0.803248,-0.0842735,-0.589653,-0.586987,-0.280162,-0.759576,98.1337,53.4414,99.7806,0.117223,0.66005,0.666425,-0.326299
397,0,-0.277552,-0.359947,1.29754,0.843417,-0.464914,1.8218