110,0,-0.337803,-0.388651,1.46227,-nan,-nan,-nan,0.835614,0.548951,0.0200767,0.188738,-0.25259,-0.948987,-0.515876,0.796776,-0.314676,104.905,10.8791,31.6896,0.563105,0.775061,0.237945,-0.159923
119,0,-0.338339,-0.389161,1.46639,-nan,-nan,-nan,0.842311,0.538764,0.0156692,0.164683,-0.229568,-0.959259,-0.513218,0.810575,-0.282093,103.459,9.4788,31.3538,0.576769,0.767133,0.229245,-0.162145
127,0,-0.338967,-0.389104,1.46945,-nan,-nan,-nan,0.850263,0.526096,0.0166269,0.144841,-0.203485,-0.968305,-0.506038,0.825722,-0.249216,101.868,8.32806,30.7592,0.591093,0.758776,0.221059,-0.16125
135,0,-0.339837,-0.390324,1.47327,-nan,-nan,-nan,0.863908,0.503344,0.0175418,0.138836,-0.20452,-0.968966,-0.484136,0.839533,-0.246569,101.919,7.98051,29.2664,0.59431,0.760756,0.211034,-0.153333
143,0,-0.340803,-0.391142,1.47706,-nan,-nan,-nan,0.866584,0.498908,0.0110672,0.133147,-0.209783,-0.96864,-0.480941,0.840881,-0.248223,102.22,7.65146,29.0296,0.593418,0.76233,0.207277,-0.154091
151,0,-0.34257,-0.392107,1.48033,-nan,-nan,-nan,0.860712,0.508974,0.0109426,0.135093,-0.207624,-0.968835,-0.49084,0.835367,-0.247463,102.096,7.76403,29.6949,0.592795,0.760888,0.211617,-0.157677
159,0,-0.344697,-0.390685,1.47425,-nan,-nan,-nan,0.814702,0.578688,0.0371608,0.173646,-0.182319,-0.967784,-0.55327,0.794909,-0.249023,100.669,9.99987,34.1807,0.588082,0.74934,0.250999,-0.172188
167,0,-0.345248,-0.390072,1.47246,-nan,-nan,-nan,0.797846,0.601976,0.0326652,0.176432,-0.181342,-0.967464,-0.576466,0.777651,-0.250891,100.616,10.162,35.8492,0.584297,0.746672,0.260626,-0.182075
175,0,-0.34482,-0.389969,1.47158,-nan,-nan,-nan,0.795227,0.605913,0.021988,0.170419,-0.188568,-0.967161,-0.581869,0.77286,-0.253213,101.033,9.81216,36.193,0.581689,0.747832,0.259527,-0.187168
183,0,-0.344399,-0.389449,1.46945,-nan,-nan,-nan,0.792594,0.609085,0.0284597,0.176317,-0.184258,-0.966934,-0.583702,0.771404,-0.253434,100.789,10.1553,36.3696,0.582001,0.746707,0.262955,-0.185897
191,0,-0.343723,-0.388466,1.46555,-nan,-nan,-nan,0.761587,0.64703,0.0365669,0.190054,-0.169046,-0.967111,-0.619569,0.743488,-0.251714,99.9149,10.9559,39.1292,0.57897,0.738638,0.28332,-0.197323
199,0,-0.344177,-0.389237,1.46764,-nan,-nan,-nan,0.702659,0.708283,0.0678637,0.21934,-0.124887,-0.967622,-0.676875,0.694794,-0.243108,97.3543,12.6703,43.9292,0.577638,0.719488,0.32232,-0.211613
207,0,-0.344759,-0.389472,1.46985,-nan,-nan,-nan,0.663836,0.743113,0.0842924,0.238134,-0.103184,-0.965736,-0.708953,0.661163,-0.245458,96.0986,13.7764,46.8824,0.57341,0.709309,0.345846,-0.220165
215,0,-0.344298,-0.388601,1.46855,-nan,-nan,-nan,0.646372,0.759332,0.0749582,0.234697,-0.104379,-0.966448,-0.726031,0.642277,-0.24568,96.1642,13.5738,48.3219,0.569279,0.706475,0.351756,-0.230395
222,0,-0.344578,-0.386746,1.46924,-nan,-nan,-nan,0.655321,0.753093,0.0583646,0.209008,-0.106536,-0.972093,-0.725858,0.649232,-0.227218,96.2543,12.0642,47.9236,0.574797,0.705173,0.341087,-0.236642
229,0,-0.342752,-0.385325,1.46169,-nan,-nan,-nan,0.65058,0.757344,0.0563462,0.197027,-0.0966662,-0.975621,-0.733434,0.645821,-0.212107,95.6585,11.3632,48.4259,0.579182,0.699884,0.340903,-0.241857
236,0,-0.340736,-0.386304,1.45684,-nan,-nan,-nan,0.630391,0.774714,0.0492578,0.178186,-0.082648,-0.98052,-0.755551,0.626888,-0.190144,94.8181,10.2641,50.1602,0.58258,0.689779,0.345364,-0.255985
244,0,-0.339767,-0.384151,1.45155,-nan,-nan,-nan,0.644947,0.763084,0.0417855,0.196705,-0.11292,-0.973938,-0.738479,0.636358,-0.22293,96.6135,11.3443,48.8678,0.572079,0.703704,0.340978,-0.247509
251,0,-0.338212,-0.381288,1.44531,-nan,-nan,-nan,0.66045,0.750015,0.0358206,0.221202,-0.148755,-0.963816,-0.717548,0.644476,-0.26415,98.7738,12.7796,47.3727,0.558468,0.719957,0.337248,-0.236725
259,0,-0.33643,-0.37932,1.43869,-nan,-nan,-nan,0.657911,0.75234,0.0337278,0.217663,-0.147087,-0.964877,-0.720955,0.642145,-0.260527,98.6675,12.5718,47.6178,0.559083,0.718597,0.337464,-0.239087
266,0,-0.333807,-0.376712,1.42809,-nan,-nan,-nan,0.676635,0.735224,0.0401336,0.224316,-0.153913,-0.962285,-0.701318,0.660119,-0.269065,99.0872,12.9627,46.0262,0.559834,0.724502,0.331103,-0.228151
274,0,-0.33217,-0.373011,1.41931,-nan,-nan,-nan,0.71339,0.699665,0.0392999,0.222317,-0.172781,-0.959542,-0.664567,0.693265,-0.278808,100.208,12.8452,42.9708,0.561649,0.735693,0.313304,-0.212476
281,0,-0.329719,-0.370388,1.40851,-nan,-nan,-nan,0.732453,0.679733,0.0384128,0.230293,-0.194268,-0.953533,-0.640686,0.707264,-0.29883,101.516,13.3143,41.1766,0.556631,0.745914,0.305004,-0.201857
288,0,-0.330668,-0.372851,1.41182,-nan,-nan,-nan,0.709236,0.704828,0.0142373,0.148356,-0.129479,-0.980421,-0.689184,0.697462,-0.196397,97.5232,8.53166,44.1785,0.588082,0.713287,0.299032,-0.236562
296,0,-0.335555,-0.382578,1.43257,-nan,-nan,-nan,0.657749,0.752969,-0.0201149,-0.0317244,0.00101192,-0.999496,-0.752569,0.658055,0.0245531,89.942,-1.81798,48.8464,0.648713,0.638785,0.282272,-0.302404
303,0,-0.338328,-0.388841,1.44534,-nan,-nan,-nan,0.625893,0.778386,-0.0487192,-0.142635,0.0528302,-0.988364,-0.766755,0.62556,0.144091,86.9403,-8.20038,50.7756,0.675058,0.597698,0.265916,-0.341089
311,0,-0.340664,-0.395305,1.4561,-nan,-nan,-nan,0.570022,0.815433,-0.100717,-0.284168,0.0806433,-0.955377,-0.770923,0.573207,0.277689,85.1751,-16.5091,53.5207,0.694326,0.550384,0.241315,-0.395924
318,0,-0.342217,-0.398723,1.46158,-nan,-nan,-nan,0.519057,0.84733,-0.112298,-0.36784,0.102847,-0.924184,-0.771539,0.521012,0.365066,83.65,-21.5825,56.0691,0.7048,0.512627,0.23384,-0.431034
325,0,-0.341673,-0.39844,1.45909,-nan,-nan,-nan,0.507883,0.855814,-0.0981671,-0.388975,0.12616,-0.912569,-0.768605,0.501663,0.396965,82.1289,-22.8907,56.5438,0.712567,0.496175,0.235219,-0.436727
332,0,-0.34008,-0.396935,1.45252,-nan,-nan,-nan,0.519457,0.851475,-0.0717876,-0.376043,0.152353,-0.913991,-0.767304,0.501775,0.399333,80.5364,-22.0888,55.9024,0.719573,0.491877,0.241642,-0.426474
340,0,-0.33884,-0.395169,1.44653,-nan,-nan,-nan,0.529959,0.845819,-0.0610996,-0.368216,0.16461,-0.915052,-0.763911,0.507438,0.39868,79.8021,-21.6056,55.2492,0.723403,0.491597,0.242884,-0.419557
346,0,-0.337896,-0.39415,1.44236,-nan,-nan,-nan,0.550218,0.832203,-0.0685364,-0.345244,0.15199,-0.926124,-0.760307,0.533232,0.370941,80.6801,-20.1967,54.1075,0.719922,0.506776,0.240224,-0.40888
354,0,-0.336278,-0.391388,1.43431,-nan,-nan,-nan,0.563212,0.823074,-0.0730861,-0.301882,0.122621,-0.945426,-0.769194,0.554539,0.317533,82.61,-17.5707,53.788,0.707702,0.529872,0.245904,-0.397398
361,0,-0.334283,-0.38773,1.42502,-nan,-nan,-nan,0.583829,0.809221,-0.0656193,-0.251705,0.10357,-0.962246,-0.771873,0.578304,0.264152,83.8567,-14.5784,52.8969,0.698489,0.551386,0.252779,-0.379721
369,0,-0.331763,-0.384763,1.41432,-nan,-nan,-nan,0.539794,0.838805,-0.0709052,-0.277799,0.097991,-0.955628,-0.794638,0.53554,0.285914,84.1453,-16.1289,55.8119,0.693488,0.537561,0.260903,-0.402532
376,0,-0.329847,-0.382356,1.40523,-nan,-nan,-nan,0.49781,0.864228,-0.0727655,-0.304463,0.0955809,-0.947717,-0.812088,0.493937,0.310707,84.241,-17.7259,58.4917,0.689945,0.52238,0.267892,-0.423472
384,0,-0.32614,-0.377308,1.39106,-nan,-nan,-nan,0.421197,0.903781,-0.0759862,-0.35789,0.0886377,-0.929547,-0.833372,0.418717,0.360788,84.553,-20.9706,63.1874,0.683853,0.492892,0.276882,-0.461236
391,0,-0.32281,-0.375135,1.38065,-nan,-nan,-nan,0.37619,0.919313,-0.115523,-0.4071,0.0519973,-0.911902,-0.832316,0.390078,0.393813,86.7365,-24.0228,65.678,0.674908,0.482281,0.265516,-0.491331
399,0,-0.320963,-0.372513,1.37056,-nan,-nan,-nan,0.381335,0.915805,-0.126039,-0.44669,0.0631731,-0.892456,-0.809353,0.396625,0.433171,85.951,-26.5315,64.7721,0.685142,0.47037,0.249333,-0.497158
406,0,-0.320714,-0.369752,1.36798,-nan,-nan,-nan,0.406226,0.907295,-0.108607,-0.429303,0.0845766,-0.899192,-0.806647,0.411901,0.423862,84.6267,-25.4233,63.2702,0.691857,0.473758,0.252234,-0.482975
413,0,-0.319064,-0.367665,1.36277,-nan,-nan,-nan,0.41582,0.903322,-0.10537,-0.423184,0.0896327,-0.901599,-0.80499,0.419494,0.419542,84.3226,-25.0357,62.6812,0.693721,0.47609,0.252126,-0.47804
420,0,-0.318052,-0.365905,1.35673,-nan,-nan,-nan,0.422851,0.900549,-0.101035,-0.397964,0.0843739,-0.913513,-0.814138,0.426488,0.394064,84.723,-23.451,62.5533,0.689436,0.485905,0.258582,-0.470861
428,0,-0.316735,-0.364136,1.35115,-nan,-nan,-nan,0.443985,0.890713,-0.0975054,-0.386167,0.0920151,-0.917828,-0.80855,0.445155,0.384817,84.2751,-22.7162,61.2283,0.692968,0.491719,0.256521,-0.460657
434,0,-0.315273,-0.362889,1.34316,-nan,-nan,-nan,0.488414,0.866121,-0.106231,-0.376171,0.0991362,-0.921231,-0.787367,0.489904,0.37423,83.8579,-22.0967,58.1881,0.700318,0.503748,0.243152,-0.443475
442,0,-0.31253,-0.360068,1.33651,-nan,-nan,-nan,0.499692,0.856433,-0.12973,-0.367848,0.074217,-0.926919,-0.784216,0.510895,0.352123,85.4222,-21.583,57.4952,0.693908,0.518014,0.235797,-0.441082
450,0,-0.310382,-0.357754,1.33069,-nan,-nan,-nan,0.479928,0.866288,-0.13862,-0.355695,0.0477004,-0.933384,-0.801967,0.497263,0.331026,87.0745,-20.836,59.1021,0.681662,0.524691,0.243283,-0.448163
458,0,-0.308414,-0.355297,1.3242,-nan,-nan,-nan,0.46324,0.871738,-0.159628,-0.362449,0.0219883,-0.931744,-0.808727,0.489478,0.326146,88.6481,-21.2507,60.1959,0.672937,0.527993,0.241144,-0.458508
466,0,-0.306038,-0.35244,1.31553,-nan,-nan,-nan,0.472889,0.864091,-0.172404,-0.366979,0.0152607,-0.930104,-0.801064,0.503104,0.32432,89.06,-21.5294,59.4455,0.67314,0.532285,0.23348,-0.457212
474,0,-0.303859,-0.350197,1.30559,-nan,-nan,-nan,0.521536,0.832003,-0.189132,-0.379719,0.0278239,-0.924683,-0.764077,0.554072,0.330439,88.2765,-22.3163,55.6838,0.685529,0.539276,0.209672,-0.441893
482,0,-0.301754,-0.348541,1.29801,-nan,-nan,-nan,0.527646,0.831564,-0.173468,-0.396977,0.0608488,-0.915809,-0.750999,0.552085,0.362218,86.1987,-23.3893,54.9084,0.69834,0.525495,0.206752,-0.439808
490,0,-0.297207,-0.345613,1.28551,-nan,-nan,-nan,0.43731,0.891374,-0.119217,-0.382215,0.064224,-0.921839,-0.814046,0.448696,0.368782,86.0147,-22.471,61.755,0.683798,0.501075,0.254033,-0.465631
498,0,-0.293461,-0.341822,1.2707,-nan,-nan,-nan,0.37731,0.918854,-0.115523,-0.414696,0.0560998,-0.908229,-0.828049,0.39059,0.402212,86.4654,-24.5002,65.5031,0.677425,0.479322,0.262954,-0.492139
505,0,-0.290967,-0.338696,1.25978,-nan,-nan,-nan,0.350699,0.926562,-0.135987,-0.431693,0.0310872,-0.901485,-0.831055,0.374854,0.410893,88.025,-25.575,67.1206,0.669455,0.476634,0.259565,-0.507224
513,0,-0.288135,-0.336823,1.24928,-nan,-nan,-nan,0.331707,0.932703,-0.141547,-0.452506,0.0256521,-0.891393,-0.827773,0.359732,0.430562,88.3516,-26.9046,68.1629,0.668566,0.467839,0.256604,-0.517977
521,0,-0.28553,-0.334653,1.23788,-nan,-nan,-nan,0.324062,0.937401,-0.127525,-0.457281,0.0372044,-0.888544,-0.828177,0.346258,0.440713,87.6024,-27.2118,68.6298,0.671189,0.459931,0.260974,-0.519482
530,0,-0.281314,-0.33066,1.22417,-nan,-nan,-nan,0.336725,0.929635,-0.149649,-0.437324,0.0136546,-0.8992,-0.833885,0.368228,0.41115,89.13,-25.9333,68.011,0.663613,0.477473,0.257769,-0.514969
538,0,-0.278954,-0.328578,1.2149,-nan,-nan,-nan,0.339518,0.929268,-0.145566,-0.420618,0.011574,-0.907164,-0.841313,0.369226,0.394796,89.269,-24.8736,68.0231,0.66066,0.482998,0.263277,-0.510809
546,0,-0.27622,-0.326567,1.20533,-nan,-nan,-nan,0.323292,0.934375,-0.149749,-0.405594,-0.00615424,-0.914033,-0.854971,0.356237,0.376987,90.3858,-23.9284,69.2868,0.650793,0.48797,0.270909,-0.514745
554,0,-0.273245,-0.32379,1.19297,-nan,-nan,-nan,0.286955,0.947633,-0.140175,-0.416073,-0.0085114,-0.909291,-0.862868,0.319248,0.391842,90.5363,-24.5869,71.605,0.646198,0.475296,0.279594,-0.527589
562,0,-0.271063,-0.321378,1.18267,-nan,-nan,-nan,0.262416,0.953687,-0.147033,-0.406358,-0.0289864,-0.913254,-0.875221,0.2994,0.379932,91.8179,-23.9763,73.3098,0.635091,0.477355,0.286647,-0.535374
570,0,-0.269789,-0.319568,1.17709,-nan,-nan,-nan,0.249884,0.95588,-0.15444,-0.353412,-0.0584579,-0.933639,-0.901475,0.287883,0.323212,93.5828,-20.6962,74.5069,0.615353,0.496269,0.303499,-0.531927
578,0,-0.267901,-0.317366,1.16829,-nan,-nan,-nan,0.21634,0.964659,-0.150435,-0.324183,-0.0743647,-0.943067,-0.920925,0.252791,0.296638,94.5087,-18.9161,76.78,0.599711,0.498514,0.321192,-0.537276
586,0,-0.262559,-0.31541,1.15234,-nan,-nan,-nan,0.137401,0.984083,-0.112698,-0.468715,-0.0356357,-0.882631,-0.872598,0.174098,0.456358,92.312,-27.9509,81.0515,0.624124,0.423284,0.304387,-0.581935
595,0,-0.261452,-0.31462,1.14605,-nan,-nan,-nan,0.0901158,0.990441,-0.104434,-0.527203,-0.0415232,-0.848724,-0.844947,0.131541,0.518422,92.8009,-31.8167,83.9123,0.625902,0.391541,0.295778,-0.606183
601,0,-0.259786,-0.312867,1.13888,-nan,-nan,-nan,0.0440109,0.991166,-0.125115,-0.530065,-0.0829874,-0.843887,-0.846814,0.103459,0.521729,95.6164,-32.0098,87.0249,0.608842,0.388995,0.296341,-0.624641
609,0,-0.256922,-0.30962,1.12759,-nan,-nan,-nan,0.0360068,0.993943,-0.103834,-0.495156,-0.0725071,-0.865773,-0.868058,0.0825878,0.489546,94.7873,-29.68,87.6247,0.602712,0.393373,0.316994,-0.617666
617,0,-0.254544,-0.305453,1.1201,-nan,-nan,-nan,0.100482,0.991634,-0.0810262,-0.422893,-0.0311485,-0.905644,-0.900591,0.125266,0.416225,91.9698,-25.0174,83.6337,0.609417,0.422908,0.336209,-0.580278
626,0,-0.25282,-0.302313,1.11337,-nan,-nan,-nan,0.146515,0.986441,-0.0739453,-0.36835,-0.0149714,-0.929567,-0.918069,0.163433,0.361162,90.9227,-21.6139,80.9326,0.610882,0.447304,0.345453,-0.554441
634,0,-0.250998,-0.29973,1.10643,-nan,-nan,-nan,0.140841,0.987167,-0.0752685,-0.328155,-0.0251808,-0.944288,-0.934065,0.157694,0.320397,91.5275,-19.1568,81.4254,0.599178,0.459789,0.358323,-0.548803
642,0,-0.249549,-0.297646,1.09923,-nan,-nan,-nan,0.141046,0.987099,-0.0757754,-0.311541,-0.028397,-0.949808,-0.939706,0.157573,0.303517,91.7125,-18.1521,81.4639,0.595014,0.465276,0.362988,-0.545634
650,0,-0.245594,-0.293962,1.08462,-nan,-nan,-nan,0.147521,0.986774,-0.0671888,-0.286953,-0.0223092,-0.957685,-0.946518,0.160558,0.279866,91.3345,-16.6756,81.1414,0.59268,0.471689,0.370912,-0.537274
657,0,-0.242296,-0.291608,1.07439,-nan,-nan,-nan,0.0609667,0.99299,-0.101257,-0.308153,-0.077765,-0.948153,-0.949381,0.0890084,0.301252,94.6888,-17.948,86.3257,0.566669,0.457569,0.374171,-0.574032
666,0,-0.240585,-0.289521,1.06792,-nan,-nan,-nan,0.0362125,0.99224,-0.118951,-0.328613,-0.100587,-0.939093,-0.94377,0.0730957,0.322421,96.1137,-19.1846,87.8026,0.560813,0.451215,0.367689,-0.588811
674,0,-0.237536,-0.285839,1.05334,-nan,-nan,-nan,0.0459506,0.989796,-0.134879,-0.335234,-0.111913,-0.935465,-0.941014,0.0882012,0.32667,96.822,-19.5867,87.2044,0.561406,0.455849,0.35898,-0.590049
682,0,-0.234831,-0.281992,1.03943,-nan,-nan,-nan,0.0333799,0.987158,-0.15622,-0.346024,-0.135226,-0.92843,-0.937632,0.0850468,0.337067,98.2869,-20.2443,87.9611,0.555702,0.455944,0.351542,-0.599773
690,0,-0.23366,-0.280157,1.03252,-nan,-nan,-nan,0.0352259,0.986604,-0.159284,-0.354729,-0.136662,-0.924928,-0.934305,0.0890842,0.345163,98.4049,-20.7768,87.8408,0.557613,0.454622,0.347473,-0.601373
698,0,-0.230254,-0.276245,1.01633,-nan,-nan,-nan,0.0502735,0.984865,-0.165873,-0.371821,-0.135688,-0.918334,-0.926942,0.107843,0.359372,98.4049,-21.828,86.8956,0.564349,0.454585,0.337145,-0.600996
706,0,-0.226593,-0.272337,0.999068,-nan,-nan,-nan,0.0151948,0.988456,-0.150747,-0.318609,-0.138119,-0.937769,-0.947764,0.0622786,0.312832,98.3786,-18.5788,89.0815,0.545415,0.458389,0.365327,-0.599115
714,0,-0.224549,-0.271073,0.990794,-nan,-nan,-nan,0.008958,0.988041,-0.153934,-0.30877,-0.143684,-0.940221,-0.951095,0.0559525,0.30379,98.6887,-17.9851,89.4604,0.540616,0.460666,0.368635,-0.599691
722,0,-0.22271,-0.268205,0.982325,-nan,-nan,-nan,0.0235647,0.987462,-0.15609,-0.298083,-0.142091,-0.943905,-0.954249,0.0687706,0.290997,98.5608,-17.3425,88.5854,0.541403,0.467616,0.36856,-0.593617
730,0,-0.218143,-0.260431,0.962289,-nan,-nan,-nan,-0.109614,0.976013,-0.188107,-0.220559,-0.208413,-0.952847,-0.969195,-0.0629566,0.238113,102.338,-12.7419,96.4526,0.479606,0.463866,0.407151,-0.623727
738,0,-0.214054,-0.256695,0.950225,-nan,-nan,-nan,-0.164814,0.96501,-0.20394,-0.164993,-0.230828,-0.958903,-0.972427,-0.124392,0.197264,103.535,-9.49682,99.6195,0.447667,0.466034,0.429163,-0.631052
746,0,-0.211046,-0.253102,0.939253,-nan,-nan,-nan,-0.181132,0.961779,-0.20536,-0.116384,-0.228309,-0.966607,-0.976548,-0.151183,0.15329,103.29,-6.68347,100.508,0.431233,0.472728,0.447083,-0.625046
755,0,-0.209075,-0.250502,0.930125,-nan,-nan,-nan,-0.201455,0.96006,-0.194166,-0.0891455,-0.215378,-0.972453,-0.975433,-0.178597,0.128974,102.488,-5.11445,101.669,0.421942