105,0,-0.336742,-0.387378,1.45684,0,0,0,0.825588,0.564229,0.00713212,0.183049,-0.255841,-0.949231,-0.533758,0.784979,-0.3145,105.084,10.5474,32.8834,0.560189,0.773939,0.241388,-0.170112
112,1,-0.336355,-0.386879,1.45821,0,0,0,0.832091,0.554637,0.00165003,0.153972,-0.228135,-0.961378,-0.532839,0.800207,-0.275228,103.349,8.85717,32.634,0.576352,0.76411,0.231841,-0.173794
120,1,-0.336154,-0.387358,1.45781,0,0,0,0.823362,0.567481,-0.00634611,0.131578,-0.201761,-0.970556,-0.552052,0.798285,-0.24079,101.743,7.56078,33.8413,0.58754,0.752648,0.2322,-0.185478
127,1,-0.336185,-0.391258,1.46312,0,0,0,0.823567,0.564361,-0.0568664,0.0175523,-0.125563,-0.99193,-0.566948,0.815923,-0.113315,97.2144,1.00572,34.5437,0.629422,0.718061,0.202599,-0.217187
134,1,-0.33835,-0.39268,1.46898,0,0,0,0.80325,0.593149,-0.0544343,0.0320813,-0.134337,-0.990416,-0.594777,0.793806,-0.126935,97.7243,1.83844,36.5186,0.620882,0.718422,0.217571,-0.225916
142,1,-0.339017,-0.393951,1.472,0,0,0,0.808024,0.584765,-0.0717471,0.0279846,-0.159739,-0.986763,-0.588485,0.79532,-0.145437,99.1954,1.60361,36.0659,0.612953,0.726842,0.210757,-0.227089
148,1,-0.33824,-0.39429,1.47201,0,0,0,0.84134,0.537629,-0.0557056,0.0356407,-0.15802,-0.986793,-0.539331,0.828242,-0.15211,99.0978,2.04249,32.6614,0.61871,0.733394,0.195417,-0.202836
156,1,-0.337368,-0.393363,1.46932,0,0,0,0.863389,0.501363,-0.0565251,0.0347029,-0.170779,-0.984698,-0.503344,0.848216,-0.164847,99.8391,1.98873,30.2416,0.618013,0.741454,0.180748,-0.188774
162,1,-0.336982,-0.392988,1.46766,0,0,0,0.851987,0.520403,-0.057429,0.0521502,-0.193495,-0.979714,-0.520959,0.831709,-0.191994,101.172,2.98934,31.4442,0.605495,0.74791,0.191384,-0.193335
170,1,-0.336864,-0.392494,1.46567,0,0,0,0.847308,0.528086,-0.056518,0.0627683,-0.205241,-0.976697,-0.527379,0.824016,-0.20705,101.867,3.59872,31.8988,0.598961,0.751598,0.196532,-0.194219
176,1,-0.33643,-0.39176,1.46176,0,0,0,0.820837,0.566324,-0.0741877,0.0772282,-0.238743,-0.968007,-0.565917,0.788847,-0.239705,103.855,4.42926,34.5839,0.579307,0.75817,0.212206,-0.211069
184,1,-0.338107,-0.399694,1.47202,0,0,0,0.883276,0.468689,-0.0124033,0.100372,-0.214866,-0.971472,-0.457984,0.856833,-0.236829,102.472,5.76058,27.407,0.598243,0.764031,0.186204,-0.153916
191,1,-0.333987,-0.409241,1.47134,0,0,0,0.921616,0.38688,-0.0307926,0.0715276,-0.2473,-0.966295,-0.381456,0.88835,-0.255588,104.355,4.10173,22.4846,0.595552,0.778541,0.147201,-0.132378
198,1,-0.33125,-0.41925,1.47202,0,0,0,0.924965,0.379825,-0.0131411,0.0925384,-0.25862,-0.961536,-0.368614,0.888172,-0.274363,105.054,5.30966,21.7281,0.589911,0.783892,0.150647,-0.12175
205,1,-0.324591,-0.42531,1.47289,0,0,0,0.924006,0.382302,0.00758492,0.115481,-0.260093,-0.958653,-0.364523,0.886677,-0.284476,105.18,6.63139,21.5293,0.587247,0.785585,0.158412,-0.11359
213,1,-0.321767,-0.41905,1.4771,0,0,0,0.908692,0.417421,0.0062621,0.135747,-0.281259,-0.949982,-0.394781,0.864091,-0.312241,106.492,7.80182,23.4825,0.573409,0.790916,0.17485,-0.122807
220,1,-0.323813,-0.415867,1.47751,0,0,0,0.907164,0.420745,0.00521774,0.140832,-0.291914,-0.946019,-0.39651,0.858929,-0.324069,107.149,8.09599,23.6095,0.568151,0.794221,0.17677,-0.123169
226,1,-0.327959,-0.41136,1.47623,0,0,0,0.872785,0.485969,0.0455988,0.216666,-0.302017,-0.928354,-0.43738,0.820134,-0.368889,108.021,12.5133,26.6169,0.548151,0.797448,0.220276,-0.122823
233,1,-0.325681,-0.412119,1.47529,0,0,0,0.861708,0.504657,0.0527325,0.249813,-0.331494,-0.909783,-0.441648,0.79714,-0.411721,110.02,14.4665,27.1363,0.528794,0.806989,0.23373,-0.120484
240,1,-0.328744,-0.410479,1.47895,0,0,0,0.88439,0.46579,0.0298908,0.275645,-0.469537,-0.838782,-0.376661,0.75005,-0.543647,119.239,16.0004,23.0691,0.466692,0.851113,0.217784,-0.101858
248,1,-0.328575,-0.416491,1.50018,0,0,0,0.826411,0.562707,0.0201391,0.387034,-0.541707,-0.746163,-0.408961,0.624432,-0.665459,125.979,22.77,26.3292,0.393461,0.870858,0.272645,-0.11162
255,1,-0.320568,-0.430573,1.47027,0,0,0,0.774836,0.623543,0.104033,0.265695,-0.171895,-0.948608,-0.573616,0.762657,-0.298863,100.271,15.4083,36.5128,0.570981,0.749265,0.296703,-0.156681
263,1,-0.322843,-0.431779,1.47433,0,0,0,0.779034,0.619833,0.094414,0.243116,-0.159827,-0.956739,-0.577928,0.768286,-0.275202,99.4839,14.0705,36.57,0.579656,0.743986,0.289975,-0.162474
271,1,-0.325015,-0.429793,1.47457,0,0,0,0.785985,0.611805,0.0890092,0.228123,-0.153183,-0.961507,-0.57462,0.776035,-0.259966,99.052,13.1866,36.1699,0.585841,0.741474,0.283195,-0.163732
278,1,-0.322692,-0.431037,1.47674,0,0,0,0.774063,0.63043,0.0581811,0.210607,-0.169743,-0.962721,-0.597052,0.75746,-0.264165,99.9994,12.158,37.6438,0.578825,0.742962,0.283001,-0.181325
286,1,-0.314161,-0.433174,1.48404,0,0,0,0.768016,0.638439,0.0504569,0.231944,-0.20385,-0.951129,-0.596953,0.742186,-0.304643,102.097,13.4116,37.8567,0.561143,0.754405,0.288434,-0.181102
293,1,-0.305519,-0.4308,1.48972,0,0,0,0.781549,0.621521,0.0537933,0.237927,-0.217252,-0.946674,-0.576691,0.752671,-0.31767,102.925,13.7642,36.423,0.558262,0.760998,0.282342,-0.17178
300,1,-0.302199,-0.427306,1.49533,0,0,0,0.78602,0.617663,0.025776,0.214218,-0.233022,-0.948584,-0.579899,0.751128,-0.315474,103.802,12.3697,36.4187,0.55622,0.763956,0.272228,-0.181333
308,1,-0.288664,-0.437561,1.49597,0,0,0,0.796399,0.604558,-0.0160517,0.138936,-0.208727,-0.968055,-0.588596,0.768728,-0.250225,102.168,7.98628,36.4671,0.57824,0.750891,0.247537,-0.20131
315,1,-0.282948,-0.447258,1.4977,0,0,0,0.794409,0.607206,-0.0146319,0.135069,-0.200095,-0.970422,-0.592174,0.768936,-0.240972,101.651,7.76258,36.7018,0.581666,0.747575,0.248227,-0.202925
322,1,-0.283489,-0.449561,1.49843,0,0,0,0.788674,0.614777,0.00659563,0.16986,-0.207571,-0.96336,-0.590882,0.760897,-0.268132,102.159,9.77967,36.8409,0.572925,0.752392,0.260714,-0.194143
330,1,-0.283287,-0.447239,1.49934,0,0,0,0.791527,0.609445,0.0454106,0.231389,-0.230088,-0.945261,-0.565636,0.758707,-0.323139,103.68,13.3789,35.5501,0.556395,0.765629,0.274556,-0.169869
337,1,-0.285919,-0.450534,1.50273,0,0,0,0.763028,0.646281,0.0104967,0.201872,-0.22285,-0.953722,-0.614033,0.729835,-0.300507,103.152,11.6465,38.8247,0.556703,0.75604,0.280459,-0.199572
345,1,-0.295533,-0.447663,1.49959,0,0,0,0.764499,0.643822,0.0321515,0.227178,-0.222412,-0.948115,-0.603267,0.732138,-0.316296,103.202,13.131,38.277,0.553577,0.758816,0.28696,-0.18816
352,1,-0.292046,-0.436334,1.50966,0,0,0,0.715585,0.698525,0.00125398,0.212624,-0.216106,-0.952937,-0.665379,0.682174,-0.303166,102.777,12.2762,42.9179,0.54688,0.747472,0.304743,-0.222124
360,1,-0.293817,-0.432254,1.51077,0,0,0,0.673407,0.738947,0.0218937,0.231774,-0.18291,-0.955419,-0.702,0.64846,-0.294441,100.838,13.4015,46.1909,0.546822,0.733273,0.330955,-0.231873
366,1,-0.297459,-0.427352,1.50764,0,0,0,0.712641,0.701295,-0.0181009,0.196458,-0.224273,-0.954518,-0.673459,0.676673,-0.297602,103.222,11.3299,43.3808,0.545611,0.747415,0.300286,-0.231317
374,1,-0.310132,-0.408769,1.48287,0,0,0,0.827193,0.560675,0.0373699,0.127055,-0.12184,-0.984384,-0.547366,0.819023,-0.172022,97.0558,7.29945,33.4932,0.619139,0.728192,0.236109,-0.17509
381,1,-0.29312,-0.41041,1.47074,0,0,0,0.834715,0.54913,0.0413238,0.137043,-0.134461,-0.981397,-0.533358,0.82485,-0.187491,97.8015,7.87675,32.5774,0.614972,0.73428,0.233621,-0.167523
388,1,-0.287284,-0.409943,1.45811,0,0,0,0.83351,0.551956,0.0246064,0.121946,-0.140347,-0.982564,-0.538879,0.821978,-0.184289,98.129,7.0044,32.8834,0.614181,0.734532,0.229364,-0.175034
394,1,-0.297477,-0.406121,1.45772,0,0,0,0.819045,0.572734,-0.0337716,0.0304757,-0.102211,-0.994296,-0.572919,0.813344,-0.10117,95.8693,1.7464,34.9726,0.635544,0.71106,0.212081,-0.213305
402,1,-0.30765,-0.402475,1.46225,0,0,0,0.816484,0.575707,-0.0437505,-0.0262451,-0.0386895,-0.998907,-0.576771,0.81674,-0.0164799,92.2181,-1.50391,35.2377,0.663573,0.684042,0.200815,-0.226785
408,1,-0.308432,-0.397821,1.45466,0,0,0,0.831981,0.553065,-0.0438925,-0.0389987,-0.0206188,-0.999027,-0.553431,0.832883,0.00441432,91.1824,-2.23503,33.6317,0.673754,0.67974,0.189067,-0.219688
416,1,-0.308405,-0.394067,1.44461,0,0,0,0.851831,0.522374,-0.0388578,-0.0594564,0.0227188,-0.997972,-0.520432,0.852414,0.050411,88.6959,-3.40861,31.4232,0.693715,0.66684,0.173549,-0.209679
422,1,-0.309387,-0.389973,1.44846,0,0,0,0.863658,0.503325,0.0275457,-0.00709452,0.0667775,-0.997743,-0.504028,0.861513,0.0612438,86.171,-0.40649,30.2677,0.705634,0.658718,0.188332,-0.180837
429,1,-0.309673,-0.389304,1.44864,0,0,0,0.86617,0.498699,0.032382,-0.0125495,0.0864812,-0.996174,-0.499592,0.86245,0.0811658,85.0384,-0.71905,29.9756,0.71306,0.651637,0.186511,-0.179245
435,1,-0.308285,-0.388622,1.44257,0,0,0,0.863739,0.502503,0.0380275,-0.0224002,0.11367,-0.993266,-0.503441,0.857071,0.109437,83.4715,-1.28354,30.2363,0.722296,0.640436,0.187412,-0.181679
442,1,-0.304546,-0.385358,1.42347,0,0,0,0.856756,0.513097,0.0519723,-0.0375215,0.162525,-0.985991,-0.514355,0.842803,0.158496,80.6399,-2.15033,30.9786,0.737865,0.619624,0.191881,-0.186558
448,1,-0.307684,-0.377145,1.41603,0,0,0,0.843317,0.536448,0.0322354,-0.0797342,0.184213,-0.979647,-0.531468,0.823583,0.198123,79.3505,-4.57329,32.2196,0.745931,0.604355,0.188926,-0.206514
456,1,-0.300553,-0.380841,1.40315,0,0,0,0.79865,0.600408,-0.040842,-0.0945444,0.0581577,-0.99382,-0.594322,0.797576,0.103213,86.6509,-5.4251,36.6551,0.700004,0.639781,0.19767,-0.248196
463,1,-0.298042,-0.377508,1.39365,0,0,0,0.791054,0.610865,-0.0328092,-0.0952517,0.0700157,-0.992988,-0.604285,0.788633,0.113572,85.9667,-5.46581,37.3761,0.70261,0.63393,0.20334,-0.251248
469,1,-0.293878,-0.378139,1.38697,0,0,0,0.792517,0.609847,-0.00177331,-0.0726193,0.0914835,-0.993155,-0.60551,0.787221,0.116789,84.7371,-4.16445,37.3811,0.707246,0.629334,0.213411,-0.241241
476,1,-0.279864,-0.379415,1.3742,0,0,0,0.789035,0.611712,-0.0568612,-0.124918,0.0691266,-0.989756,-0.601515,0.788055,0.130957,86.0048,-7.176,37.3198,0.70518,0.630268,0.19309,-0.261149
484,1,-0.259247,-0.378825,1.3688,0,0,0,0.823549,0.563,-0.0692701,-0.16894,0.126863,-0.977428,-0.541504,0.816662,0.199591,82.6048,-9.7262,33.3259,0.733144,0.611779,0.16103,-0.249589
490,1,-0.252267,-0.377629,1.36416,0,0,0,0.837256,0.53945,-0.0894179,-0.185079,0.125697,-0.974652,-0.514536,0.832583,0.205081,82.6514,-10.6657,31.5728,0.736212,0.613693,0.14436,-0.246033
498,1,-0.251665,-0.37302,1.36013,0,0,0,0.843708,0.527094,-0.101633,-0.195764,0.125832,-0.972544,-0.499834,0.840439,0.209352,82.6278,-11.2894,30.6436,0.738053,0.61411,0.134882,-0.244853
505,1,-0.249061,-0.367157,1.355,0,0,0,0.853799,0.490246,-0.175172,-0.245931,0.0832444,-0.965706,-0.458852,0.8676,0.191641,85.0733,-14.2368,28.2546,0.729501,0.628274,0.0972169,-0.252288
513,1,-0.247949,-0.364034,1.34835,0,0,0,0.897069,0.379742,-0.225971,-0.25411,0.0249478,-0.966853,-0.361517,0.924756,0.118876,88.5219,-14.7209,21.9493,0.714299,0.662051,0.0474403,-0.221844
520,1,-0.247071,-0.362178,1.34338,0,0,0,0.922203,0.293646,-0.25162,-0.257114,-0.0204147,-0.966165,-0.288848,0.955696,0.0566742,91.2105,-14.8989,17.3913,0.699725,0.686648,0.0133009,-0.196777
527,1,-0.236117,-0.361142,1.32929,0,0,0,0.888264,0.279689,-0.364364,-0.364153,-0.0546923,-0.929732,-0.279964,0.958532,0.0532683,93.3666,-21.3554,17.4939,0.686811,0.68733,-0.0307216,-0.234359
534,1,-0.233277,-0.360154,1.32393,0,0,0,0.881323,0.247749,-0.402355,-0.394058,-0.0845186,-0.915191,-0.260744,0.965131,0.0231392,95.2763,-23.2073,16.4811,0.674526,0.696904,-0.0524855,-0.237873
541,1,-0.23369,-0.356967,1.31814,0,0,0,0.873566,0.229743,-0.42907,-0.412653,-0.117834,-0.903234,-0.258071,0.966092,-0.0081314,97.4327,-24.3716,16.4583,0.660984,0.707024,-0.0646762,-0.24297
548,1,-0.228389,-0.356652,1.3091,0,0,0,0.845026,0.216493,-0.488939,-0.469345,-0.137832,-0.872191,-0.256215,0.966506,-0.0148618,98.9802,-27.9918,16.8675,0.650448,0.706704,-0.0894474,-0.263602
556,1,-0.223482,-0.351588,1.28038,0,0,0,0.831764,0.130698,-0.539524,-0.536557,-0.060014,-0.841727,-0.142391,0.989604,0.0202096,94.0782,-32.4496,9.71441,0.66932,0.684026,-0.148334,-0.249229
563,1,-0.222512,-0.348851,1.2702,0,0,0,0.809586,0.103524,-0.5778,-0.576172,-0.0480535,-0.815915,-0.112232,0.993465,0.0207444,93.3706,-35.1818,7.89256,0.66751,0.677661,-0.174367,-0.254564
570,1,-0.221745,-0.345744,1.25801,0,0,0,0.772912,0.0909751,-0.627957,-0.629304,-0.0166436,-0.776981,-0.0811374,0.995714,0.044387,91.2271,-38.9988,5.99275,0.670943,0.660524,-0.203751,-0.268383
577,1,-0.219954,-0.343012,1.24933,0,0,0,0.710869,0.118919,-0.693198,-0.697141,-0.0112636,-0.716846,-0.0930545,0.99284,0.0748964,90.9002,-44.1981,7.45775,0.666052,0.641724,-0.225261,-0.306305
585,1,-0.21879,-0.340755,1.23695,0,0,0,0.653496,0.183139,-0.73444,-0.751553,0.0415473,-0.658363,-0.090058,0.982209,0.16479,86.389,-48.7251,7.84648,0.681879,0.60149,-0.236253,-0.34269
593,1,-0.215224,-0.337115,1.22259,0,0,0,0.646976,0.235964,-0.725081,-0.758796,0.105489,-0.642729,-0.0751727,0.966019,0.247297,80.6793,-49.3582,6.62753,0.707065,0.568812,-0.229791,-0.351722
600,1,-0.2126,-0.332091,1.20301,0,0,0,0.632162,0.28287,-0.721357,-0.773294,0.171613,-0.610381,-0.048864,0.943681,0.327229,74.2963,-50.6506,4.41998,0.729898,0.532288,-0.230338,-0.361751
607,1,-0.212111,-0.325255,1.18615,0,0,0,0.60898,0.280228,-0.742035,-0.79294,0.238397,-0.560726,0.0197683,0.92986,0.367383,66.9668,-52.4611,-1.85924,0.744103,0.500799,-0.255947,-0.360557
615,1,-0.212857,-0.317673,1.1703,0,0,0,0.549941,0.286622,-0.784482,-0.8249,0.333483,-0.456431,0.130788,0.89813,0.419831,53.847,-55.5783,-13.3777,0.758824,0.44627,-0.301543,-0.366199
622,1,-0.211609,-0.313879,1.15759,0,0,0,0.508468,0.275032,-0.815976,-0.839185,0.370615,-0.398011,0.192947,0.887131,0.419249,47.0413,-57.0542,-20.7801,0.758012,0.423853,-0.332753,-0.36748
629,1,-0.209644,-0.303988,1.13257,0,0,0,0.416506,0.284297,-0.863538,-0.84592,0.469186,-0.253542,0.333079,0.836086,0.435912,28.3862,-57.7707,-38.6492,0.76184,0.357564,-0.392673,-0.370884
636,1,-0.20686,-0.299592,1.11427,0,0,0,0.352203,0.279812,-0.893117,-0.835397,0.524234,-0.165199,0.421978,0.804291,0.418391,17.4909,-56.6572,-50.15,0.757435,0.319991,-0.434062,-0.368087
642,1,-0.204425,-0.297163,1.0998,0,0,0,0.309064,0.266732,-0.912871,-0.824312,0.553861,-0.117249,0.47433,0.788728,0.391049,11.9527,-55.5188,-56.9125,0.750662,0.301726,-0.461992,-0.363361
650,1,-0.202803,-0.294085,1.08205,0,0,0,0.294108,0.255562,-0.920971,-0.81616,0.568598,-0.102855,0.497377,0.78191,0.375809,10.2535,-54.7022,-59.4034,0.748084,0.295677,-0.473994,-0.358156
657,1,-0.196687,-0.281212,1.05486,0,0,0,0.268299,0.300589,-0.915239,-0.875801,0.47182,-0.101779,0.401234,0.828874,0.389845,12.1731,-61.1399,-56.23,0.72972,0.318839,-0.45102,-0.403028
665,1,-0.193897,-0.277619,1.03686,0,0,0,0.251283,0.311304,-0.916486,-0.878378,0.471084,-0.0808204,0.406583,0.82533,0.391818,9.73503,-61.4473,-58.2824,0.727012,0.311601,-0.454968,-0.4091
672,1,-0.189121,-0.273006,1.01767,0,0,0,0.276736,0.294678,-0.914649,-0.857737,0.504883,-0.0968554,0.43325,0.811331,0.392475,10.8595,-59.0634,-57.4318,0.73724,0.307968,-0.457076,-0.390786
680,1,-0.185172,-0.267598,0.997264,0,0,0,0.305437,0.28988,-0.907016,-0.838385,0.533484,-0.111825,0.451463,0.794584,0.405976,11.8386,-56.97,-55.9197,0.749149,0.30248,-0.453341,-0.376515
687,1,-0.182249,-0.263343,0.979228,0,0,0,0.338917,0.293084,-0.894001,-0.80891,0.576005,-0.117825,0.480416,0.763099,0.432296,11.5607,-53.9896,-54.7984,0.766032,0.287496,-0.448551,-0.359644
694,1,-0.180387,-0.259426,0.962371,0,0,0,0.344186,0.286775,-0.894034,-0.808738,0.574263,-0.127144,0.476949,0.7668,0.429579,12.4842,-53.9728,-54.1842,0.766164,0.291695,-0.447353,-0.357467
701,1,-0.177479,-0.254346,0.944534,0,0,0,0.329756,0.299418,-0.895327,-0.831624,0.541002,-0.125371,0.446835,0.785917,0.427402,13.0473,-56.266,-53.5733,0.757984,0.300563,-0.442675,-0.373043
709,1,-0.174898,-0.250396,0.928153,0,0,0,0.315114,0.353145,-0.880904,-0.856962,0.504734,-0.104207,0.407822,0.787739,0.46168,11.6654,-58.9772,-52.3077,0.755236,0.295254,-0.426597,-0.400572
716,1,-0.172183,-0.246708,0.912644,0,0,0,0.27338,0.35389,-0.894441,-0.893275,0.438338,-0.0995934,0.356823,0.826209,0.435954,12.8007,-63.2877,-52.5424,0.732747,0.315867,-0.426909,-0.42551
723,1,-0.168677,-0.24264,0.894699,0,0,0,0.224599,0.312388,-0.923022,-0.924175,0.368612,-0.100126,0.308959,0.875522,0.371491,15.1966,-67.5443,-53.9846,0.700839,0.348029,-0.439466,-0.441101
731,1,-0.165333,-0.238954,0.87972,0,0,0,0.186126,0.302397,-0.934833,-0.945374,0.314286,-0.0865606,0.267629,0.899878,0.344375,15.3986,-70.9746,-55.1828,0.679115,0.363134,-0.442658