136,0,-0.337511,-0.387392,1.45585,-nan,-nan,-nan,0.843594,0.536862,0.011334,0.174014,-0.253346,-0.951596,-0.508004,0.804733,-0.307143,104.908,10.0213,31.0559,0.566371,0.775255,0.229239,-0.160163
145,0,-0.335971,-0.386303,1.45651,-nan,-nan,-nan,0.852519,0.522237,0.0219061,0.155458,-0.213317,-0.964535,-0.499043,0.82569,-0.263043,102.471,8.94339,30.3436,0.586549,0.763033,0.22204,-0.156329
153,0,-0.336017,-0.385981,1.45879,-nan,-nan,-nan,0.858588,0.511939,0.0272825,0.145014,-0.191474,-0.970726,-0.491729,0.83741,-0.238636,101.158,8.33808,29.8005,0.597595,0.756422,0.217125,-0.153501
162,0,-0.337286,-0.386796,1.46263,-nan,-nan,-nan,0.860765,0.508373,0.0253175,0.140754,-0.189931,-0.971656,-0.489155,0.83993,-0.235042,101.06,8.09146,29.6087,0.599123,0.755933,0.214677,-0.153399
171,0,-0.33851,-0.388263,1.4687,-nan,-nan,-nan,0.867011,0.497629,0.0256392,0.138098,-0.190531,-0.971919,-0.47877,0.846205,-0.233914,101.091,7.93782,28.9078,0.600534,0.756878,0.209984,-0.149671
179,0,-0.34045,-0.391268,1.47626,-nan,-nan,-nan,0.873297,0.486451,0.0267728,0.141669,-0.200983,-0.969297,-0.466135,0.850277,-0.244433,101.714,8.14444,28.0917,0.59747,0.761366,0.206248,-0.144268
188,0,-0.342511,-0.394636,1.48551,-nan,-nan,-nan,0.87068,0.490783,0.0323859,0.150405,-0.20298,-0.967563,-0.46829,0.847308,-0.250546,101.848,8.65039,28.2733,0.595221,0.762267,0.21029,-0.142963
196,0,-0.345292,-0.399907,1.49504,-nan,-nan,-nan,0.87118,0.489597,0.0366125,0.154727,-0.203014,-0.966874,-0.465945,0.847986,-0.252616,101.858,8.90094,28.1398,0.594884,0.762694,0.2112,-0.140729
205,0,-0.368963,-0.390959,1.46776,-nan,-nan,-nan,0.819971,0.569799,0.0545569,0.19262,-0.184919,-0.963692,-0.539022,0.800709,-0.261383,100.862,11.1057,33.3196,0.586018,0.752707,0.253225,-0.160907
214,0,-0.379007,-0.389824,1.46873,-nan,-nan,-nan,0.810332,0.58418,0.0457809,0.192015,-0.190909,-0.962644,-0.553618,0.788852,-0.266871,101.217,11.0704,34.3408,0.581496,0.753013,0.257697,-0.168602
223,0,-0.389502,-0.39037,1.47012,-nan,-nan,-nan,0.796354,0.603329,0.0425861,0.194383,-0.188627,-0.962619,-0.572743,0.774864,-0.267491,101.087,11.2087,35.7239,0.578843,0.750412,0.265758,-0.176622
231,0,-0.400537,-0.390669,1.47331,-nan,-nan,-nan,0.79298,0.608006,0.0388875,0.182438,-0.176071,-0.967324,-0.581292,0.774163,-0.250544,100.316,10.5118,36.2432,0.584458,0.744915,0.26528,-0.182035
240,0,-0.408404,-0.388758,1.46487,-nan,-nan,-nan,0.76549,0.643219,0.0171312,0.167246,-0.173188,-0.970585,-0.621332,0.745838,-0.240149,100.117,9.62771,39.0655,0.581411,0.738042,0.274532,-0.204663
248,0,-0.420023,-0.38992,1.47088,-nan,-nan,-nan,0.778411,0.625458,0.0536453,0.195334,-0.160114,-0.967579,-0.596591,0.763653,-0.246808,99.3961,11.2643,37.4673,0.585553,0.739143,0.277616,-0.18364
257,0,-0.43354,-0.372723,1.48077,-nan,-nan,-nan,0.680821,0.728876,0.0722695,0.232489,-0.121481,-0.964983,-0.694573,0.673782,-0.252162,97.1752,13.4437,45.5729,0.571659,0.71667,0.335358,-0.217082
266,0,-0.436434,-0.377112,1.4884,-nan,-nan,-nan,0.689266,0.720946,0.0717538,0.241713,-0.135461,-0.960846,-0.682998,0.679622,-0.267631,98.0248,13.9877,44.7383,0.567048,0.723249,0.332755,-0.211284
275,0,-0.441838,-0.364664,1.48143,-nan,-nan,-nan,0.582913,0.810847,0.0523336,0.289147,-0.146812,-0.94596,-0.759346,0.566545,-0.320033,98.8219,16.8069,52.4883,0.52822,0.715849,0.384157,-0.246914
282,0,-0.440528,-0.365409,1.48031,-nan,-nan,-nan,0.542158,0.839217,0.0421773,0.307713,-0.151582,-0.939327,-0.781906,0.522242,-0.34042,99.167,17.9215,55.2634,0.512386,0.71312,0.402082,-0.259328
291,0,-0.43917,-0.366954,1.47956,-nan,-nan,-nan,0.515254,0.855777,0.0464569,0.323502,-0.144009,-0.935205,-0.793637,0.496897,-0.351047,98.754,18.8749,57.0071,0.505024,0.708927,0.415868,-0.26349
298,0,-0.43769,-0.366447,1.47607,-nan,-nan,-nan,0.50712,0.85993,0.057876,0.329027,-0.131095,-0.935177,-0.796599,0.49329,-0.349421,97.9798,19.2097,57.5189,0.506608,0.704918,0.421665,-0.261989
308,0,-0.435934,-0.364671,1.47054,-nan,-nan,-nan,0.459837,0.885075,0.0720639,0.365384,-0.114619,-0.923773,-0.809348,0.451116,-0.376098,97.0729,21.4312,60.3966,0.49222,0.698311,0.447672,-0.263953
316,0,-0.43353,-0.359561,1.46268,-nan,-nan,-nan,0.337947,0.937187,0.086441,0.423502,-0.0694044,-0.903232,-0.840499,0.341852,-0.420356,94.394,25.0559,68.096,0.460485,0.675964,0.503241,-0.278882
325,0,-0.433041,-0.35828,1.45946,-nan,-nan,-nan,0.294855,0.94996,0.10313,0.452606,-0.043793,-0.890634,-0.841551,0.309285,-0.442871,92.815,26.911,70.6911,0.449497,0.667368,0.52541,-0.276617
333,0,-0.43119,-0.357108,1.45407,-nan,-nan,-nan,0.257904,0.957973,0.125591,0.475516,-0.0126993,-0.879615,-0.841053,0.286577,-0.458807,90.8271,28.393,72.9521,0.443395,0.657535,0.545024,-0.272024
341,0,-0.430104,-0.35633,1.4498,-nan,-nan,-nan,0.280997,0.951774,0.123157,0.50512,-0.0375588,-0.862231,-0.816024,0.304493,-0.491314,92.4942,30.3393,70.9989,0.433625,0.672657,0.54147,-0.257511
349,0,-0.429664,-0.356476,1.44869,-nan,-nan,-nan,0.338518,0.932901,0.122885,0.531508,-0.0818109,-0.843093,-0.776469,0.350717,-0.523539,95.5424,32.1074,66.4442,0.428126,0.697113,0.525169,-0.234389
357,0,-0.425985,-0.353299,1.43395,-nan,-nan,-nan,0.184825,0.977219,0.104326,0.533743,-0.0106765,-0.845579,-0.825202,0.211967,-0.523557,90.7234,32.2587,77.3755,0.403296,0.655564,0.576206,-0.274907
366,0,-0.419039,-0.349239,1.40808,-nan,-nan,-nan,-0.0770459,0.995091,0.0621121,0.507238,0.0927536,-0.8568,-0.858355,-0.0345073,-0.511894,83.8215,30.48,95.1291,0.354899,0.579244,0.648401,-0.343656
374,0,-0.415965,-0.347616,1.39748,-nan,-nan,-nan,-0.141234,0.988909,0.0459668,0.518344,0.113428,-0.847616,-0.843429,-0.0958854,-0.528615,82.378,31.2212,99.5061,0.333009,0.564348,0.667697,-0.353267
383,0,-0.413814,-0.346246,1.39064,-nan,-nan,-nan,-0.157583,0.986364,0.0474744,0.550187,0.127617,-0.825232,-0.820038,-0.103922,-0.562795,81.2092,33.3799,100.878,0.319077,0.565154,0.679705,-0.341749
391,0,-0.413065,-0.345365,1.38724,-nan,-nan,-nan,-0.167164,0.985273,0.0359504,0.574218,0.126935,-0.808802,-0.801455,-0.114559,-0.586981,81.0807,35.0449,101.782,0.305283,0.568525,0.685762,-0.336619
399,0,-0.408201,-0.342823,1.36982,-nan,-nan,-nan,-0.251133,0.967321,0.0349551,0.57076,0.177152,-0.801779,-0.781771,-0.181402,-0.596597,77.5408,34.8033,107.809,0.286977,0.540443,0.711492,-0.345465
408,0,-0.404816,-0.340381,1.3581,-nan,-nan,-nan,-0.314133,0.948782,0.0336665,0.549066,0.210491,-0.808839,-0.774498,-0.235597,-0.587066,75.413,33.303,112.077,0.27807,0.515374,0.726583,-0.359366
417,0,-0.40352,-0.339486,1.35131,-nan,-nan,-nan,-0.28472,0.957812,0.039132,0.572565,0.202658,-0.794417,-0.768833,-0.203781,-0.60611,75.689,34.9293,110.321,0.279208,0.528851,0.723444,-0.344946
425,0,-0.401171,-0.337717,1.34277,-nan,-nan,-nan,-0.290349,0.95608,0.0401105,0.58758,0.21121,-0.781115,-0.75528,-0.203228,-0.623098,74.8693,35.9855,111.028,0.272839,0.529514,0.72881,-0.337654
434,0,-0.398141,-0.335674,1.33242,-nan,-nan,-nan,-0.264028,0.963497,0.0443014,0.591084,0.197929,-0.781949,-0.762174,-0.18027,-0.621766,75.7955,36.2339,109.107,0.279345,0.538472,0.721755,-0.333291
442,0,-0.394707,-0.332497,1.32052,-nan,-nan,-nan,-0.250621,0.967012,0.0455711,0.576265,0.186845,-0.795617,-0.777886,-0.173138,-0.604083,76.784,35.1883,107.858,0.288158,0.54005,0.714414,-0.339003
451,0,-0.393089,-0.330956,1.31499,-nan,-nan,-nan,-0.230176,0.972193,0.0431368,0.571784,0.170978,-0.80239,-0.787453,-0.160026,-0.595239,77.971,34.8747,106.294,0.293923,0.546371,0.706469,-0.340573
459,0,-0.390703,-0.328827,1.30593,-nan,-nan,-nan,-0.254808,0.966287,0.0369127,0.542187,0.174373,-0.821966,-0.800691,-0.18943,-0.56834,78.0227,32.8326,107.653,0.296321,0.533657,0.706668,-0.357804
468,0,-0.387963,-0.325652,1.29378,-nan,-nan,-nan,-0.292842,0.955087,0.0453014,0.519466,0.198694,-0.831069,-0.802745,-0.219839,-0.554321,76.554,31.2964,110.042,0.29645,0.515457,0.715167,-0.367365
476,0,-0.384129,-0.321276,1.2774,-nan,-nan,-nan,-0.268774,0.962238,0.0431129,0.476703,0.171781,-0.862117,-0.836967,-0.211163,-0.504872,78.7311,28.4703,107.803,0.315489,0.515829,0.697393,-0.384747
485,0,-0.3809,-0.318772,1.26663,-nan,-nan,-nan,-0.28023,0.958951,0.043405,0.495109,0.183126,-0.849313,-0.822398,-0.216513,-0.526102,77.8324,29.6769,108.816,0.306918,0.515448,0.705241,-0.377823
494,0,-0.376782,-0.315337,1.25235,-nan,-nan,-nan,-0.274151,0.961197,0.0306718,0.493762,0.168056,-0.853204,-0.825252,-0.218762,-0.520675,78.8571,29.5881,108.377,0.305462,0.519247,0.700514,-0.382564
502,0,-0.370524,-0.308795,1.23191,-nan,-nan,-nan,-0.244968,0.968542,0.0437829,0.477087,0.159734,-0.864218,-0.844025,-0.190818,-0.501208,79.5282,28.4953,106.185,0.321542,0.523571,0.690274,-0.382108
511,0,-0.367715,-0.305872,1.21643,-nan,-nan,-nan,-0.161155,0.985346,0.0558817,0.469527,0.126349,-0.873831,-0.868086,-0.114584,-0.483008,81.7725,28.0036,100.517,0.347198,0.546695,0.665303,-0.371415
520,0,-0.367675,-0.305648,1.21181,-nan,-nan,-nan,-0.0998922,0.994394,0.0346687,0.464648,0.0774302,-0.882104,-0.879843,-0.0720065,-0.469778,84.9835,27.6875,96.4773,0.356286,0.568431,0.641697,-0.371714
528,0,-0.368842,-0.303887,1.20523,-nan,-nan,-nan,-0.112795,0.993576,0.00920668,0.42534,0.0566562,-0.903258,-0.897977,-0.097967,-0.428998,86.4109,25.1722,97.1594,0.35877,0.561148,0.632149,-0.395961
536,0,-0.368336,-0.302894,1.20032,-nan,-nan,-nan,-0.102506,0.99473,-0.00207216,0.380918,0.0373288,-0.923855,-0.918909,-0.0954902,-0.382737,87.6862,22.3906,96.3651,0.371512,0.557428,0.616963,-0.41305
545,0,-0.367245,-0.302725,1.19755,-nan,-nan,-nan,-0.0752022,0.997142,-0.00730188,0.362261,0.0204971,-0.931851,-0.929038,-0.0727224,-0.362767,88.7399,21.2391,94.6278,0.381618,0.56282,0.603835,-0.415914
554,0,-0.366494,-0.301586,1.19307,-nan,-nan,-nan,-0.0752714,0.997059,-0.0144282,0.385828,0.0157792,-0.922436,-0.919495,-0.0749998,-0.385881,89.02,22.6952,94.6799,0.372366,0.568953,0.607645,-0.410369
562,0,-0.366571,-0.302529,1.19298,-nan,-nan,-nan,-0.188349,0.981973,-0.0159434,0.404383,0.062749,-0.912434,-0.894985,-0.178303,-0.408912,86.0659,23.8525,101.884,0.341133,0.538009,0.644207,-0.423287
570,0,-0.365916,-0.302776,1.19421,-nan,-nan,-nan,-0.214385,0.9767,-0.00982953,0.410213,0.0808994,-0.908394,-0.886433,-0.198778,-0.417999,84.9108,24.2182,103.596,0.334857,0.529791,0.654462,-0.422932
580,0,-0.366748,-0.302968,1.19425,-nan,-nan,-nan,-0.190051,0.98176,-0.00532875,0.379507,0.0684577,-0.922653,-0.905458,-0.177373,-0.385595,85.7566,22.3032,101.854,0.351003,0.530822,0.641113,-0.428952
588,0,-0.365085,-0.304235,1.19083,-nan,-nan,-nan,-0.194287,0.980665,-0.0234281,0.357407,0.0485268,-0.932687,-0.913517,-0.189583,-0.359925,87.0216,20.941,102.007,0.351538,0.528467,0.632997,-0.443237
597,0,-0.365149,-0.306711,1.18897,-nan,-nan,-nan,-0.165146,0.985866,-0.0282025,0.336484,0.02944,-0.941229,-0.927095,-0.16493,-0.33659,88.2085,19.6628,100.1,0.363216,0.534323,0.618703,-0.446966
605,0,-0.365117,-0.308434,1.18532,-nan,-nan,-nan,-0.187057,0.982349,0.000904789,0.349146,0.0673447,-0.934645,-0.918208,-0.174516,-0.35558,85.8787,20.4351,101.515,0.362183,0.524685,0.634425,-0.437073
613,0,-0.364572,-0.309272,1.18492,-nan,-nan,-nan,-0.209061,0.977874,-0.00741674,0.356648,0.069182,-0.931674,-0.910547,-0.197422,-0.36322,85.7533,20.8945,102.931,0.352456,0.520811,0.640598,-0.440641
622,0,-0.363799,-0.315525,1.18216,-nan,-nan,-nan,-0.230981,0.97281,-0.0170019,0.323673,0.0603492,-0.944242,-0.917542,-0.223605,-0.328812,86.343,18.8852,104.13,0.35375,0.509284,0.636424,-0.458754
630,0,-0.364872,-0.316167,1.18396,-nan,-nan,-nan,-0.251357,0.967856,-0.00859197,0.335884,0.0788983,-0.938593,-0.907746,-0.238807,-0.344919,85.195,19.6263,105.478,0.347355,0.503653,0.647142,-0.454846
639,0,-0.366715,-0.317333,1.18577,-nan,-nan,-nan,-0.23875,0.971062,0.00614648,0.356577,0.0935536,-0.92957,-0.903245,-0.219743,-0.368594,84.253,20.8901,104.806,0.348644,0.508992,0.652092,-0.440625
647,0,-0.368217,-0.318796,1.1841,-nan,-nan,-nan,-0.247382,0.967559,0.0512992,0.295125,0.125674,-0.947158,-0.922878,-0.21917,-0.31664,82.4418,17.165,105.006,0.374717,0.485691,0.649942,-0.448628
656,0,-0.369888,-0.314984,1.18684,-nan,-nan,-nan,-0.243688,0.967386,0.0691426,0.293274,0.141455,-0.945505,-0.924449,-0.21013,-0.31818,81.4912,17.0541,104.767,0.380653,0.482969,0.652557,-0.442734
664,0,-0.369346,-0.317801,1.18737,-nan,-nan,-nan,-0.192887,0.98038,0.0406109,0.272137,0.0932149,-0.957733,-0.942728,-0.173682,-0.284778,84.441,15.7915,101.563,0.392285,0.499669,0.626674,-0.451357
672,0,-0.36831,-0.311127,1.18214,-nan,-nan,-nan,-0.200327,0.978569,0.0476711,0.28242,0.104271,-0.953607,-0.938141,-0.17757,-0.297255,83.7599,16.4047,102.054,0.389451,0.498161,0.632822,-0.446878
680,0,-0.368461,-0.31171,1.18248,-nan,-nan,-nan,-0.199492,0.978126,0.0589248,0.320745,0.122001,-0.939276,-0.925919,-0.168478,-0.338067,82.5994,18.708,102.159,0.382244,0.504126,0.64412,-0.429949
689,0,-0.36797,-0.316614,1.18003,-nan,-nan,-nan,-0.191384,0.978849,0.0723043,0.30722,0.129706,-0.942758,-0.932195,-0.158215,-0.325546,82.1663,17.8918,101.602,0.3914,0.501113,0.641606,-0.428991
698,0,-0.367756,-0.319634,1.17562,-nan,-nan,-nan,-0.203302,0.976408,0.0727747,0.248186,0.12329,-0.960835,-0.947139,-0.177278,-0.267396,82.688,14.3702,102.115,0.403916,0.484975,0.631266,-0.450726
707,0,-0.366791,-0.322194,1.17459,-nan,-nan,-nan,-0.223668,0.973164,0.0540786,0.209435,0.102176,-0.97247,-0.951898,-0.206184,-0.226668,84.002,12.0892,103.223,0.403683,0.474559,0.622999,-0.472976
715,0,-0.36729,-0.320053,1.1754,-nan,-nan,-nan,-0.259542,0.964705,0.0445339,0.157258,0.0877169,-0.983654,-0.952842,-0.248296,-0.174474,84.9042,9.04778,105.237,0.404259,0.454757,0.616793,-0.499337
723,0,-0.365991,-0.32498,1.17108,-nan,-nan,-nan,-0.23051,0.972858,0.0202911,0.117793,0.0485972,-0.991848,-0.965914,-0.226241,-0.125798,87.1949,6.76475,103.422,0.41602,0.460079,0.592643,-0.513837
732,0,-0.365931,-0.32487,1.17104,-nan,-nan,-nan,-0.257271,0.965755,0.0335993,0.101399,0.0615571,-0.99294,-0.961005,-0.252048,-0.113763,86.4525,5.81973,104.987,0.415489,0.445796,0.598455,-0.520084
742,0,-0.367073,-0.327629,1.17376,-nan,-nan,-nan,-0.249073,0.968183,0.0241759,0.0769456,0.0446662,-0.996034,-0.965423,-0.246225,-0.0856226,87.4323,4.41302,104.466,0.421299,0.444939,0.587231,-0.528863
750,0,-0.366859,-0.328216,1.17372,-nan,-nan,-nan,-0.241535,0.970276,0.0150331,0.0731807,0.0336605,-0.996751,-0.967629,-0.23965,-0.0791356,88.0658,4.19669,104.015,0.422194,0.448314,0.581879,-0.531211
759,0,-0.366085,-0.327656,1.17085,-nan,-nan,-nan,-0.250989,0.967544,0.029384,0.0638578,0.0468395,-0.996859,-0.965881,-0.248324,-0.0735414,87.3098,3.66127,104.566,0.424944,0.440373,0.585527,-0.53165
768,0,-0.36472,-0.324386,1.16533,-nan,-nan,-nan,-0.196135,0.980528,0.00977188,0.0478245,0.0195189,-0.998665,-0.97941,-0.195405,-0.0507216,88.8803,2.74119,101.324,0.439506,0.45691,0.562667,-0.530541
777,0,-0.365443,-0.318371,1.16792,-nan,-nan,-nan,-0.175624,0.98427,0.0192241,0.0730927,0.0325107,-0.996795,-0.98174,-0.173656,-0.0776526,88.1319,4.19164,100.142,0.441371,0.46624,0.566963,-0.516106
786,0,-0.366654,-0.309942,1.17245,-nan,-nan,-nan,-0.166253,0.985865,0.0207475,0.071543,0.0330444,-0.99689,-0.983484,-0.164252,-0.0760255,88.1015,4.10262,99.5949,0.444625,0.468169,0.564651,-0.514097
794,0,-0.367794,-0.304716,1.17621,-nan,-nan,-nan,-0.210652,0.977466,0.0136283,0.0617694,0.0272225,-0.997719,-0.975608,-0.20933,-0.066112,88.4371,3.54138,102.184,0.433145,0.455038,0.570961,-0.528516
802,0,-0.368111,-0.303342,1.17904,-nan,-nan,-nan,-0.255379,0.966785,0.0103859,0.0186989,0.0156788,-0.999702,-0.96666,-0.255109,-0.0220818,89.1015,1.07143,104.799,0.429598,0.433308,0.568582,-0.551729
811,0,-0.367133,-0.310371,1.17634,-nan,-nan,-nan,-0.274534,0.961036,0.0322617,0.0254094,0.0407895,-0.998845,-0.961242,-0.273397,-0.0356175,87.6615,1.45601,105.94,0.427387,0.424351,0.58115,-0.547295
820,0,-0.367612,-0.31594,1.17679,-nan,-nan,-nan,-0.283487,0.958921,0.0102702,0.0114632,0.0140972,-0.999835,-0.958908,-0.283323,-0.0149887,89.1922,0.656806,106.47,0.422972,0.423499,0.572838,-0.56
829,0,-0.367671,-0.317179,1.17714,-nan,-nan,-nan,-0.281262,0.959629,-0.00182793,-0.025481,-0.00937246,-0.999631,-0.959293,-0.281111,0.0270885,90.5372,-1.46011,106.341,0.429085,0.418635,0.557853,-0.57396
837,0,-0.367609,-0.31672,1.17604,-nan,-nan,-nan,-0.249453,0.968382,-0.00304787,-0.0257613,-0.00978224,-0.99962,-0.968044,-0.24928,0.027387,90.5607,-1.47618,104.45,0.438221,0.42806,0.550519,-0.567147
846,0,-0.367207,-0.31667,1.17436,-nan,-nan,-nan,-0.18079,0.983495,-0.00730785,-0.019782,-0.011065,-0.999743,-0.983323,-0.180599,0.0214559,90.6341