144,0,-0.336503,-0.388005,1.45917,-nan,-nan,-nan,0.832384,0.552463,0.0438317,0.205154,-0.233696,-0.95042,-0.514829,0.800107,-0.307865,103.814,11.8385,31.7367,0.568072,0.770381,0.245858,-0.152845
154,0,-0.337336,-0.387998,1.46208,-nan,-nan,-nan,0.838911,0.542782,0.0401947,0.181001,-0.208577,-0.961111,-0.51329,0.813562,-0.273222,102.244,10.4281,31.4605,0.582476,0.761694,0.237557,-0.155277
164,0,-0.337739,-0.388438,1.46618,-nan,-nan,-nan,0.841565,0.539342,0.0296509,0.161481,-0.198825,-0.96664,-0.515454,0.818278,-0.254418,101.623,9.29285,31.4872,0.589135,0.757431,0.231316,-0.160346
174,0,-0.332283,-0.390266,1.47327,-nan,-nan,-nan,0.859175,0.510857,0.029046,0.146979,-0.192024,-0.970322,-0.490118,0.837945,-0.240067,101.194,8.45189,29.7027,0.597303,0.756846,0.217295,-0.1523
183,0,-0.320947,-0.391021,1.47888,-nan,-nan,-nan,0.862713,0.505253,0.0211053,0.131071,-0.183103,-0.974317,-0.488412,0.843322,-0.22419,100.643,7.53149,29.5157,0.603204,0.753327,0.211171,-0.155081
192,0,-0.31242,-0.392719,1.4843,-nan,-nan,-nan,0.866645,0.498444,0.0219305,0.133835,-0.189904,-0.972638,-0.480641,0.845867,-0.231289,101.048,7.69123,29.0127,0.601135,0.75628,0.209009,-0.151634
202,0,-0.314669,-0.394939,1.49217,-nan,-nan,-nan,0.878234,0.476713,0.0380655,0.145933,-0.191345,-0.970614,-0.45542,0.857981,-0.237614,101.152,8.39132,27.4096,0.601929,0.759472,0.20496,-0.137383
212,0,-0.31784,-0.396591,1.49822,-nan,-nan,-nan,0.88034,0.473129,0.0339027,0.141274,-0.193293,-0.970917,-0.452816,0.859527,-0.237004,101.259,8.12158,27.2197,0.602089,0.760039,0.202096,-0.137793
221,0,-0.320512,-0.397588,1.50392,-nan,-nan,-nan,0.878386,0.477167,0.0273619,0.137693,-0.197819,-0.97052,-0.457687,0.856259,-0.239464,101.521,7.9144,27.522,0.60023,0.760866,0.202027,-0.141393
231,0,-0.323465,-0.384585,1.52354,-nan,-nan,-nan,0.824718,0.565194,0.019915,0.124364,-0.146893,-0.981303,-0.551701,0.811775,-0.191435,98.5135,7.14404,33.7808,0.609588,0.735365,0.234427,-0.18079
241,0,-0.322234,-0.375695,1.53644,-nan,-nan,-nan,0.810679,0.585336,0.0134355,0.109933,-0.129635,-0.985449,-0.575077,0.80036,-0.16944,97.4942,6.31144,35.351,0.614737,0.72625,0.239335,-0.193336
249,0,-0.321974,-0.372909,1.53414,-nan,-nan,-nan,0.78758,0.61618,0.00629552,0.143539,-0.173512,-0.974315,-0.599261,0.768255,-0.2251,100.098,8.25268,37.2671,0.589272,0.739289,0.256909,-0.200519
258,0,-0.32698,-0.37856,1.56007,-nan,-nan,-nan,0.752002,0.656418,0.0600738,0.193759,-0.133019,-0.971989,-0.63004,0.742577,-0.227218,97.7927,11.1723,39.9569,0.589865,0.726677,0.292488,-0.196087
268,0,-0.331642,-0.382077,1.5646,-nan,-nan,-nan,0.710634,0.6902,0.136467,0.261995,-0.0795873,-0.961782,-0.652961,0.719229,-0.237386,94.7304,15.1885,42.5781,0.590267,0.71197,0.334352,-0.181361
277,0,-0.335867,-0.384072,1.57525,-nan,-nan,-nan,0.73665,0.673494,0.0612591,0.19111,-0.120424,-0.974153,-0.64871,0.729317,-0.217422,97.0471,11.0176,41.3679,0.591355,0.720156,0.300145,-0.203932
287,0,-0.338221,-0.38127,1.58224,-nan,-nan,-nan,0.743743,0.668447,0.00501154,0.151006,-0.160703,-0.975383,-0.651186,0.726191,-0.220461,99.3559,8.6852,41.2038,0.583648,0.728853,0.281076,-0.221641
298,0,-0.339729,-0.383787,1.58887,-nan,-nan,-nan,0.758609,0.651453,0.0110097,0.165222,-0.175999,-0.970426,-0.630249,0.737993,-0.241148,100.28,9.51012,39.7196,0.579108,0.737522,0.276831,-0.209905
308,0,-0.340576,-0.384387,1.59526,-nan,-nan,-nan,0.74633,0.665092,0.0253786,0.161814,-0.144329,-0.97621,-0.645607,0.732681,-0.215338,98.41,9.31222,40.8612,0.588783,0.725603,0.284903,-0.213694
317,0,-0.341719,-0.38615,1.60095,-nan,-nan,-nan,0.75022,0.660522,0.0296843,0.17502,-0.155093,-0.972273,-0.637603,0.734614,-0.231958,99.0632,10.0798,40.3608,0.583774,0.73097,0.285764,-0.207915
327,0,-0.343242,-0.387248,1.60703,-nan,-nan,-nan,0.754677,0.655464,0.0287909,0.166871,-0.14932,-0.974606,-0.63452,0.740318,-0.222067,98.7106,9.60596,40.0566,0.588067,0.729052,0.281988,-0.207711
337,0,-0.343876,-0.3886,1.61134,-nan,-nan,-nan,0.759445,0.65006,0.0257974,0.169428,-0.159342,-0.972576,-0.628122,0.742989,-0.23115,99.3044,9.75459,39.5935,0.585011,0.733133,0.279447,-0.205394
347,0,-0.345803,-0.390756,1.61957,-nan,-nan,-nan,0.748352,0.662444,0.03372,0.176057,-0.149361,-0.972983,-0.63951,0.73407,-0.228403,98.7273,10.1402,40.5158,0.585361,0.72906,0.287528,-0.20773
356,0,-0.347934,-0.392929,1.62903,-nan,-nan,-nan,0.742691,0.6688,0.0334255,0.171935,-0.142212,-0.974789,-0.647185,0.729714,-0.22061,98.3003,9.90034,41.0691,0.587339,0.725519,0.289701,-0.21149
366,0,-0.349908,-0.39507,1.63815,-nan,-nan,-nan,0.712486,0.700835,0.0345608,0.181563,-0.136558,-0.973852,-0.67779,0.70013,-0.224541,97.9822,10.4608,43.5704,0.581246,0.719997,0.306389,-0.223344
376,0,-0.351225,-0.397117,1.64617,-nan,-nan,-nan,0.70127,0.712248,0.0303641,0.183011,-0.138698,-0.973278,-0.689004,0.688088,-0.227614,98.1104,10.5452,44.4945,0.577702,0.718954,0.311306,-0.229027
385,0,-0.353069,-0.39929,1.6551,-nan,-nan,-nan,0.684624,0.72836,0.0279493,0.187951,-0.139358,-0.972242,-0.704247,0.670873,-0.232304,98.157,10.8333,45.8095,0.572923,0.716988,0.3195,-0.235812
396,0,-0.355435,-0.401599,1.66438,-nan,-nan,-nan,0.656252,0.753941,0.0301083,0.196895,-0.13259,-0.971418,-0.728399,0.643423,-0.23546,97.7724,11.3555,47.9827,0.567495,0.71139,0.334147,-0.245397
406,0,-0.357316,-0.404638,1.6748,-nan,-nan,-nan,0.640545,0.766975,0.0381078,0.210853,-0.127945,-0.969108,-0.738406,0.628792,-0.243673,97.5209,12.1724,49.0594,0.563233,0.709254,0.344668,-0.246843
416,0,-0.375878,-0.414831,1.71488,-nan,-nan,-nan,0.494171,0.868942,0.0271184,0.254367,-0.114691,-0.960283,-0.83132,0.481442,-0.277707,96.8108,14.7361,59.271,0.524827,0.686762,0.408915,-0.292751
425,0,-0.390888,-0.419899,1.72947,-nan,-nan,-nan,0.440573,0.897537,-0.0179502,0.23219,-0.133245,-0.963501,-0.867169,0.420325,-0.267103,97.8736,13.4261,63.0667,0.509957,0.678403,0.416319,-0.326178
436,0,-0.406484,-0.420806,1.7426,-nan,-nan,-nan,0.405079,0.911139,-0.0757454,0.196543,-0.16769,-0.966049,-0.892907,0.376439,-0.247006,99.8475,11.3349,65.598,0.49759,0.674495,0.41056,-0.359029
447,0,-0.421473,-0.417836,1.74744,-nan,-nan,-nan,0.376807,0.920978,-0.0990753,0.204489,-0.187027,-0.960836,-0.903438,0.341789,-0.258803,101.015,11.7996,67.3599,0.482436,0.675025,0.416824,-0.371287
457,0,-0.445748,-0.419954,1.74615,-nan,-nan,-nan,0.373326,0.921316,-0.10865,0.137684,-0.170846,-0.97563,-0.917426,0.349269,-0.190632,99.9325,7.91384,67.8572,0.502953,0.65856,0.402014,-0.389515
466,0,-0.447537,-0.407865,1.74769,-nan,-nan,-nan,0.310984,0.936639,-0.161236,0.288282,-0.254616,-0.923073,-0.905639,0.24058,-0.349197,105.421,16.7551,71.0482,0.420467,0.691881,0.442605,-0.385498
477,0,-0.448294,-0.40596,1.74394,-nan,-nan,-nan,0.298121,0.938788,-0.172632,0.310624,-0.266426,-0.912431,-0.902572,0.218391,-0.371037,106.278,18.0968,71.7216,0.406404,0.695626,0.449024,-0.386416
488,0,-0.446464,-0.405052,1.73688,-nan,-nan,-nan,0.318794,0.933274,-0.165441,0.316151,-0.269254,-0.909698,-0.893543,0.237702,-0.380892,106.488,18.4303,70.3649,0.408854,0.701595,0.445209,-0.377349
498,0,-0.446387,-0.401552,1.73526,-nan,-nan,-nan,0.300421,0.940509,-0.158714,0.252969,-0.239009,-0.937487,-0.919649,0.241491,-0.309723,104.303,14.6533,71.9094,0.4335,0.679918,0.438832,-0.396505
510,0,-0.443676,-0.398592,1.73516,-nan,-nan,-nan,0.278423,0.949035,-0.147694,0.184204,-0.203683,-0.961552,-0.942629,0.240513,-0.231526,101.96,10.6147,73.5445,0.459134,0.654529,0.432845,-0.416454
521,0,-0.44258,-0.404076,1.73501,-nan,-nan,-nan,0.312174,0.942281,-0.121055,0.177671,-0.183081,-0.96691,-0.933263,0.280336,-0.224569,100.722,10.2341,71.5051,0.475532,0.65571,0.427,-0.401976
532,0,-0.441804,-0.403255,1.73437,-nan,-nan,-nan,0.329571,0.938381,-0.104038,0.173343,-0.168462,-0.970347,-0.928082,0.301764,-0.218182,99.849,9.98226,70.4496,0.485522,0.655022,0.424308,-0.393925
542,0,-0.439081,-0.400523,1.73599,-nan,-nan,-nan,0.402749,0.91501,0.0234399,0.198156,-0.0621611,-0.978198,-0.893604,0.398612,-0.20635,93.6361,11.4291,65.7388,0.532503,0.646386,0.430535,-0.33655
553,0,-0.440963,-0.39895,1.73575,-nan,-nan,-nan,0.452051,0.889894,0.0611399,0.18871,-0.0284195,-0.981622,-0.871802,0.455281,-0.180779,91.6583,10.8775,62.5921,0.557417,0.644447,0.418422,-0.314479
561,0,-0.440789,-0.398425,1.73566,-nan,-nan,-nan,0.500785,0.864138