164,0,-0.336668,-0.387559,1.45762,-0.538291,0.00148443,1.77213,0.825416,0.564489,0.00641649,0.177927,-0.249351,-0.951928,-0.535753,0.786878,-0.306256,104.678,10.249,32.9864,0.563429,0.771528,0.240567,-0.171522
171,0,-0.336784,-0.388026,1.4614,-0.538291,0.00148443,1.77213,0.813829,0.580907,0.0151487,0.173467,-0.217976,-0.960414,-0.554609,0.784241,-0.278164,102.787,9.98948,34.2737,0.573953,0.759929,0.248173,-0.177471
179,0,-0.337893,-0.388387,1.4658,-0.538291,0.00148443,1.77213,0.804838,0.593138,0.0205443,0.167532,-0.193847,-0.966621,-0.569358,0.781416,-0.255385,101.34,9.64437,35.2763,0.582153,0.750678,0.253328,-0.182773
187,0,-0.340728,-0.39176,1.47823,-0.538291,0.00148443,1.77213,0.784096,0.620033,0.0274414,0.181367,-0.186624,-0.965545,-0.593548,0.762057,-0.258785,100.939,10.4494,37.1252,0.578508,0.746576,0.268358,-0.189568
195,0,-0.344044,-0.396077,1.49352,-0.538291,0.00148443,1.77213,0.753959,0.655798,0.0383969,0.191738,-0.16378,-0.967684,-0.628317,0.736957,-0.249225,99.6063,11.0542,39.8063,0.578998,0.736031,0.287874,-0.200372
203,0,-0.347825,-0.407574,1.51065,-0.538291,0.00148443,1.77213,0.750409,0.660864,0.0120402,0.178698,-0.185307,-0.966296,-0.636359,0.727269,-0.257151,100.856,10.294,40.2985,0.571828,0.740417,0.283476,-0.2108
212,0,-0.350344,-0.420212,1.52047,-0.538291,0.00148443,1.77213,0.756132,0.654212,0.0164736,0.182626,-0.186771,-0.965279,-0.62842,0.732887,-0.2607,100.951,10.5228,39.7299,0.571984,0.742227,0.281867,-0.206118
220,0,-0.352647,-0.43119,1.5301,-0.538291,0.00148443,1.77213,0.752638,0.657922,0.0259699,0.18951,-0.178682,-0.965484,-0.630573,0.731581,-0.259165,100.485,10.9242,39.9569,0.573322,0.740014,0.286289,-0.204254
227,0,-0.354904,-0.434679,1.5384,-0.538291,0.00148443,1.77213,0.753368,0.657204,0.022791,0.196816,-0.192274,-0.961402,-0.627455,0.728776,-0.274201,101.31,11.3508,39.7898,0.567206,0.744957,0.2866,-0.202919
235,0,-0.360966,-0.437789,1.56342,-0.538291,0.00148443,1.77213,0.794913,0.606643,0.00983121,0.17036,-0.207619,-0.963261,-0.582315,0.767384,-0.268387,102.163,9.80872,36.2247,0.574218,0.753479,0.257805,-0.189947
243,0,-0.359421,-0.43621,1.5818,-0.538291,0.00148443,1.77213,0.826196,0.561524,0.0457253,0.178771,-0.184333,-0.966469,-0.534267,0.806667,-0.252679,100.798,10.2982,32.8891,0.589318,0.752198,0.246044,-0.162371
253,0,-0.361449,-0.437745,1.59103,-0.538291,0.00148443,1.77213,0.837739,0.543659,0.0512563,0.182149,-0.189717,-0.964795,-0.514795,0.817583,-0.25796,101.125,10.4949,31.571,0.589504,0.75588,0.240054,-0.153311
261,0,-0.363658,-0.440889,1.59943,-0.538291,0.00148443,1.77213,0.844758,0.533074,0.0470756,0.179769,-0.199819,-0.963201,-0.504051,0.822134,-0.264629,101.72,10.3563,30.8237,0.587433,0.759803,0.234549,-0.15036
269,0,-0.364821,-0.443408,1.60633,-0.538291,0.00148443,1.77213,0.865801,0.499155,0.0351056,0.166502,-0.221222,-0.960905,-0.471874,0.837798,-0.274645,102.965,9.58447,28.591,0.585221,0.768386,0.216576,-0.142106
277,0,-0.367736,-0.44735,1.61969,-0.538291,0.00148443,1.77213,0.910884,0.411746,0.027499,0.135928,-0.236451,-0.962089,-0.389634,0.880089,-0.271347,103.808,7.81226,23.159,0.59226,0.777606,0.176077,-0.116426
286,0,-0.370354,-0.449612,1.63029,-0.538291,0.00148443,1.77213,0.927867,0.371792,0.0288586,0.12498,-0.237127,-0.963406,-0.351343,0.89752,-0.266489,103.828,7.17957,20.7395,0.59671,0.779661,0.159291,-0.103406
295,0,-0.372785,-0.452376,1.64012,-0.538291,0.00148443,1.77213,0.944138,0.327388,0.0376901,0.121636,-0.239899,-0.963148,-0.306281,0.913929,-0.26632,103.987,6.98653,17.9732,0.599566,0.782681,0.143425,-0.0857921
303,0,-0.374922,-0.454758,1.649,-0.538291,0.00148443,1.77213,0.953236,0.299877,0.0376173,0.113675,-0.24042,-0.96399,-0.280035,0.923186,-0.263265,104.004,6.5272,16.3713,0.601987,0.783728,0.131918,-0.0773282
311,0,-0.376969,-0.456916,1.65738,-0.538291,0.00148443,1.77213,0.962282,0.269045,0.0403472,0.10722,-0.238751,-0.965143,-0.250034,0.933066,-0.258593,103.895,6.15508,14.5653,0.605173,0.78416,0.119958,-0.0668508
320,0,-0.379029,-0.460022,1.66772,-0.538291,0.00148443,1.77213,0.966245,0.254528,0.0398333,0.10403,-0.244027,-0.964173,-0.235689,0.93577,-0.262268,104.203,5.97126,13.708,0.604142,0.786216,0.114014,-0.0622779
328,0,-0.381681,-0.463069,1.67978,-0.538291,0.00148443,1.77213,0.970883,0.236038,0.0408846,0.0981949,-0.236462,-0.966666,-0.218503,0.942535,-0.252755,103.746,5.63523,12.6834,0.608619,0.784235,0.106548,-0.0566215
336,0,-0.384392,-0.466245,1.69136,-0.538291,0.00148443,1.77213,0.969838,0.241164,0.0354242,0.095201,-0.240977,-0.96585,-0.224392,0.94009,-0.256667,104.009,5.46289,13.0274,0.60667,0.785411,0.107067,-0.0601495
343,0,-0.386642,-0.469228,1.70088,-0.538291,0.00148443,1.77213,0.973285,0.228146,0.0257992,0.0805941,-0.234263,-0.968827,-0.21499,0.945024,-0.246392,103.593,4.62272,12.4561,0.610866,0.783253,0.0985441,-0.0603862
351,0,-0.389688,-0.473084,1.71473,-0.538291,0.00148443,1.77213,0.97792,0.207818,0.0219864,0.073471,-0.24341,-0.967137,-0.195637,0.947398,-0.253304,104.127,4.21338,11.3129,0.608524,0.786548,0.0894061,-0.0551938
358,0,-0.393759,-0.477522,1.72962,-0.538291,0.00148443,1.77213,0.978479,0.204377,0.0284226,0.0785471,-0.241545,-0.967205,-0.190809,0.948623,-0.2524,104.022,4.50506,11.0345,0.609207,0.786197,0.0899661,-0.0516368
366,0,-0.401757,-0.481911,1.76933,-0.538291,0.00148443,1.77213,0.943075,0.332551,-0.00448128,0.070464,-0.21296,-0.974517,-0.32503,0.918726,-0.22427,102.327,4.04064,19.0165,0.613564,0.771412,0.130609,-0.106789
374,0,-0.405913,-0.485847,1.78046,-0.538291,0.00148443,1.77213,0.935561,0.35277,-0.0167075,0.0532849,-0.187764,-0.980768,-0.349122,0.916678,-0.194462,100.838,3.05445,20.464,0.623164,0.761214,0.133358,-0.120147
382,0,-0.409461,-0.487597,1.79366,-0.538291,0.00148443,1.77213,0.935445,0.353404,0.00689461,0.0815538,-0.196808,-0.977044,-0.343935,0.914534,-0.212925,101.389,4.67789,20.1869,0.617599,0.765699,0.142014,-0.110043
391,0,-0.404765,-0.490837,1.8093,-0.538291,0.00148443,1.77213,0.928696,0.369229,0.0345398,0.10172,-0.164064,-0.981191,-0.356618,0.914742,-0.189923,99.4925,5.83823,21.0067,0.627437,0.755428,0.155855,-0.106588
398,0,-0.407463,-0.492642,1.8212,-0.538291,0.00148443,1.77213,0.930828,0.364484,0.0266475,0.0810774,-0.134858,-0.987542,-0.35635,0.921393,-0.155081,97.7762,4.6505,20.9484,0.640486,0.745112,0.149495,-0.110622
406,0,-0.410322,-0.49393,1.83203,-0.538291,0.00148443,1.77213,0.932943,0.359404,0.0211116,0.061265,-0.100701,-0.993029,-0.354772,0.927733,-0.115967,95.7905,3.51243,20.8204,0.655033,0.733078,0.14346,-0.113788
414,0,-0.414568,-0.486115,1.84765,-0.538291,0.00148443,1.77213,0.925408,0.373375,0.0649003,0.089986,-0.0501337,-0.99468,-0.368135,0.926325,-0.0799926,92.8854,5.1628,21.6931,0.669941,0.716857,0.161595,-0.105751
422,0,-0.417656,-0.472531,1.85848,-0.538291,0.00148443,1.77213,0.909618,0.406373,0.0863497,0.10836,-0.03142,-0.993615,-0.401065,0.913167,-0.072615,91.8112,6.22081,23.7935,0.67186,0.709516,0.181368,-0.110891
430,0,-0.425084,-0.455223,1.86642,-0.538291,0.00148443,1.77213,0.890541,0.434727,0.13397,0.150852,-0.00438008,-0.988547,-0.429162,0.900551,-0.0694801,90.2539,8.6763,25.7299,0.673922,0.700786,0.208901,-0.105307
437,0,-0.436627,-0.43633,1.8637,-0.538291,0.00148443,1.77213,0.857054,0.488034,0.165167,0.166565,0.0409086,-0.985182,-0.487559,0.871865,-0.0462284,87.6222,9.58815,29.6346,0.680392,0.682344,0.239835,-0.118119
445,0,-0.438651,-0.417459,1.85853,-0.538291,0.00148443,1.77213,0.83533,0.503973,0.219622,0.201095,0.0916923,-0.975271,-0.511648,0.858838,-0.024753,84.629,11.601,31.4879,0.689614,0.664904,0.265101,-0.1098
453,0,-0.435739,-0.403322,1.85763,-0.538291,0.00148443,1.77213,0.823331,0.507092,0.254919,0.222774,0.124367,-0.966905,-0.522013,0.852872,-0.0105716,82.6706,12.872,32.3758,0.695903,0.653746,0.279109,-0.10214
462,0,-0.435883,-0.398016,1.86235,-0.538291,0.00148443,1.77213,0.863392,0.48552,0.137199,0.170825,-0.0254388,-0.984973,-0.474734,0.873855,-0.104903,91.4794,9.83577,28.8041,0.658227,0.705998,0.232417,-0.119524
471,0,-0.433569,-0.399676,1.86376,-0.538291,0.00148443,1.77213,0.877787,0.461613,0.128073,0.180881,-0.0718161,-0.980879,-0.443589,0.88417,-0.146536,94.1875,10.4211,26.8097,0.644095,0.723903,0.221886,-0.108964
479,0,-0.434923,-0.400892,1.86186,-0.538291,0.00148443,1.77213,0.901754,0.427474,0.0640731,0.135134,-0.137998,-0.98117,-0.410583,0.893433,-0.182207,98.006,7.76635,24.4805,0.628798,0.745312,0.188715,-0.11623
487,0,-0.433165,-0.409314,1.86023,-0.538291,0.00148443,1.77213,0.923964,0.382432,-0.00594448,0.070611,-0.185831,-0.980041,-0.375904,0.905103,-0.198706,100.737,4.04908,22.1384,0.620368,0.759688,0.149089,-0.12566
496,0,-0.434735,-0.411681,1.85887,-0.538291,0.00148443,1.77213,0.933621,0.356928,-0.0309041,0.0440902,-0.200074,-0.978788,-0.35554,0.912454,-0.20253,101.553,2.527,20.8478,0.618671,0.764236,0.131183,-0.126415
504,0,-0.431214,-0.4108,1.86089,-0.538291,0.00148443,1.77213,0.955339,0.282145,-0.0878704,-0.0161477,-0.247065,-0.968864,-0.29507,0.927013,-0.231475,104.306,-0.925235,17.164,0.607618,0.780045,0.0852505,-0.12273
512,0,-0.433891,-0.411053,1.85911,-0.538291,0.00148443,1.77213,0.957737,0.285998,-0.0307415,0.0379524,-0.23158,-0.972075,-0.285131,0.929826,-0.232647,103.4,2.17503,16.579,0.611046,0.778133,0.104079,-0.101484
520,0,-0.432998,-0.409487,1.86056,-0.538291,0.00148443,1.77213,0.961481,0.264012,-0.0764947,-0.0197845,-0.211101,-0.977264,-0.274157,0.941135,-0.197746,102.189,-1.13364,15.915,0.623024,0.769794,0.0793159,-0.113879
529,0,-0.43484,-0.408307,1.85969,-0.538291,0.00148443,1.77213,0.960493,0.269865,-0.0680103,-0.0149047,-0.194144,-0.98086,-0.277903,0.943123,-0.182452,101.196,-0.85401,16.1369,0.629265,0.764377,0.0833881,-0.113136
538,0,-0.431752,-0.408981,1.86111,-0.538291,0.00148443,1.77213,0.954496,0.282671,-0.0950555,-0.0400214,-0.194443,-0.980097,-0.295528,0.939302,-0.174282,101.221,-2.29367,17.2034,0.629637,0.762106,0.0795983,-0.128126
545,0,-0.432788,-0.409381,1.86164,-0.538291,0.00148443,1.77213,0.952583,0.291064,-0.088702,-0.0261744,-0.212051,-0.976908,-0.303152,0.932907,-0.194378,102.247,-1.49985,17.6532,0.621722,0.767954,0.0862321,-0.127564
554,0,-0.433954,-0.409534,1.86245,-0.538291,0.00148443,1.77213,0.955128,0.290558,-0.0575035,0.00468567,-0.20894,-0.977917,-0.296156,0.933767,-0.200926,102.06,0.26847,17.2271,0.621543,0.768927,0.095992,-0.114985
562,0,-0.433388,-0.409979,1.86132,-0.538291,0.00148443,1.77213,0.959729,0.274038,-0.0618309,0.000925416,-0.223179,-0.974777,-0.280925,0.935465,-0.214445,102.896,0.0530224,16.3154,0.616868,0.774169,0.088793,-0.110685
570,0,-0.432025,-0.410953,1.86284,-0.538291,0.00148443,1.77213,0.966466,0.248954,-0.0629723,-0.00166818,-0.239132,-0.970986,-0.25679,0.938529,-0.230698,103.835,-0.0955795,14.8797,0.611685,0.780432,0.0792144,-0.102431
578,0,-0.432847,-0.409943,1.86382,-0.538291,0.00148443,1.77213,0.976026,0.204814,-0.0736485,-0.0321555,-0.198973,-0.979477,-0.215265,0.958364,-0.187617,101.483,-1.84269,12.4376,0.630364,0.76854,0.0561645,-0.0939813
587,0,-0.430986,-0.410691,1.86485,-0.538291,0.00148443,1.77213,0.982417,0.174817,-0.065549,-0.0261994,-0.218531,-0.975478,-0.184854,0.960043,-0.210109,102.627,-1.50129,10.6563,0.623253,0.776379,0.0478559,-0.0806318
596,0,-0.432878,-0.410815,1.86373,-0.538291,0.00148443,1.77213,0.988854,0.140063,-0.0505004,-0.0177497,-0.225865,-0.973997,-0.147828,0.964037,-0.220861,103.056,-1.01704,8.50241,0.620912,0.780317,0.0391872,-0.0635408
605,0,-0.43362,-0.412347,1.86245,-0.538291,0.00148443,1.77213,0.993394,0.106198,-0.0434694,-0.0138973,-0.264687,-0.964234,-0.113905,0.958469,-0.261463,105.35,-0.796283,6.54111,0.605649,0.793654,0.0290745,-0.0495728
613,0,-0.435546,-0.412546,1.86224,-0.538291,0.00148443,1.77213,0.994754,0.0994081,-0.0241381,0.00181542,-0.25308,-0.967444,-0.102281,0.962325,-0.251933,104.66,0.104016,5.87052,0.610275,0.790532,0.0320112,-0.039979
621,0,-0.43575,-0.412887,1.86245,-0.538291,0.00148443,1.77213,0.995815,0.0896321,-0.017839,0.00725626,-0.272126,-0.962234,-0.0911016,0.958078,-0.271637,105.791,0.415757,5.22712,0.602506,0.796803,0.0303991,-0.0341805
629,0,-0.436179,-0.411979,1.86408,-0.538291,0.00148443,1.77213,0.998853,0.0398344,-0.0265802,-0.0156492,-0.253057,-0.967325,-0.0452591,0.966631,-0.252143,104.66,-0.896672,2.59436,0.611075,0.79121,0.00764182,-0.0226992
638,0,-0.434242,-0.411241,1.86359,-0.538291,0.00148443,1.77213,0.998489,-0.0289236,-0.0467279,-0.0520669,-0.225868,-0.972766,0.0175816,0.973729,-0.227032,103.072,-2.98456,-1.00877,0.621609,0.782846,-0.0258642,-0.00930782
646,0,-0.434193,-0.410879,1.86305,-0.538291,0.00148443,1.77213,0.996978,-0.0455974,-0.0628954,-0.0715377,-0.223223,-0.972139,0.0302873,0.9737,-0.22581,102.932,-4.10231,-1.74006,0.622082,0.781986,-0.0374479,-0.0104248
654,0,-0.435226,-0.409738,1.86236,-0.538291,0.00148443,1.77213,0.998608,-0.00463636,-0.0525476,-0.0523549,-0.20906,-0.9765,-0.00645818,0.977892,-0.209012,102.084,-3.00109,0.370537,0.628597,0.777284,-0.0183303,-0.0189782
662,0,-0.431509,-0.409944,1.8628,-0.538291,0.00148443,1.77213,0.994674,-0.0568973,-0.0859395,-0.0943663,-0.167432,-0.981357,0.0414475,0.98424,-0.17191,99.6822,-5.41485,-2.3861,0.643299,0.763874,-0.0495054,-0.0145613
670,0,-0.43242,-0.409656,1.86224,-0.538291,0.00148443,1.77213,0.992102,-0.0984539,-0.0777201,-0.0943085,-0.176956,-0.97969,0.0827013,0.979282,-0.184843,100.239,-5.41152,-4.76514,0.638417,0.767121,-0.06282,0.00162334
678,0,-0.435658,-0.4104,1.8625,-0.538291,0.00148443,1.77213,0.991867,-0.119913,-0.042668,-0.0684898,-0.22029,-0.973027,0.107279,0.968036,-0.226711,102.757,-3.92725,-6.17305,0.621463,0.780844,-0.0603203,0.0206863
687,0,-0.433245,-0.410817,1.86293,-0.538291,0.00148443,1.77213,0.99482,-0.0945983,-0.0371989,-0.0585741,-0.2344,-0.970374,0.0830763,0.967527,-0.238727,103.58,-3.35797,-4.77363,0.616785,0.785485,-0.0487509,0.0146016
695,0,-0.434689,-0.41115,1.86432,-0.538291,0.00148443,1.77213,0.998201,-0.0432593,-0.0415192,-0.0503718,-0.22939,-0.97203,0.0325252,0.972373,-0.231157,103.278,-2.88731,-1.86626,0.620011,0.78402,-0.0298561,-0.0028679
703,0,-0.436254,-0.412579,1.86306,-0.538291,0.00148443,1.77213,0.999798,0.0137613,-0.0146701,-0.0108265,-0.246504,-0.969081,-0.016952,0.969044,-0.246305,104.272,-0.620328,0.971384,0.613797,0.789399,0.000929419,-0.0100146
711,0,-0.431214,-0.411633,1.86529,-0.538291,0.00148443,1.77213,0.999097,-0.000452156,-0.0424822,-0.0414119,-0.233644,-0.97144,-0.00948648,0.972322,-0.233452,103.524,-2.37341,0.54401,0.61887,0.785206,-0.013329,-0.0165462
720,0,-0.43235,-0.412007,1.86439,-0.538291,0.00148443,1.77213,0.99636,-0.0353588,-0.0775623,-0.083645,-0.230267,-0.969526,0.0164213,0.972485,-0.232386,103.36,-4.79811,-0.94422,0.619215,0.784062,-0.0379446,-0.019495
728,0,-0.433291,-0.411362,1.86379,-0.538291,0.00148443,1.77213,0.995765,-0.0380697,-0.0836807,-0.0901079,-0.223667,-0.970491,0.0182298,0.973922,-0.22615,102.978,-5.16981,-1.04881,0.621681,0.781918,-0.0409818,-0.0209264
736,0,-0.434452,-0.410562,1.86418,-0.538291,0.00148443,1.77213,0.997594,-0.0153462,-0.0676,-0.0693074,-0.202203,-0.976888,0.00132257,0.979223,-0.202781,101.694,-3.97421,-0.0759606,0.630993,0.775013,-0.0273072,-0.0213795
744,0,-0.43237,-0.410334,1.86612,-0.538291,0.00148443,1.77213,0.997437,0.000579634,-0.0715442,-0.0701947,-0.18554,-0.980126,-0.0138424,0.982637,-0.185024,100.719,-4.02517,0.795099,0.637745,0.769416,-0.0226194,-0.027744
751,0,-0.434431,-0.411116,1.86461,-0.538291,0.00148443,1.77213,0.994705,-0.0939514,-0.0416535,-0.0593108,-0.193799,-0.979247,0.0839292,0.976532,-0.198345,101.195,-3.40025,-4.82296,0.632961,0.772472,-0.0496012,0.013682
760,0,-0.435974,-0.409516,1.86203,-0.538291,0.00148443,1.77213,0.998762,-0.0361269,-0.0342083,-0.0407069,-0.19804,-0.979348,0.0286062,0.979528,-0.199265,101.432,-2.33298,-1.6406,0.632743,0.773962,-0.0248183,-0.00180956
768,0,-0.435869,-0.409841,1.85875,-0.538291,0.00148443,1.77213,0.999964,0.00442328,-0.00728026,-0.0063105,-0.189452,-0.98187,-0.00572234,0.98188,-0.189417,100.921,-0.361567,0.327874,0.636611,0.771173,-0.000611802,-0.0042152
776,0,-0.434259,-0.409306,1.859,-0.538291,0.00148443,1.77213,0.981615,-0.189381,-0.0238172,-0.0649829,-0.214254,-0.974614,0.17947,0.958243,-0.222622,102.398,-3.72587,-10.361,0.621438,0.777575,-0.081781,0.0500443
784,0,-0.431868,-0.409824,1.85906,-0.538291,0.00148443,1.77213,0.987166,-0.156111,-0.0336567,-0.0671262,-0.214388,-0.974439,0.144905,0.964193,-0.222115,102.408,-3.84894,-8.35078,0.622628,0.778407,-0.071697,0.0357296
793,0,-0.435077,-0.409288,1.85803,-0.538291,0.00148443,1.77213,