139,0,-0.336001,-0.387336,1.45499,-nan,-nan,-nan,0.839985,0.540563,0.0470708,0.201194,-0.22972,-0.952234,-0.50393,0.809333,-0.30172,103.563,11.6068,30.9607,0.571958,0.769972,0.240839,-0.148336
147,0,-0.33594,-0.38575,1.45661,-nan,-nan,-nan,0.851647,0.522975,0.0345635,0.162817,-0.201304,-0.965902,-0.498185,0.828235,-0.256589,101.773,9.37041,30.3262,0.590287,0.759859,0.225631,-0.152536
155,0,-0.335436,-0.384994,1.45627,-nan,-nan,-nan,0.849736,0.526818,0.0202773,0.140372,-0.189007,-0.971891,-0.508177,0.828697,-0.234556,101.005,8.06939,30.8812,0.597112,0.753873,0.221254,-0.161798
164,0,-0.334835,-0.385568,1.45873,-nan,-nan,-nan,0.87123,0.490682,0.0137396,0.121563,-0.188555,-0.97451,-0.475584,0.850693,-0.223923,100.951,6.98234,28.6291,0.603894,0.755597,0.20257,-0.152808
172,0,-0.336955,-0.386537,1.46132,-nan,-nan,-nan,0.889815,0.45584,0.0209778,0.124929,-0.199135,-0.971976,-0.438888,0.867499,-0.234141,101.578,7.17665,26.2542,0.603436,0.762084,0.19052,-0.137095
181,0,-0.340464,-0.39186,1.47716,-nan,-nan,-nan,0.873752,0.485557,0.0281569,0.157066,-0.226901,-0.961169,-0.460313,0.844246,-0.274519,103.282,9.03664,27.7813,0.585733,0.77058,0.208487,-0.140205
190,0,-0.343866,-0.397609,1.49545,-nan,-nan,-nan,0.819067,0.573071,0.026813,0.207619,-0.252523,-0.945054,-0.534812,0.779629,-0.325814,104.96,11.9828,33.1426,0.55694,0.774178,0.252103,-0.164045
198,0,-0.346323,-0.40076,1.50815,-nan,-nan,-nan,0.824758,0.564187,0.0383003,0.204207,-0.233992,-0.950551,-0.527326,0.791796,-0.308197,103.829,11.7831,32.5937,0.566253,0.769244,0.249723,-0.158931
206,0,-0.36103,-0.406793,1.51996,-nan,-nan,-nan,0.821817,0.569612,0.0126203,0.170831,-0.225217,-0.959215,-0.543539,0.790455,-0.282395,103.213,9.83616,33.4801,0.573194,0.763123,0.24257,-0.173929
215,0,-0.374229,-0.407657,1.53073,-nan,-nan,-nan,0.81144,0.584277,0.0136297,0.179809,-0.227392,-0.957059,-0.556088,0.779046,-0.289573,103.365,10.3586,34.4232,0.568875,0.762956,0.25037,-0.177749
223,0,-0.390286,-0.399654,1.53514,-nan,-nan,-nan,0.760408,0.649422,0.0055117,0.192583,-0.217375,-0.956901,-0.620235,0.728697,-0.290361,102.798,11.1036,39.2028,0.559614,0.753018,0.279544,-0.204086
232,0,-0.407602,-0.391106,1.53965,-nan,-nan,-nan,0.732794,0.680283,-0.0150901,0.178112,-0.213169,-0.960643,-0.656726,0.701266,-0.277375,102.511,10.2598,41.8665,0.557281,0.745543,0.287842,-0.225277
240,0,-0.411249,-0.381265,1.53859,-nan,-nan,-nan,0.728666,0.679742,0.0836478,0.221115,-0.117897,-0.968095,-0.648193,0.723914,-0.236209,96.9434,12.7745,41.6551,0.586208,0.721591,0.312108,-0.195591
248,0,-0.411335,-0.369762,1.54071,-nan,-nan,-nan,0.715861,0.688868,0.114038,0.230958,-0.079478,-0.969712,-0.65894,0.720517,-0.215995,94.6855,13.3535,42.6291,0.5959,0.709107,0.32429,-0.192108
257,0,-0.412385,-0.353745,1.54629,-nan,-nan,-nan,0.718491,0.676171,0.162986,0.253988,-0.0369167,-0.966503,-0.647504,0.73582,-0.198264,92.1874,14.7136,42.0252,0.608956,0.698869,0.332737,-0.173322
265,0,-0.413154,-0.347311,1.55071,-nan,-nan,-nan,0.731372,0.657665,0.180478,0.245161,-0.006596,-0.96946,-0.636389,0.753282,-0.166058,90.3898,14.1913,41.0275,0.624243,0.689932,0.327143,-0.165202
274,0,-0.413484,-0.346735,1.55077,-nan,-nan,-nan,0.731157,0.656245,0.186419,0.231008,0.0189558,-0.972767,-0.641908,0.754309,-0.137738,88.8836,13.3564,41.281,0.634897,0.680062,0.326166,-0.167444
283,0,-0.412774,-0.347743,1.55078,-nan,-nan,-nan,0.758237,0.625274,0.184686,0.246553,-0.0127561,-0.969045,-0.603563,0.780301,-0.163835,90.7542,14.2736,38.5201,0.628817,0.695491,0.313386,-0.150569
291,0,-0.413357,-0.350038,1.54963,-nan,-nan,-nan,0.776613,0.607255,0.167673,0.261603,-0.0687369,-0.962725,-0.573094,0.791528,-0.212241,94.0839,15.1652,36.4251,0.611481,0.717215,0.302858,-0.141318
299,0,-0.412627,-0.349903,1.54929,-nan,-nan,-nan,0.789681,0.600484,0.125785,0.25049,-0.12841,-0.959565,-0.560052,0.789259,-0.251819,97.6221,14.5065,35.3447,0.593602,0.736531,0.288846,-0.147403
308,0,-0.408731,-0.348325,1.55221,-nan,-nan,-nan,0.821532,0.566364,0.0656942,0.229249,-0.222623,-0.947568,-0.522044,0.793518,-0.31273,103.221,13.2528,32.434,0.567049,0.767608,0.259121,-0.148627
316,0,-0.409086,-0.349372,1.55333,-nan,-nan,-nan,0.855704,0.515484,0.045241,0.212513,-0.27036,-0.939012,-0.471814,0.813131,-0.340895,106.062,12.2697,28.8713,0.557774,0.785328,0.231749,-0.135795
325,0,-0.40929,-0.349687,1.55318,-nan,-nan,-nan,0.83966,0.541669,0.0395679,0.217063,-0.267908,-0.938674,-0.49785,0.796756,-0.342528,105.929,12.5366,30.6645,0.554352,0.782639,0.242363,-0.14639
333,0,-0.409492,-0.34903,1.55279,-nan,-nan,-nan,0.864338,0.500865,0.0453135,0.2107,-0.278837,-0.93694,-0.456645,0.81938,-0.346542,106.573,12.1634,27.8483,0.556543,0.788942,0.225481,-0.130343
342,0,-0.409922,-0.349032,1.55261,-nan,-nan,-nan,0.873507,0.484575,0.0466116,0.204782,-0.278896,-0.938233,-0.441645,0.829098,-0.34285,106.555,11.8168,26.8211,0.559411,0.789819,0.218201,-0.125039
351,0,-0.409185,-0.348848,1.55254,-nan,-nan,-nan,0.860693,0.505971,0.0565766,0.215279,-0.26098,-0.941034,-0.46137,0.822121,-0.333549,105.5,12.4319,28.1933,0.56262,0.783457,0.23015,-0.129169
360,0,-0.409442,-0.34901,1.55291,-nan,-nan,-nan,0.891078,0.449901,0.0597324,0.197075,-0.26501,-0.943891,-0.408828,0.852853,-0.324809,105.683,11.366,24.6457,0.570364,0.787543,0.205378,-0.110818
368,0,-0.409624,-0.348578,1.55266,-nan,-nan,-nan,0.859171,0.509338,0.0489954,0.204567,-0.25414,-0.945286,-0.469018,0.822185,-0.322543,105.048,11.8041,28.63,0.566235,0.780361,0.22871,-0.13456
377,0,-0.409742,-0.34911,1.55289,-nan,-nan,-nan,0.829454,0.557041,0.0413675,0.220593,-0.25863,-0.940451,-0.513171,0.789187,-0.337402,105.377,12.7439,31.7445,0.555298,0.778699,0.249658,-0.151472
385,0,-0.409253,-0.349025,1.55295,-nan,-nan,-nan,0.752202,0.657151,0.0484154,0.255156,-0.222742,-0.940894,-0.607526,0.720096,-0.335223,103.319,14.7828,38.9265,0.546406,0.759962,0.300116,-0.183927
394,0,-0.409687,-0.348801,1.55268,-nan,-nan,-nan,0.755591,0.652471,0.0580076,0.257886,-0.214898,-0.941973,-0.602144,0.726706,-0.330637,102.851,14.9446,38.552,0.550013,0.758473,0.300062,-0.179353
403,0,-0.409795,-0.348851,1.553,-nan,-nan,-nan,0.781875,0.621008,0.0549626,0.248282,-0.2293,-0.941158,-0.571863,0.749514,-0.333468,103.693,14.3759,36.1817,0.552066,0.765611,0.283855,-0.168787
411,0,-0.409454,-0.348983,1.55367,-nan,-nan,-nan,0.668019,0.74219,0.0538977,0.285084,-0.188345,-0.939816,-0.68737,0.64318,-0.337404,101.332,16.5639,45.818,0.534385,0.740569,0.346785,-0.213847
421,0,-0.40967,-0.348823,1.55228,-nan,-nan,-nan,0.727024,0.685465,0.0396614,0.258664,-0.219923,-0.940599,-0.636026,0.694097,-0.337195,103.16,14.9908,41.1805,0.540811,0.755669,0.312349,-0.197297
429,0,-0.409431,-0.348812,1.55279,-nan,-nan,-nan,0.780069,0.624344,0.0410676,0.240771,-0.238947,-0.940709,-0.577513,0.743706,-0.336719,104.252,13.932,36.5139,0.548727,0.76742,0.281826,-0.174756
438,0,-0.409685,-0.348673,1.55209,-nan,-nan,-nan,0.795892,0.60437,0.0359641,0.221784,-0.235763,-0.946165,-0.563354,0.761021,-0.321682,103.992,12.8138,35.2919,0.556428,0.767029,0.269271,-0.171894
446,0,-0.409667,-0.348473,1.55191,-nan,-nan,-nan,0.820951,0.568972,0.0480721,0.224732,-0.244566,-0.94323,-0.524915,0.785149,-0.328643,104.536,12.9871,32.5948,0.558512,0.773654,0.256479,-0.154088
455,0,-0.409611,-0.348735,1.55244,-nan,-nan,-nan,0.824715,0.562878,0.0548959,0.235327,-0.253283,-0.938333,-0.514263,0.786776,-0.341346,105.106,13.6109,31.9462,0.554546,0.777712,0.256588,-0.147666
464,0,-0.409475,-0.349079,1.5525,-nan,-nan,-nan,0.835568,0.547087,0.050212,0.22416,-0.256058,-0.940312,-0.501576,0.79695,-0.336589,105.233,12.9535,30.9756,0.557432,0.779137,0.247469,-0.144828
473,0,-0.410021,-0.348887,1.5524,-nan,-nan,-nan,0.837495,0.54344,0.0572321,0.225462,-0.248244,-0.942094,-0.497764,0.801903,-0.330428,104.762,13.0301,30.7251,0.560986,0.777201,0.247331,-0.141705
482,0,-0.409034,-0.349375,1.55288,-nan,-nan,-nan,0.853474,0.517767,0.0591487,0.213964,-0.244658,-0.945707,-0.475185,0.819792,-0.319593,104.505,12.3548,29.1076,0.56772,0.777452,0.235298,-0.133782
491,0,-0.410132,-0.348879,1.55175,-nan,-nan,-nan,0.862507,0.501629,0.066703,0.218044,-0.249445,-0.943522,-0.45666,0.828339,-0.324526,104.809,12.5942,27.8992,0.567569,0.780461,0.230528,-0.124912
499,0,-0.409613,-0.34875,1.55153,-nan,-nan,-nan,0.880947,0.470238,0.0529919,0.201273,-0.27099,-0.941304,-0.428276,0.839905,-0.333374,106.06,11.6114,25.9269,0.56493,0.788244,0.212977,-0.119026
508,0,-0.40927,-0.349009,1.5523,-nan,-nan,-nan,0.900958,0.432107,0.0394766,0.177695,-0.284433,-0.942084,-0.395853,0.855793,-0.333045,106.8,10.2355,23.7192,0.566454,0.793479,0.192129,-0.112283
516,0,-0.410217,-0.347946,1.55074,-nan,-nan,-nan,0.915493,0.402045,0.0152329,0.148976,-0.303575,-0.941089,-0.373735,0.86383,-0.337816,107.879,8.56756,22.2069,0.564381,0.799513,0.172299,-0.1121
526,0,-0.409461,-0.348692,1.55218,-nan,-nan,-nan,0.920734,0.387972,0.0415507,0.17038,-0.303962,-0.937325,-0.351025,0.870106,-0.345971,107.967,9.80994,20.8691,0.563649,0.801665,0.174123,-0.09651
535,0,-0.409834,-0.34888,1.55256,-nan,-nan,-nan,0.917774,0.395504,0.035603,0.167468,-0.304194,-0.937774,-0.360063,0.866627,-0.345415,107.972,9.64061,21.4212,0.563064,0.801153,0.175676,-0.101248
543,0,-0.409473,-0.348349,1.55103,-nan,-nan,-nan,0.930602,0.364913,0.0286016,0.147102,-0.301299,-0.942114,-0.335172,0.880941,-0.334069,107.735,8.45905,19.8073,0.569042,0.800932,0.159818,-0.0956917
552,0,-0.40903,-0.348806,1.55222,-nan,-nan,-nan,0.941919,0.332588,0.0466161,0.150282,-0.29328,-0.944141,-0.300339,0.89631,-0.326228,107.256,8.64327,17.6853,0.574981,0.800223,0.150855,-0.0792662
560,0,-0.409362,-0.348832,1.55197,-nan,-nan,-nan,0.933822,0.355151,0.0429461,0.151961,-0.285121,-0.946369,-0.323859,0.890266,-0.320221,106.766,8.74056,19.1271,0.576298,0.796738,0.159121,-0.0881448
569,0,-0.409113,-0.348957,1.55301,-nan,-nan,-nan,0.944894,0.323705,0.0488838,0.151177,-0.299002,-0.942201,-0.290379,0.897671,-0.331462,107.607,8.69517,17.0829,0.573243,0.802396,0.147958,-0.0752419
577,0,-0.40933,-0.348797,1.55229,-nan,-nan,-nan,0.921974,0.383996,0.0500987,0.167773,-0.279482,-0.945379,-0.349021,0.880021,-0.322099,106.469,9.65836,20.7346,0.574542,0.794285,0.173669,-0.0940852
586,0,-0.408821,-0.349116,1.55241,-nan,-nan,-nan,0.945039,0.322181,0.0556855,0.154811,-0.290916,-0.944141,-0.287985,0.90087,-0.324804,107.126,8.90585,16.9477,0.576481,0.800118,0.149038,-0.0725828
595,0,-0.408964,-0.348893,1.55272,-nan,-nan,-nan,0.970077,0.23618,0.0562968,0.129158,-0.30564,-0.943346,-0.205593,0.92239,-0.327,107.952,7.42097,11.9659,0.578238,0.806647,0.113228,-0.0462707
604,0,-0.4092,-0.348612,1.55208,-nan,-nan,-nan,0.981712,0.183277,0.0514936,0.10993,-0.324918,-0.939332,-0.155427,0.927814,-0.339123,109.081,6.31129,8.99654,0.573949,0.813288,0.0901303,-0.0319485
612,0,-0.408671,-0.34876,1.55159,-nan,-nan,-nan,0.985429,0.16323,0.0478139,0.100097,-0.329261,-0.938918,-0.137516,0.930023,-0.340802,109.325,5.74476,7.94429,0.573447,0.814784,0.0807965,-0.0275233
621,0,-0.409452,-0.348942,1.55204,-nan,-nan,-nan,0.988438,0.142413,0.05205,0.0964994,-0.32606,-0.940411,-0.116956,0.934561,-0.336033,109.122,5.53763,6.74807,0.575835,0.814022,0.0733741,-0.0199336
630,0,-0.409983,-0.348703,1.55141,-nan,-nan,-nan,0.990905,0.124231,0.051713,0.0895629,-0.322063,-0.942472,-0.10043,0.938532,-0.33026,108.866,5.13846,5.78724,0.578485,0.8129,0.0657504,-0.0149823
638,0,-0.410034,-0.346576,1.55025,-nan,-nan,-nan,0.99688,0.0776827,0.014023,0.0387112,-0.326275,-0.944482,-0.0687946,0.942078,-0.328264,109.058,2.21854,3.94772,0.579297,0.814159,0.0357405,-0.0168184
647,0,-0.40999,-0.348137,1.55174,-nan,-nan,-nan,0.993921,0.10636,0.0284352,0.0617273,-0.324489,-0.943873,-0.0911638,0.939891,-0.329082,108.972,3.53896,5.24059,0.578868,0.813556,0.0516522,-0.0192761
655,0,-0.410245,-0.348456,1.55112,-nan,-nan,-nan,0.995775,0.0824124,0.0405013,0.0653456,-0.326087,-0.943078,-0.0645144,0.941741,-0.330095,109.074,3.7467,3.70691,0.578704,0.814242,0.0453668,-0.00737286
664,0,-0.41042,-0.3488,1.55109,-nan,-nan,-nan,0.995995,0.0554576,0.070131,0.0840897,-0.314526,-0.945517,-0.0303781,0.947628,-0.31793,108.4,4.82368,1.74699,0.583853,0.810625,0.043037,0.01226
673,0,-0.410247,-0.348515,1.55083,-nan,-nan,-nan,0.984803,0.161073,0.0649505,0.11217,-0.304378,-0.945924,-0.132593,0.938834,-0.31782,107.837,6.44042,7.66816,0.583653,0.80731,0.0846152,-0.020947
682,0,-0.409766,-0.348454,1.55128,-nan,-nan,-nan,0.989349,0.140143,0.0393643,0.0825429,-0.317362,-0.944705,-0.119901,0.937892,-0.325549,108.569,4.73474,6.91008,0.58018,0.811212,0.0686274,-0.0248198
691,0,-0.409907,-0.348523,1.55127,-nan,-nan,-nan,0.981851,0.184677,0.0431568,0.10094,-0.316221,-0.9433,-0.160558,0.930537,-0.329123,108.533,5.79332,9.28716,0.578037,0.810431,0.0881065,-0.0362158
700,0,-0.409199,-0.348643,1.55194,-nan,-nan,-nan,0.982008,0.183409,0.0449579,0.103244,-0.322113,-0.941055,-0.158116,0.928765,-0.335254,108.896,5.926,9.14687,0.575465,0.812308,0.0882218,-0.0348262
709,0,-0.409195,-0.348776,1.55318,-nan,-nan,-nan,0.985538,0.160857,0.053294,0.102631,-0.316346,-0.943076,-0.134841,0.934907,-0.32828,108.544,5.89069,7.79079,0.578989,0.810889,0.0812341,-0.0251411
718,0,-0.409434,-0.348342,1.55204,-nan,-nan,-nan,0.988535,0.141625,0.0523586,0.0954105,-0.317121,-0.943574,-0.11703,0.937751,-0.326997,108.577,5.47495,6.75167,0.579745,0.811273,0.0730444,-0.019929
726,0,-0.409692,-0.348754,1.55181,-nan,-nan,-nan,0.991771,0.117075,0.0518082,0.0874064,-0.323508,-0.94218,-0.093545,0.938955,-0.331078,108.95,5.01442,5.38827,0.578184,0.813381,0.0628491,-0.0128282
735,0,-0.409467,-0.348737,1.55251,-nan,-nan,-nan,0.98966,0.135023,0.0483955,0.0899548,-0.321465,-0.942639,-0.11172,0.937245,-0.330287,108.831,5.161,6.44071,0.57834,0.812621,0.0692135,-0.0194816
744,0,-0.409601,-0.348539,1.55174,-nan,-nan,-nan,0.989209,0.139601,0.0444566,0.0860927,-0.308358,-0.947366,-0.118545,0.940971,-0.317049,108.03,4.93886,6.83361,0.58391,0.808489,0.0697887,-0.0229094
753,0,-0.408975,-0.348745,1.55174,-nan,-nan,-nan,0.984171,0.171019,0.0464676,0.0998361,-0.318395,-0.942686,-0.146422,0.932404,-0.330429,108.663,5.72973,8.46222,0.577786,0.811325,0.0834606,-0.0307998
762,0,-0.408967,-0.348916,1.55222,-nan,-nan,-nan,0.979591,0.193518,0.0543396,0.114656,-0.315926,-0.94183,-0.165094,0.928839,-0.331667,108.543,6.58379,9.56635,0.577061,0.810429,0.095065,-0.0341652
770,0,-0.409217,-0.348829,1.55227,-nan,-nan,-nan,0.981529,0.185752,0.0457851,0.102832,-0.310438,-0.945015,-0.161325,0.932268,-0.323806,108.185,5.90225,9.33376,0.580363,0.808668,0.0892159,-0.0357193
779,0,-0.409669,-0.348515,1.55107,-nan,-nan,-nan,0.976862,0.206394,0.0560538,0.119495,-0.309354,-0.943409,-0.177374,0.928279,-0.326859,108.155,6.86298,10.2914,0.578932,0.80825,0.100801,-0.0375255
788,0,-0.408918,-0.348517,1.5521,-nan,-nan,-nan,0.97324,0.224479,0.0491184,0.121386,-0.320734,-0.939359,-0.195113,0.920184,-0.3394,108.852,6.97211,11.3362,0.572954,0.811384,0.106566,-0.0449831
797,0,-0.409983,-0.348571,1.55182,-nan,-nan,-nan,0.974072,0.223417,0.0356074,0.10652,-0.314056,-0.94341,-0.199591,0.922743,-0.329712,108.412,6.11472,11.5798,0.576694,0.808987,0.10196,-0.0506756
805,0,-0.409682,-0.348602,1.55116,-nan,-nan,-nan,0.967985,0.243572,0.0606451,0.133211,-0.293719,-0.946564,-0.212744,0.924339,-0.316762,107.239,7.65518,12.3954,0.58256,0.80288,0.117322,-0.0473604
814,0,-0.409715,-0.348273,1.55125,-nan,-nan,-nan,0.955672,0.29121,0.0434421,0.131494,-0.290122,-0.947913,-0.263438,0.911606,-0.315554,107.017,7.55596,15.4113,0.580947,0.800211,0.13206,-0.0687306
823,0,-0.409151,-0.347486,1.55199,-nan,-nan,-nan,0.976294,0.213197,0.0373724,0.103063,-0.306056,-0.946418,-0.190336,0.927834,-0.320773,107.92,5.9156,11.0319,0.580832,0.80671,0.0980094,-0.0474034
831,0,-0.409369,-0.347977,1.55087,-nan,-nan,-nan,0.98487,0.171476,0.0250376,0.0801379,-0.322559,-0.943151,-0.153652,0.930887,-0.331421,108.881,4.59649,8.86736,0.576821,0.812227,0.0774457,-0.0395869
840,0,-0.40885,-0.34876,1.55069,-nan,-nan,-nan,0.982093,0.184175,0.0396558,0.0977242,-0.318057,-0.943022,-0.161068,0.93001,-0.33036,108.638,5.60814,9.31385,0.577424,0.810942,0.0869047,-0.0374293
848,0,-0.409012,-0.348418,1.55198,-nan,-nan,-nan,0.979391,0.194889,0.0530324,0.113066,-0.311454,-0.943511,-0.167363,0.930062,-0.32707,108.268,6.49207,9.6973,0.578979,0.808998,0.0951654,-0.0353308
857,0,-0.409433,-0.348646,1.55183,-nan,-nan,-nan,0.979026,0.195426,0.0575839,0.117859,-0.312722,-0.942504,-0.166182,0.929523,-0.329196,108.356,6.76856,9.63371,0.578167,0.809466,0.0967567,-0.0335402
865,0,-0.408625,-0.345745