108,0,-0.337145,-0.388021,1.45959,-0.168006,0.26848,1.54833,0.832362,0.553882,0.0196875,0.187899,-0.248595,-0.950208,-0.521409,0.794616,-0.310995,104.661,10.8302,32.0639,0.564086,0.773297,0.239811,-0.162202
115,0,-0.337758,-0.38814,1.46252,-0.168006,0.26848,1.54833,0.836303,0.548085,0.0141683,0.164739,-0.226553,-0.959966,-0.522933,0.805156,-0.279757,103.279,9.48205,32.0174,0.576627,0.76528,0.232864,-0.166202
122,0,-0.338206,-0.388119,1.46381,-0.168006,0.26848,1.54833,0.837092,0.546911,0.0128346,0.152609,-0.210922,-0.965517,-0.525345,0.810185,-0.260024,102.323,8.77813,32.1117,0.584411,0.759612,0.230223,-0.168675
129,0,-0.338048,-0.387875,1.46347,-0.168006,0.26848,1.54833,0.837545,0.546164,0.0149399,0.150982,-0.205079,-0.96703,-0.525094,0.812187,-0.254224,101.973,8.68383,32.0854,0.586993,0.757768,0.23,-0.168308
137,0,-0.337833,-0.387434,1.46225,-0.168006,0.26848,1.54833,0.836107,0.548246,0.0187162,0.150933,-0.197112,-0.968693,-0.527393,0.812756,-0.247555,101.502,8.681,32.2426,0.589797,0.755112,0.231482,-0.168411
144,0,-0.33717,-0.387019,1.45842,-0.168006,0.26848,1.54833,0.836313,0.547558,0.0276033,0.15861,-0.193445,-0.968205,-0.524809,0.814101,-0.248629,101.299,9.12625,32.1094,0.590389,0.754716,0.233918,-0.164699
151,0,-0.334325,-0.386228,1.44896,-0.168006,0.26848,1.54833,0.824174,0.562976,0.0616051,0.198651,-0.18551,-0.962353,-0.530353,0.805385,-0.264728,100.911,11.4581,32.7611,0.586075,0.754058,0.25251,-0.155409
158,0,-0.333171,-0.386203,1.44532,-0.168006,0.26848,1.54833,0.850611,0.518245,0.0887886,0.210815,-0.181453,-0.960537,-0.481683,0.835761,-0.2636,100.698,12.1701,29.522,0.592781,0.757572,0.240591,-0.129656
165,0,-0.332538,-0.385523,1.44351,-0.168006,0.26848,1.54833,0.84504,0.527079,0.0899686,0.208244,-0.169442,-0.963288,-0.492485,0.832753,-0.252946,99.9762,12.0195,30.2334,0.596375,0.752899,0.244164,-0.133655
172,0,-0.332963,-0.386356,1.44611,-0.168006,0.26848,1.54833,0.891154,0.434174,0.131671,0.223148,-0.166755,-0.960415,-0.395031,0.88526,-0.245489,99.8499,12.894,23.9068,0.608052,0.758848,0.216553,-0.0867632
180,0,-0.334216,-0.387129,1.45234,-0.168006,0.26848,1.54833,0.941442,0.291346,0.169721,0.22214,-0.157267,-0.962248,-0.253655,0.943602,-0.212777,99.2822,12.8348,15.0793,0.626777,0.760179,0.16887,-0.0276036
187,0,-0.334091,-0.386301,1.45248,-0.168006,0.26848,1.54833,0.961754,0.209692,0.176236,0.209843,-0.150503,-0.966082,-0.176055,0.966115,-0.188749,98.8547,12.1132,10.3735,0.636887,0.758453,0.138286,5.95242e-05
194,0,-0.332664,-0.382787,1.44387,-0.168006,0.26848,1.54833,0.985041,0.104308,0.137162,0.145356,-0.0754634,-0.986497,-0.0925484,0.991678,-0.0894963,94.3744,8.35788,5.3674,0.674552,0.733144,0.0851345,0.0152132
201,0,-0.331737,-0.380928,1.43861,-0.168006,0.26848,1.54833,0.991554,0.0379135,0.124032,0.125828,-0.0493489,-0.990824,-0.0314448,0.998062,-0.0537026,92.8513,7.22858,1.81639,0.687114,0.723638,0.0565689,0.0319869
208,0,-0.33052,-0.379439,1.43359,-0.168006,0.26848,1.54833,0.991902,0.010202,0.126595,0.126933,-0.0460179,-0.990843,-0.00428295,0.998889,-0.0469402,92.6591,7.29239,0.247397,0.689011,0.721952,0.0474875,0.0423545
215,0,-0.329468,-0.377722,1.4286,-0.168006,0.26848,1.54833,0.991144,-0.0127082,0.132181,0.131493,-0.0449121,-0.990299,0.0185215,0.99891,-0.0428433,92.5967,7.55585,-1.07056,0.689817,0.720919,0.0411919,0.0522605
222,0,-0.328069,-0.375518,1.42069,-0.168006,0.26848,1.54833,0.990528,-0.0193032,0.135946,0.13472,-0.0547525,-0.98937,0.0265414,0.998313,-0.0516334,93.1676,7.74245,-1.53488,0.68632,0.724036,0.039852,0.0561048
230,0,-0.326256,-0.373165,1.41211,-0.168006,0.26848,1.54833,0.991082,0.000502548,0.133255,0.132964,-0.0699266,-0.988651,0.00882126,0.997552,-0.0693698,94.0458,7.64091,-0.509955,0.680402,0.729791,0.0457209,0.0486704
237,0,-0.322813,-0.369137,1.39682,-0.168006,0.26848,1.54833,0.990697,0.02629,0.133524,0.135346,-0.0880281,-0.98688,-0.0141912,0.995771,-0.0907674,95.0972,7.77862,0.820674,0.673034,0.73646,0.0548692,0.040509
244,0,-0.319478,-0.36603,1.38313,-0.168006,0.26848,1.54833,0.990359,0.0428541,0.131727,0.135611,-0.106006,-0.985075,-0.0282506,0.993442,-0.110796,96.1421,7.79397,1.63396,0.665875,0.742826,0.060063,0.0348253
251,0,-0.317714,-0.36542,1.3761,-0.168006,0.26848,1.54833,0.989878,0.0430962,0.135221,0.139299,-0.112656,-0.983821,-0.0271654,0.992699,-0.117519,96.5324,8.00727,1.57199,0.663269,0.744992,0.061207,0.0362608
259,0,-0.316714,-0.3662,1.37282,-0.168006,0.26848,1.54833,0.993222,0.0443737,0.107432,0.110989,-0.0875162,-0.989961,-0.0345262,0.995174,-0.0918479,95.052,6.37232,1.99091,0.673398,0.736985,0.0527021,0.0247309
265,0,-0.313083,-0.362789,1.35853,-0.168006,0.26848,1.54833,0.992551,0.0288813,0.118354,0.119887,-0.0588924,-0.991039,-0.0216524,0.997846,-0.0619162,93.4008,6.88557,1.2497,0.684058,0.72687,0.0511674,0.0332594
273,0,-0.308695,-0.357503,1.34221,-0.168006,0.26848,1.54833,0.994495,0.0159066,0.103567,0.104347,-0.0604451,-0.992702,-0.0095304,0.998045,-0.0617721,93.4844,5.98957,0.549057,0.684156,0.727446,0.0413274,0.0323175
280,0,-0.300678,-0.349694,1.31272,-0.168006,0.26848,1.54833,0.998425,-0.00163894,0.0560701,0.0557596,-0.0799864,-0.995235,0.00611598,0.996795,-0.0797691,94.5949,3.19645,-0.350968,0.677988,0.734537,0.01842,0.021165
287,0,-0.297632,-0.345581,1.29833,-0.168006,0.26848,1.54833,0.998621,-0.006254,0.0521254,0.0514938,-0.0766978,-0.995724,0.0102252,0.997035,-0.07627,94.4046,2.95168,-0.586647,0.679274,0.733415,0.015421,0.0212535
294,0,-0.295677,-0.341866,1.28595,-0.168006,0.26848,1.54833,0.997601,0.0464972,0.0512931,0.0553737,-0.0911984,-0.994292,-0.0415539,0.994747,-0.0935543,95.2406,3.1743,2.38521,0.67321,0.73864,0.0344792,0.00329632
301,0,-0.294605,-0.339601,1.27646,-0.168006,0.26848,1.54833,0.996631,0.0724732,0.0383959,0.0470461,-0.121699,-0.991451,-0.0671809,0.989918,-0.124699,96.998,2.69654,3.85636,0.661482,0.748837,0.0399016,-0.00960989
308,0,-0.292776,-0.337343,1.26652,-0.168006,0.26848,1.54833,0.995423,0.0908246,0.0297347,0.0417608,-0.133525,-0.990165,-0.085961,0.986875,-0.136707,97.6801,2.39342,4.93561,0.656733,0.752605,0.0440422,-0.0186772
315,0,-0.291551,-0.336113,1.26063,-0.168006,0.26848,1.54833,0.988956,0.147389,0.0155778,0.0374916,-0.147095,-0.988412,-0.14339,0.978079,-0.150996,98.4646,2.14861,8.24989,0.650166,0.756149,0.0611258,-0.0422576
322,0,-0.289345,-0.333246,1.25126,-0.168006,0.26848,1.54833,0.982243,0.187412,0.00872654,0.0395431,-0.161332,-0.986108,-0.183401,0.968942,-0.165878,99.2915,2.26624,10.5763,0.64324,0.759844,0.0746717,-0.0574705
328,0,-0.285029,-0.32937,1.23663,-0.168006,0.26848,1.54833,0.97817,0.206043,0.0270095,0.0636539,-0.173359,-0.982799,-0.197817,0.963064,-0.18269,100.004,3.64957,11.4328,0.636812,0.763908,0.0882623,-0.0558992
336,0,-0.282464,-0.326225,1.22546,-0.168006,0.26848,1.54833,0.976279,0.21181,0.0449014,0.0831306,-0.175203,-0.981016,-0.199922,0.961478,-0.188655,100.126,4.76854,11.573,0.634906,0.764875,0.0964015,-0.0506686
342,0,-0.281071,-0.324649,1.21764,-0.168006,0.26848,1.54833,0.978728,0.201265,0.039793,0.0780723,-0.186006,-0.979442,-0.189726,0.961714,-0.197763,100.753,4.47777,10.9707,0.631458,0.768521,0.0908686,-0.0487732
349,0,-0.279429,-0.323223,1.21073,-0.168006,0.26848,1.54833,0.981446,0.189274,0.0306368,0.0694135,-0.201795,-0.976965,-0.178732,0.960965,-0.211189,101.67,3.9803,10.3211,0.626191,0.773697,0.0835881,-0.047853
355,0,-0.278248,-0.321478,1.20641,-0.168006,0.26848,1.54833,0.980185,0.194967,0.0349948,0.0708924,-0.180318,-0.98105,-0.184963,0.964092,-0.190566,100.415,4.06524,10.6862,0.634291,0.76666,0.0866942,-0.048903
363,0,-0.275416,-0.318514,1.19428,-0.168006,0.26848,1.54833,0.978024,0.205592,0.0346394,0.0707287,-0.170885,-0.982749,-0.196126,0.963603,-0.181671,99.8642,4.05584,11.3393,0.637469,0.763312,0.0905007,-0.0528902
370,0,-0.261023,-0.314364,1.15036,-0.168006,0.26848,1.54833,0.982227,0.171205,0.0769296,0.136463,-0.369976,-0.918964,-0.128869,0.91313,-0.386764,111.93,7.84321,7.47458,0.553509,0.827491,0.092952,-0.0156919
377,0,-0.259959,-0.310771,1.14276,-0.168006,0.26848,1.54833,0.986436,0.152368,0.0610626,0.118423,-0.402984,-0.907513,-0.113669,0.902434,-0.415562,113.944,6.80112,6.5733,0.540345,0.837404,0.0808425,-0.0157051
384,0,-0.257719,-0.308626,1.13525,-0.168006,0.26848,1.54833,0.987301,0.154527