130,0,-0.335576,-0.387628,1.45789,-nan,-nan,-nan,0.828677,0.559631,0.0103544,0.184497,-0.255636,-0.949005,-0.528446,0.788329,-0.31509,105.076,10.6318,32.5256,0.560792,0.7745,0.240196,-0.167234
138,0,-0.336645,-0.386758,1.45733,-nan,-nan,-nan,0.830413,0.556025,0.0353721,0.187055,-0.218435,-0.957756,-0.52481,0.801949,-0.285398,102.848,10.781,32.2923,0.575886,0.763912,0.243182,-0.160175
146,0,-0.336604,-0.386687,1.45837,-nan,-nan,-nan,0.828189,0.559399,0.0342834,0.17524,-0.200368,-0.963921,-0.532347,0.804317,-0.263971,101.743,10.0926,32.7323,0.58392,0.757055,0.242598,-0.164474
154,0,-0.337059,-0.387634,1.46133,-nan,-nan,-nan,0.825101,0.564271,0.0283945,0.162321,-0.188616,-0.968543,-0.541165,0.803755,-0.24722,101.02,9.34167,33.26,0.589335,0.751821,0.241611,-0.17051
163,0,-0.345841,-0.389568,1.46889,-nan,-nan,-nan,0.778369,0.625644,0.0520716,0.213103,-0.185281,-0.959301,-0.590533,0.757786,-0.277544,100.932,12.3042,37.1869,0.573486,0.748531,0.280131,-0.179839
171,0,-0.351279,-0.391145,1.47402,-nan,-nan,-nan,0.75212,0.656548,0.0571016,0.218754,-0.166984,-0.961386,-0.621661,0.735569,-0.269215,99.8534,12.6359,39.5753,0.573568,0.739648,0.295851,-0.19082
179,0,-0.351326,-0.392398,1.47889,-nan,-nan,-nan,0.737758,0.674034,0.0372936,0.205479,-0.171595,-0.963501,-0.643033,0.718494,-0.265095,100.098,11.8575,41.0755,0.570322,0.737301,0.298221,-0.205391
188,0,-0.352083,-0.393371,1.48292,-nan,-nan,-nan,0.724497,0.688358,0.0356033,0.202593,-0.163289,-0.965553,-0.658832,0.706753,-0.257759,99.5988,11.6887,42.2823,0.570843,0.732384,0.304127,-0.21274
196,0,-0.35315,-0.394087,1.48825,-nan,-nan,-nan,0.713001,0.700702,0.025416,0.194153,-0.162471,-0.967423,-0.673746,0.694709,-0.251885,99.5334,11.1953,43.3785,0.569791,0.729273,0.306763,-0.222252
205,0,-0.354455,-0.395475,1.49205,-nan,-nan,-nan,0.698232,0.715367,0.0268489,0.198432,-0.157371,-0.967398,-0.68782,0.680796,-0.251834,99.2397,11.4453,44.5696,0.567677,0.725851,0.314734,-0.227654
213,0,-0.355841,-0.397236,1.49802,-nan,-nan,-nan,0.67077,0.741161,0.0273511,0.207389,-0.152031,-0.966373,-0.712079,0.653887,-0.255687,98.9406,11.9694,46.711,0.561928,0.720848,0.32897,-0.237473
222,0,-0.357795,-0.399348,1.50622,-nan,-nan,-nan,0.664734,0.746457,0.0304933,0.21348,-0.150677,-0.965258,-0.715929,0.64815,-0.259514,98.8723,12.3264,47.1236,0.560032,0.72023,0.333205,-0.237923
230,0,-0.359686,-0.400849,1.51433,-nan,-nan,-nan,0.651177,0.758427,0.0275085,0.205066,-0.140937,-0.968548,-0.730696,0.636337,-0.247302,98.2792,11.8333,48.2934,0.561902,0.714041,0.337338,-0.2462
238,0,-0.361197,-0.401594,1.51984,-nan,-nan,-nan,0.591012,0.806397,0.0206915,0.20437,-0.124871,-0.970897,-0.780345,0.57804,-0.238603,97.3288,11.7926,52.8607,0.553972,0.699015,0.361497,-0.271687
246,0,-0.362473,-0.401464,1.52601,-nan,-nan,-nan,0.550147,0.834473,0.0315237,0.217173,-0.106522,-0.970304,-0.806334,0.540656,-0.239827,96.2649,12.543,55.695,0.548589,0.688567,0.381824,-0.281313
254,0,-0.365163,-0.402114,1.5342,-nan,-nan,-nan,0.612618,0.789849,0.0289641,0.2042,-0.122766,-0.971201,-0.763546,0.600889,-0.236495,97.2043,11.7827,51.2588,0.559767,0.702118,0.353946,-0.261559
262,0,-0.373721,-0.406865,1.55565,-nan,-nan,-nan,0.666599,0.744858,0.0288268,0.187449,-0.130074,-0.973624,-0.721462,0.654421,-0.226331,97.6096,10.804,47.2634,0.572319,0.711162,0.327741,-0.243487
271,0,-0.380373,-0.414124,1.57663,-nan,-nan,-nan,0.741184,0.66857,0.0605007,0.189646,-0.122083,-0.974233,-0.643956,0.73356,-0.217278,97.1426,10.9321,40.9848,0.591993,0.721205,0.297494,-0.20225
279,0,-0.390713,-0.418491,1.58109,-nan,-nan,-nan,0.762613,0.645013,0.048776,0.176662,-0.135146,-0.974949,-0.622263,0.752126,-0.217013,97.8919,10.1754,39.2131,0.593813,0.727113,0.282513,-0.19718
287,0,-0.40324,-0.423642,1.58436,-nan,-nan,-nan,0.78589,0.615793,0.0563553,0.18819,-0.151366,-0.970398,-0.589034,0.773232,-0.234843,98.8657,10.8472,36.852,0.591541,0.736902,0.272758,-0.180716
296,0,-0.415765,-0.428825,1.59477,-nan,-nan,-nan,0.792616,0.606705,0.0605626,0.202029,-0.167614,-0.96493,-0.575277,0.777055,-0.255426,99.8543,11.6556,35.972,0.585145,0.744254,0.271659,-0.172896
305,0,-0.43047,-0.429736,1.60076,-nan,-nan,-nan,0.788796,0.611118,0.0658496,0.207728,-0.164216,-0.964304,-0.57849,0.774317,-0.256479,99.6645,11.9892,36.2557,0.584829,0.743218,0.275439,-0.17244
314,0,-0.442157,-0.430866,1.60504,-nan,-nan,-nan,0.781782,0.62054,0.0612083,0.201702,-0.158781,-0.966491,-0.590028,0.767931,-0.249296,99.3296,11.6365,37.0426,0.586026,0.739909,0.277819,-0.178677
322,0,-0.453846,-0.432434,1.60857,-nan,-nan,-nan,0.773986,0.631008,0.0526852,0.203717,-0.169366,-0.964269,-0.599538,0.757063,-0.259634,99.9619,11.7544,37.7618,0.579868,0.742123,0.281195,-0.184219
331,0,-0.465921,-0.43389,1.6127,-nan,-nan,-nan,0.774668,0.63085,0.043795,0.189531,-0.165551,-0.967818,-0.603298,0.758038,-0.247812,99.7068,10.9254,37.9108,0.583375,0.7396,0.277306,-0.189123
340,0,-0.468412,-0.434052,1.61888,-nan,-nan,-nan,0.794089,0.607691,0.0115998,0.152638,-0.18091,-0.971583,-0.588324,0.773294,-0.236415,100.548,8.77981,36.534,0.586678,0.743541,0.255644,-0.193911
349,0,-0.468847,-0.434814,1.62287,-nan,-nan,-nan,0.794491,0.606881,0.0218931,0.155806,-0.168862,-0.973247,-0.586948,0.776647,-0.228716,99.8431,8.96357,36.456,0.590955,0.740282,0.257567,-0.190824
357,0,-0.470127,-0.436258,1.62619,-nan,-nan,-nan,0.798718,0.600692,0.0349166,0.163896,-0.161358,-0.973191,-0.578954,0.783028,-0.227331,99.4142,9.43313,35.9367,0.593723,0.739494,0.258484,-0.183922
366,0,-0.472079,-0.437584,1.63295,-nan,-nan,-nan,0.795035,0.605115,0.0418868,0.172671,-0.159584,-0.971966,-0.581467,0.77998,-0.23136,99.324,9.94312,36.1807,0.592472,0.739253,0.263031,-0.182475
374,0,-0.473003,-0.418113,1.63761,-nan,-nan,-nan,0.796131,0.60203,0.0611174,0.188301,-0.150485,-0.970514,-0.575081,0.784164,-0.233169,98.814,10.8536,35.8423,0.594238,0.738205,0.267653,-0.174059
382,0,-0.474383,-0.395911,1.63963,-nan,-nan,-nan,0.799258,0.597655,0.0632088,0.189101,-0.150259,-0.970393,-0.570463,0.787547,-0.233112,98.802,10.9003,35.517,0.594955,0.738686,0.266269,-0.171674
391,0,-0.465978,-0.384387,1.64939,-nan,-nan,-nan,0.784069,0.620622,0.00802879,0.151279,-0.178542,-0.972233,-0.601956,0.763512,-0.233877,100.406,8.70105,37.5146,0.585587,0.741028,0.260416,-0.200373
399,0,-0.45632,-0.370047,1.65855,-nan,-nan,-nan,0.764945,0.644013,0.0103131,0.169077,-0.185324,-0.968023,-0.621508,0.742228,-0.25065,100.838,9.73415,39.0934,0.576405,0.741775,0.274035,-0.205991
408,0,-0.45679,-0.352929,1.66308,-nan,-nan,-nan,0.748028,0.663641,-0.00586282,0.186331,-0.218487,-0.957885,-0.636973,0.715433,-0.287091,102.849,10.7388,40.4156,0.557326,0.750601,0.283097,-0.214107
417,0,-0.456943,-0.332184,1.66792,-nan,-nan,-nan,0.725562,0.686898,-0.0415997,0.185943,-0.253894,-0.949191,-0.66256,0.680962,-0.311939,104.975,10.7161,42.4013,0.538454,0.756868,0.288307,-0.23259
426,0,-0.456076,-0.311761,1.67428,-nan,-nan,-nan,0.712545,0.700957,-0.0306471,0.222451,-0.267123,-0.937636,-0.665429,0.66129,-0.346266,105.902,12.853,43.0417,0.524203,0.762551,0.302736,-0.228206
434,0,-0.454721,-0.292246,1.68212,-nan,-nan,-nan,0.700792,0.712826,-0.0277447,0.236486,-0.268835,-0.933703,-0.673026,0.647771,-0.356971,106.062,13.6792,43.8422,0.518408,0.76266,0.311184,-0.229713
442,0,-0.451166,-0.278146,1.69115,-nan,-nan,-nan,0.710265,0.699253,-0.0810524,0.191537,-0.302772,-0.933618,-0.677375,0.647592,-0.348981,107.968,11.0425,43.6422,0.51442,0.768443,0.289803,-0.246742
450,0,-0.446324,-0.269683,1.69343,-nan,-nan,-nan,0.679622,0.733522,-0.00771956,0.225488,-0.218909,-0.949333,-0.698047,0.643447,-0.314176,102.985,13.0316,45.7662,0.535382,0.743759,0.322352,-0.23723
460,0,-0.445176,-0.268871,1.69423,-nan,-nan,-nan,0.679975,0.732708,0.0277871,0.235826,-0.182656,-0.954475,-0.694276,0.655572,-0.296994,100.834,13.6403,45.5962,0.547797,0.734783,0.329531,-0.226764
468,0,-0.449741,-0.26888,1.69057,-nan,-nan,-nan,0.678658,0.730732,0.0738511,0.263804,-0.148685,-0.953048,-0.685442,0.666276,-0.293677,98.8673,15.2959,45.2849,0.555944,0.728186,0.341443,-0.209971
476,0,-0.449036,-0.267127,1.68554,-nan,-nan,-nan,0.684411,0.725912,0.0680687,0.237227,-0.133435,-0.962247,-0.689424,0.67472,-0.26353,97.8949,13.7229,45.2091,0.567328,0.721349,0.333798,-0.215345
485,0,-0.449431,-0.266774,1.68691