107,0,-0.336013,-0.3874,1.45796,-nan,-nan,-nan,0.822005,0.569471,0.00327504,0.185442,-0.262231,-0.94702,-0.538441,0.779062,-0.321159,105.477,10.6869,33.2262,0.556465,0.775467,0.243374,-0.17253
115,0,-0.335907,-0.38754,1.46044,-nan,-nan,-nan,0.816949,0.576631,0.009573,0.162412,-0.214108,-0.963213,-0.553369,0.788451,-0.268567,102.532,9.34693,34.1122,0.577554,0.758226,0.243675,-0.179299
122,0,-0.337155,-0.386921,1.46259,-nan,-nan,-nan,0.813365,0.581414,0.0198762,0.151982,-0.179386,-0.971968,-0.561551,0.793586,-0.23427,100.457,8.74178,34.6214,0.591546,0.74616,0.245723,-0.181487
130,0,-0.338016,-0.387363,1.46488,-nan,-nan,-nan,0.808852,0.587559,0.0230732,0.154819,-0.174946,-0.97233,-0.567265,0.790043,-0.23247,100.2,8.9063,35.0428,0.591911,0.744357,0.249336,-0.182772
138,0,-0.338508,-0.388391,1.46848,-nan,-nan,-nan,0.791324,0.610874,0.025284,0.161232,-0.168611,-0.972407,-0.589755,0.773565,-0.231919,99.837,9.27841,36.6963,0.58966,0.740245,0.26076,-0.190636
146,0,-0.339219,-0.390296,1.4748,-nan,-nan,-nan,0.778065,0.627579,0.0275538,0.167355,-0.164808,-0.972024,-0.605481,0.760909,-0.23326,99.6231,9.63406,37.8896,0.587366,0.737586,0.269438,-0.195885
153,0,-0.337378,-0.392646,1.48274,-nan,-nan,-nan,0.747443,0.66365,0.0299625,0.180307,-0.15925,-0.970633,-0.639389,0.730896,-0.238691,99.3174,10.3876,40.5448,0.58084,0.732357,0.288096,-0.208036
160,0,-0.327436,-0.393571,1.49421,-nan,-nan,-nan,0.71392,0.699737,0.0262088,0.188919,-0.156437,-0.969452,-0.674261,0.697062,-0.243877,99.1666,10.8897,43.3636,0.573063,0.72702,0.305581,-0.222845
168,0,-0.309091,-0.384324,1.50467,-nan,-nan,-nan,0.677104,0.735741,0.0146374,0.200644,-0.165443,-0.965594,-0.708005,0.656745,-0.259644,99.7225,11.5746,46.278,0.559468,0.724947,0.322915,-0.23911
176,0,-0.306801,-0.373248,1.51393,-nan,-nan,-nan,0.654488,0.75573,0.0227589,0.217334,-0.159217,-0.963024,-0.724163,0.635234,-0.268451,99.3878,12.5525,47.8932,0.55381,0.721484,0.337174,-0.243042
183,0,-0.308467,-0.36711,1.51888,-nan,-nan,-nan,0.642224,0.766174,0.0229109,0.217311,-0.153328,-0.963985,-0.735067,0.624073,-0.264969,99.0376,12.5511,48.8565,0.553156,0.717726,0.34257,-0.24806
191,0,-0.30772,-0.354335,1.53552,-nan,-nan,-nan,0.699249,0.712796,0.0545273,0.188659,-0.110426,-0.975814,-0.689535,0.692624,-0.211691,96.4563,10.8746,44.5992,0.586756,0.710874,0.317024,-0.223319
200,0,-0.31118,-0.345049,1.5593,-nan,-nan,-nan,0.774836,0.628718,0.0659082,0.169292,-0.105918,-0.979858,-0.609073,0.770387,-0.188506,96.1695,9.74665,38.1697,0.608361,0.719246,0.277377,-0.188797
208,0,-0.314861,-0.337324,1.57439,-nan,-nan,-nan,0.793603,0.606215,0.0519386,0.16842,-0.136845,-0.97617,-0.584662,0.783439,-0.210699,97.98,9.69596,36.3797,0.601261,0.731633,0.264694,-0.182032
216,0,-0.317082,-0.328478,1.58606,-nan,-nan,-nan,0.80619,0.590301,0.0400242,0.161573,-0.154578,-0.974679,-0.569167,0.792244,-0.219996,99.0117,9.2982,35.2219,0.598251,0.738371,0.254572,-0.179159
224,0,-0.318755,-0.319902,1.59663,-nan,-nan,-nan,0.804342,0.593336,0.0314092,0.152865,-0.155566,-0.975926,-0.574166,0.78978,-0.215828,99.0569,8.793,35.5205,0.598529,0.737519,0.252943,-0.183981
231,0,-0.321033,-0.310773,1.60617,-nan,-nan,-nan,0.802128,0.596403,0.0298976,0.146824,-0.148445,-0.97796,-0.57882,0.78884,-0.206638,98.6311,8.44292,35.8144,0.601466,0.734373,0.253014,-0.186868
239,0,-0.322763,-0.301641,1.61546,-nan,-nan,-nan,0.796578,0.603981,0.0258897,0.138921,-0.141205,-0.980185,-0.588357,0.784391,-0.196386,98.1976,7.98541,36.4498,0.603943,0.73044,0.254265,-0.19251
247,0,-0.325276,-0.292581,1.62851,-nan,-nan,-nan,0.787096,0.616476,0.0208928,0.125903,-0.127406,-0.983827,-0.603844,0.776997,-0.177897,97.3788,7.2329,37.4947,0.608645,0.723256,0.25661,-0.201502
255,0,-0.328969,-0.284915,1.64738,-nan,-nan,-nan,0.766023,0.642554,0.0182624,0.113326,-0.107028,-0.987776,-0.632745,0.758729,-0.154805,96.184,6.50711,39.5572,0.613227,0.712014,0.265402,-0.215755
263,0,-0.32888,-0.287778,1.64947,-nan,-nan,-nan,0.784267,0.619676,0.030456,0.121667,-0.105476,-0.986951,-0.608377,0.777738,-0.158116,96.1001,6.98834,37.8017,0.616578,0.715517,0.259024,-0.201924
270,0,-0.33481,-0.300453,1.6748,-nan,-nan,-nan,0.728805,0.683393,0.042636,0.162463,-0.112097,-0.980326,-0.665169,0.721393,-0.192723,96.5233,9.34988,42.3862,0.596654,0.713026,0.296572,-0.218271
278,0,-0.337427,-0.304597,1.69076,-nan,-nan,-nan,0.697772,0.715372,0.0368563,0.167849,-0.113266,-0.979284,-0.696377,0.689503,-0.199109,96.5977,9.66279,44.9427,0.588514,0.708898,0.311477,-0.232587
285,0,-0.338568,-0.306634,1.7001,-nan,-nan,-nan,0.692431,0.720469,0.0382686,0.173834,-0.115121,-0.978023,-0.700229,0.683866,-0.204955,96.7132,10.0108,45.3208,0.585738,0.709314,0.3152,-0.23331
293,0,-0.344629,-0.311399,1.71637,-nan,-nan,-nan,0.696458,0.716867,0.0323885,0.157196,-0.108371,-0.981603,-0.700169,0.688737,-0.188165,96.3001,9.04418,45.1522,0.591591,0.705867,0.309571,-0.236511
300,0,-0.333566,-0.308148,1.74653,-nan,-nan,-nan,0.748774,0.662569,-0.0184256,0.109911,-0.151529,-0.982323,-0.653648,0.733513,-0.186285,98.7691,6.31018,41.1196,0.593919,0.722251,0.267386,-0.232632
308,0,-0.334258,-0.309723,1.75748,-nan,-nan,-nan,0.744839,0.667244,-0.000358516,0.11246,-0.126067,-0.985627,-0.657699,0.734093,-0.168938,97.2889,6.45713,41.4448,0.602045,0.714116,0.272962,-0.230375
315,0,-0.335386,-0.310263,1.76922,-nan,-nan,-nan,0.736235,0.676061,0.0299769,0.114758,-0.0810719,-0.99008,-0.666924,0.732372,-0.137272,94.6812,6.58968,42.1721,0.616014,0.699031,0.282827,-0.227796
323,0,-0.336572,-0.312917,1.77745,-nan,-nan,-nan,0.718419,0.695307,0.0205706,0.103534,-0.077639,-0.991591,-0.687863,0.714507,-0.127765,94.477,5.9427,43.7553,0.615023,0.69351,0.28797,-0.240549
331,0,-0.33762,-0.312962,1.78324,-nan,-nan,-nan,0.710216,0.703587,0.0236248,0.123718,-0.091706,-0.988071,-0.693028,0.704667,-0.152177,95.3026,7.1067,44.2982,0.605461,0.698946,0.295912,-0.239433
338,0,-0.338524,-0.314864,1.787,-nan,-nan,-nan,0.707782,0.705833,0.0290572,0.142214,-0.102075,-0.984559,-0.691968,0.700986,-0.172626,95.9191,8.17598,44.3527,0.598557,0.704004,0.301151,-0.235407
346,0,-0.339445,-0.315888,1.79095,-nan,-nan,-nan,0.716263,0.697113,0.0316425,0.148701,-0.108169,-0.982948,-0.681803,0.708755,-0.181139,96.2799,8.55166,43.588,0.597276,0.708091,0.298625,-0.229547
353,0,-0.340343,-0.317419,1.79576,-nan,-nan,-nan,0.720286,0.69298,0.0310904,0.149473,-0.111284,-0.982484,-0.677382,0.712316,-0.183738,96.4622,8.59637,43.2417,0.596922,0.709808,0.296719,-0.227629
361,0,-0.341414,-0.317914,1.80157,-nan,-nan,-nan,0.738564,0.673348,0.0335673,0.157562,-0.123983,-0.979695,-0.655514,0.728856,-0.197663,97.2126,9.06541,41.5907,0.595172,0.717672,0.289446,-0.216654
369,0,-0.343099,-0.319672,1.81003,-nan,-nan,-nan,0.778326,0.626826,0.0360133,0.144481,-0.122992,-0.981834,-0.61101,0.76939,-0.186292,97.1401,8.30724,38.133,0.60602,0.722428,0.266915,-0.198981
377,0,-0.3442,-0.320523,1.81627,-nan,-nan,-nan,0.773862,0.632614,0.030611,0.135811,-0.118539,-0.983618,-0.618622,0.765342,-0.177649,96.8718,7.80553,38.6387,0.607798,0.719383,0.267043,-0.204345
385,0,-0.34603,-0.32188,1.82605,-nan,-nan,-nan,0.810201,0.585579,0.0258958,0.124353,-0.128544,-0.983877,-0.572809,0.800358,-0.176965,97.4435,7.14337,35.2601,0.61333,0.727274,0.244039,-0.188001
392,0,-0.347949,-0.323851,1.83644,-nan,-nan,-nan,0.815067,0.578739,0.0269743,0.127514,-0.133778,-0.982773,-0.565161,0.804465,-0.182836,97.7516,7.32596,34.7371,0.612056,0.730014,0.241863,-0.184307
400,0,-0.350477,-0.326209,1.84989,-nan,-nan,-nan,0.838338,0.544494,0.0267636,0.120068,-0.13653,-0.983333,-0.531764,0.827579,-0.179834,97.9046,6.89601,32.3873,0.616841,0.733945,0.226366,-0.172016
408,0,-0.352066,-0.32758,1.85814,-nan,-nan,-nan,0.832658,0.553219,0.0250844,0.115855,-0.129723,-0.984759,-0.541533,0.822873,-0.172108,97.5044,6.65293,33.0387,0.618633,0.730494,0.22898,-0.176746
416,0,-0.354267,-0.329566,1.86934,-nan,-nan,-nan,0.849364,0.527323,0.0226119,0.108103,-0.13187,-0.985355,-0.516618,0.839369,-0.169011,97.6226,6.20598,31.3097,0.62219,0.733186,0.216666,-0.168445
423,0,-0.356075,-0.330924,1.87957,-nan,-nan,-nan,0.89527,0.444939,0.022839,0.0954196,-0.141417,-0.985341,-0.435186,0.884325,-0.169063,98.1674,5.47547,25.9242,0.629442,0.742588,0.181917,-0.138821
430,0,-0.358019,-0.332447,1.88963,-nan,-nan,-nan,0.901649,0.431981,0.0205224,0.0925624,-0.146411,-0.984884,-0.422446,0.889919,-0.171996,98.4556,5.31104,25.1043,0.629135,0.744993,0.176023,-0.134875
438,0,-0.359007,-0.331621,1.89487,-nan,-nan,-nan,0.913708,0.405966,0.0181274,0.0843618,-0.145859,-0.985702,-0.397517,0.902173,-0.167521,98.4173,4.83932,23.5119,0.63252,0.746172,0.164281,-0.127112
444,0,-0.360331,-0.3311,1.90302,-nan,-nan,-nan,0.913446,0.406385,0.0216219,0.0844595,-0.137333,-0.986918,-0.3981,0.903322,-0.159769,97.922,4.84494,23.5486,0.635677,0.743396,0.165069,-0.126607
452,0,-0.36285,-0.329166,1.91539,-nan,-nan,-nan,0.912329,0.409042,0.0184557,0.0855701,-0.14639,-0.985519,-0.400417,0.900697,-0.168558,98.449,4.90881,23.6964,0.631938,0.746203,0.165709,-0.127968
458,0,-0.371961,-0.321452,1.96241,-nan,-nan,-nan,0.915124,0.403058,-0.00961001,0.0560879,-0.150877,-0.98696,-0.399252,0.902652,-0.160678,98.6915,3.21529,23.5707,0.633161,0.746103,0.153848,-0.136999
466,0,-0.375257,-0.317334,1.98919,-nan,-nan,-nan,0.942647,0.33377,-0.00361889,0.0521464,-0.157965,-0.986067,-0.329692,0.929325,-0.16631,99.1013,2.98912,19.2773,0.636076,0.752815,0.128158,-0.110688
474,0,-0.379008,-0.318757,2.00083,-nan,-nan,-nan,0.947094,0.320888,0.00661829,0.0564037,-0.146104,-0.98766,-0.315961,0.93578,-0.156474,98.4147,3.23341,18.4493,0.641194,0.749945,0.125773,-0.103122
482,0,-0.38204,-0.320804,2.01217,-nan,-nan,-nan,0.949727,0.312974,0.00815539,0.0575922,-0.149042,-0.987152,-0.307737,0.937995,-0.159574,98.5858,3.30162,17.9537,0.640529,0.751389,0.123294,-0.099676
491,0,-0.385905,-0.322493,2.02232,-nan,-nan,-nan,0.951945,0.306217,0.00570992,0.0541122,-0.149812,-0.987233,-0.301452,0.9401,-0.159182,98.6287,3.10192,17.5714,0.640888,0.751821,0.119819,-0.0983419
499,0,-0.397504,-0.327394,2.06261,-nan,-nan,-nan,0.960282,0.279032,-0.00041259,0.0440237,-0.152966,-0.98725,-0.275538,0.94802,-0.159174,98.8075,2.52319,16.01,0.6419,0.753728,0.107153,-0.0915286
507,0,-0.399779,-0.33204,2.08128,-nan,-nan,-nan,0.952427,0.304498,-0.0127964,0.0343039,-0.148829,-0.988268,-0.30283,0.940814,-0.152194,98.5641,1.96585,17.6384,0.642535,0.750575,0.112848,-0.105128
515,0,-0.399998,-0.345443,2.10019,-nan,-nan,-nan,0.943774,0.330471,-0.00894499,0.0291636,-0.110178,-0.993484,-0.329303,0.937363,-0.113621,96.3283,1.67119,19.235,0.655739,0.736134,0.122136,-0.114873
522,0,-0.399811,-0.3568,2.12293,-nan,-nan,-nan,0.930881,0.365236,0.00790246,0.033462,-0.0637044,-0.997408,-0.363786,0.928733,-0.0715227,93.6545,1.91759,21.3454,0.67001,0.718698,0.138688,-0.123794
530,0,-0.401208,-0.362349,2.13803,-nan,-nan,-nan,0.917286,0.397952,0.0148335,0.0275899,-0.0263476,-0.999272,-0.397271,0.917028,-0.0351477,91.5104,1.58098,23.4171,0.681137,0.703346,0.151256,-0.135935
537,0,-0.40252,-0.363961,2.14113,-nan,-nan,-nan,0.898574,0.438688,0.0108338,0.00878724,0.00669528,-0.999939,-0.438734,0.898614,0.00216134,89.6164,0.503478,26.0242,0.690549,0.687335,0.162757,-0.155638
544,0,-0.402353,-0.361486,2.13773,-nan,-nan,-nan,0.889608,0.456656,-0.00792071,-0.0087434,-0.000311417,-0.999962,-0.456641,0.889643,0.00371569,90.0178,-0.500967,27.1717,0.687934,0.686696,0.163068,-0.16913
552,0,-0.400725,-0.360583,2.1337,-nan,-nan,-nan,0.87779,0.478746,-0.0169265,-0.0153004,-0.00729721,-0.999856,-0.478801,0.877923,0.00091958,90.4182,-0.876681,28.6108,0.683998,0.686325,0.168814,-0.180573
559,0,-0.399417,-0.360924,2.13169,-nan,-nan,-nan,0.849458,0.527502,-0.0127436,-0.00673073,-0.013317,-0.999889,-0.527613,0.849449,-0.00776176,90.763,-0.385645,31.8451,0.676088,0.683838,0.190385,-0.197546
567,0,-0.399553,-0.362244,2.13122,-nan,-nan,-nan,0.848721,0.528799,-0.006697,0.0193757,-0.0437481,-0.998855,-0.528486,0.847619,-0.0473757,92.5079,1.11022,31.9099,0.662872,0.696392,0.196791,-0.192127
575,0,-0.399778,-0.362529,2.13195,-nan,-nan,-nan,0.84002,0.542548,0.00281516,0.0386997,-0.0547411,-0.99775,-0.541174,0.838239,-0.06698,93.1404,2.21788,32.7912,0.655419,0.700311,0.207496,-0.192186
583,0,-0.399689,-0.36291,2.13279,-nan,-nan,-nan,0.830529,0.556928,0.00722447,0.0486424,-0.0596054,-0.997036,-0.554847,0.828419,-0.0765944,93.4212,2.78811,33.7455,0.650832,0.701201,0.215905,-0.195244
590,0,-0.400131,-0.362927,2.13413,-nan,-nan,-nan,0.842266,0.538795,0.0169837,0.0867547,-0.104389,-0.990746,-0.532036,0.835944,-0.134666,96.0147,4.97694,32.2795,0.63309,0.721339,0.216802,-0.178506
598,0,-0.40017,-0.363392,2.13367,-nan,-nan,-nan,0.851588,0.52333,0.0303802,0.12128,-0.140308,-0.982652,-0.509988,0.8405,-0.182954,98.126,6.96597,30.916,0.618128,0.737369,0.218551,-0.162608
605,0,-0.400288,-0.363266,2.1338,-nan,-nan,-nan,0.847176,0.530819,0.0228845,0.119285,-0.148051,-0.98176,-0.517749,0.834453,-0.188745,98.5757,6.85086,31.4311,0.614488,0.738913,0.219953,-0.16743
613,0,-0.399727,-0.36322,2.13339,-nan,-nan,-nan,0.823046,0.567882,0.0102455,0.0834744,-0.1031,-0.991162,-0.561807,0.816628,-0.132259,95.9385,4.7883,34.3172,0.630017,0.717357,0.226999,-0.19222
621,0,-0.399306,-0.363377,2.1319,-nan,-nan,-nan,0.851099,0.524763,0.0159674,0.0636208,-0.0728997,-0.995308,-0.521136,0.848121,-0.0954307,94.1891,3.64766,31.4796,0.648608,0.710533,0.207022,-0.177743
628,0,-0.399022,-0.362745,2.13068,-nan,-nan,-nan,0.9079,0.419056,0.010464,0.0468859,-0.0767105,-0.99595,-0.416557,0.904714,-0.0892933,94.4044,2.68735,24.6463,0.659905,0.720053,0.161774,-0.140994
635,0,-0.398936,-0.362621,2.12962,-nan,-nan,-nan,0.932428,0.361055,0.0147078,0.0515123,-0.0925246,-0.994377,-0.357664,0.927943,-0.104871,95.3159,2.95274,20.986,0.658603,0.729696,0.141349,-0.1175
643,0,-0.399524,-0.362399,2.13097,-nan,-nan,-nan,0.921989,0.386889,0.015882,0.0568961,-0.0947892,-0.99387,-0.383012,0.917241,-0.109407,95.448,3.26167,22.559,0.655323,0.729072,0.152175,-0.12589
651,0,-0.399295,-0.362678,2.13113,-nan,-nan,-nan,0.960961,0.275332,0.0273148,0.0690261,-0.142965,-0.987318,-0.267935,0.950659,-0.156389,98.2393,3.95805,15.5795,0.644517,0.751717,0.114524,-0.0800236
658,0,-0.399105,-0.363355,2.13132,-nan,-nan,-nan,0.971115,0.235564,0.0380238,0.0833462,-0.185554,-0.979093,-0.223584,0.953981,-0.199828,100.731,4.78093,12.9655,0.629629,0.767544,0.103874,-0.0604395
666,0,-0.39934,-0.362837,2.13068,-nan,-nan,-nan,0.975857,0.21503,0.0382902,0.0839429,-0.207398,-0.974649,-0.201637,0.954331,-0.220441,102.013,4.81524,11.6745,0.622097,0.775193,0.0964189,-0.0526796
674,0,-0.398687,-0.362611,2.12946,-nan,-nan,-nan,0.962483,0.267814,0.0436149,0.0985134,-0.195125,-0.975818,-0.252827,0.943505,-0.214188,101.308,5.65357,14.7181,0.623131,0.770032,0.118932,-0.0679233
681,0,-0.398935,-0.363006,2.13056,-nan,-nan,-nan,0.957683,0.285193,0.0388484,0.100481,-0.204791,-0.973634,-0.269718,0.936336,-0.224782,101.878,5.76688,15.7291,0.618084,0.772537,0.124808,-0.0747113
689,0,-0.399081,-0.362989,2.13009,-nan,-nan,-nan,0.962922,0.266049,0.0447184,0.104847,-0.216324,-0.970676,-0.248573,0.939373,-0.236197,102.564,6.01836,14.4746,0.614492,0.777085,0.119323,-0.0655832
696,0,-0.398565,-0.362483,2.12874,-nan,-nan,-nan,0.954665,0.295539,0.0356456,0.103791,-0.218233,-0.970362,-0.279001,0.93007,-0.239014,102.675,5.95751,16.291,0.611845,0.776517,0.128565,-0.0783484
704,0,-0.397896,-0.362483,2.12741,-nan,-nan,-nan,0.949189,0.312039,0.0408908,0.110787,-0.209696,-0.97147,-0.294562,0.926639,-0.233611,102.181,6.36067,17.2407,0.613572,0.773385,0.13668,-0.0820004
713,0,-0.397883,-0.361744,2.1276,-nan,-nan,-nan,0.953792,0.296794,0.0468387,0.106983,-0.18978,-0.975981,-0.280776,0.935894,-0.212762,101.004,6.14141,16.4033,0.622746,0.767518,0.13152,-0.0761993
721,0,-0.39852,-0.361987,2.12799,-nan,-nan,-nan,0.95553,0.290871,0.048549,0.107944,-0.191788,-0.975482,-0.274428,0.937343,-0.214657,101.123,6.19684,16.0241,0.622311,0.768436,0.129749,-0.0734868
729,0,-0.398467,-0.362446,2.12833,-nan,-nan,-nan,0.955852,0.289664,0.0494039,0.109816,-0.196189,-0.974397,-0.272556,0.936805,-0.219338,101.384,6.30472,15.9152,0.620549,0.769964,0.129708,-0.0724552
736,0,-0.398107,-0.362409,2.12726,-nan,-nan,-nan,0.959392,0.279135,0.0406141,0.0996422,-0.200671,-0.974578,-0.263889,0.93905,-0.220336,101.635,5.71857,15.3794,0.620158,0.771427,0.122752,-0.0723578
744,0,-0.398168,-0.362463,2.12775,-nan,-nan,-nan,0.958354,0.282517,0.0417395,0.0992643,-0.192489,-0.976266,-0.267777,0.939751,-0.212517,101.154,5.69681,15.6111,0.623167,0.768661,0.124171,-0.0735166
751,0,-0.398538,-0.362442,2.12855,-nan,-nan,-nan,0.955435,0.292712,0.0382479,0.0980316,-0.192398,-0.976408,-0.278448,0.936644,-0.212519,101.147,5.62583,16.248,0.622599,0.768172,0.127167,-0.0781725
759,0,-0.398148,-0.361915,2.12823,-nan,-nan,-nan,0.968077,0.247937,0.0367971,0.0875847,-0.197055,-0.976472,-0.234853,0.948523,-0.21248,101.409,5.02467,13.6364,0.624208,0.770975,0.108798,-0.0642224
766,0,-0.398332,-0.362316,2.12851,-nan,-nan,-nan,0.9653,0.258154,0.0394044,0.0923494,-0.196313,-0.976183,-0.24427,0.945948,-0.213341,101.371,5.29878,14.2006,0.623628,0.770544,0.113719,-0.0664677
774,0,-0.398414,-0.362505,2.12811,-nan,-nan,-nan,0.953408,0.298359,0.0446635,0.109599,-0.204616,-0.972687,-0.281071,0.932263,-0.227782,101.88,6.2922,16.4259,0.616646,0.772303,0.132059,-0.0765269
782,0,-0.398227,-0.362397,2.12782,-nan,-nan,-nan,0.942431,0.332006,0.0399443,0.1106,-0.196743,-0.974197,-0.31558,0.922532,-0.222136,101.418,6.34993,18.5135,0.617161,0.768328,0.144016,-0.0896869
789,0,-0.398155,-0.361873,2.12752,-nan,-nan,-nan,0.936251,0.349278,0.0379205,0.103122,-0.170022,-0.98003,-0.335856,0.921465,-0.195201,99.8421,5.91898,19.7341,0.626703,0.758531,0.149104,-0.0981949
796,0,-0.398217,-0.361888,2.1282,-nan,-nan,-nan,0.935864,0.350056,0.040233,0.104286,-0.166105,-0.980578,-0.336574,0.921884,-0.191957,99.6143,5.98603,19.7806,0.628053,0.757286,0.14999,-0.0978301
804,0,-0.398333,-0.362074,2.12832,-nan,-nan,-nan,0.938892,0.341131,0.0459526,0.114209,-0.182796,-0.976495,-0.324713,0.922071,-0.210586,100.603,6.558,19.0778,0.621593,0.763589,0.149079,-0.0912665
812,0,-0.398701,-0.362509,2.12977,-nan,-nan,-nan,0.940333,0.336353,0.0513924,0.118296,-0.181555,-0.97624,-0.319031,0.92407,-0.210511,100.535,6.79378,18.7407,0.622147,0.76361,0.148849,-0.0876227
820,0,-0.398271,-0.3627,2.12826,-nan,-nan,-nan,0.94812,0.313879,0.0504702,0.117951,-0.199886,-0.972694,-0.29522,0.928184,-0.226539,101.612,6.77389,17.2952,0.616785,0.770478,0.140118,-0.079415
827,0,-0.398229,-0.36259,2.12791,-nan,-nan,-nan,0.950013,0.309034,0.0444217,0.113123,-0.208104,-0.971543,-0.290996,0.928004,-0.23266,102.09,6.4954,17.0302,0.614257,0.773107,0.136513,-0.0797347
835,0,-0.398096,-0.361702,2.12771,-nan,-nan,-nan,0.957039,0.287765,0.0356167,0.0922374,-0.185679,-0.978272,-0.274899,0.939529,-0.204245,100.747,5.29233,16.0261,0.625922,0.76599,0.124023,-0.0780958
843,0,-0.398634,-0.362332,2.12869,-nan,-nan,-nan,0.960836,0.27445,0.0383705,0.0925249,-0.187198,-0.977955,-0.261217,0.943204,-0.20526,100.836,5.30888,15.2091,0.626174,0.767022,0.11961,-0.0726335
850,0,-0.397717,-0.362125,2.12785,-nan,-nan,-nan,0.955209,0.293024,0.04138,0.103306,-0.199142,-0.97451,-0.277314,0.935136,-0.220493,101.549,5.92956,16.189,0.619591,0.770526,0.128591,-0.0765497
858,0,-0.398351,-0.362113,2.1282,-nan,-nan,-nan,0.951758,0.304103,0.0409612,0.104155,-0.194605,-0.975336,-0.288631,0.932551,-0.216891,101.284,5.97851,16.8705,0.620537,0.768644,0.132785,-0.0805541
865,0,-0.398738,-0.362114,2.12881,-nan,-nan,-nan,0.946265,0.320536,0.0428916,0.109444,-0.192606,-0.975154,-0.304311,0.927448,-0.217337,101.173,6.28327,17.8273,0.619742,0.767497,0.140059,-0.0851531
873,0,-0.398255,-0.362117,2.12789,-nan,-nan,-nan,0.950134,0.308734,0.0439246,0.10736,-0.191602,-0.975583,-0.292779,0.93165,-0.215193,101.111,6.16314,17.1264,0.621156,0.767615,0.135515,-0.0810481
880,0,-0.398344,-0.362532,2.12722,-nan,-nan,-nan,0.948226,0.314815,0.0419435,0.104761,-0.185365,-0.97707,-0.299821,0.930877,-0.208748,100.742,6.01342,17.5465,0.62332,0.765235,0.137074,-0.0842479
888,0,-0.398263,-0.362281,2.12755,-nan,-nan,-nan,0.95051,0.308421,0.03752,0.0937555,-0.169595,-0.981044,-0.296211,0.93601,-0.190118,99.8079,5.3797,17.3088,0.630634,0.759971,0.1323,-0.0850991
896,0,-0.398397,-0.362042,2.1282,-nan,-nan,-nan,0.958609,0.281635,0.0418469,0.096632,-0.183556,-0.978248,-0.267827,0.941801,-0.203173,100.627,5.54526,15.6099,0.626873,0.765725,0.1235,-0.0737799
903,0,-0.398474,-0.361809,2.12823,-nan,-nan,-nan,0.956576,0.288869,0.0389365,0.0929234,-0.175609,-0.980065,-0.276273,0.941125,-0.194826,100.158,5.33181,16.1095,0.629711,0.762727,0.125141,-0.0777921
911,0,-0.398336,-0.362213,2.12796,-nan,-nan,-nan,0.954451,0.294317,0.048996,0.108088,-0.188012,-0.976201,-0.2781,0.937032,-0.21126,100.901,6.20513,16.2446,0.623534,0.767093,0.131146,-0.0746665
919,0,-0.398298,-0.362241,2.12782,-nan,-nan,-nan,0.957437,0.283648,0.053462,0.114016,-0.201494,-0.972831,-0.26517,0.93752,-0.225258,101.702,6.54685,15.4805,0.618604,0.772041,0.12877,-0.0685545
926,0,-0.397302,-0.36211,2.12573,-nan,-nan,-nan,0.963085,0.264687,0.0490738,0.110028,-0.220667,-0.969123,-0.245686,0.938748,-0.241644,102.827,6.31693,14.3111,0.61253,0.778684,0.120304,-0.0631231
934,0,-0.397321,-0.362397,2.12503,-nan,-nan,-nan,0.963197,0.264747,0.0464894,0.110237,-0.231326,-0.966611,-0.245153,0.936161,-0.251998,103.459,6.32899,14.2797,0.60825,0.782068,0.119869,-0.0635058
942,0,-0.397373,-0.360961,2.12508,-nan,-nan,-nan,0.970095,0.239344,0.0403838,0.0872243,-0.188484,-0.978195,-0.226514,0.952464,-0.203724,100.906,5.00394,13.1429,0.62807,0.768489,0.106237,-0.0605505
949,0,-0.375271,-0.365086,2.12172,-nan,-nan,-nan,0.95414,0.286298,0.0874625,0.170712,-0.28036,-0.944593,-0.245914,0.916205,-0.316377,106.531,9.82921,14.4525,0.582538,0.798573,0.143071,-0.0496047
957,0,-0.36832,-0.36462,2.11756,-nan,-nan,-nan,0.951289,0.295467,0.0880272,0.175494,-0.284207,-0.942565,-0.253479,0.912099,-0.322216,106.779,10.1074,14.9203,0.579842,0.799642,0.147241,-0.0517269
965,0,-0.357707,-0.362595,2.11534,-nan,-nan,-nan,0.952018,0.299542,0.0627418,0.144152,-0.25805,-0.955317,-0.269967,0.918523,-0.288847,105.116,8.28817,15.832,0.592689,0.790398,0.140339,-0.0655448
973,0,-0.35282,-0.361129,2.11413,-nan,-nan,-nan,0.951172,0.306697,0.0347575,0.114319,-0.245448,-0.962645,-0.28671,0.919615,-0.268525,104.304,6.56438,16.7743,0.599416,0.785039,0.134075,-0.0802356
981,0,-0.352548,-0.360413,2.11406,-nan,-nan,-nan,0.944938,0.326402,0.0235201,0.0946604,-0.203827,-0.97442,-0.313259,0.922993,-0.223502,101.815,5.43177,18.341,0.615956,0.770108,0.136689,-0.0940578
989,0,-0.353021,-0.359608,2.11316,-nan,-nan,-nan,0.940963,0.337928,0.0198215,0.0853714,-0.18024,-0.979911,-0.327567,0.923752,-0.198448,100.422,4.89738,19.1939,0.624955,0.76152,0.138965,-0.10103
996,0,-0.353198,-0.359453,2.11369,-nan,-nan,-nan,0.940882,0.338505,0.0124421,0.0746404,-0.171357,-0.982378,-0.330407,0.92523,-0.186493,99.8946,4.28056,19.3496,0.629093,0.758078,0.136247,-0.104859
1004,0,-0.353413,-0.35981,2.11396,-nan,-nan,-nan,0.942638,0.333699,0.00885337,0.0722462,-0.178046,-0.981367,-0.325905,0.925713,-0.191941,100.283,4.14301,19.0722,0.627027,0.760366,0.13347,-0.104243
1012,0,-0.353105,-0.359642,2.11382,-nan,-nan,-nan,0.939713,0.341772,0.0114295,0.0754939,-0.174742,-0.981716,-0.333526,0.923394,-0.19001,100.093,4.3296,19.5409,0.627487,0.759023,0.137435,-0.106089
1019,0,-0.353108,-0.359215,2.11358,-nan,-nan,-nan,0.936418,0.350654,0.0127382,0.0777814,-0.172041,-0.982014,-0.342156,0.920567,-0.188377,99.9369,4.46105,20.0717,0.627694,0.757766,0.141348,-0.108681
1027,0,-0.353184,-0.359397,2.11389,-nan,-nan,-nan,0.940121,0.340672,0.0107325,0.072218,-0.168322,-0.983083,-0.333103,0.924992,-0.182846,99.7159,4.14139,19.5102,0.630268,0.75685,0.136384,-0.106484
1035,0,-0.353216,-0.359221,2.11402,-nan,-nan,-nan,0.931593,0.363309,0.0118833,0.0761552,-0.163102,-0.983666,-0.355436,0.917281,-0.179613,99.4146,4.3676,20.8837,0.630254,0.75404,0.145703,-0.113904
1042,0,-0.353592,-0.35941,2.11379,-nan,-nan,-nan,0.934398,0.355619,0.0208747,0.0839917,-0.162986,-0.983047,-0.346187,0.92031,-0.182163,99.4138,4.81805,20.3293,0.630327,0.754908,0.145584,-0.107733
1050,0,-0.353181,-0.359972,2.11323,-nan,-nan,-nan,0.921878,0.38701,0.0190867,0.0899048,-0.165724,-0.982066,-0.376906,0.907061,-0.187571,99.5785,5.15813,22.237,0.626215,0.754184,0.15809,-0.118611
1058,0,-0.353149,-0.360079,2.11394,-nan,-nan,-nan,0.914179,0.40471,0.0220699,0.108366,-0.191587,-0.975475,-0.390556,0.89415,-0.219002,101.112,6.22112,23.1332,0.613105,0.762359,0.168253,-0.120837
1065,0,-0.353388,-0.359819,2.11353,-nan,-nan,-nan,0.89416,0.447652,0.00925814,0.105752,-0.191051,-0.975867,-0.43508,0.87356,-0.21817,101.077,6.07048,25.9466,0.60929,0.758845,0.182318,-0.140286
1073,0,-0.353207,-0.360362,2.11358,-nan,-nan,-nan,0.883501,0.468391,0.00594961,0.104804,-0.185275,-0.977082,-0.456554,0.863877,-0.212779,100.737,6.01586,27.3279,0.609395,0.755241,0.189739,-0.149159
1080,0,-0.3531,-0.360187,2.11337,-nan,-nan,-nan,0.882282,0.470519,0.0138334,0.109665,-0.176878,-0.978104,-0.457769,0.86448,-0.207656,100.25,6.29599,27.4224,0.611912,0.752797,0.192676,-0.147429
1088,0,-0.353246,-0.359728,2.11345,-nan,-nan,-nan,0.892064,0.4516,0.0167088,0.10713,-0.175409,-0.97865,-0.439027,0.874808,-0.204856,100.162,6.14989,26.204,0.614776,0.753712,0.185326,-0.140079
1095,0,-0.35333,-0.359786,2.1139,-nan,-nan,-nan,0.879365,0.47592,0.0147532,0.10904,-0.17112,-0.979198,-0.463495,0.862681,-0.202371,99.9126,6.25997,27.7928,0.61357,0.750476,0.194863,-0.149486
1103,0,-0.353465,-0.359814,2.11352,-nan,-nan,-nan,0.883947,0.467492,0.00945853,0.100192,-0.16961,-0.980405,-0.456727,0.867573,-0.196765,99.815,5.75024,27.325,0.615949,0.750054,0.189215,-0.149079
1111,0,-0.353031,-0.35997,2.11442,-nan,-nan,-nan,0.859168,0.511412,0.0169749,0.118802,-0.167099,-0.978756,-0.497711,0.842933,-0.204322,99.6884,6.82295,30.0835,0.609866,0.746758,0.210983,-0.160941
1118,0,-0.352953,-0.359939,2.11378,-nan,-nan,-nan,0.845677,0.533412,0.017361,0.117714,-0.154699,-0.980924,-0.520551,0.831589,-0.193615,98.9621,6.76018,31.6141,0.611834,0.740606,0.219795,-0.169857
1126,0,-0.353047,-0.359747,2.11341,-nan,-nan,-nan,0.845457,0.533808,0.0158825,0.109564,-0.14427,-0.983454,-0.522684,0.833208,-0.18046,98.3456,6.2902,31.7255,0.616589,0.736578,0.218365,-0.172012
1134,0,-0.353135,-0.35976,2.11338,-nan,-nan,-nan,0.848961,0.528242,0.0150382,0.111549,-0.151315,-0.982171,-0.516548,0.835502,-0.187386,98.7582,6.40464,31.3183,0.614463,0.739537,0.216281,-0.169535
1141,0,-0.352724,-0.35967,2.1137,-nan,-nan,-nan,0.859222,0.511333,0.0166421,0.112665,-0.157386,-0.981089,-0.499044,0.844848,-0.192839,99.1137,6.46896,30.1484,0.614206,0.74321,0.209899,-0.16227
1149,0,-0.352774,-0.35961,2.1136,-nan,-nan,-nan,0.874813,0.484015,0.0207885,0.110574,-0.157706,-0.981276,-0.471674,0.860731,-0.191483,99.1302,6.34839,28.3323,0.617581,0.745654,0.199351,-0.151171
1157,0,-0.352793,-0.359703,2.11365,-nan,-nan,-nan,0.899794,0.435812,0.0209294,0.106371,-0.172592,-0.979233,-0.423149,0.883335,-0.201655,99.9958,6.10618,25.1863,0.617565,0.753996,0.17977,-0.133363
1164,0,-0.352579,-0.358987,2.1139,-nan,-nan,-nan,0.915203,0.402273,0.0240687,0.101164,-0.171522,-0.979973,-0.390088,0.899309,-0.197673,99.9278,5.80618,23.0852,0.621693,0.755711,0.166544,-0.121084
1172,0,-0.35274,-0.359248,2.11393,-nan,-nan,-nan,0.926148,0.376166,0.0273857,0.0997373,-0.174241,-0.979639,-0.363735,0.910022,-0.19889,100.085,5.72404,21.4419,0.6231,0.758169,0.156925,-0.110908
1179,0,-0.352766,-0.359872,2.11383,-nan,-nan,-nan,0.928576,0.370602,0.0200185,0.0859305,-0.162208,-0.983008,-0.361058,0.914518,-0.182469,99.3701,4.92953,21.2475,0.629265,0.753865,0.151397,-0.113097
1187,0,-0.352578,-0.35972,2.11337,-nan,-nan,-nan,0.938008,0.346172,0.0174737,0.0686542,-0.136143,-0.988308,-0.339746,0.92824,-0.151469,97.8433,3.9367,19.9103,0.642339,0.745926,0.139031,-0.108011
1194,0,-0.35307,-0.359783,2.1129,-nan,-nan,-nan,0.939597,0.341938,0.0153739,0.0619103,-0.125603,-0.990147,-0.336638,0.931291,-0.139185,97.2295,3.54947,19.7115,0.647072,0.742359,0.136002,-0.10819
1201,0,-0.352903,-0.359502,2.11206,-nan,-nan,-nan,0.931564,0.363274,0.0148762,0.0613028,-0.116609,-0.991284,-0.358373,0.924356,-0.130898,96.7091,3.5146,21.0418,0.648856,0.738084,0.14381,-0.116347
1209,0,-0.353288,-0.359576,2.11314,-nan,-nan,-nan,0.940744,0.33895,0.0106522,0.0612767,-0.139009,-0.988393,-0.333536,0.930478,-0.151542,98.0056,3.5131,19.5217,0.642299,0.746876,0.133967,-0.108078
1217,0,-0.352628,-0.359526,2.11309,-nan,-nan,-nan,0.948557,0.316375,0.0121151,0.0579157,-0.135769,-0.989046,-0.311265,0.938868,-0.147108,97.8163,3.32018,18.167,0.645306,0.746899,0.125282,-0.100131
1224,0,-0.352548,-0.359645,2.1136,-nan,-nan,-nan,0.946084,0.323407,0.0182465,0.0662009,-0.137906,-0.98823,-0.317084,0.936157,-0.151881,97.9442,3.79581,18.5288,0.643486,0.747641,0.130279,-0.0999269
1232,0,-0.352957,-0.359597,2.11331,-nan,-nan,-nan,0.948398,0.316516,0.0189528,0.0705803,-0.152456,-0.985787,-0.309127,0.936256,-0.166929,98.7914,4.04732,18.0532,0.638164,0.752958,0.128525,-0.0963449
1239,0,-0.353084,-0.359139,2.11375,-nan,-nan,-nan,0.951949,0.305795,0.0168059,0.0643174,-0.145968,-0.987196,-0.299426,0.940842,-0.158622,98.4109,3.68766,17.4605,0.641747,0.751089,0.123192,-0.0940702
1247,0,-0.353065,-0.358521,2.1131,-nan,-nan,-nan,0.951933,0.305813,0.0174073,0.0689155,-0.158455,-0.984958,-0.298455,0.938813,-0.171913,99.1391,3.9517,17.4075,0.636703,0.755364,0.124022,-0.0930171
1255,0,-0.353322,-0.359382,2.11378,-nan,-nan,-nan,0.956016,0.29236,0.0236314,0.076449,-0.170583,-0.982373,-0.283176,0.940971,-0.185431,99.8508,4.38448,16.4995,0.632456,0.760268,0.121276,-0.0853464
1262,0,-0.352667,-0.359626,2.11433,-nan,-nan,-nan,0.962614,0.269498,0.0273059,0.0784056,-0.180719,-0.980405,-0.259282,0.945892,-0.195093,100.444,4.49692,15.075,0.629841,0.764596,0.113754,-0.0758493
1270,0,-0.352783,-0.359801,2.11464,-nan,-nan,-nan,0.95306,0.301677,0.025839,0.0816862,-0.17401,-0.98135,-0.291555,0.937396,-0.190485,100.055,4.6855,17.0096,0.630192,0.761176,0.125912,-0.0872714
1278,0,-0.352513,-0.359824,2.11443,-nan,-nan,-nan,0.965929,0.257242,0.0284292,0.0766552,-0.179445,-0.980777,-0.247195,0.94954,-0.19305,100.368,4.39633,14.3548,0.631156,0.764595,0.109174,-0.0715301
1285,0,-0.353004,-0.359263,2.11331,-nan,-nan,-nan,0.96765,0.251183,0.023679,0.0709457,-0.180835,-0.980951,-0.242116,0.950897,-0.192805,100.445,4.06831,14.0476,0.63127,0.765064,0.105262,-0.0713788
1293,0,-0.352767,-0.359456,2.11308,-nan,-nan,-nan,0.981066,0.192808,0.0182768,0.0540455,-0.181929,-0.981825,-0.185979,0.964223,-0.188905,100.498,3.09809,10.7341,0.634475,0.766795,0.0804823,-0.0546763
1300,0,-0.353095,-0.359676,2.11416,-nan,-nan,-nan,0.977978,0.207463,0.0227538,0.0609364,-0.179567,-0.981857,-0.199613,0.961621,-0.188255,100.364,3.49356,11.5361,0.63446,0.7658,0.0876205,-0.0577367
1308,0,-0.352818,-0.359063,2.11397,-nan,-nan,-nan,0.992749,0.119188,0.0156189,0.0348477,-0.161002,-0.986339,-0.115045,0.979731,-0.163988,99.2707,1.99703,6.61026,0.645709,0.761206,0.0505894,-0.0326542
1315,0,-0.353191,-0.358997,2.11382,-nan,-nan,-nan,0.994962,0.0989238,0.0162891,0.0331428,-0.171205,-0.984678,-0.0946193,0.980257,-0.173621,99.8634,1.89929,5.4324,0.642288,0.764818,0.0431693,-0.0256042
1325,0,-0.353115,-0.359197,2.11355,-nan,-nan,-nan,0.994928,0.099916,0.0115813,0.0281406,-0.165958,-0.985731,-0.0965683,0.981058,-0.167928,99.5567,1.61255,5.54379,0.644407,0.763023,0.041957,-0.0278455
1332,0,-0.353091,-0.358903,2.1139,-nan,-nan,-nan,0.996959,0.0771109,0.0112279,0.024823,-0.177689,-0.983773,-0.0738646,0.981061,-0.179063,100.238,1.4224,4.2373,0.640353,0.767091,0.0332209,-0.0204137
1340,0,-0.353184,-0.359312,2.11349,-nan,-nan,-nan,0.997301,0.0723165,0.0127161,0.0255219,-0.179027,-0.983513,-0.0688477,0.981183,-0.18039,100.317,1.46246,3.94909,0.639899,0.76758,0.0318659,-0.018282
1347,0,-0.352883,-0.359336,2.11403,-nan,-nan,-nan,0.996607,0.0798997,0.0197443,0.0342293,-0.184213,-0.98229,-0.0748475,0.979633,-0.186323,100.622,1.96158,4.29498,0.637588,0.769276,0.0370897,-0.0179075
1355,0,-0.352938,-0.359594,2.11347,-nan,-nan,-nan,0.995138,0.0953412,0.0247128,0.0434033,-0.199272,-0.978983,-0.0884128,0.975295,-0.202441,101.505,2.48761,5.0771,0.631155,0.774088,0.044809,-0.0205726
1363,0,-0.352912,-0.360038,2.11429,-nan,-nan,-nan,0.997004,0.0727591,0.0262661,0.0408812,-0.20734,-0.977414,-0.0656697,0.975559,-0.209693,101.977,2.34297,3.76846,0.628484,0.776858,0.0365705,-0.0126804
1370,0,-0.352966,-0.359945,2.11436,-nan,-nan,-nan,0.995122,0.0967341,0.019336,0.0376776,-0.191556,-0.980758,-0.0911688,0.976703,-0.194266,101.052,2.15928,5.23458,0.634291,0.771515,0.0435545,-0.0232766
1377,0,-0.352497,-0.359706,2.11414,-nan,-nan,-nan,0.989813,0.140252,0.0244971,0.0512108,-0.19017,-0.980415,-0.132846,0.971681,-0.195415,100.977,2.93544,7.6442,0.63329,0.770616,0.0621135,-0.0351502
1385,0,-0.352763,-0.359972,2.1137,-nan,-nan,-nan,0.971763,0.234981,0.0214703,0.0649801,-0.179027,-0.981696,-0.226836,0.955371,-0.189241,100.335,3.72571,13.1391,0.633146,0.764858,0.0980447,-0.0671255
1392,0,-0.353384,-0.360037,2.11402,-nan,-nan,-nan,0.95266,0.303453,0.0188659,0.0819536,-0.19654,-0.977065,-0.292786,0.932356,-0.212104,101.373,4.70087,17.084,0.621292,0.768327,0.125405,-0.0891287
1400,0,-0.353646,-0.360209,2.11424,-nan,-nan,-nan,0.935393,0.353098,0.0190265,0.0946274,-0.198108,-0.975602,-0.340714,0.914371,-0.218721,101.479,5.42987,20.014,0.61615,0.766848,0.145963,-0.104873
1407,0,-0.353719,-0.360531,2.11432,-nan,-nan,-nan,0.956682,0.290971,0.00978995,0.0796836,-0.229353,-0.970076,-0.280018,0.928834,-0.242603,103.302,4.57038,16.3146,0.609247,0.779204,0.118921,-0.0867001
1415,0,-0.353417,-0.359927,2.11369,-nan,-nan,-nan,0.918048,0.396342,0.010074,0.0957539,-0.196995,-0.975717,-0.384733,0.89672,-0.218802,101.414,5.49471,22.7374,0.612832,0.763846,0.161058,-0.122622
1423,0,-0.352747,-0.359875,2.1137,-nan,-nan,-nan,0.873406,0.486664,0.0179003,0.110355,-0.161984,-0.980603,-0.474324,0.85844,-0.195184,99.3799,6.33579,28.5053,0.615678,0.746755,0.199871,-0.152802
1430,0,-0.353215,-0.359722,2.11357,-nan,-nan,-nan,0.939557,0.342158,0.012639,0.0761175,-0.172742,-0.982022,-0.333823,0.923628,-0.188345,99.9765,4.36543,19.5601,0.628186,0.758394,0.137882,-0.105877
1438,0,-0.353331,-0.359734,2.1141,-nan,-nan,-nan,0.96513,0.261533,0.01117,0.060092,-0.179821,-0.981862,-0.25478,0.948296,-0.189267,100.378,3.44509,14.7879,0.631673,0.763907,0.105256,-0.0797251
1445,0,-0.352669,-0.359036,2.11321,-nan,-nan,-nan,0.936853,0.349402,0.014961,0.0704871,-0.14675,-0.986659,-0.342546,0.925409,-0.162111,98.4598,4.04196,20.0841,0.637964,0.749285,0.140097,-0.109299
1453,0,-0.352968,-0.358845,2.11287,-nan,-nan,-nan,0.91008,0.414197,0.0139343,0.0818293,-0.146632,-0.985801,-0.406273,0.898298,-0.167341,98.4604,4.69372,24.0567,0.631686,0.745663,0.166304,-0.13154
1460,0,-0.352781,-0.359525,2.11367,-nan,-nan,-nan,0.961423,0.274706,0.0142085,0.0656575,-0.179016,-0.981653,-0.267122,0.944717,-0.190147,100.335,3.76461,15.5274,0.630924,0.763313,0.111476,-0.0828343
1468,0,-0.353242,-0.359139,2.11347,-nan,-nan,-nan,0.977714,0.20959,0.012175,0.0518069,-0.184662,-0.981436,-0.203451,0.960194,-0.191405,100.656,2.96964,11.7548,0.632781,0.767102,0.0851898,-0.0623373
1476,0,-0.353307,-0.359611,2.11353,-nan,-nan,-nan,0.966271,0.257324,0.0102576,0.0615325,-0.192015,-0.979461,-0.250069,0.947056,-0.201373,101.092,3.52778,14.5097,0.627073,0.768059,0.103786,-0.0780577
1484,0,-0.353084,-0.35932,2.11371,-nan,-nan,-nan,0.964368,0.263804,0.0200263,0.0699585,-0.181275,-0.980941,-0.255146,0.947389,-0.193271,100.47,4.0116,14.8194,0.630441,0.764676,0.109119,-0.0768691
1491,0,-0.35309,-0.358887,2.11318,-nan,-nan,-nan,0.978726,0.20393,0.0225569,0.059988,-0.179286,-0.981966,-0.196208,0.962429,-0.187705,100.347,3.43913,11.336,0.634771,0.765787,0.0861592,-0.0566906
1499,0,-0.352867,-0.359463,2.11329,-nan,-nan,-nan,0.993595,0.110572,0.023286,0.0429087,-0.178563,-0.982992,-0.104533,0.977696,-0.182163,100.296,2.45924,6.00582,0.638919,0.76719,0.0500138,-0.0264755
1506,0,-0.35303,-0.359335,2.11368,-nan,-nan,-nan,0.988637,0.149525,0.0154405,0.0421404,-0.177087,-0.983293,-0.144293,0.97277,-0.181376,100.209,2.41518,8.30376,0.638391,0.766013,0.0625531,-0.0420529
1514,0,-0.352961,-0.359467,2.11353,-nan,-nan,-nan,0.999735,-0.0176992,0.0147471,0.0111176,-0.190004,-0.98172,0.0201777,0.981624,-0.189757,100.954,0.637005,-1.15625,0.636391,0.771281,-0.00213334,0.0113204
1522,0,-0.353014,-0.359695,2.114,-nan,-nan,-nan,0.998883,-0.0454141,0.0130489,0.00422865,-0.189133,-0.981942,0.047062,0.980901,-0.188729,100.902,0.242285,-2.69748,0.636597,0.770835,-0.0133574,0.0194954
1529,0,-0.353013,-0.359335,2.11411,-nan,-nan,-nan,0.997213,-0.0730124,0.0153495,0.000826011,-0.194917,-0.980819,0.0746039,0.978098,-0.194313,101.24,0.0473269,-4.27846,0.634031,0.772406,-0.0233641,0.0291147
1537,0,-0.352975,-0.359351,2.11428,-nan,-nan,-nan,0.998946,-0.0442245,0.0122881,0.00360885,-0.191211,-0.981542,0.0457578,0.980552,-0.19085,101.024,0.206772,-2.62266,0.635784,0.771525,-0.0131608,0.0188088
1545,0,-0.353181,-0.359435,2.11415,-nan,-nan,-nan,0.987432,-0.157763,0.00943072,-0.0215877,-0.193747,-0.980814,0.156564,0.968284,-0.194717,101.174,-1.23698,-9.00962,0.632252,0.770697,-0.0581782,0.0538456
1552,0,-0.352979,-0.359571,2.11381,-nan,-nan,-nan,0.98985,-0.14138,0.0144158,-0.0123969,-0.186954,-0.98229,0.141572,0.972142,-0.186809,100.776,-0.710311,-8.13943,0.635627,0.768702,-0.050012,0.0507307
1560,0,-0.353114,-0.359512,2.11367,-nan,-nan,-nan,0.994268,-0.105147,0.0193552,-0.00108259,-0.190929,-0.981603,0.106908,0.975956,-0.189948,101.007,-0.0620281,-6.13709,0.635097,0.770575,-0.0344642,0.0409638
1568,0,-0.352969,-0.360008,2.11338,-nan,-nan,-nan,0.994804,-0.0998021,0.0201226,0.000486057,-0.192989,-0.981201,0.101809,0.976112,-0.191938,101.127,0.027849,-5.84337,0.634405,0.771319,-0.0321903,0.0395206
1576,0,-0.353188,-0.35965,2.11407,-nan,-nan,-nan,0.995229,-0.0961947,0.0162791,-0.00289953,-0.195948,-0.98061,0.0975194,0.975885,-0.195292,101.3,-0.166131,-5.59637,0.633244,0.77241,-0.0320731,0.0368323
1583,0,-0.353023,-0.359542,2.11395,-nan,-nan,-nan,0.972627,-0.231703,0.0176304,-0.0281683,-0.192875,-0.980819,0.230659,0.953474,-0.194122,101.125,-1.61414,-13.3413,0.629609,0.768053,-0.0845875,0.0808177
1590,0,-0.353423,-0.359596,2.1135,-nan,-nan,-nan,0.983005,-0.182881,0.0159997,-0.0191562,-0.188863,-0.981817,0.182577,0.964824,-0.189156,100.888,-1.09763,-10.5219,0.63344,0.768281,-0.0657432,0.0646173
1598,0,-0.353071,-0.359204,2.11391,-nan,-nan,-nan,0.992472,-0.121848,0.0123823,-0.0100979,-0.182164,-0.983216,0.122059,0.975689,-0.182023,100.496,-0.578578,-7.01129,0.638021,0.767571,-0.0429752,0.0437878
1606,0,-0.353275,-0.359694,2.11398,-nan,-nan,-nan,0.996322,-0.0849466,0.0112614,-0.00554597,-0.195069,-0.980774,0.0855101,0.977104,-0.194823,101.249,-0.317763,-4.90544,0.633725,0.772369,-0.0292906,0.031323
1613,0,-0.352832,-0.359561,2.11378,-nan,-nan,-nan,0.999849,0.000175246,0.0173589,0.0170318,-0.203355,-0.978957,0.00335847,0.979105,-0.203328,101.735,0.9759,-0.192455,0.631103,0.77565,0.00554602,0.00667743
1621,0,-0.35276,-0.359838,2.11351,-nan,-nan,-nan,0.999663,0.020104,0.0164478,0.020037,-0.193893,-0.980818,-0.0165292,0.980817,-0.19423,101.182,1.14812,0.947289,0.634732,0.772623,0.0129886,-2.63652e-05
1628,0,-0.353435,-0.360143,2.1134,-nan,-nan,-nan,0.996187,-0.0855768,0.0169981,-0.00130221,-0.209385,-0.977832,0.0872389,0.974081,-0.208698,102.086,-0.074611,-5.00478,0.628113,0.776896,-0.0279571,0.0335428
1636,0,-0.353184,-0.360314,2.11533,-nan,-nan,-nan,0.999539,-0.019884,0.0229543,0.0180509,-0.218845,-0.975593,0.0244221,0.975557,-0.218385,102.643,1.0343,-1.39965,0.624962,0.780508,-0.000587153,0.0151749
1644,0,-0.352992,-0.360064,2.11415,-nan,-nan,-nan,0.998975,-0.041526,0.0180318,0.00871867,-0.214376,-0.976712,0.0444245,0.975868,-0.213795,102.379,0.49955,-2.54627,0.626659,0.778965,-0.0105291,0.0200447
1651,0,-0.353294,-0.359669,2.11328,-nan,-nan,-nan,0.990349,-0.137836,0.0144995,-0.0137727,-0.201972,-0.979294,0.13791,0.969644,-0.201921,101.653,-0.78914,-7.92771,0.629773,0.773667,-0.0489902,0.0492492
