130,0,-0.334862,-0.385499,1.4494,-nan,-nan,-nan,0.822728,0.568344,0.0102304,0.173257,-0.233582,-0.956777,-0.541389,0.788939,-0.290643,103.719,9.97722,33.3466,0.569759,0.765988,0.24204,-0.173357
138,1,-0.333258,-0.382265,1.44454,-nan,-nan,-nan,0.813949,0.580549,0.0212153,0.156914,-0.184544,-0.970217,-0.559343,0.793036,-0.241306,100.77,9.02783,34.4967,0.589088,0.748298,0.24638,-0.179784
147,1,-0.332552,-0.381021,1.44222,-nan,-nan,-nan,0.811123,0.584644,0.0164874,0.140209,-0.167001,-0.975936,-0.567822,0.793916,-0.217431,99.7104,8.05995,34.9937,0.597221,0.74087,0.244595,-0.186043
155,1,-0.332756,-0.380844,1.44209,-nan,-nan,-nan,0.815495,0.578696,0.00882766,0.137263,-0.178567,-0.974306,-0.562251,0.795754,-0.225054,100.386,7.88948,34.5847,0.594111,0.744835,0.240308,-0.185754
163,1,-0.332177,-0.381158,1.44104,-nan,-nan,-nan,0.781336,0.623925,0.015258,0.166588,-0.184931,-0.968529,-0.601468,0.759288,-0.248432,100.81,9.58949,37.5889,0.580511,0.744093,0.265596,-0.196954
171,1,-0.332956,-0.382384,1.44329,-nan,-nan,-nan,0.763436,0.645302,0.0273761,0.183689,-0.17629,-0.967047,-0.619212,0.743308,-0.253121,100.331,10.5847,39.045,0.5775,0.740413,0.279908,-0.199833
180,1,-0.333117,-0.382641,1.44573,-nan,-nan,-nan,0.764422,0.644392,0.0204498,0.176738,-0.178944,-0.967855,-0.620019,0.743463,-0.250677,100.475,10.1798,39.0454,0.577668,0.740615,0.277179,-0.202389
189,1,-0.334756,-0.384332,1.45183,-nan,-nan,-nan,0.753122,0.65741,0.0248837,0.182341,-0.172247,-0.96803,-0.632107,0.733582,-0.249596,100.089,10.5062,40.0073,0.576905,0.737388,0.284705,-0.20587
197,1,-0.336607,-0.386723,1.45944,-nan,-nan,-nan,0.752654,0.657831,0.0277615,0.189554,-0.176113,-0.965947,-0.630541,0.732286,-0.257246,100.333,10.9268,39.9548,0.574303,0.739259,0.286566,-0.203846
206,1,-0.338963,-0.389016,1.46894,-nan,-nan,-nan,0.751499,0.659019,0.0307077,0.186759,-0.167863,-0.967958,-0.632748,0.733155,-0.249227,99.8384,10.7637,40.0967,0.577583,0.736307,0.287169,-0.204412
214,1,-0.340166,-0.390799,1.47549,-nan,-nan,-nan,0.749936,0.660715,0.0324126,0.18724,-0.16502,-0.968354,-0.634458,0.732273,-0.247468,99.6711,10.7918,40.2317,0.578241,0.735259,0.288319,-0.204705
223,1,-0.34153,-0.39297,1.48289,-nan,-nan,-nan,0.758289,0.651058,0.033487,0.187288,-0.168358,-0.96777,-0.624436,0.740121,-0.2496,99.8687,10.7946,39.4708,0.578863,0.737605,0.284144,-0.200293
232,1,-0.342348,-0.395286,1.49119,-nan,-nan,-nan,0.746944,0.663957,0.0351676,0.192819,-0.165693,-0.967144,-0.636314,0.729183,-0.251787,99.7216,11.1173,40.4274,0.576512,0.735599,0.291183,-0.204305
241,1,-0.344487,-0.398157,1.50685,-nan,-nan,-nan,0.746675,0.664941,0.0181817,0.16626,-0.160092,-0.973,-0.644076,0.729537,-0.230089,99.3434,9.57044,40.7808,0.582343,0.730899,0.284307,-0.214084
249,1,-0.353508,-0.403991,1.53608,-nan,-nan,-nan,0.71971,0.693195,-0.038698,0.104316,-0.163076,-0.981083,-0.686393,0.702059,-0.189679,99.4374,5.98778,43.6426,0.584584,0.719803,0.27699,-0.251837
259,1,-0.356738,-0.405861,1.54762,-nan,-nan,-nan,0.701955,0.710702,-0.0464962,0.110343,-0.173015,-0.978719,-0.703622,0.681886,-0.199869,100.025,6.33506,45.068,0.576427,0.720215,0.285,-0.26038
268,1,-0.365171,-0.400317,1.57397,-nan,-nan,-nan,0.69894,0.710741,-0.0795621,0.104111,-0.211178,-0.971887,-0.707561,0.671008,-0.221597,102.259,5.97594,45.3512,0.56262,0.73002,0.279051,-0.269556
277,1,-0.370405,-0.39369,1.59308,-nan,-nan,-nan,0.679774,0.73177,-0.0491937,0.114146,-0.171816,-0.978494,-0.724484,0.659539,-0.200325,99.9591,6.55439,46.8236,0.571759,0.716225,0.295269,-0.270054
285,1,-0.378154,-0.383308,1.6017,-nan,-nan,-nan,0.673691,0.73497,-0.0772,0.114031,-0.206595,-0.971759,-0.730163,0.645862,-0.22299,102.002,6.54772,47.3035,0.557697,0.725134,0.292705,-0.278349
294,1,-0.390711,-0.37265,1.60933,-nan,-nan,-nan,0.659592,0.750421,-0.0425079,0.14108,-0.179157,-0.973652,-0.738265,0.636216,-0.22404,100.426,8.11037,48.2213,0.560445,0.718121,0.310359,-0.271811
302,1,-0.400946,-0.358385,1.61345,-nan,-nan,-nan,0.688206,0.725512,-0.00208562,0.165651,-0.159931,-0.97313,-0.706351,0.669368,-0.230247,99.3329,9.53506,45.7455,0.569655,0.72083,0.309075,-0.245702
311,1,-0.41248,-0.354264,1.6042,-nan,-nan,-nan,0.65051,0.759497,-0.00132911,0.198421,-0.171637,-0.964971,-0.733121,0.62746,-0.262351,100.086,11.4446,48.4168,0.55148,0.721889,0.33174,-0.25435
321,1,-0.412545,-0.350732,1.60164,-nan,-nan,-nan,0.641999,0.766621,0.0113936,0.203268,-0.155858,-0.966639,-0.739269,0.622897,-0.25589,99.1594,11.7281,49.0282,0.554583,0.716545,0.33839,-0.253953
330,0,-0.409173,-0.348308,1.60101,-nan,-nan,-nan,0.636627,0.771152,0.00554398,0.20848,-0.165181,-0.963977,-0.742456,0.61485,-0.265929,99.7234,12.0333,49.3882,0.54898,0.718981,0.340632,-0.256235
339,1,-0.408746,-0.347182,1.60075,-nan,-nan,-nan,0.634179,0.773025,0.0158225,0.218135,-0.159247,-0.962838,-0.741778,0.614063,-0.269614,99.3913,12.5995,49.4714,0.548935,0.718164,0.345032,-0.252712
347,1,-0.406683,-0.350288,1.60024,-nan,-nan,-nan,0.627359,0.776485,0.0590849,0.244881,-0.124687,-0.961502,-0.739225,0.617676,-0.26837,97.3889,14.1748,49.6797,0.555496,0.710707,0.359278,-0.239248
356,1,-0.405161,-0.350866,1.60105,-nan,-nan,-nan,0.630461,0.775097,0.0417583,0.253856,-0.155049,-0.954734,-0.733537,0.612523,-0.294515,99.2243,14.7058,49.3216,0.543345,0.721115,0.356723,-0.239829
364,1,-0.404893,-0.350125,1.60178,-nan,-nan,-nan,0.617506,0.78617,0.0249585,0.260257,-0.174272,-0.949682,-0.742262,0.59293,-0.312221,100.398,15.0853,50.2421,0.531746,0.725258,0.360708,-0.247258
373,1,-0.404667,-0.350781,1.60345,-nan,-nan,-nan,0.620949,0.78381,0.00803233,0.241827,-0.181812,-0.953134,-0.745616,0.59379,-0.302442,100.8,13.9944,50.2125,0.533079,0.725466,0.353441,-0.254176
382,1,-0.405108,-0.349508,1.60267,-nan,-nan,-nan,0.625713,0.779895,0.0157204,0.227666,-0.163308,-0.959947,-0.74609,0.604231,-0.279739,99.6548,13.1597,50.0149,0.543752,0.719159,0.350256,-0.253897
391,1,-0.403881,-0.345996,1.60453,-nan,-nan,-nan,0.636166,0.771011,-0.028873,0.152106,-0.162015,-0.974995,-0.75641,0.615867,-0.220344,99.4347,8.74898,49.935,0.559868,0.710374,0.32487,-0.276362
400,1,-0.401214,-0.346684,1.60212,-nan,-nan,-nan,0.643025,0.764057,-0.0523014,0.132907,-0.178588,-0.974906,-0.754225,0.619938,-0.216385,100.381,7.63759,49.5503,0.558581,0.713792,0.314154,-0.282479
408,1,-0.401292,-0.346733,1.60157,-nan,-nan,-nan,0.646989,0.759243,-0.0703942,0.103814,-0.179172,-0.978325,-0.7554,0.625657,-0.194742,100.378,5.95884,49.4204,0.564153,0.710792,0.303555,-0.290448
417,1,-0.402579,-0.34641,1.60161,-nan,-nan,-nan,0.670493,0.740873,-0.0393235,0.138068,-0.176677,-0.974537,-0.728956,0.647991,-0.220752,100.276,7.93604,47.3922,0.564151,0.719014,0.305606,-0.26713
425,1,-0.403498,-0.345927,1.60155,-nan,-nan,-nan,0.648945,0.760074,-0.0340338,0.146387,-0.16863,-0.974749,-0.74662,0.627576,-0.220696,99.8149,8.41759,49.0036,0.561164,0.71384,0.317459,-0.273399
434,1,-0.402856,-0.348035,1.60229,-nan,-nan,-nan,0.687388,0.725754,-0.0278986,0.15941,-0.188236,-0.9691,-0.70858,0.661701,-0.245084,100.992,9.17265,45.8697,0.559926,0.728132,0.303916,-0.252866
442,1,-0.402907,-0.3487,1.60129,-nan,-nan,-nan,0.69792,0.714658,-0.0466002,0.15165,-0.211064,-0.965637,-0.699936,0.66687,-0.255684,102.33,8.72257,45.0826,0.554791,0.73564,0.294406,-0.253703
451,1,-0.402615,-0.349123,1.6011,-nan,-nan,-nan,0.690204,0.72295,-0.0310101,0.178834,-0.211945,-0.96078,-0.701169,0.657588,-0.275574,102.44,10.3019,45.4515,0.548335,0.737855,0.305543,-0.248077
459,1,-0.402948,-0.348211,1.6013,-nan,-nan,-nan,0.667608,0.744205,-0.0214102,0.19846,-0.205603,-0.958301,-0.717574,0.63552,-0.284957,102.109,11.4469,47.0659,0.542459,0.734535,0.320837,-0.251514
468,1,-0.40272,-0.347176,1.60007,-nan,-nan,-nan,0.655703,0.754259,-0.0338621,0.178244,-0.198223,-0.963814,-0.733677,0.62594,-0.264417,101.622,10.2675,48.2121,0.546137,0.727727,0.320348,-0.263677
476,1,-0.402606,-0.346876,1.59903,-nan,-nan,-nan,0.658275,0.75233,-0.0259721,0.165112,-0.177959,-0.970087,-0.734447,0.634295,-0.241365,100.395,9.50373,48.1306,0.556541,0.720694,0.318249,-0.26378
485,1,-0.402743,-0.345338,1.59805,-nan,-nan,-nan,0.662175,0.748728,-0.0304971,0.147074,-0.169764,-0.974448,-0.734774,0.64077,-0.222532,99.8826,8.45743,47.975,0.563445,0.716671,0.312487,-0.266953
493,1,-0.407639,-0.346689,1.59882,-nan,-nan,-nan,0.681838,0.730862,0.0306144,0.201728,-0.147639,-0.96825,-0.703138,0.666366,-0.248102,98.6697,11.6381,45.8811,0.567031,0.72069,0.323506,-0.233291
502,1,-0.408921,-0.349108,1.59756,0.217217,-0.388614,1.04798,0.686875,0.72424,0.0606574,0.25185,-0.158903,-0.954631,-0.681744,0.670989,-0.291547,99.4505,14.587,44.7852,0.555973,0.73098,0.333829,-0.212416
511,0,-0.407702,-0.348108,1.59831,0.217217,-0.388614,1.04798,0.716936,0.695747,0.0440253,0.248975,-0.196548,-0.948357,-0.651163,0.690873,-0.314136,101.709,14.4169,42.2475,0.549147,0.746261,0.316485,-0.203393
519,0,-0.407716,-0.34897,1.59687,0.217217,-0.388614,1.04798,0.7198,0.692927,0.0417226,0.260238,-0.213634,-0.941614,-0.643556,0.688631,-0.3341,102.783,15.0842,41.7991,0.54131,0.752917,0.316491,-0.199834
526,0,-0.408773,-0.349242,1.59779,0.217217,-0.388614,1.04798,0.692558,0.720654,0.0319595,0.248818,-0.197063,-0.948291,-0.677092,0.664699,-0.315789,101.739,14.4076,44.353,0.543071,0.742531,0.326408,-0.217207
534,0,-0.408498,-0.349177,1.59634,0.217217,-0.388614,1.04798,0.698037,0.715682,0.0233153,0.238925,-0.202093,-0.949775,-0.675025,0.668549,-0.312063,102.012,13.8231,44.0398,0.544032,0.743672,0.32091,-0.219085
543,0,-0.407983,-0.34847,1.5962,0.217217,-0.388614,1.04798,0.715849,0.697651,0.0290242,0.23872,-0.205461,-0.949104,-0.65618,0.686344,-0.313622,102.215,13.811,42.5098,0.546984,0.747485,0.313174,-0.209756
551,0,-0.407579,-0.349032,1.59598,0.217217,-0.388614,1.04798,0.687253,0.725535,0.035806,0.246179,-0.186249,-0.951161,-0.683432,0.662503,-0.306612,101.079,14.2515,44.8403,0.546441,0.73826,0.329056,-0.219308
559,0,-0.408179,-0.34881,1.59513,0.217217,-0.388614,1.04798,0.715871,0.69733,0.0354929,0.241594,-0.199685,-0.94961,-0.655104,0.688373,-0.311419,101.875,13.9807,42.4621,0.548809,0.746153,0.314589,-0.207602
567,0,-0.407098,-0.349022,1.5946,0.217217,-0.388614,1.04798,0.734745,0.677172,0.0398452,0.244599,-0.209692,-0.946679,-0.632709,0.705314,-0.319705,102.49,14.1581,40.7326,0.548942,0.752353,0.306296,-0.197003
575,0,-0.407344,-0.349266,1.59515,0.217217,-0.388614,1.04798,0.720247,0.6918,0.0515426,0.256694,-0.196748,-0.946255,-0.644478,0.694768,-0.319288,101.746,14.874,41.8222,0.548683,0.74771,0.317133,-0.19825
583,0,-0.407539,-0.348558,1.59558,0.217217,-0.388614,1.04798,0.707371,0.706049,0.0334734,0.240881,-0.196269,-0.950502,-0.664531,0.680421,-0.308909,101.667,13.9386,43.2114,0.548223,0.743732,0.318303,-0.212125
592,0,-0.407153,-0.348988,1.59621,0.217217,-0.388614,1.04798,0.717558,0.694748,0.0493456,0.251488,-0.192373,-0.94855,-0.64951,0.69305,-0.312759,101.464,14.5656,42.1504,0.550551,0.745434,0.317344,-0.20128
600,0,-0.40752,-0.348031,1.59631,0.217217,-0.388614,1.04798,0.722095,0.690903,0.0351071,0.247529,-0.21065,-0.945704,-0.645994,0.691578,-0.323128,102.557,14.3313,41.8162,0.54505,0.750978,0.312403,-0.203364
607,0,-0.407493,-0.348516,1.59503,0.217217,-0.388614,1.04798,0.718451,0.694704,0.0348496,0.253747,-0.215113,-0.943048,-0.647643,0.686376,-0.330827,102.85,14.6993,42.0329,0.541413,0.752395,0.315144,-0.203614
615,0,-0.407199,-0.348491,1.59373,0.217217,-0.388614,1.04798,0.711844,0.701562,0.0329831,0.248531,-0.207694,-0.946095,-0.656894,0.68167,-0.322205,102.382,14.3906,42.701,0.543587,0.748623,0.31728,-0.208353
623,0,-0.407156,-0.347714,1.59504,0.217217,-0.388614,1.04798,0.71087,0.702174,0.0401772,0.250526,-0.199423,-0.947347,-0.657191,0.683507,-0.317677,101.888,14.5087,42.753,0.546299,0.746319,0.319133,-0.206685
631,0,-0.407196,-0.346627,1.5947,0.217217,-0.388614,1.04798,0.729494,0.683494,0.0259683,0.212332,-0.190205,-0.958508,-0.650195,0.70474,-0.283881,101.224,12.259,41.7105,0.560225,0.742223,0.301737,-0.210256
639,0,-0.407436,-0.347637,1.59426,0.217217,-0.388614,1.04798,0.72478,0.688641,0.0216331,0.222269,-0.203983,-0.953408,-0.652143,0.69582,-0.300907,102.076,12.8423,41.9803,0.552243,0.746604,0.305018,-0.211126
647,0,-0.407072,-0.348839,1.59463,0.217217,-0.388614,1.04798,0.691813,0.721071,0.0380964,0.251441,-0.191109,-0.948818,-0.676885,0.665983,-0.313518,101.388,14.5628,44.3751,0.54479,0.741019,0.328099,-0.21551
655,0,-0.4073,-0.347844,1.59439,0.217217,-0.388614,1.04798,0.676513,0.735783,0.0308833,0.254349,-0.194093,-0.947436,-0.691113,0.648808,-0.318452,101.578,14.735,45.6116,0.539437,0.739773,0.334606,-0.223119
663,0,-0.407328,-0.348495,1.59539,0.217217,-0.388614,1.04798,0.690806,0.722329,0.0320514,0.233073,-0.180501,-0.955561,-0.684444,0.667578,-0.293047,100.697,13.4781,44.7349,0.551647,0.735587,0.324707,-0.221725
671,0,-0.407239,-0.348023,1.59397,0.217217,-0.388614,1.04798,0.697367,0.716201,0.0271033,0.204167,-0.162264,-0.965394,-0.687019,0.678768,-0.259383,99.5412,11.7807,44.5717,0.564739,0.727842,0.316129,-0.226669
679,0,-0.407469,-0.346223,1.59404,0.217217,-0.388614,1.04798,0.73602,0.676398,0.0275957,0.215239,-0.195174,-0.956859,-0.641831,0.710207,-0.289239,101.529,12.4296,41.0894,0.559376,0.745056,0.299185,-0.206104
687,0,-0.40752,-0.347774,1.59437,0.217217,-0.388614,1.04798,0.752659,0.658178,0.0174733,0.224078,-0.23111,-0.946772,-0.619106,0.716512,-0.321431,103.718,12.9487,39.4393,0.54775,0.759144,0.290543,-0.198129
694,0,-0.405875,-0.348772,1.59252,0.217217,-0.388614,1.04798,0.750514,0.658818,0.0518452,0.23356,-0.191041,-0.95339,-0.618206,0.727642,-0.297252,101.331,13.5067,39.4786,0.561743,0.748132,0.298202,-0.189258
703,0,-0.406356,-0.348535,1.59217,0.217217,-0.388614,1.04798,0.762954,0.644125,0.0548006,0.239358,-0.202732,-0.94953,-0.600507,0.737565,-0.308852,102.052,13.8487,38.2056,0.559323,0.754079,0.292902,-0.180918
711,0,-0.406462,-0.348637,1.59368,0.217217,-0.388614,1.04798,0.751576,0.657255,0.0561195,0.242937,-0.196694,-0.949891,-0.613282,0.727549,-0.307502,101.699,14.0599,39.2143,0.558431,0.750961,0.29968,-0.185483
719,0,-0.40632,-0.348201,1.59296,0.217217,-0.388614,1.04798,0.729202,0.682157,0.0540908,0.264018,-0.207537,-0.941925,-0.631315,0.701135,-0.331438,102.426,15.3086,40.8847,0.545488,0.753023,0.314125,-0.191636
727,0,-0.406755,-0.3474,1.59379,0.217217,-0.388614,1.04798,0.716202,0.696511,0.0438942,0.252151,-0.199608,-0.946877,-0.650749,0.689223,-0.318586,101.904,14.6049,42.2586,0.547268,0.747395,0.317323,-0.20299
735,0,-0.406854,-0.347821,1.59377,0.217217,-0.388614,1.04798,0.699853,0.712834,0.0455491,0.247295,-0.18198,-0.951698,-0.670113,0.677312,-0.30364,100.825,14.3175,43.7564,0.550961,0.739167,0.324733,-0.211239
743,0,-0.406478,-0.348027,1.59367,0.217217,-0.388614,1.04798,0.700474,0.711906,0.0502655,0.246134,-0.17487,-0.95333,-0.669891,0.680155,-0.297716,100.394,14.2489,43.7215,0.554051,0.737065,0.324951,-0.210167
751,0,-0.406265,-0.348621,1.59448,0.217217,-0.388614,1.04798,0.688921,0.722382,0.0596029,0.260687,-0.170204,-0.950301,-0.676336,0.67022,-0.305573,100.154,15.1108,44.4719,0.550714,0.735645,0.334084,-0.209589
760,0,-0.40675,-0.34837,1.59378,0.217217,-0.388614,1.04798,0.679962,0.732079,0.0413743,0.253287,-0.181554,-0.950202,-0.688111,0.656581,-0.308876,100.817,14.6721,45.3413,0.545328,0.736613,0.334425,-0.219497
768,0,-0.406436,-0.348602,1.59385,0.217217,-0.388614,1.04798,0.708858,0.703491,0.0512012,0.245617,-0.17814,-0.952858,-0.661206,0.688017,-0.299065,100.589,14.2183,43.008,0.554899,0.739267,0.320962,-0.206287
776,0,-0.406231,-0.348639,1.59299,0.217217,-0.388614,1.04798,0.726021,0.686114,0.0462698,0.234606,-0.183879,-0.954541,-0.646416,0.703872,-0.294467,100.904,13.5684,41.6804,0.558497,0.742355,0.310067,-0.202109
785,0,-0.406219,-0.348659,1.59243,0.217217,-0.388614,1.04798,0.733582,0.677876,0.0483986,0.237948,-0.189488,-0.952615,-0.636583,0.710337,-0.300304,101.25,13.7655,40.9506,0.557627,0.745549,0.307097,-0.197232
793,0,-0.406152,-0.348373,1.59291,0.217217,-0.388614,1.04798,0.728496,0.683636,0.0439915,0.216923,-0.169293,-0.961397,-0.649798,0.709917,-0.271626,99.9868,12.5284,41.7321,0.567357,0.736447,0.305711,-0.205652
800,0,-0.406114,-0.347743,1.5919,0.217217,-0.388614,1.04798,0.727654,0.68381,0.0540705,0.233057,-0.172321,-0.957074,-0.645139,0.70902,-0.284757,100.207,13.4771,41.5603,0.563599,0.739042,0.310154,-0.199944
808,0,-0.406179,-0.348055,1.59281,0.217217,-0.388614,1.04798,0.708525,0.703613,0.0540434,0.241421,-0.169718,-0.955464,-0.663105,0.690017,-0.290117,100.072,13.9704,43.1034,0.558724,0.736268,0.320887,-0.206807
816,0,-0.406092,-0.347451,1.59341,0.217217,-0.388614,1.04798,0.748737,0.661032,0.0492896,0.224254,-0.182629,-0.957265,-0.623782,0.727793,-0.28498,100.801,12.959,39.7981,0.565935,0.74437,0.297327,-0.192946
824,0,-0.406388,-0.348162,1.59305,0.217217,-0.388614,1.04798,0.763194,0.644805,0.041967,0.224534,-0.203738,-0.95293,-0.605904,0.736694,-0.300272,102.068,12.9755,38.4462,0.561067,0.752862,0.288678,-0.187264
832,0,-0.406671,-0.347111,1.59339,0.217217,-0.388614,1.04798,0.747426,0.663781,0.0273655,0.209644,-0.196574,-0.957814,-0.630399,0.721633,-0.286082,101.598,12.1015,40.1452,0.56231,0.746673,0.292439,-0.201907
840,0,-0.407254,-0.347456,1.59391,0.217217,-0.388614,1.04798,0.766912,0.641501,0.0179824,0.200525,-0.212921,-0.956271,-0.60962,0.736981,-0.291928,102.553,11.5677,38.4813,0.561708,0.753618,0.279328,-0.196266
848,0,-0.40708,-0.348162,1.5936,0.217217,-0.388614,1.04798,0.770668,0.636753,0.0248248,0.20363,-0.209166,-0.956444,-0.603826,0.742156,-0.29086,102.336,11.7493,38.079,0.563614,0.753441,0.278848,-0.192119
856,0,-0.406198,-0.347678,1.5925,0.217217,-0.388614,1.04798,0.72721,0.685026,0.0436439,0.237702,-0.191672,-0.952239,-0.643944,0.702852,-0.302218,101.381,13.751,41.5249,0.555275,0.745168,0.309571,-0.201398
864,0,-0.406555,-0.34838,1.59442,0.217217,-0.388614,1.04798,0.697263,0.715151,0.0488197,0.243758,-0.172511,-0.95437,-0.674097,0.677347,-0.29461,100.246,14.1085,44.0322,0.554559,0.735592,0.325897,-0.212508
873,0,-0.406652,-0.347524,1.594,0.217217,-0.388614,1.04798,0.688852,0.723655,0.0424945,0.24226,-0.174566,-0.954378,-0.683223,0.66772,-0.295562,100.365,14.02,44.7649,0.551979,0.734673,0.328689,-0.218032
880,0,-0.407001,-0.347891,1.59396,0.217217,-0.388614,1.04798,0.6833,0.728978,0.0411356,0.241837,-0.172804,-0.954806,-0.688924,0.662367,-0.294371,100.259,13.995,45.2348,0.55139,0.733225,0.331009,-0.22087
889,0,-0.40662,-0.348618,1.59269,0.217217,-0.388614,1.04798,0.675288,0.736006,0.0477654,0.247064,-0.164711,-0.954898,-0.694943,0.656632,-0.293067,99.7867,14.3038,45.8218,0.551704,0.730251,0.336552,-0.22156
897,0,-0.406535,-0.349135,1.59371,0.217217,-0.388614,1.04798,0.667697,0.742114,0.0587142,0.26146,-0.159932,-0.951872,-0.697007,0.650914,-0.30082,99.5377,15.1567,46.2303,0.549305,0.72946,0.343944,-0.218755
905,0,-0.406748,-0.348901,1.59324,0.217217,-0.388614,1.04798,0.648176,0.759982,0.0479104,0.271918,-0.172228,-0.946783,-0.711287,0.626709,-0.318287,100.31,15.7784,47.658,0.537973,0.731213,0.352804,-0.226807
913,0,-0.406927,-0.348985,1.59506,0.217217,-0.388614,1.04798,0.589758,0.806116,0.0486079,0.294228,-0.158426,-0.942513,-0.752074,0.570157,-0.330615,99.5416,17.1112,51.8973,0.524575,0.720902,0.381586,-0.243953
921,0,-0.406585,-0.348684,1.59359,0.217217,-0.388614,1.04798,0.526583,0.848653,0.0499837,0.316812,-0.141339,-0.937898,-0.788886,0.509717,-0.34329,98.5699,18.4702,56.2768,0.510381,0.709086,0.410904,-0.260512
929,0,-0.406878,-0.348667,1.59343,0.217217,-0.388614,1.04798,0.483701,0.873991,0.0466188,0.324708,-0.129733,-0.936875,-0.812772,0.468305,-0.346544,97.8839,18.9479,59.242,0.501853,0.699996,0.428109,-0.273627
938,0,-0.406959,-0.348748,1.59295,0.217217,-0.388614,1.04798,0.461362,0.885733,0.0512079,0.322871,-0.113857,-0.939569,-0.826377,0.450015,-0.338507,96.9094,18.8367,60.8256,0.502244,0.691687,0.436832,-0.280173
945,0,-0.406383,-0.348368,1.59276,0.217217,-0.388614,1.04798,0.414706,0.908738,0.0470559,0.309391,-0.0921828,-0.946456,-0.855743,0.40706,-0.319384,95.5629,18.0225,64.1444,0.500784,0.675698,0.450692,-0.299204
954,0,-0.406762,-0.34861,1.59349,0.217217,-0.388614,1.04798,0.368297,0.929019,0.03579,0.292763,-0.0793525,-0.952887,-0.88241,0.361423,-0.301208,94.7604,17.0234,67.3455,0.496925,0.661222,0.461941,-0.320097
962,0,-0.405909,-0.348144,1.59331,0.217217,-0.388614,1.04798,0.379088,0.924011,0.0499553,0.287235,-0.0661803,-0.955571,-0.879653,0.376594,-0.290497,93.9618,16.6925,66.6863,0.505572,0.658742,0.459682,-0.314879
970,0,-0.406355,-0.348617,1.59308,0.217217,-0.388614,1.04798,0.32564,0.944765,0.0371236,0.279032,-0.0585132,-0.958497,-0.903382,0.322484,-0.282674,93.4934,16.2025,70.1774,0.496098,0.645528,0.473952,-0.335484
978,0,-0.406713,-0.349336,1.59312,0.217217,-0.388614,1.04798,0.3322,0.942191,0.0438141,0.287343,-0.0568495,-0.956139,-0.898375,0.33022,-0.289617,93.4026,16.699,69.7066,0.496421,0.647817,0.474491,-0.329785
986,0,-0.406645,-0.348629,1.593,0.217217,-0.388614,1.04798,0.358359,0.932498,0.0450084,0.299794,-0.069286,-0.951485,-0.884139,0.354467,-0.304386,94.1649,17.4452,67.9363,0.496157,0.658033,0.468172,-0.318803
994,0,-0.406662,-0.348174,1.59398,0.217217,-0.388614,1.04798,0.332408,0.942224,0.0414487,0.301894,-0.0646641,-0.951146,-0.893513,0.328682,-0.305946,93.8893,17.5714,69.5936,0.490356,0.652499,0.476675,-0.326462
1002,0,-0.405928,-0.349528,1.59246,0.217217,-0.388614,1.04798,0.29244,0.954627,0.0562758,0.324545,-0.0437212,-0.944859,-0.899527,0.294579,-0.322605,92.6493,18.938,71.9904,0.481174,0.643966,0.496599,-0.327367
1010,0,-0.406191,-0.348008,1.59287,0.217217,-0.388614,1.04798,0.30269,0.951905,0.0475011,0.309278,-0.0509589,-0.949605,-0.901513,0.302127,-0.309828,93.0717,18.0157,71.4401,0.485258,0.644879,0.488922,-0.331074
1019,0,-0.406403,-0.34732,1.59237,0.217217,-0.388614,1.04798,0.29105,0.956163,0.032281,0.297157,-0.0582769,-0.953049,-0.909389,0.286978,-0.301092,93.4992,17.2869,72.2527,0.482618,0.642343,0.487792,-0.34137
1027,0,-0.406599,-0.348308,1.59226,0.217217,-0.388614,1.04798,0.24814,0.968225,0.0311051,0.304298,-0.0474219,-0.951396,-0.91969,0.245544,-0.306396,92.8535,17.7159,74.9007,0.472843,0.632842,0.502701,-0.351029
1035,0,-0.406306,-0.348495,1.5922,0.217217,-0.388614,1.04798,0.207497,0.977265,0.0435711,0.31318,-0.0241674,-0.949386,-0.926749,0.21064,-0.311075,91.4582,18.251,77.3798,0.466973,0.621035,0.519473,-0.355526
1043,0,-0.4063,-0.348276,1.59328,0.217217,-0.388614,1.04798,0.206006,0.977247,0.0504926,0.316031,-0.0176083,-0.948585,-0.926113,0.211371,-0.312468,91.0634,18.4231,77.4592,0.467956,0.619694,0.521741,-0.353247
1050,0,-0.406884,-0.348353,1.59464,0.217217,-0.388614,1.04798,0.207024,0.977327,0.0444153,0.319842,-0.0247071,-0.947149,-0.924577,0.210288,-0.317705,91.4943,18.6533,77.379,0.464923,0.622382,0.52105,-0.353546
1058,0,-0.406326,-0.348351,1.59281,0.217217,-0.388614,1.04798,0.0740325,0.996193,0.0460375,0.320565,0.019942,-0.947017,-0.944329,0.084868,-0.317868,88.7937,18.6971,85.5174,0.440485,0.585653,0.562089,-0.383457
1067,0,-0.406925,-0.347707,1.5935,0.217217,-0.388614,1.04798,0.0588916,0.997266,0.0446366,0.315003,0.023865,-0.94879,-0.947262,0.0699365,-0.312737,88.5591,18.361,86.4425,0.438754,0.580466,0.565179,-0.38875
1075,0,-0.406837,-0.348603,1.59332,0.217217,-0.388614,1.04798,0.0708888,0.996746,0.0383562,0.344606,0.0116131,-0.938676,-0.936067,0.0797594,-0.342662,89.2912,20.1578,85.6692,0.43007,0.592017,0.566433,-0.37909
1083,0,-0.406264,-0.348815,1.59273,0.217217,-0.388614,1.04798,0.0361268,0.998204,0.0477936,0.333173,0.0330582,-0.942286,-0.942173,0.0499653,-0.33138,87.9907,19.4615,87.8041,0.429478,0.577592,0.576262,-0.387116
1091,0,-0.406378,-0.349014,1.59354,0.217217,-0.388614,1.04798,0.039261,0.997961,0.0503145,0.327108,0.0347427,-0.944348,-0.944171,0.0535343,-0.325078,87.893,19.0934,87.6189,0.432703,0.576541,0.574578,-0.387595
1099,0,-0.406735,-0.348544,1.59378,0.217217,-0.388614,1.04798,0.0689572,0.996601,0.0450733,0.33797,0.019172,-0.940962,-0.938627,0.0801195,-0.335499,88.8328,19.7532,85.7983,0.433771,0.58849,0.566947,-0.379596
1107,0,-0.40696,-0.348785,1.59428,0.217217,-0.388614,1.04798,0.0330451,0.998561,0.0422476,0.332929,0.0288586,-0.94251,-0.942373,0.0452108,-0.331496,88.2462,19.4466,87.9917,0.42732,0.577859,0.576045,-0.389423
1115,0,-0.407007,-0.348215,1.59414,0.217217,-0.388614,1.04798,0.0124698,0.999109,0.0403154,0.333591,0.0338519,-0.94211,-0.942635,0.0251967,-0.332872,87.9421,19.4869,89.2421,0.42233,0.572601,0.581862,-0.393956
1123,0,-0.407159,-0.34912,1.5945,0.217217,-0.388614,1.04798,-0.000376772,0.999364,0.0356658,0.331568,0.0337731,-0.942827,-0.943431,0.0114704,-0.331369,87.9485,19.364,90.0229,0.418935,0.569478,0.584277,-0.398508
1132,0,-0.406681,-0.349072,1.59277,0.217217,-0.388614,1.04798,-0.0507613,0.997728,0.0442976,0.333459,0.0587414,-0.940933,-0.941397,-0.0329916,-0.335683,86.4277,19.4789,93.0865,0.409969,0.553665,0.601079,-0.405073
1140,0,-0.406412,-0.349109,1.59408,0.217217,-0.388614,1.04798,-0.0855421,0.994524,0.060034,0.332296,0.0852829,-0.939311,-0.939288,-0.0604016,-0.337772,84.8122,19.4082,95.2036,0.406807,0.540127,0.614125,-0.406967
1148,0,-0.406738,-0.34825,1.59358,0.217217,-0.388614,1.04798,-0.0937888,0.994306,0.0505887,0.339733,0.0797256,-0.937137,-0.935834,-0.0707063,-0.345275,85.1374,19.8606,95.723,0.400207,0.54124,0.616196,-0.408897
1157,0,-0.406757,-0.34826,1.59239,0.217217,-0.388614,1.04798,-0.144509,0.988703,0.0397963,0.328698,0.0858995,-0.940521,-0.933314,-0.122833,-0.337398,84.7815,19.1897,98.8015,0.388585,0.526068,0.62606,-0.424621
1165,0,-0.406453,-0.34758,1.59291,0.217217,-0.388614,1.04798,-0.190685,0.98068,0.0436519,0.304608,0.101384,-0.947067,-0.933195,-0.167295,-0.318055,83.8897,17.7346,101.549,0.384917,0.506455,0.634453,-0.439103
1173,0,-0.406442,-0.347337,1.5939,0.217217,-0.388614,1.04798,-0.225894,0.973107,0.0450968,0.285495,0.110393,-0.952001,-0.931378,-0.202177,-0.302754,83.3856,16.5884,103.633,0.381361,0.491545,0.640125,-0.450763
1181,0,-0.40627,-0.348124,1.59316,0.217217,-0.388614,1.04798,-0.28235,0.957973,0.0506586,0.274819,0.131367,-0.952479,-0.919104,-0.25501,-0.300361,82.1472,15.9512,107.077,0.370357,0.470809,0.654614,-0.461146
1190,0,-0.40569,-0.349216,1.59298,0.217217,-0.388614,1.04798,-0.38057,0.922273,0.0676734,0.275155,0.182798,-0.943862,-0.882868,-0.340585,-0.323335,79.0392,15.9712,113.319,0.346011,0.43588,0.686787,-0.467557
1198,0,-0.406324,-0.348794,1.59319,0.217217,-0.388614,1.04798,-0.452537,0.888881,0.0714222,0.260698,0.208466,-0.942644,-0.852788,-0.407962,-0.326068,77.5297,15.1115,117.953,0.327819,0.407758,0.704818,-0.479062
1206,0,-0.406968,-0.349058,1.59434,0.217217,-0.388614,1.04798,-0.526666,0.848849,0.0455841,0.247881,0.204648,-0.946929,-0.813128,-0.487416,-0.318195,77.8049,14.3521,122.931,0.299911,0.38304,0.715805,-0.500955
1214,0,-0.40685,-0.348637,1.59337,0.217217,-0.388614,1.04798,-0.607035,0.793502,0.0431667,0.229878,0.227337,-0.946295,-0.7607,-0.564511,-0.32041,76.4913,13.2899,128.59,0.273812,0.348582,0.733959,-0.514609
1223,0,-0.406643,-0.348019,1.59327,0.217217,-0.388614,1.04798,-0.67582,0.735255,0.051653,0.202417,0.252525,-0.946181,-0.708728,-0.628992,-0.319489,75.0567,11.6783,133.638,0.253582,0.312708,0.749639,-0.525311
1231,0,-0.406748,-0.348525,1.59427,0.217217,-0.388614,1.04798,-0.777965,0.626546,0.0470046,0.169594,0.281436,-0.944474,-0.604986,-0.726797,-0.325206,73.4069,9.76421,142.13,0.211107,0.257781,0.772109,-0.541138
1238,0,-0.406524,-0.347891,1.59403,0.217217,-0.388614,1.04798,-0.834078,0.549742,0.0458071,0.14106,0.292819,-0.945706,-0.533307,-0.782331,-0.32178,72.7959,8.10917,147.405,0.185041,0.220728,0.782412,-0.55215
1246,0,-0.406392,-0.348045,1.59353,0.217217,-0.388614,1.04798,-0.869653,0.491063,0.0506033,0.113507,0.298663,-0.947585,-0.480437,-0.818326,-0.315472,72.506,6.51749,151.082,0.168477,0.191805,0.788002,-0.56025
1254,0,-0.406353,-0.347117,1.59358,0.217217,-0.388614,1.04798,-0.901983,0.429328,0.0458765,0.0873095,0.285416,-0.954418,-0.422852,-0.856864,-0.294925,73.3509,5.00884,154.883,0.148752,0.163956,0.78777,-0.574813
1263,0,-0.406431,-0.347459,1.59229,0.217217,-0.388614,1.04798,-0.924248,0.380261,0.034162,0.0873273,0.297661,-0.950669,-0.371671,-0.875671,-0.30832,72.6143,5.00986,158.093,0.127567,0.146978,0.795335,-0.574079
1271,0,-0.406439,-0.34817,1.593,0.217217,-0.388614,1.04798,-0.94032,0.338339,0.0364112,0.0680341,0.291757,-0.95407,-0.333422,-0.894653,-0.297363,72.9962,3.90108,160.476,0.116269,0.127756,0.795211,-0.581206
1279,0,-0.40665,-0.348973,1.59428,0.217217,-0.388614,1.04798,-0.937175,0.346736,0.0384393,0.0685549,0.291081,-0.954239,-0.342058,-0.891654,-0.296564,73.0362,3.93099,159.948,0.119731,0.130679,0.794484,-0.580846
1287,0,-0.406592,-0.347436,1.59351,0.217217,-0.388614,1.04798,-0.945192,0.324657,0.0347826,0.0612708,0.280991,-0.957752,-0.320715,-0.903129,-0.285483,73.649,3.51276,161.257,0.112157,0.121757,0.792412,-0.587094
1296,0,-0.405878,-0.345579,1.59281,0.217217,-0.388614,1.04798,-0.955561,0.290964,0.0473589,0.0369441,0.277582,-0.959991,-0.292469,-0.915581,-0.275996,73.8727,2.11722,162.982,0.107267,0.103505,0.792013,-0.592027
1304,0,-0.406235,-0.347612,1.59297,0.217217,-0.388614,1.04798,-0.960759,0.273171,0.0481602,0.0336802,0.287223,-0.957271,-0.275331,-0.918085,-0.285153,73.2985,1.9301,164.009,0.101626,0.0963981,0.795791,-0.589148
1312,0,-0.406586,-0.348591,1.59367,0.217217,-0.388614,1.04798,-0.968364,0.245311,0.0457489,0.0318066,0.303174,-0.952404,-0.247505,-0.920819,-0.301385,72.3424,1.82269,165.663,0.0914114,0.0863815,0.802017,-0.58391
1320,0,-0.406462,-0.348543,1.59379,0.217217,-0.388614,1.04798,-0.970015,0.238284,0.0478634,0.0296743,0.311574,-0.949758,-0.241225,-0.91986,-0.309303,71.8376,1.70046,166.035,0.0898001,0.0832363,0.804812,-0.580762
1328,0,-0.406289,-0.348642,1.59284,0.217217,-0.388614,1.04798,-0.969942,0.239029,0.0455826,0.0320232,0.311079,-0.949844,-0.24122,-0.919834,-0.309383,71.8661,1.83511,166.034,0.0890983,0.0842053,0.804737,-0.580835
1336,0,-0.405966,-0.348822,1.59239,0.217217,-0.388614,1.04798,-0.98007,0.191261,0.0536808,0.0122844,0.328061,-0.944577,-0.198271,-0.925092,-0.323872,70.8474,0.70386,168.563,0.0776506,0.0627319,0.811172,-0.576224
1345,0,-0.406578,-0.347947,1.59225,0.217217,-0.388614,1.04798,-0.961353,0.272981,0.0358079,0.0553139,0.31891,-0.946169,-0.269706,-0.907622,-0.321685,71.3734,3.17087,164.329,0.0947003,0.101762,0.806528,-0.574621
1353,0,-0.406634,-0.348126,1.59298,0.217217,-0.388614,1.04798,-0.959845,0.278608,0.0328006,0.0575089,0.309857,-0.949042,-0.274575,-0.909047,-0.313437,71.9184,3.29683,164.036,0.0956236,0.104565,0.803607,-0.578046
1361,0,-0.406515,-0.347536,1.59305,0.217217,-0.388614,1.04798,-0.965352,0.25943,0.0281459,0.0464309,0.276899,-0.959776,-0.256788,-0.925215,-0.279351,73.9069,2.66125,165.104,0.0897172,0.0963064,0.793978,-0.593528
1369,0,-0.4068,-0.346894,1.59246,0.217217,-0.388614,1.04798,-0.955651,0.293902,0.0187748,0.0659959,0.275849,-0.958933,-0.287011,-0.915166,-0.283012,73.9514,3.78403,163.283,0.0964186,0.113481,0.792861,-0.590929
1377,0,-0.406332,-0.346125,1.593,0.217217,-0.388614,1.04798,-0.988074,0.150525,0.0324355,0.00880367,0.265528,-0.964063,-0.153728,-0.95228,-0.263687,74.601,0.50442,171.157,0.0586675,0.0502107,0.793298,-0.603916
1385,0,-0.405794,-0.346488,1.59228,0.217217,-0.388614,1.04798,-0.943826,0.327068,0.0470997,0.0491095,0.27979,-0.958804,-0.326772,-0.902632,-0.280135,73.7322,2.8149,160.903,0.11814,0.118869,0.791162,-0.588197
1393,0,-0.406042,-0.346651,1.59327,0.217217,-0.388614,1.04798,-0.939461,0.338667,0.052131,0.0431423,0.267834,-0.962499,-0.339929,-0.901981,-0.26623,74.4497,2.47264,160.108,0.124642,0.121383,0.786372,-0.592747
1401,0,-0.406263,-0.349962,1.5921,0.217217,-0.388614,1.04798,-0.941521,0.334869,0.0374248,0.0536872,0.258734,-0.964455,-0.33265,-0.906046,-0.261582,74.9829,3.07753,160.541,0.117931,0.123821,0.784512,-0.596072
1409,0,-0.406287,-0.347771,1.59225,0.217217,-0.388614,1.04798,-0.917834,0.395413,0.0350577,0.086993,0.286521,-0.954116,-0.387315,-0.872671,-0.297377,73.285,4.99064,157.121,0.13352,0.152497,0.790843,-0.577481
1417,0,-0.406996,-0.348016,1.59349,0.217217,-0.388614,1.04798,-0.89511,0.445076,0.0261856,0.108657,0.274733,-0.955361,-0.432402,-0.852308,-0.294277,73.9564,6.23793,154.216,0.14607,0.176376,0.784876,-0.575782
1425,0,-0.40725,-0.347569,1.59449,0.217217,-0.388614,1.04798,-0.887107,0.460591,0.0299715,0.116128,0.285567,-0.951297,-0.446717,-0.840421,-0.306815,73.2909,6.66867,153.272,0.151364,0.183127,0.78732,-0.56893
1434,0,-0.40661,-0.348487,1.59386,0.217217,-0.388614,1.04798,-0.866213,0.497775,0.0435283,0.119547,0.291037,-0.949213,-0.485163,-0.817017,-0.311607,72.954,6.86597,150.747,0.168238,0.196442,0.78563,-0.562043
1442,0,-0.406289,-0.348535,1.59242,0.217217,-0.388614,1.04798,-0.869468,0.491924,0.0451262,0.113271,0.287451,-0.951074,-0.480828,-0.821817,-0.30565,73.1832,6.5039,151.057,0.16758,0.192828,0.784629,-0.564882
1449,0,-0.406623,-0.349219,1.59321,0.217217,-0.388614,1.04798,-0.866426,0.497507,0.0423337,0.12337,0.295464,-0.947355,-0.483824,-0.81559,-0.317375,72.6782,7.08661,150.82,0.16708,0.197158,0.787284,-0.559818
1457,0,-0.407234,-0.348141,1.59535,0.217217,-0.388614,1.04798,-0.835074,0.54931,0.030166,0.15749,0.291239,-0.943598,-0.527113,-0.783223,-0.329717,72.8473,9.06125,147.739,0.177798,0.225502,0.783586,-0.550935
1466,0,-0.407262,-0.348283,1.59307,0.217217,-0.388614,1.04798,-0.812213,0.582819,0.0251207,0.174242,0.283469,-0.943019,-0.556731,-0.761556,-0.331789,73.2694,10.0346,145.571,0.186726,0.242954,0.779017,-0.547027
1474,0,-0.406472,-0.349502,1.59378,0.217217,-0.388614,1.04798,-0.78699,0.615067,0.0483767,0.16318,0.283126,-0.945099,-0.594996,-0.735889,-0.323184,73.3232,9.3915,142.909,0.207938,0.251529,0.773515,-0.543296
1482,0,-0.407257,-0.34855,1.59321,0.217217,-0.388614,1.04798,-0.752676,0.657472,0.0347853,0.208846,0.288525,-0.934418,-0.62439,-0.696049,-0.354476,72.8406,12.0547,140.322,0.21294,0.279855,0.773899,-0.526705
1490,0,-0.407152,-0.348495,1.59262,0.217217,-0.388614,1.04798,-0.728718,0.683371,0.0444309,0.171986,0.245427,-0.954037,-0.662866,-0.687582,-0.296377,75.5734,9.9033,137.709,0.234698,0.283828,0.753413,-0.544728
1497,0,-0.40675,-0.347353,1.59322,0.217217,-0.388614,1.04798,-0.705393,0.707779,0.0383236,0.189009,0.23993,-0.952213,-0.683151,-0.664441,-0.303022,75.8575,10.8949,135.918,0.24058,0.299039,0.749724,-0.539083
1506,0,-0.406466,-0.348059,1.59354,0.217217,-0.388614,1.04798,-0.690715,0.722067,0.0391357,0.170644,0.215348,-0.961512,-0.702704,-0.657453,-0.27196,77.3759,9.82525,134.507,0.251333,0.302447,0.737906,-0.548499
1514,0,-0.406585,-0.348649,1.5933,0.217217,-0.388614,1.04798,-0.667146,0.74386,0.0398618,0.168356,0.202687,-0.964663,-0.725654,-0.63686,-0.260455,78.1341,9.69223,132.595,0.262244,0.312499,0.729775,-0.548635
1522,0,-0.406292,-0.349025,1.59221,0.217217,-0.388614,1.04798,-0.652887,0.756135,0.0446924,0.18542,0.216752,-0.958456,-0.73441,-0.617477,-0.281717,77.2571,10.6856,131.637,0.265588,0.320966,0.733375,-0.537219
1530,0,-0.406349,-0.349325,1.59372,0.217217,-0.388614,1.04798,-0.633047,0.77256,0.0490246,0.20568,0.228915,-0.951469,-0.746289,-0.592241,-0.303813,76.4723,11.8693,130.307,0.27021,0.33236,0.735829,-0.52448
1538,0,-0.406274,-0.348416,1.59349,0.217217,-0.388614,1.04798,-0.634453,0.771398,0.0491318,0.214605,0.236857,-0.947546,-0.742572,-0.59063,-0.315821,75.9654,12.3923,130.511,0.267667,0.333358,0.739448,-0.520042
1546,0,-0.406222,-0.348,1.59196,0.217217,-0.388614,1.04798,-0.663099,0.747383,0.0414668,0.21155,0.240256,-0.947377,-0.718016,-0.619432,-0.317423,75.7697,12.2132,132.723,0.254821,0.32174,0.745114,-0.525695
1555,0,-0.406586,-0.346647,1.59289,0.217217,-0.388614,1.04798,-0.663077,0.747928,0.0305277,0.194198,0.211267,-0.957942,-0.722921,-0.629261,-0.285333,77.5629,11.1979,132.528,0.256348,0.320542,0.734792,-0.540018
1563,0,-0.406692,-0.346869,1.59408,0.217217,-0.388614,1.04798,-0.6951,0.718042,0.0353755,0.180346,0.221794,-0.958271,-0.695925,-0.659714,-0.283665,76.9682,10.3899,134.966,0.24649,0.302808,0.741714,-0.545353
1570,0,-0.406369,-0.348841,1.59398,0.217217,-0.388614,1.04798,-0.706741,0.705578,0.0517343,0.177409,0.24754,-0.952497,-0.684867,-0.66399,-0.300123,75.4319,10.2189,135.901,0.245294,0.294041,0.750734,-0.538302
1578,0,-0.406708,-0.347735,1.59243,0.217217,-0.388614,1.04798,-0.734494,0.677719,0.0348581,0.193707,0.25861,-0.94636,-0.650382,-0.688344,-0.321227,74.716,11.1692,138.476,0.225216,0.28641,0.760646,-0.537275
1586,0,-0.406938,-0.348248,1.5935,0.217217,-0.388614,1.04798,-0.751919,0.657644,0.0460652,0.165278,0.255692,-0.952525,-0.638201,-0.708609,-0.300954,74.974,9.51341,139.677,0.225177,0.270806,0.759698,-0.546643
1594,0,-0.406785,-0.348297,1.5927,0.217217,-0.388614,1.04798,-0.768669,0.63822,0.0426966,0.151325,0.246299,-0.957307,-0.621489,-0.729392,-0.285901,75.5717,8.70374,141.044,0.218934,0.260256,0.758431,-0.555983
1603,0,-0.406394,-0.347923,1.59263,0.217217,-0.388614,1.04798,-0.789673,0.611612,0.0484434,0.140023,0.256536,-0.956338,-0.597335,-0.748412,-0.288219,74.984,8.04916,142.895,0.211331,0.245972,0.763942,-0.55788
1611,0,-0.406454,-0.349339,1.59319,0.217217,-0.388614,1.04798,-0.814215,0.578888,0.0440806,0.158992,0.29536,-0.942064,-0.558369,-0.760034,-0.332525,72.5925,9.1484,145.559,0.192757,0.236088,0.781361,-0.544594
1618,0,-0.405964,-0.348788,1.59128,0.217217,-0.388614,1.04798,-0.797223,0.602138,0.0431868,0.156825,0.275655,-0.948378,-0.582959,-0.749296,-0.314189,73.793,9.02268,143.824,0.202634,0.245617,0.772507,-0.549404
1626,0,-0.406537,-0.347915,1.59283,0.217217,-0.388614,1.04798,-0.79409,0.60666,0.037227,0.158632,0.265989,-0.950834,-0.586735,-0.749142,-0.307455,74.3714,9.12752,143.54,0.202759,0.248685,0.76934,-0.552414
1634,0,-0.406387,-0.349085,1.59244,0.217217,-0.388614,1.04798,-0.827562,0.560201,0.0362751,0.147344,0.27911,-0.948887,-0.541693,-0.779918,-0.313523,73.609,8.47307,146.793,0.185758,0.227405,0.777849,-0.555637
1642,0,-0.406562,-0.347561,1.59159,0.217217,-0.388614,1.04798,-0.856215,0.515648,0.0316787,0.136588,0.285085,-0.94872,-0.498237,-0.807981,-0.314525,73.2748,7.85048,149.805,0.169074,0.208102,0.783554,-0.560492
1651,0,-0.406296,-0.348447,1.59214,0.217217,-0.388614,1.04798,-0.837366,0.545439,0.0362497,0.128976,0.261576,-0.956527,-0.531209,-0.796288,-0.289383,74.7056,7.41041,147.61,0.183593,0.218198,0.77271,-0.567099
1658,0,-0.40652,-0.347795,1.59319,0.217217,-0.388614,1.04798,-0.829714,0.557311,0.0313011,0.129574,0.246846,-0.960353,-0.542942,-0.792762,-0.277025,75.5849,7.445,146.8,0.187155,0.223867,0.76707,-0.571368
1666,0,-0.406198,-0.348137,1.59209,0.217217,-0.388614,1.04798,-0.804872,0.592259,0.0375455,0.151927,0.266799,-0.951702,-0.573671,-0.760294,-0.304719,74.3398,8.73862,144.521,0.198247,0.241375,0.770777,-0.555283
1674,0,-0.406079,-0.348378,1.59166,0.217217,-0.388614,1.04798,-0.809854,0.585025,0.0433878,0.158777,0.289794,-0.943827,-0.564736,-0.757473,-0.327579,72.9314,9.13589,145.111,0.195167,0.238711,0.778978,-0.546004
1682,0,-0.406144,-0.348611,1.59375,0.217217,-0.388614,1.04798,-0.809804,0.58339,0.0622358,0.156019,0.316391,-0.935711,-0.565575,-0.748033,-0.347235,71.3181,8.97588,145.069,0.199595,0.235074,0.786357,-0.535299
1690,0,-0.406621,-0.348402,1.59129,0.217217,-0.388614,1.04798,-0.800361,0.599004,0.0248301,0.189674,0.292288,-0.937332,-0.568724,-0.745494,-0.347552,72.6809,10.9338,144.603,0.189984,0.25244,0.781057,-0.538637
1698,0,-0.406917,-0.347888,1.59207,0.217217,-0.388614,1.04798,-0.793413,0.608178,0.0248164,0.186292,0.281442,-0.941321,-0.579475,-0.742233,-0.336598,73.3541,10.7365,143.857,0.194571,0.255805,0.776443,-0.542073
1706,0,-0.406453,-0.347907,1.59239,0.217217,-0.388614,1.04798,-0.754467,0.655005,0.041816,0.172118,0.25893,-0.950437,-0.633368,-0.709876,-0.308092,74.7606,9.91098,139.987,0.221569,0.271429,0.761822,-0.54485
1715,0,-0.406513,-0.347549,1.59304,0.217217,-0.388614,1.04798,-0.706807,0.706107,0.0428595,0.192862,0.250636,-0.948676,-0.680609,-0.662265,-0.313333,75.2008,11.1199,136.082,0.24005,0.298282,0.753455,-0.534518
1723,0,-0.405901,-0.346481,1.59235,0.217217,-0.388614,1.04798,-0.691674,0.720575,0.0485676,0.168463,0.226369,-0.959363,-0.702287,-0.655385,-0.277964,76.7235,9.69849,134.564,0.253343,0.299967,0.740947,-0.544826
