130,0,-0.336987,-0.387959,1.4602,-nan,-nan,-nan,0.831268,0.555248,0.0263204,0.194152,-0.245647,-0.949717,-0.520863,0.79458,-0.312001,104.502,11.1952,32.0708,0.564274,0.772806,0.242428,-0.159983
139,0,-0.336715,-0.387509,1.4627,-nan,-nan,-nan,0.830974,0.555514,0.0297774,0.170527,-0.203405,-0.96413,-0.529531,0.806245,-0.263754,101.913,9.81847,32.507,0.583912,0.75798,0.239466,-0.164831
147,0,-0.338343,-0.388279,1.46671,-nan,-nan,-nan,0.826054,0.562779,0.0302393,0.15817,-0.179997,-0.970867,-0.540941,0.806772,-0.237702,100.503,9.10068,33.2188,0.593371,0.748958,0.240651,-0.170471
156,0,-0.339596,-0.389831,1.47301,-nan,-nan,-nan,0.820063,0.571311,0.0331718,0.16175,-0.175795,-0.971047,-0.548939,0.801686,-0.236573,100.261,9.30848,33.7978,0.593232,0.747066,0.245313,-0.172597
165,0,-0.340856,-0.391921,1.48043,-nan,-nan,-nan,0.811756,0.583048,0.033267,0.163344,-0.17199,-0.971462,-0.560687,0.794024,-0.234851,100.04,9.40107,34.6332,0.592646,0.744748,0.250552,-0.177047
173,0,-0.32758,-0.398055,1.50219,-nan,-nan,-nan,0.835765,0.545816,0.0598543,0.192312,-0.18887,-0.962987,-0.514309,0.816341,-0.262818,101.097,11.0877,31.6071,0.588234,0.756216,0.24402,-0.15024
182,0,-0.319475,-0.399793,1.5096,-nan,-nan,-nan,0.836831,0.545747,0.0432881,0.173446,-0.189297,-0.96648,-0.519259,0.816288,-0.253067,101.082,9.98826,31.8199,0.590438,0.75485,0.238191,-0.157638
191,0,-0.373781,-0.394106,1.48526,-nan,-nan,-nan,0.743501,0.668721,0.00432843,0.208873,-0.226071,-0.951454,-0.635279,0.70831,-0.307762,103.366,12.0563,40.512,0.549924,0.754542,0.29077,-0.209051
199,0,-0.388501,-0.392402,1.47898,-nan,-nan,-nan,0.711951,0.701682,-0.0277369,0.192621,-0.233118,-0.95318,-0.675295,0.673275,-0.301127,103.743,11.1058,43.4864,0.542611,0.749366,0.298353,-0.234542
208,0,-0.407613,-0.391629,1.47336,-nan,-nan,-nan,0.716008,0.696402,-0.0485589,0.173089,-0.244489,-0.954078,-0.676294,0.674722,-0.295596,104.373,9.96749,43.3661,0.5422,0.751015,0.289439,-0.241291
217,0,-0.426758,-0.388576,1.467,-nan,-nan,-nan,0.707768,0.703854,-0.0604474,0.159283,-0.242358,-0.957022,-0.688254,0.667722,-0.283645,104.211,9.16527,44.1991,0.543545,0.74729,0.288755,-0.250472
226,0,-0.440784,-0.385537,1.46267,-nan,-nan,-nan,0.693995,0.717027,-0.065146,0.136458,-0.219836,-0.965946,-0.70693,0.661471,-0.250409,102.821,7.84294,45.529,0.553116,0.735568,0.290077,-0.262408
235,0,-0.443809,-0.385556,1.46115,-nan,-nan,-nan,0.719841,0.691429,-0.0612831,0.137848,-0.228922,-0.963635,-0.680314,0.685216,-0.2601,103.364,7.92335,43.3829,0.554711,0.743112,0.278988,-0.24949
243,0,-0.442938,-0.384799,1.46111,-nan,-nan,-nan,0.734962,0.675706,-0.057027,0.130565,-0.223534,-0.965912,-0.665419,0.702463,-0.252513,103.03,7.50224,42.157,0.561007,0.743473,0.271116,-0.24293
252,0,-0.441701,-0.384233,1.46001,-nan,-nan,-nan,0.738159,0.673138,-0.044795,0.13668,-0.214244,-0.96717,-0.660636,0.707803,-0.25015,102.49,7.85575,41.8279,0.564306,0.74205,0.272831,-0.237663
259,0,-0.440222,-0.381877,1.4548,-nan,-nan,-nan,0.766484,0.642235,-0.0060316,0.16295,-0.203541,-0.965411,-0.621248,0.738989,-0.260663,101.906,9.37815,39.0253,0.570587,0.746775,0.269554,-0.209996
268,0,-0.437401,-0.379024,1.44714,-nan,-nan,-nan,0.817116,0.576008,0.0231446,0.174195,-0.208441,-0.962397,-0.549524,0.790422,-0.270658,102.221,10.0318,33.9215,0.578364,0.757663,0.247538,-0.173685
276,0,-0.437264,-0.378477,1.44563,-nan,-nan,-nan,0.841497,0.53913,0.0349669,0.167017,-0.198043,-0.965859,-0.513798,0.818607,-0.256696,101.588,9.61441,31.4073,0.588803,0.757667,0.233,-0.157995
284,0,-0.43905,-0.377811,1.44432,-nan,-nan,-nan,0.851966,0.520438,0.0574207,0.175176,-0.179971,-0.967948,-0.493423,0.834718,-0.244497,100.533,10.0889,30.0776,0.59739,0.754393,0.230521,-0.144488
292,0,-0.432449,-0.372773,1.42806,-nan,-nan,-nan,0.865125,0.500432,0.0335515,0.148044,-0.190873,-0.970387,-0.479208,0.844473,-0.239215,101.128,8.51361,28.9829,0.598965,0.757498,0.214019,-0.147082
300,0,-0.428381,-0.369458,1.41541,-nan,-nan,-nan,0.888377,0.458249,0.0281903,0.121197,-0.174847,-0.977108,-0.44283,0.871456,-0.210868,100.145,6.96118,26.4949,0.612916,0.754005,0.192123,-0.137479
308,0,-0.427555,-0.367651,1.41053,-nan,-nan,-nan,0.890495,0.452141,0.0508661,0.14326,-0.172517,-0.974533,-0.431851,0.875104,-0.218399,100.039,8.23655,25.8714,0.612287,0.755217,0.197096,-0.126118
316,0,-0.424373,-0.365056,1.40062,-nan,-nan,-nan,0.904463,0.425556,0.0291269,0.124255,-0.197534,-0.972389,-0.408052,0.88311,-0.23154,101.483,7.13776,24.2827,0.607328,0.763796,0.17996,-0.124027
324,0,-0.421928,-0.363548,1.39151,-nan,-nan,-nan,0.91434,0.403503,0.0341705,0.129687,-0.21184,-0.968662,-0.38362,0.890117,-0.246022,102.336,7.45148,22.7609,0.603423,0.770098,0.173092,-0.113443
333,0,-0.420101,-0.36175,1.38482,-nan,-nan,-nan,0.918834,0.393903,0.0241729,0.119385,-0.219055,-0.968381,-0.376153,0.892667,-0.248302,102.746,6.85662,22.2633,0.602386,0.772365,0.166142,-0.113929
340,0,-0.417704,-0.360297,1.37942,-nan,-nan,-nan,0.900856,0.433978,0.011006,0.113493,-0.210969,-0.970882,-0.419019,0.875874,-0.239306,102.26,6.51673,24.9447,0.602201,0.76667,0.178522,-0.133047
349,0,-0.417778,-0.360059,1.37732,-nan,-nan,-nan,0.891927,0.452109,0.00793,0.122438,-0.224591,-0.966731,-0.435287,0.863224,-0.255674,103.079,7.03282,26.0137,0.594067,0.770096,0.186518,-0.138735
357,0,-0.416296,-0.357545,1.36889,-nan,-nan,-nan,0.880166,0.474661,-0.00217142,0.107732,-0.204218,-0.972979,-0.462279,0.856149,-0.230882,101.854,6.18457,27.7093,0.601054,0.7608,0.191375,-0.152619
365,0,-0.412951,-0.353913,1.35524,-nan,-nan,-nan,0.894456,0.447104,0.0067913,0.114124,-0.213573,-0.970238,-0.432347,0.86861,-0.242057,102.414,6.55309,25.7974,0.599755,0.7665,0.183049,-0.138799
374,0,-0.409648,-0.350816,1.34399,-nan,-nan,-nan,0.892253,0.45151,0.00494689,0.116031,-0.21868,-0.968873,-0.436374,0.865054,-0.247507,102.719,6.66311,26.0619,0.59709,0.767861,0.18478,-0.140464
382,0,-0.407427,-0.34931,1.33636,-nan,-nan,-nan,0.88441,0.466696,-0.00380651,0.120641,-0.236484,-0.964117,-0.45085,0.852215,-0.265451,103.782,6.9291,27.0113,0.587893,0.77239,0.190104,-0.147159
391,0,-0.405127,-0.34728,1.32892,-nan,-nan,-nan,0.870201,0.492668,-0.00524719,0.126793,-0.234221,-0.96388,-0.476102,0.838104,-0.266286,103.658,7.28432,28.6838,0.58517,0.769855,0.201162,-0.156312
400,0,-0.404509,-0.346307,1.32394,-nan,-nan,-nan,0.859143,0.511474,0.0163808,0.15161,-0.223831,-0.962764,-0.488762,0.829635,-0.269847,103.088,8.72023,29.6353,0.584266,0.766945,0.216144,-0.153981
409,0,-0.404881,-0.346393,1.32093,-nan,-nan,-nan,0.958672,0.276506,0.0670243,0.13357,-0.2294,-0.964124,-0.25121,0.933231,-0.256852,103.384,7.67595,14.6836,0.606717,0.781813,0.13113,-0.0588972
417,0,-0.404512,-0.346074,1.31831,-nan,-nan,-nan,0.965212,0.253576,0.063757,0.118856,-0.20832,-0.970812,-0.232893,0.944617,-0.231212,102.111,6.82607,13.5654,0.617592,0.775362,0.120083,-0.0545345
426,0,-0.402554,-0.345589,1.31309,-nan,-nan,-nan,0.966657,0.254058,0.0320858,0.0754846,-0.16297,-0.983739,-0.244698,0.95336,-0.176713,99.4064,4.32907,14.2053,0.637764,0.759332,0.108498,-0.0699997
435,0,-0.402504,-0.344999,1.309,-nan,-nan,-nan,0.963471,0.264856,0.0396791,0.0854331,-0.16354,-0.98283,-0.253819,0.950319,-0.180194,99.4473,4.90093,14.7588,0.636345,0.759474,0.115306,-0.0704896
442,0,-0.40033,-0.343469,1.30141,-nan,-nan,-nan,0.968919,0.244897,0.0349366,0.0800785,-0.176881,-0.980969,-0.234057,0.953278,-0.190995,100.221,4.59308,13.5805,0.632662,0.764329,0.106295,-0.0651292
451,0,-0.396085,-0.340951,1.29014,-nan,-nan,-nan,0.968084,0.24817,0.0349953,0.0871515,-0.202423,-0.975413,-0.234984,0.947331,-0.217591,101.724,4.99976,13.6436,0.622107,0.772674,0.108494,-0.0647067
458,0,-0.393389,-0.338982,1.28288,-nan,-nan,-nan,0.962651,0.268169,0.0372732,0.0986189,-0.219094,-0.970707,-0.252147,0.938128,-0.237357,102.719,5.65964,14.6778,0.613637,0.777673,0.117912,-0.069076
467,0,-0.391617,-0.337684,1.27758,-nan,-nan,-nan,0.957332,0.285568,0.044351,0.112624,-0.227332,-0.967283,-0.266143,0.931005,-0.249795,103.226,6.46662,15.5362,0.608318,0.780138,0.127603,-0.0710745
474,0,-0.398536,-0.336164,1.28582,-nan,-nan,-nan,0.888857,0.386775,0.245641,0.345354,-0.213232,-0.913927,-0.301105,0.897183,-0.323107,103.133,20.2034,18.7141,0.581489,0.778652,0.235063,-0.0178079
483,0,-0.398263,-0.33516,1.28359,-nan,-nan,-nan,0.863693,0.424094,0.272359,0.385659,-0.208163,-0.898852,-0.324503,0.88137,-0.343345,103.039,22.6847,20.592,0.572753,0.777046,0.260523,-0.0167763
491,0,-0.3975,-0.333948,1.28034,-nan,-nan,-nan,0.855657,0.45852,0.240022,0.397824,-0.286071,-0.871722,-0.331039,0.841382,-0.427189,108.168,23.4422,21.1506,0.534415,0.801392,0.267143,-0.0283933
500,0,-0.395459,-0.332306,1.27542,-nan,-nan,-nan,0.85467,0.461029,0.238728,0.413535,-0.326519,-0.849926,-0.313891,0.825129,-0.469717,111.015,24.4271,20.1666,0.514401,0.81408,0.268574,-0.0230823
509,0,-0.393666,-0.330834,1.27016,-nan,-nan,-nan,0.861106,0.44424,0.247279,0.417958,-0.341588,-0.841801,-0.289494,0.828232,-0.479817,112.086,24.7057,18.582,0.509829,0.818919,0.263212,-0.0128875
517,0,-0.39248,-0.329658,1.26526,-nan,-nan,-nan,0.861207,0.440601,0.253363,0.42477,-0.350209,-0.83482,-0.279093,0.826574,-0.488757,112.758,25.1361,17.956,0.50553,0.82161,0.263316,-0.0078292
526,0,-0.391327,-0.329163,1.2608,-nan,-nan,-nan,0.852548,0.451061,0.264018,0.445424,-0.362791,-0.818523,-0.273421,0.81543,-0.510211,113.904,26.4505,17.7816,0.49486,0.825462,0.27151,-0.00284783
534,0,-0.393093,-0.33056,1.26157,-nan,-nan,-nan,0.8419,0.477355,0.25167,0.468697,-0.4157,-0.779434,-0.267447,0.774162,-0.573712,118.073,27.9498,17.6235,0.461651,0.841325,0.28112,-0.00468831
543,0,-0.390035,-0.328427,1.2531,0.444005,0.0561104,1.01512,0.82742,0.491268,0.272088,0.502766,-0.432147,-0.748649,-0.250205,0.756244,-0.60456,119.995,30.1831,16.8249,0.44461,0.846187,0.29368,0.00646513
552,0,-0.384906,-0.323909,1.23837,0.444005,0.0561104,1.01512,0.79599,0.553536,0.244944,0.523926,-0.427379,-0.736783,-0.303152,0.714804,-0.630201,120.116,31.596,20.8493,0.429654,0.844626,0.318917,-0.0172289
561,0,-0.378316,-0.318335,1.21909,0.444005,0.0561104,1.01512,0.754285,0.620992,0.213125,0.534624,-0.392528,-0.748397,-0.381091,0.678447,-0.628076,117.677,32.3184,26.8045,0.428276,0.8329,0.346865,-0.0504159
569,0,-0.376143,-0.321402,1.2122,0.444005,0.0561104,1.01512,0.772006,0.602097,0.20368,0.555124,-0.482611,-0.677439,-0.309586,0.636055,-0.706818,125.466,33.7193,21.8515,0.381634,0.860441,0.336229,-0.0307708
577,0,-0.37304,-0.317906,1.20179,0.444005,0.0561104,1.01512,0.80067,0.56464,0.200271,0.542955,-0.542588,-0.640936,-0.253234,0.621917,-0.741008,130.25,32.885,17.551,0.35954,0.878104,0.315337,-0.0150786
586,0,-0.372874,-0.317223,1.19683,0.444005,0.0561104,1.01512,0.812488,0.543228,0.211579,0.542521,-0.57171,-0.615483,-0.213386,0.614859,-0.75922,132.888,32.8554,14.7154,0.346972,0.886484,0.306195,-0.000509386
594,0,-0.372293,-0.311444,1.19507,0.444005,0.0561104,1.01512,0.863398,0.419977,0.279576,0.498928,-0.628446,-0.596764,-0.0749284,0.654733,-0.752137,136.481,29.9291,4.95988,0.347425,0.900553,0.255095,0.0568117
602,0,-0.372858,-0.31132,1.19885,0.444005,0.0561104,1.01512,0.883703,0.368804,0.28819,0.467071,-0.655095,-0.593881,-0.0302338,0.65942,-0.751167,137.806,27.8444,1.95948,0.345485,0.906913,0.230418,0.0711083
610,0,-0.374605,-0.31192,1.19922,0.444005,0.0561104,1.01512,0.893432,0.320478,0.31476,0.44869,-0.67002,-0.591397,0.0213657,0.669602,-0.742413,138.567,26.6597,-1.36992,0.346771,0.909102,0.211519,0.0924333
618,0,-0.369384,-0.31138,1.18358,0.444005,0.0561104,1.01512,0.863252,0.447597,0.233354,0.497767,-0.678079,-0.540774,-0.0838165,0.58298,-0.808152,141.427,29.8524,5.54569,0.30701,0.91508,0.258274,0.0408536
625,0,-0.367837,-0.311757,1.17974,0.444005,0.0561104,1.01512,0.83304,0.52128,0.185232,0.536873,-0.680996,-0.498007,-0.133459,0.514306,-0.847159,143.822,32.471,9.10186,0.276082,0.916678,0.288584,0.0141197
633,0,-0.369156,-0.311757,1.18132,0.444005,0.0561104,1.01512,0.833339,0.517398,0.194541,0.536537,-0.672481,-0.509801,-0.132945,0.529215,-0.838008,142.835,32.4482,9.06419,0.284099,0.914307,0.288179,0.0168421
642,0,-0.368396,-0.312553,1.18433,0.444005,0.0561104,1.01512,0.841676,0.510315,0.17652,0.520731,-0.680567,-0.515429,-0.142897,0.525744,-0.838554,142.861,31.3813,9.63563,0.28397,0.916624,0.281208,0.00917026
650,0,-0.367113,-0.310188,1.18469,0.444005,0.0561104,1.01512,0.870232,0.473142,0.137233,0.470099,-0.714235,-0.518532,-0.147323,0.515757,-0.843973,144.02,28.0407,9.60859,0.279295,0.925802,0.254709,-0.00272451
657,0,-0.367339,-0.310423,1.18608,0.444005,0.0561104,1.01512,0.881607,0.452795,0.133217,0.450688,-0.723773,-0.522526,-0.140178,0.520701,-0.842152,144.173,26.7878,9.03458,0.280928,0.928376,0.243296,-0.00187463
665,0,-0.368099,-0.310247,1.18592,0.444005,0.0561104,1.01512,0.878481,0.455085,0.145496,0.458353,-0.716787,-0.525479,-0.134848,0.528312,-0.838274,143.755,27.2809,8.72689,0.28435,0.926491,0.246478,0.00287306
672,0,-0.369782,-0.311569,1.1854,0.444005,0.0561104,1.01512,0.889255,0.42074,0.179453,0.449764,-0.732848,-0.510535,-0.0832912,0.534708,-0.840922,145.137,26.7286,5.35094,0.28084,0.93046,0.233891,0.0258371
681,0,-0.36903,-0.312666,1.18391,0.444005,0.0561104,1.01512,0.87558,0.443025,0.192581,0.473845,-0.710108,-0.520786,-0.0939679,0.547244,-0.831681,143.744,28.2842,6.12558,0.288873,0.924306,0.247989,0.0266723
689,0,-0.368681,-0.312778,1.18191,0.444005,0.0561104,1.01512,0.890939,0.40882,0.197722,0.445424,-0.701887,-0.555835,-0.0884583,0.583285,-0.807437,141.624,26.4505,5.67012,0.308875,0.92199,0.231631,0.029627
697,0,-0.367772,-0.31185,1.17999,0.444005,0.0561104,1.01512,0.843771,0.502884,0.187504,0.513115,-0.653422,-0.556555,-0.157363,0.565816,-0.809376,139.577,30.8715,10.5643,0.308615,0.909199,0.279367,0.00828767
705,0,-0.369419,-0.309176,1.18199,0.444005,0.0561104,1.01512,0.837802,0.514412,0.182943,0.52176,-0.655677,-0.545761,-0.160794,0.552691,-0.817727,140.227,31.4504,10.8643,0.301827,0.909836,0.284714,0.0060858
713,0,-0.369188,-0.311126,1.18622,0.444005,0.0561104,1.01512,0.820143,0.545404,0.172914,0.54896,-0.664913,-0.506492,-0.16127,0.510318,-0.844729,142.702,33.2957,11.1245,0.278613,0.912385,0.299863,0.00319035
721,0,-0.369426,-0.312811,1.1866,0.444005,0.0561104,1.01512,0.814158,0.555878,0.167768,0.56063,-0.677365,-0.47631,-0.151129,0.481847,-0.863124,144.886,34.0994,10.5159,0.261567,0.915785,0.304795,0.0045423
729,0,-0.369539,-0.314018,1.1845,0.444005,0.0561104,1.01512,0.790225,0.58123,0.194206,0.591244,-0.639766,-0.491051,-0.161167,0.502864,-0.849207,142.492,36.2453,11.5274,0.274432,0.905428,0.323735,0.00912232
737,0,-0.369295,-0.314911,1.1838,0.444005,0.0561104,1.01512,0.804895,0.555381,0.209037,0.582772,-0.673362,-0.45493,-0.111902,0.487992,-0.865645,145.957,35.6457,7.91492,0.257821,0.914317,0.311203,0.0265595
746,0,-0.369161,-0.313998,1.18327,0.444005,0.0561104,1.01512,0.814895,0.545296,0.196465,0.566473,-0.677523,-0.469117,-0.122699,0.493573,-0.861006,145.301,34.5046,8.56269,0.262853,0.915618,0.303557,0.0201411
754,0,-0.368022,-0.315055,1.1836,0.444005,0.0561104,1.01512,0.821399,0.541579,0.178874,0.556613,-0.692744,-0.458571,-0.124438,0.476234,-0.870469,146.497,33.8219,8.61453,0.25406,0.919866,0.298465,0.0147946
763,0,-0.369076,-0.314155,1.18559,0.444005,0.0561104,1.01512,0.825086,0.538299,0.171664,0.550677,-0.69815,-0.457538,-0.126445,0.47204,-0.872462,146.761,33.4135,8.71284,0.252227,0.921371,0.295477,0.0122694
771,0,-0.368665,-0.315955,1.18403,0.444005,0.0561104,1.01512,0.811031,0.551978,0.193777,0.574087,-0.687271,-0.445066,-0.11249,0.472207,-0.874281,147.074,35.0357,7.89652,0.249739,0.91823,0.306586,0.0221315
779,0,-0.368475,-0.31579,1.18301,0.444005,0.0561104,1.01512,0.803442,0.561823,0.197067,0.582306,-0.672514,-0.456776,-0.124097,0.481746,-0.867479,145.815,35.6129,8.7803,0.256636,0.914253,0.312859,0.0199536
788,0,-0.369243,-0.315594,1.18307,0.444005,0.0561104,1.01512,0.79688,0.567584,0.206957,0.58955,-0.655761,-0.471602,-0.131959,0.497822,-0.857181,144.278,36.1251,9.40256,0.266429,0.909646,0.318018,0.0206119
796,0,-0.370851,-0.314325,1.18254,0.444005,0.0561104,1.01512,0.802984,0.55249,0.223545,0.584509,-0.656708,-0.476533,-0.116475,0.513312,-0.850261,144.034,35.7683,8.25337,0.272036,0.909664,0.312478,0.0294257
804,0,-0.371041,-0.317416,1.18068,0.444005,0.0561104,1.01512,0.764175,0.596159,0.246233,0.635092,-0.628756,-0.448692,-0.112671,0.49926,-0.859095,144.488,39.4268,8.38736,0.262833,0.901669,0.341381,0.0370318
812,0,-0.372154,-0.317383,1.17947,0.444005,0.0561104,1.01512,0.754331,0.596106,0.27503,0.64802