99,0,-0.337398,-0.38728,1.45698,-nan,-nan,-nan,0.818132,0.574974,0.00798802,0.182871,-0.246988,-0.951607,-0.545177,0.780001,-0.307215,104.55,10.5371,33.6782,0.562123,0.770119,0.246016,-0.174385
107,0,-0.335796,-0.385484,1.45702,-nan,-nan,-nan,0.809904,0.586348,0.0158296,0.159407,-0.194053,-0.967953,-0.564486,0.786473,-0.250632,101.336,9.1725,34.8756,0.584213,0.750765,0.248332,-0.182699
114,0,-0.338034,-0.387711,1.46677,-nan,-nan,-nan,0.757458,0.652474,0.0231438,0.157625,-0.148357,-0.976291,-0.633571,0.743148,-0.215221,98.6406,9.06908,39.9106,0.590313,0.728189,0.278121,-0.20957
122,0,-0.336431,-0.38925,1.47281,-nan,-nan,-nan,0.741752,0.670137,0.026859,0.162166,-0.140349,-0.976732,-0.650774,0.728848,-0.212777,98.177,9.33263,41.262,0.5892,0.723685,0.287522,-0.215534
130,0,-0.32866,-0.393213,1.48632,-nan,-nan,-nan,0.740696,0.671834,0.00305556,0.144999,-0.155417,-0.977149,-0.656007,0.724213,-0.212532,99.0373,8.33724,41.5301,0.585821,0.726059,0.281256,-0.224827
138,0,-0.329065,-0.39561,1.49367,-nan,-nan,-nan,0.74691,0.663818,0.0383523,0.192447,-0.160605,-0.968075,-0.636466,0.730446,-0.247708,99.4197,11.0956,40.4354,0.578489,0.734034,0.29163,-0.203708
146,0,-0.326706,-0.398322,1.50375,-nan,-nan,-nan,0.769989,0.636793,0.0401386,0.194689,-0.174573,-0.965205,-0.607629,0.751012,-0.258396,100.252,11.2266,38.2784,0.578148,0.742118,0.280105,-0.191173
153,0,-0.327655,-0.399974,1.51024,-nan,-nan,-nan,0.781251,0.623234,0.0350212,0.191898,-0.186408,-0.963549,-0.593988,0.759495,-0.265228,100.949,11.0635,37.2459,0.576545,0.747142,0.27275,-0.187035
160,0,-0.328285,-0.401918,1.5156,-nan,-nan,-nan,0.788061,0.614622,0.0346334,0.188054,-0.186787,-0.964234,-0.586171,0.766388,-0.262781,100.963,10.8392,36.6424,0.578466,0.747935,0.268297,-0.184353
168,0,-0.327717,-0.403268,1.52062,-nan,-nan,-nan,0.789399,0.613387,0.0246104,0.174129,-0.185292,-0.967133,-0.588666,0.767739,-0.253077,100.846,10.028,36.7124,0.581169,0.746286,0.263812,-0.188954
175,0,-0.331466,-0.409165,1.5431,-nan,-nan,-nan,0.784138,0.619226,0.0410664,0.215447,-0.209572,-0.953762,-0.581988,0.756729,-0.297744,102.393,12.4418,36.5829,0.564983,0.756877,0.275696,-0.178669
182,0,-0.334259,-0.411353,1.56416,-nan,-nan,-nan,0.849007,0.524749,0.0618513,0.190907,-0.195491,-0.961945,-0.492688,0.828505,-0.266152,101.487,11.0057,30.1271,0.588932,0.760041,0.235401,-0.141715
190,0,-0.337502,-0.410082,1.57925,-nan,-nan,-nan,0.857847,0.511384,0.050836,0.175034,-0.19774,-0.964501,-0.483178,0.836293,-0.25914,101.586,10.0806,29.3902,0.591812,0.760711,0.225584,-0.142085
198,0,-0.340535,-0.417629,1.59461,-nan,-nan,-nan,0.888232,0.458401,0.0301993,0.14241,-0.212254,-0.966782,-0.436764,0.863028,-0.253811,102.383,8.18734,26.1844,0.596273,0.767186,0.195784,-0.132486
205,0,-0.342276,-0.420052,1.60413,-nan,-nan,-nan,0.905615,0.423024,0.0302068,0.131539,-0.212458,-0.968276,-0.403186,0.880859,-0.248049,102.376,7.55852,23.999,0.601063,0.76911,0.180261,-0.121237
213,0,-0.344839,-0.42313,1.6155,-nan,-nan,-nan,0.923193,0.383196,0.0295882,0.121646,-0.218304,-0.968269,-0.364577,0.897499,-0.248151,102.705,6.98708,21.5495,0.603477,0.772924,0.163289,-0.108351
221,0,-0.346831,-0.425486,1.62482,-nan,-nan,-nan,0.93001,0.366317,0.0298773,0.116595,-0.216965,-0.969191,-0.348549,0.904841,-0.244491,102.618,6.69565,20.545,0.60592,0.773218,0.156137,-0.103034
229,0,-0.349107,-0.428048,1.6347,-nan,-nan,-nan,0.934754,0.354029,0.0299854,0.11454,-0.220379,-0.968666,-0.336328,0.908899,-0.24655,102.817,6.57707,19.7889,0.605769,0.774868,0.151177,-0.0988369
237,0,-0.357487,-0.432603,1.65168,-nan,-nan,-nan,0.959279,0.279573,0.0402762,0.103568,-0.215481,-0.971,-0.262787,0.935632,-0.235661,102.512,5.94469,15.3199,0.614031,0.776277,0.123391,-0.0716597
244,0,-0.368034,-0.436008,1.66464,-nan,-nan,-nan,0.986463,0.156755,0.0481417,0.0834553,-0.227204,-0.970265,-0.141156,0.961148,-0.23721,103.179,4.7872,8.14335,0.616857,0.782764,0.0767187,-0.029707
252,0,-0.370122,-0.438204,1.67228,-nan,-nan,-nan,0.993749,0.103264,0.0424118,0.0665787,-0.243278,-0.967669,-0.0896079,0.964444,-0.248633,104.112,3.8175,5.15252,0.612748,0.788299,0.0538638,-0.0149677
259,0,-0.370886,-0.439877,1.6793,-nan,-nan,-nan,0.997082,0.0675576,0.0355501,0.0511359,-0.24528,-0.968103,-0.0566829,0.967095,-0.248019,104.217,2.93115,3.2537,0.613144,0.789047,0.0376066,-0.00669569
267,0,-0.371808,-0.441705,1.68633,-nan,-nan,-nan,0.998757,0.0337765,0.0366447,0.0438849,-0.247599,-0.967868,-0.023618,0.968274,-0.248774,104.35,2.51522,1.35464,0.612859,0.789799,0.0245826,0.00412344
274,0,-0.372994,-0.443016,1.69277,-nan,-nan,-nan,0.999348,0.0107305,0.0344846,0.0360638,-0.245405,-0.96875,-0.00193244,0.969361,-0.245632,104.215,2.06675,0.110793,0.614066,0.789048,0.0148262,0.0103137
282,0,-0.374815,-0.445217,1.70062,-nan,-nan,-nan,0.99929,-0.0199587,0.0319684,0.0259698,-0.250037,-0.967888,0.027311,0.968031,-0.249341,104.485,1.48813,-1.56553,0.612354,0.790359,0.0019014,0.0187508
288,0,-0.376088,-0.448006,1.70717,-nan,-nan,-nan,0.999371,-0.0222933,0.0275894,0.0207414,-0.263685,-0.964386,0.0287742,0.964351,-0.263057,105.292,1.18848,-1.64922,0.60676,0.794688,-0.000488189,0.0177314
296,0,-0.377567,-0.449423,1.71193,-nan,-nan,-nan,0.998981,-0.0296102,0.034063,0.0248282,-0.269729,-0.962616,0.037691,0.962481,-0.268719,105.653,1.4227,-2.16072,0.604263,0.796465,-0.00150101,0.0225227
303,0,-0.382234,-0.450847,1.73026,-nan,-nan,-nan,0.998429,0.0399877,0.0392425,0.0475739,-0.235139,-0.970797,-0.0295925,0.971139,-0.236672,103.616,2.72681,1.69769,0.617782,0.78585,0.0278557,0.00306994
310,0,-0.384497,-0.452401,1.73929,-nan,-nan,-nan,0.9977,0.0468793,0.0489508,0.0584389,-0.229144,-0.971637,-0.0343329,0.972263,-0.231356,103.27,3.35021,1.97089,0.619919,0.783933,0.0335865,0.00466172
318,0,-0.390207,-0.457204,1.75742,-nan,-nan,-nan,0.997105,0.0356404,0.0671616,0.0739966,-0.251846,-0.964934,-0.0174762,0.967111,-0.253755,104.628,4.24357,1.00412,0.610636,0.790997,0.0346515,0.0157034
326,0,-0.386214,-0.45852,1.7691,-nan,-nan,-nan,0.999342,-0.0361417,0.00317176,-0.00653456,-0.265297,-0.964145,0.0356873,0.963489,-0.265359,105.385,-0.374406,-2.04521,0.605947,0.795298,-0.0134152,0.0122153
333,0,-0.386986,-0.460616,1.77769,-nan,-nan,-nan,0.996378,-0.0849222,0.00426233,-0.0179745,-0.259357,-0.965614,0.0831076,0.962041,-0.259945,105.034,-1.02992,-4.76798,0.607675,0.793045,-0.0324372,0.0275425
341,0,-0.388996,-0.462945,1.78744,-nan,-nan,-nan,0.994374,-0.104021,0.0199999,-0.00765269,-0.258863,-0.965884,0.105649,0.960296,-0.258203,105.003,-0.438471,-6.06475,0.607723,0.792376,-0.0352338,0.0396432
349,0,-0.39219,-0.46576,1.79791,-nan,-nan,-nan,0.992505,-0.119263,0.0266458,-0.00610989,-0.2662,-0.963898,0.122051,0.956511,-0.264934,105.439,-0.350073,-7.01061,0.604436,0.794298,-0.0394604,0.0468013
357,0,-0.396001,-0.469637,1.8109,-nan,-nan,-nan,0.991149,-0.130516,0.0242873,-0.0137087,-0.282588,-0.959143,0.132047,0.950321,-0.281876,106.416,-0.785477,-7.58862,0.597219,0.799314,-0.045109,0.0488964
365,0,-0.415573,-0.472216,1.81999,-nan,-nan,-nan,0.983235,-0.182297,-0.00418629,-0.0590509,-0.296607,-0.953172,0.172519,0.937439,-0.302399,107.285,-3.38534,-9.95185,0.588266,0.803468,-0.0750958,0.0523769
373,0,-0.431853,-0.472625,1.82291,-nan,-nan,-nan,0.984859,-0.173354,0.00062407,-0.0542338,-0.311528,-0.948688,0.164654,0.934291,-0.316213,108.179,-3.10889,-9.49121,0.582477,0.808177,-0.0704017,0.0511267
381,0,-0.447268,-0.461802,1.82933,-nan,-nan,-nan,0.982251,-0.183335,-0.0396326,-0.0922953,-0.288466,-0.953031,0.163292,0.939774,-0.300268,106.84,-5.29567,-9.43866,0.590237,0.801715,-0.0859504,0.0385608
389,0,-0.460506,-0.452267,1.82916,-nan,-nan,-nan,0.978119,-0.190055,-0.0846353,-0.138157,-0.289198,-0.947247,0.155553,0.938213,-0.309128,106.978,-7.94122,-9.03622,0.587323,0.802565,-0.102238,0.0220908
397,0,-0.469136,-0.43875,1.82539,-nan,-nan,-nan,0.974604,-0.18816,-0.121422,-0.17387,-0.294108,-0.939824,0.141126,0.937068,-0.319354,107.377,-10.0129,-8.23935,0.58334,0.804373,-0.112519,0.00612398
404,0,-0.470893,-0.429879,1.82238,-nan,-nan,-nan,0.983672,-0.163761,-0.0746456,-0.123638,-0.313505,-0.941503,0.13078,0.935359,-0.328633,108.417,-7.10209,-7.57308,0.579123,0.810218,-0.0886794,0.0173206
412,0,-0.470129,-0.430865,1.824,-nan,-nan,-nan,0.984476,-0.16073,-0.0705146,-0.118979