127,0,-0.334834,-0.387238,1.45479,-nan,-nan,-nan,0.848959,0.527279,0.035292,0.186652,-0.236705,-0.953484,-0.494398,0.816056,-0.29937,103.942,10.7575,30.2147,0.572906,0.772178,0.231142,-0.14864
135,0,-0.328482,-0.39647,1.45962,-nan,-nan,-nan,0.804523,0.58892,0.0769178,0.201314,-0.14856,-0.968196,-0.558763,0.79442,-0.238078,98.7234,11.6138,34.781,0.595375,0.740128,0.266924,-0.162757
144,0,-0.32691,-0.394824,1.46079,-nan,-nan,-nan,0.79383,0.602244,0.0844685,0.189588,-0.113104,-0.975328,-0.577832,0.790259,-0.203963,96.6147,10.9287,36.051,0.607611,0.726446,0.272502,-0.169787
153,0,-0.315789,-0.39351,1.45889,-nan,-nan,-nan,0.764748,0.636493,0.100186,0.223664,-0.116416,-0.967689,-0.604264,0.762446,-0.23139,96.8599,12.9243,38.3139,0.595177,0.726731,0.295899,-0.173406
162,0,-0.314906,-0.39284,1.4567,-nan,-nan,-nan,0.739206,0.665264,0.104872,0.234521,-0.108298,-0.96606,-0.631327,0.738712,-0.236073,96.3963,13.5634,40.4994,0.590516,0.72173,0.311677,-0.182359
171,0,-0.315366,-0.392311,1.45417,-nan,-nan,-nan,0.709757,0.693464,0.123904,0.253613,-0.0874477,-0.963345,-0.65721,0.715165,-0.237938,95.1868,14.6914,42.7986,0.588297,0.713292,0.331939,-0.186917
179,0,-0.314283,-0.391891,1.45049,-nan,-nan,-nan,0.69442,0.704453,0.146722,0.268483,-0.0644786,-0.961124,-0.667606,0.706816,-0.233909,93.838,15.574,43.8722,0.590769,0.705834,0.344605,-0.184493
188,0,-0.312526,-0.39142,1.44873,-nan,-nan,-nan,0.6807,0.721289,0.12802,0.258932,-0.0734226,-0.963101,-0.685275,0.688731,-0.236743,94.3595,15.0067,45.1919,0.585349,0.70549,0.347355,-0.197471
196,0,-0.312133,-0.392312,1.44777,-nan,-nan,-nan,0.643104,0.753747,0.135213,0.281057,-0.0680767,-0.957274,-0.712337,0.653629,-0.255626,94.0678,16.3233,47.924,0.574326,0.701214,0.368933,-0.205759
204,0,-0.312136,-0.39225,1.44418,-nan,-nan,-nan,0.618305,0.767618,0.168709,0.317732,-0.0477999,-0.946975,-0.71885,0.639123,-0.273452,92.8896,18.5258,49.3002,0.569441,0.69634,0.389662,-0.197512
213,0,-0.310241,-0.392016,1.43952,-nan,-nan,-nan,0.584238,0.788111,0.193771,0.345352,-0.0253588,-0.938131,-0.734437,0.615011,-0.286991,91.5484,20.2033,51.4981,0.56389,0.688583,0.41152,-0.196297
221,0,-0.306656,-0.389965,1.43188,-nan,-nan,-nan,0.609406,0.777938,0.153092,0.314038,-0.0595367,-0.947542,-0.728014,0.625514,-0.280584,93.5953,18.3027,50.068,0.563313,0.698127,0.391038,-0.20588
230,0,-0.299869,-0.385378,1.41508,-nan,-nan,-nan,0.69121,0.718857,0.0739773,0.271715,-0.16367,-0.948358,-0.669626,0.675615,-0.308455,99.7918,15.7664,44.0913,0.552061,0.735414,0.33674,-0.202488
238,0,-0.300242,-0.383996,1.40853,-nan,-nan,-nan,0.707978,0.702099,0.0763164,0.273932,-0.1734,-0.945988,-0.650944,0.690644,-0.315091,100.387,15.8984,42.5967,0.552152,0.741024,0.329284,-0.193863
247,0,-0.298634,-0.382595,1.40013,-nan,-nan,-nan,0.714803,0.694824,0.0792261,0.280135,-0.180689,-0.942802,-0.640766,0.696112,-0.323801,100.849,16.2683,41.8738,0.550071,0.744865,0.327227,-0.18847
256,0,-0.295943,-0.379514,1.38591,-nan,-nan,-nan,0.747782,0.658981,0.0810369,0.280518,-0.202952,-0.938147,-0.601774,0.724262,-0.33662,102.207,16.2911,38.8252,0.549593,0.7562,0.310599,-0.172156
264,0,-0.292092,-0.374893,1.36786,-nan,-nan,-nan,0.782549,0.61809,0.0747117,0.262645,-0.218939,-0.939725,-0.564478,0.755004,-0.333668,103.115,15.227,35.8041,0.554514,0.764061,0.288176,-0.160251
273,0,-0.288989,-0.370522,1.3524,-nan,-nan,-nan,0.818676,0.569096,0.0768076,0.238145,-0.214748,-0.947191,-0.522548,0.793733,-0.311337,102.774,13.7771,32.5495,0.568461,0.765631,0.263587,-0.145547
281,0,-0.285923,-0.366477,1.33662,-nan,-nan,-nan,0.845109,0.530327,0.0674043,0.201955,-0.19997,-0.958763,-0.494979,0.823872,-0.276099,101.781,11.6513,30.3574,0.58503,0.761771,0.240323,-0.140323
289,0,-0.283228,-0.362752,1.32603,-nan,-nan,-nan,0.859794,0.506965,0.061162,0.182193,-0.192668,-0.964202,-0.477033,0.840158,-0.25802,101.3,10.4975,29.0225,0.593529,0.760013,0.226693,-0.136797
298,0,-0.281671,-0.360298,1.31694,-nan,-nan,-nan,0.879558,0.472946,0.0519621,0.16643,-0.203512,-0.964823,-0.445735,0.857266,-0.257713,101.911,9.5803,26.8746,0.595469,0.764981,0.208952,-0.128687
307,0,-0.281219,-0.359616,1.31415,-nan,-nan,-nan,0.902942,0.427241,0.0464873,0.152073,-0.216464,-0.964374,-0.401957,0.877843,-0.260426,102.651,8.74709,23.9969,0.597087,0.771335,0.187763,-0.115213
315,0,-0.279988,-0.35939,1.30956,-nan,-nan,-nan,0.917407,0.391267,0.0726232,0.176636,-0.236836,-0.955358,-0.3566,0.88928,-0.286387,103.923,10.1739,21.2413,0.590378,0.781126,0.181758,-0.0908871
324,0,-0.278158,-0.35779,1.29903,-nan,-nan,-nan,0.919896,0.382535,0.0863595,0.194009,-0.252538,-0.947937,-0.34081,0.888758,-0.306524,104.918,11.1868,20.3291,0.583274,0.787235,0.183091,-0.0808052
332,0,-0.278696,-0.356805,1.29469,-nan,-nan,-nan,0.929032,0.356693,0.0983344,0.19545,-0.247443,-0.948985,-0.314164,0.900856,-0.299598,104.614,11.271,18.6836,0.587791,0.786777,0.175444,-0.0685803
341,0,-0.276867,-0.357276,1.29471,-nan,-nan,-nan,0.921998,0.382636,0.059244,0.176202,-0.278389,-0.944168,-0.34478,0.880959,-0.324095,106.428,10.1486,20.5032,0.57435,0.794431,0.175861,-0.0898554
349,0,-0.277832,-0.359992,1.30009,-nan,-nan,-nan,0.895039,0.441981,0.0596481,0.21028,-0.300269,-0.930387,-0.393303,0.845276,-0.361692,107.887,12.1388,23.7219,0.55522,0.799531,0.203951,-0.104328
358,0,-0.276481,-0.357027,1.29223,-nan,-nan,-nan,0.898199,0.436293,0.0537398,0.192389,-0.280233,-0.940455,-0.395254,0.855055,-0.335643,106.593,11.0922,23.752,0.566199,0.792792,0.198249,-0.107694
366,0,-0.275401,-0.3539,1.28473,-nan,-nan,-nan,0.912461,0.407448,0.037421,0.144919,-0.236297,-0.960813,-0.382639,0.882128,-0.274659,103.817,8.3326,22.7506,0.591926,0.778366,0.177412,-0.110879
375,0,-0.2746,-0.351101,1.27659,-nan,-nan,-nan,0.923077,0.383382,0.0307841,0.110576,-0.187872,-0.975949,-0.368378,0.90428,-0.215813,100.896,6.34853,21.7557,0.616318,0.762686,0.161914,-0.110659
383,0,-0.274526,-0.349352,1.26809,-nan,-nan,-nan,0.924207,0.379515,0.0425299,0.115058,-0.170527,-0.978612,-0.364146,0.909334,-0.201269,99.8848,6.60699,21.5049,0.622979,0.757628,0.163198,-0.106126
392,0,-0.272049,-0.347412,1.25844,-nan,-nan,-nan,0.915759,0.399041,0.0463809,0.128298,-0.181098,-0.975061,-0.380689,0.898871,-0.217039,100.522,7.37123,22.5731,0.615959,0.760575,0.173335,-0.109887
400,0,-0.268924,-0.344733,1.2461,-nan,-nan,-nan,0.908037,0.4156,0.0524089,0.155992,-0.219375,-0.963089,-0.388762,0.882696,-0.264031,102.832,8.97435,23.1775,0.596789,0.773215,0.18481,-0.108752
408,0,-0.268088,-0.342931,1.24629,-nan,-nan,-nan,0.93353,0.341004,0.110629,0.167942,-0.143343,-0.97532,-0.31673,0.929069,-0.191084,98.3609,9.66818,18.7412,0.632278,0.752987,0.168976,-0.068428
417,0,-0.269948,-0.3463,1.26143,-nan,-nan,-nan,0.891006,0.452172,0.0406123,0.132343,-0.173124,-0.975968,-0.434275,0.874968,-0.214096,100.059,7.60498,25.9845,0.613145,0.75469,0.193628,-0.130405
426,0,-0.25828,-0.340315,1.22504,-nan,-nan,-nan,0.927584,0.355802,0.113988,0.202213,-0.221557,-0.953951,-0.314163,0.907919,-0.27746,103.075,11.6664,18.7107,0.597613,0.778878,0.179108,-0.064251
435,0,-0.256589,-0.338307,1.21914,-nan,-nan,-nan,0.926631,0.356098,0.120621,0.218557,-0.249139,-0.943484,-0.305922,0.900624,-0.308688,104.792,12.6243,18.2703,0.584979,0.788108,0.182289,-0.0587803
443,0,-0.256373,-0.337431,1.21528,-nan,-nan,-nan,0.926352,0.365275,0.0919031,0.19859,-0.266322,-0.943205,-0.320054,0.89199,-0.319247,105.767,11.4545,19.06,0.578961,0.792452,0.177886,-0.0719761
452,0,-0.255977,-0.336369,1.2118,-nan,-nan,-nan,0.924897,0.37777,0.0430672,0.153712,-0.267905,-0.951104,-0.347761,0.886294,-0.305852,105.731,8.84211,20.6063,0.581193,0.790357,0.168115,-0.0963787
460,0,-0.25352,-0.336348,1.20602,-nan,-nan,-nan,0.925348,0.367539,0.09298,0.210821,-0.295019,-0.931943,-0.315095,0.881974,-0.35048,107.566,12.1705,18.8045,0.565652,0.801693,0.180356,-0.0692642
468,0,-0.25413,-0.33822,1.21255,-nan,-nan,-nan,0.94075,0.302673,0.152899,0.244836,-0.294307,-0.923817,-0.234615,0.906517,-0.350975,107.671,14.1722,14.0034,0.569093,0.804057,0.170233,-0.0254073
477,0,-0.252859,-0.337249,1.20758,-nan,-nan,-nan,0.919887,0.370517,0.128551,0.248139,-0.296036,-0.922383,-0.303703,0.880386,-0.364259,107.794,14.3674,18.2708,0.561158,0.803147,0.192572,-0.0545206
485,0,-0.251884,-0.336257,1.20423,-nan,-nan,-nan,0.917372,0.37809,0.124403,0.246193,-0.293407,-0.923743,-0.312758,0.878043,-0.362247,107.621,14.2523,18.8257,0.561631,0.802033,0.194594,-0.0587118
494,0,-0.250274,-0.334502,1.19835,-nan,-nan,-nan,0.907851,0.397842,0.132392,0.262286,-0.292503,-0.919591,-0.327127,0.869577,-0.369898,107.645,15.2058,19.8157,0.557999,0.8016,0.205878,-0.060733
502,0,-0.249301,-0.337505,1.20732,-nan,-nan,-nan,0.918991,0.386567,0.077595,0.218265,-0.334891,-0.916629,-0.328352,0.85931,-0.392136,110.07,12.6071,19.6616,0.545886,0.813329,0.185912,-0.0770774
511,0,-0.249935,-0.338393,1.20912,-nan,-nan,-nan,0.913553,0.401749,0.0633934,0.221711,-0.361238,-0.905733,-0.340977,0.84149,-0.419082,111.744,12.8095,20.4677,0.532267,0.820651,0.189928,-0.0845621
519,0,-0.246296,-0.331407,1.18059,-nan,-nan,-nan,0.941257,0.282586,0.184878,0.269442,-0.29846,-0.915599,-0.203557,0.911629,-0.357069,108.055,15.6311,12.2029,0.56695,0.805727,0.171283,-0.00579566
528,0,-0.24319,-0.326643,1.16522,-nan,-nan,-nan,0.910134,0.354231,0.214888,0.305612,-0.223788,-0.925484,-0.279746,0.907986,-0.311935,103.594,17.795,17.0858,0.586176,0.781962,0.210958,-0.0207357
536,0,-0.238816,-0.319037,1.14444,-nan,-nan,-nan,0.872542,0.451947,0.185514,0.263032,-0.114599,-0.957957,-0.411686,0.884653,-0.218869,96.8218,15.2501,25.2591,0.620297,0.742632,0.240691,-0.0761388
545,0,-0.235146,-0.316517,1.13268,-nan,-nan,-nan,0.847188,0.498745,0.183102,0.281523,-0.129132,-0.950826,-0.450575,0.857075,-0.249807,97.7341,16.3511,28.0062,0.605856,0.746011,0.26148,-0.0896345
553,0,-0.235409,-0.315087,1.12986,-nan,-nan,-nan,0.895946,0.434112,0.0939491,0.159306,-0.11663,-0.980316,-0.41461,0.893277,-0.173651,96.7847,9.16664,24.8329,0.633574,0.739295,0.200671,-0.108435
561,0,-0.234959,-0.316775,1.12904,-nan,-nan,-nan,0.916299,0.398516,0.0397612,0.0909081,-0.110274,-0.989735,-0.390041,0.910508,-0.137272,96.3575,5.21585,23.058,0.645901,0.735501,0.166357,-0.119062
570,0,-0.234765,-0.316595,1.12884,-nan,-nan,-nan,0.914511,0.403596,0.0279138,0.0779504,-0.108082,-0.991081,-0.39698,0.908531,-0.130303,96.2238,4.47077,23.4652,0.647326,0.733638,0.164096,-0.125766
578,0,-0.232495,-0.316655,1.13177,-nan,-nan,-nan,0.91212,0.407006,0.0488189,0.0889745,-0.0803146,-0.992791,-0.40015,0.909888,-0.10947,94.625,5.10461,23.6872,0.656189,0.724897,0.171052,-0.121166
586,0,-0.231431,-0.314543,1.12206,-nan,-nan,-nan,0.882481,0.469269,0.0318385,0.0842254,-0.0910668,-0.992277,-0.462745,0.878347,-0.119889,95.2437,4.83148,27.6711,0.646437,0.723436,0.191273,-0.14891
595,0,-0.2303,-0.313033,1.11574,-nan,-nan,-nan,0.855647,0.516879,0.0265485,0.092798,-0.10275,-0.990369,-0.509173,0.84987,-0.135883,95.9232,5.3246,30.7558,0.635809,0.723581,0.210646,-0.166748
603,0,-0.229219,-0.31092,1.10828,-nan,-nan,-nan,0.845016,0.533385,0.03806,0.106041,-0.097383,-0.989582,-0.524121,0.840248,-0.138851,95.6203,6.08713,31.8093,0.634189,0.721327,0.221614,-0.168461
611,0,-0.227782,-0.307697,1.09546,-nan,-nan,-nan,0.877468,0.478893,0.0266654,0.0981661,-0.124894,-0.987302,-0.469481,0.868944,-0.156602,97.2097,5.63358,28.1486,0.631659,0.734671,0.196366,-0.150685
620,0,-0.225088,-0.304761,1.08636,-nan,-nan,-nan,0.903793,0.426576,0.0345136,0.102716,-0.137922,-0.985103,-0.415461,0.893874,-0.168469,97.9701,5.89557,24.6876,0.631942,0.743334,0.178013,-0.128121
628,0,-0.224416,-0.302152,1.07492,-nan,-nan,-nan,0.970762,0.23865,0.0258359,0.0680479,-0.170379,-0.983026,-0.230197,0.956042,-0.181637,99.8329,3.90187,13.3402,0.63615,0.762033,0.100618,-0.0670447
637,0,-0.221678,-0.300063,1.07023,-nan,-nan,-nan,0.939099,0.339354,0.0541427,0.113393,-0.157275,-0.981023,-0.324399,0.927417,-0.186177,99.108,6.51095,19.0568,0.631594,0.755406,0.149836,-0.0894409
646,0,-0.218197,-0.29656,1.05594,-nan,-nan,-nan,0.934974,0.348567,0.0657642,0.136099,-0.181305,-0.973964,-0.327568,0.919581,-0.216955,100.545,7.82218,19.3079,0.619821,0.763746,0.158648,-0.0856973
654,0,-0.215865,-0.294289,1.04717,-nan,-nan,-nan,0.913336,0.399078,0.0809556,0.164231,-0.179085,-0.970029,-0.37262,0.899258,-0.229106,100.46,9.45258,22.1943,0.613422,0.761828,0.184855,-0.0957119
663,0,-0.21103,-0.287941,1.01831,-nan,-nan,-nan,0.969559,0.204551,0.134588,0.184661,-0.249881,-0.950505,-0.160796,0.946424,-0.280047,104.729,10.6414,9.41646,0.599923,0.790488,0.123092,-0.0082884
671,0,-0.207,-0.285445,1.01047,-nan,-nan,-nan,0.963181,0.23338,0.133479,0.189776,-0.238499,-0.95242,-0.190441,0.942684,-0.274007,104.059,10.9397,11.1843,0.60222,0.786716,0.134469,-0.0181012
680,0,-0.205726,-0.283866,0.990405,-nan,-nan,-nan,0.944701,0.286394,0.159745,0.233879,-0.246947,-0.940382,-0.229872,0.92574,-0.300273,104.714,13.5255,13.6759,0.591076,0.789291,0.164791,-0.0222119
689,0,-0.20249,-0.280138,0.978682,-nan,-nan,-nan,0.946226,0.290558,0.142242,0.21623,-0.240992,-0.946133,-0.240627,0.926013,-0.29086,104.29,12.4877,14.268,0.594637,0.787095,0.160968,-0.0312492
697,0,-0.200694,-0.278708,0.970832,-nan,-nan,-nan,0.936875,0.321584,0.137295,0.226434,-0.258771,-0.939024,-0.266447,0.910836,-0.315254,105.407,13.0872,15.8757,0.583706,0.792291,0.172922,-0.0407525
705,0,-0.198918,-0.277555,0.966355,-nan,-nan,-nan,0.926218,0.33916,0.164591,0.261063,-0.262076,-0.929065,-0.271966,0.903486,-0.331282,105.753,15.1331,16.3638,0.577248,0.793659,0.189068,-0.0338228
714,0,-0.199132,-0.277657,0.966895,-nan,-nan,-nan,0.925125,0.334558,0.179484,0.276677,-0.270357,-0.922148,-0.259987,0.902761,-0.342679,106.34,16.062,15.6969,0.572732,0.79658,0.191831,-0.0252652
722,0,-0.19462,-0.273226,0.955615,-nan,-nan,-nan,0.913959,0.328623,0.238087,0.327793,-0.251975,-0.910527,-0.239229,0.910228,-0.338016,105.469,19.1349,14.6681,0.575319,0.791194,0.207413,-0.000360825
731,0,-0.194732,-0.27661,0.952619,-nan,-nan,-nan,0.892598,0.404894,0.198319,0.329869,-0.286646,-0.899455,-0.307336,0.868271,-0.389422,107.676,19.2609,18.9994,0.551482,0.801353,0.229226,-0.0340103
740,0,-0.189028,-0.270428,0.930312,-nan,-nan,-nan,0.857849,0.46553,0.217662,0.367965,-0.260754,-0.89253,-0.358743,0.845748,-0.394986,106.286,21.5902,22.6941,0.548204,0.792715,0.262861,-0.0444929
748,0,-0.185948,-0.26696,0.917408,-nan,-nan,-nan,0.809239,0.544233,0.221229,0.399975,-0.234582,-0.885997,-0.430293,0.80547,-0.407513,104.83,23.5766,28.0007,0.540172,0.782837,0.301534,-0.0667649
756,0,-0.18323,-0.26515,0.908272,-nan,-nan,-nan,0.753393,0.609622,0.246496,0.458374,-0.218102,-0.861583,-0.471479,0.762097,-0.443751,104.205,27.2823,32.0386,0.522384,0.777053,0.343605,-0.0723835
765,0,-0.181556,-0.263823,0.90171,-nan,-nan,-nan,0.730972,0.639308,0.238673,0.458915,-0.201675,-0.865289,-0.505052,0.742033,-0.440806,103.12,27.3171,34.6418,0.521654,0.770301,0.356427,-0.0864526
774,0,-0.179379,-0.262347,0.892987,-nan,-nan,-nan,0.713342,0.65818,0.240713,0.450048,-0.16693,-0.877263,-0.537215,0.734121,-0.415291,100.774,26.7468,36.9833,0.531771,0.757556,0.365725,-0.0978483
782,0,-0.178186,-0.260608,0.887329,-nan,-nan,-nan,0.70354,0.669491,0.238354,0.445744,-0.1545,-0.881727,-0.553483,0.726575,-0.407119,99.9387,26.471,38.1925,0.534304,0.752522,0.370499,-0.104691
790,0,-0.178581,-0.261987,0.884689,-nan,-nan,-nan,0.697416,0.682657,0.218151,0.468852,-0.204388,-0.859304,-0.542023,0.701573,-0.462608,103.379,27.9598,37.8539,0.507548,0.768832,0.374434,-0.105313
798,0,-0.177789,-0.26081,0.883866,-nan,-nan,-nan,0.7069,0.666022,0.238133,0.489692,-0.217897,-0.844229,-0.510387,0.713398,-0.480176,104.472,29.3203,35.8296,0.502202,0.775399,0.372619,-0.0877786
807,0,-0.177247,-0.260361,0.875897,-nan,-nan,-nan,0.695578,0.690872,0.197147,0.463622,-0.222006,-0.857769,-0.548841,0.688047,-0.474726,104.511,27.6211,38.275,0.499711,0.773355,0.37321,-0.113691
816,0,-0.177308,-0.261968,0.87964,-nan,-nan,-nan,0.71378,0.666967,0.213713,0.482322,-0.246861,-0.840491,-0.507823,0.703004,-0.497897,106.368,28.8372,35.4302,0.492195,0.783986,0.366489,-0.0937867
824,0,-0.176557,-0.259638,0.873309,-nan,-nan,-nan,0.677847,0.704454,0.210401,0.499171,-0.230872,-0.83518,-0.53977,0.671151,-0.508139,105.453,29.9452,38.5304,0.484468,0.777312,0.387111,-0.105932
832,0,-0.176356,-0.259898,0.874701,-nan,-nan,-nan,0.659159,0.716049,0.229747,0.526236,-0.220966,-0.821127,-0.537201,0.662154,-0.522462,105.062,31.7515,39.1793,0.478469,0.775014,0.40073,-0.099177
841,0,-0.175866,-0.26136,0.878343,-nan,-nan,-nan,0.583187,0.76689,0.267904,0.576608,-0.15849,-0.801501,-0.572203,0.6219,-0.534624,101.185,35.2123,44.4554,0.471718,0.754371,0.445238,-0.100846
849,0,-0.176371,-0.261521,0.879702,-nan,-nan,-nan,0.581047,0.770191,0.26304,0.582987,-0.168355,-0.794848,-0.567901,0.615193,-0.546833,101.959,35.6609,44.3445,0.465258,0.757667,0.446495,-0.100592
858,0,-0.175942,-0.261233,0.879775,-nan,-nan,-nan,0.536998,0.796236,0.278641,0.613931,-0.142342,-0.776419,-0.578551,0.588002,-0.565272,100.389,37.8743,47.1332,0.455353,0.749101,0.47062,-0.10009
867,0,-0.175363,-0.261193,0.873394,-nan,-nan,-nan,0.424963,0.865614,0.2648,0.643687,-0.0832917,-0.760743,-0.636454,0.493736,-0.59258,96.2483,40.0673,56.2688,0.43275,0.724713,0.520655,-0.128207
875,0,-0.17489,-0.260525,0.872067,-nan,-nan,-nan,0.393297,0.878507,0.271188,0.673156,-0.0742392,-0.735765,-0.626242,0.471926,-0.62057,95.7617,42.3111,57.8701,0.417878,0.722514,0.536897,-0.122854
883,0,-0.173773,-0.260302,0.869841,-nan,-nan,-nan,0.362974,0.887064,0.285251,0.707652,-0.0632673,-0.703723,-0.6062,0.457291,-0.650697,95.1373,45.0442,59.0881,0.402806,0.720579,0.553275,-0.111351
892,0,-0.174982,-0.260384,0.864195,-nan,-nan,-nan,0.287862,0.928817,0.233311,0.729426,-0.0547884,-0.681862,-0.620542,0.366465,-0.693275,94.5939,46.8383,65.114,0.367355,0.713429,0.581082,-0.135694
900,0,-0.174409,-0.260266,0.862703,-nan,-nan,-nan,0.259922,0.936347,0.235995,0.746476,-0.0398065,-0.66422,-0.612547,0.348811,-0.709308,93.4296,48.286,67.007,0.357354,0.708702,0.593628,-0.132831
908,0,-0.172492,-0.25968,0.862471,-nan,-nan,-nan,0.241248,0.930674,0.275037,0.778181,-0.0161791,-0.627831,-0.579857,0.365492,-0.728136,91.4762,51.0943,67.4104,0.352467,0.70455,0.606364,-0.108161
917,0,-0.17119,-0.259091,0.860025,-nan,-nan,-nan,0.225165,0.926559,0.301312,0.791076,0.00667455,-0.611682,-0.56877,0.37609,-0.731476,89.3748,52.2862,68.4023,0.353682,0.698206,0.615017,-0.0957662
925,0,-0.16719,-0.255712,0.847325,-nan,-nan,-nan,0.21177,0.918534,0.333838,0.799242,0.0338222,-0.600057,-0.562465,0.393892,-0.726968,86.7739,53.0577,69.3685,0.360078,0.690093,0.622298,-0.0828243
933,0,-0.165765,-0.25216,0.837055,-nan,-nan,-nan,0.147217,0.936423,0.318494,0.822139,0.0631789,-0.56577,-0.549923,0.345138,-0.760569,83.6282,55.2995,75.0131,0.335346,0.679082,0.647405,-0.085199
941,0,-0.16426,-0.250104,0.826077,-nan,-nan,-nan,0.133632,0.950371,0.280959,0.823399,0.0512943,-0.565139,-0.551504,0.306862,-0.77568,84.8138,55.4265,76.3795,0.319862,0.681546,0.650643,-0.0992394
949,0,-0.162699,-0.251986,0.824756,-nan,-nan,-nan,0.0650074,0.95124,0.301524,0.838236,0.111889,-0.533705,-0.541418,0.287443,-0.79009,78.1596,56.9543,83.1534,0.310969,0.660153,0.677675,-0.090848
957,0,-0.161461,-0.249078,0.816576,-nan,-nan,-nan,0.0433513,0.958083,0.283192,0.848368,0.114399,-0.516899,-0.527629,0.262659,-0.807848,77.5206,58.0346,85.303,0.295763,0.658939,0.685364,-0.0927391
966,0,-0.158296,-0.242751,0.796196,-nan,-nan,-nan,0.148771,0.963142,0.224108,0.825963,0.00358576,-0.563713,-0.543739,0.268969,-0.794986,89.6355,55.6862,74.698,0.298902,0.69645,0.642223,-0.114736
974,0,-0.154289,-0.242526,0.782388,-nan,-nan,-nan,0.148369,0.955829,0.253728,0.847206,0.00949567,-0.53118,-0.510126,0.29377,-0.808375,88.9759,57.909,73.7831,0.295588,0.697719,0.646046,-0.0918702
982,0,-0.15301,-0.240612,0.775902,-nan,-nan,-nan,0.141557,0.959436,0.243811,0.862592,0.00128936,-0.505899,-0.485692,0.281923,-0.82742,89.854,59.6089,73.751,0.280815,0.701371,0.649452,-0.0862172
990,0,-0.152236,-0.23954,0.770624,-nan,-nan,-nan,0.0781908,0.967406,0.240855,0.874557,0.0494165,-0.482399,-0.478578,0.24836,-0.842188,84.1511,60.9925,80.7209,0.267123,0.683916,0.673315,-0.0868979
999,0,-0.147879,-0.236482,0.756649,-nan,-nan,-nan,0.108552,0.961591,0.252111,0.881663,0.0240287,-0.471268,-0.459225,0.273434,-0.84519,87.0812,61.8436,76.7005,0.268044,0.694571,0.663451,-0.0745473
1008,0,-0.145735,-0.232962,0.747175,-nan,-nan,-nan,0.129388,0.961004,0.244399,0.882276,0.00092678,-0.470732,-0.452602,0.276534,-0.84775,89.8872,61.9181,74.0461,0.265784,0.702889,0.655608,-0.0740528
1017,0,-0.144078,-0.229525,0.735516,-nan,-nan,-nan,0.0621126,0.973125,0.221744,0.914097,0.0337342,-0.404089,-0.40071,0.227795,-0.887435,85.2279,66.0779,81.1889,0.228261,0.692065,0.681736,-0.064649
1025,0,-0.140456,-0.229244,0.723834,-nan,-nan,-nan,0.0706211,0.975444,0.208619,0.894061,0.0308457,-0.446881,-0.442342,0.218077,-0.869928,86.0515,63.3881,80.9291,0.240592,0.69096,0.676416,-0.0845647
1034,0,-0.138122,-0.227199,0.712984,-nan,-nan,-nan,0.072307,0.975335,0.208552,0.877785,0.0370525,-0.477619,-0.473566,0.217599,-0.853455,85.564,61.3763,81.3188,0.252935,0.687152,0.674203,-0.0964174
1043,0,-0.134813,-0.229195,0.701851,-nan,-nan,-nan,0.0980997,0.98295,0.155516,0.835676,0.00349116,-0.549212,-0.540391,0.183838,-0.821085,89.6358,56.6863,79.7109,0.264814,0.692043,0.656977,-0.139036
1051,0,-0.133086,-0.233033,0.694052,-nan,-nan,-nan,0.14031,0.980825,0.135257,0.796505,-0.0306707,-0.603853,-0.588126,0.19246,-0.785536,92.9077,52.7977,76.5817,0.28465,0.699378,0.635326,-0.161883
1059,0,-0.13038,-0.231815,0.684067,-nan,-nan,-nan,0.0931153,0.988145,0.122064,0.777463,0.00442635,-0.628913,-0.621997,0.153462,-0.767834,89.5968,51.0289,81.4858,0.287101,0.681271,0.647909,-0.183456
1068,0,-0.128487,-0.229061,0.674926,-nan,-nan,-nan,0.0976435,0.990741,0.0943253,0.722815,-0.005448,-0.69102,-0.684108,0.135653,-0.716655,90.4517,46.2874,81.877,0.306407,0.67449,0.635131,-0.218603
1076,0,-0.125995,-0.226669,0.667003,-nan,-nan,-nan,0.106582,0.990726,0.0842736,0.696882,-0.0139763,-0.71705,-0.709222,0.135153,-0.691908,91.1166,44.1773,81.4535,0.316503,0.673139,0.626767,-0.232102
1084,0,-0.124975,-0.22482,0.661428,-nan,-nan,-nan,0.0869525,0.993116,0.0784878,0.672971,-0.000464759,-0.739669,-0.73454,0.117136,-0.668379,90.036,42.2968,83.2489,0.323307,0.662532,0.628681,-0.247555
1093,0,-0.120622,-0.220061,0.647046,-nan,-nan,-nan,0.0892824,0.993659,0.0683402,0.615657,-0.0011214,-0.788014,-0.78294,0.11243,-0.611853,90.0815,37.9996,83.4944,0.345075,0.652353,0.616735,-0.273855
1102,0,-0.118404,-0.216765,0.637278,-nan,-nan,-nan,0.076697,0.995904,0.0478825,0.58568,-0.00613535,-0.810519,-0.806905,0.0902083,-0.583752,90.4337,35.8511,84.5703,0.348859,0.645481,0.61256,-0.293976
1110,0,-0.117202,-0.214282,0.631178,-nan,-nan,-nan,0.0382582,0.998419,0.0411782,0.553885,0.0131105,-0.83249,-0.831714,0.0546576,-0.552508,89.0978,33.634,87.3663,0.35315,0.628024,0.617932,-0.314692
1118,0,-0.112378,-0.212969,0.61089,-nan,-nan,-nan,-0.0127072,0.999161,0.0389221,0.591874,0.0388895,-0.805092,-0.805931,0.0128065,-0.591871,87.2345,36.2901,90.9033,0.329511,0.620539,0.640989,-0.309009
1127,0,-0.110268,-0.208467,0.601645,-nan,-nan,-nan,-0.042484,0.998405,0.0371845,0.599788,0.055252,-0.798249,-0.79903,-0.01161,-0.601179,86.0405,36.8547,93.0435,0.320776,0.613075,0.651712,-0.310666
1135,0,-0.107563,-0.206199,0.589545,-nan,-nan,-nan,-0.116919,0.992962,0.018889,0.614149,0.0872349,-0.784354,-0.780482,-0.0801049,-0.620025,83.6537,37.8901,98.5197,0.295927,0.594952,0.675311,-0.320023
1143,0,-0.103555,-0.199776,0.57494,-nan,-nan,-nan,-0.0908731,0.995849,0.00514368,0.58111,0.0572205,-0.811811,-0.808736,-0.0707828,-0.583897,85.9682,35.5286,96.4111,0.309213,0.599125,0.658026,-0.335319
1152,0,-0.0996294,-0.196723,0.558898,-nan,-nan,-nan,-0.146599,0.988551,-0.0357246,0.573331,0.0554821,-0.817443,-0.806102,-0.140318,-0.574901,86.1171,34.9828,100.307,0.288956,0.585837,0.666517,-0.359241
1160,0,-0.0958864,-0.192187,0.546272,-nan,-nan,-nan,-0.119457,0.98427,-0.130164,0.53783,-0.0460486,-0.841795,-0.834547,-0.170564,-0.523869,93.1311,32.536,98.146,0.278669,0.602175,0.631917,-0.400511
1169,0,-0.0927609,-0.185994,0.532145,-nan,-nan,-nan,-0.110844,0.977288,-0.180613,0.485953,-0.10523,-0.867627,-0.866928,-0.183941,-0.463252,96.9153,29.0749,97.2862,0.283141,0.603663,0.605984,-0.433827
1177,0,-0.0882468,-0.180479,0.519447,-nan,-nan,-nan,-0.106879,0.972935,-0.204877,0.420337,-0.142524,-0.896105,-0.901052,-0.181892,-0.393728,99.0371,24.8559,96.7646,0.298693,0.597782,0.582684,-0.462513
1186,0,-0.0852692,-0.174778,0.50438,-nan,-nan,-nan,-0.0769734,0.977838,-0.194701,0.361857,-0.154567,-0.919331,-0.92905,-0.141218,-0.34194,99.5438,21.2143,94.7362,0.326543,0.595721,0.562216,-0.471593
1194,0,-0.0817807,-0.168852,0.489156,-nan,-nan,-nan,-0.065548,0.970001,-0.234098,0.31763,-0.202117,-0.926423,-0.945947,-0.135082,-0.294853,102.307,18.5196,93.9639,0.330712,0.59821,0.538118,-0.493156
1203,0,-0.0792099,-0.16523,0.475677,-nan,-nan,-nan,-0.0480517,0.970709,-0.235403,0.297585,-0.21106,-0.931073,-0.953485,-0.114792,-0.278727,102.772,17.3126,92.885,0.339912,0.600361,0.528138,-0.495072
1212,0,-0.076175,-0.160741,0.458367,-nan,-nan,-nan,-0.0592418,0.967591,-0.245477,0.302626,-0.216928,-0.928095,-0.951266,-0.12927,-0.279967,103.156,17.6154,93.5636,0.333115,0.599511,0.529689,-0.49905
1221,0,-0.0727177,-0.157254,0.443154,-nan,-nan,-nan,-0.0422509,0.970664,-0.2367,0.304538,-0.213126,-0.92835,-0.951563,-0.111308,-0.286599,102.93,17.7304,92.5424,0.338387,0.603629,0.528139,-0.492133
1230,0,-0.0712629,-0.155345,0.43578,-nan,-nan,-nan,-0.0398918,0.964933,-0.259449,0.29624,-0.23656,-0.925355,-0.95428,-0.113773,-0.276415,104.34,17.2319,92.3937,0.33434,0.606853,0.519554,-0.500009
1238,0,-0.0701984,-0.154902,0.43268,-nan,-nan,-nan,-0.0317459,0.961437,-0.273188,0.303771,-0.251115,-0.919056,-0.952216,-0.112163,-0.284085,105.282,17.6843,91.9095,0.329034,0.613077,0.515925,-0.499694
1246,0,-0.0693931,-0.154803,0.432734,-nan,-nan,-nan,-0.0322192,0.966015,-0.256468,0.305276,-0.234828,-0.922856,-0.951719,-0.108027,-0.287335,104.276,17.7748,91.9389,0.333773,0.610316,0.520751,-0.494902
1254,0,-0.0692935,-0.154891,0.433281,-nan,-nan,-nan,-0.0375415,0.966713,-0.253095,0.28382,-0.232529,-0.930256,-0.958142,-0.106757,-0.265643,104.034,16.4883,92.2438,0.340693,0.604283,0.517363,-0.501106
1263,0,-0.0698423,-0.156088,0.43819,-nan,-nan,-nan,-0.0331184,0.966079,-0.256115,0.292728,-0.235642,-0.926706,-0.955622,-0.105663,-0.274994,104.267,17.0214,91.9849,0.33773,0.607766,0.517801,-0.498439
1272,0,-0.0701259,-0.156619,0.43916,-nan,-nan,-nan,-0.0223466,0.968589,-0.247661,0.300696,-0.229741,-0.925636,-0.953458,-0.0951553,-0.286116,103.939,17.4994,91.3426,0.339778,0.611046,0.519308,-0.491419
1279,0,-0.0695536,-0.156663,0.436635,-nan,-nan,-nan,-0.0252328,0.95857,-0.283738,0.28557,-0.26509,-0.920965,-0.958025,-0.104266,-0.26705,106.058,16.593,91.5087,0.332651,0.613781,0.506753,-0.505785
1288,0,-0.0699241,-0.156501,0.438105,-nan,-nan,-nan,-0.0390002,0.957554,-0.285605,0.292725,-0.262334,-0.919507,-0.955401,-0.119465,-0.270068,105.923,17.0211,92.3376,0.327337,0.611024,0.51155,-0.507756
1296,0,-0.0695806,-0.157292,0.438812,-nan,-nan,-nan,-0.0440417,0.956765,-0.287507,0.299541,-0.261899,-0.917433,-0.953067,-0.126525,-0.275055,105.932,17.43,92.6458,0.323652,0.610924,0.514101,-0.507663
1304,0,-0.0692595,-0.157294,0.43835,-nan,-nan,-nan,-0.0641359,0.954376,-0.291637,0.283428,-0.262784,-0.922287,-0.956846,-0.14181,-0.253643,105.904,16.4649,93.8347,0.32382,0.602555,0.513565,-0.517995
1313,0,-0.0692649,-0.155706,0.438848,-nan,-nan,-nan,-0.0554118,0.946855,-0.316851,0.276087,-0.290436,-0.9162,-0.959534,-0.138247,-0.245321,107.589,16.0268,93.3051,0.3197,0.608347,0.502568,-0.52453
1321,0,-0.0699928,-0.15654,0.440626,-nan,-nan,-nan,-0.0522837,0.943085,-0.328415,0.300933,-0.298699,-0.905659,-0.952211,-0.146182,-0.268188,108.253,17.5136,93.1428,0.308557,0.615346,0.505414,-0.520287
1329,0,-0.0692329,-0.158205,0.438407,-nan,-nan,-nan,-0.0508146,0.954646,-0.293374,0.251391,-0.272068,-0.92886,-0.966551,-0.120951,-0.226164,106.326,14.5598,93.0094,0.335765,0.601543,0.501226,-0.523622
1338,0,-0.0681957,-0.157532,0.439996,-nan,-nan,-nan,-0.0242891,0.962601,-0.269834,0.286757,-0.251863,-0.924303,-0.957695,-0.0998272,-0.269915,105.242,16.6639,91.4528,0.336873,0.61186,0.510476,-0.501557
1347,0,-0.0700031,-0.15545,0.436568,-nan,-nan,-nan,0.00639762,0.95717,-0.289454,0.280496,-0.279557,-0.918243,-0.959834,-0.0753161,-0.270271,106.933,16.2898,89.6181,0.33785,0.623744,0.496063,-0.500722
1354,0,-0.0694793,-0.154603,0.434031,-nan,-nan,-nan,0.0465704,0.955773,-0.290394,0.277104,-0.291661,-0.915504,-0.959711,-0.037834,-0.278432,107.671,16.0874,87.2219,0.345137,0.63574,0.48482,-0.491594
1363,0,-0.0691128,-0.156181,0.435204,-nan,-nan,-nan,0.0887,0.952186,-0.29236,0.27917,-0.305518,-0.910342,-0.956136,-0.00087086,-0.292921,108.552,16.2107,84.6999,0.350093,0.64945,0.474,-0.480598
1372,0,-0.0699508,-0.155812,0.435494,-nan,-nan,-nan,0.0808755,0.960938,-0.264682,0.278939,-0.276762,-0.919563,-0.956897,0.00053995,-0.290426,106.75,16.1969,85.1689,0.35836,0.641885,0.482905,-0.475778
1381,0,-0.0683439,-0.155934,0.438881,-nan,-nan,-nan,0.15961,0.932493,-0.324009,0.232358,-0.354482,-0.905733,-0.959445,0.0692777,-0.273251,111.374,13.436,80.555,0.364649,0.668458,0.435649,-0.480005
1389,0,-0.0696585,-0.155735,0.436725,-nan,-nan,-nan,0.20609,0.918493,-0.337489,0.198828,-0.377004,-0.904619,-0.95812,0.11933,-0.260319,112.624,11.4684,77.8608,0.377083,0.678862,0.411469,-0.477126
1397,0,-0.0694128,-0.155909,0.436441,-nan,-nan,-nan,0.226076,0.918893,-0.323304,0.18107,-0.365754,-0.912928,-0.957133,0.14785,-0.249072,111.833,10.4321,76.7103,0.390912,0.678399,0.405352,-0.47186
1405,0,-0.0700873,-0.155968,0.436456,-nan,-nan,-nan,0.187163,0.941086,-0.281649,0.216382,-0.31917,-0.922664,-0.958201,0.111745,-0.263371,109.082,12.4966,78.9477,0.388787,0.665151,0.43504,-0.466003
1414,0,-0.0693347,-0.156303,0.438169,-nan,-nan,-nan,0.184582,0.945912,-0.266795,0.228005,-0.305267,-0.924568,-0.956004,0.109828,-0.272019,108.272,13.1796,79.072,0.389646,0.663677,0.442202,-0.460615
1423,0,-0.0688649,-0.155121,0.434627,-nan,-nan,-nan,0.209674,0.925574,-0.315198,0.219764,-0.358726,-0.907204,-0.952754,0.120947,-0.278624,111.575,12.6952,77.5887,0.37826,0.679526,0.421374,-0.466484
1431,0,-0.0685464,-0.154658,0.437063,-nan,-nan,-nan,0.205426,0.919247,-0.335835,0.210601,-0.376636,-0.902105,-0.955744,0.114589,-0.270965,112.661,12.1576,77.8695,0.373439,0.68063,0.415001,-0.474406
1440,0,-0.0689935,-0.155319,0.437408,-nan,-nan,-nan,0.203491,0.922117,-0.329078,0.221772,-0.370786,-0.901851,-0.953629,0.110538,-0.279951,112.349,12.8131,77.9545,0.371737,0.68085,0.420022,-0.470995
1449,0,-0.0694855,-0.15526,0.434851,-nan,-nan,-nan,0.183946,0.935924,-0.30035,0.245726,-0.339648,-0.907887,-0.951726,0.0931984,-0.292458,110.511,14.2248,79.061,0.37143,0.673805,0.438424,-0.464555
1457,0,-0.0692048,-0.156608,0.43684,-nan,-nan,-nan,0.184632,0.925925,-0.329506,0.228826,-0.366556,-0.901818,-0.955798,0.0911052,-0.279553,112.12,13.2279,79.0668,0.366921,0.676525,0.426722,-0.474966
1465,0,-0.0693698,-0.156105,0.437612,-nan,-nan,-nan,0.186078,0.920722,-0.342995,0.188512,-0.376062,-0.907216,-0.964281,0.104154,-0.243544,112.515,10.866,79.0778,0.376322,0.671879,0.412736,-0.486426
1473,0,-0.0689561,-0.156222,0.435757,-nan,-nan,-nan,0.183543,0.929405,-0.320183,0.213581,-0.35564,-0.909892,-0.959528,0.0986195,-0.263779,111.349,12.3323,79.171,0.375541,0.671372,0.425616,-0.476528
1482,0,-0.0690254,-0.154138,0.437267,-nan,-nan,-nan,0.145122,0.937095,-0.317479,0.237485,-0.344487,-0.908256,-0.96049,0.0564114,-0.272539,110.771,13.7382,81.4081,0.363351,0.66373,0.442417,-0.481359
1490,0,-0.0683612,-0.154435,0.437178,-nan,-nan,-nan,0.119112,0.936974,-0.32847,0.253786,-0.348567,-0.902271,-0.959898,0.0241104,-0.279309,111.123,14.7017,82.9264,0.350441,0.660868,0.450453,-0.487377
1499,1,-0.0694254,-0.155839,0.436661,-nan,-nan,-nan,0.103432,0.93142,-0.348939,0.25503,-0.363928,-0.895833,-0.961385,0.00366759,-0.275182,112.109,14.7754,83.8594,0.340706,0.660027,0.449395,-0.496315
1507,0,-0.0690577,-0.155431,0.435262,-nan,-nan,-nan,0.0886301,0.937861,-0.335501,0.253597,-0.346974,-0.902938,-0.963241,-0.0050545,-0.268591,111.02,14.6904,84.7429,0.343899,0.652724,0.456341,-0.497432
1516,0,-0.0687607,-0.154273,0.434905,-nan,-nan,-nan,0.0788506,0.941833,-0.3267,0.25007,-0.335929,-0.908084,-0.965012,-0.0100948,-0.262013,110.301,14.4817,85.3288,0.346738,0.647455,0.460226,-0.498765
1525,0,-0.0684722,-0.156144,0.436777,-nan,-nan,-nan,0.0445419,0.950814,-0.306542,0.276572,-0.306589,-0.910775,-0.95996,-0.0442132,-0.276624,108.605,16.0557,87.3434,0.339606,0.637918,0.481013,-0.496342
1533,0,-0.0688399,-0.155384,0.437962,-nan,-nan,-nan,0.0343999,0.948247,-0.315666,0.287454,-0.311893,-0.90559,-0.957176,-0.0595872,-0.283307,109.004,16.7056,87.9417,0.331361,0.638279,0.483997,-0.498545
1542,0,-0.0690398,-0.156962,0.438868,-nan,-nan,-nan,0.0390708,0.94697,-0.318937,0.282381,-0.316635,-0.905541,-0.958506,-0.0546816,-0.279777,109.273,16.4024,87.6658,0.332663,0.63943,0.480643,-0.499446
1550,0,-0.067638,-0.156776,0.436093,-nan,-nan,-nan,0.00635874,0.960389,-0.278591,0.261628,-0.270491,-0.926491,-0.965148,-0.0669961,-0.252985,106.275,15.1667,89.6225,0.347449,0.618432,0.493998,-0.502779
1560,0,-0.0677773,-0.157349,0.435995,-nan,-nan,-nan,-0.01683,0.957177,-0.289014,0.262654,-0.274671,-0.92497,-0.964743,-0.0914779,-0.246784,106.539,15.2276,90.9994,0.339748,0.613316,0.497228,-0.511057
1568,0,-0.0683603,-0.15672,0.435699,-nan,-nan,-nan,-0.0504051,0.953637,-0.296709,0.280201,-0.271652,-0.920702,-0.958617,-0.129546,-0.253517,106.439,16.2722,93.0099,0.32574,0.607199,0.508003,-0.516851
1577,0,-0.0675897,-0.155822,0.434116,-nan,-nan,-nan,-0.0895135,0.951612,-0.293978,0.303709,-0.255025,-0.917999,-0.94855,-0.171457,-0.266185,105.526,17.6805,95.391,0.31196,0.598268,0.524565,-0.519219
1585,0,-0.0683485,-0.155674,0.434732,-nan,-nan,-nan,-0.0962369,0.951221,-0.293115,0.319868,-0.249306,-0.914074,-0.942562,-0.181726,-0.280273,105.256,18.6549,95.8298,0.305853,0.598611,0.530849,-0.51606
1593,0,-0.0690038,-0.157075,0.440665,-nan,-nan,-nan,-0.228224,0.920004,-0.318599,0.36527,-0.222424,-0.903939,-0.902492,-0.322675,-0.285287,103.824,21.4242,104.192,0.256936,0.565572,0.56813,-0.539759
1602,0,-0.0684094,-0.156339,0.439933,-nan,-nan,-nan,-0.274946,0.906749,-0.319705,0.369568,-0.207304,-0.905784,-0.887595,-0.367194,-0.278108,102.891,21.689,107.211,0.244766,0.550106,0.580032,-0.548667
1611,0,-0.0681145,-0.157378,0.438743,-nan,-nan,-nan,-0.305931,0.905553,-0.293906,0.346127,-0.181792,-0.920407,-0.886906,-0.383309,-0.25782,101.173,20.2506,109.031,0.252219,0.532372,0.587784,-0.554505
1620,0,-0.0675413,-0.157333,0.43696,-nan,-nan,-nan,-0.3001,0.91163,-0.280838,0.33529,-0.174815,-0.925754,-0.89304,-0.371981,-0.253199,100.694,19.5902,108.575,0.260714,0.531016,0.587044,-0.552656
1628,0,-0.0681768,-0.159007,0.440146,-nan,-nan,-nan,-0.288228,0.916729,-0.276645,0.31446,-0.182266,-0.931608,-0.904455,-0.35551,-0.23574,101.07,18.3282,107.676,0.271001,0.531455,0.579159,-0.555597
1636,0,-0.06902,-0.158494,0.439719,-nan,-nan,-nan,-0.284159,0.914805,-0.28703,0.315801,-0.193362,-0.928914,-0.905275,-0.354603,-0.233951,101.759,18.4092,107.427,0.268574,0.534592,0.575488,-0.557577
1644,0,-0.0689376,-0.15617,0.439553,-nan,-nan,-nan,-0.261594,0.91789,-0.298405,0.338508,-0.202281,-0.918964,-0.90387,-0.341408,-0.257798,102.414,19.786,106.141,0.263784,0.547376,0.573827,-0.549108
1652,0,-0.0692808,-0.156699,0.438317,-nan,-nan,-nan,-0.259783,0.914521,-0.310103,0.360854,-0.20593,-0.909603,-0.89571,-0.348202,-0.276512,102.756,21.1527,106.174,0.253858,0.552869,0.576707,-0.545252
1661,0,-0.0672379,-0.156367,0.435449,-nan,-nan,-nan,-0.234071,0.929035,-0.286541,0.360541,-0.190765,-0.913027,-0.902896,-0.317023,-0.290303,101.801,21.1335,104.534,0.266862,0.558345,0.57741,-0.532572
1668,0,-0.0673127,-0.156228,0.433275,-nan,-nan,-nan,-0.22856,0.937926,-0.260873,0.345156,-0.172489,-0.922559,-0.91029,-0.300902,-0.284307,100.59,20.1913,104.095,0.280466,0.554129,0.578873,-0.52838
1677,0,-0.0668952,-0.155745,0.43266,-nan,-nan,-nan,-0.20523,0.942695,-0.263073,0.319646,-0.189493,-0.928396,-0.925044,-0.274625,-0.262439,101.536,18.6415,102.509,0.292762,0.558279,0.565282,-0.532044
1685,0,-0.0672973,-0.156162,0.43523,-nan,-nan,-nan,-0.17544,0.945363,-0.274791,0.318904,-0.209499,-0.924343,-0.931408,-0.249799,-0.264725,102.77,18.5967,100.667,0.295946,0.569821,0.554677,-0.529201
1693,0,-0.0675323,-0.156275,0.437143,-nan,-nan,-nan,-0.149995,0.944361,-0.292718,0.318155,-0.234216,-0.918651,-0.936098,-0.230923,-0.265322,104.303,18.5514,99.1034,0.296001,0.580849,0.543392,-0.528888
1701,0,-0.0673393,-0.156933,0.436724,-nan,-nan,-nan,-0.142401,0.947199,-0.287292,0.318522,-0.230958,-0.919349,-0.937158,-0.222425,-0.268815,104.102,18.5736,98.64,0.299093,0.582532,0.543198,-0.525486
1710,0,-0.0676961,-0.15713,0.436417,-nan,-nan,-nan,-0.153552,0.948624,-0.276647,0.306956,-0.220325,-0.92587,-0.939255,-0.227088,-0.257355,103.385,17.8759,99.2847,0.303631,0.575354,0.545569,-0.528328
1719,0,-0.0668451,-0.155371,0.435307,-nan,-nan,-nan,0.0102375,0.950698,-0.30995,0.291483,-0.299342,-0.908533,-0.956521,-0.081044,-0.280176,108.236,16.9467,89.3868,0.328146,0.630428,0.492594,-0.502227
1726,0,-0.0675674,-0.15686,0.435776,-nan,-nan,-nan,-0.0714525,0.952154,-0.297149,0.310508,-0.261874,-0.913787,-0.947881,-0.157559,-0.27694,105.991,18.0899,94.3109,0.312143,0.605673,0.521181,-0.513903
1735,0,-0.0671862,-0.156133,0.435425,-nan,-nan,-nan,-0.194271,0.938222,-0.286355,0.343532,-0.208359,-0.915736,-0.918828,-0.276273,-0.281831,102.818,20.0922,101.938,0.280864,0.569192,0.56297,-0.529339
1743,0,-0.0676245,-0.157739,0.438152,-nan,-nan,-nan,-0.297564,0.916787,-0.266379,0.375783,-0.144021,-0.915448,-0.877635,-0.372505,-0.301658,98.9407,22.0727,108.729,0.253356,0.535751,0.603158,-0.533837
1751,0,-0.068467,-0.157342,0.437603,-nan,-nan,-nan,-0.336369,0.89222,-0.301329,0.389876,-0.159329,-0.906979,-0.857235,-0.422561,-0.294262,99.9635,22.9468,111.424,0.22915,0.528494,0.606486,-0.54805
1759,0,-0.0675024,-0.156265,0.436021,-nan,-nan,-nan,-0.327588,0.900059,-0.287367,0.373296,-0.156106,-0.914484,-0.867949,-0.406847,-0.28485,99.6872,21.9191,110.678,0.240549,0.527581,0.603393,-0.547459
1767,0,-0.0668692,-0.156029,0.433553,-nan,-nan,-nan,-0.318929,0.898694,-0.301055,0.364174,-0.17706,-0.914345,-0.875021,-0.401248,-0.270812,100.959,21.3568,110.026,0.241454,0.531258,0.594281,-0.553439
1776,0,-0.0666303,-0.15531,0.435839,-nan,-nan,-nan,-0.319071,0.891128,-0.322621,0.361646,-0.200173,-0.910573,-0.876017,-0.407212,-0.258404,102.398,21.2013,110.013,0.235771,0.533738,0.586793,-0.561436
1784,0,-0.0688382,-0.156598,0.43733,-nan,-nan,-nan,-0.322311,0.886299,-0.33255,0.364111,-0.2082,-0.907786,-0.873807,-0.413675,-0.255606,102.917,21.3529,110.247,0.231237,0.534204,0.585175,-0.564558
1792,0,-0.0689027,-0.155381,0.437862,-nan,-nan,-nan,-0.263732,0.903837,-0.336934,0.370328,-0.227658,-0.900571,-0.890675,-0.362286,-0.274675,104.187,21.7358,106.494,0.241834,0.556462,0.57244,-0.551524
1802,0,-0.0676653,-0.155739,0.437996,-nan,-nan,-nan,-0.245022,0.912726,-0.326949,0.364905,-0.225612,-0.903296,-0.898225,-0.340633,-0.277778,104.024,21.4017,105.258,0.250792,0.560885,0.569471,-0.54609
1810,0,-0.0673321,-0.156642,0.436562,-nan,-nan,-nan,-0.237061,0.92719,-0.290036,0.362361,-0.192612,-0.911918,-0.901386,-0.321278,-0.290317,101.926,21.2453,104.735,0.26458,0.558092,0.57766,-0.533703
1819,0,-0.0681842,-0.156519,0.435813,-nan,-nan,-nan,-0.236475,0.921186,-0.309023,0.370531,-0.208513,-0.905113,-0.898213,-0.328539,-0.29202,102.973,21.7484,104.75,0.256414,0.562152,0.574452,-0.536882
1827,0,-0.0669097,-0.155906,0.433827,-nan,-nan,-nan,-0.247673,0.916465,-0.314245,0.365566,-0.211975,-0.906327,-0.897229,-0.33935,-0.282528,103.164,21.4424,105.432,0.253882,0.558308,0.57407,-0.542476
1835,0,-0.0669912,-0.156394,0.435254,-nan,-nan,-nan,-0.267318,0.917431,-0.294721,0.357628,-0.189551,-0.914425,-0.894787,-0.349843,-0.277429,101.711,20.9546,106.634,0.257732,0.547645,0.582064,-0.54301
