107,0,-0.337128,-0.389325,1.45747,-nan,-nan,-nan,0.828156,0.560279,0.0156429,0.188452,-0.252052,-0.949187,-0.527867,0.789023,-0.314324,104.871,10.8625,32.5134,0.561645,0.773714,0.241928,-0.165508
114,0,-0.335928,-0.403059,1.45408,-nan,-nan,-nan,0.844121,0.533912,0.0489608,0.196562,-0.223215,-0.954745,-0.498821,0.815545,-0.293368,103.159,11.336,30.5803,0.576094,0.768229,0.237714,-0.146395
122,0,-0.335683,-0.400907,1.45457,-nan,-nan,-nan,0.834189,0.54948,0.0469019,0.191732,-0.209229,-0.958886,-0.517075,0.808885,-0.27989,102.309,11.0539,31.7928,0.579886,0.76212,0.243141,-0.154232
130,0,-0.337732,-0.398963,1.46238,-nan,-nan,-nan,0.844531,0.532779,0.0539879,0.127172,-0.101604,-0.986663,-0.520187,0.840133,-0.153562,95.8795,7.30619,31.6309,0.63035,0.724517,0.227721,-0.160866
138,0,-0.338156,-0.400543,1.46532,-nan,-nan,-nan,0.854744,0.516374,0.0526386,0.102534,-0.0685615,-0.992364,-0.508822,0.853614,-0.111548,93.9522,5.88508,30.765,0.647038,0.713241,0.216935,-0.159898
146,0,-0.339152,-0.402634,1.47156,-nan,-nan,-nan,0.86851,0.492292,0.0577851,0.0886639,-0.0395973,-0.995274,-0.487677,0.869529,-0.0780392,92.2783,5.08675,29.3146,0.661603,0.704654,0.206114,-0.152519
154,0,-0.340565,-0.403451,1.47692,-nan,-nan,-nan,0.872499,0.484648,0.0621354,0.0936113,-0.0409898,-0.994765,-0.479564,0.873748,-0.0811322,92.3596,5.3714,28.7951,0.661509,0.706155,0.204721,-0.147782
162,0,-0.340523,-0.403715,1.47893,-nan,-nan,-nan,0.875235,0.482341,0.0362089,0.0566497,-0.0278749,-0.998005,-0.48037,0.87554,-0.0517216,91.5999,3.24753,28.76,0.670007,0.699076,0.192751,-0.158838
170,0,-0.340745,-0.403277,1.48028,-nan,-nan,-nan,0.876691,0.480515,0.0227493,0.0245128,0.0026062,-0.999696,-0.480429,0.876982,-0.00949392,89.8506,1.40462,28.7228,0.683704,0.686218,0.18399,-0.16674
178,0,-0.339554,-0.401067,1.48791,-nan,-nan,-nan,0.796282,0.601614,-0.0632106,-0.0901977,0.0147549,-0.995815,-0.598163,0.798651,0.0660132,89.1511,-5.17498,36.9137,0.685027,0.654888,0.19523,-0.252476
185,0,-0.339507,-0.401144,1.48837,-nan,-nan,-nan,0.775259,0.626934,-0.0769828,-0.114332,0.0194178,-0.993253,-0.62121,0.77883,0.0867325,88.88,-6.5651,38.7049,0.685822,0.64597,0.198385,-0.270211
192,0,-0.339393,-0.397864,1.48857,-nan,-nan,-nan,0.739177,0.665498,-0.103585,-0.180481,0.0475476,-0.982429,-0.648879,0.744884,0.155256,87.2292,-10.3978,41.2779,0.696775,0.619753,0.195649,-0.303534
200,0,-0.33525,-0.396745,1.49236,-nan,-nan,-nan,0.725106,0.674927,-0.136729,-0.250005,0.0730003,-0.965489,-0.641653,0.734265,0.221668,85.6761,-14.4778,41.5059,0.710594,0.598005,0.177641,-0.325408
208,0,-0.33056,-0.393871,1.49998,-nan,-nan,-nan,0.722714,0.655718,-0.218446,-0.348604,0.0729255,-0.934429,-0.596791,0.751476,0.28129,85.5375,-20.4019,39.5487,0.720578,0.584914,0.131265,-0.348443
216,0,-0.324883,-0.388537,1.50176,-nan,-nan,-nan,0.690517,0.677076,-0.254469,-0.499922,0.192488,-0.844409,-0.522747,0.710293,0.471402,77.1585,-29.9949,37.1271,0.767204,0.506613,0.0874208,-0.383535
224,0,-0.319004,-0.381526,1.51366,-nan,-nan,-nan,0.685046,0.659546,-0.309373,-0.588246,0.250285,-0.768976,-0.429743,0.708771,0.559432,71.971,-36.0326,32.1009,0.789741,0.467795,0.0381044,-0.395
232,0,-0.313461,-0.370145,1.52286,-nan,-nan,-nan,0.682847,0.657517,-0.318421,-0.640556,0.329273,-0.693734,-0.351295,0.677681,0.646019,64.6092,-39.8333,27.2238,0.81519,0.420581,0.0100817,-0.398089
239,0,-0.305937,-0.357544,1.5351,-nan,-nan,-nan,0.682778,0.67025,-0.290825,-0.66748,0.410344,-0.62136,-0.297128,0.618371,0.727552,56.5594,-41.8729,23.5175,0.839743,0.36908,0.00187657,-0.398256
247,0,-0.30177,-0.346289,1.53697,-nan,-nan,-nan,0.665445,0.695754,-0.270387,-0.695804,0.447023,-0.562163,-0.270258,0.562225,0.781578,51.5088,-44.0913,22.1036,0.850595,0.330471,-3.81497e-05,-0.408996
254,0,-0.299844,-0.34072,1.53706,-nan,-nan,-nan,0.644702,0.712065,-0.278069,-0.73281,0.472148,-0.489965,-0.217598,0.519653,0.826203,46.061,-47.1225,18.6504,0.857766,0.294258,-0.0176245,-0.421116
262,0,-0.299118,-0.338138,1.53822,-nan,-nan,-nan,0.617539,0.738545,-0.270552,-0.764686,0.483221,-0.426324,-0.184123,0.470159,0.863162,41.4205,-49.8791,16.6023,0.860802,0.260363,-0.0251011,-0.436578
270,0,-0.299611,-0.338334,1.53952,-nan,-nan,-nan,0.590973,0.756516,-0.280061,-0.798603,0.499618,-0.335583,-0.11395,0.421978,0.899417,33.8884,-52.9969,10.9137,0.864582,0.219054,-0.0480321,-0.449674
278,0,-0.301478,-0.336038,1.54022,-nan,-nan,-nan,0.59413,0.752415,-0.284396,-0.803234,0.53619,-0.259453,-0.0427264,0.382585,0.922932,25.8216,-53.44,4.1133,0.873678,0.183717,-0.0691529,-0.445144
286,0,-0.299554,-0.333882,1.5397,-nan,-nan,-nan,0.550276,0.772069,-0.317973,-0.834856,0.502079,-0.225682,-0.0145947,0.389649,0.920848,24.2037,-56.6008,1.51927,0.862149,0.178429,-0.0879714,-0.465965
294,0,-0.300346,-0.333531,1.53938,-nan,-nan,-nan,0.53847,0.791718,-0.288502,-0.842645,0.506236,-0.183509,0.000762137,0.341919,0.939729,19.9255,-57.4204,-0.081095,0.863776,0.152073,-0.0837208,-0.473029
302,0,-0.301341,-0.331959,1.53914,-nan,-nan,-nan,0.60923,0.716758,-0.339259,-0.785023,0.605631,-0.130194,0.112148,0.345644,0.93164,12.1323,-51.7228,-10.4303,0.886919,0.134126,-0.12724,-0.423314
310,0,-0.302734,-0.33201,1.54003,-nan,-nan,-nan,0.627049,0.691115,-0.359403,-0.766069,0.630753,-0.12365,0.141238,0.352862,0.924954,11.0913,-50.0022,-12.6936,0.892014,0.133549,-0.140312,-0.408397
318,0,-0.302732,-0.331906,1.54011,-nan,-nan,-nan,0.66015,0.646783,-0.381934,-0.732295,0.667349,-0.135611,0.167172,0.369212,0.914186,11.4866,-47.0791,-14.2105,0.900234,0.140192,-0.15249,-0.382978
326,0,-0.30178,-0.331354,1.53776,-nan,-nan,-nan,0.70031,0.61214,-0.36722,-0.691679,0.709079,-0.137068,0.176483,0.349988,0.919979,10.9406,-43.7632,-14.1444,0.912328,0.133465,-0.148988,-0.357278
334,0,-0.301163,-0.331617,1.53717,-nan,-nan,-nan,0.735905,0.580164,-0.349075,-0.652869,0.744659,-0.138725,0.179459,0.329988,0.92677,10.5528,-40.7583,-13.7047,0.922948,0.126961,-0.143164,-0.333993
342,0,-0.300794,-0.332208,1.53739,-nan,-nan,-nan,0.776299,0.531013,-0.339685,-0.602406,0.783648,-0.151669,0.185655,0.322369,0.92823,10.9538,-37.0424,-13.4499,0.933833,0.126907,-0.140641,-0.303432
350,0,-0.300548,-0.332173,1.53781,-nan,-nan,-nan,0.792375,0.518272,-0.32177,-0.583576,0.797643,-0.15233,0.177709,0.30848,0.934484,10.8119,-35.7024,-12.6408,0.938683,0.122728,-0.133027,-0.293456
357,0,-0.300539,-0.332296,1.53769,-nan,-nan,-nan,0.811267,0.49096,-0.317496,-0.554698,0.817951,-0.152529,0.184811,0.299856,0.935912,10.563,-33.6899,-12.8333,0.944078,0.119795,-0.133015,-0.276899
364,0,-0.300581,-0.332554,1.53788,-nan,-nan,-nan,0.834963,0.439753,-0.330837,-0.509574,0.844826,-0.163102,0.207775,0.304771,0.929486,10.9271,-30.6355,-13.9739,0.949905,0.123137,-0.141754,-0.249848
372,0,-0.301321,-0.332371,1.53695,-nan,-nan,-nan,0.8362,0.426505,-0.344765,-0.501679,0.848842,-0.166689,0.221557,0.312347,0.923771,11.11,-30.1111,-14.8399,0.949844,0.126083,-0.149056,-0.244299
380,0,-0.3006,-0.332126,1.53722,-nan,-nan,-nan,0.839747,0.42969,-0.331951,-0.497488,0.853818,-0.153299,0.217554,0.293874,0.930757,10.1787,-29.834,-14.5244,0.951883,0.117444,-0.144321,-0.243512
388,0,-0.299862,-0.333045,1.53755,-nan,-nan,-nan,0.860874,0.411539,-0.299219,-0.479406,0.853079,-0.205978,0.17049,0.320768,0.931687,13.5744,-28.6466,-11.202,0.954678,0.137938,-0.123002,-0.23331
396,0,-0.30008,-0.334349,1.53732,-nan,-nan,-nan,0.873996,0.414535,-0.25356,-0.472802,0.845915,-0.246749,0.112204,0.335541,0.935319,16.2617,-28.2164,-7.31566,0.955933,0.152283,-0.0956564,-0.232061
404,0,-0.298794,-0.336397,1.53849,-nan,-nan,-nan,0.871996,0.443747,-0.206668,-0.485922,0.835713,-0.255857,0.0591795,0.323531,0.944365,17.0222,-29.0729,-3.88252,0.95552,0.15159,-0.0695557,-0.243236
412,0,-0.299057,-0.332862,1.53931,-nan,-nan,-nan,0.851489,0.501961,-0.151662,-0.524236,0.821478,-0.224388,0.0119525,0.270571,0.962626,15.2778,-31.6169,-0.804221,0.953362,0.129793,-0.0429046,-0.2691
420,0,-0.297831,-0.331426,1.53933,-nan,-nan,-nan,0.836716,0.537613,-0.1043,-0.547451,0.816157,-0.184893,-0.0142759,0.211802,0.977208,12.7644,-33.1923,0.977473,0.952639,0.104104,-0.0236249,-0.284752
428,0,-0.295935,-0.33184,1.53871,-nan,-nan,-nan,0.834122,0.548864,-0.0546705,-0.549812,0.819422,-0.162031,-0.0441347,0.165212,0.98527,11.1853,-33.3541,3.02879,0.953784