105,0,-0.335489,-0.386395,1.45756,-nan,-nan,-nan,0.838414,0.543453,0.041468,0.204253,-0.24275,-0.948342,-0.505314,0.803574,-0.314527,104.358,11.7858,31.0774,0.565937,0.773901,0.241538,-0.14984
113,0,-0.336235,-0.383243,1.45762,-nan,-nan,-nan,0.852602,0.521029,0.0399746,0.177626,-0.217021,-0.95987,-0.491445,0.825488,-0.277581,102.74,10.2315,29.9594,0.582666,0.766029,0.228012,-0.147341
121,0,-0.337044,-0.384003,1.46095,-nan,-nan,-nan,0.856069,0.516094,0.0281618,0.151379,-0.198258,-0.968389,-0.494196,0.833271,-0.247848,101.57,8.70687,29.9972,0.593709,0.758646,0.219955,-0.153574
128,0,-0.337421,-0.383563,1.46374,-nan,-nan,-nan,0.861837,0.506249,0.0308067,0.149481,-0.195494,-0.969246,-0.484658,0.839937,-0.244158,101.403,8.59682,29.3514,0.596277,0.758533,0.216118,-0.149582
136,0,-0.33456,-0.372196,1.46698,-nan,-nan,-nan,0.868909,0.493786,0.0342386,0.145734,-0.189113,-0.971081,-0.473031,0.848771,-0.236283,101.02,8.37979,28.5637,0.600731,0.757348,0.211105,-0.144845
143,0,-0.326551,-0.375719,1.47157,-nan,-nan,-nan,0.869472,0.492355,0.0400577,0.148123,-0.182496,-0.971985,-0.471252,0.851047,-0.231604,100.634,8.51814,28.4576,0.603194,0.755575,0.211917,-0.142671
151,0,-0.310845,-0.390272,1.47551,-nan,-nan,-nan,0.866705,0.49755,0.0355891,0.150754,-0.193259,-0.969497,-0.475495,0.845633,-0.242507,101.274,8.67064,28.7502,0.598109,0.758695,0.213625,-0.144955
159,0,-0.30071,-0.391574,1.47878,-nan,-nan,-nan,0.863895,0.502863,0.0285426,0.150134,-0.203002,-0.9676,-0.480776,0.84019,-0.250869,101.849,8.63468,29.0969,0.593722,0.76121,0.21446,-0.148524
166,0,-0.291277,-0.392349,1.48248,-nan,-nan,-nan,0.855358,0.517316,0.0273245,0.150913,-0.198375,-0.968438,-0.495568,0.832485,-0.247751,101.576,8.67983,30.0867,0.593555,0.758532,0.220237,-0.154325
174,0,-0.279684,-0.393302,1.48627,-nan,-nan,-nan,0.855917,0.516591,0.0232325,0.143239,-0.193678,-0.970552,-0.496879,0.83404,-0.239768,101.285,8.23532,30.1361,0.596337,0.756532,0.218044,-0.156519
181,0,-0.266104,-0.394521,1.49153,-nan,-nan,-nan,0.866415,0.499031,0.017115,0.127273,-0.187566,-0.973972,-0.482832,0.846042,-0.226023,100.901,7.31202,29.1299,0.602666,0.754984,0.20739,-0.154214
189,0,-0.253781,-0.395426,1.49702,-nan,-nan,-nan,0.880119,0.4747,0.00711783,0.113286,-0.195431,-0.974152,-0.46104,0.858176,-0.225779,101.344,6.50477,27.6473,0.603926,0.758507,0.193797,-0.14961
197,0,-0.244319,-0.396584,1.5066,-nan,-nan,-nan,0.890018,0.455712,0.0139354,0.123686,-0.211917,-0.969429,-0.438828,0.864533,-0.244976,102.331,7.10488,26.2458,0.598566,0.765982,0.189103,-0.138676
206,0,-0.240656,-0.391712,1.52933,-nan,-nan,-nan,0.906907,0.420721,0.022647,0.139516,-0.249154,-0.958362,-0.39756,0.872305,-0.284657,104.573,8.01986,23.6712,0.585896,0.78114,0.179301,-0.119989
214,0,-0.235596,-0.38158,1.55214,-nan,-nan,-nan,0.919206,0.389612,0.0571167,0.176184,-0.277204,-0.94452,-0.352163,0.878271,-0.323451,106.356,10.1476,20.9627,0.574141,0.793703,0.178214,-0.0929335
221,0,-0.226517,-0.374278,1.56423,-nan,-nan,-nan,0.920109,0.388153,0.052306,0.174148,-0.285829,-0.942324,-0.350815,0.87615,-0.33059,106.874,10.0291,20.8706,0.570896,0.796324,0.17653,-0.0937148
229,0,-0.216932,-0.367082,1.57371,-nan,-nan,-nan,0.917598,0.394716,0.0470407,0.168338,-0.278651,-0.945524,-0.360106,0.87553,-0.322135,106.421,9.69118,21.4272,0.573762,0.793471,0.177402,-0.0986379
236,0,-0.207757,-0.361646,1.58586,-nan,-nan,-nan,0.945039,0.326914,0.00527791,0.0858852,-0.232635,-0.968764,-0.315475,0.915974,-0.247927,103.503,4.92693,18.4601,0.605078,0.778717,0.132525,-0.0995859
244,0,-0.197917,-0.35299,1.59701,-nan,-nan,-nan,0.953318,0.301932,0.00464075,0.0723295,-0.213398,-0.974284,-0.293177,0.929139,-0.225275,102.354,4.1478,17.0944,0.615355,0.773303,0.120994,-0.0932804
251,0,-0.188383,-0.343994,1.60739,-nan,-nan,-nan,0.955338,0.295371,0.00923817,0.0733628,-0.206767,-0.975636,-0.286265,0.93274,-0.219202,101.966,4.20716,16.6807,0.618338,0.771574,0.119475,-0.0897601
259,0,-0.178547,-0.335773,1.61856,-nan,-nan,-nan,0.956751,0.290546,0.0144956,0.0761103,-0.201911,-0.976442,-0.280775,0.935315,-0.215292,101.683,4.36502,16.3552,0.620393,0.770382,0.118985,-0.0864115
267,0,-0.168862,-0.32752,1.629,-nan,-nan,-nan,0.957848,0.287053,0.0113059,0.0697809,-0.19431,-0.978455,-0.278671,0.938,-0.20615,101.232,4.0014,16.2216,0.623977,0.767839,0.116181,-0.0870513
274,0,-0.158324,-0.318241,1.63596,-nan,-nan,-nan,0.951493,0.307245,0.0161962,0.073418,-0.175615,-0.981718,-0.298783,0.935286,-0.189653,100.142,4.21033,17.4331,0.629727,0.761045,0.125046,-0.0928286
282,0,-0.158607,-0.323656,1.64477,-nan,-nan,-nan,0.968709,0.248193,-0.00159344,0.0413913,-0.167875,-0.984939,-0.244723,0.954053,-0.172895,99.6727,2.37222,14.1779,0.637953,0.759849,0.0952771,-0.0810412
289,0,-0.158985,-0.326429,1.65134,-nan,-nan,-nan,0.985093,0.171872,0.00713112,0.0337554,-0.152489,-0.987729,-0.168676,0.973246,-0.156017,98.7762,1.93441,9.71644,0.647416,0.757232,0.067888,-0.053334
297,0,-0.159129,-0.324526,1.6499,-nan,-nan,-nan,0.971912,0.235268,0.0059156,0.044554,-0.159258,-0.986231,-0.231087,0.958794,-0.165267,99.173,2.5536,13.3746,0.641753,0.7577,0.0923262,-0.0742943
303,0,-0.158927,-0.322871,1.64845,-nan,-nan,-nan,0.955183,0.296001,0.00279479,0.0517802,-0.157782,-0.986115,-0.29145,0.942066,-0.166038,99.0905,2.96811,16.9683,0.638624,0.754818,0.115187,-0.0956043
311,0,-0.159354,-0.323299,1.65017,-nan,-nan,-nan,0.943859,0.330348,0.000977721,0.0627869,-0.176485,-0.982299,-0.324328,0.927213,-0.187319,100.185,3.59979,18.9637,0.628501,0.75955,0.129397,-0.106428
317,0,-0.158726,-0.325015,1.65494,-nan,-nan,-nan,0.939319,0.342996,0.00583553,0.0735485,-0.184744,-0.980031,-0.335068,0.920991,-0.198761,100.675,4.21783,19.632,0.623661,0.762041,0.136654,-0.10801
324,0,-0.159492,-0.325076,1.65692,-nan,-nan,-nan,0.924277,0.381647,0.00754309,0.0859575,-0.188838,-0.978239,-0.371918,0.904812,-0.207344,100.926,4.93109,21.9192,0.618081,0.761653,0.153483,-0.1196
331,0,-0.160159,-0.324321,1.65863,-nan,-nan,-nan,0.917294,0.398113,0.00882702,0.086344,-0.177208,-0.980378,-0.388737,0.900057,-0.196927,100.246,4.95331,22.9666,0.62112,0.756873,0.160019,-0.125487
338,0,-0.160915,-0.327194,1.66752,-nan,-nan,-nan,0.950478,0.310418,0.0152273,0.0720075,-0.172291,-0.982411,-0.302335,0.934856,-0.186111,99.9471,4.1293,17.6452,0.630888,0.75975,0.125839,-0.0944743
345,0,-0.162085,-0.329526,1.67326,-nan,-nan,-nan,0.965475,0.260172,0.0129616,0.0617013,-0.180059,-0.981719,-0.253082,0.948625,-0.189896,100.393,3.53747,14.6886,0.631569,0.764106,0.105311,-0.0785626
353,0,-0.162087,-0.330603,1.67607,-nan,-nan,-nan,0.970133,0.242497,0.00608726,0.0530443,-0.187588,-0.980814,-0.236702,0.951843,-0.194849,100.827,3.04064,13.7117,0.630019,0.766905,0.0963421,-0.0751772
359,0,-0.162335,-0.330814,1.67878,-nan,-nan,-nan,0.956444,0.291893,0.00371343,0.0614317,-0.188824,-0.980088,-0.285379,0.937627,-0.198531,100.905,3.522,16.6138,0.626316,0.765474,0.115394,-0.0919908
367,0,-0.167156,-0.347269,1.70483,-nan,-nan,-nan,0.989939,0.12687,-0.0626442,-0.033007,-0.223458,-0.974155,-0.13759,0.966422,-0.217022,102.919,-1.89151,7.91273,0.622386,0.77949,0.030104,-0.0642195
374,0,-0.167824,-0.361933,1.73484,-nan,-nan,-nan,0.997928,0.0144769,-0.0626976,-0.0573844,-0.240625,-0.96892,-0.0291136,0.97051,-0.239295,103.947,-3.28969,1.67108,0.616037,0.787059,-0.0136291,-0.0291628
382,0,-0.174036,-0.358952,1.75083,-nan,-nan,-nan,0.998178,0.0126905,-0.0589865,-0.054808,-0.218089,-0.974389,-0.0252298,0.975846,-0.216996,102.616,-3.14184,1.44789,0.625119,0.779946,-0.0135001,-0.0269943
389,0,-0.174596,-0.35904,1.76137,-nan,-nan,-nan,0.999938,-0.00972272,-0.00542525,-0.00737197,-0.212997,-0.977025,0.00834377,0.977004,-0.213056,102.298,-0.422387,-0.478081,0.627273,0.77878,-0.00548765,0.00093689
397,0,-0.176841,-0.361102,1.76859,-nan,-nan,-nan,0.999509,-0.0239994,0.0201223,0.0144504,-0.21663,-0.976147,0.027786,0.975959,-0.216177,102.513,0.827978,-1.59239,0.62584,0.779794,-0.00306136,0.0153593
405,0,-0.177329,-0.361837,1.77607,-nan,-nan,-nan,0.999117,-0.0400857,0.0125943,0.00454559,-0.194863,-0.98082,0.041771,0.980011,-0.194509,101.237,0.260444,-2.39402,0.634379,0.772737,-0.0114981,0.0175886
412,0,-0.177895,-0.362589,1.78078,-nan,-nan,-nan,0.99813,-0.0591876,0.015259,0.00342822,-0.195042,-0.980789,0.0610267,0.979007