110,0,-0.337565,-0.388153,1.45939,-0.26126,-0.25198,1.03061,0.80786,0.589019,0.0204719,0.191929,-0.230078,-0.954058,-0.557248,0.774674,-0.298921,103.558,11.0654,34.5973,0.565434,0.764339,0.255432,-0.175569
118,0,-0.33725,-0.384724,1.46266,-0.26126,-0.25198,1.03061,0.786546,0.616693,0.0321705,0.184413,-0.184849,-0.96531,-0.589353,0.765193,-0.259119,100.84,10.6269,36.8439,0.579348,0.746745,0.268199,-0.186537
126,0,-0.338282,-0.385491,1.46776,-0.26126,-0.25198,1.03061,0.768026,0.639594,0.0324856,0.182479,-0.169935,-0.968413,-0.613871,0.749694,-0.247227,99.9528,10.5142,38.6348,0.581133,0.739119,0.278058,-0.196648
133,0,-0.339249,-0.387785,1.47209,-0.26126,-0.25198,1.03061,0.767111,0.640979,0.0261945,0.166918,-0.160006,-0.972901,-0.619418,0.750696,-0.229733,99.3394,9.6087,38.9198,0.586807,0.734311,0.275053,-0.201966
140,0,-0.341071,-0.390845,1.47881,-0.26126,-0.25198,1.03061,0.760573,0.649043,0.0165132,0.159558,-0.162201,-0.973772,-0.629341,0.743259,-0.226925,99.4569,9.18123,39.6063,0.585544,0.733093,0.27575,-0.208987
148,0,-0.347135,-0.400596,1.51509,-0.26126,-0.25198,1.03061,0.723321,0.690088,0.0241825,0.150838,-0.123733,-0.980784,-0.673835,0.71307,-0.19359,97.1903,8.67549,42.9715,0.592874,0.714256,0.294337,-0.227388
154,0,-0.349971,-0.399074,1.53044,-0.26126,-0.25198,1.03061,0.725712,0.686692,0.0423879,0.213157,-0.165835,-0.962841,-0.654146,0.70778,-0.266722,99.7725,12.3074,42.031,0.568585,0.734552,0.306258,-0.208208
161,0,-0.354218,-0.399636,1.54356,-0.26126,-0.25198,1.03061,0.734724,0.677296,0.0380887,0.225199,-0.19056,-0.955496,-0.639895,0.710603,-0.292536,101.279,13.0146,41.0537,0.559381,0.744617,0.303006,-0.202052
169,0,-0.368051,-0.39477,1.55431,-0.26126,-0.25198,1.03061,0.748887,0.662506,0.0159582,0.228889,-0.235984,-0.944416,-0.621915,0.710913,-0.328366,104.029,13.2317,39.7081,0.544182,0.760466,0.293042,-0.199206
177,0,-0.382247,-0.385206,1.56355,-0.26126,-0.25198,1.03061,0.783573,0.620851,0.023611,0.226409,-0.249948,-0.941416,-0.578577,0.743014,-0.336419,104.869,13.0858,36.4415,0.547085,0.769731,0.275181,-0.180247
184,0,-0.400486,-0.372744,1.56891,-0.26126,-0.25198,1.03061,0.827717,0.560508,0.0267417,0.186465,-0.229785,-0.955212,-0.529259,0.795631,-0.294712,103.526,10.7466,32.5957,0.570793,0.766846,0.243521,-0.163826
191,0,-0.413175,-0.35792,1.57473,-0.26126,-0.25198,1.03061,0.863139,0.503371,0.040115,0.164851,-0.2058,-0.964609,-0.4773,0.839205,-0.260615,102.044,9.48857,28.9418,0.590915,0.763144,0.218904,-0.143218
199,0,-0.419615,-0.351808,1.57419,-0.26126,-0.25198,1.03061,0.885504,0.460243,0.0637077,0.172343,-0.19802,-0.964928,-0.431486,0.865428,-0.254667,101.597,9.92408,25.9789,0.598502,0.764557,0.206847,-0.120259
206,0,-0.419887,-0.354742,1.57119,-0.26126,-0.25198,1.03061,0.91734,0.385522,0.0993012,0.185823,-0.194057,-0.96323,-0.352076,0.902062,-0.249655,101.391,10.7091,20.9968,0.606965,0.768286,0.185915,-0.0822528
215,0,-0.417001,-0.356334,1.57224,-0.26126,-0.25198,1.03061,0.939016,0.313853,0.14052,0.203995,-0.179447,-0.962385,-0.276832,0.93236,-0.232528,100.562,11.7707,16.4261,0.617867,0.766647,0.168868,-0.0444506
222,0,-0.416684,-0.356438,1.57302,-0.26126,-0.25198,1.03061,0.958569,0.241621,0.150877,0.200622,-0.196622,-0.959735,-0.202226,0.950242,-0.23695,101.578,11.5733,11.9128,0.617454,0.773327,0.142967,-0.0166
230,0,-0.414016,-0.35594,1.57737,-0.26126,-0.25198,1.03061,0.98752,0.130104,0.0887555,0.123738,-0.292282,-0.948293,-0.0974353,0.947441,-0.304733,107.13,7.10786,5.63494,0.589598,0.803825,0.0789482,-0.00269952
238,0,-0.414256,-0.355163,1.57732,-0.26126,-0.25198,1.03061,0.995969,0.0429633,0.0787352,0.0884059,-0.321963,-0.942616,-0.015148,0.945777,-0.324464,108.858,5.07191,0.871364,0.580849,0.812772,0.0404078,0.0195587
246,0,-0.413084,-0.354369,1.57298,-0.26126,-0.25198,1.03061,0.995945,0.0142373,0.0888287,0.0886424,-0.323831,-0.941953,0.0153546,0.946008,-0.32378,108.972,5.08551,-0.883267,0.580589,0.812951,0.0316377,0.0320386
253,0,-0.41271,-0.353489,1.56989,-0.26126,-0.25198,1.03061,0.997022,-0.00043127,0.0771218,0.0727292,-0.327449,-0.942066,0.0256597,0.944869,-0.326442,109.167,4.17076,-1.47426,0.579468,0.814081,0.0222023,0.0315637
261,0,-0.411974,-0.353427,1.56921,-0.26126,-0.25198,1.03061,0.996194,-0.043277,0.0756634,0.056112,-0.34587,-0.936603,0.066703,0.937284,-0.342125,110.268,3.21667,-3.83069,0.571883,0.819175,0.00391706,0.0434481
268,0,-0.412946,-0.353721,1.57117,-0.26126,-0.25198,1.03061,0.995479,-0.0779679,0.0542453,0.0233315,-0.352886,-0.935375,0.0920717,0.932412,-0.349471,110.67,1.33692,-5.28424,0.568578,0.821255,-0.016632,0.0445407
276,0,-0.412203,-0.353139,1.56934,-0.26126,-0.25198,1.03061,0.99232,-0.106817,0.0623831,0.0218946,-0.344682,-0.938464,0.121746,0.932622,-0.339696,110.167,1.25457,-6.99457,0.571826,0.818031,-0.0259532,0.0562721
283,0,-0.412985,-0.353887,1.57132,-0.26126,-0.25198,1.03061,0.98896,-0.134233,0.062759,0.0122302,-0.348146,-0.937361,0.147674,0.92778,-0.342661,110.376,0.700755,-8.49279,0.569683,0.8185,-0.0372641,0.064274
291,0,-0.413402,-0.353973,1.57085,-0.26126,-0.25198,1.03061,0.988765,-0.138137,0.0571122,0.00639929,-0.342609,-0.939456,0.149341,0.929267,-0.337875,110.036,0.366655,-8.58893,0.571901,0.816892,-0.0403169,0.0631826
299,0,-0.412532,-0.353461,1.56979,-0.26126,-0.25198,1.03061,0.992118,-0.108783,0.0621967,0.0200305,-0.352293,-0.935675,0.123697,0.929546,-0.347337,110.632,1.14774,-7.10693,0.568438,0.820327,-0.0270478,0.0566522
307,0,-0.412635,-0.353577,1.57009,-0.26126,-0.25198,1.03061,0.988892,-0.132826,0.0667155,0.0157016,-0.352982,-0.935498,0.147807,0.926154,-0.346976,110.673,0.89967,-8.50094,0.567656,0.819886,-0.0357135,0.0654125
314,0,-0.412953,-0.353722,1.57097,-0.26126,-0.25198,1.03061,0.988481,-0.132888,0.0724347,0.0218235,-0.348449,-0.937074,0.149765,0.92786,-0.341535,110.398,1.25049,-8.61539,0.569758,0.818301,-0.0339313,0.0678846
321,0,-0.413667,-0.353015,1.56827,-0.26126,-0.25198,1.03061,0.993298,-0.108078,0.0409698,-0.000570055,-0.359038,-0.933323,0.115582,0.927044,-0.356694,111.041,-0.0326617,-6.63718,0.565147,0.822957,-0.0330055,0.0475576
329,0,-0.413973,-0.352806,1.5671,-0.26126,-0.25198,1.03061,0.995748,-0.0829657,0.0400355,0.00866047,-0.348365,-0.937319,0.0917123,0.93368,-0.346165,110.388,0.496215,-5.26232,0.570355,0.820103,-0.0226512,0.0401619
336,0,-0.41305,-0.352862,1.56829,-0.26126,-0.25198,1.03061,0.997227,-0.0672305,0.0319124,0.00629012,-0.351136,-0.936303,0.0741538,0.933908,-0.349739,110.557,0.3604,-4.25268,0.569287,0.821295,-0.0185501,0.0322863
343,0,-0.41287,-0.353437,1.56897,-0.26126,-0.25198,1.03061,0.997167,-0.0567249,0.0493898,0.0258634,-0.358013,-0.933358,0.0706268,0.931992,-0.355532,110.986,1.48203,-4.05135,0.566485,0.823212,-0.00937227,0.0364476
351,0,-0.412872,-0.353009,1.56726,-0.26126,-0.25198,1.03061,0.998185,-0.0400107,0.0450161,0.0281451,-0.350914,-0.935984,0.0532462,0.935552,-0.349151,110.552,1.61281,-3.05344,0.569675,0.821318,-0.00361177,0.0299099
359,0,-0.41353,-0.353061,1.567,-0.26126,-0.25198,1.03061,0.998533,-0.0419031,0.0343027,0.017308,-0.353264,-0.935364,0.0513125,0.934585,-0.35202,110.69,0.991726,-2.94172,0.568605,0.822164,-0.00747875,0.0260335
367,0,-0.413172,-0.353107,1.56715,-0.26126,-0.25198,1.03061,0.994955,-0.0949288,0.0324594,-0.00351442,-0.356323,-0.934356,0.100263,0.929528,-0.354859,110.875,-0.201362,-5.75437,0.566518,0.822517,-0.0299213,0.0403404
375,0,-0.412072,-0.352471,1.56693,-0.26126,-0.25198,1.03061,0.988407,-0.140309,0.0580012,0.00594468,-0.34597,-0.938227,0.151708,0.927695,-0.341125,110.241,0.340607,-8.72608,0.570376,0.817848,-0.0410724,0.064104
382,0,-0.413072,-0.35269,1.56701,-0.26126,-0.25198,1.03061,0.981802,-0.181813,0.0548529,-0.0124103,-0.349647,-0.936799,0.189502,0.919071,-0.345541,110.467,-0.711074,-10.9246,0.567145,0.818075,-0.0593538,0.0746736
388,0,-0.4131,-0.352726,1.56691,-0.26126,-0.25198,1.03061,0.981484,-0.182898,0.056893,-0.0112582,-0.351598,-0.936084,0.191211,0.918111,-0.347147,110.586,-0.645063,-11.0242,0.566291,0.81857,-0.0592973,0.0757735
396,0,-0.410867,-0.352134,1.56316,-0.26126,-0.25198,1.03061,0.950466,-0.305386,0.0579073,-0.0490459,-0.331316,-0.942244,0.306934,0.892731,-0.329883,109.373,-2.81125,-17.8968,0.56773,0.808032,-0.109659,0.112879
404,0,-0.411098,-0.351606,1.56285,-0.26126,-0.25198,1.03061,0.92775,-0.369509,0.0523652,-0.0766788,-0.326052,-0.942237,0.365239,0.870145,-0.330828,109.088,-4.39769,-21.4887,0.563664,0.803839,-0.138768,0.129878
411,0,-0.410474,-0.351268,1.56206,-0.26126,-0.25198,1.03061,0.922383,-0.380883,0.0643295,-0.0672067,-0.322238,-0.94427,0.380386,0.866655,-0.322824,108.843,-3.85357,-22.411,0.565093,0.801162,-0.139825,0.138772
419,0,-0.410154,-0.351544,1.56171,-0.26126,-0.25198,1.03061,0.92285,-0.378858,0.0693905,-0.0658239,-0.332644,-0.940753,0.379494,0.863606,-0.331918,109.473,-3.77416,-22.3534,0.560867,0.804272,-0.138225,0.139531
427,0,-0.411065,-0.351672,1.56284,-0.26126,-0.25198,1.03061,0.919978,-0.386205,0.0669796,-0.0755901,-0.342477,-0.93648,0.384612,0.856478,-0.344265,110.088,-4.33513,-22.6882,0.555256,0.807267,-0.143012,0.139852
434,0,-0.411192,-0.351925,1.56368,-0.26126,-0.25198,1.03061,0.912732,-0.403722,0.0626812,-0.0850602,-0.337836,-0.937354,0.399606,0.850221,-0.342694,109.82,-4.87949,-23.6444,0.555023,0.80518,-0.151762,0.143535
441,0,-0.410751,-0.35151,1.56287,-0.26126,-0.25198,1.03061,0.916113,-0.395387,0.0663818,-0.0718297,-0.324761,-0.943064,0.394434,0.859185,-0.325918,109.002,-4.11909,-23.2944,0.562457,0.801061,-0.145812,0.143814
449,0,-0.410973,-0.35157,1.56265,-0.26126,-0.25198,1.03061,0.910202,-0.409235,0.0637117,-0.0761769,-0.316627,-0.945486,0.407099,0.85573,-0.319369,108.515,-4.36885,-24.0972,0.564404,0.79784,-0.152102,0.147527
456,0,-0.410912,-0.352075,1.56449,-0.26126,-0.25198,1.03061,0.89364,-0.442516,0.0747486,-0.0842088,-0.328937,-0.94059,0.440814,0.834254,-0.331215,109.275,-4.83053,-26.2562,0.555312,0.799029,-0.164802,0.161309
464,0,-0.410997,-0.35192,1.5635,-0.26126,-0.25198,1.03061,0.894872,-0.440784,0.0700925,-0.0889367,-0.33,-0.939782,0.437372,0.834751,-0.334509,109.348,-5.10244,-26.0472,0.554609,0.799903,-0.165558,0.158602
471,0,-0.411215,-0.35153,1.56304,-0.26126,-0.25198,1.03061,0.891993,-0.447717,0.0624334,-0.0975574,-0.325515,-0.940491,0.441397,0.83282,-0.334035,109.091,-5.59853,-26.3282,0.555077,0.798677,-0.170681,0.157708
478,0,-0.411389,-0.351723,1.56415,-0.26126,-0.25198,1.03061,0.899264,-0.431335,0.0726262,-0.0851305,-0.335453,-0.938202,0.429042,0.837509,-0.338381,109.674,-4.88353,-25.506,0.553496,0.802044,-0.160984,0.156372
486,0,-0.411161,-0.351917,1.56468,-0.26126,-0.25198,1.03061,0.901217,-0.426497,0.0768649,-0.0749294,-0.328045,-0.941686,0.426841,0.842904,-0.327597,109.206,-4.29716,-25.3435,0.558027,0.799509,-0.156792,0.157505
493,0,-0.410905,-0.351787,1.5633,-0.26126,-0.25198,1.03061,0.924716,-0.375506,0.0624109,-0.0743803,-0.339039,-0.937827,0.373319,0.862582,-0.341446,109.876,-4.26562,-21.9845,0.557726,0.807032,-0.139364,0.134979
500,0,-0.410744,-0.352227,1.565,-0.26126,-0.25198,1.03061,0.873412,-0.482793,0.0637341,-0.112549,-0.327455,-0.93814,0.473797,0.81221,-0.340341,109.241,-6.46226,-28.4783,0.549003,0.797058,-0.186731,0.168598
508,0,-0.410573,-0.352152,1.56388,-0.26126,-0.25198,1.03061,0.822131,-0.56368,0.0797827,-0.127826,-0.319337,-0.93898,0.554762,0.761767,-0.33459,108.783,-7.34399,-34.0109,0.540417,0.786775,-0.219728,0.201628
516,0,-0.410582,-0.351271,1.56255,-0.26126,-0.25198,1.03061,0.815029,-0.574479,0.0755092,-0.132776,-0.312024,-0.94075,0.564002,0.756713,-0.330586,108.349,-7.63002,-34.6833,0.541392,0.783843,-0.225573,0.203967
523,0,-0.410109,-0.351569,1.56238,-0.26126,-0.25198,1.03061,0.843046,-0.531807,0.0803423,-0.107074,-0.31234,-0.943917,0.527076,0.787163,-0.320259,108.309,-6.14666,-32.0138,0.550102,0.786709,-0.203023,0.193025
531,0,-0.410511,-0.351351,1.56295,-0.26126,-0.25198,1.03061,0.879152,-0.471234,0.0709182,-0.0954782,-0.319984,-0.9426,0.466878,0.821918,-0.326307,108.751,-5.47884,-27.9707,0.555171,0.794582,-0.178305,0.169207
538,0,-0.410985,-0.351489,1.56368,-0.26126,-0.25198,1.03061,0.903883,-0.423238,0.0621741,-0.0870974,-0.324376,-0.94191,0.41882,0.845961,-0.330061,109.003,-4.99665,-24.861,0.558893,0.799737,-0.159532,0.15036
545,0,-0.411263,-0.35187,1.56365,-0.26126,-0.25198,1.03061,0.923541,-0.376633,0.0722488,-0.0639357,-0.336969,-0.939343,0.378133,0.862902,-0.335285,109.734,-3.66574,-22.2661,0.559305,0.805573,-0.136725,0.139771
553,0,-0.411751,-0.352032,1.56556,-0.26126,-0.25198,1.03061,0.936703,-0.343994,0.0652365,-0.0581005,-0.336457,-0.939905,0.34527,0.876621,-0.335146,109.696,-3.33079,-20.234,0.562383,0.807513,-0.124485,0.12709
560,0,-0.411516,-0.351954,1.56464,-0.26126,-0.25198,1.03061,0.958167,-0.278676,0.0652299,-0.0309014,-0.327307,-0.944413,0.284535,0.90289,-0.322226,109.115,-1.7708,-16.5392,0.571978,0.807419,-0.095854,0.108297
567,0,-0.410883,-0.351843,1.56359,-0.26126,-0.25198,1.03061,0.969008,-0.236925,0.0699236,-0.010851,-0.323611,-0.946128,0.246789,0.916047,-0.316152,108.883,-0.621727,-14.2885,0.576465,0.807585,-0.0767027,0.0980432
575,0,-0.410063,-0.351988,1.56443,-0.26126,-0.25198,1.03061,0.991698,-0.0977355,0.083565,0.0454318,-0.341642,-0.938731,0.120297,0.934734,-0.334365,109.998,2.60394,-6.9164,0.573518,0.816656,-0.0160116,0.0624075
582,0,-0.410531,-0.35178,1.56409,-0.26126,-0.25198,1.03061,0.994977,-0.0665517,0.0747776,0.0474825,-0.343854,-0.937822,0.0881262,0.936662,-0.338967,110.136,2.72157,-5.06154,0.572747,0.818199,-0.00582658,0.0497751
590,0,-0.410379,-0.351876,1.56398,-0.26126,-0.25198,1.03061,0.996792,-0.0237655,0.0764246,0.0634972,-0.346451,-0.935917,0.0487199,0.937767,-0.343831,110.313,3.64057,-2.7982,0.571513,0.819615,0.012119,0.0381717
596,0,-0.410803,-0.351903,1.56353,-0.26126,-0.25198,1.03061,0.997263,0.0136611,0.0726564,0.0729772,-0.339149,-0.937898,0.0118286,0.940633,-0.339218,109.88,4.185,-0.679558,0.574216,0.817868,0.026483,0.0258248
604,0,-0.41064,-0.351472,1.56269,-0.26126,-0.25198,1.03061,0.997132,0.0279917,0.0703199,0.0756297,-0.332575,-0.940039,-0.00292666,0.942661,-0.333738,109.483,4.33741,0.168167,0.576806,0.816003,0.0317466,0.0206474
612,0,-0.410907,-0.351793,1.56333,-0.26126,-0.25198,1.03061,0.997301,0.0204136,0.0705263,0.0732508,-0.342043,-0.936825,0.00499905,0.939462,-0.342615,110.058,4.20073,-0.287197,0.572853,0.818834,0.0285969,0.0230588
619,0,-0.411935,-0.351374,1.56151,-0.26126,-0.25198,1.03061,0.997616,0.0113811,0.0680714,0.0679495,-0.334711,-0.939868,0.0120874,0.942252,-0.334686,109.602,3.89622,-0.69418,0.576242,0.816549,0.0242884,0.0245419
627,0,-0.41135,-0.35113,1.56043,-0.26126,-0.25198,1.03061,0.998227,0.00740907,0.0590549,0.0579989,-0.343822,-0.937242,0.0133603,0.939006,-0.343642,110.145,3.32496,-0.7668,0.572443,0.819404,0.019956,0.0220938
634,0,-0.411232,-0.350908,1.56026,-0.26126,-0.25198,1.03061,0.998114,0.0241931,0.0564255,0.0613223,-0.348679,-0.935234,-0.00295182,0.93693,-0.349505,110.447,3.51572,0.169446,0.570072,0.82102,0.0260394,0.0162827
642,0,-0.411054,-0.351023,1.56008,-0.26126,-0.25198,1.03061,0.997474,0.0431002,0.0564634,0.0677924,-0.340245,-0.93789,-0.0212118,0.939349,-0.342307,109.94,3.8872,1.21824,0.57335,0.818539,0.033869,0.0107666
649,0,-0.410636,-0.352058,1.56177,-0.26126,-0.25198,1.03061,0.997565,-0.0330613,0.0614098,0.0465297,-0.340423,-0.93912,0.0519539,0.939691,-0.338056,109.925,2.66692,-2.98131,0.574257,0.817931,0.00411658,0.0346495
657,0,-0.411167,-0.351395,1.56145,-0.26126,-0.25198,1.03061,0.996002,-0.0595514,0.0665811,0.0424374,-0.340425,-0.939314,0.0786033,0.938384,-0.336537,109.921,2.43221,-4.51236,0.574247,0.81746,-0.0052339,0.0444011
664,0,-0.411135,-0.351167,1.56097,-0.26126,-0.25198,1.03061,0.994253,-0.0891943,0.0591999,0.0255629,-0.339191,-0.94037,0.103956,0.93648,-0.334961,109.834,1.4648,-5.96896,0.574478,0.816763,-0.0194767,0.0499397
672,0,-0.411207,-0.350863,1.56039,-0.26126,-0.25198,1.03061,0.992941,-0.106311,0.0525936,0.0140073,-0.335213,-0.942038,0.117779,0.936125,-0.331357,109.587,0.802585,-6.7646,0.575841,0.8154,-0.0283001,0.0522358
679,0,-0.410907,-0.350951,1.55991,-0.26126,-0.25198,1.03061,0.988463,-0.141659,0.0536064,0.000126252,-0.353154,-0.935565,0.151463,0.924778,-0.349062,110.68,0.00723373,-8.7117,0.567064,0.820164,-0.0431416,0.0625085
687,0,-0.411471,-0.351017,1.56049,-0.26126,-0.25198,1.03061,0.987054,-0.154552,0.0428769,-0.0126119,-0.341293,-0.939872,0.159893,0.927164,-0.338824,109.957,-0.722627,-9.2014,0.571607,0.816574,-0.0511784,0.0620794
694,0,-0.410518,-0.350587,1.55868,-0.26126,-0.25198,1.03061,0.986771,-0.155566,0.0456345,-0.0120623,-0.351155,-0.93624,0.161672,0.923304,-0.348386,110.56,-0.691137,-9.30461,0.567281,0.819499,-0.0511374,0.0632417
701,0,-0.410953,-0.350587,1.56044,-0.26126,-0.25198,1.03061,0.987413,-0.148004,0.0557712,0.0016202,-0.343134,-0.939285,0.158155,0.927553,-0.338575,110.068,0.0928304,-9.09985,0.571337,0.816872,-0.0448002,0.0654712
709,0,-0.410444,-0.350512,1.5602,-0.26126,-0.25198,1.03061,0.985919,-0.154137,0.0648544,0.00819313,-0.342837,-0.939359,0.167024,0.926663,-0.336747,110.051,0.469437,-9.61518,0.571475,0.816318,-0.0446957,0.0710136
716,0,-0.410683,-0.350833,1.55949,-0.26126,-0.25198,1.03061,0.984406,-0.166938,0.0554697,-0.00494846,-0.34148,-0.939876,0.175843,0.924945,-0.336981,109.967,-0.283527,-10.1278,0.57139,0.815914,-0.0526668,0.0708752
723,0,-0.410996,-0.350554,1.55968,-0.26126,-0.25198,1.03061,0.979526,-0.193377,0.0559824,-0.0131453,-0.338923,-0.940722,0.200888,0.920726,-0.334526,109.813,-0.753195,-11.5899,0.571419,0.814398,-0.0633974,0.0788529
731,0,-0.41034,-0.351186,1.56091,-0.26126,-0.25198,1.03061,0.987217,-0.149106,0.0563107,0.000644566,-0.349563,-0.936913,0.159383,0.924972,-0.344998,110.461,0.0369309,-9.17111,0.568475,0.818807,-0.0453286,0.0658562
738,0,-0.411268,-0.35091,1.55937,-0.26126,-0.25198,1.03061,0.965384,-0.256752,0.0459671,-0.0474798,-0.346266,-0.936934,0.256476,0.902318,-0.34647,110.283,-2.72141,-14.8783,0.564059,0.815187,-0.0933012,0.0927528
745,0,-0.410626,-0.350456,1.55785,-0.26126,-0.25198,1.03061,0.943035,-0.329263,0.0476464,-0.0679228,-0.330744,-0.941273,0.325686,0.884417,-0.334267,109.36,-3.89469,-19.0528,0.565249,0.807472,-0.122972,0.115587
753,0,-0.411052,-0.350858,1.55887,-0.26126,-0.25198,1.03061,0.857761,-0.510925,0.0565859,-0.123895,-0.312313,-0.941866,0.498896,0.800885,-0.331191,108.345,-7.11694,-30.1834,0.550967,0.790769,-0.200697,0.175614
760,0,-0.411744,-0.350599,1.55903,-0.26126,-0.25198,1.03061,0.801717,-0.59455,0.0613149,-0.155431,-0.306439,-0.939115,0.57714,0.743374,-0.338089,108.072,-8.9418,-35.7493,0.537864,0.782024,-0.239756,0.204103
767,0,-0.411469,-0.350509,1.55806,-0.26126,-0.25198,1.03061,0.771119,-0.633598,0.0626766,-0.168514,-0.298033,-0.939563,0.613985,0.713954,-0.336589,107.599,-9.70142,-38.5277,0.533033,0.775523,-0.258571,0.218131
775,0,-0.411222,-0.350497,1.55769,-0.26126,-0.25198,1.03061,0.772338,-0.632717,0.0562363,-0.170706,-0.292018,-0.941055,0.611844,0.717213,-0.333545,107.24,-9.82889,-38.3861,0.535438,0.774258,-0.259417,0.215716
782,0,-0.41037,-0.350361,1.55777,-0.26126,-0.25198,1.03061,0.787978,-0.612793,0.0597938,-0.159948,-0.297515,-0.941224,0.594564,0.7321,-0.33245,107.541,-9.20387,-37.0362,0.538055,0.777487,-0.248474,0.210408
790,0,-0.41013,-0.350225,1.55795,-0.26126,-0.25198,1.03061,0.801141,-0.596047,0.0538641,-0.161189,-0.301574,-0.939719,0.57636,0.744165,-0.33768,107.792,-9.27594,-35.7322,0.538954,0.781088,-0.242366,0.201714
797,0,-0.411088,-0.350452,1.55771,-0.26126,-0.25198,1.03061,0.858011,-0.511718,0.0442885,-0.139152,-0.314587,-0.938974,0.494422,0.799487,-0.341126,108.523,-7.99878,-29.9524,0.548247,0.792736,-0.20526,0.16989
804,0,-0.410669,-0.350317,1.55785,-0.26126,-0.25198,1.03061,0.8083,-0.586971,0.0459909,-0.164641,-0.300336,-0.939517,0.565282,0.75184,-0.339401,107.728,-9.47636,-34.9669,0.540501,0.78231,-0.24019,0.195342
812,0,-0.410339,-0.349947,1.55814,-0.26126,-0.25198,1.03061,0.833976,-0.548715,0.0582803,-0.13572,-0.30635,-0.942194,0.53485,0.777857,-0.32996,108.012,-7.80028,-32.6731,0.547189,0.785857,-0.217735,0.188689
819,0,-0.41042,-0.350507,1.55839,-0.26126,-0.25198,1.03061,0.905137,-0.420044,0.0654907,-0.0847269,-0.329204,-0.94045,0.416591,0.845688,-0.333564,109.293,-4.86032,-24.7143,0.557308,0.801234,-0.157498,0.150418
827,0,-0.409748,-0.350385,1.55887,-0.26126,-0.25198,1.03061,0.813416,-0.577669,0.0682139,-0.140381,-0.308756,-0.940725,0.564489,0.755625,-0.33224,108.17,-8.06987,-34.7596,0.541392,0.783328,-0.229166,0.201928
833,0,-0.410282,-0.350131,1.55788,-0.26126,-0.25198,1.03061,0.81874,-0.570907,0.0610683,-0.146607,-0.310705,-0.939132,0.555132,0.759952,-0.338086,108.306,-8.43034,-34.1385,0.540821,0.785419,-0.228386,0.196137
841,0,-0.411441,-0.350018,1.55695,-0.26126,-0.25198,1.03061,0.85857,-0.510431,0.0481507,-0.137143,-0.319141,-0.937732,0.494014,0.798505,-0.344006,108.795,-7.88255,-29.9158,0.546677,0.793996,-0.203897,0.170708
848,0,-0.409675,-0.350477,1.55813,-0.26126,-0.25198,1.03061,0.749553,-0.658629,0.0661671,-0.176842,-0.29557,-0.93881,0.637884,0.691987,-0.338019,107.476,-10.1859,-40.3984,0.528196,0.771872,-0.270599,0.228034
856,0,-0.40943,-0.350136,1.5573,-0.26126,-0.25198,1.03061,0.773419,-0.630449,0.0660028,-0.164848,-0.30058,-0.939402,0.612085,0.715671,-0.336403,107.743,-9.48843,-38.3581,0.533019,0.776273,-0.256127,0.218379
863,0,-0.410076,-0.350057,1.55703,-0.26126,-0.25198,1.03061,0.798011,-0.600439,0.0514925,-0.162369,-0.296505,-0.941128,0.580358,0.742669,-0.334107,107.487,-9.34444,-36.0267,0.540231,0.779202,-0.24474,0.202724
871,0,-0.410501,-0.350263,1.55718,-0.26126,-0.25198,1.03061,0.814285,-0.578729,0.0448684,-0.159757,-0.297751,-0.941181,0.558049,0.759221,-0.33491,107.555,-9.1928,-34.4238,0.543513,0.782136,-0.236048,0.192715
878,0,-0.410193,-0.350183,1.5575,-0.26126,-0.25198,1.03061,0.789223,-0.610878,0.062891,-0.154852,-0.297063,-0.942218,0.594262,0.733881,-0.329045,107.499,-8.90818,-36.9787,0.539239,0.777067,-0.246352,0.211421
886,0,-0.41084,-0.350296,1.5573,-0.26126,-0.25198,1.03061,0.768166,-0.637488,0.0594078,-0.173567,-0.296659,-0.939078,0.616275,0.711057,-0.33853,107.532,-9.99527,-38.739,0.532207,0.775138,-0.261584,0.217924
893,0,-0.408855,-0.350093,1.55678,-0.26126,-0.25198,1.03061,0.700952,-0.709828,0.0693592,-0.186379,-0.276177,-0.942862,0.688426,0.647974,-0.325884,106.326,-10.7415,-44.4835,0.52414,0.758784,-0.295277,0.249671
901,0,-0.40943,-0.350639,1.5586,-0.26126,-0.25198,1.03061,0.631008,-0.772778,0.068138,-0.231395,-0.271321,-0.93426,0.740462,0.573759,-0.350023,106.194,-13.3792,-49.563,0.50241,0.750392,-0.33455,0.269393
909,0,-0.411171,-0.3506,1.55696,-0.26126,-0.25198,1.03061,0.644823,-0.763199,0.0416122,-0.240013,-0.253874,-0.936986,0.72567,0.594202,-0.346881,105.16,-13.8873,-48.3761,0.510898,0.749263,-0.334733,0.256013
917,0,-0.410681,-0.350451,1.55784,-0.26126,-0.25198,1.03061,0.58958,-0.805305,0.0622937,-0.237407,-0.246494,-0.939616,0.772032,0.53919,-0.336513,104.699,-13.7336,-52.632,0.501641,0.736985,-0.353709,0.28302
924,0,-0.409667,-0.350316,1.55739,-0.26126,-0.25198,1.03061,0.643064,-0.762218,0.0741135,-0.212589,-0.27065,-0.938911,0.735714,0.588024,-0.336085,106.08,-12.2741,-48.8443,0.509001,0.749966,-0.32495,0.269955
931,0,-0.409646,-0.350082,1.55692,-0.26126,-0.25198,1.03061,0.64182,-0.76351,0.0715505,-0.203533,-0.259561,-0.944035,0.739352,0.591338,-0.321991,105.374,-11.7436,-49.0393,0.514847,0.745549,-0.324272,0.271915
939,0,-0.409457,-0.350136,1.55669,-0.26126,-0.25198,1.03061,0.650895,-0.756465,0.0640009,-0.210432,-0.260778,-0.942185,0.729421,0.599796,-0.328923,105.471,-12.1476,-48.256,0.515071,0.748431,-0.322975,0.265028
946,0,-0.409576,-0.350123,1.55744,-0.26126,-0.25198,1.03061,0.628126,-0.775615,0.0622804,-0.22378,-0.256725,-0.940221,0.745238,0.57664,-0.334823,105.272,-12.9312,-49.874,0.509063,0.744928,-0.3354,0.271005
953,0,-0.409328,-0.3507,1.55823,-0.26126,-0.25198,1.03061,0.616439,-0.783987,0.0732555,-0.217455,-0.258919,-0.941103,0.75678,0.564203,-0.33009,105.383,-12.5596,-50.8353,0.506811,0.742537,-0.337169,0.279459
961,0,-0.410713,-0.350348,1.55771,-0.26126,-0.25198,1.03061,0.636545,-0.768372,0.0664457,-0.217087,-0.261178,-0.940564,0.740057,0.584286,-0.333054,105.519,-12.538,-49.3002,0.510469,0.746789,-0.329899,0.26999
969,0,-0.41062,-0.349803,1.55669,-0.26126,-0.25198,1.03061,0.627262,-0.77593,0.0668896,-0.217416,-0.256935,-0.941655,0.747845,0.576122,-0.329865,105.262,-12.5573,-50.0114,0.510015,0.743986,-0.333792,0.273774
976,0,-0.409458,-0.350363,1.55718,-0.26126,-0.25198,1.03061,0.638859,-0.766685,0.06367,-0.217773,-0.259598,-0.940842,0.737858,0.5872,-0.33281,105.425,-12.5783,-49.113,0.511481,0.746871,-0.329527,0.268295
984,0,-0.410624,-0.351042,1.55884,-0.26126,-0.25198,1.03061,0.679687,-0.73138,0.0557664,-0.208911,-0.265902,-0.941091,0.703123,0.627997,-0.333523,105.777,-12.0585,-45.971,0.519678,0.754836,-0.311422,0.251343
991,0,-0.41033,-0.350554,1.55814,-0.26126,-0.25198,1.03061,0.721691,-0.689337,0.0630593,-0.188317,-0.283182,-0.940396,0.666107,0.6668,-0.334184,106.759,-10.8546,-42.7064,0.525434,0.764699,-0.286928,0.238384
998,0,-0.409969,-0.350583,1.55739,-0.26126,-0.25198,1.03061,0.753337,-0.653449,0.0740832,-0.15394,-0.28474,-0.946164,0.639364,0.701375,-0.315097,106.749,-8.8553,-40.3216,0.537006,0.767003,-0.263163,0.232544
1006,0,-0.409902,-0.350068,1.55711,-0.26126,-0.25198,1.03061,0.764072,-0.640661,0.0758137,-0.146081,-0.286279,-0.946945,0.628374,0.712459,-0.312326,106.821,-8.39989,-39.4339,0.539784,0.76855,-0.255918,0.229064
1014,0,-0.41028,-0.350344,1.55859,-0.26126,-0.25198,1.03061,0.763437,-0.642741,0.0636234,-0.16929,-0.294192,-0.940634,0.623301,0.707344,-0.333407,107.368,-9.74656,-39.2296,0.532879,0.773149,-0.262573,0.222119
1021,0,-0.410319,-0.350263,1.5576,-0.26126,-0.25198,1.03061,0.775382,-0.629229,0.053422,-0.177124,-0.297904,-0.938019,0.606143,0.717861,-0.342441,107.619,-10.2023,-38.016,0.53269,0.777131,-0.259401,0.21218
1029,0,-0.409624,-0.350127,1.55726,-0.26126,-0.25198,1.03061,0.779649,-0.623375,0.0595975,-0.167593,-0.299407,-0.939291,0.603374,0.722329,-0.337906,107.68,-9.64789,-37.7365,0.534401,0.777329,-0.254386,0.213221
1036,0,-0.409663,-0.350759,1.55857,-0.26126,-0.25198,1.03061,0.771631,-0.632268,0.0694431,-0.152535,-0.289928,-0.944815,0.617509,0.718456,-0.32016,107.059,-8.77388,-38.6691,0.538875,0.771641,-0.254264,0.222562
1044,0,-0.410069,-0.350008,1.55767,-0.26126,-0.25198,1.03061,0.759889,-0.646358,0.0692135,-0.157467,-0.28633,-0.945103,0.630692,0.707274,-0.319359,106.855,-9.05992,-39.692,0.537168,0.769022,-0.261314,0.227531
1051,0,-0.409074,-0.350662,1.55877,-0.26126,-0.25198,1.03061,0.656578,-0.74959,0.0837876,-0.198478,-0.278876,-0.939593,0.727676,0.600286,-0.331881,106.531,-11.448,-47.9402,0.511327,0.752884,-0.314812,0.269452
1060,0,-0.409535,-0.350296,1.55735,-0.26126,-0.25198,1.03061,0.600805,-0.796549,0.0673968,-0.231638,-0.254166,-0.939012,0.7651,0.548552,-0.337215,105.146,-13.3935,-51.8587,0.502351,0.740302,-0.347219,0.281134
1068,0,-0.410341,-0.350484,1.55761,-0.26126,-0.25198,1.03061,0.556171,-0.829066,0.0576463,-0.257965,-0.238159,-0.936341,0.790018,0.505895,-0.346327,104.271,-14.9494,-54.8545,0.49287,0.731549,-0.371483,0.289681
1075,0,-0.410489,-0.350403,1.55794,-0.26126,-0.25198,1.03061,0.491799,-0.869778,0.0402368,-0.285756,-0.204882,-0.936145,0.822482,0.448897,-0.349305,102.345,-16.604,-59.1229,0.484152,0.71519,-0.403926,0.30157
1082,0,-0.410611,-0.350093,1.55731,-0.26126,-0.25198,1.03061,0.471577,-0.880447,0.049269,-0.272498,-0.198635,-0.941429,0.838665,0.430531,-0.333592,101.914,-15.813,-60.6512,0.484601,0.707779,-0.407241,0.313634
1090,0,-0.410649,-0.350212,1.55721,-0.26126,-0.25198,1.03061,0.432199,-0.900661,0.0448715,-0.294604,-0.18805,-0.936934,0.852298,0.391723,-0.346613,101.349,-17.1338,-63.1105,0.473692,0.701224,-0.426135,0.319858
1097,0,-0.410704,-0.350127,1.55711,-0.26126,-0.25198,1.03061,0.420181,-0.906773,0.0348031,-0.300935,-0.175425,-0.937371,0.856088,0.383392,-0.34659,100.6,-17.5138,-63.8575,0.473858,0.696813,-0.433297,0.31963
1105,0,-0.410998,-0.349772,1.55679,-0.26126,-0.25198,1.03061,0.398249,-0.916289,0.0425692,-0.29245,-0.170821,-0.9409,0.869408,0.362263,-0.335998,100.29,-17.0047,-65.3889,0.472078,0.690121,-0.437872,0.330369
1112,0,-0.409575,-0.350432,1.55767,-0.26126,-0.25198,1.03061,0.400411,-0.91404,0.0648251,-0.279514,-0.189205,-0.941315,0.872664,0.358793,-0.331247,101.365,-16.2312,-65.3526,0.46903,0.692976,-0.43059,0.338211
1120,0,-0.409329,-0.350671,1.55872,-0.26126,-0.25198,1.03061,0.332372,-0.94033,0.0728559,-0.296701,-0.177573,-0.938316,0.895264,0.290253,-0.338017,100.716,-17.2596,-69.6323,0.45188,0.679699,-0.454993,0.356084
1128,0,-0.409819,-0.350309,1.55776,-0.26126,-0.25198,1.03061,0.283514,-0.956624,0.0670118,-0.303739,-0.155861,-0.93992,0.909595,0.246127,-0.334752,99.4153,-17.6823,-72.6881,0.445225,0.665982,-0.473122,0.366604
1136,0,-0.4101,-0.350437,1.55732,-0.26126,-0.25198,1.03061,0.261822,-0.963534,0.0552464,-0.314398,-0.139272,-0.939019,0.912471,0.228486,-0.339397,98.4364,-18.3244,-73.9899,0.442479,0.659638,-0.48433,0.366761
1143,0,-0.409775,-0.350057,1.55684,-0.26126,-0.25198,1.03061,0.245392,-0.966798,0.0713084,-0.299332,-0.145529,-0.942986,0.922054,0.210057,-0.325105,98.7731,-17.4175,-75.0969,0.440102,0.654986,-0.483266,0.379154
1151,0,-0.410019,-0.350249,1.55676,-0.26126,-0.25198,1.03061,0.206935,-0.976581,0.0588797,-0.312084,-0.122928,-0.942068,0.927244,0.176571,-0.330213,97.4344,-18.1848,-77.4194,0.434106,0.64422,-0.500088,0.382682
1159,0,-0.4099,-0.350608,1.55791,-0.26126,-0.25198,1.03061,0.185383,-0.98084,0.0598861,-0.323148,-0.118402,-0.938912,0.928013,0.154706,-0.338906,97.1874,-18.8534,-78.7031,0.426636,0.640838,-0.508705,0.385394
1166,0,-0.409768,-0.350566,1.55799,-0.26126,-0.25198,1.03061,0.16361,-0.985202,0.051072,-0.323733,-0.10252,-0.940578,0.931895,0.137354,-0.335715,96.2205,-18.8888,-80.0422,0.425845,0.63282,-0.517104,0.388328
1174,0,-0.409761,-0.350132,1.55818,-0.26126,-0.25198,1.03061,0.176311,-0.9829,0.0531295,-0.328261,-0.109597,-0.938208,0.927987,0.147976,-0.341971,96.6628,-19.1633,-79.2424,0.425659,0.637942,-0.513825,0.384485
1181,0,-0.409749,-0.350268,1.55751,-0.26126,-0.25198,1.03061,0.174967,-0.982828,0.0586071,-0.327418,-0.114219,-0.937951,0.928539,0.144921,-0.341781,96.943,-19.1121,-79.3287,0.42396,0.638547,-0.51298,0.386481
1189,0,-0.410021,-0.349976,1.55678,-0.26126,-0.25198,1.03061,0.195261,-0.97881,0.0616815,-0.320358,-0.123097,-0.939265,0.926954,0.163642,-0.337606,97.4665,-18.6846,-78.1046,0.428532,0.643421,-0.504789,0.384132
1196,0,-0.409897,-0.350125,1.55642,-0.26126,-0.25198,1.03061,0.192999,-0.979681,0.0545626,-0.32059,-0.115518,-0.940148,0.927347,0.163955,-0.336371,97.0049,-18.6986,-78.2435,0.430439,0.641266,-0.506916,0.382801
1203,0,-0.41011,-0.350023,1.55655,-0.26126,-0.25198,1.03061,0.193001,-0.979494,0.0578158,-0.311527,-0.117046,-0.943001,0.930431,0.163989,-0.327729,97.0754,-18.1513,-78.2812,0.4325,0.639878,-0.504401,0.386107
1211,0,-0.410395,-0.350418,1.55722,-0.26126,-0.25198,1.03061,0.0844505,-0.994582,0.0606178,-0.323043,-0.0848776,-0.94257,0.942609,0.0600183,-0.328461,95.1456,-18.8471,-84.8804,0.409607,0.611921,-0.538315,0.409868
1218,0,-0.409553,-0.349878,1.55742,-0.26126,-0.25198,1.03061,0.0433009,-0.997583,0.0543462,-0.330929,-0.065648,-0.94137,0.942662,0.0227775,-0.332971,93.9892,-19.3251,-87.37,0.40146,0.6004,-0.553178,0.415143
1226,0,-0.409297,-0.350369,1.55775,-0.26126,-0.25198,1.03061,0.250091,-0.965721,0.0695538,-0.307182,-0.147265,-0.940187,0.918201,0.213767,-0.333481,98.9021,-17.8895,-74.7639,0.438561,0.657806,-0.483768,0.375397
1233,0,-0.409889,-0.350451,1.55773,-0.26126,-0.25198,1.03061,0.113193,-0.991317,0.0669211,-0.326053,-0.100685,-0.939975,0.938551,0.0845789,-0.334618,96.1139,-19.0294,-83.1231,0.41167,0.622193,-0.529325,0.404003
1240,0,-0.409639,-0.350276,1.55691,-0.26126,-0.25198,1.03061,0.263089,-0.962049,0.0724317,-0.29645,-0.152057,-0.942866,0.918097,0.226586,-0.325204,99.1613,-17.2445,-74.0098,0.443235,0.659612,-0.476985,0.375421
1248,0,-0.410414,-0.350344,1.55887,-0.26126,-0.25198,1.03061,0.28611,-0.956022,0.0645205,-0.299127,-0.153084,-0.941854,0.91031,0.250174,-0.329771,99.2318,-17.4052,-72.5521,0.448122,0.665012,-0.471852,0.366471
1255,0,-0.410306,-0.35061,1.55843,-0.26126,-0.25198,1.03061,0.189488,-0.980263,0.0563783,-0.318822,-0.115734,-0.940722,0.92868,0.160281,-0.334459,97.0136,-18.5917,-78.4676,0.429911,0.64025,-0.507257,0.384638
1262,0,-0.410053,-0.350384,1.5575,-0.26126,-0.25198,1.03061,0.180655,-0.981268,0.0669035,-0.313789,-0.12197,-0.941626,0.932148,0.149116,-0.329946,97.3805,-18.2877,-79.0318,0.426831,0.638861,-0.506784,0.390951
1270,0,-0.410065,-0.350147,1.55698,-0.26126,-0.25198,1.03061,0.322922,-0.943932,0.0686514,-0.300094,-0.170917,-0.938472,0.897588,0.282451,-0.338462,100.322,-17.4633,-70.213,0.450983,0.676813,-0.459517,0.356908
1278,0,-0.410268,-0.350738,1.55868,-0.26126,-0.25198,1.03061,0.369154,-0.927222,0.0631298,-0.298788,-0.182729,-0.936662,0.880029,0.32691,-0.344497,101.039,-17.3848,-67.243,0.458783,0.688545,-0.445145,0.342446
1285,0,-0.410825,-0.350424,1.5584,-0.26126,-0.25198,1.03061,0.380004,-0.923548,0.0515332,-0.304426,-0.177479,-0.935856,0.873454,0.33994,-0.348595,100.738,-17.7236,-66.4881,0.462041,0.690304,-0.444722,0.334993
1292,0,-0.410268,-0.350602,1.55835,-0.26126,-0.25198,1.03061,0.428498,-0.90048,0.0743286,-0.275521,-0.208567,-0.938396,0.86051,0.381622,-0.337472,102.531,-15.9931,-63.5286,0.469697,0.702591,-0.418452,0.33264
1300,0,-0.410008,-0.350498,1.55802,-0.26126,-0.25198,1.03061,0.473439,-0.878652,0.0618648,-0.265882,-0.209516,-0.940962,0.83974,0.429039,-0.332811,102.553,-15.4194,-60.586,0.482471,0.709888,-0.403068,0.317516
1307,0,-0.410435,-0.350611,1.55777,-0.26126,-0.25198,1.03061,0.52376,-0.849505,0.0633796,-0.248088,-0.223287,-0.942653,0.81494,0.478,-0.327701,103.326,-14.3644,-57.2713,0.493146,0.720199,-0.381003,0.304888
1315,0,-0.409822,-0.350349,1.55789,-0.26126,-0.25198,1.03061,0.595197,-0.801296,0.0605414,-0.230996,-0.242769,-0.94218,0.769663,0.546799,-0.329592,104.449,-13.3557,-52.2844,0.505677,0.736131,-0.35058,0.281948
1322,0,-0.410181,-0.350286,1.55708,-0.26126,-0.25198,1.03061,0.66049,-0.748596,0.0579352,-0.218343,-0.265324,-0.939111,0.718386,0.607624,-0.338695,105.776,-12.6117,-47.4043,0.513924,0.752414,-0.321279,0.257944
1329,0,-0.40974,-0.349972,1.557,-0.26126,-0.25198,1.03061,0.696031,-0.714463,0.071301,-0.188674,-0.277808,-0.941926,0.692779,0.642157,-0.328164,106.433,-10.8754,-44.8659,0.52203,0.758617,-0.297626,0.2518
1337,0,-0.410338,-0.350327,1.558,-0.26126,-0.25198,1.03061,0.728953,-0.681857,0.0608176,-0.176521,-0.273061,-0.945663,0.661414,0.678608,-0.319411,106.106,-10.1672,-42.219,0.533029,0.761811,-0.28169,0.237011
1345,0,-0.410214,-0.350317,1.55802,-0.26126,-0.25198,1.03061,0.801037,-0.594721,0.0681705,-0.142547,-0.300113,-0.943193,0.581395,0.745815,-0.325177,107.65,-8.19524,-35.9723,0.542159,0.778833,-0.236658,0.208506
1352,0,-0.410122,-0.350342,1.55774,-0.26126,-0.25198,1.03061,0.8404,-0.537196,0.0717508,-0.126051,-0.322499,-0.938139,0.527104,0.779368,-0.338742,108.971,-7.24144,-32.0962,0.542945,0.790829,-0.209668,0.189312
1359,0,-0.410057,-0.350589,1.55752,-0.26126,-0.25198,1.03061,0.873013,-0.48409,0.0592118,-0.114744,-0.321883,-0.939801,0.474007,0.813664,-0.336555,108.906,-6.58886,-28.5,0.551039,0.795527,-0.188188,0.167568
1366,0,-0.409794,-0.350449,1.55781,-0.26126,-0.25198,1.03061,0.880341,-0.470186,0.0626555,-0.101347,-0.315484,-0.943503,0.463389,0.824254,-0.325385,108.489,-5.81677,-27.7612,0.556658,0.793916,-0.179973,0.165649
1373,0,-0.410505,-0.350379,1.55815,-0.26126,-0.25198,1.03061,0.889452,-0.452376,0.0650443,-0.0968206,-0.325601,-0.940537,0.446655,0.830265,-0.333405,109.095,-5.55611,-26.6643,0.554627,0.798195,-0.172012,0.160268
1380,0,-0.411027,-0.350376,1.55804,-0.26126,-0.25198,1.03061,0.910247,-0.410581,0.0536036,-0.0979924,-0.339385,-0.935529,0.402303,0.84631,-0.349158,109.939,-5.62358,-23.844,0.552654,0.806038,-0.157739,0.141403
1387,0,-0.409951,-0.349955,1.55735,-0.26126,-0.25198,1.03061,0.893798,-0.444141,0.0621609,-0.101195,-0.334767,-0.936851,0.436903,0.831066,-0.344159,109.663,-5.808,-26.0501,0.551106,0.801986,-0.169996,0.155571
1394,0,-0.40943,-0.349954,1.55729,-0.26126,-0.25198,1.03061,0.8851,-0.458905,0.0774888,-0.0896626,-0.33152,-0.939178,0.456682,0.824318,-0.334575,109.443,-5.1442,-27.2922,0.552043,0.798623,-0.171723,0.167216
1401,0,-0.409746,-0.35007,1.55765,-0.26126,-0.25198,1.03061,0.889703,-0.451125,0.0701067,-0.087292,-0.318824,-0.943786,0.448117,0.833569,-0.323038,108.666,-5.00783,-26.7331,0.558534,0.795545,-0.169198,0.162852
1409,0,-0.410701,-0.349856,1.55744,-0.26126,-0.25198,1.03061,0.889421,-0.450662,0.0763809,-0.0797907,-0.317614,-0.944857,0.450071,0.834281,-0.318451,108.58,-4.57654,-26.8406,0.559767,0.794589,-0.166895,0.165636
1416,0,-0.409943,-0.35022,1.55784,-0.26126,-0.25198,1.03061,0.900334,-0.429481,0.0703271,-0.0815322,-0.325191,-0.942127,0.427495,0.842495,-0.327797,109.043,-4.67664,-25.3992,0.558423,0.798956,-0.1599,0.155773
1424,0,-0.409816,-0.350282,1.55758,-0.26126,-0.25198,1.03061,0.90344,-0.42223,0.0742884,-0.078406,-0.333086,-0.939631,0.421485,0.843075,-0.334028,109.519,-4.49695,-25.0106,0.555951,0.801647,-0.156127,0.154611
1432,0,-0.410032,-0.350417,1.55831,-0.26126,-0.25198,1.03061,0.90491,-0.420702,0.0644007,-0.0884899,-0.333989,-0.938414,0.416302,0.843481,-0.339458,109.591,-5.07674,-24.7047,0.554857,0.802863,-0.158555,0.149684
1439,0,-0.409614,-0.350567,1.55922,-0.26126,-0.25198,1.03061,0.887398,-0.456032,0.0675165,-0.098773,-0.331135,-0.938399,0.450298,0.826065,-0.338893,109.437,-5.66852,-26.9049,0.551673,0.799598,-0.173464,0.161898
1447,0,-0.409864,-0.350284,1.55787,-0.26126,-0.25198,1.03061,0.868494,-0.491992,0.0605169,-0.120558,-0.328062,-0.936932,0.480816,0.806424,-0.344233,109.297,-6.92428,-28.9698,0.546854,0.796993,-0.192144,0.169805
1454,0,-0.409207,-0.350386,1.55782,-0.26126,-0.25198,1.03061,0.857176,-0.510587,0.067459,-0.121601,-0.327921,-0.936846,0.500463,0.794839,-0.343174,109.291,-6.98452,-30.2786,0.544537,0.795027,-0.198795,0.178586
1462,0,-0.409997,-0.35047,1.5571,-0.26126,-0.25198,1.03061,0.852523,-0.518373,0.0670423,-0.120482,-0.319697,-0.939829,0.508615,0.793148,-0.335004,108.787,-6.91993,-30.8203,0.547225,0.791711,-0.201732,0.181776
1469,0,-0.410309,-0.350387,1.55701,-0.26126,-0.25198,1.03061,0.865201,-0.497349,0.0638108,-0.113298,-0.317872,-0.94134,0.488458,0.807218,-0.331372,108.659,-6.50547,-29.4473,0.551352,0.79285,-0.192548,0.17414
1477,0,-0.409755,-0.350334,1.55704,-0.26126,-0.25198,1.03061,0.873797,-0.482379,0.061566,-0.111142,-0.321352,-0.940415,0.47342,0.814889,-0.334409,108.866,-6.38117,-28.4487,0.551823,0.795229,-0.186588,0.168186
1484,0,-0.409561,-0.34995,1.55826,-0.26126,-0.25198,1.03061,0.88178,-0.467339,0.0636978,-0.0991325,-0.315666,-0.943678,0.461125,0.825802,-0.324677,108.495,-5.68922,-27.6072,0.557099,0.79406,-0.178347,0.165234
1491,0,-0.410017,-0.350512,1.55803,-0.26126,-0.25198,1.03061,0.894856,-0.440893,0.0696156,-0.0889295,-0.328942,-0.940153,0.437407,0.835111,-0.333564,109.284,-5.10203,-26.0495,0.555056,0.799588,-0.165655,0.158526
1498,0,-0.410208,-0.350451,1.55774,-0.26126,-0.25198,1.03061,0.903837,-0.423311,0.062339,-0.0883954,-0.327283,-0.940783,0.418646,0.844804,-0.33323,109.182,-5.0713,-24.853,0.557522,0.800679,-0.159772,0.15018
1506,0,-0.409678,-0.35017,1.55736,-0.26126,-0.25198,1.03061,0.906517,-0.417637,0.0616996,-0.0847619,-0.323226,-0.942518,0.413573,0.849179,-0.328409,108.929,-4.86233,-24.5235,0.560108,0.799711,-0.157056,0.148576
1513,0,-0.409664,-0.350069,1.55725,-0.26126,-0.25198,1.03061,0.936708,-0.342923,0.0705771,-0.0499649,-0.330457,-0.942498,0.346527,0.879319,-0.326676,109.322,-2.86397,-20.3015,0.565592,0.80527,-0.121974,0.129492
1521,0,-0.409264,-0.350273,1.55707,-0.26126,-0.25198,1.03061,0.947001,-0.314925,0.063337,-0.0482625,-0.334418,-0.941188,0.317584,0.888249,-0.331894,109.561,-2.76631,-18.5393,0.565838,0.808287,-0.112332,0.117817
1529,0,-0.410201,-0.349883,1.55643,-0.26126,-0.25198,1.03061,0.941014,-0.330955,0.0704397,-0.0465905,-0.332923,-0.941802,0.335145,0.882967,-0.328704,109.468,-2.6704,-19.6035,0.56555,0.806635,-0.117013,0.125703
