106,0,-0.337409,-0.387227,1.45848,-nan,-nan,-nan,0.826267,0.563243,0.00636881,0.176687,-0.248428,-0.9524,-0.53485,0.788061,-0.304785,104.619,10.1769,32.9154,0.564148,0.771278,0.239839,-0.171301
114,1,-0.336608,-0.387022,1.46115,-nan,-nan,-nan,0.827092,0.561723,0.0196355,0.158719,-0.199903,-0.966875,-0.539191,0.802811,-0.254494,101.681,9.13254,33.1008,0.58581,0.75523,0.238484,-0.171986
122,1,-0.33759,-0.387622,1.46483,-nan,-nan,-nan,0.824536,0.565077,0.0287959,0.155452,-0.177307,-0.971801,-0.544036,0.805761,-0.234038,100.34,8.94303,33.4172,0.594388,0.747643,0.240933,-0.172288
130,1,-0.338988,-0.389184,1.47047,-nan,-nan,-nan,0.828412,0.559265,0.0309223,0.156033,-0.177399,-0.971691,-0.537947,0.809785,-0.234223,100.346,8.97673,32.9985,0.595145,0.748337,0.238963,-0.169384
138,1,-0.340771,-0.391369,1.47754,-nan,-nan,-nan,0.840759,0.540626,0.0291257,0.152562,-0.184956,-0.970833,-0.51947,0.82068,-0.237983,100.786,8.77545,31.7102,0.595361,0.752279,0.230363,-0.162953
145,1,-0.342492,-0.393152,1.48507,-nan,-nan,-nan,0.850627,0.524861,0.0309109,0.151244,-0.187962,-0.970461,-0.503547,0.830175,-0.239268,100.962,8.69901,30.6243,0.596531,0.754629,0.223986,-0.156579
152,1,-0.343218,-0.39553,1.49257,-nan,-nan,-nan,0.849147,0.52739,0.0284384,0.150557,-0.190097,-0.970153,-0.506243,0.828084,-0.240822,101.086,8.65919,30.8025,0.595447,0.754994,0.224487,-0.158215
160,1,-0.340445,-0.398816,1.50168,-nan,-nan,-nan,0.824618,0.564743,0.0327197,0.167133,-0.187967,-0.967851,-0.540437,0.803575,-0.249389,100.991,9.62119,33.24,0.58891,0.751993,0.243312,-0.168791
168,1,-0.324884,-0.39993,1.50838,-nan,-nan,-nan,0.8239,0.565268,0.040756,0.170386,-0.178473,-0.96908,-0.540517,0.805369,-0.243357,100.435,9.81025,33.2667,0.592045,0.749288,0.245451,-0.166745
175,1,-0.319043,-0.402552,1.51671,-nan,-nan,-nan,0.83844,0.543862,0.0351226,0.15747,-0.180058,-0.97097,-0.521749,0.81963,-0.23661,100.506,9.0601,31.8934,0.59619,0.750851,0.233513,-0.162025
183,0,-0.306686,-0.404342,1.52489,-nan,-nan,-nan,0.870091,0.492397,0.0220389,0.132271,-0.190189,-0.972796,-0.474811,0.849337,-0.230611,101.062,7.60084,28.6214,0.601933,0.756785,0.206356,-0.149571
189,0,-0.314762,-0.410605,1.53972,-nan,-nan,-nan,0.825428,0.564355,0.0131232,0.153674,-0.202273,-0.967197,-0.543188,0.800368,-0.253688,101.812,8.83987,33.3477,0.585121,0.755213,0.237691,-0.175469
198,0,-0.324671,-0.401545,1.57108,-nan,-nan,-nan,0.736502,0.674164,0.0553828,0.201302,-0.140277,-0.969433,-0.645788,0.725138,-0.239025,98.2335,11.6131,41.2453,0.582495,0.72729,0.300934,-0.202947
206,0,-0.326732,-0.39371,1.57994,-nan,-nan,-nan,0.694472,0.716693,0.0637156,0.227222,-0.134429,-0.96452,-0.6827,0.68431,-0.256205,97.9344,13.1336,44.5103,0.570929,0.721995,0.326843,-0.214331
213,0,-0.328126,-0.384294,1.58782,-nan,-nan,-nan,0.656844,0.752856,0.0420022,0.211649,-0.13062,-0.968578,-0.723713,0.645094,-0.245139,97.6804,12.219,47.7731,0.565925,0.712847,0.338258,-0.23908
221,0,-0.328951,-0.374353,1.59393,-nan,-nan,-nan,0.608924,0.792648,0.0303295,0.209909,-0.124147,-0.969807,-0.76495,0.596906,-0.241981,97.2949,12.117,51.4791,0.557404,0.702683,0.356689,-0.261363
228,0,-0.330707,-0.364578,1.60137,-nan,-nan,-nan,0.518453,0.854471,0.0329588,0.211281,-0.0906564,-0.973212,-0.828594,0.511528,-0.227535,95.3218,12.1974,57.9657,0.547782,0.677614,0.3932,-0.293543
236,0,-0.332402,-0.35509,1.60854,-nan,-nan,-nan,0.460168,0.88728,0.0312993,0.204014,-0.0713654,-0.976363,-0.864074,0.455676,-0.213857,94.1805,11.7718,61.9622,0.541974,0.660566,0.413015,-0.315175
243,0,-0.33436,-0.345915,1.61808,-nan,-nan,-nan,0.396467,0.917632,0.0276542,0.204064,-0.0587176,-0.977195,-0.895082,0.393069,-0.210535,93.4387,11.7747,66.1095,0.530852,0.645314,0.434554,-0.336049
251,0,-0.336047,-0.33718,1.62758,-nan,-nan,-nan,0.340099,0.939864,0.0314242,0.197281,-0.0386359,-0.979585,-0.919463,0.339356,-0.198558,92.2586,11.378,69.7011,0.525097,0.627952,0.45272,-0.353546
259,0,-0.337758,-0.327599,1.6357,-nan,-nan,-nan,0.329184,0.943828,0.0287407,0.194918,-0.038138,-0.980078,-0.923929,0.328228,-0.196524,92.2284,11.2399,70.3897,0.523097,0.625269,0.455303,-0.357921
266,0,-0.340051,-0.318262,1.64613,-nan,-nan,-nan,0.313742,0.949105,0.0276762,0.188354,-0.0336419,-0.981525,-0.930639,0.313158,-0.189323,91.9631,10.8568,71.3697,0.522201,0.61982,0.458786,-0.364204
274,0,-0.342133,-0.316896,1.6568,-nan,-nan,-nan,0.280041,0.959909,0.0123335,0.168289,-0.0364397,-0.985064,-0.945122,0.277934,-0.171747,92.1185,9.68837,73.4954,0.517652,0.609965,0.462403,-0.382312
281,0,-0.34319,-0.318817,1.66099,-nan,-nan,-nan,0.290583,0.95668,0.0180478,0.169858,-0.0330123,-0.984915,-0.941653,0.289265,-0.172093,91.9197,9.77957,72.8504,0.520931,0.611492,0.46057,-0.377603
289,0,-0.343838,-0.320474,1.66417,-nan,-nan,-nan,0.287115,0.95768,0.0203516,0.162511,-0.027761,-0.986316,-0.94401,0.286494,-0.163604,91.6122,9.35267,73.0832,0.52339,0.607964,0.460632,-0.379816
296,0,-0.344708,-0.321843,1.66821,-nan,-nan,-nan,0.289506,0.956875,0.0240194,0.16762,-0.0259759,-0.985509,-0.942385,0.289337,-0.167911,91.5098,9.64946,72.9227,0.523359,0.608973,0.461636,-0.377014
303,0,-0.345586,-0.322963,1.67167,-nan,-nan,-nan,0.291878,0.956055,0.0276645,0.173243,-0.0244001,-0.984577,-0.940635,0.292169,-0.172751,91.4196,9.9764,72.7609,0.523146,0.610129,0.462729,-0.374089
310,0,-0.347451,-0.326156,1.68271,-nan,-nan,-nan,0.264979,0.964031,0.0207551,0.184386,-0.0295306,-0.98241,-0.946461,0.264145,-0.185579,91.7218,10.6254,74.3595,0.512316,0.608294,0.471982,-0.380451
317,0,-0.353977,-0.341157,1.71367,-nan,-nan,-nan,-0.0793932,0.99681,-0.00813969,0.140567,0.00311115,-0.990066,-0.986883,-0.0797487,-0.140366,89.82,8.08066,94.5995,0.442536,0.514262,0.552917,-0.483714
325,0,-0.354855,-0.342498,1.72316,-nan,-nan,-nan,-0.0702337,0.997049,0.0309771,0.151106,0.0413294,-0.987653,-0.986019,-0.0646857,-0.153563,87.6038,8.69105,94.0743,0.452087,0.510392,0.562389,-0.467798
333,0,-0.356144,-0.346279,1.74973,-nan,-nan,-nan,-0.197557,0.977699,0.0712441,0.177316,0.107118,-0.978307,-0.964121,-0.180639,-0.194524,83.7514,10.2135,101.58,0.422799,0.471659,0.612209,-0.473264
341,0,-0.359418,-0.346405,1.75905,-nan,-nan,-nan,-0.219454,0.975507,0.0150265,0.185675,0.0568807,-0.980964,-0.957792,-0.212486,-0.19361,86.6814,10.7005,102.905,0.401191,0.478872,0.606206,-0.49218
349,0,-0.357515,-0.34943,1.77213,-nan,-nan,-nan,-0.203792,0.978989,0.00704734,0.198163,0.0482981,-0.978978,-0.958749,-0.198111,-0.203842,87.1756,11.4296,102,0.400207,0.487789,0.60331,-0.487763
357,0,-0.359376,-0.351654,1.78114,-nan,-nan,-nan,-0.207419,0.978049,0.0199342,0.213777,0.0652026,-0.974704,-0.954608,-0.19791,-0.222609,86.1729,12.3438,102.259,0.398489,0.487337,0.611398,-0.479481
364,0,-0.330281,-0.356114,1.80731,-nan,-nan,-nan,-0.0839391,0.995783,0.0370246,0.210554,0.0540408,-0.976087,-0.973972,-0.0741362,-0.214202,86.8311,12.1548,94.9257,0.434712,0.518706,0.581417,-0.45158
372,0,-0.320013,-0.358809,1.81888,-nan,-nan,-nan,-0.0697778,0.996615,0.0434599,0.205074,0.0569665,-0.977087,-0.976256,-0.0592665,-0.208355,86.6633,11.8338,94.0883,0.441258,0.520002,0.577732,-0.448458
380,0,-0.309143,-0.360596,1.82911,-nan,-nan,-nan,-0.0509338,0.997872,0.0407058,0.199681,0.050111,-0.978579,-0.978536,-0.0417146,-0.201808,87.0686,11.5183,92.9796,0.446478,0.524586,0.570713,-0.446938
387,0,-0.297932,-0.36199,1.83834,-nan,-nan,-nan,-0.0258101,0.999331,0.025928,0.192405,0.0304177,-0.980844,-0.980976,-0.020327,-0.193062,88.2237,11.0932,91.5071,0.450429,0.533112,0.558858,-0.447865
395,0,-0.286531,-0.363672,1.84737,-nan,-nan,-nan,-0.0223813,0.999585,0.0181392,0.187391,0.0220166,-0.982039,-0.98203,-0.0185802,-0.187806,88.7157,10.8006,91.3056,0.450508,0.534651,0.555023,-0.45071
403,0,-0.276012,-0.365767,1.85911,-nan,-nan,-nan,-0.00668059,0.999864,0.0150764,0.175427,0.0160148,-0.984362,-0.98447,-0.00393131,-0.17551,89.0679,10.1035,90.3888,0.45657,0.536846,0.547313,-0.45143
410,0,-0.263968,-0.366956,1.86508,-nan,-nan,-nan,0.0363785,0.998987,0.0264757,0.178339,0.0195782,-0.983774,-0.983296,0.0405099,-0.177446,88.8599,10.273,87.8812,0.468644,0.546408,0.538666,-0.437778
417,0,-0.252039,-0.368443,1.8714,-nan,-nan,-nan,0.019022,0.999623,0.0198183,0.187484,0.015904,-0.982139,-0.982083,0.0223979,-0.187111,89.0723,10.806,88.8904,0.460384,0.545488,0.544057,-0.441011
425,0,-0.240694,-0.369772,1.88051,-nan,-nan,-nan,0.0178359,0.999581,0.0227752,0.190536,0.0189633,-0.981497,-0.981518,0.0218453,-0.190118,88.8931,10.9841,88.959,0.460076,0.545204,0.545721,-0.439626
433,0,-0.228876,-0.370867,1.88846,-nan,-nan,-nan,0.0513499,0.998464,0.0207893,0.194045,0.0104449,-0.980937,-0.979648,0.054405,-0.193211,89.3899,11.1889,86.9995,0.465989,0.555454,0.536727,-0.431565
440,0,-0.216914,-0.372815,1.89661,-nan,-nan,-nan,0.0963274,0.9952,0.017271,0.191101,-0.00146267,-0.981569,-0.976832,0.0978525,-0.190325,90.0854,11.0171,84.3682,0.475536,0.567476,0.522622,-0.422732
447,0,-0.20483,-0.374226,1.90397,-nan,-nan,-nan,0.151729,0.98828,0.0167405,0.195344,-0.0133798,-0.980643,-0.968927,0.152063,-0.195085,90.7817,11.2648,81.1,0.485609,0.583137,0.507439,-0.408217
454,0,-0.192626,-0.376208,1.91232,-nan,-nan,-nan,0.290115,0.956875,0.0149576,0.203706,-0.0464748,-0.977928,-0.93506,0.286758,-0.208404,92.7209,11.7538,72.7628,0.508733,0.621489,0.466855,-0.37012
462,0,-0.181202,-0.378619,1.92883,-nan,-nan,-nan,0.425446,0.904866,0.0145919,0.184089,-0.0707451,-0.98036,-0.886062,0.419777,-0.196675,94.1274,10.6081,64.3518,0.538058,0.650551,0.418474,-0.334897
470,0,-0.169041,-0.37803,1.95058,-nan,-nan,-nan,0.540372,0.841381,-0.00870673,0.154954,-0.109678,-0.981815,-0.827036,0.529196,-0.189642,96.374,8.9141,56.84,0.557013,0.678176,0.367285,-0.308085
478,0,-0.157346,-0.36322,1.96557,-nan,-nan,-nan,0.571268,0.820297,-0.0276708,0.115613,-0.1138,-0.986754,-0.81258,0.560501,-0.159847,96.5787,6.63896,54.8917,0.569566,0.679138,0.344521,-0.309308
486,0,-0.145058,-0.351895,1.97308,-nan,-nan,-nan,0.555735,0.83072,-0.0325976,0.125041,-0.122285,-0.984587,-0.821902,0.543093,-0.171832,97.0799,7.18313,55.9351,0.561609,0.680046,0.351359,-0.314133
493,1,-0.134652,-0.345063,1.99138,-nan,-nan,-nan,0.50761,0.861556,0.00729395,0.157162,-0.0842663,-0.983971,-0.847132,0.50062,-0.178179,94.8948,9.04223,59.0695,0.557935,0.665217,0.382852,-0.315626
501,1,-0.128842,-0.333383,2.00456,-nan,-nan,-nan,0.523691,0.851566,0.0241683,0.155355,-0.0675687,-0.985545,-0.837623,0.519875,-0.16768,93.922,8.93741,57.986,0.567548,0.663125,0.379612,-0.306675
508,1,-0.125565,-0.321129,2.01479,-nan,-nan,-nan,0.574647,0.818134,0.0209074,0.136421,-0.0705683,-0.988134,-0.806951,0.57068,-0.152162,94.0849,7.84078,54.5445,0.58136,0.670332,0.356001,-0.293155
515,1,-0.124501,-0.309532,2.02642,-nan,-nan,-nan,0.623249,0.781953,0.0105316,0.0937114,-0.0613083,-0.99371,-0.776388,0.620316,-0.111488,93.5305,5.37716,51.2441,0.602174,0.670083,0.3267,-0.285732
523,1,-0.126482,-0.308606,2.0377,-nan,-nan,-nan,0.49014,0.871643,-0.000985027,0.132256,-0.0754865,-0.988337,-0.861552,0.484293,-0.152279,94.3676,7.59995,60.3643,0.561777,0.655344,0.382966,-0.329039
530,1,-0.126726,-0.309631,2.04477,-nan,-nan,-nan,0.487423,0.873166,-0.000245179,0.101634,-0.0570138,-0.993187,-0.867231,0.484077,-0.116534,93.2855,5.8333,60.662,0.573122,0.644393,0.378185,-0.336548
537,1,-0.126941,-0.287514,2.04767,-nan,-nan,-nan,0.653484,0.756932,0.00367128,0.06826,-0.0540993,-0.9962,-0.753856,0.651251,-0.0870211,93.1084,3.91405,49.0795,0.614891,0.669814,0.307993,-0.279998
545,1,-0.12754,-0.286518,2.05459,-nan,-nan,-nan,0.65482,0.755748,0.00749676,0.0786529,-0.058277,-0.995197,-0.751681,0.652264,-0.0976027,93.3513,4.51114,48.9396,0.612156,0.672811,0.310043,-0.276521
552,1,-0.127814,-0.287501,2.05881,-nan,-nan,-nan,0.673184,0.739464,0.00405254,0.0645627,-0.0533146,-0.996488,-0.736652,0.671081,-0.0836324,93.0625,3.70175,47.5776,0.619725,0.672705,0.298804,-0.272258
560,1,-0.128147,-0.290703,2.06499,-nan,-nan,-nan,0.678923,0.734204,0.00281162,0.0515085,-0.0438095,-0.997711,-0.732401,0.677514,-0.067561,92.5142,2.95253,47.17,0.62601,0.669009,0.293611,-0.272638
568,1,-0.128566,-0.292719,2.07243,-nan,-nan,-nan,0.669518,0.742787,0.00372947,0.0482516,-0.0384807,-0.998094,-0.741227,0.668422,-0.0616042,92.2079,2.76569,47.9099,0.626385,0.665132,0.297324,-0.2772
575,1,-0.129023,-0.302706,2.07644,-nan,-nan,-nan,0.677455,0.735554,0.00392953,0.1077,-0.0939056,-0.989739,-0.727637,0.670926,-0.142836,95.42,6.18274,47.0454,0.600149,0.691772,0.304744,-0.261541
583,1,-0.129037,-0.30372,2.07951,-nan,-nan,-nan,0.619623,0.78489,0.00373716,0.125873,-0.0946672,-0.987519,-0.77474,0.61236,-0.157455,95.4758,7.23117,51.3478,0.584701,0.684059,0.332853,-0.281775
591,1,-0.129209,-0.301472,2.08332,-nan,-nan,-nan,0.568045,0.822967,0.00714876,0.138227,-0.0868397,-0.986586,-0.811307,0.561413,-0.163085,95.0302,7.94525,55.0018,0.574047,0.67416,0.356441,-0.298207
599,1,-0.129698,-0.299065,2.09073,-nan,-nan,-nan,0.572091,0.820117,0.0109613,0.136152,-0.0817801,-0.987307,-0.808811,0.566321,-0.158446,94.7351,7.82525,54.7273,0.577032,0.673112,0.355167,-0.296329
606,1,-0.130161,-0.290532,2.09885,-nan,-nan,-nan,0.634288,0.772955,0.0148069,0.0991753,-0.062359,-0.993114,-0.766709,0.631389,-0.116212,93.593,5.69168,50.3995,0.603266,0.673212,0.323869,-0.279222
614,1,-0.130689,-0.293023,2.10412,-nan,-nan,-nan,0.549886,0.835045,0.0180449,0.15766,-0.0825562,-0.984036,-0.820225,0.543953,-0.17705,94.7956,9.0711,56.1617,0.567953,0.672587,0.368988,-0.29817
622,1,-0.131056,-0.294176,2.11419,-nan,-nan,-nan,0.604358,0.796647,0.0102255,0.139846,-0.0934383,-0.985755,-0.784343,0.597179,-0.167878,95.4148,8.03895,52.3848,0.579448,0.682948,0.342813,-0.283373
630,1,-0.131742,-0.301764,2.12059,-nan,-nan,-nan,0.609421,0.792687,0.0159554,0.141392,-0.0888573,-0.985958,-0.780138,0.603119,-0.166231,95.1497,8.12842,52.0041,0.581879,0.682735,0.342036,-0.279824
638,1,-0.131958,-0.304395,2.12461,-nan,-nan,-nan,0.577738,0.816068,0.0158499,0.161224,-0.09506,-0.982329,-0.800141,0.570084,-0.18649,95.5273,9.27795,54.169,0.569251,0.681778,0.358361,-0.28759
645,1,-0.132185,-0.298226,2.12857,-nan,-nan,-nan,0.591748,0.806122,-0.00156414,0.136362,-0.102011,-0.985393,-0.794506,0.582891,-0.170289,95.9104,7.83739,53.3213,0.574336,0.682651,0.345156,-0.291536
653,1,-0.131968,-0.307136,2.12837,-nan,-nan,-nan,0.533871,0.845468,0.0128802,0.144219,-0.0760366,-0.98662,-0.833176,0.528586,-0.162526,94.4069,8.29204,57.3496,0.569058,0.665664,0.371691,-0.308074
660,1,-0.132216,-0.307657,2.13308,-nan,-nan,-nan,0.538282,0.842682,0.0117865,0.156674,-0.0863179,-0.983871,-0.828073,0.531447,-0.17849,95.0139,9.01391,56.9745,0.564242,0.671396,0.372119,-0.303951
666,1,-0.133224,-0.306927,2.14635,-nan,-nan,-nan,0.540682,0.841226,0.0011872,0.133009,-0.0840952,-0.987541,-0.830645,0.534104,-0.157359,94.8673,7.64349,56.9392,0.569918,0.667483,0.364891,-0.310666
674,1,-0.134279,-0.300977,2.15559,-nan,-nan,-nan,0.599349,0.800483,0.0028254,0.142766,-0.103419,-0.984339,-0.787654,0.590366,-0.176266,95.9978,8.20793,52.7314,0.574383,0.685389,0.344056,-0.286271
681,1,-0.133986,-0.301339,2.16096,-nan,-nan,-nan,0.582628,0.812737,-0.0019135,0.128839,-0.094685,-0.987135,-0.802462,0.574886,-0.159878,95.479,7.4025,54.0185,0.576208,0.677715,0.347335,-0.296723
688,1,-0.134218,-0.30081,2.16747,-nan,-nan,-nan,0.479881,0.877309,0.00653822,0.0964197,-0.0453306,-0.994308,-0.872019,0.47778,-0.106343,92.6103,5.53304,61.1756,0.576239,0.638662,0.38116,-0.338787
695,1,-0.134378,-0.303185,2.16652,-nan,-nan,-nan,0.546658,0.837356,0.000735668,0.0805277,-0.051697,-0.995411,-0.833475,0.544208,-0.0956909,92.973,4.6189,56.74,0.591454,0.650777,0.35261,-0.319902
702,1,-0.134072,-0.312986,2.16953,-nan,-nan,-nan,0.587061,0.809295,-0.0200212,0.0572265,-0.0661562,-0.996167,-0.807517,0.583665,-0.0851509,93.7995,3.28063,53.983,0.599115,0.659236,0.328608,-0.313825
709,1,-0.134701,-0.316997,2.17536,-nan,-nan,-nan,0.649248,0.759795,-0.0344617,0.0487693,-0.0868047,-0.995031,-0.759011,0.644341,-0.0934125,94.9858,2.79538,49.4568,0.606018,0.676289,0.298898,-0.293319
716,1,-0.134258,-0.309562,2.17875,-nan,-nan,-nan,0.506456,0.861453,-0.037428,0.101479,-0.102653,-0.989527,-0.856274,0.497354,-0.139408,95.9226,5.82432,59.3972,0.562227,0.661157,0.364108,-0.337931
723,1,-0.135347,-0.318098,2.18354,-nan,-nan,-nan,0.642004,0.766675,-0.00630119,0.0890321,-0.0827123,-0.992589,-0.761514,0.636685,-0.12136,94.7634,5.10793,49.867,0.599569,0.679352,0.314898,-0.282554
731,1,-0.135377,-0.318521,2.18709,-nan,-nan,-nan,0.663459,0.748207,0.00291844,0.0944586,-0.0798887,-0.992318,-0.742227,0.658638,-0.123677,94.6028