129,0,-0.3367,-0.388299,1.45926,-nan,-nan,-nan,0.813388,0.581571,0.0132047,0.191206,-0.245846,-0.950263,-0.549399,0.775458,-0.311169,104.505,11.0232,34.0369,0.56044,0.769806,0.250965,-0.174133
136,0,-0.337397,-0.38616,1.46335,-nan,-nan,-nan,0.801554,0.597692,0.0165994,0.17188,-0.203738,-0.96382,-0.572686,0.775406,-0.266038,101.936,9.89716,35.5446,0.577013,0.753547,0.255317,-0.18449
145,0,-0.340128,-0.36999,1.47519,-nan,-nan,-nan,0.808134,0.588825,0.0142669,0.142617,-0.172119,-0.974697,-0.571471,0.789721,-0.223072,100.014,8.19934,35.266,0.594336,0.74218,0.246383,-0.187692
154,0,-0.341615,-0.361688,1.48169,-nan,-nan,-nan,0.801593,0.597566,0.0190459,0.132829,-0.14694,-0.980186,-0.582928,0.788241,-0.19716,98.5257,7.6331,36.0251,0.603633,0.732409,0.249313,-0.192475
162,1,-0.351218,-0.350669,1.47477,-nan,-nan,-nan,0.783337,0.619152,0.0550721,0.196556,-0.162675,-0.966904,-0.589702,0.768237,-0.249127,99.5502,11.3356,36.9727,0.585563,0.7408,0.275279,-0.180423
170,1,-0.353264,-0.340587,1.47407,-nan,-nan,-nan,0.793533,0.605104,0.0644582,0.197274,-0.155598,-0.967921,-0.575663,0.780793,-0.242844,99.1325,11.3776,35.9588,0.59057,0.740266,0.270976,-0.172642
179,1,-0.351962,-0.330481,1.47555,-nan,-nan,-nan,0.804146,0.591401,0.0599518,0.183696,-0.151318,-0.971266,-0.565336,0.792053,-0.23032,98.8552,10.5851,35.1082,0.596345,0.73922,0.262134,-0.170918
188,1,-0.351045,-0.330802,1.48154,-nan,-nan,-nan,0.80393,0.593542,0.0374626,0.156776,-0.150741,-0.976063,-0.573687,0.79056,-0.214238,98.7793,9.01981,35.5118,0.599781,0.736361,0.254739,-0.182052
197,1,-0.353439,-0.338336,1.48126,-nan,-nan,-nan,0.836532,0.547551,0.0200729,0.129246,-0.161592,-0.978358,-0.532457,0.821022,-0.205946,99.3787,7.42602,32.477,0.60601,0.742305,0.227937,-0.172565
205,1,-0.352728,-0.342035,1.4838,-nan,-nan,-nan,0.84899,0.52822,0.0141102,0.110605,-0.151534,-0.982244,-0.516703,0.835477,-0.187075,98.7701,6.35021,31.3251,0.614488,0.739527,0.215957,-0.169903
214,1,-0.352846,-0.342163,1.48564,-nan,-nan,-nan,0.860131,0.509715,0.0191341,0.11353,-0.154739,-0.981411,-0.497278,0.846314,-0.190963,98.96,6.51886,30.034,0.615311,0.742602,0.209818,-0.160969
223,1,-0.353032,-0.342451,1.48654,-nan,-nan,-nan,0.873141,0.486856,0.0244077,0.119935,-0.166025,-0.978801,-0.472483,0.857559,-0.203354,99.6269,6.88837,28.4191,0.61314,0.748752,0.202601,-0.149607
232,1,-0.354048,-0.343261,1.49014,-nan,-nan,-nan,0.881157,0.471958,0.0285927,0.122375,-0.169229,-0.97795,-0.456712,0.865227,-0.206873,99.8175,7.02916,27.3981,0.613403,0.751209,0.197792,-0.142477
240,1,-0.354325,-0.343849,1.49237,-nan,-nan,-nan,0.88247,0.469497,0.0286268,0.122738,-0.171093,-0.97758,-0.454073,0.866198,-0.20861,99.9272,7.05016,27.228,0.612937,0.752026,0.19688,-0.141433
249,1,-0.356583,-0.345064,1.49811,-nan,-nan,-nan,0.874158,0.484898,0.0268814,0.12387,-0.169102,-0.977784,-0.46958,0.858067,-0.207886,99.8119,7.11548,28.2438,0.611794,0.750191,0.202871,-0.147529
257,1,-0.362231,-0.348319,1.52148,-nan,-nan,-nan,0.854534,0.51926,-0.0118585,0.0541517,-0.111777,-0.992257,-0.516565,0.847275,-0.123636,96.4272,3.10418,31.1529,0.636224,0.722832,0.198321,-0.182761
266,1,-0.36402,-0.349567,1.5309,-nan,-nan,-nan,0.872733,0.487423,-0.0274973,0.0407013,-0.128773,-0.990839,-0.486498,0.863618,-0.132223,97.4049,2.33266,29.1371,0.634771,0.730364,0.180774,-0.175938
274,1,-0.365919,-0.35081,1.54053,-nan,-nan,-nan,0.885884,0.46229,-0.0386916,0.0314629,-0.143085,-0.98921,-0.462838,0.875108,-0.141301,98.2305,1.80299,27.5852,0.632752,0.736592,0.16758,-0.17022
282,1,-0.369856,-0.352388,1.55221,-nan,-nan,-nan,0.903677,0.426168,-0.041812,0.019231,-0.137934,-0.990255,-0.427782,0.894066,-0.132844,97.9298,1.10192,25.3319,0.638925,0.737302,0.151023,-0.159227
291,1,-0.372703,-0.353307,1.55981,-nan,-nan,-nan,0.910717,0.410571,-0.0450039,0.0184568,-0.149306,-0.988619,-0.412618,0.899522,-0.143553,98.5882,1.05756,24.3738,0.635975,0.742222,0.144508,-0.154139
299,1,-0.37627,-0.354615,1.57154,-nan,-nan,-nan,0.925316,0.375695,-0.0514169,0.0135749,-0.168327,-0.985638,-0.378954,0.911328,-0.160855,99.6915,0.777807,22.2711,0.631691,0.750749,0.129627,-0.143314
308,1,-0.379358,-0.346812,1.57772,-nan,-nan,-nan,0.93157,0.357106,-0.0682037,0.0136381,-0.221792,-0.974999,-0.363305,0.90735,-0.211485,102.816,0.781431,21.3054,0.612024,0.768903,0.120543,-0.1403
317,1,-0.383513,-0.338929,1.58664,-nan,-nan,-nan,0.930032,0.364004,-0.0504095,0.051901,-0.265914,-0.962599,-0.363795,0.892631,-0.2662,105.443,2.97505,21.3636,0.591168,0.784561,0.132528,-0.131986
325,1,-0.389608,-0.314848,1.59383,-nan,-nan,-nan,0.948083,0.307818,-0.079917,0.0174203,-0.301182,-0.953407,-0.317546,0.902517,-0.290908,107.531,0.998159,18.5175,0.582235,0.796896,0.102033,-0.124691
333,1,-0.394125,-0.294839,1.59622,-nan,-nan,-nan,0.946272,0.315071,-0.0727915,0.0280163,-0.304135,-0.952217,-0.322155,0.899017,-0.296622,107.713,1.60543,18.8009,0.579982,0.797971,0.107488,-0.123735
342,1,-0.398826,-0.27387,1.59773,-nan,-nan,-nan,0.941589,0.332504,-0.0534012,0.047486,-0.288077,-0.956429,-0.333401,0.898027,-0.287039,106.762,2.72177,19.4982,0.584481,0.793206,0.119764,-0.121911
350,1,-0.397413,-0.262722,1.60136,-nan,-nan,-nan,0.957231,0.284732,-0.0513383,0.0240213,-0.255044,-0.966631,-0.288324,0.924057,-0.250975,104.781,1.37645,16.7626,0.602331,0.784737,0.098362,-0.108209
359,1,-0.396874,-0.250492,1.60443,-nan,-nan,-nan,0.957782,0.286006,-0.0292238,0.0420447,-0.239902,-0.969886,-0.284404,0.927711,-0.241799,103.893,2.40969,16.5383,0.60747,0.780942,0.105017,-0.1004
367,1,-0.395593,-0.241356,1.60704,-nan,-nan,-nan,0.948893,0.314107,0.0306256,0.105483,-0.224197,-0.968818,-0.297447,0.922536,-0.245872,103.03,6.05501,17.4045,0.608035,0.777651,0.13489,-0.085778
375,1,-0.39593,-0.231144,1.60973,-nan,-nan,-nan,0.947545,0.315124,0.0534413,0.129025,-0.224147,-0.965977,-0.292424,0.922201,-0.253048,103.064,7.41327,17.1509,0.60629,0.778579,0.142615,-0.0767368
383,1,-0.397132,-0.220292,1.61251,-nan,-nan,-nan,0.945026,0.320157,0.0665278,0.143992,-0.224773,-0.963713,-0.293586,0.920313,-0.258517,103.129,8.27894,17.2582,0.604511,0.779153,0.148928,-0.0728542
392,1,-0.397731,-0.210154,1.61513,-nan,-nan,-nan,0.936538,0.346746,0.0516138,0.137949,-0.229163,-0.963563,-0.322283,0.909534,-0.262453,103.378,7.92919,18.9895,0.601024,0.779127,0.155525,-0.0868503
400,1,-0.401334,-0.208794,1.61196,-nan,-nan,-nan,0.930142,0.360674,0.0689232,0.154703,-0.214679,-0.964355,-0.333021,0.907649,-0.255479,102.55,8.89955,19.699,0.604149,0.774645,0.166327,-0.085232
409,1,-0.396716,-0.190898,1.61912,-nan,-nan,-nan,0.921167,0.389135,0.00508601,0.107123,-0.240976,-0.964601,-0.374134,0.889103,-0.263664,104.026,6.14949,22.1047,0.59509,0.77875,0.159312,-0.118475
417,1,-0.39826,-0.177831,1.62109,-nan,-nan,-nan,0.916118,0.400347,-0.0212089,0.08339,-0.242033,-0.966678,-0.39214,0.883823,-0.255116,104.057,4.78345,23.1731,0.595602,0.776735,0.155696,-0.13304
425,1,-0.398212,-0.166236,1.62568,-nan,-nan,-nan,0.91225,0.409461,-0.0118606,0.0794021,-0.205159,-0.975503,-0.401864,0.888961,-0.219668,101.877,4.5542,23.7744,0.6098,0.764375,0.15989,-0.135315
433,1,-0.39787,-0.154495,1.62841,-nan,-nan,-nan,0.911833,0.410559,0.00102781,0.0823215,-0.180379,-0.980146,-0.402223,0.893815,-0.198273,100.428,4.72202,23.803,0.619109,0.756717,0.162835,-0.132544
442,1,-0.398628,-0.143599,1.63049,-nan,-nan,-nan,0.912527,0.408959,0.00689163,0.0868827,-0.177345,-0.980306,-0.399683,0.895154,-0.197364,100.254,4.98429,23.6532,0.620044,0.75618,0.16393,-0.12986
450,1,-0.399093,-0.133003,1.6336,-nan,-nan,-nan,0.901044,0.432613,0.0310683,0.113863,-0.166818,-0.979391,-0.418515,0.886012,-0.199569,99.6663,6.53806,24.9138,0.619406,0.7529,0.181457,-0.128651
459,1,-0.399432,-0.123661,1.63557,-nan,-nan,-nan,0.883913,0.467075,0.0231863,0.120465,-0.179505,-0.976353,-0.451869,0.865805,-0.214933,100.418,6.91894,27.0767,0.61022,0.754711,0.194624,-0.142002
468,1,-0.399712,-0.117608,1.63684,-nan,-nan,-nan,0.870536,0.491814,0.016931,0.108965,-0.159094,-0.981232,-0.47989,0.856042,-0.192088,99.2096,6.25566,28.8661,0.61631,0.745271,0.20153,-0.155299
476,1,-0.399624,-0.109766,1.63629,-nan,-nan,-nan,0.857905,0.513805,0.0018663,0.0961697,-0.157005,-0.982904,-0.504728,0.843418,-0.184108,99.0755,5.51865,30.4694,0.615791,0.741454,0.205668,-0.169553
485,1,-0.398727