131,0,-0.338218,-0.397892,1.45734,-nan,-nan,-nan,0.833201,0.552961,-0.00322475,0.179705,-0.276285,-0.944125,-0.522956,0.786067,-0.32957,106.311,10.3526,32.1143,0.553928,0.780874,0.234566,-0.168459
140,0,-0.33856,-0.406626,1.45707,-nan,-nan,-nan,0.829136,0.558917,-0.0120111,0.152289,-0.246485,-0.957107,-0.537904,0.791743,-0.289486,104.442,8.75961,32.9736,0.568587,0.768945,0.231228,-0.178789
148,0,-0.338507,-0.415374,1.45475,-nan,-nan,-nan,0.837144,0.546643,-0.0192706,0.133726,-0.2387,-0.961842,-0.530384,0.802623,-0.272927,103.937,7.68498,32.3569,0.575656,0.766285,0.22197,-0.179325
156,0,-0.339162,-0.416299,1.4574,-nan,-nan,-nan,0.872203,0.489106,0.00612698,0.138929,-0.235698,-0.961845,-0.469,0.839775,-0.273528,103.769,7.9859,28.2678,0.583733,0.771594,0.203486,-0.149973
164,0,-0.339499,-0.416807,1.45757,-nan,-nan,-nan,0.874335,0.485311,0.00327997,0.142338,-0.249963,-0.957736,-0.46398,0.837849,-0.28763,104.628,8.18316,27.9534,0.578088,0.776519,0.202071,-0.148322
173,0,-0.340116,-0.416877,1.45881,-nan,-nan,-nan,0.880196,0.474607,-0.00159427,0.13174,-0.247546,-0.959878,-0.45596,0.844671,-0.280414,104.461,7.57015,27.3851,0.581428,0.775912,0.195366,-0.147425
181,0,-0.345906,-0.421497,1.47864,-nan,-nan,-nan,0.901102,0.433148,-0.0199516,0.0663195,-0.183148,-0.980846,-0.428506,0.882519,-0.193761,100.577,3.80262,25.4327,0.617291,0.754654,0.165463,-0.148564
190,0,-0.347353,-0.42344,1.48717,-nan,-nan,-nan,0.907747,0.419401,-0.00995844,0.0715581,-0.178182,-0.981392,-0.413371,0.890143,-0.191756,100.291,4.10349,24.4836,0.620042,0.7546,0.162655,-0.14025
198,0,-0.349461,-0.426365,1.4978,-nan,-nan,-nan,0.914403,0.404591,-0.0131508,0.0565865,-0.159922,-0.985506,-0.40083,0.900406,-0.169128,99.2173,3.2439,23.6703,0.629554,0.748908,0.15395,-0.138195
206,0,-0.351273,-0.428352,1.50528,-nan,-nan,-nan,0.920795,0.390017,0.0048421,0.0614334,-0.132757,-0.989243,-0.385178,0.911187,-0.146202,97.6435,3.52209,22.7001,0.640671,0.741578,0.152192,-0.128218
215,0,-0.353587,-0.429649,1.51257,-nan,-nan,-nan,0.92173,0.38783,-0.00143952,0.0420319,-0.103583,-0.993732,-0.385549,0.915892,-0.111777,95.9508,2.40896,22.699,0.653141,0.730939,0.147024,-0.13236
223,0,-0.355037,-0.431,1.51793,-nan,-nan,-nan,0.919223,0.393443,-0.0151944,0.00766315,-0.0564602,-0.998375,-0.393662,0.917614,-0.0549145,93.2367,0.43907,23.1833,0.672281,0.712495,0.14074,-0.143459
231,0,-0.356156,-0.431587,1.52012,-nan,-nan,-nan,0.915281,0.402691,0.0100517,0.016119,-0.0116808,-0.999802,-0.402494,0.915261,-0.0171821,90.6694,0.92359,23.7374,0.686735,0.697163,0.150184,-0.140728
240,0,-0.356389,-0.431851,1.52182,-nan,-nan,-nan,0.90266,0.4303,-0.00681698,-0.0161353,0.01801,-0.999708,-0.430051,0.902506,0.0231999,88.9679,-0.924524,25.4743,0.697114,0.682175,0.151781,-0.160101
249,0,-0.355322,-0.430471,1.51637,-nan,-nan,-nan,0.916504,0.399972,0.00660049,-0.00861325,0.0362275,-0.999306,-0.399934,0.915811,0.0366477,87.9238,-0.493509,23.575,0.705227,0.678901,0.144115,-0.144842
257,0,-0.355745,-0.421739,1.54177,-nan,-nan,-nan,0.871152,0.490253,-0.0273068,-0.140001,0.194699,-0.97082,-0.470631,0.849555,0.238248,78.6597,-8.04788,28.3797,0.758963,0.599626,0.14603,-0.207604
266,0,-0.353834,-0.421626,1.54388,-nan,-nan,-nan,0.877201,0.475157,-0.068886,-0.204857,0.240647,-0.948748,-0.434227,0.846354,0.308434,75.7673,-11.8211,26.3361,0.778826,0.57622,0.117273,-0.218281
274,0,-0.352949,-0.421559,1.54245,-nan,-nan,-nan,0.901247,0.422409,-0.096564,-0.251054,0.327407,-0.910921,-0.353166,0.845207,0.401122,70.2303,-14.5399,21.3984,0.810829,0.541461,0.0791171,-0.207647
283,0,-0.352802,-0.421837,1.54101,-nan,-nan,-nan,0.906957,0.406653,-0.109833,-0.277885,0.381671,-0.881537,-0.316559,0.830036,0.459162,66.5893,-16.134,19.2408,0.828823,0.516266,0.0623553,-0.206479
292,0,-0.358754,-0.415382,1.55155,-nan,-nan,-nan,0.887939,0.400576,-0.226062,-0.390239,0.395922,-0.83124,-0.243472,0.826308,0.507874,64.5314,-22.9694,15.3336,0.835424,0.49602,0.00521002,-0.236651
300,0,-0.359269,-0.411104,1.55468,-nan,-nan,-nan,0.870929,0.404751,-0.278672,-0.448697,0.423753,-0.786832,-0.200383,0.810314,0.55067,61.695,-26.6601,12.9571,0.843409,0.47342,-0.0232063,-0.252976
309,1,-0.360342,-0.400945,1.55939,-nan,-nan,-nan,0.848966,0.451067,-0.275309,-0.502798,0.529141,-0.683523,-0.162638,0.718713,0.676019,52.2552,-30.1853,10.8449,0.873803,0.401188,-0.0322358,-0.272906
317,0,-0.355869,-0.388544,1.5643,-nan,-nan,-nan,0.832791,0.488944,-0.259601,-0.537033,0.599728,-0.59323,-0.134367,0.633451,0.762027,44.6879,-32.4819,9.16542,0.893665,0.34316,-0.0350338,-0.287014
325,0,-0.357335,-0.373713,1.56731,-nan,-nan,-nan,0.797672,0.547839,-0.252174,-0.592384,0.633284,-0.498029,-0.113142,0.546648,0.829684,38.1823,-36.3264,8.073,0.902862,0.289268,-0.0384976,-0.315725
333,1,-0.357589,-0.367798,1.57016,-nan,-nan,-nan,0.829859,0.542882,-0.128893,-0.532752,0.702251,-0.472248,-0.165859,0.460567,0.871991,33.9199,-32.1916,11.3025,0.92251,0.252792,0.0100178,-0.291497
342,1,-0.359884,-0.368134,1.56956,-nan,-nan,-nan,0.782224,0.581958,-0.222374,-0.622354,0.746164,-0.236463,0.0283156,0.323363,0.945851,17.5837,-38.4882,-2.07314,0.931966,0.150173,-0.0672475,-0.323057
350,1,-0.360499,-0.374396,1.56586,-nan,-nan,-nan,0.831026,0.555609,0.0263546,-0.50705,0.776174,-0.374771,-0.228682,0.298081,0.926743,25.7733,-30.4676,15.3858,0.939939,0.178962,0.0678332,-0.28264
358,1,-0.359506,-0.374945,1.5677,-nan,-nan,-nan,0.815405,0.575205,0.0652207,-0.522956,0.780245,-0.343125,-0.248255,0.245679,0.937023,23.7383,-31.5308,16.9332,0.93977,0.156635,0.0833917,-0.292135
367,1,-0.359343,-0.3741,1.56682,-nan,-nan,-nan,0.808879,0.585917,0.0491507,-0.550168,0.78371,-0.288293,-0.207436,0.206153,0.95628,20.1964,-33.3786,14.3835,0.941922,0.131233,0.0681019,-0.301534
376,1,-0.358371,-0.369063,1.56893,-nan,-nan,-nan,0.787168,0.607617,0.10568,-0.54662,0.766707,-0.336699,-0.28561,0.207272,0.935663,23.7087,-33.1355,19.9424,0.934015,0.1456,0.104734,-0.308945
385,1,-0.357578,-0.368239,1.56837,-nan,-nan,-nan,0.784765,0.612241,0.0964612,-0.554787,0.763283,-0.331074,-0.276324,0.2063,0.938661,23.4488,-33.696,19.3977,0.933637,0.143893,0.0998208,-0.312495
393,1,-0.357941,-0.365945,1.56425,-nan,-nan,-nan,0.802146,0.587528,0.10664,-0.511772,0.768446,-0.384162,-0.307653,0.253578,0.917086,26.5614,-30.782,20.9837,0.933766,0.170744,0.11092,-0.294319
402,1,-0.356738,-0.365011,1.56438,-nan,-nan,-nan,0.804969,0.580885,0.120821,-0.496124,0.770684,-0.399884,-0.325401,0.261952,0.908568,27.4234,-29.7439,22.0106,0.933303,0.177283,0.119528,-0.288494
410,1,-0.357993,-0.363656,1.56409,-nan,-nan,-nan,0.812538,0.556576,0.173222,-0.451424,0.788835,-0.41708,-0.36878,0.260697,0.89221,27.8667,-26.8351,24.4115,0.934556,0.18131,0.144989,-0.269647
419,1,-0.36,-0.36298,1.56131,-nan,-nan,-nan,0.803597,0.550978,0.225064,-0.423171,0.794845,-0.434911,-0.418518,0.254253,0.871894,28.6859,-25.035,27.5107,0.931442,0.184972,0.172738,-0.261463
428,1,-0.359667,-0.363437,1.56244,-nan,-nan,-nan,0.792641,0.560193,0.24063,-0.415591,0.785217,-0.459041,-0.446099,0.263851,0.855207,30.3107,-24.5565,29.3708,0.926427,0.195075,0.185317,-0.263319
436,1,-0.35964,-0.364447,1.56289,-nan,-nan,-nan,0.785521,0.560531,0.262223,-0.408688,0.788079,-0.460331,-0.464683,0.254432,0.848136,30.29,-24.1225,30.6069,0.924897,0.193201,0.196483,-0.26198
445,1,-0.35906,-0.364329,1.56167,-nan,-nan,-nan,0.768142,0.577267,0.276986,-0.418049,0.779839,-0.465924,-0.484968,0.242102,0.840353,30.8567,-24.7115,32.2663,0.920371,0.192321,0.206969,-0.270357
453,1,-0.35912,-0.364306,1.56292,-nan,-nan,-nan,0.764659,0.586356,0.267365,-0.435386,0.775926,-0.456484,-0.475117,0.232648,0.84861,30.4687,-25.8098,31.8546,0.920488,0.187165,0.201654,-0.2775
462,1,-0.358383,-0.364538,1.56214,-nan,-nan,-nan,0.733038,0.614056,0.292559,-0.451645,0.761025,-0.465679,-0.508598,0.209228,0.835196,31.4629,-26.8493,34.7537,0.912313,0.184944,0.21954,-0.292033
471,1,-0.357265,-0.364443,1.56009,-nan,-nan,-nan,0.729489,0.609352,0.310701,-0.43417,0.763521,-0.478051,-0.528528,0.213836,0.821543,32.0513,-25.7325,35.924,0.910296,0.190017,0.230482,-0.286589
479,1,-0.355446,-0.365189,1.56059,-nan,-nan,-nan,0.732851,0.608502,0.304391,-0.454277,0.77066,-0.446895,-0.506519,0.189229,0.841208,30.1088,-27.0184,34.6508,0.914429,0.173913,0.221699,-0.290558
488,1,