109,0,-0.335971,-0.395369,1.45208,-nan,-nan,-nan,0.817554,0.574772,0.0352497,0.20069,-0.227016,-0.952988,-0.539749,0.786194,-0.300949,103.399,11.5773,33.4328,0.5678,0.765754,0.25317,-0.164707
117,0,-0.334075,-0.403597,1.44856,-nan,-nan,-nan,0.81257,0.582676,0.0148087,0.166921,-0.208286,-0.963719,-0.558451,0.785561,-0.266508,102.196,9.60885,34.4994,0.578311,0.756202,0.247816,-0.179728
124,0,-0.335515,-0.405081,1.45475,-nan,-nan,-nan,0.810756,0.585232,0.0133327,0.155752,-0.193705,-0.968617,-0.564283,0.787389,-0.248198,101.309,8.96039,34.8378,0.58499,0.750443,0.246849,-0.183542
133,1,-0.339083,-0.405923,1.46075,-nan,-nan,-nan,0.79876,0.60157,-0.00983267,0.118426,-0.173226,-0.977736,-0.58988,0.779812,-0.209608,100.047,6.80127,36.4457,0.594963,0.738511,0.243732,-0.203014
140,0,-0.338953,-0.409539,1.46473,-nan,-nan,-nan,0.796185,0.605031,-0.00523506,0.0739993,-0.105959,-0.991613,-0.600512,0.78912,-0.129135,96.0992,4.24373,37.0249,0.624718,0.712614,0.238218,-0.212509
147,0,-0.341319,-0.412082,1.47321,-nan,-nan,-nan,0.789211,0.614116,-0.00269083,0.0620679,-0.0841221,-0.994521,-0.610978,0.784719,-0.104507,94.8349,3.55852,37.7457,0.63257,0.703178,0.240403,-0.218177
155,0,-0.34293,-0.413818,1.48223,-nan,-nan,-nan,0.774699,0.632326,-0.0022965,0.051876,-0.067175,-0.996392,-0.630199,0.771784,-0.084843,93.8569,2.97361,39.1275,0.636922,0.694031,0.246459,-0.227834
163,0,-0.344748,-0.415441,1.49049,-nan,-nan,-nan,0.75571,0.654664,-0.0178436,0.0270361,-0.0584087,-0.997927,-0.654348,0.75366,-0.0618396,93.3497,1.54924,40.8884,0.639426,0.684828,0.248858,-0.245387
171,0,-0.34621,-0.415919,1.49566,-nan,-nan,-nan,0.719084,0.693573,-0.0432913,-0.0143378,-0.0474758,-0.998769,-0.694775,0.71882,-0.0241948,92.7215,-0.821523,44.015,0.641758,0.669095,0.253789,-0.27577
179,0,-0.347329,-0.416214,1.49817,-nan,-nan,-nan,0.702069,0.709868,-0.0564508,-0.0498761,-0.0300599,-0.998303,-0.710361,0.703693,0.0143014,91.7247,-2.85888,45.3364,0.64929,0.655329,0.251779,-0.292529
186,0,-0.348104,-0.413081,1.50578,-nan,-nan,-nan,0.623625,0.773994,-0.10966,-0.18174,0.00711419,-0.983321,-0.760304,0.633153,0.145102,89.5855,-10.4711,50.6403,0.666303,0.606508,0.244125,-0.358595
194,0,-0.349042,-0.412462,1.51079,-nan,-nan,-nan,0.591738,0.795543,-0.130219,-0.26058,0.0359024,-0.964784,-0.762853,0.604832,0.228548,87.8688,-15.1045,52.1996,0.68121,0.57604,0.232173,-0.387591
202,0,-0.348587,-0.413171,1.51369,-nan,-nan,-nan,0.676469,0.725446,-0.126953,-0.325467,0.139842,-0.935155,-0.660652,0.673923,0.330708,81.4951,-18.9939,44.3223,0.732635,0.549072,0.182116,-0.358607
210,1,-0.350894,-0.411504,1.51859,-nan,-nan,-nan,0.807414,0.560906,-0.182939,-0.401362,0.294938,-0.867133,-0.432424,0.773561,0.463264,71.2153,-23.6633,28.172,0.800877,0.512155,0.0778787,-0.300379
217,0,-0.350493,-0.401522,1.52843,-nan,-nan,-nan,0.81535,0.554952,-0.165024,-0.434932,0.398962,-0.807257,-0.382151,0.729971,0.56666,63.7005,-25.781,25.1123,0.833812,0.460904,0.0651006,-0.296795
225,0,-0.351318,-0.390984,1.53667,-nan,-nan,-nan,0.805521,0.556851,-0.202617,-0.510142,0.47771,-0.715227,-0.301482,0.679493,0.668878,56.2605,-30.6733,20.5194,0.859085,0.405874,0.0287707,-0.310502
233,0,-0.350581,-0.382123,1.54414,-nan,-nan,-nan,0.793848,0.563723,-0.228084,-0.564237,0.542907,-0.622004,-0.22681,0.62247,0.749059,48.8844,-34.3493,15.9451,0.878324,0.354218,-0.000362558,-0.321054
240,1,-0.345674,-0.361544,1.55472,-nan,-nan,-nan,0.770034,0.577934,-0.27026,-0.616398,0.56461,-0.54888,-0.164625,0.589243,0.791006,44.1906,-38.0536,12.0676,0.883975,0.321876,-0.0298748,-0.337773
249,1,-0.341683,-0.352422,1.55593,-nan,-nan,-nan,0.750919,0.593474,-0.289672,-0.652224,0.59769,-0.46623,-0.103561,0.539032,0.835894,37.9562,-40.7095,7.85228,0.892259,0.281662,-0.0521461,-0.349029
256,1,-0.342105,-0.3492,1.55428,-nan,-nan,-nan,0.734505,0.613921,-0.289141,-0.675505,0.620793,-0.397881,-0.0647706,0.487562,0.870682,32.6568,-42.4934,5.03946,0.898051,0.24649,-0.0624605,-0.358951
264,1,-0.342175,-0.350424,1.55531,-nan,-nan,-nan,0.725619,0.637172,-0.259787,-0.684954,0.632808,-0.361097,-0.0656853,0.439962,0.895611,29.7102,-43.232,5.1725,0.901948,0.222036,-0.0538008,-0.366464
272,1,-0.341737,-0.349325,1.55562,-nan,-nan,-nan,0.742491,0.621773,-0.249209,-0.668571,0.664839,-0.33317,-0.0414723,0.41399,0.909336,26.6168,-41.9568,3.19696,0.910586,0.205132,-0.0570338,-0.354262
280,1,-0.34259,-0.352485,1.55445,-nan,-nan,-nan,0.751016,0.617482,-0.23386,-0.655914,0.657003,-0.37165,-0.0758405,0.432508,0.898435,29.4958,-40.989,5.7664,0.909183,0.221121,-0.043451,-0.350148
288,1,-0.342881,-0.352038,1.55346,-nan,-nan,-nan,0.749145,0.609364,-0.259725,-0.659648,0.65055,-0.376362,-0.0603773,0.453277,0.889323,30.0506,-41.2731,4.60779,0.906783,0.228731,-0.0549601,-0.349867
296,1,-0.344325,-0.350338,1.55395,-nan,-nan,-nan,0.725213,0.624327,-0.290314,-0.688057,0.641618,-0.338975,-0.0253607,0.445582,0.894882,27.8481,-43.4765,2.00282,0.903011,0.217206,-0.0733528,-0.363336
304,0,-0.343627,-0.350999,1.55373,-nan,-nan,-nan,0.7486,0.603201,-0.275221,-0.662715,0.668102,-0.338304,-0.0201894,0.435648,0.899891,26.8561,-41.5072,1.54487,0.910576,0.21249,-0.0700194,-0.347559
312,0,-0.344062,-0.350015,1.55439,-nan,-nan,-nan,0.728617,0.618784,-0.29364,-0.684733,0.647999,-0.333524,-0.0161014,0.444076,0.895844,27.2348,-43.2146,1.26595,0.904497,0.214926,-0.0767106,-0.360288
320,0,-0.343615,-0.349063,1.55456,-nan,-nan,-nan,0.687658,0.654247,-0.314782,-0.725325,0.599888,-0.337695,-0.0321022,0.460538,0.887059,29.3765,-46.4959,2.67283,0.890871,0.224003,-0.0793267,-0.387141
327,0,-0.344199,-0.34799,1.55423,-nan,-nan,-nan,0.638464,0.669816,-0.379092,-0.769571,0.548451,-0.327052,-0.0111512,0.500549,0.865637,30.8084,-50.3154,1.00061,0.873578,0.236842,-0.105297,-0.411923
335,0,-0.345007,-0.350176,1.55271,-nan,-nan,-nan,0.677659,0.647392,-0.348801,-0.734692,0.575569,-0.359093,-0.0317148,0.499604,0.865673,31.9597,-47.2812,2.67952,0.883021,0.243113,-0.0897731,-0.391294
343,0,-0.344721,-0.348585,1.55314,-nan,-nan,-nan,0.619216,0.676936,-0.397905,-0.784649,0.514111,-0.346432,-0.0299449,0.526733,0.849503,33.974,-51.6883,2.76863,0.863544,0.252785,-0.106526,-0.423136
350,0,-0.34661,-0.348855,1.5541,-nan,-nan,-nan,0.592956,0.699256,-0.399305,-0.803863,0.485106,-0.344204,-0.0469816,0.525085,0.849752,35.3574,-53.5006,4.53025,0.855543,0.254017,-0.102953,-0.439229
357,1,-0.346111,-0.348095,1.55408,-nan,-nan,-nan,0.590489,0.698909,-0.403545,-0.80646,0.491945,-0.328044,-0.0307507,0.519149,0.85413,33.6965,-53.7515,2.98108,0.85682,0.247191,-0.108773,-0.439231
365,1,-0.346798,-0.347883,1.55349,-nan,-nan,-nan,0.613194,0.673457,-0.412855,-0.789932,0.523125,-0.319918,0.000523676,0.522299,0.852762,31.448,-52.1792,-0.0489313,0.864448,0.243571,-0.11955,-0.423215
373,1,-0.345884,-0.347506,1.5536,-nan,-nan,-nan,0.609016,0.67771,-0.412078,-0.793143,0.523525,-0.3112,0.00482988,0.516363,0.856356,30.7286,-52.4802,-0.454382,0.864421,0.23934,-0.120574,-0.425387
380,0,-0.346355,-0.347225,1.55327,-nan,-nan,-nan,0.60147,0.676917,-0.424285,-0.798813,0.517206,-0.307238,0.0114675,0.523719,0.851814,30.7118,-53.0169,-1.09225,0.861755,0.241065,-0.126414,-0.428118
388,0,-0.346278,-0.347056,1.55389,-nan,-nan,-nan,0.56201,0.701569,-0.438116,-0.827116,0.473646,-0.302552,-0.00474948,0.532411,0.846473,32.5694,-55.8037,0.484188,0.848842,0.245912,-0.127635,-0.450227
396,0,-0.346655,-0.347651,1.55301,-nan,-nan,-nan,0.562016,0.68854,-0.458312,-0.827126,0.467861,-0.311398,1.63922e-05,0.554093,0.832455,33.6468,-55.8047,-0.00167114,0.845921,0.255783,-0.135452,-0.447934
404,1,-0.347096,-0.346223,1.55469,-nan,-nan,-nan,0.491197,0.747378,-0.447384,-0.870991,0.415539,-0.262109,-0.00998859,0.518415,0.855071,32.2424,-60.574,1.16496,0.830934,0.234833,-0.131598,-0.486912
411,0,-0.346137,-0.345689,1.55497,-nan,-nan,-nan,0.469382,0.777836,-0.417912,-0.882273,0.394014,-0.257578,-0.0356897,0.489615,0.871208,33.1737,-61.9178,4.34814,0.826832,0.22592,-0.115568,-0.501949
419,0,-0.347528,-0.346083,1.55415,-nan,-nan,-nan,0.465748,0.782658,-0.412946,-0.883774,0.387684,-0.262001,-0.0449642,0.486978,0.872256,34.0512,-62.101,5.51435,0.825483,0.22683,-0.111445,-0.504684
427,1,-0.347206,-0.345933,1.55263,-nan,-nan,-nan,0.455235,0.802999,-0.384647,-0.886513,0.368612,-0.279677,-0.0827947,0.468313