173,0,-0.335638,-0.387024,1.4557,1.39184,0.897481,3.293,0.814918,0.579337,0.0166593,0.188564,-0.237842,-0.952825,-0.548045,0.779615,-0.303064,104.016,10.869,33.9214,0.564361,0.767435,0.250152,-0.173104
181,0,-0.335406,-0.385836,1.45489,1.39184,0.897481,3.293,0.795934,0.604811,0.0263317,0.182492,-0.198233,-0.963016,-0.577223,0.771302,-0.268153,101.632,10.5149,35.9502,0.57653,0.752051,0.261719,-0.18313
189,0,-0.335876,-0.386053,1.45729,1.39184,0.897481,3.293,0.778714,0.626585,0.0315552,0.181012,-0.176233,-0.967562,-0.600699,0.759166,-0.250655,100.323,10.4287,37.6466,0.58134,0.742563,0.271895,-0.191615
197,0,-0.337185,-0.386927,1.46167,1.39184,0.897481,3.293,0.764576,0.64394,0.0276552,0.177154,-0.1687,-0.969617,-0.619709,0.746245,-0.24306,99.8699,10.204,39.0257,0.581553,0.737621,0.278291,-0.200664
205,0,-0.338351,-0.388434,1.46783,1.39184,0.897481,3.293,0.733724,0.678987,0.0250107,0.180133,-0.158898,-0.970723,-0.655134,0.716749,-0.238895,99.2963,10.3775,41.7613,0.577912,0.729986,0.294225,-0.2158
213,0,-0.340241,-0.395569,1.47558,1.39184,0.897481,3.293,0.711924,0.702047,0.0171398,0.184588,-0.163525,-0.969117,-0.677563,0.693101,-0.246007,99.5776,10.6371,43.5834,0.570612,0.728261,0.304367,-0.226712
222,0,-0.341298,-0.410263,1.48134,1.39184,0.897481,3.293,0.709796,0.704185,0.0177009,0.179358,-0.156372,-0.971277,-0.68119,0.692583,-0.237294,99.146,10.3324,43.8219,0.573614,0.725166,0.3046,-0.228737
230,0,-0.342241,-0.421057,1.48617,1.39184,0.897481,3.293,0.709846,0.703678,0.0309154,0.193886,-0.153013,-0.969018,-0.677146,0.693847,-0.245049,98.9732,11.1797,43.6494,0.572666,0.725932,0.309108,-0.222552
238,0,-0.343983,-0.430832,1.49099,1.39184,0.897481,3.293,0.697927,0.715349,0.0342618,0.202953,-0.151678,-0.96737,-0.68681,0.682107,-0.251042,98.9111,11.7097,44.54,0.569036,0.72468,0.316795,-0.225116
247,0,-0.345578,-0.431094,1.49764,1.39184,0.897481,3.293,0.705763,0.70706,0.0443222,0.208932,-0.147953,-0.966673,-0.676939,0.691502,-0.252148,98.7018,12.0598,43.8058,0.571328,0.72558,0.315607,-0.217969
255,0,-0.349191,-0.42787,1.51305,1.39184,0.897481,3.293,0.63207,0.773072,0.0533658,0.240978,-0.130639,-0.961698,-0.73649,0.62072,-0.268867,97.7358,13.9443,49.3632,0.555105,0.712667,0.355724,-0.239637
263,0,-0.35083,-0.425606,1.52094,1.39184,0.897481,3.293,0.58429,0.809967,0.0505755,0.25116,-0.121216,-0.960326,-0.771702,0.573812,-0.274256,97.1941,14.5461,52.869,0.545165,0.70352,0.377077,-0.256256
270,0,-0.352009,-0.430656,1.5429,1.39184,0.897481,3.293,0.545844,0.831175,0.105841,0.265331,-0.0516478,-0.962773,-0.794767,0.553607,-0.248728,93.0707,15.3866,55.5188,0.558003,0.679378,0.403496,-0.253513
279,0,-0.353011,-0.434932,1.56007,1.39184,0.897481,3.293,0.524401,0.838356,0.148871,0.292137,-0.0129218,-0.956289,-0.799787,0.544969,-0.251691,90.7742,16.986,56.7481,0.561201,0.66877,0.422602,-0.243326
287,0,-0.352487,-0.438796,1.57171,1.39184,0.897481,3.293,0.508463,0.8383,0.196769,0.301253,0.0408924,-0.952667,-0.806668,0.543673,-0.231748,87.5421,17.5329,57.7757,0.573935,0.65179,0.437086,-0.233932
295,0,-0.353376,-0.441911,1.58152,1.39184,0.897481,3.293,0.510703,0.830527,0.222278,0.307176,0.0652105,-0.949416,-0.80301,0.553148,-0.221815,86.0708,17.8891,57.5442,0.581829,0.645621,0.440546,-0.224873
303,0,-0.359872,-0.436967,1.581,1.39184,0.897481,3.293,0.579123,0.812736,0.0638455,0.256032,-0.106966,-0.960732,-0.773992,0.572728,-0.270033,96.3531,14.8347,53.1951,0.548207,0.699307,0.382081,-0.253875
311,0,-0.361666,-0.437355,1.58904,1.39184,0.897481,3.293,0.608552,0.793509,0.002905,0.196181,-0.146904,-0.969501,-0.768881,0.590561,-0.24507,98.6162,11.3137,51.6392,0.551493,0.7072,0.349862,-0.270778
320,0,-0.361879,-0.440028,1.59249,1.39184,0.897481,3.293,0.688366,0.723157,0.0565332,0.239066,-0.152599,-0.958938,-0.684836,0.673615,-0.277926,99.0418,13.8314,44.8527,0.560768,0.72782,0.330515,-0.215817
328,0,-0.363141,-0.441514,1.59991,1.39184,0.897481,3.293,0.717406,0.695614,0.038074,0.21802,-0.172271,-0.96062,-0.661662,0.697455,-0.275246,100.167,12.5928,42.6853,0.563447,0.735684,0.310471,-0.211908
336,0,-0.365025,-0.443242,1.60572,1.39184,0.897481,3.293,0.755156,0.654932,0.0283508,0.203311,-0.19287,-0.95993,-0.623221,0.730661,-0.278802,101.361,11.7306,39.5324,0.566455,0.746128,0.287566,-0.199319
344,0,-0.367198,-0.445812,1.61495,1.39184,0.897481,3.293,0.792189,0.609551,0.0297483,0.191449,-0.201937,-0.960504,-0.579469,0.766596,-0.27667,101.873,11.0374,36.1847,0.573058,0.753458,0.265775,-0.182399
352,0,-0.369187,-0.448828,1.62541,1.39184,0.897481,3.293,0.825286,0.563095,0.0427411,0.190017,-0.205625,-0.960006,-0.531786,0.800401,-0.276697,102.09,10.9538,32.7963,0.579432,0.759541,0.247884,-0.160967
360,0,-0.370658,-0.449624,1.63092,1.39184,0.897481,3.293,0.840131,0.540663,0.0431627,0.177709,-0.199204,-0.96371,-0.512444,0.817313,-0.263438,101.679,10.2363,31.3814,0.586832,0.758745,0.236698,-0.154624
368,0,-0.372383,-0.451488,1.63827,1.39184,0.897481,3.293,0.860988,0.507193,0.0381588,0.160268,-0.199331,-0.966738,-0.482716,0.838465,-0.252908,101.65,9.22244,29.2773,0.593454,0.760465,0.219425,-0.146147
376,0,-0.374075,-0.45325,1.64558,1.39184,0.897481,3.293,0.869987,0.491388,0.0407587,0.154337,-0.192874,-0.96901,-0.468298,0.849316,-0.243637,101.257,8.87836,28.2928,0.598639,0.759358,0.212589,-0.140757
385,0,-0.375314,-0.455177,1.65197,1.39184,0.897481,3.293,0.876179,0.480365,0.0395021,0.151725,-0.197095,-0.968573,-0.457482,0.854636,-0.245574,101.502,8.7269,27.5706,0.598646,0.761388,0.207545,-0.137243
393,0,-0.377541,-0.457677,1.66112,1.39184,0.897481,3.293,0.873602,0.484721,0.0431878,0.155042,-0.193106,-0.968851,-0.461282,0.853086,-0.24385,101.272,8.91923,27.8351,0.599301,0.760026,0.210441,-0.137526
401,0,-0.379888,-0.461174,1.67113,1.39184,0.897481,3.293,0.874847,0.482849,0.0387104,0.156428,-0.20598,-0.965972,-0.458446,0.851134,-0.255732,102.037,8.99961,27.6558,0.594377,0.76429,0.209108,-0.137296
408,0,-0.381558,-0.463203,1.67908,1.39184,0.897481,3.293,0.880403,0.472649,0.0386556,0.153346,-0.206607,-0.966333,-0.448749,0.85669,-0.254376,102.068,8.8209,27.0083,0.595697,0.765079,0.204552,-0.134004
415,0,-0.382791,-0.463862,1.68359,1.39184,0.897481,3.293,0.890116,0.454166,0.0377776,0.146314,-0.206283,-0.967491,-0.431608,0.866707,-0.250067,102.036,8.41337,25.8683,0.5987,0.765909,0.196002,-0.12855
423,0,-0.385246,-0.466813,1.69361,1.39184,0.897481,3.293,0.869562,0.492777,0.0321378,0.150032,-0.201624,-0.967904,-0.470481,0.846474,-0.249257,101.767,8.62877,28.4158,0.595542,0.76165,0.210992,-0.143879
430,0,-0.38722,-0.470531,1.70527,1.39184,0.897481,3.293,0.874587,0.483658,0.0342408,0.154078,-0.210267,-0.965426,-0.459737,0.849625,-0.258418,102.287,8.86332,27.7292,0.592854,0.765388,0.208305,-0.138981
438,0,-0.389696,-0.47354,1.71727,1.39184,0.897481,3.293,0.830491,0.555662,0.0390331,0.173209,-0.191007,-0.966186,-0.529417,0.80917,-0.254876,101.183,9.97447,32.5165,0.588347,0.754383,0.241546,-0.162512
445,0,-0.390836,-0.476096,1.72328,1.39184,0.897481,3.293,0.798454,0.600457,0.0438472,0.196173,-0.190621,-0.961863,-0.569199,0.776605,-0.269996,101.21,11.3132,35.4842,0.578325,0.75151,0.26501,-0.174765
453,0,-0.394158,-0.480091,1.74201,1.39184,0.897481,3.293,0.77787,0.625919,0.0560581,0.208238,-0.172567,-0.962734,-0.59292,0.760556,-0.264576,100.162,12.0191,37.3159,0.578949,0.744146,0.28024,-0.180362
461,0,-0.396084,-0.482921,1.76899,1.39184,0.897481,3.293,0.80681,0.590227,0.0262705,0.179711,-0.202811,-0.962586,-0.562817,0.781345,-0.2697,101.898,10.3529,34.899,0.577559,0.754871,0.25499,-0.177695
469,0,-0.388363,-0.485912,1.78199,1.39184,0.897481,3.293,0.888411,0.459011,-0.00600254,0.116906,-0.238876,-0.963987,-0.443914,0.855715,-0.265881,103.918,6.71355,26.55,0.588144,0.773493,0.186141,-0.145417
477,0,-0.388703,-0.486747,1.78945,1.39184,0.897481,3.293,0.894801,0.446305,-0.0119335,0.0958724,-0.218183,-0.971187,-0.43605,0.867875,-0.238019,102.662,5.50153,25.9806,0.599708,0.766649,0.176801,-0.146085
485,0,-0.391049,-0.489184,1.79818,1.39184,0.897481,3.293,0.886127,0.462971,-0.0208807,0.0852804,-0.207182,-0.974578,-0.455528,0.86182,-0.223072,102.002,4.89215,27.2062,0.603298,0.760983,0.180113,-0.156511
493,0,-0.398262,-0.491538,1.80824,1.39184,0.897481,3.293,0.886478,0.461505,-0.0342051,0.0706673,-0.208046,-0.975563