104,0,-0.337728,-0.387809,1.45712,-nan,-nan,-nan,0.84482,0.534196,0.0302444,0.186267,-0.240646,-0.952572,-0.501582,0.810385,-0.302805,104.178,10.735,30.6982,0.570388,0.772701,0.233099,-0.152497
111,0,-0.336371,-0.392062,1.4638,-nan,-nan,-nan,0.838361,0.543256,0.0449773,0.223146,-0.266739,-0.93758,-0.497349,0.796067,-0.344849,105.881,12.8939,30.6781,0.553799,0.782616,0.244821,-0.144506
119,0,-0.33813,-0.394378,1.46929,-nan,-nan,-nan,0.845815,0.531065,0.0506716,0.234294,-0.284454,-0.929619,-0.479275,0.798158,-0.365021,107.014,13.55,29.5377,0.546887,0.789824,0.242256,-0.135664
126,0,-0.34144,-0.39514,1.48036,-nan,-nan,-nan,0.846625,0.51745,0.124382,0.300737,-0.27235,-0.913993,-0.43907,0.811216,-0.386195,106.593,17.5019,27.4118,0.544996,0.791386,0.258467,-0.0994105
133,0,-0.342848,-0.392914,1.48671,-nan,-nan,-nan,0.845519,0.525146,0.0965344,0.27216,-0.268326,-0.924084,-0.459377,0.807603,-0.369798,106.192,15.7928,28.5156,0.549408,0.787979,0.252959,-0.115118
141,0,-0.343396,-0.384098,1.49363,-nan,-nan,-nan,0.884142,0.46412,0.0537215,0.238809,-0.350086,-0.905765,-0.401576,0.813654,-0.420362,111.132,13.8163,24.4275,0.527658,0.814646,0.215716,-0.10675
149,0,-0.341836,-0.373545,1.49743,-nan,-nan,-nan,0.883282,0.466859,0.043067,0.250078,-0.391447,-0.885568,-0.396577,0.792976,-0.46251,113.847,14.4821,24.1792,0.507278,0.82723,0.216668,-0.106835
156,0,-0.330977,-0.369678,1.505,-nan,-nan,-nan,0.910598,0.409142,-0.0584333,0.17014,-0.499947,-0.849179,-0.376648,0.763319,-0.524862,120.487,9.79594,22.4713,0.470582,0.856652,0.169054,-0.126972
164,0,-0.321118,-0.359362,1.50794,-nan,-nan,-nan,0.910852,0.402432,-0.0916325,0.161905,-0.552607,-0.817565,-0.379651,0.729845,-0.568499,124.055,9.31748,22.6268,0.444338,0.870626,0.162049,-0.135329
172,0,-0.305925,-0.347526,1.5132,-nan,-nan,-nan,0.912559,0.379283,-0.15291,0.117912,-0.602067,-0.789691,-0.391578,0.702609,-0.594144,127.322,6.77162,23.2241,0.423187,0.881585,0.140995,-0.154406
178,0,-0.299719,-0.341272,1.51749,-nan,-nan,-nan,0.904842,0.381139,-0.18972,0.0837089,-0.596185,-0.798471,-0.417437,0.706609,-0.571358,126.747,4.80179,24.7656,0.42933,0.876411,0.1326,-0.173194
186,0,-0.29862,-0.336037,1.52018,-nan,-nan,-nan,0.88585,0.412014,-0.21334,0.0623755,-0.561395,-0.825194,-0.459759,0.717691,-0.523012,124.228,3.57618,27.4295,0.447617,0.861722,0.137628,-0.195278
194,0,-0.298115,-0.330574,1.52173,-nan,-nan,-nan,0.860348,0.445732,-0.247233,0.0101757,-0.499973,-0.865981,-0.509605,0.74253,-0.434687,120,0.583035,30.6393,0.481064,0.835914,0.13635,-0.226351
201,0,-0.297395,-0.324077,1.52077,-nan,-nan,-nan,0.875469,0.457025,-0.157105,0.0160253,-0.352359,-0.935728,-0.483009,0.816683,-0.315803,110.634,0.918223,28.8861,0.549388,0.797438,0.148303,-0.200678
209,0,-0.295883,-0.319825,1.52321,-nan,-nan,-nan,0.875465,0.465252,-0.130776,-0.0181153,-0.238818,-0.970895,-0.482943,0.852353,-0.200649,103.819,-1.03799,28.883,0.599166,0.760745,0.14694,-0.201684
217,0,-0.294575,-0.311067,1.52404,-nan,-nan,-nan,0.833338,0.537857,-0.127508,-0.0629043,-0.1369,-0.988586,-0.549173,0.831846,-0.0802501,97.8842,-3.60653,33.3851,0.635647,0.715976,0.165841,-0.236279
223,0,-0.296159,-0.312434,1.52316,-nan,-nan,-nan,0.831419,0.547488,-0.0948682,-0.0569338,-0.0858965,-0.994676,-0.552722,0.832394,-0.0402455,94.9356,-3.26383,33.6157,0.652931,0.699564,0.175307,-0.231426
231,0,-0.296629,-0.31121,1.52353,-nan,-nan,-nan,0.812389,0.579419,-0.0655589,-0.0233786,-0.079974,-0.996523,-0.582647,0.811097,-0.051424,94.5883,-1.33962,35.6482,0.648265,0.697099,0.199412,-0.232466
238,0,-0.296338,-0.311149,1.52482,-nan,-nan,-nan,0.800305,0.598724,-0.0322794,0.0251169,-0.0872643,-0.995869,-0.599067,0.796188,-0.0848761,95.0078,1.43924,36.8166,0.637998,0.702219,0.222096,-0.224768
246,0,-0.295414,-0.312143,1.52395,-nan,-nan,-nan,0.792835,0.609193,-0.017217,0.0602047,-0.106403,-0.992499,-0.606455,0.785851,-0.121037,96.1192,3.45156,37.4131,0.625579,0.710682,0.235477,-0.219392
254,0,-0.295166,-0.310726,1.52351,-nan,-nan,-nan,0.772591,0.633896,-0.0357568,0.0306334,-0.0934704,-0.995151,-0.634165,0.767749,-0.0916328,95.3658,1.75544,39.3801,0.629978,0.699588,0.237472,-0.239399
261,0,-0.295474,-0.311094,1.52379,-nan,-nan,-nan,0.769575,0.638015,-0.026293,0.0424839,-0.0922418,-0.99483,-0.637142,0.764479,-0.0980923,95.2974,2.43488,39.6218,0.628339,0.699984,0.243041,-0.236947
269,0,-0.296404,-0.311377,1.52314,-nan,-nan,-nan,0.781138,0.624237,-0.0123606,0.0563174,-0.0901616,-0.994334,-0.621814,0.776015,-0.105584,95.1812,3.22846,38.5211,0.629562,0.703008,0.242015,-0.225522
276,0,-0.296002,-0.311042,1.52319,-nan,-nan,-nan,0.833682,0.55164,-0.0258169,0.0321712,-0.095183,-0.99494,-0.551306,0.828633,-0.0970993,95.4647,1.84359,33.4763,0.640586,0.711682,0.205082,-0.202732
284,0,-0.294865,-0.310822,1.52352,-nan,-nan,-nan,0.847266,0.530644,-0.0236199,0.0275457,-0.0883023,-0.995713,-0.530455,0.842982,-0.0894324,95.0679,1.57845,32.0498,0.646052,0.711513,0.196128,-0.194682
291,0,-0.296894,-0.311666,1.52307,-nan,-nan,-nan,0.838626,0.544144,-0.0247597,0.0411788,-0.108658,-0.993226,-0.543149,0.831926,-0.113531,96.2433,2.36004,32.9297,0.635696,0.717777,0.203867,-0.197801
299,0,-0.295953,-0.311117,1.52302,-nan,-nan,-nan,0.829081,0.557768,-0.0389696,0.0282231,-0.111356,-0.99338,-0.558415,0.822493,-0.108065,96.396,1.61728,33.9617,0.634362,0.715629,0.204712,-0.208692
306,0,-0.296491,-0.310425,1.52245,-nan,-nan,-nan,0.811013,0.58292,-0.0496283,0.0157143,-0.106506,-0.994188,-0.584818,0.805519,-0.0955377,96.1147,0.900402,35.7952,0.634226,0.709411,0.210962,-0.223582
313,0,-0.297985,-0.310949,1.52326,-nan,-nan,-nan,0.830408,0.555842,-0.038248,0.0228549,-0.102574,-0.994463,-0.556687,0.824935,-0.0978823,95.889,1.3096,33.837,0.638348,0.712542,0.203039,-0.208737
321,0,-0.295902,-0.311301,1.52297,-nan,-nan,-nan,0.852638,0.521661,-0.0296391,0.0256559,-0.0984557,-0.994811,-0.521872,0.847453,-0.0973308,95.6521,1.47014,31.4694,0.643594,0.715616,0.191205,-0.19267
329,0,-0.295684,-0.312224,1.52316,-nan,-nan,-nan,0.853182,0.521217,-0.0203275,0.0540315,-0.127071,-0.990421,-0.518808,0.843911,-0.136577,97.3111,3.09728,31.3032,0.630384,0.727466,0.197689,-0.185278
336,0,-0.296424,-0.312217,1.52434,-nan,-nan,-nan,0.846869,0.53078,-0.0329563,0.0432674,-0.130534,-0.990499,-0.530039,0.837397,-0.133511,97.5075,2.47981,32.0417,0.629052,0.726449,0.197552,-0.193749
344,0,-0.296109,-0.312322,1.52363,-nan,-nan,-nan,0.87421,0.4845,-0.0318977,0.0429534,-0.142605,-0.988847,-0.483645,0.86309,-0.145478,98.2063,2.4618,28.953,0.629708,0.735237,0.179348,-0.175298
352,0,-0.295502,-0.312835,1.52406,-nan,-nan,-nan,0.887177,0.461159,-0.0157609,0.0533389,-0.136421,-0.989214,-0.458335,0.876768,-0.145628,97.8521,3.05755,27.3219,0.633468,0.736415,0.174663,-0.160947
359,0,-0.296383,-0.310967,1.52403,-nan,-nan,-nan,0.833565,0.551013,-0.0394208,0.0201281,-0.101607,-0.994621,-0.552054,0.828288,-0.095787,95.8329,1.15333,33.5158,0.639564,0.712559,0.200384,-0.207518
366,0,-0.29539,-0.310677,1.52338,-nan,-nan,-nan,0.821129,0.569028,-0.0442161,0.0149326,-0.0988636,-0.994989,-0.570548,0.816354,-0.0896768,95.6744,0.855609,34.7929,0.638864,0.708814,0.205964,-0.216828
374,0,-0.296133,-0.310729,1.52392,-nan,-nan,-nan,0.77642,0.628728,-0.0432743,0.0302763,-0.105799,-0.993927,-0.629488,0.770394,-0.10118,96.076,1.73497,39.0337,0.626387,0.704166,0.233966,-0.238851
381,0,-0.296198,-0.31119,1.52392,-nan,-nan,-nan,0.747278,0.663671,-0.0334306,0.0511695,-0.107629,-0.992873,-0.662539,0.740241,-0.114388,96.1868,2.93308,41.5603,0.617507,0.701658,0.254697,-0.247973
388,0,-0.295187,-0.310418,1.52428,-nan,-nan,-nan,0.749124,0.661164,-0.0409208,0.0378906,-0.10444,-0.993809,-0.661345,0.742936,-0.103291,95.9992,2.17149,41.4388,0.620764,0.699438,0.249863,-0.251011
396,0,-0.295691,-0.310999,1.52372,-nan,-nan,-nan,0.679332,0.733255,-0.0290662,0.0535322,-0.089021,-0.99459,-0.731876,0.674101,-0.0997275,95.1146,3.06863,47.1323,0.610447,0.683389,0.287826,-0.278371
404,0,-0.296028,-0.31098,1.52278,-nan,-nan,-nan,0.636724,0.770393,-0.0328204,0.0514641,-0.0849262,-0.995057,-0.769373,0.631887,-0.0937221,94.8783,2.94998,50.3893,0.603754,0.673679,0.304989,-0.297691
412,0,-0.295813,-0.310295,1.52362,-nan,-nan,-nan,0.587162,0.808559,-0.0383833,0.045952,-0.080636,-0.995684,-0.808164,0.582864,-0.0845013