107,0,-0.335585,-0.386589,1.45579,-0.268424,-0.249492,1.02766,0.824545,0.565023,0.0295552,0.202371,-0.245735,-0.947977,-0.528366,0.787631,-0.316964,104.532,11.6756,32.6516,0.56166,0.772536,0.248336,-0.16142
115,0,-0.335899,-0.38623,1.45705,-0.268424,-0.249492,1.02766,0.797331,0.60316,0.021468,0.186233,-0.212039,-0.959352,-0.574091,0.76892,-0.281393,102.463,10.733,35.7545,0.570942,0.756763,0.260779,-0.182561
122,0,-0.337512,-0.375707,1.46399,-0.268424,-0.249492,1.02766,0.785411,0.618372,0.0272868,0.177358,-0.182594,-0.967059,-0.59302,0.764379,-0.253085,100.692,10.2159,37.0544,0.58089,0.745166,0.266964,-0.189801
130,0,-0.3376,-0.378533,1.46371,-0.268424,-0.249492,1.02766,0.781142,0.623752,0.0273996,0.172436,-0.173353,-0.969647,-0.600069,0.762156,-0.242971,100.136,9.9295,37.5313,0.584127,0.741193,0.26855,-0.193158
137,0,-0.339405,-0.355991,1.47297,-0.268424,-0.249492,1.02766,0.779769,0.625586,0.0245562,0.165052,-0.167579,-0.971944,-0.60392,0.761944,-0.233927,99.7826,9.50027,37.7573,0.586997,0.738457,0.267666,-0.19614
145,0,-0.341135,-0.362981,1.48122,-0.268424,-0.249492,1.02766,0.794943,0.605821,0.032348,0.160883,-0.159096,-0.974066,-0.584964,0.779531,-0.223939,99.2763,9.25816,36.3477,0.594119,0.737899,0.259759,-0.187226
152,0,-0.341069,-0.36942,1.48616,-0.268424,-0.249492,1.02766,0.808779,0.586874,0.0381484,0.161547,-0.159323,-0.973919,-0.56549,0.793848,-0.223664,99.2907,9.2967,34.9609,0.597033,0.740231,0.252766,-0.1781
160,0,-0.340707,-0.322284,1.48469,-0.268424,-0.249492,1.02766,0.790749,0.611345,0.0311894,0.146245,-0.139195,-0.979407,-0.594414,0.779026,-0.199474,98.0888,8.40939,36.9326,0.602511,0.729626,0.259582,-0.192984
167,0,-0.347776,-0.309523,1.51157,-0.268424,-0.249492,1.02766,0.746929,0.664575,0.0209194,0.143181,-0.13004,-0.981116,-0.649305,0.735819,-0.192285,97.5502,8.23195,41.0004,0.596784,0.719245,0.280765,-0.218418
175,0,-0.349993,-0.301255,1.52126,-0.268424,-0.249492,1.02766,0.749236,0.659772,0.0578414,0.209399,-0.153126,-0.965766,-0.628329,0.735699,-0.252883,99.0095,12.0871,39.9841,0.579488,0.734038,0.296024,-0.194298
183,0,-0.346717,-0.284018,1.52595,-0.268424,-0.249492,1.02766,0.651965,0.752477,0.0933769,0.256577,-0.10305,-0.961014,-0.713519,0.650507,-0.260254,96.1205,14.8671,47.581,0.567596,0.709801,0.3554,-0.218421
190,0,-0.36019,-0.28653,1.55179,-0.268424,-0.249492,1.02766,0.751183,0.630603,0.195099,0.310889,-0.0772543,-0.947301,-0.582299,0.772251,-0.25408,94.6623,18.1128,37.782,0.595787,0.721546,0.326207,-0.134156
197,0,-0.36509,-0.277391,1.56276,-0.268424,-0.249492,1.02766,0.751745,0.615839,0.235843,0.328463,-0.0395537,-0.943688,-0.571832,0.786879,-0.232015,92.4001,19.1755,37.2592,0.608313,0.711216,0.331932,-0.118104
204,0,-0.370014,-0.268418,1.57777,-0.268424,-0.249492,1.02766,0.742913,0.62344,0.243727,0.316885,-0.00683056,-0.948439,-0.58963,0.781841,-0.202634,90.4126,18.4747,38.4381,0.619163,0.698637,0.336486,-0.123778
212,0,-0.374677,-0.258909,1.58779,-0.268424,-0.249492,1.02766,0.726284,0.638186,0.255404,0.282773,0.0612774,-0.957227,-0.626539,0.76744,-0.135957,86.3372,16.4258,40.7832,0.642574,0.671,0.343129,-0.138277
220,0,-0.37845,-0.254168,1.59703,-0.268424,-0.249492,1.02766,0.730993,0.625816,0.272035,0.273935,0.0959992,-0.956945,-0.624987,0.77404,-0.101258,84.2713,15.8985,40.5299,0.656836,0.658835,0.341418,-0.13393
227,0,-0.382488,-0.254949,1.60131,-0.268424,-0.249492,1.02766,0.735969,0.608477,0.296824,0.281671,0.123482,-0.951532,-0.615638,0.783905,-0.0805115,82.606,16.36,39.9125,0.666885,0.650576,0.342061,-0.122512
235,0,-0.394771,-0.267841,1.60976,-0.268424,-0.249492,1.02766,0.659306,0.70538,0.260298,0.264789,0.10619,-0.958442,-0.703707,0.70083,-0.116765,83.6777,15.3544,46.8658,0.642015,0.646119,0.375383,-0.171566
242,0,-0.405814,-0.279233,1.61068,-0.268424,-0.249492,1.02766,0.627409,0.739538,0.243809,0.252744,0.102747,-0.962062,-0.736532,0.665227,-0.12245,83.904,14.64,49.5742,0.633977,0.641699,0.386584,-0.19196
250,0,-0.418086,-0.291007,1.60445,-0.268424,-0.249492,1.02766,0.600834,0.773496,0.201747,0.239506,0.0665937,-0.968608,-0.76265,0.630293,-0.145245,86.067,13.8574,51.7681,0.616884,0.647975,0.390834,-0.216406
257,0,-0.42558,-0.303964,1.59917,-0.268424,-0.249492,1.02766,0.576067,0.799593,0.169702,0.225799,0.0438679,-0.973186,-0.785597,0.598938,-0.155276,87.419,13.0498,53.748,0.605115,0.649514,0.394676,-0.23706
264,0,-0.428008,-0.325956,1.59414,-0.268424,-0.249492,1.02766,0.50939,0.845146,0.162016,0.233089,0.0457274,-0.97138,-0.828367,0.532576,-0.173701,87.3048,13.479,58.4112,0.587669,0.639798,0.421319,-0.260375
272,0,-0.426383,-0.342154,1.58507,-0.268424,-0.249492,1.02766,0.502939,0.851315,0.14938,0.235582,0.0312652,-0.971351,-0.831597,0.523722,-0.18483,88.1564,13.626,58.835,0.580813,0.643526,0.422243,-0.265031
279,0,-0.420413,-0.354448,1.57258,-0.268424,-0.249492,1.02766,0.480572,0.866229,0.136741,0.26077,0.00771918,-0.96537,-0.837287,0.499588,-0.222177,89.5419,15.1157,60.1458,0.562609,0.650966,0.432817,-0.269041
286,0,-0.418598,-0.358319,1.5653,-0.268424,-0.249492,1.02766,0.461339,0.875254,0.145248,0.287477,0.00741365,-0.957759,-0.839359,0.483607,-0.248195,89.5565,16.7069,61.2054,0.552394,0.652327,0.445609,-0.266014
293,0,-0.418146,-0.358117,1.56613,-0.268424,-0.249492,1.02766,0.430919,0.888674,0.156741,0.319002,0.0124626,-0.947672,-0.844125,0.458371,-0.278118,89.2466,18.6026,62.9561,0.539737,0.651263,0.46359,-0.263866
301,0,-0.418309,-0.355435,1.56809,-0.268424,-0.249492,1.02766,0.387505,0.905509,0.172896,0.300664,0.0531532,-0.952248,-0.871459,0.420985,-0.251657,86.8051,17.4975,66.0271,0.545207,0.629684,0.47888,-0.277347
308,0,-0.417349,-0.355269,1.56761,-0.268424,-0.249492,1.02766,0.355449,0.915554,0.188193,0.279979,0.0878053,-0.955982,-0.891778,0.392493,-0.225126,84.7522,16.259,68.2686,0.551844,0.610895,0.489255,-0.287932
315,0,-0.414203,-0.353726,1.56844,-0.268424,-0.249492,1.02766,0.379539,0.92127,0.0849256,0.303762,-0.0373825,-0.952014,-0.873887,0.387124,-0.294035,92.2487,17.6837,66.5241,0.511889,0.654018,0.468272,-0.301583
322,0,-0.413903,-0.352981,1.56819,-0.268424,-0.249492,1.02766,0.403342,0.91293,0.0622481,0.327376,-0.0804447,-0.941463,-0.854482,0.40011,-0.331318,94.8839,19.1096,64.7312,0.49789,0.673629,0.460307,-0.294017
329,0,-0.413333,-0.353017,1.56776,-0.268424,-0.249492,1.02766,0.419812,0.906528,0.0443325,0.33764,-0.110648,-0.934749,-0.842471,0.407387,-0.352531,96.7508,19.7332,63.5125,0.489038,0.686111,0.453341,-0.29082
336,0,-0.413385,-0.35294,1.56779,-0.268424,-0.249492,1.02766,0.409631,0.911414,0.039063,0.337141,-0.11146,-0.934833,-0.847666,0.396107,-0.352932,96.7993,19.7028,64.208,0.486117,0.684475,0.456027,-0.295337
344,0,-0.413485,-0.352974,1.5681,-0.268424,-0.249492,1.02766,0.387698,0.920335,0.0517074,0.336379,-0.0890299,-0.937509,-0.858219,0.380863,-0.344099,95.4248,19.6564,65.6891,0.48851,0.67469,0.465664,-0.298845
351,0,-0.412555,-0.352795,1.56738,-0.268424,-0.249492,1.02766,0.401609,0.913977,0.0579293,0.344862,-0.0923302,-0.934101,-0.848399,0.395121,-0.352276,95.645,20.1734,64.6684,0.489132,0.679378,0.463232,-0.29088
358,0,-0.412786,-0.352614,1.56607,-0.268424,-0.249492,1.02766,0.423384,0.904345,0.0539154,0.330961,-0.0989968,-0.938437,-0.843333,0.415163,-0.341216,96.0219,19.3271,63.3417,0.495775,0.682568,0.452448,-0.289135
366,0,-0.412172,-0.352327,1.56659,-0.268424,-0.249492,1.02766,0.452581,0.889847,0.0578097,0.326111,-0.104826,-0.939501,-0.829953,0.444053,-0.337632,96.3665,19.0329,61.396,0.502524,0.688302,0.441652,-0.280452
373,0,-0.412689,-0.352594,1.5663,-0.268424,-0.249492,1.02766,0.492704,0.868086,0.0605798,0.322053,-0.11723,-0.939435,-0.808409,0.482374,-0.33733,97.1131,18.7871,58.6388,0.509447,0.697722,0.426437,-0.267954
380,0,-0.412239,-0.352499,1.56635,-0.268424,-0.249492,1.02766,0.553381,0.830407,0.0647575,0.316635,-0.13782,-0.938482,-0.770397,0.539843,-0.339203,98.3544,18.4596,54.3101,0.518739,0.712461,0.402493,-0.247606
387,0,-0.412315,-0.35209,1.56552,-0.268424,-0.249492,1.02766,0.588294,0.806951,0.0523378,0.296931,-0.155364,-0.942175,-0.752158,0.569817,-0.331009,99.3638,17.2734,51.9695,0.524862,0.720185,0.383194,-0.242931
395,0,-0.410959,-0.35173,1.56267,-0.268424,-0.249492,1.02766,0.63703,0.768023,0.065827,0.289428,-0.159165,-0.943874,-0.71444,0.620328,-0.32368