103,0,-0.337126,-0.387166,1.45958,-nan,-nan,-nan,0.827907,0.560231,0.0266642,0.200435,-0.251131,-0.946974,-0.523828,0.789351,-0.320203,104.853,11.5624,32.3221,0.560485,0.774474,0.245543,-0.160484
109,0,-0.33887,-0.37923,1.4657,-nan,-nan,-nan,0.824765,0.564404,0.0347958,0.189292,-0.217581,-0.957511,-0.532852,0.796308,-0.286291,102.802,10.9115,32.8651,0.57465,0.762994,0.246954,-0.163192
116,0,-0.340335,-0.37132,1.47566,-nan,-nan,-nan,0.811782,0.58294,0.0344979,0.181846,-0.196211,-0.963552,-0.554925,0.788468,-0.265286,101.51,10.4773,34.356,0.581009,0.75387,0.25362,-0.172585
124,0,-0.338856,-0.36489,1.49087,-nan,-nan,-nan,0.813904,0.579799,0.037331,0.169766,-0.175879,-0.969663,-0.555644,0.79555,-0.241579,100.281,9.77421,34.321,0.590857,0.746887,0.250896,-0.173491
132,0,-0.330674,-0.357791,1.50374,-nan,-nan,-nan,0.821077,0.568948,0.046162,0.164023,-0.157702,-0.973769,-0.546745,0.807111,-0.222806,99.1992,9.44049,33.6591,0.600118,0.741887,0.246996,-0.168686
139,0,-0.326963,-0.348767,1.51043,-nan,-nan,-nan,0.822014,0.567676,0.045129,0.156011,-0.148274,-0.976563,-0.54768,0.809789,-0.210447,98.6334,8.97541,33.6742,0.604833,0.738366,0.24503,-0.170157
147,0,-0.328471,-0.343549,1.51761,-nan,-nan,-nan,0.841273,0.539177,0.0393345,0.144922,-0.154826,-0.977255,-0.520824,0.827838,-0.20839,99.0025,8.33273,31.7612,0.607877,0.742376,0.230375,-0.162145
155,0,-0.32981,-0.330825,1.52149,-nan,-nan,-nan,0.840302,0.540675,0.0395306,0.1438,-0.151995,-0.977865,-0.522699,0.827386,-0.20547,98.8351,8.26779,31.8831,0.608859,0.741243,0.230854,-0.162959
163,0,-0.332754,-0.330798,1.53618,-nan,-nan,-nan,0.920001,0.387197,0.060634,0.132369,-0.161368,-0.977977,-0.368885,0.907766,-0.199712,99.3695,7.60652,21.8489,0.624284,0.755162,0.172005,-0.102048
170,0,-0.337568,-0.334927,1.5499,-nan,-nan,-nan,0.929798,0.344867,0.128615,0.189263,-0.148271,-0.970667,-0.315681,0.926867,-0.203133,98.6849,10.9098,18.7532,0.628171,0.755182,0.176821,-0.0619274
177,0,-0.339682,-0.3395,1.56022,-nan,-nan,-nan,0.922437,0.345173,0.173106,0.226458,-0.120457,-0.966544,-0.312773,0.930777,-0.189281,97.1039,13.0886,18.7304,0.63496,0.747023,0.191303,-0.0467412
186,0,-0.344076,-0.34252,1.57669,-nan,-nan,-nan,0.911379,0.372527,0.174964,0.2326,-0.115497,-0.96569,-0.339538,0.920806,-0.191911,96.8202,13.4502,20.4331,0.63324,0.74478,0.203123,-0.0552427
193,0,-0.34673,-0.34522,1.58964,-nan,-nan,-nan,0.897452,0.393951,0.19845,0.249827,-0.0831584,-0.964713,-0.363547,0.915362,-0.17305,94.9267,14.4672,22.0523,0.640555,0.733768,0.21934,-0.0562499
200,0,-0.351253,-0.349317,1.60709,-nan,-nan,-nan,0.909939,0.353966,0.216145,0.260628,-0.0826243,-0.961897,-0.32262,0.931601,-0.167437,94.9095,15.1073,19.522,0.644181,0.734847,0.209089,-0.0362237
208,0,-0.354954,-0.353961,1.62453,-nan,-nan,-nan,0.9123,0.359611,0.195929,0.236246,-0.0713497,-0.96907,-0.334509,0.93037,-0.150049,94.2109,13.6651,20.1363,0.650173,0.730359,0.20396,-0.0474357
216,0,-0.359846,-0.356993,1.63425,-nan,-nan,-nan,0.924379,0.356867,0.134792,0.186646,-0.114939,-0.97568,-0.332695,0.927057,-0.172855,96.7187,10.7571,19.7944,0.639645,0.743669,0.182713,-0.0665295
224,0,-0.360683,-0.359956,1.63404,-nan,-nan,-nan,0.921446,0.387638,0.0259534,0.0928086,-0.15476,-0.983583,-0.377257,0.908728,-0.178579,98.9418,5.32521,22.2651,0.630101,0.750797,0.159979,-0.116977
232,0,-0.363541,-0.363795,1.64939,-nan,-nan,-nan,0.914806,0.403527,0.0171921,0.0936009,-0.170404,-0.980919,-0.392898,0.89896,-0.193657,99.855,5.3708,23.2429,0.622645,0.754796,0.164656,-0.124439
239,0,-0.36504,-0.365849,1.65735,-nan,-nan,-nan,0.910705,0.41267,0.0178993,0.101555,-0.181692,-0.978097,-0.400379,0.892576,-0.207377,100.523,5.82869,23.7321,0.616773,0.75825,0.169543,-0.126106
247,0,-0.366883,-0.367403,1.66485,-nan,-nan,-nan,0.907916,0.418779,0.0177169,0.10141,-0.178452,-0.978709,-0.406701,0.890382,-0.204488,100.333,5.82037,24.13,0.617449,0.756779,0.171843,-0.1285
254,0,-0.367583,-0.36897,1.66948,-nan,-nan,-nan,0.897529,0.440228,0.025319,0.116699,-0.181768,-0.976392,-0.425232,0.879295,-0.214517,100.546,6.70163,25.3507,0.612626,0.757267,0.183861,-0.132025
261,0,-0.371377,-0.37275,1.68671,-nan,-nan,-nan,0.887042,0.460758,0.0292982,0.12329,-0.175246,-0.976774,-0.444923,0.870052,-0.212258,100.171,7.08204,26.6374,0.612278,0.75408,0.19363,-0.137792
269,0,-0.381257,-0.380669,1.74574,-nan,-nan,-nan,0.837096,0.546846,0.0151271,0.138079,-0.184449,-0.973094,-0.529343,0.816663,-0.22991,100.733,7.93671,32.3074,0.596393,0.750243,0.228235,-0.17135
276,0,-0.377708,-0.382896,1.75598,-nan,-nan,-nan,0.831422,0.555062,0.0253826,0.147816,-0.176915,-0.973063,-0.535619,0.812778,-0.229138,100.305,8.50037,32.7905,0.596944,0.747909,0.234947,-0.170554
283,0,-0.380646,-0.385351,1.76759,-nan,-nan,-nan,0.841659,0.53892,0.0342949,0.14873,-0.17029,-0.974105,-0.519125,0.824965,-0.223479,99.9161,8.55331,31.6658,0.601641,0.747567,0.229962,-0.162136
290,0,-0.388071,-0.388682,1.78765,-nan,-nan,-nan,0.858795,0.510572,0.0422674,0.145271,-0.16357,-0.975777,-0.491291,0.844133,-0.214644,99.516,8.35296,29.7726,0.608396,0.747832,0.219248,-0.150109
298,0,-0.390876,-0.39139,1.8002,-nan,-nan,-nan,0.858161,0.511949,0.0383195,0.131817,-0.147589,-0.980225,-0.496169,0.846242,-0.194139,98.5625,7.57457,30.0355,0.615718,0.741601,0.217019,-0.154345
306,0,-0.393855,-0.394857,1.81239,-nan,-nan,-nan,0.85183,0.521685,0.047219,0.143277,-0.145342,-0.978952,-0.503842,0.840666,-0.198552,98.4448,8.23754,30.6035,0.61399,0.740899,0.224377,-0.154077
314,0,-0.398358,-0.398701,1.82744,-nan,-nan,-nan,0.855439,0.51669,0.0354324,0.129452,-0.147075,-0.980618,-0.501464,0.843446,-0.1927,98.5298,7.4379,30.3791,0.615561,0.740813,0.218052,-0.15727
321,0,-0.402162,-0.402423,1.84019,-nan,-nan,-nan,0.85763,0.513436,0.0292189,0.131574,-0.164142,-0.977622,-0.49715,0.842283,-0.208328,99.531,7.56054,30.1,0.609336,0.746676,0.21596,-0.156672
329,0,-0.421079,-0.404673,1.85396,-nan,-nan,-nan,0.867299,0.496402,-0.0371099,0.0286869,-0.124268,-0.991834,-0.49696,0.859152,-0.122018,97.1415,1.64387,29.8126,0.636595,0.726909,0.18059,-0.183679
337,0,-0.438426,-0.406039,1.85731,-nan,-nan,-nan,0.867965,0.487976,-0.0922835,-0.036769,-0.122168,-0.991828,-0.495263,0.864265,-0.0880952,97.022,-2.10718,29.7092,0.643759,0.720803,0.156495,-0.203782
345,0,-0.453651,-0.413089,1.85431,-nan,-nan,-nan,0.85961,0.493714,-0.131595,-0.085814,-0.114391,-0.989723,-0.503694,0.862068,-0.0559638,96.5929,-4.92284,30.3684,0.649857,0.712384,0.143146,-0.222945
352,0,-0.467086,-0.417638,1.84456,-nan,-nan,-nan,0.854723,0.490532,-0.169787,-0.130259,-0.113936,-0.984912,-0.502475,0.863943,-0.0334875,96.5987,-7.48458,30.4505,0.653318,0.707486,0.127307,-0.237553
360,0,-0.471271,-0.426871,1.8311,-nan,-nan,-nan,0.862304,0.463892,-0.203066,-0.128022,-0.188275,-0.973737,-0.489941,0.865654,-0.102962,100.943,-7.35531,29.6042,0.626711,0.733747,0.114436,-0.236119
368,0,-0.474227,-0.428027,1.82827,-nan,-nan,-nan,0.877044,0.445911,-0.178765,-0.0967618,-0.20052,-0.974899,-0.470565,0.872327,-0.132718,101.623,-5.55273,28.2151,0.62125,0.743351,0.117424,-0.218379
375,0,-0.476138,-0.427115,1.8254,-nan,-nan,-nan,0.869082,0.474969,-0.138204,-0.0391201,-0.212519,-0.976373,-0.493118,0.853955,-0.166116,102.28,-2.24199,29.5706,0.610419,0.749619,0.145357,-0.210548
383,0,-0.474778,-0.428219,1.82725,-nan,-nan,-nan,0.851898,0.513836,-0.101206,0.0191097,-0.22362,-0.974489,-0.523359,0.828231,-0.200321,102.924,1.09497,31.5643,0.597486,0.754294,0.176637,-0.207003
391,0,-0.473472,-0.428741,1.82487,-nan,-nan,-nan,0.847789,0.527507,-0.0546824,0.0922398,-0.248206,-0.964306,-0.52225,0.812484,-0.259084,104.434,5.29247,31.6337,0.5789,0.767313,0.201921,-0.187972
398,0,-0.47261,-0.429918,1.82317,-nan,-nan,-nan,0.852869,0.521872,-0.0162534,0.162002,-0.294088,-0.941949,-0.496357,0.800726,-0.335363,107.339,9.32311,30.1987,0.553041,0.787769,0.217029,-0.162678
406,0,-0.472687,-0.43159,1.8242,-nan,-nan,-nan,0.873635,0.486396,0.0134254,0.199679,-0.333218,-0.921463,-0.443722,0.807703,-0.388234,109.881,11.5182,26.9262,0.536699,0.805464,0.212944,-0.133556
413,0,-0.473926,-0.43143,1.82415,-nan,-nan,-nan,0.740154,0.671493,-0.0356422,0.234105,-0.307007,-0.922465,-0.630371,0.674422,-0.384432,108.408,13.5389,40.4202,0.512034,0.779678,0.290376,-0.213554
420,0,-0.474323,-0.432088,1.82412,-nan