108,0,-0.335927,-0.386711,1.45349,-nan,-nan,-nan,0.827938,0.560734,0.00979856,0.165101,-0.227003,-0.959798,-0.535966,0.796271,-0.280522,103.307,9.50308,32.917,0.574546,0.764111,0.237477,-0.17215
115,0,-0.334538,-0.384306,1.45284,-nan,-nan,-nan,0.837525,0.546074,0.0188729,0.14,-0.181077,-0.973453,-0.52816,0.817933,-0.228107,100.537,8.04785,32.2364,0.597566,0.749451,0.228859,-0.169887
123,0,-0.334077,-0.383512,1.44957,-nan,-nan,-nan,0.865626,0.500254,0.0209181,0.141605,-0.204528,-0.968564,-0.48025,0.841376,-0.247883,101.924,8.14072,29.0216,0.594393,0.761255,0.21079,-0.150847
130,0,-0.333726,-0.383468,1.44876,-nan,-nan,-nan,0.886843,0.461506,0.0228337,0.132074,-0.205823,-0.969636,-0.442793,0.862931,-0.243486,101.984,7.58946,26.5325,0.599486,0.764224,0.194177,-0.137381
138,0,-0.334077,-0.384192,1.45017,-nan,-nan,-nan,0.902979,0.429099,0.0224197,0.127938,-0.218685,-0.967372,-0.410195,0.876385,-0.252366,102.738,7.35048,24.4308,0.598316,0.770394,0.180764,-0.125837
145,0,-0.334539,-0.38419,1.4508,-nan,-nan,-nan,0.910834,0.411982,0.0255527,0.1266,-0.219901,-0.967272,-0.39288,0.884259,-0.252451,102.808,7.27318,23.3325,0.599684,0.771878,0.174439,-0.118972
153,0,-0.336926,-0.385659,1.45497,-nan,-nan,-nan,0.921919,0.386283,0.029178,0.124609,-0.224391,-0.966499,-0.366795,0.89467,-0.255005,103.071,7.15816,21.6957,0.600525,0.774809,0.164845,-0.108936
161,0,-0.349083,-0.388926,1.46669,-nan,-nan,-nan,0.927055,0.372721,0.0405887,0.137748,-0.237915,-0.961469,-0.348703,0.896926,-0.271902,103.899,7.91758,20.6133,0.595239,0.780524,0.163502,-0.0986882
168,0,-0.355129,-0.390577,1.47209,-nan,-nan,-nan,0.927408,0.372156,0.0376192,0.132598,-0.233049,-0.963383,-0.349761,0.898436,-0.265479,103.599,7.61974,20.6634,0.597679,0.778771,0.162035,-0.100203
176,0,-0.351514,-0.391492,1.47622,-nan,-nan,-nan,0.928405,0.370357,0.0299973,0.124001,-0.232715,-0.964608,-0.350269,0.899266,-0.261978,103.564,7.12307,20.6705,0.598689,0.778315,0.158791,-0.102873
183,0,-0.351259,-0.392191,1.47998,-nan,-nan,-nan,0.931785,0.362072,0.0261003,0.113149,-0.221363,-0.968605,-0.344927,0.905484,-0.247231,102.873,6.49687,20.3135,0.604812,0.774658,0.153365,-0.102893
191,0,-0.352564,-0.391256,1.48551,-nan,-nan,-nan,0.934501,0.354829,0.0283577,0.113506,-0.221533,-0.968524,-0.337378,0.908306,-0.247298,102.884,6.51746,19.8508,0.605324,0.775134,0.15105,-0.0996667
199,0,-0.35542,-0.384168,1.49825,-nan,-nan,-nan,0.937029,0.348989,0.01355,0.0960704,-0.220258,-0.970699,-0.335779,0.910875,-0.239916,102.784,5.51293,19.7148,0.607629,0.774145,0.143726,-0.10406
206,0,-0.35782,-0.371902,1.50827,-nan,-nan,-nan,0.941222,0.336968,0.0235385,0.0982058,-0.206304,-0.973547,-0.323198,0.918636,-0.22727,101.965,5.63586,18.9515,0.613932,0.770519,0.141195,-0.0972265
213,0,-0.359021,-0.361079,1.5166,-nan,-nan,-nan,0.944679,0.326414,0.0321683,0.101514,-0.197708,-0.97499,-0.311891,0.924319,-0.219907,101.463,5.82639,18.2709,0.617872,0.768488,0.139211,-0.0909978
221,0,-0.361647,-0.351982,1.52171,-nan,-nan,-nan,0.948744,0.314348,0.0327099,0.100533,-0.202049,-0.974202,-0.299629,0.927557,-0.223295,101.717,5.76984,17.527,0.617131,0.770404,0.134631,-0.0866168
227,0,-0.366948,-0.349845,1.53265,-nan,-nan,-nan,0.937682,0.346303,0.0287442,0.0938565,-0.172752,-0.980483,-0.334579,0.92208,-0.194489,99.9924,5.38551,19.6371,0.626586,0.759099,0.144961,-0.100723
235,0,-0.368773,-0.349708,1.57319,-nan,-nan,-nan,0.983525,0.174735,0.0463324,0.0812661,-0.19843,-0.97674,-0.161477,0.964414,-0.209361,101.484,4.66135,9.32372,0.627641,0.773194,0.0827738,-0.03723
243,0,-0.371022,-0.348905,1.58286,-nan,-nan,-nan,0.991244,0.125644,0.0406088,0.0628732,-0.178671,-0.981898,-0.116114,0.975854,-0.185006,100.313,3.60475,6.68117,0.637881,0.767288,0.0614233,-0.0246014
251,0,-0.374278,-0.351585,1.59644,-nan,-nan,-nan,0.993645,0.106827,0.0354713,0.0539999,-0.175902,-0.982925,-0.0987634,0.978594,-0.180553,100.146,3.09547,5.67627,0.639764,0.766502,0.0524548,-0.0206432
259,0,-0.376259,-0.354459,1.60559,-nan,-nan,-nan,0.995763,0.0824544,0.0407143,0.0556674,-0.188081,-0.980575,-0.0731951,0.978686,-0.191874,100.858,3.19115,4.20405,0.635572,0.770668,0.0448058,-0.0105366
267,0,-0.378233,-0.356824,1.61447,-nan,-nan,-nan,0.99505,0.0865498,0.0488243,0.0651016,-0.196572,-0.978326,-0.0750764,0.976662,-0.201234,101.361,3.73268,4.31478,0.631911,0.773443,0.0490183,-0.00848546
275,0,-0.379945,-0.360759,1.62213,-nan,-nan,-nan,0.993342,0.104222,0.0490823,0.0698332,-0.205907,-0.976077,-0.0916227,0.973006,-0.211815,101.912,4.0044,5.26987,0.627619,0.77638,0.0560472,-0.0136983
283,0,-0.380196,-0.370586,1.62363,-nan,-nan,-nan,0.974491,0.222645,0.0282095,0.074556,-0.202609,-0.976417,-0.211679,0.953613,-0.214041,101.723,4.27571,12.2554,0.624068,0.773166,0.0960987,-0.0593241
290,0,-0.382285,-0.382772,1.63189,-nan,-nan,-nan,0.967771,0.248618,0.040098,0.0896781,-0.191443,-0.977398,-0.235322,0.949494,-0.207569,101.082,5.14509,13.6667,0.626251,0.769218,0.109948,-0.0634489
298,0,-0.383571,-0.394493,1.6389,-nan,-nan,-nan,0.964345,0.262397,0.0344449,0.0847841,-0.183021,-0.979446,-0.2507,0.947444,-0.198743,100.584,4.86361,14.5725,0.629003,0.765851,0.113332,-0.0705929
306,0,-0.385427,-0.406363,1.64626,-nan,-nan,-nan,0.960294,0.277378,0.0299567,0.0846814,-0.18748,-0.978611,-0.265829,0.942291,-0.203525,100.845,4.8577,15.4732,0.626356,0.766697,0.118058,-0.0769119
314,0,-0.386997,-0.40503,1.65251,-nan,-nan,-nan,0.960989,0.276191,0.0147999,0.0677582,-0.183207,-0.980736,-0.268159,0.94348,-0.194774,100.581,3.88523,15.5915,0.629088,0.764685,0.112448,-0.0828312
322,0,-0.389499,-0.405308,1.65841,-nan,-nan,-nan,0.962927,0.268826,0.0224646,0.076213,-0.191216,-0.978585,-0.258774,0.944017,-0.204615,101.056,4.37092,15.0421,0.625918,0.767913,0.11233,-0.0769324
330,0,-0.38939,-0.400021,1.66145,-nan,-nan,-nan,0.960283,0.277736,0.0268119,0.086143,-0.203696,-0.975237,-0.265397,0.938813,-0.219531,101.798,4.94175,15.4494,0.61989,0.771931,0.117847,-0.0772689
337,0,-0.390766,-0.401466,1.66863,-nan,-nan,-nan,0.961134,0.274697,0.027604,0.0900285,-0.217331,-0.971937,-0.260989,0.936648,-0.233615,102.604,5.16525,15.1919,0.614449,0.776544,0.11742,-0.0751359
345,0,-0.396901,-0.403999,1.68044,-nan,-nan,-nan,0.971893,0.234218,0.0237985,0.0760953,-0.216871,-0.97323,-0.222787,0.947686,-0.228598,102.562,4.36416,12.9109,0.617743,0.777393,0.099793,-0.0639923
353,0,-0.408285,-0.409233,1.69258,-nan,-nan,-nan,0.978319,0.206437,0.0166277,0.0697987,-0.25306,-0.964929,-0.194989,0.945169,-0.261982,104.695,4.00242,11.2719,0.60483,0.789519,0.0874695,-0.0564778
360,0,-0.408694,-0.40919,1.69512,-nan,-nan,-nan,0.976993,0.212936,0.0119801,0.0602329,-0.221603,-0.973275,-0.20459,0.951604,-0.22933,102.827,3.45318,11.8273,0.617669,0.77909,0.0876563,-0.0618061
368,0,-0.408667,-0.409085,1.69894,-nan,-nan,-nan,0.97566,0.217984,0.0238893,0.0737843,-0.223739,-0.971852,-0.206503,0.94996,-0.234377,102.965,4.23138,11.9506,0.615943,0.780028,0.0935121,-0.058528
375,0,-0.411256,-0.411506,1.70418,-nan,-nan,-nan,0.978875,0.201094,0.036938,0.0817748,-0.219483,-0.972183,-0.187393,0.954666,-0.231291,102.722,4.69059,10.8374,0.618082,0.779367,0.0907368,-0.048262
383,0,-0.411066,-0.411107,1.70726,-nan,-nan,-nan,0.975985,0.214733,0.0366581,0.0855578,-0.2231,-0.971034,-0.200334,0.95085,-0.236114,102.939,4.9081,11.5996,0.615786,0.780256,0.0962154,-0.0524431
389,0,-0.412476,-0.416548,1.71383,-nan,-nan,-nan,0.989798,0.139359,0.0296495,0.0618337,-0.232677,-0.970587,-0.128361,0.962518,-0.23892,103.481,3.54507,7.3891,0.616077,0.784442,0.0641196,-0.0314591
397,0,-0.41418,-0.414845,1.71807,-nan,-nan,-nan,0.981959,0.186429,0.0316247,0.0725719,-0.217121,-0.973443,-0.174612,0.958177,-0.226734,102.574,4.16172,10.0829,0.620102,0.778751,0.0831463,-0.0459027
404,0,-0.41462,-0.409859,1.72604,-nan,-nan,-nan,0.960608,0.276783,0.0249761,0.0868173,-0.213502,-0.973077,-0.263999,0.936914,-0.229121,102.375,4.98053,15.3669,0.616033,0.775118,0.117272,-0.0770923
412,0,-0.415366,-0.411714,1.76338,-nan,-nan,-nan,0.998293,0.00258382,0.0583454,0.0574852,-0.219841,-0.97384,0.0103105,0.975532,-0.219615,102.721,3.29548,-0.591737,0.624267,0.780665,0.0192365,0.0219863
419,0,-0.427034,-0.421078,1.77096,-nan,-nan,-nan,0.999777,0.0164746,0.0132449,0.0163989,-0.209112,-0.977754,-0.0133384,0.977753,-0.209336,102.072