100,0,-0.338069,-0.39003,1.4574,-0.558925,-0.507489,1.3889,0.831148,0.555972,0.00934979,0.174579,-0.244947,-0.953689,-0.527935,0.794289,-0.300648,104.405,10.0541,32.4232,0.566911,0.770835,0.236935,-0.168189
107,0,-0.336337,-0.396181,1.45292,-0.558925,-0.507489,1.3889,0.844364,0.535744,-0.00529187,0.15452,-0.252967,-0.955056,-0.513004,0.805597,-0.296379,104.835,8.88896,31.2813,0.568994,0.773581,0.223074,-0.167499
114,0,-0.336859,-0.395144,1.45257,-0.558925,-0.507489,1.3889,0.8625,0.505927,-0.0114543,0.134748,-0.251418,-0.958453,-0.487787,0.825122,-0.285021,104.698,7.74407,29.4903,0.575774,0.774425,0.206823,-0.161165
121,0,-0.338751,-0.39109,1.452,-0.558925,-0.507489,1.3889,0.835618,0.54298,-0.0831515,0.0714111,-0.25747,-0.963644,-0.544649,0.799301,-0.253921,104.959,4.09504,33.096,0.575375,0.765998,0.20052,-0.204896
128,0,-0.339309,-0.390486,1.4528,-0.558925,-0.507489,1.3889,0.824288,0.552998,-0.121418,0.0333131,-0.261455,-0.964641,-0.565189,0.791097,-0.233936,105.165,1.90906,34.4372,0.576389,0.761525,0.192479,-0.225405
136,0,-0.339791,-0.392049,1.45525,-0.558925,-0.507489,1.3889,0.834329,0.53938,-0.113866,0.0290687,-0.249311,-0.967987,-0.5505,0.804309,-0.223687,104.443,1.66575,33.4173,0.58338,0.759494,0.187114,-0.218687
143,0,-0.340674,-0.393617,1.46149,-0.558925,-0.507489,1.3889,0.840039,0.535367,-0.0878475,0.0258577,-0.201248,-0.979199,-0.54191,0.820294,-0.1829,101.614,1.4817,32.8261,0.603302,0.745685,0.188157,-0.211134
150,0,-0.34209,-0.396172,1.47074,-0.558925,-0.507489,1.3889,0.856782,0.510766,-0.0710094,0.030355,-0.187416,-0.981812,-0.514784,0.839043,-0.176079,100.807,1.73948,30.9989,0.611001,0.74503,0.181577,-0.196567
157,0,-0.345327,-0.398952,1.49132,-0.558925,-0.507489,1.3889,0.897837,0.428667,-0.100659,-0.0368912,-0.154566,-0.987293,-0.438779,0.890143,-0.122961,98.8977,-2.11419,26.0451,0.636457,0.737456,0.132813,-0.182871
164,0,-0.343464,-0.398042,1.48921,-0.558925,-0.507489,1.3889,0.900777,0.425595,-0.0864246,-0.033822,-0.129652,-0.990983,-0.432962,0.895578,-0.102393,97.4538,-1.93823,25.6714,0.645897,0.730209,0.13413,-0.177821
171,0,-0.34195,-0.393735,1.48408,-0.558925,-0.507489,1.3889,0.883081,0.446525,-0.144164,-0.147819,-0.0268547,-0.98865,-0.445329,0.894368,0.0422902,91.5559,-8.50057,26.7613,0.688933,0.683309,0.109287,-0.215676
178,0,-0.342232,-0.391831,1.49004,-0.558925,-0.507489,1.3889,0.896527,0.407214,-0.174399,-0.213355,0.0519028,-0.975595,-0.388224,0.911857,0.133413,86.9547,-12.319,23.4141,0.72143,0.654066,0.0740978,-0.215048
186,0,-0.343581,-0.392268,1.49847,-0.558925,-0.507489,1.3889,0.848303,0.504512,-0.160779,-0.277064,0.164161,-0.946724,-0.45124,0.847655,0.27904,80.1628,-16.0851,28.01,0.756886,0.592685,0.0959395,-0.258155
193,0,-0.343478,-0.389914,1.49963,-0.558925,-0.507489,1.3889,0.820637,0.544939,-0.172037,-0.349879,0.24111,-0.905235,-0.451818,0.803061,0.388527,75.0855,-20.4799,28.8359,0.782667,0.545665,0.089368,-0.285823
200,0,-0.342575,-0.387934,1.50884,-0.558925,-0.507489,1.3889,0.784,0.583801,-0.211001,-0.451601,0.303182,-0.839129,-0.425912,0.753165,0.501339,70.1349,-26.8464,28.5133,0.804444,0.494843,0.0667889,-0.321775
207,0,-0.336688,-0.382554,1.51433,-0.558925,-0.507489,1.3889,0.776626,0.588791,-0.224004,-0.518568,0.39562,-0.758005,-0.357686,0.704848,0.612577,62.4389,-31.2363,24.7291,0.834389,0.4383,0.0400537,-0.331787
215,0,-0.328445,-0.375411,1.51904,-0.558925,-0.507489,1.3889,0.756369,0.588741,-0.285115,-0.59361,0.434623,-0.677297,-0.274834,0.681533,0.678217,57.3116,-36.4136,19.9691,0.846937,0.401101,-0.00303482,-0.349008
222,0,-0.317104,-0.364677,1.53025,-0.558925,-0.507489,1.3889,0.78612,0.543046,-0.295153,-0.597539,0.545676,-0.587524,-0.157994,0.63823,0.753458,47.1149,-36.6938,11.3639,0.878245,0.348922,-0.0390435,-0.324677
230,0,-0.307971,-0.348946,1.53721,-0.558925,-0.507489,1.3889,0.799282,0.509664,-0.31842,-0.598829,0.630921,-0.493298,-0.0505183,0.584963,0.809485,38.0208,-36.7861,3.61654,0.899957,0.299531,-0.0744207,-0.307929
237,0,-0.302805,-0.340409,1.53949,-0.558925,-0.507489,1.3889,0.790524,0.514855,-0.331658,-0.611569,0.692367,-0.382899,0.0324914,0.505522,0.862202,28.9439,-37.703,-2.35359,0.91448,0.242876,-0.0995509,-0.307941
244,0,-0.302396,-0.336946,1.54121,-0.558925,-0.507489,1.3889,0.768465,0.540615,-0.342341,-0.633216,0.719546,-0.285116,0.0921925,0.435877,0.895272,21.6156,-39.2878,-6.84106,0.919685,0.195989,-0.11812,-0.319085
251,0,-0.301816,-0.334063,1.54027,-0.558925,-0.507489,1.3889,0.769554,0.547653,-0.328425,-0.623779,0.754772,-0.203026,0.136698,0.361104,0.922452,15.0556,-38.5926,-10.0726,0.928275,0.15193,-0.125266,-0.315486
258,0,-0.302289,-0.333066,1.54105,-0.558925,-0.507489,1.3889,0.763902,0.55313,-0.332417,-0.622915,0.766603,-0.155873,0.168614,0.32614,0.930162,11.4933,-38.5294,-12.4472,0.930143,0.129553,-0.134665,-0.316093
265,0,-0.303311,-0.33236,1.54143,-0.558925,-0.507489,1.3889,0.60714,0.69821,-0.37932,-0.780783,0.612841,-0.121672,0.14751,0.370038,0.917231,11.2293,-51.3323,-13.6559,0.885609,0.138806,-0.14872,-0.417508
272,0,-0.303546,-0.332583,1.54145,-0.558925,-0.507489,1.3889,0.571888,0.730002,-0.374221,-0.811956,0.568739,-0.131386,0.116922,0.378989,0.917985,13.0079,-54.2875,-11.5548,0.874444,0.145914,-0.140416,-0.440839
280,0,-0.302044,-0.332246,1.54099,-0.558925,-0.507489,1.3889,0.582594,0.740525,-0.334973,-0.809255,0.566775,-0.154508,0.075437,0.361094,0.929473,15.2488,-54.0232,-7.37787,0.877332,0.146923,-0.116948,-0.441617
287,0,-0.302478,-0.333274,1.54101,-0.558925,-0.507489,1.3889,0.546699,0.769741,-0.329576,-0.836272,0.521712,-0.16872,0.0420733,0.367854,0.928931,17.921,-56.7485,-4.40074,0.865642,0.154964,-0.107333,-0.463821
294,0,-0.3031,-0.333121,1.54126,-0.558925,-0.507489,1.3889,0.474671,0.804057,-0.358022,-0.879807,0.44502,-0.167022,0.0250319,0.394271,0.918653,20.5718,-61.6191,-3.01871,0.842369,0.166582,-0.113684,-0.499741
300,0,-0.30348,-0.332959,1.54112,-0.558925,-0.507489,1.3889,0.494358,0.782738,-0.378063,-0.867599,0.471164,-0.158986,0.0536852,0.406604,0.912026,18.6461,-60.1808,-6.19779,0.848167,0.16671,-0.127259,-0.486442
308,0,-0.303815,-0.332939,1.54134,-0.558925,-0.507489,1.3889,0.479037,0.791039,-0.3805,-0.876481,0.454753,-0.158054,0.0480068,0.409215,0.911174,19.1654,-61.2207,-5.7228,0.843351,0.168159,-0.127025,-0.494314
315,0,-0.300909,-0.331841,1.53643,-0.558925,-0.507489,1.3889,0.503124,0.799601,-0.327879,-0.862878,0.485875,-0.139163,0.0480331,0.352936,0.934414,15.9827,-59.6413,-5.45348,0.8549,0.143906,-0.109929,-0.486162
323,0,-0.300483,-0.332283,1.53609,-0.558925,-0.507489,1.3889,0.485928,0.805094,-0.340142,-0.87362,0.458875,-0.16193,0.0257137,0.375842,0.926327,19.4372,-60.8821,-3.02908,0.847221,0.158687,-0.107958,-0.495359
330,0,-0.298868,-0.33111,1.53714,-0.558925,-0.507489,1.3889,0.451818,0.843834,-0.289488,-0.892078,0.430085,-0.138647,0.00750991,0.320889,0.947087,17.8678,-63.1356,-0.952255,0.84098,0.136607,-0.0882893,-0.516039
337,0,-0.295123,-0.330507,1.53759,-0.558925,-0.507489,1.3889,0.445002,0.869427,-0.214641,-0.895355,0.427211,-0.125821,-0.0176951,0.24817,0.968555,16.4106,-63.554,2.27712,0.842729,0.110946,-0.0584249,-0.523532
344,0,-0.296025,-0.331238,1.53824,-0.558925,-0.507489,1.3889,0.437904,0.884307,-0.16199,-0.897802,0.420769,-0.130021,-0.0468176,0.202372,0.978189,17.1715,-63.8706,6.10248,0.842149,0.0986738,-0.0341901,-0.529036
351,0,-0.29606,-0.332627,1.53729,-0.558925,-0.507489,1.3889,0.444022,0.889257,-0.109847,-0.892305,0.427701,-0.144441,-0.0814633,0.162151,0.983397,18.6605,-63.1643,10.3963,0.844855,0.0907233,-0.00839889,-0.52718
358,0,-0.29038,-0.332561,1.53818,-0.558925,-0.507489,1.3889,0.456165,0.887829,-0.0606116,-0.876871,0.436834,-0.200682,-0.151694,0.144693,0.97778,24.6741,-61.2672,18.3942,0.847169,0.10192,0.0268786,-0.520764
365,0,-0.291911,-0.333517,1.53709,-0.558925,-0.507489,1.3889,0.451671,0.891822,-0.0254196,-0.871026,0.434613,-0.228967,-0.19315,0.125559,0.973102,27.7816,-60.5781,23.1532,0.845486,0.104829,0.0495958,-0.521253
371,0,-0.293312,-0.335216,1.53729,-0.558925,-0.507489,1.3889,0.428926,0.903324,-0.0053187,-0.886329,0.419705,-0.195624,-0.174479,0.0886222,0.980665,24.9901,-62.4155,22.1356,0.841026,0.0844938,0.050284,-0.531985
378,0,-0.29212,-0.334594,1.53752,-0.558925,-0.507489,1.3889,0.426658,0.904293,0.0147029