132,0,-0.335319,-0.396618,1.45635,1.00706,-0.14902,2.09873,0.814585,0.579473,0.0257209,0.199313,-0.237988,-0.950598,-0.544725,0.77947,-0.309358,104.055,11.4968,33.7712,0.562859,0.768429,0.25337,-0.168852
141,0,-0.335089,-0.406201,1.45535,1.00706,-0.14902,2.09873,0.821327,0.569429,0.0342417,0.190089,-0.216596,-0.957576,-0.537855,0.792992,-0.286138,102.745,10.958,33.2192,0.57415,0.762244,0.249106,-0.165175
150,0,-0.336351,-0.41636,1.45637,1.00706,-0.14902,2.09873,0.821011,0.569257,0.0434397,0.196587,-0.210451,-0.957635,-0.535998,0.794769,-0.284691,102.394,11.3374,33.1385,0.575732,0.760946,0.251609,-0.161824
157,0,-0.336314,-0.418039,1.45769,1.00706,-0.14902,2.09873,0.82079,0.57044,0.03003,0.19546,-0.231067,-0.953102,-0.536748,0.788167,-0.301155,103.628,11.2716,33.1823,0.567576,0.766977,0.249649,-0.165167
165,0,-0.336324,-0.417844,1.45816,1.00706,-0.14902,2.09873,0.825404,0.563076,0.0406656,0.193201,-0.214057,-0.957525,-0.530454,0.798201,-0.28547,102.601,11.1396,32.7272,0.575734,0.762386,0.247996,-0.16061
173,0,-0.335829,-0.417675,1.4552,1.00706,-0.14902,2.09873,0.8441,0.532158,0.0655928,0.197393,-0.194675,-0.9608,-0.498528,0.82396,-0.26937,101.454,11.3846,30.5662,0.587379,0.759629,0.240101,-0.142483
181,0,-0.333057,-0.418187,1.46187,1.00706,-0.14902,2.09873,0.797223,0.601903,-0.0463531,0.0868465,-0.190335,-0.97787,-0.597406,0.775555,-0.204013,101.014,4.98221,36.8464,0.592215,0.740198,0.232623,-0.217428
189,0,-0.333952,-0.420385,1.46577,1.00706,-0.14902,2.09873,0.786585,0.614152,-0.0640429,0.0417737,-0.156405,-0.986809,-0.616068,0.773534,-0.148681,99.0062,2.39415,38.0687,0.608584,0.723131,0.226766,-0.235127
197,0,-0.335315,-0.422884,1.4698,1.00706,-0.14902,2.09873,0.781512,0.623518,-0.0215327,0.0323584,-0.0749766,-0.99666,-0.62305,0.778205,-0.0787712,94.3021,1.85432,38.5631,0.637919,0.695568,0.235734,-0.231675
205,0,-0.338213,-0.42595,1.48356,1.00706,-0.14902,2.09873,0.806637,0.590519,-0.0249759,0.0193567,-0.068628,-0.997455,-0.59073,0.8041,-0.0667884,93.9359,1.10913,36.2167,0.646378,0.696788,0.218817,-0.220909
214,0,-0.340885,-0.427255,1.4918,1.00706,-0.14902,2.09873,0.811765,0.583792,-0.0149415,0.0106644,-0.0404003,-0.999127,-0.583886,0.810897,-0.0390213,92.3155,0.611034,35.7267,0.658093,0.687602,0.216134,-0.217723
222,0,-0.343291,-0.42476,1.50511,1.00706,-0.14902,2.09873,0.810075,0.585902,-0.0222705,-0.1069,0.110241,-0.988139,-0.576498,0.802848,0.151936,83.6342,-6.13662,35.4379,0.719766,0.622073,0.192503,-0.240634
230,0,-0.342532,-0.422055,1.51517,1.00706,-0.14902,2.09873,0.807651,0.587686,-0.0482154,-0.204397,0.202325,-0.957751,-0.553102,0.783383,0.283529,78.0717,-11.7942,34.4044,0.757216,0.574847,0.166692,-0.261512
238,0,-0.341801,-0.418475,1.52359,1.00706,-0.14902,2.09873,0.817185,0.568154,-0.0969979,-0.303473,0.281054,-0.910447,-0.490013,0.77344,0.402093,72.8446,-17.6663,30.9484,0.790622,0.532456,0.124274,-0.275614
246,0,-0.340803,-0.408686,1.53122,1.00706,-0.14902,2.09873,0.82752,0.544214,-0.137991,-0.381452,0.364646,-0.849428,-0.411953,0.755555,0.509344,66.7669,-22.4236,26.4648,0.821814,0.488244,0.0833405,-0.281592
254,0,-0.340405,-0.399967,1.54006,1.00706,-0.14902,2.09873,0.786517,0.591353,-0.178025,-0.490634,0.423262,-0.761661,-0.37506,0.686404,0.62304,60.9387,-29.3823,25.4947,0.841549,0.430179,0.0585333,-0.321427
262,0,-0.341284,-0.386738,1.54573,1.00706,-0.14902,2.09873,0.742856,0.627541,-0.233148,-0.602656,0.475226,-0.641066,-0.291497,0.616728,0.731216,53.4502,-37.0604,21.4251,0.858676,0.366202,0.0169879,-0.358167
271,0,-0.339655,-0.372807,1.55568,1.00706,-0.14902,2.09873,0.674057,0.674413,-0.301356,-0.719663,0.507596,-0.473742,-0.16653,0.536203,0.827498,43.0242,-46.0267,13.8774,0.867345,0.291102,-0.0388615,-0.401823
278,0,-0.339352,-0.356815,1.55805,1.00706,-0.14902,2.09873,0.597919,0.747822,-0.288539,-0.79678,0.515271,-0.315655,-0.0873777,0.418638,0.90394,31.4916,-52.8237,8.31415,0.868494,0.211369,-0.0579052,-0.444621
287,0,-0.341019,-0.341742,1.56124,1.00706,-0.14902,2.09873,0.47099,0.83089,-0.296294,-0.882077,0.447558,-0.147078,0.0104028,0.330626,0.943705,18.1917,-61.894,-1.26529,0.84591,0.141181,-0.090641,-0.50625
295,0,-0.342338,-0.335057,1.56567,1.00706,-0.14902,2.09873,0.404675,0.872263,-0.274584,-0.912768,0.403548,-0.0632755,0.0556151,0.276238,0.959479,8.91131,-65.8907,-7.82523,0.83182,0.102039,-0.09924,-0.536483
303,0,-0.340849,-0.340144,1.56531,1.00706,-0.14902,2.09873,0.438306,0.854258,-0.279521,-0.8959,0.440289,-0.059238,0.0724655,0.276387,0.95831,7.66276,-63.6243,-9.38784,0.842156,0.0996328,-0.10449,-0.519547
311,0,-0.342514,-0.339853,1.56327,1.00706,-0.14902,2.09873,0.411058,0.865724,-0.285577,-0.90807,0.41643,-0.0446681,0.0802526,0.277685,0.957314,6.12239,-65.24,-11.0471,0.834386,0.096584,-0.10961,-0.531467
319,0,-0.341834,-0.339231,1.55856,1.00706,-0.14902,2.09873,0.382663,0.881621,-0.276249,-0.92193,0.383839,-0.0520826,0.0601178,0.274612,0.959674,7.72719,-67.2099,-8.92842,0.825557,0.0989316,-0.10186,-0.546162
328,1,-0.341392,-0.341195,1.55961,1.00706,-0.14902,2.09873,0.367784,0.897601,-0.242996,-0.929737,0.349887,-0.11475,-0.017979,0.268125,0.963216,18.1576,-68.3939,2.79865,0.818671,0.11692,-0.068714,-0.55802
336,0,-0.340521,-0.341866,1.55934,1.00706,-0.14902,2.09873,0.347589,0.905903,-0.241912,-0.936102,0.320465,-0.144966,-0.0538009,0.276843,0.959408,24.3402,-69.4069,8.7986,0.810472,0.130112,-0.058025,-0.568189
344,0,-0.340115,-0.341901,1.56044,1.00706,-0.14902,2.09873,0.355876,0.910706,-0.209682,-0.933073,0.33372,-0.134187,-0.0522296,0.243402,0.968518,21.9047,-68.919,8.34934,0.815186,0.115798,-0.0482872,-0.565447
351,0,-0.33986,-0.341728,1.55981,1.00706,-0.14902,2.09873,0.352678,0.916415,-0.189215,-0.933605,0.330937,-0.137339,-0.0632411,0.225089,0.972284,22.5384,-69.004,10.166,0.814847,0.111195,-0.0386496,-0.567598
360,0,-0.339867,-0.342073,1.55877,1.00706,-0.14902,2.09873,0.365465,0.905746,-0.214615,-0.928383,0.337993,-0.154486,-0.0673872,0.255704,0.964404,24.5637,-68.1841,10.4473,0.81668,0.125566,-0.0450689,-0.561459
368,0,-0.340142,-0.340488,1.5582,1.00706,-0.14902,2.09873,0.321721,0.914396,-0.245715,-0.946519,0.303899,-0.108381,-0.0244309,0.267443,0.963264,19.6281,-71.1769,4.34261,0.8045,0.116788,-0.0687645,-0.578283
376,0,-0.341357,-0.340406,1.55911,1.00706,-0.14902,2.09873,0.314672,0.911379,-0.265273,-0.948931,0.295384,-0.110811,-0.0226338,0.286595,0.957784,20.5633,-71.6099,4.1141,0.801224,0.124,-0.075709,-0.580459
384,0,-0.340531,-0.340269,1.55944,1.00706,-0.14902,2.09873,0.318119,0.91013,-0.265451,-0.947856,0.299659,-0.108503,-0.0192073,0.286127,0.957999,19.9048,-71.4158,3.45519,0.802461,0.122944,-0.0767152,-0.57884
392,0,-0.340725,-0.341144,1.56072,1.00706,-0.14902,2.09873,0.336509,0.906794,-0.253942,-0.941089,0.314288,-0.124797,-0.0333541,0.280977,0.959135,21.6569,-70.2353,5.66055,0.807764,0.125585,-0.068271,-0.571913
400,0,-0.340963,-0.341507,1.55949,1.00706,-0.14902,2.09873,0.360067,0.898088,-0.252567,-0.93195,0.333874,-0.141412,-0.0426749,0.286298,0.95719,22.9551,-68.7409,6.75913,0.814115,0.131342,-0.0644542,-0.561972
408,0,-0.340408,-0.341295,1.55919,1.00706,-0.14902,2.09873,0.346546,0.910085,-0.227268,-0.937035,0.324688,-0.128622,-0.0432663,0.257531,0.965301,21.6106,-69.5594,7.11656,0.811871,0.118909,-0.0566597,-0.568785
416,0,-0.340245,-0.341779,1.55998,1.00706,-0.14902,2.09873,0.34747,0.909072,-0.229897,-0.936099,0.322011,-0.141522,-0.0546245,0.264381,0.96287,23.7252,-69.4064,8.93413,0.811226,0.125089,-0.0540146,-0.568636
425,0,-0.341097,-0.34125,1.56045,1.00706,-0.14902,2.09873,0.321407,0.910362,-0.260649,-0.946044,0.29672,-0.130221,-0.0412086,0.28844,0.956611,23.6952,-71.0927,7.30621,0.802299,0.130457,-0.0683787,-0.578464
433,0,-0.340904,-0.343127,1.56019,1.00706,-0.14902,2.09873,0.408153,0.880624,-0.240649,-0.909867,0.370885,-0.185977,-0.074523,0.294866,0.952628,26.6311,-65.4869,10.3474,0.826388,0.145465,-0.0502567,-0.541662
440,0,-0.340161,-0.342909,1.55927,1.00706,-0.14902,2.09873,0.42244,0.877337,-0.22765,-0.903774,0.388647,-0.179292,-0.0688246,0.281484,0.957094,24.7651,-64.6587,9.25342,0.831893,0.138472,-0.0477301,-0.535259
448,1,-0.341854,-0.34443,1.55993,1.00706,-0.14902,2.09873,0.453292,0.85944,-0.236411,-0.889009,0.416646,-0.189916,-0.0647218,0.296259,0.952912,24.5045,-62.749,8.12587,0.840067,0.144683,-0.0510938,-0.52033
456,0,-0.339599,-0.340834,1.55886,1.00706,-0.14902,2.09873,0.456627,0.872797,-0.172389,-0.889525,0.444553,-0.105436,-0.0153886,0.201489,0.97937,13.3425,-62.8137,1.93017,0.848609,0.0904202,-0.0462522,-0.51918
464,0,-0.338757,-0.340407,1.55932,1.00706,-0.14902,2.09873,0.442388,0.883223,-0.155595,-0.896604,0.431726,-0.0985616,-0.0198776,0.183109,0.982892,12.86,-63.7151,2.57271,0.845134,0.0833214,-0.0401466,-0.526492
472,1,-0.338679,-0.34037,1.55853,1.00706,-0.14902,2.09873,0.414342,0.894038,-0.170341,-0.909812,0.402007,-0.10311,-0.0237061,0.197701,0.979976,14.3856,-65.4794,3.27454,0.836111,0.0899437,-0.0438444,-0.539358
480,0,-0.339914,-0.340342,1.55836,1.00706,-0.14902,2.09873,0.40948,0.8901,-0.200119,-0.912297,0.397986,-0.0965411,-0.00628686,0.222099,0.975004,13.6351,-65.8248,0.879609,0.834037,0.0955115,-0.0581005,-0.540263
489,0,-0.342661,-0.340488,1.55802,1.00706,-0.14902,2.09873,0.4145,0.867477,-0.275089,-0.909896,0.400586,-0.107793,0.0166889,0.294983,0.955357,15.0609,-65.491,-2.30564,0.832232,0.120993,-0.0876492,-0.533917
496,0,-0.343376,-0.341026,1.55854,1.00706,-0.14902,2.09873,0.404477,0.858566,-0.315059,-0.914514,0.382674,-0.131242,0.0078849,0.341211,0.939954,18.93,-66.1368,-1.11679,0.825697,0.143047,-0.0977792,-0.536843
504,1,-0.342181,-0.340381,1.55858,1.00706,-0.14902,2.09873,0.382804,0.865759,-0.322371,-0.923653,0.365498,-0.115225,0.0180691,0.341867,0.939575,17.4977,-67.4661,-2.70247,0.819737,0.139402,-0.103826,-0.545727
512,0,-0.344611,-0.342464,1.55833,1.00706,-0.14902,2.09873,0.418313,0.819812,-0.391053,-0.908241,0.382544,-0.16958,0.0105717,0.426108,0.904611,23.9074,-65.2635,-1.44769,0.822415,0.181079,-0.122087,-0.525298
521,0,-0.344578,-0.341098,1.5589,1.00706,-0.14902,2.09873,0.398595,0.836386,-0.376272,-0.91651,0.378309,-0.12997,0.0336426,0.396662,0.917348,18.9603,-66.421,-4.8245,0.820709,0.16042,-0.124866,-0.533958
529,0,-0.344515,-0.341048,1.55772,1.00706,-0.14902,2.09873,0.427459,0.813732,-0.393852,-0.902414,0.410147,-0.132018,0.0541096,0.41185,0.909644,17.8423,-64.4772,-7.21438,0.828741,0.164064,-0.135133,-0.517696
537,0,-0.344182,-0.341496,1.55799,1.00706,-0.14902,2.09873,0.490754,0.783325,-0.381525,-0.868825,0.472921,-0.146592,0.0656019,0.403419,0.91266,17.222,-60.3224,-7.61392,0.847988,0.162152,-0.13182,-0.48708
545,0,-0.344484,-0.340903,1.55635,1.00706,-0.14902,2.09873,0.525257,0.748067,-0.405586,-0.844638,0.516251,-0.141675,0.103402,0.416989,0.903011,15.3459,-57.6331,-11.1368,0.85798,0.162785,-0.14831,-0.464086
553,0,-0.344337,-0.340976,1.55554,1.00706,-0.14902,2.09873,0.539014,0.725246,-0.428348,-0.833443,0.532771,-0.146722,0.121802,0.436089,0.891623,15.3972,-56.4541,-12.7334,0.860728,0.169278,-0.159792,-0.452724
562,0,-0.343978,-0.341272,1.55568,1.00706,-0.14902,2.09873,0.565629,0.707325,-0.423975,-0.814769,0.55872,-0.154867,0.127342,0.433039,0.892335,15.4924,-54.5645,-12.6877,0.86843,0.169244,-0.158711,-0.438174
570,0,-0.344819,-0.339867,1.55569,1.00706,-0.14902,2.09873,0.517586,0.720703,-0.461186,-0.841844,0.525311,-0.123884,0.152982,0.452367,0.878613,13.2696,-57.3354,-16.4661,0.854621,0.168569,-0.179661,-0.457088
578,0,-0.345102,-0.339395,1.55458,1.00706,-0.14902,2.09873,0.500143,0.72524,-0.473163,-0.85107,0.512519,-0.114035,0.159803,0.459729,0.873563,12.5439,-58.3283,-17.7194,0.849445,0.168864,-0.186288,-0.463924
585,0,-0.346138,-0.339207,1.5537,1.00706,-0.14902,2.09873,0.473617,0.717663,-0.510535,-0.862943,0.494045,-0.10606,0.176112,0.490795,0.853291,12.1162,-59.6487,-20.3974,0.839785,0.177681,-0.204412,-0.470539
594,0,-0.346357,-0.33844,1.55524,1.00706,-0.14902,2.09873,0.44097,0.720097,-0.535729,-0.872839,0.48309,-0.0691093,0.20904,0.49808,0.841557,8.1413,-60.7902,-25.3631,0.831507,0.170531,-0.223922,-0.47893
602,0,-0.346404,-0.338458,1.55529,1.00706,-0.14902,2.09873,0.4314,0.725334,-0.536455,-0.879452,0.470692,-0.0708105,0.201144,0.502334,0.840953,8.55538,-61.5763,-24.9977,0.828107,0.173028,-0.222676,-0.484474
609,0,-0.346481,-0.338486,1.5536,1.00706,-0.14902,2.09873,0.426909,0.728089,-0.536316,-0.885635,0.45649,-0.0852473,0.182755,0.511373,0.839701,10.5779,-62.3298,-23.1753,0.825091,0.180774,-0.217876,-0.488954
617,1,-0.345706,-0.337873,1.55267,1.00706,-0.14902,2.09873,0.442711,0.730739,-0.519642,-0.875406,0.47768,-0.0740747,0.194093,0.487691,0.851167,8.81475,-61.093,-23.6736,0.8324,0.168719,-0.214361,-0.482384
625,0,-0.346315,-0.337737,1.5529,1.00706,-0.14902,2.09873,0.438013,0.735726,-0.516577,-0.878988,0.470986,-0.0745125,0.18848,0.486703,0.852992,8.98999,-61.5205,-23.2825,0.830962,0.168845,-0.212121,-0.485797
633,0,-0.346884,-0.338406,1.55306,1.00706,-0.14902,2.09873,0.419359,0.722044,-0.550264,-0.887928,0.452427,-0.0830295,0.189003,0.523414,0.830853,10.3992,-62.614,-24.2609,0.821985,0.184445,-0.224842,-0.48966
642,0,-0.34609,-0.337734,1.55271,1.00706,-0.14902,2.09873,0.41972,0.733527,-0.534578,-0.886699,0.457194,-0.0688408,0.193909,0.502903,0.842311,8.56284,-62.4613,-24.7968,0.824504,0.17336,-0.220887,-0.491273
651,0,-0.345674,-0.337951,1.5533,1.00706,-0.14902,2.09873,0.433922,0.734942,-0.521125,-0.880253,0.469105,-0.0713779,0.192004,0.489695,0.85049,8.65164,-61.6729,-23.8686,0.829686,0.169062,-0.214879,-0.486689
659,0,-0.345535,-0.337772,1.55281,1.00706,-0.14902,2.09873,0.451114,0.731055,-0.511912,-0.871297,0.48495,-0.0752654,0.193229,0.479981,0.855734,8.82205,-60.6097,-23.1872,0.835434,0.166155,-0.211011,-0.479497
667,0,-0.345788,-0.337655,1.55282,1.00706,-0.14902,2.09873,0.44501,0.735059,-0.511521,-0.875111,0.47821,-0.0741343,0.190121,0.480628,0.856067,8.81211,-61.0581,-23.1336,0.83356,0.166384,-0.210436,-0.48292
675,0,-0.347285,-0.33794,1.55286,1.00706,-0.14902,2.09873,0.455096,0.717062,-0.52793,-0.868437,0.48842,-0.0852284,0.196738,0.497261,0.845,9.89835,-60.2775,-23.3788,0.834943,0.17441,-0.216981,-0.474733
684,0,-0.345675,-0.337753,1.55271,1.00706,-0.14902,2.09873,0.445439,0.72821,-0.52086,-0.873307,0.481587,-0.07355,0.197279,0.487632,0.850468,8.68337,-60.8452,-23.8879,0.833291,0.168363,-0.215453,-0.480479
692,1,-0.347027,-0.338259,1.55292,1.00706,-0.14902,2.09873,0.444542,0.712571,-0.542794,-0.872781,0.480926,-0.0834469,0.201582,0.510836,0.83571,9.84355,-60.7834,-24.3924,0.83084,0.17882,-0.223983,-0.477033
700,0,-0.346537,-0.337433,1.55288,1.00706,-0.14902,2.09873,0.461745,0.721306,-0.516245,-0.862053,0.502012,-0.0696263,0.208939,0.47718,0.853606,7.89623,-59.5479,-24.3467,0.83925,0.162885,-0.216021,-0.471659
709,0,-0.345157,-0.337216,1.55225,1.00706,-0.14902,2.09873,0.451904,0.725003,-0.519762,-0.865246,0.498028,-0.0575966,0.217098,0.47575,0.852367,6.59692,-59.9108,-25.66,0.837003,0.159303,-0.220089,-0.474983
717,0,-0.344935,-0.335989,1.55227,1.00706,-0.14902,2.09873,0.441966,0.741717,-0.504502,-0.867012,0.497492,-0.0281301,0.230121,0.449842,0.862952,3.23627,-60.1133,-27.5049,0.83702,0.14276,-0.219416,-0.480493
725,0,-0.34564,-0.335942,1.55373,1.00706,-0.14902,2.09873,0.43458,0.749359,-0.499601,-0.87102,0.490775,-0.0215409,0.22905,0.444524,0.865988,2.5132,-60.5774,-27.7919,0.835366,0.139479,-0.218063,-0.484931
733,0,-0.345075,-0.336416,1.55426,1.00706,-0.14902,2.09873,0.437735,0.746611,-0.500959,-0.870489,0.491373,-0.0283047,0.225025,0.448469,0.865008,3.29678,-60.5155,-27.2062,0.835781,0.142613,-0.217157,-0.48371
741,1,-0.346034,-0.336759,1.55376,1.00706,-0.14902,2.09873,0.439145,0.73377,-0.518394,-0.870302,0.49066,-0.0427421,0.222993,0.46993,0.854073,4.97855,-60.4938,-26.9209,0.834248,0.153633,-0.222172,-0.480694
750,1,-0.346462,-0.337816,1.55424,1.00706,-0.14902,2.09873,0.427483,0.72572,-0.539062,-0.879081,0.472805,-0.0606016,0.210891,0.499785,0.840083,7.30404,-61.5317,-26.2586,0.827703,0.16926,-0.226516,-0.484715
757,0,-0.348296,-0.338294,1.55321,1.00706,-0.14902,2.09873,0.416666,0.717322,-0.558425,-0.887672,0.453512,-0.079775,0.196028,0.528938,0.82571,9.97654,-62.5822,-25.1955,0.820958,0.185367,-0.229748,-0.488757
766,0,-0.347179,-0.337933,1.55127,1.00706,-0.14902,2.09873,0.420756,0.71787,-0.554642,-0.887078,0.453556,-0.0859108,0.189888,0.528158,0.827642,10.7257,-62.5083,-24.2897,0.821881,0.186788,-0.226471,-0.488193
773,0,-0.346582,-0.337706,1.55171,1.00706,-0.14902,2.09873,0.444546,0.717303,-0.536521,-0.872275,0.482893,-0.0771365,0.203752,0.502285,0.840354,9.07566,-60.7241,-24.6238,0.831834,0.17414,-0.222482,-0.477733
782,0,-0.346489,-0.33759,1.55201,1.00706,-0.14902,2.09873,0.450054,0.706577,-0.546078,-0.86387,0.4994,-0.065784,0.22623,0.501347,0.835147,7.50414,-59.7539,-26.6875,0.834356,0.169931,-0.231408,-0.470556
790,0,-0.345814,-0.337359,1.55211,1.00706,-0.14902,2.09873,0.49534,0.696573,-0.519061,-0.834263,0.548015,-0.0607085,0.242165,0.463105,0.852578,6.32139,-56.5391,-26.0534,0.850872,0.153905,-0.223661,-0.449784
797,0,-0.345105,-0.339028,1.55191,1.00706,-0.14902,2.09873,0.474116,0.719523,-0.507445,-0.864023,0.491069,-0.110972,0.169343,0.491058,0.854509,12.7339,-59.7714,-19.6556,0.839597,0.179262,-0.201522,-0.47152
806,0,-0.344214,-0.337614,1.55161,1.00706,-0.14902,2.09873,0.427014,0.754988,-0.497647,-0.888269,0.453226,-0.0745965,0.169227,0.473898,0.864166,9.34652,-62.6565,-21.6186,0.828312,0.165546,-0.201275,-0.495965
815,0,-0.344828,-0.336329,1.55059,1.00706,-0.14902,2.09873,0.407168,0.766509,-0.496667,-0.894617,0.444276,-0.0477545,0.184053,0.463771,0.866626,6.13507,-63.4592,-24.3245,0.824328,0.155134,-0.206447,-0.503781
823,0,-0.344709,-0.336225,1.55259,1.00706,-0.14902,2.09873,0.374502,0.775728,-0.507932,-0.905173,0.424624,-0.0188938,0.201023,0.466842,0.86119,2.54772,-64.8466,-28.2258,0.815524,0.148903,-0.217331,-0.515283
832,0,-0.345539,-0.336439,1.55344,1.00706,-0.14902,2.09873,0.368385,0.772866,-0.516692,-0.909001,0.415991,-0.0258505,0.19496,0.479197,0.855781,3.5559,-65.3677,-27.8892,0.812428,0.155413,-0.218989,-0.517544
839,0,-0.344552,-0.336705,1.5536,1.00706,-0.14902,2.09873,0.370312,0.791573,-0.486087,-0.913592,0.404993,-0.0364797,0.167986,0.457594,0.873148,5.14702,-66.0065,-24.4006,0.813703,0.151798,-0.200956,-0.52389
848,1,-0.343989,-0.33649,1.553,1.00706,-0.14902,2.09873,0.367558,0.794786,-0.482925,-0.91374,0.405306,-0.0284127,0.17315,0.451711,0.875201,4.00998,-66.0274,-25.2243,0.813644,0.147523,-0.201585,-0.524961
856,1,-0.34382,-0.336151,1.55182,1.00706,-0.14902,2.09873,0.296652,0.824615,-0.481672,-0.946937,0.319341,-0.0364915,0.123726,0.466939,0.875591,6.51898,-71.2512,-22.6399,0.789238,0.159467,-0.191767,-0.561159
864,1,-0.343805,-0.335611,1.55281,1.00706,-0.14902,2.09873,0.321495,0.827415,-0.460462,-0.934807,0.354835,-0.015072,0.150917,0.435289,0.887551,2.43224,-69.1971,-25.1465,0.800606,0.140631,-0.190911,-0.550278
872,1,-0.343374,-0.336079,1.55335,1.00706,-0.14902,2.09873,0.286493,0.847834,-0.446206,-0.951768,0.305236,-0.0311184,0.109815,0.433599,0.894389,5.8211,-72.1324,-20.9722,0.788372,0.147366,-0.176319,-0.570671
881,1,-0.344174,-0.336272,1.55527,1.00706,-0.14902,2.09873,0.265137,0.853803,-0.448021,-0.958425,0.284192,-0.0256016,0.105465,0.436182,0.893657,5.14762,-73.4206,-21.6915,0.781503,0.147723,-0.177058,-0.579726
889,1,-0.34357,-0.335525,1.55224,1.00706,-0.14902,2.09873,0.268582,0.842664,-0.46667,-0.95512,0.295809,-0.0155572,0.124936,0.449905,0.884295,3.01053,-72.7694,-24.9464,0.782414,0.148726,-0.189032,-0.574435
897,1,-0.344135,-0.336518,1.55364,1.00706,-0.14902,2.09873,0.244719,0.837752,-0.488143,-0.964177,0.263405,-0.0313109,0.102349,0.478319,0.872202,6.77891,-74.6176,-22.6961,0.771415,0.165161,-0.191366,-0.583969
906,1,-0.345136,-0.336702,1.55326,1.00706,-0.14902,2.09873,0.247156,0.815935,-0.522651,-0.962383,0.269516,-0.0343465,0.112838,0.511479,0.851855,7.26248,-74.2348,-24.5389,0.769501,0.177331,-0.206461,-0.577751
915,1,-0.346078,-0.336276,1.55291,1.00706,-0.14902,2.09873,0.267656,0.804878,-0.529652,-0.953067,0.301896,-0.0228533,0.141506,0.51091,0.847907,4.32898,-72.3765,-27.8648,0.777409,0.171648,-0.215832,-0.565322
923,1,-0.345905,-0.3359,1.55205,1.00706,-0.14902,2.09873,0.303925,0.797237,-0.521578,-0.938015,0.346153,-0.0174865,0.166605,0.494562,0.853025,2.89193,-69.7208,-28.7305,0.79106,0.161824,-0.217487,-0.548394
931,1,-0.345618,-0.336185,1.55072,1.00706,-0.14902,2.09873,0.331433,0.780128,-0.530616,-0.927463,0.372584,-0.0315268,0.173104,0.502575,0.847026,4.83664,-68.0427,-27.5776,0.798599,0.1672,-0.220298,-0.534558
940,1,-0.345103,-0.336488,1.5513,1.00706,-0.14902,2.09873,0.345803,0.778054,-0.524454,-0.921372,0.387282,-0.0329625,0.177465,0.494616,0.8508,4.86485,-67.1275,-27.1667,0.803723,0.164104,-0.218334,-0.52861
948,1,-0.345231,-0.336278,1.55219,1.00706,-0.14902,2.09873,0.342553,0.788208,-0.511259,-0.924142,0.380681,-0.0322959,0.169171,0.483539,0.85882,4.8492,-67.5394,-26.2826,0.803438,0.160509,-0.211724,-0.532819
956,1,-0.344602,-0.335451,1.55105,1.00706,-0.14902,2.09873,0.302298,0.815456,-0.493607,-0.940473,0.339534,-0.0150483,0.155325,0.468773,0.869555,2.53771,-70.1312,-27.1948,0.792368,0.152651,-0.204745,-0.554013
964,1,-0.345023,-0.335135,1.55095,1.00706,-0.14902,2.09873,0.289369,0.827587,-0.481004,-0.945629,0.325107,-0.00952513,0.148495,0.457608,0.876666,1.6782,-71.0195,-27.1654,0.789168,0.147983,-0.199419,-0.561736
972,1,-0.344966,-0.335885,1.55065,1.00706,-0.14902,2.09873,0.27143,0.841279,-0.467521,-0.955687,0.293104,-0.0274218,0.113963,0.454246,0.883557,5.34485,-72.8794,-22.7756,0.782319,0.153923,-0.18582,-0.574244
980,1,-0.345068,-0.33525,1.55202,1.00706,-0.14902,2.09873,0.244526,0.846378,-0.473129,-0.961796,0.273663,-0.00752763,0.123107,0.456894,0.880961,1.57563,-74.1115,-26.723,0.77446,0.149918,-0.192468,-0.583689
989,0,-0.343912,-0.33533,1.55235,1.00706,-0.14902,2.09873,0.252244,0.838131,-0.483642,-0.959295,0.28218,-0.0113159,0.12699,0.46681,0.875193,2.29643,-73.5961,-26.7225,0.776147,0.154006,-0.196687,-0.578958
997,0,-0.344014,-0.335733,1.55314,1.00706,-0.14902,2.09873,0.256054,0.840269,-0.477896,-0.959221,0.282086,-0.0179637,0.119714,0.463008,0.878233,3.64377,-73.5811,-25.0576,0.777234,0.154706,-0.192223,-0.578812
1005,0,-0.344698,-0.336139,1.55324,1.00706,-0.14902,2.09873,0.231364,0.837451,-0.495123,-0.967301,0.252384,-0.025123,0.103922,0.484746,0.868459,5.68465,-75.3075,-24.1883,0.766845,0.166223,-0.195295,-0.588369
1014,0,-0.34541,-0.336851,1.5525,1.00706,-0.14902,2.09873,0.2449,0.821992,-0.514152,-0.965448,0.255473,-0.051426,0.0890802,0.508981,0.856156,11.3814,-74.8945,-19.9884,0.767549,0.182531,-0.19648,-0.582191
1021,0,-0.345306,-0.337343,1.55235,1.00706,-0.14902,2.09873,0.224194,0.831451,-0.508356,-0.972627,0.22361,-0.0632171,0.0611114,0.508614,0.858823,15.7862,-76.5631,-15.2474,0.759379,0.188256,-0.187478,-0.593932
1029,0,-0.345138,-0.33691,1.55209,1.00706,-0.14902,2.09873,0.178664,0.843204,-0.507038,-0.982806,0.177351,-0.0513751,0.0466037,0.507498,0.860391,16.1553,-79.3597,-14.6196,0.74438,0.187698,-0.18594,-0.613265
1037,1,-0.344291,-0.336157,1.55155,1.00706,-0.14902,2.09873,0.119569,0.870238,-0.477901,-0.992396,0.118929,-0.0317299,0.0292236,0.478061,0.87784,14.9384,-82.9296,-13.7343,0.727382,0.175214,-0.174298,-0.640184
1046,1,-0.344379,-0.335923,1.55354,1.00706,-0.14902,2.09873,0.0697226,0.885706,-0.458981,-0.997382,0.070749,-0.0149835,0.0192015,0.458824,0.88832,11.9576,-85.8528,-15.3975,0.712178,0.166323,-0.167859,-0.661031
1054,1,-0.342632,-0.336024,1.55179,1.00706,-0.14902,2.09873,0.0261745,0.90488,-0.424861,-0.999334,0.0128791,-0.0341358,-0.025417,0.425472,0.904615,0,-90,-25.1576,0.697078,0.164834,-0.143257,-0.682928
1062,1,-0.345829,-0.336367,1.55202,1.00706,-0.14902,2.09873,0.0604313,0.862831,-0.501867,-0.998069,0.0449904,-0.0428311,-0.0143768,0.503486,0.863884,0,-90,-30.1541,0.70166,0.194652,-0.173692,-0.663035
1071,1,-0.34812,-0.342768,1.55141,1.00706,-0.14902,2.09873,0.0719777,0.866364,-0.494199,-0.997024,0.048775,-0.0597058,-0.0276224,0.497025,0.867296,50.7538,-85.5783,20.995,0.704991,0.197425,-0.165455,-0.660784
1079,1,-0.343485,-0.349226,1.55101,1.00706,-0.14902,2.09873,0.129079,0.862044,-0.490122,-0.990834,0.13198,-0.028816,0.0398454,0.489348,0.871178,12.3165,-82.2362,-17.155,0.730109,0.177427,-0.181468,-0.634452
1087,1,-0.343019,-0.352308,1.55104,1.00706,-0.14902,2.09873,0.187673,0.853305,-0.486467,-0.981983,0.174144,-0.0733735,0.0221054,0.491472,0.870613,22.8475,-79.1073,-6.71774,0.747066,0.189021,-0.17019,-0.614165
1095,1,-0.344026,-0.354852,1.5508,1.00706,-0.14902,2.09873,0.0956319,0.930007,-0.354883,-0.988207,0.0458699,-0.14609,-0.119586,0.364669,0.923426,72.5686,-81.1921,51.351,0.718493,0.177719,-0.0818716,-0.667444
1104,1,-0.34445,-0.355158,1.54959,1.00706,-0.14902,2.09873,0.244213,0.837968,-0.488027,-0.968677,0.187445,-0.162881,-0.0450109,0.512518,0.857496,40.9891,-75.6215,10.443,0.756497,0.223199,-0.146404,-0.597042
1111,1,-0.343316,-0.356272,1.54914,1.00706,-0.14902,2.09873,0.275941,0.821923,-0.498296,-0.96032,0.213898,-0.178978,-0.0405214,0.527911,0.848333,39.9207,-73.8054,8.35408,0.764554,0.231144,-0.149687,-0.582772
1119,1,-0.343401,-0.356742,1.55067,1.00706,-0.14902,2.09873,0.33664,0.843644,-0.418257,-0.941551,0.2957,-0.16138,-0.012469,0.448137,0.893878,28.6238,-70.3137,2.12124,0.794704,0.191743,-0.127654,-0.561591
1127,1,-0.342425,-0.353437,1.55177,1.00706,-0.14902,2.09873,0.360019,0.87666,-0.319146,-0.932653,0.32964,-0.146613,-0.0233263,0.350436,0.936296,23.9779,-68.8523,3.70713,0.81024,0.153365,-0.0912753,-0.558265
1136,1,-0.342208,-0.351564,1.55298,1.00706,-0.14902,2.09873,0.316811,0.900997,-0.296369,-0.946777,0.281643,-0.155852,-0.0569524,0.329971,0.942271,28.9588,-71.2228,10.1911,0.796983,0.152395,-0.075101,-0.579616
1144,0,-0.342238,-0.349449,1.5535,1.00706,-0.14902,2.09873,0.274459,0.898837,-0.341708,-0.961434,0.249932,-0.114796,-0.0177786,0.360037,0.932769,24.6697,-74.0359,3.70626,0.783767,0.151458,-0.103325,-0.593375
1152,0,-0.342195,-0.348598,1.55209,1.00706,-0.14902,2.09873,0.274322,0.877935,-0.392401,-0.961622,0.252766,-0.106732,0.00548153,0.40662,0.913581,22.8923,-74.0752,-1.14474,0.781132,0.164298,-0.127342,-0.588747
1160,0,-0.341862,-0.349337,1.55304,1.00706,-0.14902,2.09873,0.218008,0.90177,-0.373208,-0.97549,0.189644,-0.111597,-0.0298577,0.388389,0.921011,30.4748,-77.2885,7.79855,0.762998,0.163823,-0.1125,-0.615093
1168,0,-0.34279,-0.349562,1.55369,1.00706,-0.14902,2.09873,0.202891,0.888651,-0.41126,-0.978801,0.172049,-0.111118,-0.0279881,0.425086,0.90472,32.8564,-78.1815,7.8542,0.754927,0.177568,-0.126923,-0.618421
1176,0,-0.342634,-0.34939,1.55152,1.00706,-0.14902,2.09873,0.189931,0.898932,-0.394775,-0.98048,0.152847,-0.123677,-0.0508369,0.410559,0.910416,38.9782,-78.6608,14.9845,0.750532,0.177952,-0.114565,-0.626027
1183,0,-0.343085,-0.349671,1.55335,1.00706,-0.14902,2.09873,0.181174,0.90061,-0.395067,-0.982345,0.146681,-0.116115,-0.0466251,0.409129,0.911285,38.3656,-79.2177,14.4319,0.748188,0.175505,-0.116429,-0.629172
1192,0,-0.342339,-0.348854,1.55315,1.00706,-0.14902,2.09873,0.150128,0.914632,-0.37538,-0.987745,0.12237,-0.0968764,-0.042671,0.385324,0.921794,38.3676,-81.0209,15.8667,0.740657,0.162761,-0.112302,-0.642125
1200,0,-0.341688,-0.34722,1.55322,1.00706,-0.14902,2.09873,0.0747524,0.926129,-0.369726,-0.996627,0.0567934,-0.0592393,-0.0338653,0.372907,0.92725,46.2076,-85.2927,24.3721,0.717425,0.150589,-0.117037,-0.67002
1208,0,-0.339755,-0.347906,1.55202,1.00706,-0.14902,2.09873,0.0669395,0.948794,-0.308722,-0.995401,0.0422516,-0.0859785,-0.0685319,0.313058,0.947258,63.8295,-84.5027,45.6735,0.717016,0.139131,-0.0837465,-0.677877
1217,0,-0.342994,-0.348874,1.55315,1.00706,-0.14902,2.09873,0.0792105,0.940502,-0.330426,-0.995468,0.0571332,-0.076016,-0.0526149,0.33495,0.940766,53.0717,-84.5433,33.5937,0.720609,0.142576,-0.0963808,-0.671644
1225,1,-0.341274,-0.348528,1.55313,1.00706,-0.14902,2.09873,0.0840671,0.935342,-0.34361,-0.994678,0.0581553,-0.0850514,-0.0595694,0.348931,0.935253,55.637,-84.0862,35.3212,0.720673,0.150548,-0.0985331,-0.66952
1234,1,-0.340863,-0.348502,1.5527,1.00706,-0.14902,2.09873,0.122339,0.924526,-0.360951,-0.989624,0.0860233,-0.115081,-0.0753449,0.371285,0.925457,53.2217,-81.7392,31.6278,0.73038,0.166477,-0.0977594,-0.65519
1243,1,-0.341698,-0.348855,1.55127,1.00706,-0.14902,2.09873,0.11398,0.913885,-0.389646,-0.990506,0.0741917,-0.115733,-0.0768584,0.399137,0.913664,57.3378,-82.0984,33.9924,0.724885,0.17757,-0.107875,-0.65679
1250,1,-0.342177,-0.349807,1.55205,1.00706,-0.14902,2.09873,0.0984993,0.908202,-0.406776,-0.989375,0.0454476,-0.138103,-0.106939,0.416057,0.903029,71.7844,-81.6402,47.3524,0.715363,0.193664,-0.104785,-0.663152
1259,1,-0.343767,-0.34671,1.55112,1.00706,-0.14902,2.09873,0.0551306,0.900683,-0.430964,-0.997826,0.0340887,-0.0564027,-0.03611,0.433137,0.900605,58.852,-86.2213,33.2244,0.705306,0.17352,-0.139958,-0.672939
1266,1,-0.346889,-0.350921,1.5507,1.00706,-0.14902,2.09873,0.104248,0.895596,-0.432482,-0.990103,0.0523713,-0.130208,-0.0939639,0.441775,0.892191,68.0893,-81.9322,42.03,0.715683,0.199803,-0.11825,-0.658706
1274,1,-0.347567,-0.352552,1.54861,1.00706,-0.14902,2.09873,0.145013,0.878938,-0.454355,-0.980058,0.0645441,-0.187938,-0.13586,0.472548,0.87077,71.0458,-78.5383,43.1335,0.721167,0.228964,-0.11041,-0.64444
1282,1,-0.347651,-0.353608,1.54731,1.00706,-0.14902,2.09873,0.164099,0.870137,-0.464686,-0.972456,0.0636488,-0.224229,-0.165533,0.488682,0.856615,74.1531,-76.5211,45.2493,0.721866,0.246899,-0.103604,-0.638135
1290,1,-0.345516,-0.354947,1.54913,1.00706,-0.14902,2.09873,0.204608,0.867569,-0.453276,-0.960682,0.0891923,-0.262936,-0.187687,0.489253,0.851707,71.2622,-73.8799,42.5301,0.732378,0.256763,-0.0906599,-0.624081
1299,1,-0.345759,-0.357143,1.5506,1.00706,-0.14902,2.09873,0.262077,0.886484,-0.381395,-0.940385,0.145815,-0.307267,-0.216774,0.439186,0.871851,64.613,-70.1164,39.5955,0.754941,0.247189,-0.0545147,-0.604971
1306,1,-0.348278,-0.354949,1.5505,1.00706,-0.14902,2.09873,0.232192,0.869518,-0.43592,-0.961126,0.136262,-0.240144,-0.14941,0.474733,0.867355,60.4287,-73.9718,32.7604,0.747631,0.239048,-0.0958057,-0.612148
1314,1,-0.347176,-0.354959,1.55163,1.00706,-0.14902,2.09873,0.230541,0.88001,-0.415251,-0.960497,0.137443,-0.24198,-0.155872,0.454634,0.876933,60.4037,-73.8419,34.0631,0.749152,0.232467,-0.0865576,-0.614197
1323,1,-0.34528,-0.35466,1.55132,1.00706,-0.14902,2.09873,0.231305,0.900271,-0.368795,-0.9597,0.148952,-0.238306,-0.159608,0.409054,0.898443,57.9929,-73.6785,34.6069,0.754768,0.214424,-0.0692886,-0.616074
1331,1,-0.343713,-0.354674,1.55053,1.00706,-0.14902,2.09873,0.212022,0.906319,-0.365559,-0.960641,0.124583,-0.248291,-0.179489,0.403814,0.897061,63.3543,-73.8714,40.2498,0.747273,0.218162,-0.0622497,-0.624591
1340,1,-0.345649,-0.357277,1.55212,1.00706,-0.14902,2.09873,0.177925,0.910375,-0.373577,-0.953821,0.0661847,-0.292994,-0.242009,0.408456,0.880111,77.271,-72.5198,53.6767,0.728735,0.24064,-0.0451357,-0.639531
1347,1,-0.345688,-0.357071,1.55067,1.00706,-0.14902,2.09873,0.170805,0.905476,-0.388508,-0.953764,0.0529744,-0.295851,-0.247305,0.421078,0.872659,79.8483,-72.509,55.3685,0.723954,0.247574,-0.0487611,-0.642044
1355,1,-0.344306,-0.356182,1.54966,1.00706,-0.14902,2.09873,0.169898,0.909484,-0.379437,-0.955508,0.057824,-0.289242,-0.241121,0.411697,0.878844,78.6947,-72.8445,54.8307,0.725701,0.24147,-0.0476493,-0.64248
1364,1,-0.344768,-0.356645,1.55103,1.00706,-0.14902,2.09873,0.17289,0.90236,-0.394786,-0.954804,0.0551552,-0.292074,-0.241781,0.42744,0.871113,79.3062,-72.7083,54.4326,0.724424,0.248306,-0.0528021,-0.640911
1372,1,-0.341325,-0.358779,1.54903,1.00706,-0.14902,2.09873,0.204457,0.890777,-0.405849,-0.954789,0.0900675,-0.283314,-0.215816,0.445425,0.868919,72.3642,-72.7053,46.5482,0.735432,0.247725,-0.0645991,-0.627374
1380,1,-0.346145,-0.354081,1.54677,1.00706,-0.14902,2.09873,0.17098,0.851871,-0.495058,-0.968752,0.0537177,-0.242146,-0.179684,0.52099,0.834436,77.4921,-75.6389,46.4219,0.717484,0.265907,-0.109889,-0.634377
1388,0,-0.349271,-0.353876,1.54596,1.00706,-0.14902,2.09873,0.176925,0.845325,-0.504106,-0.971096,0.0665533,-0.229222,-0.160217,0.53009,0.832667,73.8096,-76.1909,42.1629,0.720442,0.263488,-0.119332,-0.630315
1395,1,-0.34842,-0.354346,1.54978,1.00706,-0.14902,2.09873,0.203195,0.833673,-0.513519,-0.967054,0.0887278,-0.238609,-0.153359,0.545085,0.824235,69.6022,-75.2518,37.0432,0.727351,0.269366,-0.123792,-0.618933
1404,1,-0.347289,-0.353921,1.54879,1.00706,-0.14902,2.09873,0.245282,0.847042,-0.471547,-0.960894,0.147931,-0.234093,-0.128531,0.510526,0.850202,57.7099,-73.9237,27.6551,0.748902,0.24857,-0.114507,-0.603529
1412,1,-0.345021,-0.351735,1.55048,1.00706,-0.14902,2.09873,0.239651,0.852059,-0.465363,-0.965666,0.159689,-0.204912,-0.100283,0.498493,0.861074,52.0705,-74.9426,22.7072,0.751734,0.233927,-0.121413,-0.604511
1420,1,-0.339619,-0.336099,1.5553,1.00706,-0.14902,2.09873,0.392339,0.806691,-0.44195,-0.919267,0.360544,-0.157974,0.0319066,0.468249,0.88302,23.6608,-66.8192