124,0,-0.335682,-0.396963,1.45586,-0.54263,0.241243,1.48871,0.828049,0.560143,0.0239604,0.193458,-0.245352,-0.949935,-0.526221,0.791228,-0.311528,104.482,11.1547,32.4358,0.563731,0.772161,0.243991,-0.162615
133,0,-0.335932,-0.40624,1.45584,-0.54263,0.241243,1.48871,0.835129,0.549355,0.0277227,0.172864,-0.214274,-0.961356,-0.522185,0.807648,-0.27391,102.565,9.95437,32.0167,0.58029,0.762121,0.236911,-0.162199
140,0,-0.335973,-0.415937,1.45709,-0.54263,0.241243,1.48871,0.833278,0.552408,0.0222088,0.167119,-0.213391,-0.962567,-0.526991,0.805798,-0.270132,102.5,9.62033,32.3105,0.580895,0.761052,0.236359,-0.165817
148,0,-0.334443,-0.414655,1.451,-0.54263,0.241243,1.48871,0.843802,0.534722,0.045514,0.162265,-0.173374,-0.971397,-0.511536,0.827051,-0.23306,100.12,9.33837,31.2254,0.599451,0.750039,0.232317,-0.155333
157,0,-0.335221,-0.415446,1.4508,-0.54263,0.241243,1.48871,0.831961,0.552339,0.0525692,0.171064,-0.16522,-0.971308,-0.527806,0.817083,-0.231942,99.6537,9.84968,32.3915,0.598915,0.746512,0.242261,-0.159152
165,0,-0.334179,-0.416233,1.44653,-0.54263,0.241243,1.48871,0.835736,0.54685,0.0500088,0.160164,-0.155636,-0.974744,-0.525255,0.822638,-0.217656,99.0718,9.21643,32.1491,0.604658,0.74314,0.237847,-0.159878
173,0,-0.332589,-0.416028,1.44135,-0.54263,0.241243,1.48871,0.850923,0.523239,0.0463743,0.153375,-0.163047,-0.974624,-0.5024,0.836443,-0.218992,99.4972,8.82254,30.5584,0.605988,0.747155,0.226397,-0.152588
181,0,-0.33157,-0.414852,1.43665,-0.54263,0.241243,1.48871,0.856911,0.512677,0.0535303,0.16917,-0.181611,-0.96871,-0.486914,0.839154,-0.242354,100.618,9.73955,29.6061,0.598528,0.755129,0.225739,-0.14348
189,0,-0.331255,-0.41499,1.43498,-0.54263,0.241243,1.48871,0.846617,0.529159,0.0568354,0.190936,-0.202317,-0.960527,-0.496772,0.82405,-0.27232,101.894,11.0074,30.4033,0.585658,0.761783,0.236319,-0.144377
197,0,-0.330772,-0.413561,1.43074,-0.54263,0.241243,1.48871,0.834804,0.548354,0.0490979,0.195063,-0.211203,-0.957781,-0.514834,0.809136,-0.283277,102.435,11.2484,31.6626,0.578862,0.763099,0.243552,-0.15258
206,0,-0.330176,-0.408769,1.41848,-0.54263,0.241243,1.48871,0.817526,0.57463,-0.0380883,0.126999,-0.2444,-0.961322,-0.561714,0.781069,-0.272781,104.264,7.29618,34.4925,0.570163,0.763987,0.229594,-0.196274
214,0,-0.329498,-0.40685,1.41166,-0.54263,0.241243,1.48871,0.810058,0.585024,-0.0394016,0.117306,-0.227535,-0.966678,-0.574495,0.778444,-0.252944,103.245,6.73666,35.3444,0.576537,0.756726,0.232029,-0.202813
222,0,-0.328732,-0.405947,1.4069,-0.54263,0.241243,1.48871,0.811731,0.583963,-0.00891496,0.140651,-0.21028,-0.967471,-0.566842,0.784072,-0.252826,102.263,8.08551,34.9271,0.580652,0.754128,0.240216,-0.190869
230,0,-0.326695,-0.402774,1.39559,-0.54263,0.241243,1.48871,0.812995,0.581936,0.0197337,0.163645,-0.195832,-0.966887,-0.558802,0.789303,-0.254441,101.45,9.4185,34.5022,0.583678,0.752208,0.247797,-0.179162
237,0,-0.324754,-0.400773,1.38652,-0.54263,0.241243,1.48871,0.803648,0.593872,0.0382702,0.190498,-0.195798,-0.961963,-0.56379,0.780371,-0.270485,101.505,10.9819,35.0511,0.578223,0.753315,0.260307,-0.174403
245,0,-0.323208,-0.398754,1.38051,-0.54263,0.241243,1.48871,0.804334,0.591718,0.0540014,0.204638,-0.190547,-0.960112,-0.557826,0.783301,-0.274351,101.225,11.8083,34.7423,0.57867,0.753199,0.264325,-0.167228
253,0,-0.321857,-0.397259,1.37541,-0.54263,0.241243,1.48871,0.793967,0.606421,0.0432518,0.204028,-0.198759,-0.958576,-0.572704,0.769902,-0.281535,101.714,11.7726,35.8036,0.573078,0.754033,0.268705,-0.17554
261,0,-0.320107,-0.395099,1.36781,-0.54263,0.241243,1.48871,0.7966,0.603311,0.0380123,0.195162,-0.197155,-0.960751,-0.572137,0.772752,-0.274796,101.597,11.2542,35.6868,0.575467,0.753085,0.265067,-0.177312
270,0,-0.318301,-0.39363,1.36216,-0.54263,0.241243,1.48871,0.80214,0.596072,0.0356279,0.19128,-0.19997,-0.96095,-0.565671,0.777631,-0.27442,101.755,11.0275,35.1916,0.57614,0.754409,0.260917,-0.175649
278,0,-0.317777,-0.392334,1.35653,-0.54263,0.241243,1.48871,0.844096,0.534985,0.0359503,0.177578,-0.215659,-0.960186,-0.505932,0.816874,-0.277038,102.659,10.2287,30.9375,0.581249,0.764329,0.233068,-0.153724
286,0,-0.3182,-0.392939,1.35644,-0.54263,0.241243,1.48871,0.890221,0.45149,0.0605271,0.17368,-0.21357,-0.961365,-0.42112,0.86634,-0.268539,102.525,10.0018,25.3165,0.59332,0.770119,0.202946,-0.117057
295,0,-0.313388,-0.389874,1.33825,-0.54263,0.241243,1.48871,0.746968,0.663876,0.0361663,0.192382,-0.163751,-0.967561,-0.636419,0.729695,-0.250034,99.6057,11.0918,40.4311,0.577318,0.734975,0.291254,-0.204174
303,0,-0.310709,-0.38682,1.32705,-0.54263,0.241243,1.48871,0.624638,0.780395,0.0284757,0.180692,-0.108961,-0.977486,-0.759722,0.61572,-0.209072,96.3605,10.4101,50.5732,0.571534,0.696899,0.344773,-0.262322
311,0,-0.308987,-0.384857,1.32018,-0.54263,0.241243,1.48871,0.591015,0.80606,0.0311412,0.189007,-0.100846,-0.976784,-0.784205,0.583179,-0.211952,95.8945,10.8948,52.9966,0.565291,0.689893,0.360587,-0.272891
319,0,-0.306466,-0.382192,1.30993,-0.54263,0.241243,1.48871,0.567884,0.822768,0.0236683,0.195797,-0.1071,-0.974778,-0.799482,0.558195,-0.221916,96.27,11.2913,54.6133,0.556522,0.68864,0.369774,-0.281647
327,0,-0.30116,-0.374739,1.28711,-0.54263,0.241243,1.48871,0.538199,0.84271,0.0134801,0.211391,-0.119488,-0.97007,-0.815877,0.52494,-0.24245,97.022,12.2039,56.5889,0.542278,0.689227,0.382349,-0.291049
336,0,-0.298592,-0.371415,1.2754,-0.54263,0.241243,1.48871,0.535616,0.844442,0.00582073,0.227847,-0.137875,-0.963886,-0.813143,0.517599,-0.266251,98.1404,13.1703,56.6272,0.531857,0.696373,0.384955,-0.289831
344,0,-0.297531,-0.369241,1.26387,-0.54263,0.241243,1.48871,0.508032,0.861332,-0.00328541,0.235397,-0.142509,-0.961395,-0.828548,0.487646,-0.275154,98.4317,13.615,58.485,0.522104,0.693847,0.395162,-0.299718
352,0,-0.295839,-0.363033,1.24563,-0.54263,0.241243,1.48871,0.474574,0.880197,-0.00572122,0.223784,-0.126938,-0.966337,-0.851293,0.457318,-0.257215,97.4835,12.9314,60.8615,0.522116,0.681676,0.404877,-0.314304
360,0,-0.293335,-0.36058,1.23725,-0.54263,0.241243,1.48871,0.461957,0.886896,-0.00337775,0.238046,-0.127658,-0.962828,-0.854359,0.443981,-0.270095,97.5526,13.7713,61.5996,0.515801,0.681856,0.412456,-0.314486
369,0,-0.292016,-0.35891,1.23135,-0.54263,0.241243,1.48871,0.452793,0.891616,0.000698926,0.247143,-0.124755,-0.960914,-0.856679,0.435268,-0.276845,97.3973,14.3085,62.1416,0.512639,0.68088,0.41812,-0.314292
377,0,-0.289663,-0.357424,1.2229,-0.54263,0.241243,1.48871,0.443827,0.896077,0.00791806,0.261372,-0.120996,-0.957625,-0.857148,0.427089,-0.287911,97.2012,15.1515,62.6251,0.508655,0.680576,0.425173,-0.311953
385,0,-0.287595,-0.357561,1.21391,-0.54263,0.241243,1.48871,0.424683,0.90495,0.0266366,0.258873,-0.0931879,-0.961406,-0.867542,0.415189,-0.273842,95.5363,15.0032,63.9171,0.514211,0.669275,0.434733,-0.314111
393,0,-0.28795,-0.358075,1.21413,-0.54263,0.241243,1.48871,0.388301,0.921176,0.0256461,0.251249,-0.0790507,-0.964689,-0.886621,0.381033,-0.26214,94.6846,14.5514,66.3487,0.511642,0.657551,0.445755,-0.327342
400,0,-0.285129,-0.355372,1.20449,-0.54263,0.241243,1.48871,0.399751,0.916107,0.0307729,0.252678,-0.0778625,-0.964412,-0.881109,0.3933,-0.262606,94.6158,14.636,65.5967,0.514607,0.659587,0.442999,-0.322299
408,0,-0.282631,-0.350095,1.18306,-0.54263,0.241243,1.48871,0.551489,0.834175,0.00337793,0.264707,-0.17116,-0.949018,-0.791069,0.524267,-0.315205,100.224,15.3496,55.118,0.516024,0.713767,0.384888,-0.275892
416,0,-0.280308,-0.347441,1.17347,-0.54263,0.241243,1.48871,0.602482,0.798065,-0.0103918,0.25434,-0.204318,-0.945286,-0.756522,0.566875,-0.326078,102.197,14.7345,51.4668,0.517708,0.730219,0.360305,-0.262563
424,0,-0.278552,-0.344749,1.16594,-0.54263,0.241243,1.48871,0.623318,0.781851,-0.0135404,0.243698,-0.21068,-0.946692,-0.743025,0.58679,-0.321856,102.546,14.1049,50.007,0.522203,0.734141,0.349234,-0.257636
432,0,-0.275893,-0.341142,1.15461,-0.54263,0.241243,1.48871,0.6303,0.77619,-0.0158356,0.228672,-0.205107,-0.951651,-0.74191,0.596204,-0.306772,102.163,13.2189,49.65,0.528777,0.731809,0.34328,-0.258861
441,0,-0.273404,-0.337757,1.14535,-0.54263,0.241243,1.48871,0.654938,0.755552,-0.0140507,0.212204,-0.201727,-0.956178,-0.725276,0.623255,-0.29245,101.913,12.2516,47.9174,0.538693,0.732993,0.33007