104,0,-0.336364,-0.387707,1.45636,-nan,-nan,-nan,0.834423,0.55111,0.00410091,0.172709,-0.254414,-0.951549,-0.523364,0.794702,-0.30747,104.969,9.94536,32.0966,0.564034,0.774001,0.233791,-0.167721
112,0,-0.335289,-0.385995,1.4542,-nan,-nan,-nan,0.828548,0.559439,0.02315,0.168882,-0.210272,-0.962946,-0.533842,0.801756,-0.2687,102.318,9.72281,32.7941,0.580856,0.759526,0.239729,-0.168095
119,0,-0.335596,-0.385404,1.45522,-nan,-nan,-nan,0.843498,0.536434,0.0273984,0.153289,-0.19152,-0.969444,-0.514795,0.821924,-0.243776,101.175,8.81758,31.3961,0.593338,0.754784,0.22845,-0.161436
127,0,-0.336741,-0.386197,1.45895,-nan,-nan,-nan,0.840539,0.540984,0.0288116,0.154472,-0.188353,-0.969877,-0.519261,0.81967,-0.241884,100.99,8.88615,31.7066,0.593781,0.753455,0.230756,-0.162734
135,0,-0.337499,-0.387519,1.46283,-nan,-nan,-nan,0.851256,0.523938,0.0291916,0.1542,-0.196585,-0.968285,-0.501583,0.82876,-0.248135,101.476,8.87042,30.5077,0.592987,0.757624,0.223771,-0.155879
143,0,-0.338739,-0.389218,1.46896,-nan,-nan,-nan,0.844419,0.53482,0.0303939,0.160446,-0.198376,-0.966905,-0.511091,0.821349,-0.253322,101.594,9.23276,31.1847,0.590068,0.757647,0.229416,-0.158615
151,0,-0.336687,-0.375935,1.49107,-nan,-nan,-nan,0.843783,0.534049,0.0531187,0.173659,-0.178037,-0.968579,-0.507811,0.826495,-0.242967,100.415,10.0006,31.0406,0.596401,0.752461,0.235131,-0.151069
160,0,-0.335336,-0.367685,1.5014,-nan,-nan,-nan,0.83574,0.546992,0.0483647,0.171071,-0.175656,-0.969474,-0.521799,0.818502,-0.240377,100.27,9.85008,31.9788,0.595757,0.750295,0.23926,-0.157749
168,0,-0.337558,-0.362577,1.51022,-nan,-nan,-nan,0.825561,0.563354,0.0328984,0.170623,-0.193618,-0.966126,-0.537901,0.803209,-0.255964,101.332,9.82402,33.0866,0.586511,0.754179,0.243303,-0.167401
179,0,-0.338441,-0.368736,1.51545,-nan,-nan,-nan,0.826656,0.562658,0.0074758,0.1648,-0.229378,-0.959285,-0.538035,0.79423,-0.282343,103.448,9.48561,33.0584,0.573353,0.764587,0.23786,-0.173479
187,0,-0.340146,-0.37334,1.52119,-nan,-nan,-nan,0.838451,0.544922,0.00776434,0.146401,-0.211492,-0.966353,-0.524945,0.811376,-0.257103,102.345,8.4184,32.0502,0.585204,0.759448,0.227574,-0.170249
196,0,-0.349814,-0.374046,1.53341,-nan,-nan,-nan,0.86151,0.507669,0.00853397,0.117591,-0.183145,-0.976028,-0.493936,0.841861,-0.217479,100.628,6.75312,29.8273,0.604336,0.752019,0.20786,-0.161366
205,0,-0.353435,-0.379517,1.55105,-nan,-nan,-nan,0.883863,0.464934,-0.0512178,0.0462378,-0.195809,-0.979551,-0.465456,0.863421,-0.194566,101.304,2.65018,27.772,0.611042,0.754029,0.16948,-0.171304
213,0,-0.357003,-0.379345,1.56606,-nan,-nan,-nan,0.854962,0.510254,-0.0931708,0.041746,-0.246735,-0.968183,-0.517008,0.823871,-0.232251,104.297,2.39257,31.1619,0.58651,0.763863,0.180661,-0.199702
221,0,-0.343701,-0.387739,1.57956,-nan,-nan,-nan,0.890841,0.438025,-0.120568,0.0101988,-0.284598,-0.958593,-0.454201,0.852724,-0.257998,106.536,0.584357,27.0151,0.58057,0.779974,0.143666,-0.184227
229,0,-0.339676,-0.396315,1.59711,-nan,-nan,-nan,0.931934,0.360738,-0.0369795,0.0542461,-0.239511,-0.969377,-0.358549,0.901389,-0.242777,103.879,3.1096,21.0435,0.602006,0.776888,0.133541,-0.12728
237,0,-0.34389,-0.399831,1.61304,-nan,-nan,-nan,0.952865,0.303006,0.0153845,0.0837781,-0.214044,-0.973225,-0.2916,0.92864,-0.22934,102.404,4.80576,17.0154,0.614305,0.773991,0.124932,-0.0892178
244,0,-0.347391,-0.403194,1.62506,-nan,-nan,-nan,0.965491,0.256862,0.0430012,0.0992318,-0.210166,-0.972617,-0.240791,0.94332,-0.228402,102.193,5.69493,14.0037,0.617844,0.775251,0.114832,-0.0637824
252,0,-0.350376,-0.406399,1.63852,-nan,-nan,-nan,0.976847,0.209981,0.0409651,0.0869423,-0.214678,-0.972807,-0.195476,0.953846,-0.227964,102.445,4.98773,11.316,0.619315,0.777735,0.0954447,-0.049667
260,0,-0.351832,-0.409084,1.64803,-nan,-nan,-nan,0.980659,0.19273,0.0340917,0.0779626,-0.224889,-0.97126,-0.179524,0.955134,-0.235565,103.037,4.47146,10.374,0.616483,0.781203,0.0866268,-0.0465412
268,0,-0.353955,-0.411922,1.65902,-nan,-nan,-nan,0.981365,0.18953,0.0316427,0.076116,-0.232229,-0.969678,-0.176434,0.954017,-0.242328,103.468,4.36535,10.192,0.61376,0.783569,0.084755,-0.0461962
276,0,-0.355628,-0.41392,1.66792,0.508586,-0.440776,1.49886,0.985905,0.164766,0.0290554,0.0664901,-0.226495,-0.97174,-0.153529,0.959975,-0.234258,103.12,3.81241,8.85122,0.617485,0.78209,0.0739224,-0.0397887
285,0,-0.357634,-0.415848,1.67443,0.508586,-0.440776,1.49886,0.988715,0.147633,0.0254224,0.0588462,-0.226689,-0.972188,-0.137764,0.962713,-0.232819,103.125,3.37359,7.93232,0.618306,0.78234,0.0659813,-0.0358992
294,0,-0.358904,-0.417253,1.68092,0.508586,-0.440776,1.49886,0.989834,0.139197,0.0292026,0.0609272,-0.229459,-0.971409,-0.128517,0.963313,-0.235607,103.29,3.49303,7.39771,0.617407,0.783406,0.0638636,-0.0316931
301,0,-0.357439,-0.419326,1.6884,0.508586,-0.440776,1.49886,0.986694,0.158393,0.0367046,0.0708735,-0.215826,-0.973856,-0.146331,0.963499,-0.22418,102.496,4.06416,8.43571,0.621829,0.778893,0.0735874,-0.0351865
310,0,-0.3539,-0.421043,1.69577,0.508586,-0.440776,1.49886,0.979227,0.199041,0.038698,0.0767786,-0.187334,-0.979291,-0.187669,0.961919,-0.198725,100.83,4.40342,10.8492,0.631104,0.768974,0.0896712,-0.0484319
318,0,-0.336188,-0.421778,1.69873,0.508586,-0.440776,1.49886,0.999989,0.000379602,0.00469006,0.00468999,-0.161009,-0.986942,0.000380497,0.986953,-0.161009,99.2656,0.268718,-0.0218011,0.647683,0.761907,0.00166346,0.00166377
326,0,-0.32021,-0.422844,1.70644,0.508586,-0.440776,1.49886,0.999044,-0.0381203,-0.0213978,-0.0267606,-0.146248,-0.988886,0.0345673,0.988513,-0.147128,98.4126,-1.53345,-1.98166,0.653006,0.757037,-0.0214259,0.00434902
333,0,-0.332178,-0.422747,1.70591,0.508586,-0.440776,1.49886,0.998728,-0.0501001,0.00576207,-0.00306667,-0.174381,-0.984673,0.0503371,0.983403,-0.174313,100.043,-0.175708,-2.88533,0.642268,0.766065,-0.0173506,0.0183076
341,0,-0.350751,-0.421015,1.6986,0.508586,-0.440776,1.49886,0.998035,-0.0619558,0.00940411,-0.00447332,-0.220123,-0.975462,0.0625056,0.973503,-0.219967,102.716,-0.256303,-3.58368,0.624088,0.780725,-0.0212716,0.0230266
348,1,-0.350847,-0.422034,1.70084,0.508586,-0.440776,1.49886,0.994221,-0.106763,0.0112064,-0.01291,-0.222548,-0.974836,0.10657,0.969058,-0.22264,102.86,-0.739712,-6.11815,0.622301,0.78093,-0.038311,0.0377039
354,1,-0.350918,-0.426532,1.7067,0.508586,-0.440776,1.49886,0.986336,-0.164187,0.0135641,-0.0261424,-0.237273,-0.971091,0.162659,0.957468,-0.238324,103.73,-1.49802,-9.36448,0.614561,0.784527,-0.0606509,0.0561557
362,1,-0.352375,-0.432621,1.71296,0.508586,-0.440776,1.49886,0.975137,-0.221464,0.00788428,-0.0492982,-0.251479,-0.966606,0.216051,0.942185,-0.256144,104.583,-2.82573,-12.4926,0.605705,0.787839,-0.0859193,0.0710601
368,1,-0.356231,-0.439072,1.72095,0.508586,-0.440776,1.49886,0.95273,-0.302952,0.0229115,-0.0596915,-0.260594,-0.963601,0.297895,0.916685,-0.26636,105.133,-3.42211,-17.3632,0.597029,0.787351,-0.115147,0.101863
375,1,-0.380778,-0.429231,1.74802,0.508586,-0.440776,1.49886,0.988512,-0.142186,-0.0512636,-0.0715268,-0.141282,-0.987382,0.13315,0.979705,-0.149829,98.143,-4.10168,-7.6714,0.651422,0.754921,-0.0707733,0.0271174
383,1,-0.395873,-0.425699,1.75727,0.508586,-0.440776,1.49886,0.983102,-0.171569,-0.0638351,-0.0872492,-0.132594,-0.987323,0.16093,0.976208,-0.145323,97.6489,-5.00538,-9.29662,0.652914,0.751834,-0.0860622,0.0322859
391,1,-0.416682,-0.419681,1.76213,0.508586,-0.440776,1.49886,0.97376,-0.203002,-0.102865,-0.131083,-0.130827,-0.982701,0.186033,0.970399,-0.154004,97.5832,-7.53219,-10.8158,0.649794,0.75143,-0.11115,0.0276698
397,1,-0.436193,-0.416706,1.76934,0.508586,-0.440776,1.49886,0.964211,-0.232817,-0.126857,-0.161283,-0.135285,-0.977592,0.210438,0.963065,-0.167993,97.8789,-9.28139,-12.3117,0.644386,0.752909,-0.130859,0.0277527
405,1,-0.445449,-0.415512,1.7713,0.508586,-0.440776,1.49886,0.959028,-0.251712,-0.130028,-0.166561,-0.129665,-0.977468,0.22918,0.959077,-0.166278,97.5564,-9.58794,-13.44,0.644803,0.750828,-0.139271,0.0330141
413,0,-0.446138,-0.416041,1.77123,0.508586,-0.440776,1.49886,0.952368,-0.271667,-0.138535,-0.173712,-0.10992,-0.978643,0.250637,0.956093,-0.151876,96.4085,-10.0037,-14.7444,0.65011,0.744003,-0.149656,0.0376686
421,1,-0.441125,-0.415956,1.7698,0.508586,-0.440776,1.49886,0.953879,-0.270992,-0.129143,-0.163711,-0.109004,-0.980468,0.251622,0.95639,-0.148341,96.3438,-9.42235,-14.7773,0.651255,0.743509,-0.146166,0.0411827
429,1,-0.44163,-0.41625,1.76971,0.508586,-0.440776,1.49886,0.957521,-0.264299,-0.115325,-0.14972,-0.113862,-0.98215,0.24645,0.957696,-0.148596,96.6129,-8.61068,-14.4337,0.650973,0.74498,-0.138936,0.044003
436,1,-0.441184,-0.416777,1.77352,0.508586,-0.440776,1.49886,0.955915,-0.257852,-0.140492,-0.173739,-0.110936,-0.978523,0.236729,0.959794,-0.150845,96.4681,-10.0053,-13.9092,0.650795,0.744597,-0.144908,0.0323119
444,1,-0.434955,-0.417631,1.77735,0.508586,-0.440776,1.49886,0.951834,-0.264726,-0.154698,-0.190363,-0.114706,-0.974989,0.240361,0.957477,-0.159575,96.7099,-10.974,-14.1723,0.647602,0.746009,-0.152508,0.0287071
451,1,-0.432575,-0.418276,1.77598,0.508586,-0.440776,1.49886,0.947098,-0.289535,-0.138473,-0.179566,-0.120431,-0.976346,0.26601,0.949561,-0.166051,97.0318,-10.3445,-15.6884,0.644325,0.747258,-0.156941,0.0426683
459,1,-0.433116,-0.418663,1.77628,0.508586,-0.440776,1.49886,0.946898,-0.295589,-0.126533,-0.173128,-0.137099,-0.975311,0.270944,0.945426,-0.180993,98.0016,-9.96972,-15.9679,0.638123,0.752494,-0.155721,0.0479773
466,1,-0.436336,-0.418966,1.77833,0.508586,-0.440776,1.49886,0.953232,-0.278813,-0.116671,-0.156065,-0.123485,-0.979998,0.258829,0.952373,-0.161223,97.1817,-8.97857,-15.1911,0.645857,0.747987,-0.14535,0.0475136
473,1,-0.437308,-0.418001,1.77379,0.508586,-0.440776,1.49886,0.946051,-0.306888,-0.103956,-0.148009,-0.123899,-0.981194,0.288236,0.943647,-0.162637,97.1968,-8.51157,-16.9446,0.644111,0.747092,-0.152222,0.0616658
481,1,-0.442728,-0.417541,1.7695,0.508586,-0.440776,1.49886,0.96125,-0.263669,-0.0804842,-0.126466,-0.162338,-0.978597,0.24496,0.950855,-0.189393,99.4189,-7.2654,-14.2967,0.634334,0.760424,-0.128262,0.0540736
489,1,-0.441108,-0.416816,1.77098,0.508586,-0.440776,1.49886,0.958738,-0.254147,-0.127398,-0.16944,-0.150994,-0.973905,0.228279,0.955306,-0.187827,98.813,-9.75524,-13.3929,0.63638,0.757885,-0.139727,0.033277
497,0,-0.439271,-0.416745,1.77063,0.508586,-0.440776,1.49886,0.959856,-0.241374,-0.142881,-0.183402,-0.154664,-0.970795,0.212226,0.958028,-0.192724,99.0521,-10.568,-12.4676,0.634915,0.759481,-0.139825,0.0228266
504,1,-0.437625,-0.418959,1.77722,0.508586,-0.440776,1.49886,0.966248,-0.235546,-0.104322,-0.145695,-0.165684,-0.975357,0.212457,0.957636,-0.19441,99.6408,-8.37753,-12.4007,0.633671,0.762617,-0.124978,0.0354484
512,0,-0.436201,-0.41879,1.77563,0.508586,-0.440776,1.49886,0.961683,-0.251977,-0.108042,-0.153167,-0.166945,-0.973997,0.227387,0.953225,-0.199142,99.7261,-8.81052,-13.3031,0.631585,0.762852,-0.132773,0.0391117
519,1,-0.435976,-0.41877,1.7746,0.508586,-0.440776,1.49886,0.956758,-0.279186,-0.0816621,-0.129803,-0.158533,-0.978784,0.260317,0.94706,-0.187917,99.2003,-7.45819,-15.2207,0.63449,0.758816,-0.134746,0.0588597
526,1,-0.434437,-0.419237,1.77444,0.508586,-0.440776,1.49886,0.946277,-0.315579,-0.070496,-0.122971,-0.149575,-0.981074,0.299062,0.937036,-0.180346,98.6686,-7.06359,-17.5387,0.63568,0.754354,-0.14534,0.075749
534,1,-0.434628,-0.419373,1.77434,0.508586,-0.440776,1.49886,0.909918,-0.410205,-0.0614954,-0.133571,-0.149414,-0.979711,0.392694,0.899671,-0.190746,98.6713,-7.67597,-23.3437,0.62645,0.750013,-0.181255,0.110398
542,0,-0.433091,-0.418781,1.76767,0.508586,-0.440776,1.49886,0.889764,-0.452523,-0.0595292,-0.151941,-0.170681,-0.973541,0.430389,0.875266,-0.220622,99.944,-8.7394,-25.8136,0.612058,0.75516,-0.200111,0.122775
549,1,-0.432603,-0.419141,1.76975,0.508586,-0.440776,1.49886,0.847279,-0.528521,-0.0527544,-0.156785,-0.153968,-0.975557,0.507481,0.834841,-0.213318,98.9688,-9.02033,-30.9196,0.608275,0.744071,-0.230256,0.152783
557,0,-0.438869,-0.418337,1.76811,0.508586,-0.440776,1.49886,0.794416,-0.603965,-0.0642558,-0.170632,-0.120394,-0.977952,0.582913,0.787865,-0.198698,97.0183,-9.82455,-36.2698,0.607315,0.726896,-0.266406,0.178381
564,0,-0.443463,-0.416148,1.76542,0.508586,-0.440776,1.49886,0.737582,-0.668541,-0.0950031,-0.187439,-0.0675404,-0.979951,0.648721,0.740602,-0.175128,93.9427,-10.8034,-41.3324,0.611333,0.703607,-0.30414,0.196743
572,0,-0.441496,-0.415174,1.76439,0.508586,-0.440776,1.49886,0.684894,-0.719598,-0.11445,-0.19524,-0.0299101,-0.980299,0.701998,0.693747,-0.16098,91.7476,-11.2587,-45.7066,0.611147,0.684796,-0.333982,0.214497
579,1,-0.441087,-0.41674,1.76629,0.508586,-0.440776,1.49886,0.669012,-0.736706,-0.0984201,-0.192274,-0.0436343,-0.980371,0.717951,0.674804,-0.170841,92.5484,-11.0855,-47.0208,0.603021,0.686201,-0.33845,0.22571
587,1,-0.441836,-0.415839,1.7667,0.508586,-0.440776,1.49886,0.645799,-0.755751,-0.108558,-0.205843,-0.0354215,-0.977944,0.735236,0.653901,-0.178441,92.0744,-11.8788,-48.7054,0.598318,0.681847,-0.352569,0.229772
594,1,-0.440302,-0.415685,1.76876,0.508586,-0.440776,1.49886,0.619174,-0.773728,-0.134045,-0.213431,-0.00154479,-0.976957,0.755692,0.633516,-0.166094,90.0906,-12.3235,-50.6706,0.602398,0.668359,-0.369247,0.232528
601,1,-0.439756,-0.416645,1.76899,0.508586,-0.440776,1.49886,0.624794,-0.772359,-0.11443,-0.212416,-0.0271126,-0.976803,0.75134,0.634607,-0.181001,91.5899,-12.264,-50.254,0.595122,0.676925,-0.363694,0.235222
609,1,-0.439719,-0.417081,1.76745,0.508586,-0.440776,1.49886,0.61578,-0.781335,-0.101641,-0.213209,-0.04105,-0.976144,0.758523,0.62276,-0.191866,92.4081,-12.3105,-50.9298,0.587976,0.679834,-0.365731,0.24156
616,1,-0.438652,-0.415847,1.76616,0.508586,-0.440776,1.49886,0.592993,-0.795283,-0.126035,-0.206574,0.0010305,-0.97843,0.778259,0.606238,-0.163674,89.9397,-11.9217,-52.6945,0.597986,0.662502,-0.378058,0.246121
624,1,-0.439531,-0.415413,1.76495,0.508586,-0.440776,1.49886,0.558931,-0.821256,-0.114602,-0.194192,0.00472298,-0.980952,0.806154,0.57054,-0.156842,89.7241,-11.1975,-55.2652,0.593046,0.654036,-0.388147,0.264341
631,1,-0.440971,-0.416085,1.76559,0.508586,-0.440776,1.49886,0.579921,-0.807762,-0.105891,-0.206554,-0.0200553,-0.97823,0.788053,0.589168,-0.178477,91.1745,-11.9205,-53.651,0.587662,0.666793,-0.380296,0.255762
639,1,-0.438568,-0.41612,1.76542,0.508586,-0.440776,1.49886,0.634582,-0.766488,-0.0990042,-0.197573,-0.0370427,-0.979588,0.747175,0.641189,-0.174944,92.1656,-11.3951,-49.6585,0.596363,0.679443,-0.354725,0.238494
645,1,-0.438563,-0.416219,1.76571,0.508586,-0.440776,1.49886,0.646837,-0.755078,-0.107046,-0.202031,-0.0343109,-0.978778,0.735381,0.654737,-0.174743,92.0077,-11.6558,-48.6653,0.599538,0.681156,-0.351281,0.230614
653,1,-0.438388,-0.416163,1.76551,0.508586,-0.440776,1.49886,0.655706,-0.747824,-0.103967,-0.194634,-0.0343751,-0.980273,0.729498,0.663007,-0.168092,92.0084,-11.2234,-48.0493,0.602752,0.681574,-0.345692,0.229443
660,1,-0.439494,-0.416438,1.76505,0.508586,-0.440776,1.49886,0.668034,-0.738592,-0.0906212,-0.191016,-0.0525051,-0.980182,0.719196,0.672105,-0.176158,93.0662,-11.0121,-47.1122,0.599869,0.688603,-0.337498,0.228207
668,1,-0.43434,-0.41776,1.76831,0.508586,-0.440776,1.49886,0.678366,-0.729033,-0.0912726,-0.196231,-0.0600609,-0.978717,0.708035,0.681838,-0.183802,93.5117,-11.3166,-46.226,0.598854,0.693222,-0.333682,0.222426
675,1,-0.439702,-0.416422,1.7665,0.508586,-0.440776,1.49886,0.649703,-0.75381,-0.0982723,-0.196124,-0.0413155,-0.979708,0.734453,0.655793,-0.174683,92.4148,-11.3104,-48.5038,0.598687,0.682953,-0.34773,0.232879
683,1,-0.433797,-0.417816,1.77051,0.508586,-0.440776,1.49886,0.726995,-0.681363,-0.0849883,-0.174908,-0.0640726,-0.982498,0.663992,0.729136,-0.165756,93.7312,-10.0733,-42.4066,0.611794,0.699433,-0.306059,0.206955
690,1,-0.431206,-0.418533,1.77182,0.508586,-0.440776,1.49886,0.717742,-0.690646,-0.088623,-0.180188,-0.061284,-0.981721,0.672591,0.720591,-0.168432,93.5721,-10.3807,-43.14,0.609923,0.697757,-0.312012,0.20923
696,1,-0.429953,-0.419262,1.77266,0.508586,-0.440776,1.49886,0.717574,-0.69306,-0.0689568,-0.174206,-0.0827393,-0.981227,0.674344,0.716116,-0.180107,94.8199,-10.0324,-43.2211,0.603061,0.703637,-0.308137,0.215092
704,1,-0.428,-0.419235,1.77235,0.508586,-0.440776,1.49886,0.700919,-0.710741,-0.0596657,-0.173643,-0.0889076,-0.980787,0.691781,0.697813,-0.185732,95.1797,-9.99969,-44.624,0.597135,0.702773,-0.314605,0.224865
711,1,-0.422597,-0.42027,1.77568,0.508586,-0.440776,1.49886,0.725546,-0.685932,-0.0554991,-0.171353,-0.101963,-0.979919,0.666499,0.720487,-0.191515,95.9404,-9.86647,-42.5711,0.598345,0.710462,-0.301665,0.215001
718,1,-0.421562,-0.421795,1.78043,0.508586,-0.440776,1.49886,0.756496,-0.651609,-0.055854,-0.160649,-0.102361,-0.981689,0.63396,0.751617,-0.182116,95.9527,-9.24457,-39.9637,0.606634,0.714313,-0.284279,0.202329
725,1,-0.418638,-0.422113,1.78146,0.508586,-0.440776,1.49886,0.781229,-0.62269,-0.044028,-0.152051,-0.121409,-0.980888,0.605443,0.772992,-0.189528,97.0559,-8.74579,-37.7753,0.606278,0.723216,-0.267811,0.194069
732,1,-0.410413,-0.422738,1.78243,0.508586,-0.440776,1.49886,0.786141,-0.61764,-0.0224467,-0.137928,-0.139922,-0.980509,0.60246,0.773914,-0.195188,98.1215,-7.92794,-37.4648,0.602294,0.728226,-0.259386,0.199119
739,1,-0.39772,-0.425762,1.78666,0.508586,-0.440776,1.49886,0.783765,-0.620878,0.0149184,-0.113049,-0.166244,-0.979583,0.610682,0.766076,-0.200486,99.6319,-6.4911,-37.9245,0.595196,0.733228,-0.250238,0.213303
747,1,-0.381304,-0.429471,1.78912,0.508586,-0.440776,1.49886,0.78452,-0.618957,0.0376912,-0.108841,-0.197283,-0.974286,0.610477,0.760244,-0.22214,101.447,-6.24849,-37.8884,0.584187,0.742284,-0.245121,0.218302
754,1,-0.364491,-0.43341,1.79498,0.508586,-0.440776,1.49886,0.768943,-0.634583,0.0776623,-0.0995773,-0.238875,-0.965931,0.631515,0.735013,-0.246871,103.891,-5.71483,-39.3954,0.566392,0.750781,-0.244465,0.236146
761,1,-0.350929,-0.444089,1.80085,0.508586,-0.440776,1.49886,0.777772,-0.623635,0.0784224,-0.0689142,-0.208625,-0.975565,0.624757,0.753362,-0.20524,102.071,-3.95163,-38.7737,0.583932,0.740209,-0.233903,0.237494
769,1,-0.338332,-0.458046,1.80679,0.508586,-0.440776,1.49886,0.838582,-0.542999,0.0439663,-0.0809721,-0.204044,-0.975607,0.538725,0.814566,-0.215075,101.813,-4.64444,-32.7176,0.595706,0.751282,-0.207635,0.193899
776,1,-0.32451,-0.473231,1.81468,0.508586,-0.440776,1.49886,0.864043,-0.503058,0.0190646,-0.111072,-0.227439,-0.967437,0.491013,0.833789,-0.252393,103.23,-6.37714,-29.6084,0.588262,0.765486,-0.200569,0.166586
783,1,-0.307509,-0.484561,1.82261,0.508586,-0.440776,1.49886,0.880697,-0.473142,0.0225792,-0.0939082,-0.221123,-0.970714,0.464279,0.852784,-0.239174,102.833,-5.38848,-27.797,0.595903,0.765015,-0.185307,0.159101
790,1,-0.297281,-0.487074,1.83376,0.508586,-0.440776,1.49886,0.909649,-0.414708,0.0235826,-0.0705624,-0.210226,-0.975103,0.409341,0.885337,-0.220495,102.166,-4.04629,-24.2277,0.608056,0.764913,-0.158603,0.141494
797,1,-0.286823,-0.487562,1.8487,0.508586,-0.440776,1.49886,0.919077,-0.393448,-0.0222927,-0.0995357,-0.177032,-0.979159,0.381301,0.902141,-0.201868,100.248,-5.71243,-22.5323,0.620519,0.757954,-0.162603,0.118414
805,1,-0.277253,-0.481991,1.86484,0.508586,-0.440776,1.49886,0.931474,-0.363376,-0.0177316,-0.0916714,-0.187265,-0.978023,0.352069,0.912628,-0.207744,100.839,-5.25977,-20.7051,0.619771,0.762641,-0.149168,0.109599
813,1,-0.277293,-0.483121,1.88529,0.508586,-0.440776,1.49886,0.933038,-0.352992,-0.0695473,-0.128417,-0.146179,-0.980888,0.336079,0.924136,-0.181721,98.4762,-7.37814,-19.809,0.63347,0.751821,-0.160081,0.0886289
820,1,-0.26855,-0.479713,1.89863,0.508586,-0.440776,1.49886,0.948163,-0.317779,-0.00199451,-0.0569879,-0.163855,-0.984837,0.312634,0.933899,-0.17347,99.4462,-3.26694,-18.2487,0.634594,0.755892,-0.123949,0.102739
828,1,-0.267125,-0.471249,1.90449,0.508586,-0.440776,1.49886,0.954203,-0.296159,0.0422656,-0.00617816,-0.160759,-0.986974,0.299096,0.941513,-0.155227,99.2511,-0.353985,-17.4037,0.639964,0.753357,-0.10033,0.11328
835,1,-0.259755,-0.461968,1.90815,0.508586,-0.440776,1.49886,0.950597,-0.306301,0.050459,0.00329507,-0.152581,-0.988286,0.310412,0.939627,-0.144033,98.7766,0.188794,-18.0841,0.643036,0.749535,-0.101065,0.120365
842,1,-0.257458,-0.455155,1.91591,0.508586,-0.440776,1.49886,0.943766,-0.323017,0.0704674,0.0249975,-0.142813,-0.989434,0.329667,0.935556,-0.126708,98.2133,1.4324,-19.2548,0.646963,0.743856,-0.10016,0.13448
850,1,-0.254581,-0.453488,1.92841,0.508586,-0.440776,1.49886,0.958893,-0.283111,-0.0192876,-0.07081,-0.172905,-0.98239,0.27479,0.943373,-0.185845,99.9821,-4.06051,-15.9907,0.632484,0.76119,-0.116239,0.0839154
858,1,-0.248103,-0.45418,1.93669,0.508586,-0.440776,1.49886,0.95853,-0.279128,-0.0575168,-0.104498,-0.156471,-0.982139,0.265143,0.94742,-0.17915,99.0521,-5.99827,-15.4622,0.636967,0.757323,-0.126639,0.0685396
866,1,-0.244079,-0.453049,1.94276,0.508586,-0.440776,1.49886,0.975893,-0.21711,-0.0222524,-0.079169,-0.257145,-0.963124,0.203382,0.941669,-0.268135,104.949,-4.5408,-11.7723,0.602207,0.790755,-0.0936697,0.0572647
872,1,-0.237634,-0.452987,1.94322,0.508586,-0.440776,1.49886,0.984529,-0.172002,0.0334202,-0.0164137,-0.280428,-0.959735,0.174448,0.944339,-0.278913,106.288,-0.940479,-10.0479,0.596906,0.797476,-0.0590663,0.0651646
880,1,-0.236418,-0.450459,1.94413,0.508586,-0.440776,1.49886,0.982418,-0.151905,0.108535,0.0634963,-0.274827,-0.959395,0.175565,0.949418,-0.26035,105.985,3.64052,-10.1322,0.601507,0.793347,-0.0278594,0.0895258
888,1,-0.2399,-0.4363,1.9517,0.508586,-0.440776,1.49886,0.984202,-0.105422,0.142241,0.117058,-0.215283,-0.969511,0.13283,0.970845,-0.199542,102.52,6.72232,-7.68629,0.626374,0.77444,0.00375618,0.0887965
896,1,-0.240535,-0.424799,1.9584,0.508586,-0.440776,1.49886,0.975621,-0.0860703,0.201881,0.183601,-0.183837,-0.965658,0.120228,0.979181,-0.163552,100.779,10.5796,-7.02525,0.638011,0.762071,0.0319952,0.105669
902,1,-0.238861,-0.412939,1.96717,0.508586,-0.440776,1.49886,0.977661,-0.0609884,0.201146,0.191107,-0.140485,-0.971464,0.087506,0.988203,-0.125691,98.2286,11.0174,-5.11465,0.654119,0.748972,0.0434324,0.0963492
910,1,-0.237784,-0.408222,1.97399,0.508586,-0.440776,1.49886,0.98424,-0.0430163,0.171528,0.167387,-0.0862546,-0.982111,0.0570419,0.995344,-0.0776948,95.0192,9.63595,-3.31688,0.674591,0.732835,0.0424281,0.0779746
917,1,-0.233618,-0.406303,1.97477,0.508586,-0.440776,1.49886,0.986077,-0.042217,0.160842,0.158393,-0.0560864,-0.985782,0.0506378,0.997533,-0.0486186,93.2563,9.11361,-2.93972,0.685816,0.722977,0.0401727,0.0731281
924,1,-0.229202,-0.397246,1.97534,0.508586,-0.440776,1.49886,0.989916,-0.0611999,0.12775,0.126491,-0.0240529,-0.991676,0.0637633,0.997836,-0.0160691,91.3894,7.26684,-3.68549,0.698175,0.712397,0.0229123,0.0672075
931,1,-0.226984,-0.387557,1.97383,0.508586,-0.440776,1.49886,0.995816,-0.0590089,0.069773,0.0697383,-0.00264877,-0.997562,0.0590498,0.998254,0.00147749,90.1521,3.99896,-3.39355,0.706159,0.706574,0.0037963,0.0455801
938,1,-0.226085,-0.3734,1.97253,0.508586,-0.440776,1.49886,0.998885,-0.0416031,0.0222934,0.0224847,0.00413598,-0.999739,0.0415,0.999126,0.0050668,89.763,1.28838,-2.37906,0.708535,0.705281,-0.00677688,0.0226127
946,1,-0.228127,-0.3602,1.96962,0.508586,-0.440776,1.49886,0.99891,-0.0447094,0.0134209,0.0146955,0.0283036,-0.999491,0.0443068,0.998599,0.0289298,88.3779,0.842022,-2.5397,0.716963,0.69672,-0.0107697,0.0207141
954,1,-0.225493,-0.353465,1.96637,0.508586,-0.440776,1.49886,0.998704,0.0165783,0.0481264,0.0480985,0.00207593,-0.99884,-0.0166589,0.99986,0.00127585,89.8809,2.75691,0.955638,0.70747,0.706285,0.0228933,0.0111384
961,1,-0.222694,-0.358116,1.97202,0.508586,-0.440776,1.49886,0.996259,0.0445915,-0.0740196,-0.0755915,0.0346594,-0.996536,-0.0418716,0.998404,0.0379005,88.0081,-4.33521,2.40666,0.71917,0.693487,-0.0111754,-0.0417784
968,1,-0.217378,-0.351162,1.97489,0.508586,-0.440776,1.49886,0.989103,0.0339906,-0.143251,-0.144599,0.0412084,-0.988632,-0.0277011,0.998572,0.0456743,87.6132,-8.31404,1.60422,0.720414,0.689605,-0.0400983,-0.0619746
976,1,-0.211789,-0.345827,1.9781,0.508586,-0.440776,1.49886,0.986121,0.0338434,-0.162544,-0.163732,0.0359182,-0.985851,-0.0275262,0.998782,0.0409609,87.9134,-9.4236,1.59892,0.718157,0.690877,-0.0470015,-0.0687787
983,1,-0.21128,-0.342083,1.981,0.508586,-0.440776,1.49886,0.986659,0.0274907,-0.160462,-0.16115,0.0249694,-0.986614,-0.0231161,0.99931,0.0290664,88.5503,-9.27368,1.34212,0.714264,0.695094,-0.0480725,-0.0660264
991,1,-0.211301,-0.332437,1.98426,0.508586,-0.440776,1.49886,0.991737,0.054324,-0.11622,-0.115721,-0.0122596,-0.993206,-0.0553797,0.998448,-0.0058719,90.7072,-6.6452,3.19614,0.702425,0.708849,-0.0216537,-0.0605206
998,0,-0.211987,-0.324557,1.98896,0.508586,-0.440776,1.49886,0.993499,0.0497502,-0.102393,-0.100915,-0.0313698,-0.9944,-0.0526836,0.998269,-0.0261454,91.8069,-5.79184,3.03546,0.695698,0.716068,-0.017863,-0.0541416
1006,0,-0.210406,-0.312747,1.99284,0.508586,-0.440776,1.49886,0.994192,0.0640528,-0.0864845,-0.0817441,-0.0732612,-0.993957,-0.0700017,0.995254,-0.0675997,94.2155,-4.68882,4.02759,0.680686,0.730591,-0.00605376,-0.0535478
1013,1,-0.202151,-0.299573,1.99252,0.508586,-0.440776,1.49886,0.996249,0.0210956,-0.0839212,-0.0826752,-0.0542624,-0.995098,-0.0255459,0.998304,-0.0523148,93.1212,-4.74236,1.46886,0.687327,0.725056,-0.0212327,-0.0377444
1020,1,-0.193223,-0.290198,1.98847,0.508586,-0.440776,1.49886,0.99976,-0.0214695,0.00435081,0.00133796,-0.138396,-0.990376,0.0218651,0.990144,-0.138334,97.9551,0.0766595,-1.25288,0.656321,0.754402,-0.00667137,0.00868763
1027,0,-0.183194,-0.280166,1.9857,0.508586,-0.440776,1.49886,0.996525,-0.0513763,0.0655606,0.0564566,-0.162085,-0.985161,0.0612403,0.985439,-0.158621,99.3429,3.23645,-3.51662,0.647267,0.761123,0.00166868,0.0416493
1034,0,-0.172649,-0.272028,1.98869,0.508586,-0.440776,1.49886,0.992081,-0.0582742,0.111261,0.102021,-0.142798,-0.98448,0.0732576,0.988035,-0.135722,98.2532,5.85554,-4.22319,0.654515,0.753426,0.0145159,0.0612266
1042,0,-0.159221,-0.261715,1.99502,0.508586,-0.440776,1.49886,0.996789,0.0193952,0.0776869,0.0796415,-0.139745,-0.98698,-0.00828636,0.989998,-0.140841,98.0588,4.56796,0.476292,0.65502,0.754549,0.0328132,0.0229941
1049,1,-0.142721,-0.248376,2.0005,0.508586,-0.440776,1.49886,0.996741,0.0437325,0.0677783,0.073282,-0.13982,-0.987461,-0.0337073,0.989211,-0.14257,98.0593,4.20251,1.93686,0.654666,0.75484,0.0387547,0.0112842
1056,1,-0.122969,-0.235637,2.00113,0.508586,-0.440776,1.49886,0.996498,0.0790356,0.0273073,0.0414923,-0.183829,-0.982082,-0.0725996,0.979776,-0.186464,100.602,2.37802,4.16691,0.637614,0.769219,0.0391722,-0.0147202
1065,1,-0.102657,-0.221113,2.00579,0.508586,-0.440776,1.49886,0.99685,0.0757951,0.0233656,0.039882,-0.224361,-0.97369,-0.0685586,0.971554,-0.226677,102.976,2.28567,3.93434,0.621653,0.782286,0.0369676,-0.0144426
1072,1,-0.0868052,-0.212113,2.00959,0.508586,-0.440776,1.49886,0.994949,0.0843533,-0.0544231,-0.0407902,-0.155652,-0.986969,-0.0917252,0.984204,-0.151425,98.9621,-2.33775,5.26726,0.649591,0.758621,0.014356,-0.0481624
1079,1,-0.0661534,-0.205295,2.01407,0.508586,-0.440776,1.49886,0.99405,0.0800538,-0.0738632,-0.0631153,-0.129344,-0.989589,-0.0887741,0.988363,-0.123522,97.4466,-3.61864,5.10329,0.65977,0.749486,0.00565004,-0.0542496
1086,1,-0.0520371,-0.193996,2.0193,0.508586,-0.440776,1.49886,0.997822,0.0460015,-0.0472825,-0.0418842,-0.111964,-0.992829,-0.0509655,0.992647,-0.109793,96.4342,-2.40049,2.92394,0.666345,0.744913,0.0013818,-0.032973
1094,1,-0.0395061,-0.191433,2.01995,0.508586,-0.440776,1.49886,0.9999,-0.00104555,-0.0141041,-0.0141312,-0.11416,-0.993362,-0.000571516,0.993462,-0.114163,96.5558,-0.809687,0.0327487,0.665503,0.746362,-0.00508359,-0.00491571
1101,1,-0.0351679,-0.190704,2.01975,0.508586,-0.440776,1.49886,0.995628,0.0441773,0.0822984,0.0876556,-0.137534,-0.986611,-0.0322669,0.989511,-0.140805,97.9359,5.02875,1.85623,0.655227,0.753984,0.0437121,0.016589
1108,0,-0.0353393,-0.180827,2.02097,0.508586,-0.440776,1.49886,0.99204,-0.00626891,0.125764,0.125076,-0.0664465,-0.98992,0.0145623,0.99777,-0.0651335,93.8401,7.18513,-0.840993,0.681993,0.728632,0.0407636,0.0481473
1115,1,-0.0334769,-0.17063,2.0239,0.508586,-0.440776,1.49886,0.9936,-0.106258,-0.0383123,-0.0419826,-0.0325208,-0.998589,0.104863,0.993807,-0.0367737,91.8653,-2.40613,-6.02458,0.693597,0.718139,-0.051606,0.0231676
1122,1,-0.0248005,-0.168051,2.02886,0.508586,-0.440776,1.49886,0.969944,-0.243246,-0.00632038,-0.0142597,-0.0308922,-0.999421,0.24291,0.969473,-0.0334324,91.7705,-0.817049,-14.0598,0.690221,0.713139,-0.0902718,0.0829394
1129,0,-0.018432,-0.161804,2.0324,0.508586,-0.440776,1.49886,0.960113,-0.276865,-0.0390921,-0.0583151,-0.061538,-0.9964,0.273462,0.958936,-0.0752288,93.5341,-3.34311,-15.8982,0.675157,0.72403,-0.115734,0.0809255
1136,0,-0.00862224,-0.153886,2.03885,0.508586,-0.440776,1.49886,0.958171,-0.277667,-0.0693481,-0.0965016,-0.085335,-0.991668,0.269436,0.95688,-0.108561,94.9183,-5.53775,-15.7059,0.66413,0.733496,-0.127529,0.0681966
1144,0,0.00264014,-0.143674,2.04798,0.508586,-0.440776,1.49886,0.95466,-0.296887,0.0219789,0.0101194,-0.0414243,-0.99909,0.297528,0.954014,-0.0365418,92.3742,0.579808,-17.3101,0.684962,0.712851,-0.100571,0.112052
1150,0,0.0168013,-0.139825,2.05562,0.508586,-0.440776,1.49886,0.953956,-0.298818,0.0260176,0.0135717,-0.0436509,-0.998955,0.299641,0.953311,-0.0375855,92.502,0.777622,-17.4377,0.684237,0.713301,-0.0999739,0.114138
1158,0,0.0337756,-0.13062,2.0709,0.508586,-0.440776,1.49886,0.956477,-0.288495,0.0438406,0.0198087,-0.0857002,-0.996124,0.291134,0.953638,-0.0762556,94.9173,1.13503,-16.9293,0.669799,0.727742,-0.0923016,0.115073
1166,0,0.0477342,-0.117739,2.08581,0.508586,-0.440776,1.49886,0.969628,-0.242072,0.0349622,0.002966,-0.131297,-0.991339,0.244566,0.961333,-0.126591,97.5446,0.16994,-14.1563,0.654167,0.746243,-0.0801034,0.0936452
1173,0,0.0613431,-0.10389,2.09761,0.508586,-0.440776,1.49886,0.977326,-0.209358,0.0316611,0.00254703,-0.137894,-0.990444,0.211723,0.968067,-0.134234,97.926,0.145934,-12.2234,0.652916,0.749909,-0.0689453,0.0811379
1181,0,0.0768271,-0.0902179,2.10334,0.508586,-0.440776,1.49886,0.977186,-0.210685,0.0268073,0.000655879,-0.123227,-0.992378,0.212382,0.969756,-0.120278,97.0784,0.0375791,-12.262,0.658347,0.745099,-0.0704701,0.0802543
1189,0,0.0920143,-0.076715,2.12004,0.508586,-0.440776,1.49886,0.983547,-0.174218,-0.0477759,-0.0628896,-0.082287,-0.994622,0.16935,0.981263,-0.0918897,94.7294,-3.60569,-9.76955,0.672564,0.73446,-0.0807082,0.0413821
1196,0,0.109177,-0.0616785,2.12942,0.508586,-0.440776,1.49886,0.988023,-0.147294,-0.0459886,-0.0529565,-0.0437374,-0.997639,0.144935,0.988125,-0.0510137,92.5103,-3.0356,-8.34529,0.687981,0.721591,-0.0693781,0.0342805
1203,1,0.131307,-0.0498289,2.1354,0.508586,-0.440776,1.49886,0.994623,-0.103265,-0.00789576,-0.00926412,-0.0127781,-0.999875,0.103151,0.994572,-0.013666,90.7322,-0.530803,-5.92092,0.701459,0.710821,-0.0395772,0.0335019
1210,1,0.147944,-0.0356219,2.14223,0.508586,-0.440776,1.49886,0.996339,-0.0847047,0.0115229,0.010358,-0.0141799,-0.999846,0.0848551,0.996305,-0.0132506,90.8125,0.593479,-4.86795,0.701589,0.711296,-0.0261307,0.0338741
1218,1,0.169484,-0.019201,2.14421,0.508586,-0.440776,1.49886,0.995211,-0.0914187,0.0346023,0.0332796,-0.0159548,-0.999319,0.0919085,0.995685,-0.012836,90.9147,1.90713,-5.27634,0.701146,0.711337,-0.020433,0.0444623
1226,1,0.195861,-0.00628985,2.14953,0.508586,-0.440776,1.49886,0.98973,-0.12919,0.0611988,0.059951,-0.013529,-0.99811,0.129774,0.991528,-0.005645,90.7766,3.437,-7.47003,0.701882,0.708679,-0.0244254,0.0673692
1233,1,0.224099,0.00634863,2.15435,0.508586,-0.440776,1.49886,0.983337,-0.166079,0.0739384,0.0711541,-0.0226612,-0.997208,0.16729,0.985852,-0.0104665,91.3018,4.08028,-9.65502,0.698249,0.710011,-0.0334236,0.0849384
1239,1,0.245757,0.0116745,2.16658,0.508586,-0.440776,1.49886,0.977118,-0.20922,0.0383133,0.0456626,0.0304087,-0.998494,0.20774,0.977396,0.0392665,88.2556,2.61719,-12.0027,0.715331,0.690551,-0.0592128,0.0890787
1246,1,0.254727,0.0309311,2.17833,0.508586,-0.440776,1.49886,0.989551,-0.136566,0.0462353,0.0521962,0.0403933,-0.99782,0.1344,0.989807,0.0470995,87.6818,2.99198,-7.73455,0.720598,0.689576,-0.0305875,0.065488
1254,1,0.258612,0.0348995,2.19247,0.508586,-0.440776,1.49886,0.994246,-0.106755,0.00888243,0.012536,0.0336013,-0.999357,0.106388,0.993717,0.0347462,88.0743,0.718277,-6.10764,0.718087,0.693884,-0.0339464,0.041531
1261,1,0.261996,0.032474,2.2091,0.508586,-0.440776,1.49886,0.995914,-0.0882315,0.0192517,0.0224011,0.0348442,-0.999142,0.0874849,0.99549,0.0366783,88.0027,1.28359,-5.0202,0.718929,0.693612,-0.0237274,0.0384713
1269,1,0.260738,0.0340633,2.22811,0.508586,-0.440776,1.49886,0.996731,-0.080454,0.00734778,0.0117451,0.0543197,-0.998455,0.0799305,0.995277,0.055087,86.886,0.672957,-4.58489,0.725627,0.6869,-0.0250069,0.0317653
1276,1,0.261892,0.0390213,2.25426,0.508586,-0.440776,1.49886,0.998287,-0.0547797