105,0,-0.335722,-0.387258,1.45471,0.722147,-0.21704,1.59807,0.835887,0.547788,0.0349506,0.183656,-0.219107,-0.95826,-0.517265,0.807416,-0.283753,102.879,10.5828,31.7501,0.577284,0.764648,0.239144,-0.157692
113,0,-0.335283,-0.384629,1.4534,0.722147,-0.21704,1.59807,0.844039,0.53545,0.029859,0.153758,-0.18828,-0.970005,-0.513767,0.823312,-0.241246,100.985,8.8448,31.3289,0.594666,0.753917,0.228543,-0.160465
120,0,-0.334864,-0.38426,1.45392,0.722147,-0.21704,1.59807,0.838441,0.544449,0.0243309,0.146498,-0.182152,-0.972296,-0.524934,0.818777,-0.232485,100.611,8.42401,32.05,0.596616,0.750513,0.230158,-0.166754
128,0,-0.334659,-0.383162,1.45215,0.722147,-0.21704,1.59807,0.841652,0.539639,0.0202837,0.142624,-0.185903,-0.972162,-0.520846,0.821115,-0.233431,100.826,8.19969,31.7508,0.596305,0.751829,0.226868,-0.166448
135,0,-0.333866,-0.385313,1.45575,0.722147,-0.21704,1.59807,0.815632,0.578299,0.0177415,0.157646,-0.19263,-0.968525,-0.556679,0.792757,-0.248282,101.249,9.07027,34.314,0.586242,0.75109,0.244959,-0.179385
143,0,-0.323048,-0.386861,1.45951,0.722147,-0.21704,1.59807,0.785251,0.618993,0.0150962,0.16571,-0.186602,-0.968359,-0.596591,0.762907,-0.249102,100.907,9.53846,37.2256,0.58085,0.745144,0.263272,-0.195095
150,0,-0.306948,-0.387625,1.45962,0.722147,-0.21704,1.59807,0.749815,0.661273,0.0222311,0.203464,-0.198475,-0.958754,-0.629587,0.723412,-0.283365,101.696,11.7396,40.0187,0.563022,0.746936,0.289428,-0.203282
157,0,-0.297002,-0.388261,1.46293,0.722147,-0.21704,1.59807,0.718878,0.694656,0.0258316,0.209648,-0.181229,-0.960835,-0.662768,0.696139,-0.275915,100.681,12.1018,42.6744,0.561635,0.737567,0.306516,-0.215891
165,0,-0.314136,-0.384422,1.45016,0.722147,-0.21704,1.59807,0.698666,0.71541,0.00741153,0.179106,-0.164866,-0.969918,-0.692667,0.678976,-0.243321,99.6469,10.3177,44.753,0.567996,0.72575,0.308135,-0.236051
172,0,-0.314344,-0.384015,1.45133,0.722147,-0.21704,1.59807,0.697168,0.716759,0.0146298,0.19458,-0.169542,-0.966123,-0.689997,0.676396,-0.257667,99.9533,11.2202,44.7038,0.563462,0.728762,0.312633,-0.231683
179,0,-0.314695,-0.384527,1.45189,0.722147,-0.21704,1.59807,0.688326,0.72501,0.0238283,0.19444,-0.152756,-0.968947,-0.698857,0.671585,-0.246117,98.959,11.212,45.4349,0.56777,0.722357,0.318212,-0.23362
188,0,-0.315587,-0.385239,1.45594,0.722147,-0.21704,1.59807,0.68332,0.729758,0.0229518,0.186868,-0.144415,-0.971712,-0.7058,0.66828,-0.23505,98.4534,10.77,45.9271,0.570932,0.71812,0.319106,-0.237721
195,0,-0.316452,-0.386716,1.46028,0.722147,-0.21704,1.59807,0.686486,0.726683,0.0258441,0.195498,-0.150217,-0.969131,-0.700369,0.670348,-0.245187,98.8108,11.2738,45.5735,0.568129,0.721438,0.319564,-0.233743
203,0,-0.317556,-0.388035,1.46478,0.722147,-0.21704,1.59807,0.688533,0.72474,0.0259599,0.200303,-0.155648,-0.967291,-0.696994,0.671212,-0.252337,99.1412,11.5547,45.3499,0.565806,0.723968,0.319435,-0.231721
210,0,-0.318818,-0.38974,1.47161,0.722147,-0.21704,1.59807,0.671967,0.739991,0.0295568,0.204068,-0.146648,-0.967911,-0.711911,0.656435,-0.249551,98.6154,11.7749,46.6533,0.564749,0.719056,0.328229,-0.23724
217,0,-0.319411,-0.388855,1.47652,0.722147,-0.21704,1.59807,0.682919,0.730144,0.0226268,0.200939,-0.157982,-0.966781,-0.702314,0.66478,-0.254603,99.2807,11.5919,45.8022,0.563545,0.723793,0.321598,-0.234766
225,0,-0.318006,-0.381179,1.47917,0.722147,-0.21704,1.59807,0.712953,0.701145,0.00966042,0.191246,-0.181176,-0.964676,-0.674628,0.689617,-0.263261,100.637,11.0255,43.4179,0.563142,0.734403,0.303781,-0.226363
232,0,-0.319859,-0.362591,1.47742,0.722147,-0.21704,1.59807,0.724932,0.688292,0.0269849,0.196591,-0.169192,-0.965777,-0.660171,0.705428,-0.257965,99.9367,11.3377,42.3231,0.5696,0.7335,0.301596,-0.21581
240,0,-0.321872,-0.353012,1.48397,0.722147,-0.21704,1.59807,0.711452,0.701948,0.0332289,0.197542,-0.15439,-0.96806,-0.674398,0.695293,-0.248505,99.0615,11.3932,43.4684,0.571961,0.72704,0.309299,-0.220473
247,0,-0.315825,-0.343742,1.4845,0.722147,-0.21704,1.59807,0.686208,0.727007,0.0240547,0.17433,-0.132262,-0.975764,-0.706206,0.673771,-0.217499,97.7192,10.0397,45.8228,0.578024,0.713437,0.315843,-0.239037
254,0,-0.304915,-0.332965,1.48621,0.722147,-0.21704,1.59807,0.739291,0.673343,0.00758805,0.129152,-0.130724,-0.982971,-0.660884,0.727682,-0.183606,97.5752,7.42058,41.7949,0.596859,0.716523,0.279996,-0.22794
261,0,-0.300047,-0.322579,1.49157,0.722147,-0.21704,1.59807,0.732925,0.679926,0.0228448,0.135811,-0.113328,-0.984232,-0.666616,0.724471,-0.175402,96.5683,7.80551,42.2874,0.600873,0.710925,0.286858,-0.226385
269,0,-0.304573,-0.322488,1.49465,0.722147,-0.21704,1.59807,0.768151,0.639844,0.0233342,0.133185,-0.124033,-0.983299,-0.626264,0.75843,-0.180493,97.1893,7.65367,39.1899,0.604902,0.71984,0.268473,-0.209397
277,0,-0.304653,-0.323698,1.49717,0.722147,-0.21704,1.59807,0.760807,0.648157,0.0326391,0.145397,-0.121221,-0.981919,-0.632481,0.751796,-0.186466,97.0377,8.36028,39.7378,0.602727,0.719113,0.27588,-0.208535
283,0,-0.304722,-0.324526,1.49849,0.722147,-0.21704,1.59807,0.751897,0.658519,0.0316709,0.149895,-0.123974,-0.980899,-0.642014,0.742282,-0.191924,97.2033,8.62082,40.4926,0.599166,0.718992,0.281093,-0.212222
291,0,-0.30506,-0.325709,1.50202,0.722147,-0.21704,1.59807,0.758308,0.651675,0.0169962,0.140667,-0.138116,-0.980376,-0.636539,0.745818,-0.196404,98.0191,8.08646,40.0108,0.596613,0.72333,0.273852,-0.214128
297,0,-0.307314,-0.328319,1.51084,0.722147,-0.21704,1.59807,0.749658,0.661683,0.0137376,0.147823,-0.147172,-0.978002,-0.645106,0.735198,-0.208141,98.5578,8.50081,40.7131,0.590412,0.725426,0.278976,-0.217585
305,0,-0.307993,-0.329418,1.51629,0.722147,-0.21704,1.59807,0.751971,0.659047,0.0140159,0.149934,-0.150292,-0.977206,-0.641919,0.736932,-0.211829,98.7435,8.62312,40.4857,0.589459,0.726996,0.278193,-0.215924
311,0,-0.309859,-0.333214,1.53856,0.722147,-0.21704,1.59807,0.823766,0.566921,0.00300363,0.134606,-0.190438,-0.972427,-0.550718,0.801457,-0.233187,101.08,7.73585,33.7642,0.591638,0.749565,0.233978,-0.182677
317,0,-0.312174,-0.332862,1.55644,0.722147,-0.21704,1.59807,0.872546,0.488526,-0.00266438,0.104499,-0.191966,-0.975822,-0.477226,0.851171,-0.218549,101.129,5.99831,28.6758,0.604572,0.75549,0.196238,-0.158801
325,0,-0.313039,-0.333113,1.56455,0.722147,-0.21704,1.59807,0.880752,0.47355,0.00516054,0.0931791,-0.162599,-0.982283,-0.464321,0.865628,-0.187334,99.399,5.34652,27.7976,0.618631,0.746774,0.189726,-0.153715
333,0,-0.314244,-0.335055,1.57135,0.722147,-0.21704,1.59807,0.883412,0.466674,0.0424092,0.120238,-0.138274,-0.983068,-0.452908,0.873554,-0.178265,98.0065,6.90586,27.1433,0.625874,0.741612,0.19785,-0.138381
340,0,-0.314455,-0.337799,1.57396,0.722147,-0.21704,1.59807,0.853631,0.517798,0.0565653,0.168202,-0.171245,-0.970764,-0.492973,0.838189,-0.233275,100.004,9.68328,30.0065,0.601895,0.751357,0.228254,-0.145207
347,0,-0.31534,-0.338321,1.57741,0.722147,-0.21704,1.59807,0.836758,0.54551,0.0474908,0.160413,-0.161282,-0.973784,-0.52355,0.822439,-0.222461,99.4042,9.23087,32.0338,0.602705,0.745067,0.236866,-0.159737
354,0,-0.315764,-0.338535,1.58005,0.722147,-0.21704,1.59807,0.82277,0.567043,0.0388711,0.157978,-0.162457,-0.973987,-0.545978,0.807508,-0.223245,99.4695,9.08956,33.5676,0.599389,0.743046,0.243935,-0.170617
361,0,-0.31643,-0.339175,1.58381,0.722147,-0.21704,1.59807,0.813736,0.580229,0.0341871,0.155778,-0.161047,-0.974575,-0.559971,0.798372,-0.221437,99.3832,8.96192,34.5338,0.598175,0.740982,0.248321,-0.177394
368,0,-0.318133,-0.340863,1.59167,0.722147,-0.21704,1.59807,0.811861,0.582619,0.0379074,0.161231,-0.161321,-0.973643,-0.561147,0.796574,-0.224907,99.4078,9.27836,34.6517,0.596999,0.741298,0.250861,-0.176461
376,0,-0.318776,-0.342154,1.59616,0.722147,-0.21704,1.59807,0.813626,0.580163,0.0377233,0.157899,-0.158061,-0.974723,-0.559536,0.799016,-0.22021,99.2109,9.08498,34.5166,0.599032,0.740253,0.24926,-0.176228
383,0,-0.320437,-0.343312,1.60256,0.722147,-0.21704,1.59807,0.837305,0.545452,0.0374494,0.149706,-0.162852,-0.975227,-0.52584,0.822169,-0.218014,99.4803,8.60988,32.1295,0.603415,0.744676,0.233376,-0.163961
391,0,-0.321606,-0.344484,1.60845,0.722147,-0.21704,1.59807,0.857019,0.513939,0.0372214,0.140297,-0.163226,-0.976562,-0.495818,0.842154,-0.211992,99.4889,8.06504,30.051,0.608646,0.747034,0.218945,-0.153472
398,0,-0.322621,-0.345888,1.61476,0.722147,-0.21704,1.59807,0.882569,0.469228,0.0299496,0.127772,-0.178051,-0.975691,-0.452489,0.864941,-0.217096,100.342,7.34088,27.144,0.6098,0.754605,0.197786,-0.139987
405,0,-0.324072,-0.346808,1.62141,0.722147,-0.21704,1.59807,0.901731,0.431472,0.026713,0.114758,-0.17934,-0.977071,-0.416788,0.884121,-0.211232,100.401,6.58966,24.8068,0.614646,0.757018,0.180389,-0.12882
413,0,-0.326044,-0.348686,1.62793,0.722147,-0.21704,1.59807,0.907,0.41984,0.032951,0.119259,-0.181023,-0.976221,-0.403892,0.889362,-0.214258,100.505,6.84937,24.0037,0.61476,0.758663,0.177648,-0.122235
420,0,-0.327017,-0.350439,1.63332,0.722147,-0.21704,1.59807,0.925526,0.377144,0.0341084,0.109778,-0.181011,-0.977335,-0.362422,0.908294,-0.208933,100.493,6.30253,21.3846,0.619593,0.760833,0.159996,-0.10788
427,0,-0.342665,-0.365686,1.65672,0.722147,-0.21704,1.59807,0.869678,0.493295,-0.0179065,0.0878114,-0.190305,-0.97779,-0.485746,0.84879,-0.208821,101.014,5.03771,29.1849,0.606332,0.753127,0.192898,-0.167187
434,0,-0.343494,-0.367411,1.66269,0.722147,-0.21704,1.59807,0.850166,0.526505,-0.00329931,0.107964,-0.180459,-0.977639,-0.515327,0.830799,-0.210264,100.458,6.19795,31.2221,0.604037,0.74848,0.211919,-0.173227
441,0,-0.344159,-0.368147,1.66704,0.722147,-0.21704,1.59807,0.829863,0.557718,0.0166503,0.130342,-0.164756,-0.977684,-0.542529,0.813514,-0.209419,99.5654,7.48936,33.175,0.60326,0.7423,0.231733,-0.177111
448,0,-0.344941,-0.368617,1.67111,0.722147,-0.21704,1.59807,0.814776,0.579015,0.0296963,0.14057,-0.147595,-0.979008,-0.562477,0.801846,-0.201649,98.5734,8.08081,34.6191,0.605296,0.73553,0.24458,-0.181087
455,0,-0.345992,-0.369589,1.67448,0.722147,-0.21704,1.59807,0.812459,0.581873,0.0365442,0.152711,-0.151898,-0.976528,-0.562664,0.798969,-0.212269,98.8414,8.78407,34.7043,0.601725,0.737669,0.248954,-0.178305
461,0,-0.3474,-0.37186,1.68133,0.722147,-0.21704,1.59807,0.805026,0.592879,0.0206654,0.145429,-0.163455,-0.975773,-0.575138,0.788528,-0.217808,99.5095,8.36211,35.5433,0.596608,0.739305,0.249663,-0.187498
469,0,-0.347875,-0.372393,1.68374,0.722147,-0.21704,1.59807,0.801961,0.596676,0.0289112,0.158266,-0.165552,-0.973419,-0.576029,0.78522,-0.2272,99.6521,9.10628,35.6888,0.593551,0.740728,0.254797,-0.184655
475,0,-0.348668,-0.373104,1.68773,0.722147,-0.21704,1.59807,0.78319,0.621098,0.0291579,0.164038,-0.16116,-0.9732,-0.599754,0.766984,-0.228102,99.4027,9.44133,37.4443,0.590324,0.736962,0.266342,-0.193564
482,0,-0.35052,-0.374435,1.69647,0.722147,-0.21704,1.59807,0.774479,0.632064,0.0260116,0.155498,-0.150356,-0.976326,-0.61319,0.760189,-0.214732,98.7549,8.9457,38.3702,0.593589,0.731363,0.269211,-0.200714
488,0,-0.361845,-0.381296,1.74214,0.722147,-0.21704,1.59807,0.579047,0.815246,-0.00888731,0.159222,-0.123768,-0.979454,-0.799595,0.565735,-0.201472,97.202,9.16172,54.0889,0.559868,0.68998,0.353078,-0.292937
496,0,-0.367345,-0.383926,1.76595,0.722147,-0.21704,1.59807,0.450446,0.892777,0.00686753,0.18076,-0.0836635,-0.979962,-0.874313,0.442662,-0.199065,94.8798,10.414,62.7425,0.540305,0.65825,0.407724,-0.329451
503,0,-0.368029,-0.385999,1.77359,0.722147,-0.21704,1.59807,0.429088,0.903058,0.01921,0.195343,-0.0720111,-0.978088,-0.881887,0.423438,-0.207305,94.2108,11.2648,64.0545,0.536137,0.65353,0.42018,-0.330007
511,0,-0.365466,-0.389771,1.78538,0.722147,-0.21704,1.59807,0.417972,0.908166,0.0231173,0.21504,-0.0741819,-0.973784,-0.882642,0.411985,-0.226298,94.3563,12.4179,64.6603,0.528557,0.655449,0.428411,-0.327838
518,0,-0.375128,-0.391093,1.79166,0.722147,-0.21704,1.59807,0.295616,0.954235,0.0452522,0.233437,-0.0262217,-0.972018,-0.926347,0.297908,-0.230505,91.5453,13.4995,72.3011,0.50963,0.622965,0.47662,-0.353589
526,0,-0.376842,-0.392494,1.79723,0.722147,-0.21704,1.59807,0.224165,0.973767,0.0390888,0.216474,-0.0106455,-0.97623,-0.950205,0.227298,-0.213182,90.6248,12.502,76.7259,0.500084,0.601663,0.494563,-0.378583
533,0,-0.378987,-0.39329,1.80331,0.722147,-0.21704,1.59807,0.123524,0.991617,0.0379104,0.204003,0.0120119,-0.978897,-0.971146,0.128651,-0.200809,89.297,11.7711,82.7513,0.483406,0.572783,0.521847,-0.407325
540,0,-0.380292,-0.393931,1.80915,0.722147,-0.21704,1.59807,0.0614198,0.997455,0.0362182,0.19711,0.0234507,-0.980101,-0.978456,0.0673366,-0.195168,88.6294,11.368,86.4081,0.47162,0.555233,0.537866,-0.424253
547,0,-0.384902,-0.397738,1.82603,0.722147,-0.21704,1.59807,0.00970376,0.999677,0.0234819,0.233559,0.0205676,-0.972125,-0.972294,0.0149177,-0.233285,88.788,13.5067,89.4282,0.446371,0.552816,0.557707,-0.429082
555,0,-0.387504,-0.402128,1.83639,0.722147,-0.21704,1.59807,-0.0148659,0.998462,0.0534088,0.267203,0.0554391,-0.962044,-0.963526,-3.0685e-05,-0.267616,86.7019,15.4979,90.8839,0.43959,0.547109,0.578343,-0.415876
563,0,-0.389354,-0.401305,1.84382,0.722147,-0.21704,1.59807,-0.0510818,0.998338,0.0266894,0.250861,0.0386941,-0.967249,-0.966674,-0.0427135,-0.252421,87.7091,14.5285,93.0249,0.428717,0.53913,0.579266,-0.43588
570,0,-0.390288,-0.403023,1.84773,0.722147,-0.21704,1.59807,-0.0668562,0.997672,0.0134135,0.247614,0.0296131,-0.968406,-0.966549,-0.0614226,-0.249017,88.2485,14.3364,93.9568,0.422416,0.536784,0.579976,-0.44391
578,0,-0.390982,-0.412088,1.84326,0.722147,-0.21704,1.59807,-0.0880574,0.995485,-0.0354318,0.234688,-0.0138351,-0.971972,-0.968074,-0.0939048,-0.232411,90.8155,13.5733,95.1974,0.407951,0.538096,0.57154,-0.46623
584,0,-0.399359,-0.414987,1.84591,0.722147,-0.21704,1.59807,-0.0890541,0.994588,-0.0535112,0.244703,-0.0302309,-0.969127,-0.9655,-0.099399,-0.240687,91.7867,14.1643,95.2698,0.400009,0.543568,0.56998,-0.468668
591,0,-0.413948,-0.426143,1.84935,0.722147,-0.21704,1.59807,-0.0655582,0.994896,-0.076714,0.242844,-0.0586604,-0.96829,-0.967847,-0.082109,-0.237759,93.4668,14.0545,93.8751,0.399381,0.554721,0.557821,-0.47076
597,0,-0.431614,-0.437189,1.84878,0.722147,-0.21704,1.59807,-0.0443501,0.994942,-0.0901346,0.235522,-0.0772671,-0.968793,-0.970856,-0.0641948,-0.230904,94.56,13.6224,92.6155,0.40233,0.562099,0.547263,-0.471888
605,0,-0.455888,-0.439702,1.84683,0.722147,-0.21704,1.59807,0.0268438,0.991929,-0.123924,0.261575,-0.126619,-0.956842,-0.96481,-0.00673018,-0.262863,97.5382,15.1635,88.4063,0.399175,0.595047,0.52664,-0.457415
612,0,-0.468279,-0.443071,1.83834,0.722147,-0.21704,1.59807,0.0498082,0.987524,-0.149383,0.275257,-0.157349,-0.948407,-0.96008,0.00611972,-0.27966,99.4201,15.9773,87.0302,0.391407,0.609676,0.517809,-0.45494
619,0,-0.471341,-0.449937,1.8325,0.722147,-0.21704,1.59807,0.0503473,0.988623,-0.141736,0.302592,-0.150345,-0.941188,-0.951789,0.00449807,-0.306719,99.0757,17.6134,86.972,0.385124,0.613884,0.525839,-0.445331
625,0,-0.467332,-0.456679,1.82987,0.722147,-0.21704,1.59807,0.0865473,0.985108,-0.148566,0.339046,-0.169349,-0.925402,-0.93678,0.0297203,-0.348654,100.37,19.8188,84.7215,0.377009,0.633354,0.522675,-0.428412
632,0,-0.460804,-0.455621,1.83019,0.722147,-0.21704,1.59807,0.0404697,0.993401,-0.107316,0.369704,-0.114669,-0.922047,-0.928268,-0.00236012,-0.371905,97.0891,21.6974,87.5037,0.372121,0.617868,0.551536,-0.419015
639,0,-0.460923,-0.455973,1.83038,0.722147,-0.21704,1.59807,0.070561,0.99249,-0.0999218,0.408512,-0.120138,-0.904812,-0.910022,0.0230252,-0.413921,97.5633,24.1114,85.5663,0.366232,0.633368,0.552997,-0.39864
647,0,-0.464296,-0.455446,1.83089,0.722147,-0.21704,1.59807,0.0960421,0.987876,-0.121973,0.419788,-0.151308,-0.894921,-0.902526,0.0347472,-0.429231,99.5965,24.8212,83.9257,0.358993,0.647414,0.543572,-0.395612
654,0,-0.464717,-0.455431,1.83025,0.722147,-0.21704,1.59807,0.0275955,0.995013,-0.0958524,0.413325,-0.0986657,-0.905222,-0.910165,-0.0146381,-0.413986,96.2205,24.4139,88.2634,0.358798,0.620534,0.56739,-0.405304
661,0,-0.464308,-0.45392,1.82924,0.722147,-0.21704,1.59807,0.0312128,0.995388,-0.0907108,0.401152,-0.0956004,-0.911009,-0.91548,-0.00795365,-0.402286,95.9906,23.6502,88.0473,0.365146,0.618284,0.564684,-0.406848
668,0,-0.463282,-0.450028,1.82947,0.722147,-0.21704,1.59807,0.0239885,0.996053,-0.0854551,0.453575,-0.0870193,-0.88696,-0.890895,-0.0174835,-0.453872,95.6033,26.9733,88.4576,0.347526,0.625476,0.57941,-0.390243
676,0,-0.46277,-0.451133,1.83048,0.722147,-0.21704,1.59807,0.053553,0.998126,-0.029609,0.476368,-0.0515963,-0.877731,-0.877614,0.0329003,-0.478238,93.3642,28.4484,86.5081,0.361842,0.629164,0.585894,-0.360488
684,0,-0.464413,-0.45243,1.82816,0.722147,-0.21704,1.59807,-0.00556494,0.998598,-0.0526434,0.516199,-0.0422192,-0.855428,-0.856451,-0.0319349,-0.51524,92.8255,31.0776,90.3723,0.330521,0.622875,0.607986,-0.364878
691,0,-0.463154,-0.453264,1.82964,0.722147,-0.21704,1.59807,0.0282525,0.99807,-0.0553013,0.527576,-0.0618788,-0.847251,-0.849038,-0.00523867,-0.528306,94.1772,31.8418,88.0941,0.330934,0.636089,0.59962,-0.35543
698,0,-0.464136,-0.453649,1.83162,0.722147,-0.21704,1.59807,0.0403782,0.997606,-0.0561382,0.518904,-0.0689498,-0.852047,-0.853878,0.00527382,-0.520446,94.6264,31.2588,87.2926,0.335776,0.638313,0.593952,-0.356415
706,0,-0.463416,-0.451004,1.83092,0.722147,-0.21704,1.59807,0.144745,0.986875,-0.0716041,0.46103,-0.131296,-0.877618,-0.8755,0.094019,-0.473983,98.5086,27.4536,80.6123,0.367242,0.661442,0.547253,-0.357969
713,0,-0.460921,-0.450327,1.82866,0.722147,-0.21704,1.59807,0.033256,0.999436,0.00465443,0.457785,-0.0110926,-0.888994,-0.888441,0.0316951,-0.457896,90.7149,27.2443,87.8563,0.375589,0.61283,0.594463,-0.360535
720,0,-0.460629,-0.447,1.82868,0.722147,-0.21704,1.59807,-0.0108231,0.998563,0.0524835,0.420787,0.0521613,-0.905659,-0.907095,0.0122823,-0.420747,86.7037,24.8843,90.6836,0.393888,0.582615,0.609043,-0.366713
727,0,-0.463646,-0.447712,1.82773,0.722147,-0.21704,1.59807,-0.0141406,0.996247,0.0853881,0.402168,0.0838514,-0.911718,-0.915457,0.0214481,-0.401844,84.7452,23.7138,90.8849,0.408616,0.570932,0.612339,-0.363471
734,0,-0.460012,-0.449332,1.83049,0.722147,-0.21704,1.59807,-0.0485775,0.995988,0.0751575,0.374115,0.0879122,-0.923206,-0.926109,-0.0167295,-0.376884,84.5604,21.9696,93.0026,0.406955,0.556865,0.615096,-0.382028
741,0,-0.460195,-0.449011,1.83111,0.722147,-0.21704,1.59807,-0.0507047,0.995961,0.0741003,0.368211,0.0876115,-0.925605,-0.928358,-0.019648,-0.371166,84.5929,21.6054,93.1263,0.407965,0.555169,0.614305,-0.384684
749,0,-0.459913,-0.44851,1.83088,0.722147,-0.21704,1.59807,-0.0350807,0.997046,0.068334,0.374235,0.0765068,-0.924173,-0.92667,-0.00684766,-0.375813,85.2676,21.977,92.168,0.407926,0.562189,0.609795,-0.381694
757,0,-0.460267,-0.448184,1.83202,0.722147,-0.21704,1.59807,-0.0595953,0.996305,0.0618464,0.366686,0.0794745,-0.926944,-0.928434,-0.0325633,-0.370067,85.0995,21.5114,93.6727,0.403055,0.554752,0.614235,-0.39053
764,0,-0.463088,-0.44763,1.83067,0.722147,-0.21704,1.59807,-0.0551352,0.998442,0.00854526,0.412633,0.0305777,-0.910384,-0.909227,-0.0466681,-0.413677,88.0763,24.3704,93.4701,0.374755,0.576187,0.612248,-0.390794
771,0,-0.462608,-0.447967,1.82941,0.722147,-0.21704,1.59807,-0.0368568,0.999315,0.00340635,0.432103,0.0190102,-0.901624,-0.901071,-0.0317591,-0.432507,88.7921,25.6011,92.3423,0.370691,0.586652,0.609995,-0.382537
778,0,-0.459012,-0.450238,1.82572,0.722147,-0.21704,1.59807,0.0383484,0.997617,0.0573601,0.457935,0.0334748,-0.888355,-0.888158,0.0603342,-0.45556,87.842,27.254,87.5276,0.392512,0.604242,0.602222,-0.343736
786,0,-0.458788,-0.447177,1.82635,0.722147,-0.21704,1.59807,0.0879522,0.993502,0.0722401,0.432089,0.0272927,-0.901418,-0.897532,0.110496,-0.426881,88.2658,25.6002,84.4033,0.414839,0.609824,0.584427,-0.338332
793,0,-0.459332,-0.447683,1.8267,0.722147,-0.21704,1.59807,0.120306,0.988801,0.0883156,0.4102,0.0314985,-0.911451,-0.904025,0.14588,-0.401817,88.0207,24.2174,82.4197,0.433009,0.610456,0.572933,-0.334058
800,0,-0.463354,-0.44935,1.82526,0.722147,-0.21704,1.59807,0.145805,0.981854,0.12126,0.393291,0.0549419,-0.917771,-0.907779,0.181506,-0.378143,86.5741,23.1594,80.8753,0.453488,0.606013,0.567292,-0.324465
808,0,-0.463195,-0.449819,1.82546,0.722147,-0.21704,1.59807,0.148706,0.980451,0.128848,0.439962,0.0510936,-0.896561,-0.885618,0.190012,-0.423764,86.7383,26.1015,80.4683,0.440464,0.61672,0.575793,-0.306772
815,0,-0.461085,-0.451768,1.82781,0.722147,-0.21704,1.59807,0.174054,0.980366,0.092668,0.476362,-0.00146332,-0.879248,-0.861849,0.19718,-0.467264,90.0954,28.4481,78.5825,0.419919,0.640855,0.568275,-0.300061
822,0,-0.459703,-0.452459,1.82829,0.722147,-0.21704,1.59807,0.234426,0.96959,0.0702786,0.500388,-0.0583702,-0.863831,-0.83346,0.237671,-0.498855,93.8657,30.0257,74.2904,0.411461,0.669263,0.549103,-0.285083
830,0,-0.460824,-0.45117,1.82718,0.722147,-0.21704,1.59807,0.281513,0.958316,0.048784,0.480853,-0.0968936,-0.871431,-0.83038,0.268777,-0.488086,96.3446,28.7411,71.2724,0.417293,0.683098,0.526707,-0.286048
837,0,-0.460137,-0.449618,1.82976,0.722147,-0.21704,1.59807,0.317352,0.94664,0.0562129,0.453454,-0.0994208,-0.885717,-0.832867,0.306574,-0.460809,96.4046,26.9655,69.1414,0.435064,0.685124,0.510891,-0.283399
845,0,-0.461076,-0.448369,1.82948,0.722147,-0.21704,1.59807,0.367613,0.928651,0.049682,0.417959,-0.117256,-0.900867,-0.830765,0.351935,-0.431243,97.4159,24.7058,66.1307,0.452524,0.692119,0.486409,-0.282135
853,0,-0.459468,-0.451248,1.82556,0.722147,-0.21704,1.59807,0.369764,0.925843,0.0780367,0.488928,-0.122471,-0.863684,-0.790079,0.357514,-0.497955,98.0708,29.2701,64.92,0.432821,0.70537,0.501428,-0.252365
859,0,-0.459059,-0.452298,1.82633,0.722147,-0.21704,1.59807,0.357993,0.928832,0.0954563,0.428809,-0.0727322,-0.900462,-0.829436,0.363292,-0.42433,94.6179,25.392,66.6545,0.463932,0.681002,0.498399,-0.269448
866,0,-0.460327,-0.448226,1.82761,0.722147,-0.21704,1.59807,0.274933,0.956118,0.101244,0.391447,-0.0151333,-0.920076,-0.878169,0.292592,-0.37843,90.9423,23.0446,72.6159,0.469407,0.645852,0.521623,-0.300737
873,0,-0.459663,-0.447367,1.82803,0.722147,-0.21704,1.59807,0.208505,0.974437,0.0836608,0.377223,-0.0012036,-0.926122,-0.902346,0.22466,-0.367831,90.0745,22.1618,76.989,0.458113,0.628001,0.538081,-0.325909
881,0,-0.459412,-0.447109,1.82957,0.722147,-0.21704,1.59807,0.0888635,0.994097,0.0622432,0.368663,0.0252258,-0.929221,-0.925306,0.105521,-0.364245,88.445,21.6332,84.5143,0.432968,0.59747,0.570221,-0.361132
888,0,-0.460457,-0.449851,1.82893,0.722147,-0.21704,1.59807,-0.0226274,0.998112,0.0570919,0.399572,0.0613759,-0.914645,-0.916422,0.00211634,-0.400207,86.161,23.5515,91.4144,0.399544,0.57363,0.609141,-0.374515
896,1,-0.459626,-0.447999,1.82937,0.722147,-0.21704,1.59807,0.248405,0.966682,0.0618125,0.412168,-0.0477344,-0.909857,-0.876591,0.25149,-0.410293,93.0032,24.3411,74.1786,0.444516,0.653152,0.527767,-0.311864
903,1,-0.460957,-0.449473,1.82883,0.722147,-0.21704,1.59807,0.0856351,0.995417,0.0425633,0.433957,0.00119012,-0.900933,-0.896854,0.0956221,-0.431867,89.9243,25.719,84.5457,0.404648,0.615693,0.580392,-0.346882
911,1,-0.460245,-0.450772,1.82928,0.722147,-0.21704,1.59807,0.106297,0.993352,0.044197,0.467393,-0.0106843,-0.883985,-0.877636,0.114623,-0.465422,90.6925,27.8652,83.0941,0.396923,0.628968,0.580612,-0.331272
918,1,-0.460903,-0.452291,1.83159,0.722147,-0.21704,1.59807,0.0973826,0.994433,0.0402498,0.485408,-0.0121515,-0.874203,-0.868847,0.10467,-0.483889,90.7964,29.0392,83.6048,0.387731,0.631154,0.586165,-0.328207
925,1,-0.459377,-0.452146,1.83087,0.722147,-0.21704,1.59807,0.269532,0.956984,0.107401,0.485726,-0.0387994,-0.87325,-0.831519,0.287536,-0.475289,92.544,29.06,72.0402,0.434581,0.667761,0.540129,-0.271099
932,1,-0.458808,-0.453123,1.82929,0.722147,-0.21704,1.59807,0.264608,0.957866,0.111693,0.4856,-0.0322803,-0.873585,-0.833172,0.285396,-0.473681,92.1162,29.0518,72.3806,0.435502,0.665314,0.5424,-0.271105
940,1,-0.458457,-0.452826,1.82766,0.722147,-0.21704,1.59807,0.263989,0.95795,0.112435,0.496297,-0.0349549,-0.867449,-0.827042,0.284799,-0.484655,92.3076,29.7553,72.2971,0.431387,0.667757,0.544452,-0.26754
948,1,-0.458833,-0.452233,1.82804,0.722147,-0.21704,1.59807,0.260088,0.959464,0.10855,0.49114,-0.0346634,-0.87039,-0.831346,0.279691,-0.480247,92.2806,29.4156,72.6276,0.431618,0.666145,0.544402,-0.27126
955,1,-0.458513,-0.452333,1.82745,0.722147,-0.21704,1.59807,0.239008,0.9639,0.117357,0.507582,-0.0209888,-0.861348,-0.82779,0.265437,-0.494274,91.3959,30.5029,73.895,0.425366,0.662244,0.55549,-0.268192
963,1,-0.458276,-0.453001,1.82614,0.722147,-0.21704,1.59807,0.239245,0.964012,0.115946,0.520208,-0.0264331,-0.853631,-0.819845,0.264543,-0.50781,91.7736,31.3462,73.7318,0.419822,0.665862,0.557255,-0.264281
971,1,-0.457807,-0.452657,1.82804,0.722147,-0.21704,1.59807,0.186707,0.972448,0.139593,0.512863,0.0247121,-0.858115,-0.837921,0.231808,-0.494118,88.3504,30.8547,77.4384,0.423468,0.64345,0.577088,-0.271322
978,1,-0.457696,-0.452431,1.82712,0.722147,-0.21704,1.59807,0.150215,0.979508,0.134164,0.505159,0.0406088,-0.86207,-0.849853,0.19727,-0.488707,87.303,30.3419,79.9763,0.418962,0.632122,0.587176,-0.28305
985,1,-0.458141,-0.452688,1.82632,0.722147,-0.21704,1.59807,0.108593,0.988243,0.107625,0.506707,0.038118,-0.861275,-0.855252,0.148063,-0.49661,87.4659,30.4447,82.7638,0.403144,0.625916,0.597105,-0.298613
992,1,-0.457976,-0.452557,1.82695,0.722147,-0.21704,1.59807,0.0671588,0.992463,0.102504,0.505538,0.0547239,-0.861067,-0.860187,0.109648,-0.498052,86.3635,30.367,85.5357,0.394915,0.614509,0.60943,-0.308247
1000,1,-0.4579,-0.451552,1.82652,0.722147,-0.21704,1.59807,0.0719539,0.991789,0.105726,0.492339,0.0568685,-0.868544,-0.867424,0.114548,-0.484205,86.2539,29.4945,85.2581,0.40144,0.612228,0.606036,-0.311036
1008,1,-0.45712,-0.450822,1.82647,0.722147,-0.21704,1.59807,0.0826687,0.992835,0.0862804,0.481883,0.0359593,-0.875498,-0.872327,0.113953,-0.475457,87.648,28.8084,84.5864,0.40099,0.616881,0.597651,-0.318557
1015,1,-0.457094,-0.450203,1.8265,0.722147,-0.21704,1.59807,0.0509784,0.99401,0.0966689,0.462776,0.0622644,-0.884286,-0.885008,0.0898155,-0.45683,85.9723,27.5664,86.7033,0.405097,0.601154,0.605829,-0.327844
1022,1,-0.457947,-0.452253,1.82641,0.722147,-0.21704,1.59807,-0.0350807,0.992312,0.118683,0.4747,0.121049,-0.871784,-0.879448,0.0257559,-0.475298,82.0949,28.3398,92.2843,0.390727,0.574275,0.638637,-0.331185
1029,1,-0.457058,-0.452284,1.82646,0.722147,-0.21704,1.59807,-0.0349058,0.990483,0.133139,0.47708,0.133575,-0.86865,-0.878166,0.0331969,-0.477202,81.2579,28.4949,92.2762,0.394166,0.571997,0.641421,-0.325626
1036,1,-0.45481,-0.451915,1.82427,0.722147,-0.21704,1.59807,-0.0221138,0.995838,0.088416,0.509471,0.0873179,-0.856046,-0.860204,0.026115,-0.509282,84.1759,30.6286,91.4726,0.372801,0.591576,0.636143,-0.326157
1044,1,-0.454335,-0.450841,1.82388,0.722147,-0.21704,1.59807,-0.0118817,0.99678,0.0792975,0.497768,0.074675,-0.864089,-0.867229,0.0292049,-0.497053,85.0607,29.8524,90.785,0.376079,0.593822,0.629208,-0.331721
1051,1,-0.443598,-0.452263,1.82314,0.722147,-0.21704,1.59807,-0.0582853,0.998291,-0.0043423,0.519452,0.0266133,-0.854085,-0.852509,-0.0520363,-0.520116,88.2152,31.2955,93.9112,0.334743,0.599003,0.633446,-0.357616
1059,1,-0.435826,-0.451397,1.81847,0.722147,-0.21704,1.59807,-0.0874422,0.99539,-0.0394083,0.518476,0.011696,-0.855012,-0.85061,-0.0951964,-0.517108,89.2163,31.2301,95.8694,0.31904,0.595393,0.635658,-0.37371
1066,1,-0.43061,-0.447449,1.80998,0.722147,-0.21704,1.59807,-0.0901927,0.992083,-0.0873837,0.492509,-0.0318312,-0.869725,-0.865621,-0.12148,-0.485739,92.096,29.5056,95.9484,0.313144,0.597364,0.621309,-0.398837
1073,1,-0.424084,-0.446387,1.80324,0.722147,-0.21704,1.59807,-0.101019,0.993298,-0.056156,0.471678,-0.00188099,-0.881769,-0.875965,-0.115563,-0.468327,90.1222,28.1433,96.5784,0.327404,0.585062,0.625992,-0.3983
1080,1,-0.422866,-0.44439,1.80141,0.722147,-0.21704,1.59807,-0.0717499,0.997241,-0.0190355,0.452935,0.0155726,-0.891408,-0.888652,-0.0725802,-0.452803,88.9992,26.9321,94.6161,0.350364,0.584269,0.620509,-0.388386
1087,1,-0.424467,-0.441552,1.79873,0.722147,-0.21704,1.59807,-0.0620226,0.997077,0.044625,0.412867,0.0663371,-0.908372,-0.908677,-0.0379154,-0.415775,85.8232,24.3851,93.9047,0.383582,0.567322,0.621316,-0.380759
1095,1,-0.415323,-0.439421,1.79894,0.722147,-0.21704,1.59807,-0.0352845,0.99346,0.10859,0.417124,0.11338,-0.90175,-0.908164,0.0134776,-0.418397,82.8336,24.6532,92.225,0.406109,0.563412,0.625912,-0.354791
1102,1,-0.412758,-0.440273,1.79639,0.722147,-0.21704,1.59807,-0.04041,0.99016,0.133979,0.389873,0.139085,-0.910305,-0.919982,0.0154495,-0.391657,81.313,22.9466,92.5151,0.420422,0.550491,0.626728,-0.356955
1110,1,-0.411317,-0.438502,1.79244,0.722147,-0.21704,1.59807,-0.0482815,0.990777,0.126612,0.372341,0.135476,-0.918155,-0.926839,0.00281282,-0.375448,81.6064,21.8601,92.982,0.421825,0.545823,0.624341,-0.366523
1117,1,-0.410125,-0.435915,1.79214,0.722147,-0.21704,1.59807,-0.100874,0.992633,0.0671183,0.370748,0.100108,-0.923322,-0.923239,-0.0682555,-0.378115,83.8121,21.7618,96.2355,0.394056,0.542479,0.628311,-0.394541
1124,1,-0.405982,-0.434773,1.78817,0.722147,-0.21704,1.59807,-0.117221,0.992487,0.0350509,0.37527,0.0769446,-0.923716,-0.919474,-0.095125,-0.38147,85.2383,22.041,97.2653,0.380215,0.544818,0.627622,-0.405834
1132,1,-0.394538,-0.432346,1.78675,0.722147,-0.21704,1.59807,-0.160738,0.98681,0.0192098,0.325006,0.0712963,-0.943021,-0.931952,-0.145336,-0.332179,85.6764,18.966,99.7858,0.380256,0.524439,0.625343,-0.435104
1140,1,-0.391416,-0.433337,1.78666,0.722147,-0.21704,1.59807,-0.13716,0.989876,0.0365062,0.346902,0.0825229,-0.934264,-0.927818,-0.115479,-0.354709,84.9522,20.2979,98.4092,0.38427,0.532688,0.627374,-0.418309
1147,1,-0.386355,-0.433118,1.78353,0.722147,-0.21704,1.59807,-0.150644,0.985281,0.080793,0.32495,0.126536,-0.937228,-0.933656,-0.114934,-0.339228,82.311,18.9625,99.1656,0.398956,0.515279,0.63569,-0.413787
1154,1,-0.384938,-0.431581,1.77973,0.722147,-0.21704,1.59807,-0.133927,0.985143,0.107501,0.324497,0.146093,-0.934536,-0.936357,-0.0902754,-0.339242,81.1151,18.9351,98.1398,0.41016,0.514593,0.636251,-0.402676
1161,1,-0.384926,-0.426072,1.77996,0.722147,-0.21704,1.59807,-0.123752,0.983653,0.130817,0.322798,0.164565,-0.932051,-0.938343,-0.0731157,-0.337886,79.9869,18.8322,97.513,0.419204,0.512242,0.637613,-0.394113
1169,1,-0.384758,-0.419587,1.77821,0.722147,-0.21704,1.59807,-0.0911889,0.990451,0.103397,0.295127,0.126044,-0.947108,-0.951097,-0.0558504,-0.303802,82.4194,17.1651,95.4766,0.427508,0.521193,0.616651,-0.406615
1175,1,-0.383903,-0.41877,1.77942,0.722147,-0.21704,1.59807,0.0257928,0.996444,0.0802147,0.338833,0.0667774,-0.938474,-0.940493,0.0513852,-0.335905,85.93,19.8058,88.4291,0.434932,0.568973,0.586705,-0.377996
1183,1,-0.385183,-0.419735,1.78511,0.722147,-0.21704,1.59807,0.0692541,0.994852,0.073976,0.315163,0.0485376,-0.947796,-0.946507,0.0889532,-0.310179,87.0684,18.3707,85.8152,0.449336,0.576822,0.567773,-0.378163
1190,1,-0.387669,-0.422705,1.78992,0.722147,-0.21704,1.59807,0.0930733,0.994778,0.0418706,0.286489,0.0135176,-0.957988,-0.953552,0.101159,-0.283735,89.1916,16.6479,84.4252,0.453557,0.5838,0.548676,-0.390408
1198,1,-0.384996,-0.414526,1.7948,0.722147,-0.21704,1.59807,0.125846,0.9913,-0.0385631,0.293048,-0.074284,-0.953208,-0.947779,0.108657,-0.299847,94.4561,17.0405,82.4365,0.433508,0.612368,0.524337,-0.402676
1206,1,-0.382241,-0.408357,1.79109,0.722147,-0.21704,1.59807,0.0974454,0.990381,-0.0982345,0.287825,-0.12253,-0.949812,-0.952713,0.0642805,-0.296996,97.3508,16.7278,84.16,0.411679,0.615827,0.518898,-0.42664
1214,1,-0.381461,-0.405679,1.78788,0.722147,-0.21704,1.59807,0.086124,0.989384,-0.117059,0.270887,-0.136324,-0.952909,-0.958751,0.0503585,-0.279752,98.1415,15.7171,84.8669,0.409282,0.612821,0.514127,-0.438876
1221,0,-0.383795,-0.403457,1.78543,0.722147,-0.21704,1.59807,0.0485105,0.995062,-0.0865918,0.268121,-0.096485,-0.958541,-0.962163,0.0232822,-0.271478,95.7479,15.5525,87.1137,0.412477,0.595078,0.530679,-0.440595
1229,0,-0.382511,-0.399072,1.78477,0.722147,-0.21704,1.59807,0.0400432,0.997879,-0.0513226,0.299451,-0.0609877,-0.95216,-0.953271,0.022759,-0.301258,93.6649,17.4246,87.5946,0.411642,0.592091,0.547774,-0.424172
1236,1,-0.378676,-0.397125,1.78427,0.722147,-0.21704,1.59807,0.0380822,0.996834,-0.0697984,0.311815,-0.0782156,-0.946918,-0.949379,0.0142965,-0.313806,94.7219,18.1686,87.7029,0.401889,0.597935,0.547154,-0.426124
1243,1,-0.377444,-0.391468,1.7862,0.722147,-0.21704,1.59807,-0.0103893,0.994907,-0.100258,0.250353,-0.0944818,-0.963534,-0.968099,-0.0351102,-0.248096,95.6004,14.4984,90.6149,0.402192,0.577102,0.539445,-0.462811
1251,1,-0.373445,-0.382645,1.78579,0.722147,-0.21704,1.59807,-0.0174022,0.991704,-0.127358,0.23422,-0.119789,-0.964775,-0.972028,-0.0466189,-0.230192,97.0778,13.5456,91.0257,0.397686,0.577187,0.530991,-0.476183
1257,1,-0.375315,-0.383479,1.78848,0.722147,-0.21704,1.59807,-0.0597207,0.996425,-0.0597506,0.233096,-0.044282,-0.971445,-0.970618,-0.071943,-0.229618,92.6099,13.4794,93.5209,0.40816,0.550949,0.557911,-0.467543
1264,0,-0.374571,-0.378104,1.79072,0.722147,-0.21704,1.59807,-0.0472575,0.998805,0.0124618,0.233913,0.0231945,-0.971981,-0.971108,-0.0430184,-0.23473,88.633,13.5276,92.786,0.430467,0.539508,0.571223,-0.444222
1271,1,-0.372371,-0.373481,1.78928,0.722147,-0.21704,1.59807,-0.0442151,0.998788,0.0216433,0.268611,0.0327522,-0.962692,-0.962233,-0.0367519,-0.269733,88.0515,15.5816,92.6309,0.423911,0.546069,0.580237,-0.430619
1278,1,-0.368334,-0.365333,1.78916,0.722147,-0.21704,1.59807,-0.0582995,0.997573,0.0380602,0.316775,0.0546406,-0.946926,-0.946707,-0.0431488,-0.319192,86.6975,18.468,93.5239,0.411445,0.549147,0.598359,-0.413663
1286,1,-0.361992,-0.357814,1.78585,0.722147,-0.21704,1.59807,-0.0651041,0.994337,0.083999,0.341822,0.101307,-0.934288,-0.937507,-0.0321133,-0.346481,83.8115,19.9879,93.9725,0.415247,0.543155,0.614998,-0.392847
1293,1,-0.355998,-0.356655,1.78508,0.722147,-0.21704,1.59807,-0.0615901,0.985609,0.157424,0.349661,0.169034,-0.921501,-0.93485,-0.00171051,-0.355039,79.6056,20.4666,93.7693,0.433706,0.530192,0.629616,-0.366578
1301,1,-0.351472,-0.3458,1.7887,0.722147,-0.21704,1.59807,0.175458,0.975919,-0.129599,0.368234,-0.187143,-0.910704,-0.913027,0.112068,-0.392202,101.612,21.6067,79.122,0.386042,0.662345,0.507346,-0.393536
1309,1,-0.346683,-0.33595,1.78968,0.722147,-0.21704,1.59807,0.240343,0.963613,-0.116985,0.359257,-0.200264,-0.911498,-0.901759,0.177044,-0.394317,102.391,21.0546,75.0761,0.401797,0.677297,0.48829,-0.376033
1317,1,-0.341659,-0.333448,1.7859,0.722147,-0.21704,1.59807,0.286386,0.954292,-0.0854926,0.356064,-0.188844,-0.915181,-0.889495,0.231654,-0.393871,101.659,20.8586,72.1533,0.419425,0.683575,0.479229,-0.356577
1324,1,-0.339302,-0.332835,1.78467,0.722147,-0.21704,1.59807,0.315686,0.947308,-0.0543144,0.352231,-0.170146,-0.920317,-0.881065,0.2714,-0.387384,100.474,20.6239,70.2874,0.435361,0.684328,0.47475,-0.341715
1331,1,-0.333303,-0.330432,1.78657,0.722147,-0.21704,1.59807,0.348721,0.935233,-0.0611027,0.324489,-0.181641,-0.928285,-0.879262,0.303886,-0.366814,101.071,18.9346,68.3664,0.447288,0.68869,0.457289,-0.34136
1338,1,-0.323792,-0.324668,1.78615,0.722147,-0.21704,1.59807,0.356201,0.933894,-0.0310198,0.313864,-0.150849,-0.937408,-0.880119,0.32417,-0.346848,99.1417,18.2922,67.9659,0.463277,0.68079,0.458203,-0.334589
1346,1,-0.316544,-0.320826,1.77899,0.722147,-0.21704,1.59807,0.376986,0.925985,0.0208096,0.321186,-0.109622,-0.94065,-0.868747,0.361296,-0.338739,96.6472,18.7346,66.5419,0.481826,0.675527,0.461555,-0.313806
1353,1,-0.309704,-0.316507,1.77588,0.722147,-0.21704,1.59807,0.39282,0.918917,0.0358359,0.319423,-0.0997979,-0.942342,-0.862358,0.381617,-0.332726,96.0453,18.628,65.5099,0.489973,0.675526,0.458287,-0.305881
1360,1,-0.298901,-0.312088,1.77453,0.722147,-0.21704,1.59807,0.364616,0.929269,0.0592844,0.200375,-0.0161264,-0.979587,-0.909343,0.369052,-0.192082,90.9431,11.5589,68.1509,0.537682,0.627062,0.450372,-0.338906
1368,1,-0.286831,-0.308345,1.77027,0.722147,-0.21704,1.59807,0.368553,0.927262,0.0659775,0.128587,0.0194399,-0.991508,-0.92067,0.373907,-0.11207,88.8768,7.38797,68.1833,0.564784,0.604397,0.436737,-0.353531
1376,1,-0.28456,-0.306342,1.76505,0.722147,-0.21704,1.59807,0.340969,0.938157,0.060018,0.0713612,0.0378295,-0.996733,-0.937362,0.344138,-0.0540493,87.8265,4.09217,70.0109,0.575489,0.582492,0.433275,-0.376547
1383,1,-0.285912,-0.304751,1.76125,0.722147,-0.21704,1.59807,0.303332,0.95237,0.0313403,0.0206871,0.0263004,-0.99944,-0.95266,0.30381,-0.011724,88.4926,1.18537,72.3383,0.574001,0.567617,0.428571,-0.405784
1390,1,-0.286005,-0.304676,1.76382,0.722147,-0.21704,1.59807,0.26505,0.963811,0.028598,0.0211684,0.0238354,-0.999492,-0.964002,0.26552,-0.0140848,88.6339,1.21295,74.6266,0.564535,0.560201,0.439565,-0.417442
1396,1,-0.283617,-0.305494,1.76401,0.722147,-0.21704,1.59807,0.308046,0.946785,0.0933073,0.160934,0.0448056,-0.985948,-0.937661,0.318734,-0.138567,87.398,9.26108,71.8133,0.550973,0.59199,0.467794,-0.356574
1404,1,-0.278251,-0.297607,1.75861,0.722147,-0.21704,1.59807,0.220241,0.973184,0.0663772,0.172416,0.0281381,-0.984622,-0.960087,0.228299,-0.161595,88.3631,9.9283,77.0801,0.521245,0.581743,0.492314,-0.384066
1411,1,-0.275761,-0.287469,1.7508,0.722147,-0.21704,1.59807,0.204559,0.976649,0.0656679,0.227272,0.0178652,-0.973667,-0.952104,0.214097,-0.218311,88.9488,13.1365,77.8744,0.501027,0.592664,0.507843,-0.37392
1418,1,-0.275593,-0.281109,1.74934,0.722147,-0.21704,1.59807,0.189479,0.980293,0.0558791,0.275619,0.00152066,-0.961266,-0.942407,0.197541,-0.269899,89.9094,15.9989,78.6318,0.47987,0.603709,0.520082,-0.367117
1426,1,-0.284377,-0.28026,1.74528,0.722147,-0.21704,1.59807,0.172328,0.981086,0.0881624,0.329278,0.0269785,-0.943848,-0.928375,0.191681,-0.318401,88.3627,19.2249,79.4843,0.469283,0.604928,0.541537,-0.347237
1433,1,-0.298026,-0.281826,1.74608,0.722147,-0.21704,1.59807,0.172233,0.981318,0.085734,0.381935,0.0137,-0.924088,-0.907999,0.191903,-0.37244,89.1506,22.4536,79.2595,0.450969,0.618662,0.550887,-0.332275
1440,1,-0.311587,-0.282872,1.74174,0.722147,-0.21704,1.59807,0.193814,0.976928,0.0897123,0.409065,0.00264089,-0.912502,-0.891685,0.213554,-0.399115,89.8342,24.1461,77.7371,0.44647,0.630533,0.549532,-0.317974
1448,1,-0.326998,-0.275853,1.73259,0.722147,-0.21704,1.59807,0.284998,0.958477,0.00994103,0.414703,-0.113946,-0.902795,-0.864175,0.261417,-0.429957,97.1935,24.5006,71.7479,0.430434,0.676184,0.507694,-0.315829
1455,1,-0.33333,-0.264136,1.73315,0.722147,-0.21704,1.59807,0.208207,0.972509,0.104289,0.436343,0.00307133,-0.899775,-0.87536,0.232845,-0.423708,89.8044,25.8708,76.6207,0.443726,0.638131,0.551945,-0.302082
1462,1,-0.326967,-0.268893,1.72913,0.722147,-0.21704,1.59807,0.247298,0.968898,0.00894025,0.434274,-0.102585,-0.89492,-0.86617,0.225194,-0.446136,96.5393,25.7391,74.0656,0.417904,0.670078,0.523511,-0.319824
1469,1,-0.315121,-0.262956,1.72588,0.722147,-0.21704,1.59807,0.276352,0.960275,-0.0387424,0.427975,-0.159059,-0.889684,-0.860504,0.229285,-0.45493,100.136,25.3391,72.1955,0.406928,0.687448,0.504856,-0.327023
1476,1,-0.29788,-0.257052,1.72262,0.722147,-0.21704,1.59807,0.308937,0.945331,-0.104439,0.383181,-0.224219,-0.896046,-0.870477,0.236803,-0.431503,104.049,22.5309,70.4599,0.404109,0.700831,0.473906,-0.347771
1484,1,-0.288353,-0.252763,1.71636,0.722147,-0.21704,1.59807,0.322159,0.936137,-0.14093,0.326418,-0.24958,-0.91168,-0.888631,0.247704,-0.385976,105.31,19.0515,70.0727,0.414307,0.699592,0.451175,-0.367915
1492,1,-0.285596,-0.250788,1.7074,0.722147,-0.21704,1.59807,0.313841,0.917899,-0.242829,0.205209,-0.31528,-0.926546,-0.927035,0.240957,-0.287309,108.792,11.8417,71.2968,0.421679,0.692176,0.405644,-0.422531
1499,1,-0.284782,-0.244664,1.70315,0.722147,-0.21704,1.59807,0.292387,0.901716,-0.318461,0.107554,-0.361908,-0.925988,-0.950233,0.236495,-0.2028,111.347,6.17431,72.8969,0.42652,0.681376,0.370306,-0.465489
1506,1,-0.285836,-0.235435,1.7041,0.722147,-0.21704,1.59807,0.301936,0.88986,-0.342028,0.0654532,-0.377276,-0.923785,-0.951079,0.256537,-0.172157,112.215,3.75287,72.3871,0.433734,0.680325,0.35105,-0.47518
