105,0,-0.336124,-0.387445,1.45742,-nan,-nan,-nan,0.82497,0.565137,0.00666042,0.176164,-0.245927,-0.953145,-0.537019,0.78749,-0.302439,104.468,10.1464,33.0624,0.564935,0.770282,0.240594,-0.172131
112,0,-0.336468,-0.386594,1.45821,-nan,-nan,-nan,0.828461,0.559679,0.0203003,0.161301,-0.203739,-0.965646,-0.536316,0.803274,-0.259066,101.914,9.28239,32.9176,0.584306,0.756846,0.238153,-0.170449
119,0,-0.337275,-0.386808,1.46176,-nan,-nan,-nan,0.838818,0.543941,0.022655,0.148125,-0.187985,-0.970938,-0.523874,0.817796,-0.238257,100.958,8.51826,31.9864,0.594259,0.752506,0.22992,-0.166517
127,0,-0.337579,-0.38735,1.463,-nan,-nan,-nan,0.844752,0.534458,0.0273571,0.152282,-0.191058,-0.969694,-0.513034,0.823317,-0.242785,101.146,8.75921,31.2711,0.593908,0.754751,0.227473,-0.160873
134,0,-0.341593,-0.389228,1.47017,0.258683,-0.170083,2.31204,0.884784,0.464938,0.0314654,0.136379,-0.193782,-0.971519,-0.445599,0.863876,-0.234863,101.28,7.83835,26.7309,0.603353,0.760498,0.197672,-0.136139
142,0,-0.339968,-0.39093,1.47534,0.258683,-0.170083,2.31204,0.894911,0.445386,0.0276731,0.137877,-0.216992,-0.966387,-0.42441,0.868646,-0.255597,102.655,7.92504,25.3726,0.596306,0.769334,0.189535,-0.128922
149,0,-0.341058,-0.394134,1.48419,0.258683,-0.170083,2.31204,0.898913,0.437247,0.02776,0.137635,-0.221667,-0.96536,-0.415948,0.871595,-0.25944,102.932,7.91101,24.8311,0.595358,0.771366,0.18632,-0.125812
157,0,-0.336704,-0.399069,1.49607,0.258683,-0.170083,2.31204,0.880878,0.472136,0.0337707,0.152231,-0.215021,-0.964672,-0.448195,0.854899,-0.261281,102.566,8.75624,26.9672,0.592574,0.767656,0.203336,-0.134964
164,0,-0.326621,-0.405981,1.50533,0.258683,-0.170083,2.31204,0.860447,0.509066,0.0219947,0.147518,-0.20756,-0.967035,-0.487719,0.835327,-0.253691,102.114,8.48312,29.5455,0.591438,0.761856,0.215455,-0.152826
171,0,-0.310043,-0.401533,1.51453,0.258683,-0.170083,2.31204,0.85615,0.516435,0.0173628,0.143915,-0.206042,-0.967902,-0.496282,0.831168,-0.250726,102.017,8.27447,30.0994,0.591477,0.760414,0.217102,-0.157453
178,0,-0.301502,-0.402444,1.51967,0.258683,-0.170083,2.31204,0.848816,0.52831,0.0200062,0.148764,-0.202358,-0.967947,-0.507328,0.824584,-0.250358,101.808,8.55528,30.8663,0.590783,0.75854,0.22315,-0.160612
186,0,-0.305371,-0.404591,1.54243,0.258683,-0.170083,2.31204,0.865879,0.500212,-0.00640479,0.121138,-0.22208,-0.967474,-0.485364,0.83694,-0.252889,102.928,6.95777,29.2726,0.589684,0.764992,0.203058,-0.160711
194,0,-0.313557,-0.421672,1.56373,0.258683,-0.170083,2.31204,0.890222,0.454401,-0.0320221,0.0921441,-0.248472,-0.964246,-0.446111,0.855442,-0.263066,104.45,5.28697,26.6165,0.587087,0.774881,0.176332,-0.15426
201,0,-0.314149,-0.428165,1.57359,0.258683,-0.170083,2.31204,0.9143,0.403316,0.0373097,0.128751,-0.20206,-0.970873,-0.38403,0.892473,-0.23667,101.757,7.39741,22.7837,0.607365,0.766979,0.173429,-0.113015
209,0,-0.317088,-0.429381,1.58753,0.258683,-0.170083,2.31204,0.919181,0.387867,0.0683022,0.164589,-0.22076,-0.96134,-0.357794,0.894888,-0.266757,102.933,9.47337,21.2686,0.598261,0.775677,0.178056,-0.093303
215,0,-0.317741,-0.429414,1.59567,0.258683,-0.170083,2.31204,0.934985,0.353699,0.0264522,0.122327,-0.251562,-0.96008,-0.332925,0.900896,-0.278474,104.683,7.02639,19.5996,0.592653,0.785019,0.151597,-0.0976004
223,0,-0.32022,-0.431073,1.60303,0.258683,-0.170083,2.31204,0.934342,0.355503,0.0249437,0.119585,-0.246822,-0.961654,-0.335714,0.901497,-0.273128,104.395,6.86813,19.7636,0.594641,0.783309,0.151628,-0.0991851
230,0,-0.32163,-0.432926,1.61016,0.258683,-0.170083,2.31204,0.935127,0.353547,0.0232756,0.110354,-0.228201,-0.96734,-0.336689,0.907154,-0.252413,103.274,6.33574,19.8012,0.603016,0.777133,0.149235,-0.100824
237,0,-0.323091,-0.435011,1.61845,0.258683,-0.170083,2.31204,0.929679,0.367648,0.0230647,0.114551,-0.229023,-0.966657,-0.350107,0.901323,-0.255032,103.329,6.57772,20.6358,0.60117,0.77681,0.155186,-0.105252
245,0,-0.324942,-0.437155,1.62684,0.258683,-0.170083,2.31204,0.929323,0.368549,0.023048,0.11294,-0.224252,-0.967965,-0.351574,0.902154,-0.250027,103.044,6.48482,20.7222,0.603126,0.775178,0.155283,-0.105952
252,0,-0.326165,-0.439364,1.6347,0.258683,-0.170083,2.31204,0.932703,0.359777,0.025032,0.113652,-0.227344,-0.96716,-0.342271,0.904917,-0.252934,103.228,6.52586,20.1515,0.602583,0.776689,0.152387,-0.102113
259,0,-0.328513,-0.442087,1.64439,0.258683,-0.170083,2.31204,0.932583,0.359987,0.0264219,0.114562,-0.22578,-0.967419,-0.342292,0.905225,-0.251799,103.137,6.57837,20.155,0.603118,0.776235,0.152837,-0.101732
266,0,-0.3301,-0.444659,1.65444,0.258683,-0.170083,2.31204,0.937259,0.347093,0.0327271,0.116986,-0.224684,-0.967384,-0.328419,0.910518,-0.251192,103.076,6.71816,19.3106,0.604439,0.776713,0.149373,-0.0951741
273,0,-0.331993,-0.446843,1.66249,0.258683,-0.170083,2.31204,0.93973,0.340373,0.0324766,0.115112,-0.225505,-0.967418,-0.321959,0.912849,-0.251094,103.121,6.61008,18.9119,0.6048,0.777227,0.14651,-0.0931138
280,0,-0.333608,-0.448865,1.6703,0.258683,-0.170083,2.31204,0.932894,0.359107,0.0274003,0.115311,-0.225748,-0.967337,-0.341192,0.905583,-0.252008,103.136,6.62156,20.0892,0.603145,0.776313,0.152779,-0.101052
287,0,-0.335304,-0.451649,1.67947,0.258683,-0.170083,2.31204,0.936547,0.349707,0.0241845,0.110565,-0.229223,-0.967074,-0.332649,0.908384,-0.253343,103.335,6.34787,19.5544,0.602906,0.777675,0.147964,-0.0991624
293,0,-0.336984,-0.454848,1.68834,0.258683,-0.170083,2.31204,0.911573,0.409996,0.0306336,0.130635,-0.21819,-0.967123,-0.389833,0.885605,-0.252456,102.713,7.50629,23.1539,0.600193,0.771722,0.175138,-0.116363
301,0,-0.338008,-0.455704,1.69336,0.258683,-0.170083,2.31204,0.897161,0.440906,0.026525,0.135759,-0.218103,-0.966437,-0.420323,0.870651,-0.255531,102.717,7.80252,25.1032,0.596558,0.769869,0.187261,-0.127878
307,0,-0.339937,-0.45737,1.70141,0.258683,-0.170083,2.31204,0.918666,0.393595,0.0336989,0.130356,-0.221515,-0.966405,-0.372907,0.892196,-0.254806,102.91,7.49018,22.0933,0.600488,0.773787,0.169281,-0.109594
314,0,-0.341605,-0.460088,1.71043,0.258683,-0.170083,2.31204,0.898453,0.437766,0.0338221,0.14428,-0.221603,-0.964404,-0.414688,0.871351,-0.262261,102.941,8.29558,24.776,0.594682,0.771738,0.18855,-0.123379
320,0,-0.342682,-0.461607,1.71588,0.258683,-0.170083,2.31204,0.933708,0.35596,0.0385084,0.130281,-0.237602,-0.962586,-0.333492,0.903791,-0.268226,103.866,7.48584,19.6552,0.59747,0.780951,0.155657,-0.094431
327,0,-0.343418,-0.463399,1.72016,0.258683,-0.170083,2.31204,0.941644,0.334685,0.0359597,0.122343,-0.240764,-0.962842,-0.313591,0.911054,-0.26766,104.039,7.02735,18.4191,0.598586,0.782635,0.14599,-0.0886848
333,0,-0.34996,-0.464517,1.73952,0.258683,-0.170083,2.31204,0.938815,0.342988,0.03141,0.116202,-0.229571,-0.96633,-0.324228,0.910855,-0.255381,103.364,6.67298,19.0528,0.602881,0.778423,0.147475,-0.0940423
341,0,-0.352062,-0.465131,1.75635,0.258683,-0.170083,2.31204,0.936862,0.349645,0.00623917,0.0968213,-0.242203,-0.965382,-0.33603,0.905034,-0.260764,104.084,5.55616,19.7317,0.598727,0.780997,0.142915,-0.105567
348,0,-0.353622,-0.477965,1.77498,0.258683,-0.170083,2.31204,0.921592,0.387201,-0.0272853,0.0919845,-0.286146,-0.953761,-0.377104,0.876468,-0.299326,106.7,5.27779,22.2538,0.577953,0.791685,0.151318,-0.127699
355,0,-0.363899,-0.472434,1.7893,0.258683,-0.170083,2.31204,0.784855,0.616365,0.0640066,0.233688,-0.19873,-0.951786,-0.573927,0.761972,-0.300011,101.794,13.5143,36.1762,0.567035,0.755579,0.281259,-0.168719
363,0,-0.36603,-0.477038,1.79747,0.258683,-0.170083,2.31204,0.776221,0.627352,0.0625441,0.218813,-0.175035,-0.959939,-0.591272,0.75881,-0.273139,100.334,12.6393,37.2977,0.576204,0.74572,0.283674,-0.177254
370,0,-0.36693,-0.479942,1.80566,0.258683,-0.170083,2.31204,0.757516,0.651678,0.0385316,0.19628,-0.17107,-0.96551,-0.62261,0.738952,-0.2575,100.047,11.3195,39.4171,0.5764,0.739271,0.286755,-0.197518
378,0,-0.371697,-0.48302,1.81996,0.258683,-0.170083,2.31204,0.722214,0.691633,0.00720079,0.160025,-0.156954,-0.974555,-0.672904,0.704989,-0.224033,99.1491,9.20836,42.9758,0.579057,0.725121,0.293626,-0.229515
385,0,-0.376553,-0.485838,1.83232,0.258683,-0.170083,2.31204,0.694253,0.719219,-0.0271248,0.133531,-0.165746,-0.977086,-0.707235,0.674723,-0.211108,99.6276,7.67371,45.5307,0.57389,0.719567,0.296272,-0.255139
392,0,-0.389731,-0.489059,1.8436,0.258683,-0.170083,2.31204,0.735195,0.677751,0.0118939,0.213048,-0.214377,-0.953233,-0.643505,0.703346,-0.302003,102.675,12.3011,41.1952,0.552,0.750263,0.296829,-0.210463
399,0,-0.407704,-0.488775,1.84493,0.258683,-0.170083,2.31204,0.759752,0.650123,-0.0108563,0.213286,-0.264956,-0.940376,-0.614236,0.712137,-0.339963,105.735,12.315,38.9545,0.537316,0.768874,0.280738,-0.203249
406,0,-0.431013,-0.486816,1.84311,0.258683,-0.170083,2.31204,0.812132,0.580218,-0.0615553,0.169002,-0.334895,-0.926975,-0.558462,0.742424,-0.370037,109.864,9.7298,34.5143,0.526118,0.793263,0.23612,-0.195401
414,0,-0.440345,-0.475532,1.85078,0.258683,-0.170083,2.31204,0.773351,0.627954,-0.0871926,0.162241,-0.32898,-0.930296,-0.612867,0.705299,-0.356297,109.475,9.337,38.3962,0.521554,0.784001,0.251975,-0.223233
420,0,-0.443924,-0.468452,1.85266,0.258683,-0.170083,2.31204,0.762053,0.637644,-0.112629,0.136018,-0.327697,-0.934941,-0.633067,0.697155,-0.336453,109.316,7.81748,39.7177,0.523904,0.778814,0.248346,-0.239369
427,0,-0.443042,-0.46183,1.8514,0.258683,-0.170083,2.31204,0.731375,0.669084,-0.131977,0.115594,-0.312344,-0.94291,-0.672108,0.674365,-0.305783,108.328,6.6379,42.5819,0.527553,0.766404,0.255961,-0.262291
434,0,-0.440908,-0.462035,1.8552,0.258683,-0.170083,2.31204,0.708419,0.703584,-0.0557865,0.153307,-0.23055,-0.960908,-0.688941,0.672173,-0.271191,103.492,8.81863,44.2014,0.549245,0.74333,0.288193,-0.25047
441,0,-0.439564,-0.462605,1.85325,0.258683,-0.170083,2.31204,0.666596,0.7447,0.032731,0.207636,-0.143329,-0.967649,-0.715917,0.651827,-0.250169,98.4254,11.9838,47.0431,0.564158,0.717651,0.331754,-0.237994
449,0,-0.440191,-0.461923,1.85103,0.258683,-0.170083,2.31204,0.645379,0.760692,0.0695221,0.255175,-0.128915,-0.958262,-0.71998,0.636182,-0.277309,97.662,14.784,48.1275,0.556587,0.716171,0.354618,-0.227061
456,0,-0.439534,-0.460662,1.85334,0.258683,-0.170083,2.31204,0.648876,0.759883,0.0392031,0.227755,-0.144807,-0.962891,-0.726008,0.633725,-0.267029,98.5525,13.1649,48.211,0.556111,0.717759,0.344001,-0.239218
464,0,-0.439459,-0.462335,1.85307,0.258683,-0.170083,2.31204,0.624232,0.779979,0.0443449,0.26888,-0.161202,-0.949588,-0.733511,0.604687,-0.310348,99.6347,15.5976,49.6015,0.536815,0.723841,0.362255,-0.238024
472,0,-0.438986,-0.463353,1.85192,0.258683,-0.170083,2.31204,0.603855,0.796183,0.0381012,0.2954,-0.179134,-0.93843,-0.740337,0.57793,-0.343363,100.807,17.1815,50.7976,0.519942,0.729101,0.374291,-0.240788
480,0,-0.439403,-0.463639,1.85221,0.258683,-0.170083,2.31204,0.590603,0.806791,0.0166239,0.312851,-0.209932,-0.926311,-0.74385,0.552283,-0.376392,102.769,18.2311,51.5511,0.501068,0.737721,0.379426,-0.246444
487,0,-0.438656,-0.463876,1.85144,0.258683,-0.170083,2.31204,0.561745,0.827034,0.0213908,0.331402,-0.201256,-0.921775,-0.758034,0.524891,-0.387135,102.316,19.3539,53.4595,0.493293,0.733167,0.395011,-0.251185
495,0,-0.438616,-0.463575,1.85132,0.258683,-0.170083,2.31204,0.568816,0.822291,0.0168779,0.320867,-0.20297,-0.92512,-0.757293,0.531639,-0.379298,102.375,18.7154,53.0891,0.496626,0.733329,0.389716,-0.252416
502,0,-0.439406,-0.463683,1.85206,0.258683,-0.170083,2.31204,0.596989,0.801528,0.0340083,0.306153,-0.188434,-0.933147,-0.741535,0.56749,-0.357883,101.416,17.8276,51.1635,0.512511,0.732002,0.378306,-0.241641
509,0,-0.439403,-0.464971,1.85143,0.258683,-0.170083,2.31204,0.629164,0.77597,0.0449704,0.292556,-0.182812,-0.938611,-0.720113,0.603697,-0.342034,101.021,17.0111,48.8562,0.525433,0.733827,0.364025,-0.230007
515,0,-0.439331,-0.463443,1.85036,0.258683,-0.170083,2.31204,0.671964,0.739919,0.0313811,0.270382,-0.205661,-0.94053,-0.689462,0.640487,-0.338258,102.334,15.687,45.7364,0.531047,0.744292,0.33935,-0.221043
523,0,-0.438913,-0.462498,1.85039,0.258683,-0.170083,2.31204,0.704185,0.70966,0.0224948,0.265936,-0.234244,-0.935098,-0.658333,0.664464,-0.353675,104.063,15.4226,43.0726,0.528267,0.756985,0.322198,-0.20999
530,0,-0.439145,-0.462134,1.85046,0.258683,-0.170083,2.31204,0.756433,0.6531,0.0356247,0.244305,-0.231595,-0.941636,-0.606732,0.720988,-0.334742,103.818,14.1408,38.7329,0.545458,0.762032,0.294412,-0.187363
538,0,-0.439128,-0.462619,1.85186,0.258683,-0.170083,2.31204,0.787305,0.615531,0.0356648,0.223839,-0.23145,-0.946745,-0.574496,0.753361,-0.320002,103.738,12.9346,36.1182,0.555845,0.76465,0.27443,-0.176169
545,0,-0.439419,-0.461594,1.85176,0.258683,-0.170083,2.31204,0.815711,0.577896,0.0255244,0.196517,-0.235347,-0.951836,-0.544056,0.781439,-0.305542,103.888,11.3334,33.7022,0.56454,0.767561,0.252232,-0.168889
552,0,-0.439107,-0.461318,1.85043,0.258683,-0.170083,2.31204,0.836774,0.546762,0.0293396,0.179654,-0.223539,-0.957995,-0.517237,0.806896,-0.28528,103.134,10.3496,31.7216,0.576185,0.765766,0.237153,-0.159284
559,0,-0.439315,-0.465613,1.84952,0.258683,-0.170083,2.31204,0.799561,0.600075,0.0247358,0.218965,-0.25291,-0.942386,-0.559246,0.758911,-0.333613,105.023,12.6482,34.9705,0.55069,0.772348,0.265114,-0.173015
567,0,-0.43934,-0.463945,1.85005,0.258683,-0.170083,2.31204,0.836282,0.547545,0.028769,0.214031,-0.27769,-0.936525,-0.5048,0.789356,-0.349418,106.516,12.3587,31.1162,0.549812,0.784759,0.242614,-0.151649
574,0,-0.43875,-0.463206,1.85052,0.258683,-0.170083,2.31204,0.810728,0.583171,0.0513119,0.243892,-0.256774,-0.935192,-0.532201,0.7707,-0.350405,105.353,14.1164,33.2828,0.548532,0.777481,0.265943,-0.15463
581,0,-0.438849,-0.465363,1.85005,0.258683,-0.170083,2.31204,0.73046,0.682619,0.0214288,0.258413,-0.247208,-0.933869,-0.632179,0.687691,-0.356973,104.827,14.9759,40.8747,0.530631,0.763977,0.307939,-0.199859
589,0,-0.439299,-0.462623,1.84952,0.258683,-0.170083,2.31204,0.74651,0.665191,0.0156106,0.237952,-0.244984,-0.939873,-0.62137,0.70534,-0.341167,104.609,13.7657,39.7729,0.5386,0.763653,0.295665,-0.19831
595,0,-0.438556,-0.463201,1.85067,0.258683,-0.170083,2.31204,0.763171,0.645623,0.027231,0.241258,-0.245584,-0.938873,-0.59947,0.72309,-0.343185,104.659,13.9608,38.1496,0.541849,0.766802,0.289149,-0.186567
602,0,-0.438993,-0.463315,1.85254,0.258683,-0.170083,2.31204,0.780637,0.623962,0.0357434,0.2356,-0.240823,-0.94154,-0.578877,0.743422,-0.335,104.347,13.627,36.5586,0.54882,0.767538,0.279974,-0.176908
610,0,-0.439155,-0.463196,1.85215,0.258683,-0.170083,2.31204,0.827796,0.559441,0.04218,0.22288,-0.258932,-0.939829,-0.514857,0.787388,-0.339032,105.403,12.8783,31.88,0.554489,0.778743,0.251149,-0.151744
616,0,-0.43869,-0.463467,1.85082,0.258683,-0.170083,2.31204,0.869476,0.491341,0.0509483,0.214113,-0.281916,-0.935243,-0.44516,0.82408,-0.350321,106.775,12.3635,27.1118,0.556156,0.79084,0.223008,-0.124618
623,0,-0.438874,-0.463306,1.84947,0.258683,-0.170083,2.31204,0.900157,0.433525,0.0421127,0.188754,-0.301123,-0.934718,-0.392543,0.849341,-0.352888,107.857,10.8801,23.5612,0.558155,0.799088,0.194684,-0.109634
630,0,-0.438719,-0.462691,1.85007,0.258683,-0.170083,2.31204,0.928518,0.368678,0.0439316,0.166661,-0.308127,-0.936633,-0.33178,0.877003,-0.347546,108.21,9.59373,19.6629,0.564102,0.803771,0.166509,-0.0895306
637,0,-0.439106,-0.463274,1.85186,0.258683,-0.170083,2.31204,0.945471,0.322247,0.0473407,0.156347,-0.321523,-0.933905,-0.285726,0.890382,-0.354373,108.997,8.99492,16.8151,0.563377,0.809532,0.147799,-0.0736184
645,0,-0.439304,-0.463786,1.85213,0.258683,-0.170083,2.31204,0.944947,0.324783,0.039891,0.155182,-0.337461,-0.92846,-0.288086,0.883536,-0.369283,109.974,8.92735,16.9549,0.556373,0.814201,0.147373,-0.0762082
652,0,-0.438624,-0.46412,1.85111,0.258683,-0.170083,2.31204,0.927649,0.369827,0.0519086,0.187928,-0.342164,-0.920656,-0.322723,0.863801,-0.386909,110.388,10.8319,19.1824,0.547398,0.814973,0.171096,-0.0830745
659,0,-0.438845,-0.46334,1.85001,0.258683,-0.170083,2.31204,0.930857,0.361432,0.0535942,0.182811,-0.333694,-0.924786,-0.316363,0.870641,-0.376695,109.841,10.5335,18.7709,0.552374,0.812596,0.16744,-0.0808424
666,0,-0.43848,-0.463387,1.84865,0.258683,-0.170083,2.31204,0.934312,0.353111,0.0487261,0.179668,-0.348448,-0.919947,-0.307865,0.868272,-0.389002,110.745,10.3504,18.2376,0.547006,0.817276,0.162974,-0.079269
673,0,-0.438152,-0.463916,1.84751,0.258683,-0.170083,2.31204,0.943159,0.327141,0.0585558,0.171584,-0.328433,-0.928812,-0.284621,0.886065,-0.365897,109.474