130,0,-0.334379,-0.387976,1.45416,-nan,-nan,-nan,0.814444,0.578155,0.0491739,0.221016,-0.23075,-0.947579,-0.5365,0.782619,-0.315714,103.686,12.7687,33.3742,0.563023,0.768262,0.260058,-0.158581
138,0,-0.335496,-0.386634,1.45507,-nan,-nan,-nan,0.788219,0.61464,0.0304743,0.198047,-0.206469,-0.9582,-0.582656,0.761307,-0.28447,102.16,11.4228,36.472,0.569491,0.754844,0.269157,-0.182879
146,0,-0.336451,-0.38665,1.45891,-nan,-nan,-nan,0.77691,0.628886,0.0302381,0.18572,-0.183015,-0.965408,-0.601597,0.755651,-0.258983,100.734,10.7031,37.7523,0.577692,0.7448,0.273431,-0.191783
155,0,-0.334218,-0.391458,1.47634,-nan,-nan,-nan,0.744277,0.666564,0.0417658,0.188191,-0.149308,-0.970717,-0.640809,0.730342,-0.236568,98.7443,10.8472,40.7278,0.582752,0.729752,0.292823,-0.205221
163,0,-0.324327,-0.394424,1.48987,-nan,-nan,-nan,0.717362,0.694975,0.0490045,0.192135,-0.129733,-0.972756,-0.669683,0.707233,-0.226595,97.5965,11.0774,43.0313,0.583317,0.720016,0.308018,-0.215509
172,0,-0.31553,-0.396592,1.49765,-nan,-nan,-nan,0.703189,0.709622,0.0443011,0.197015,-0.134603,-0.971116,-0.683162,0.691606,-0.234458,97.8913,11.3625,44.1724,0.577522,0.719765,0.314907,-0.221899
180,0,-0.305843,-0.397593,1.50183,-nan,-nan,-nan,0.68373,0.728833,0.0362888,0.199621,-0.138973,-0.969968,-0.701901,0.67044,-0.24051,98.1536,11.5148,45.7514,0.571018,0.718194,0.32319,-0.231697
188,0,-0.291821,-0.395681,1.52322,-nan,-nan,-nan,0.625153,0.77955,0.0385417,0.205269,-0.11657,-0.971739,-0.753026,0.615397,-0.232892,96.8405,11.8453,50.3009,0.564732,0.702605,0.350417,-0.254227
197,0,-0.289037,-0.390287,1.53429,-nan,-nan,-nan,0.60646,0.79487,0.0196657,0.20872,-0.135284,-0.968573,-0.76723,0.591506,-0.24795,97.9512,12.0474,51.6752,0.552998,0.705283,0.355741,-0.264987
205,0,-0.288401,-0.382688,1.5435,-nan,-nan,-nan,0.699882,0.713711,0.0279662,0.209744,-0.167936,-0.963226,-0.682769,0.68001,-0.267232,99.89,12.1073,44.2909,0.562297,0.730591,0.315996,-0.224066
214,0,-0.290058,-0.376606,1.55695,-nan,-nan,-nan,0.73432,0.677697,0.0387321,0.211877,-0.174623,-0.961569,-0.644889,0.714306,-0.271818,100.293,12.2324,41.29,0.567424,0.73837,0.301195,-0.205235
223,1,-0.293476,-0.370231,1.57361,-nan,-nan,-nan,0.764715,0.643523,0.0329957,0.186598,-0.172145,-0.967237,-0.616759,0.745818,-0.251722,100.092,10.7543,38.8869,0.578975,0.739693,0.280563,-0.197299
231,0,-0.297375,-0.365077,1.58181,-nan,-nan,-nan,0.794742,0.606923,0.00543826,0.155208,-0.19456,-0.968533,-0.586767,0.770578,-0.248825,101.358,8.92887,36.4389,0.581239,0.748019,0.254717,-0.19429
239,0,-0.305792,-0.372867,1.59075,-nan,-nan,-nan,0.799158,0.601114,-0.00287165,0.126409,-0.172722,-0.976825,-0.587679,0.780275,-0.214018,100.027,7.26211,36.3298,0.594226,0.739239,0.246038,-0.199716
247,0,-0.308828,-0.374995,1.59816,-nan,-nan,-nan,0.785664,0.618376,0.018517,0.166161,-0.182092,-0.96914,-0.595922,0.764496,-0.245813,100.641,9.56469,37.1801,0.582615,0.743903,0.263656,-0.194046
255,0,-0.309599,-0.377011,1.605,-nan,-nan,-nan,0.776424,0.629503,0.029862,0.182587,-0.179344,-0.966694,-0.603181,0.756017,-0.254186,100.51,10.5205,37.8426,0.579417,0.743296,0.273138,-0.19283
263,0,-0.310787,-0.378131,1.61125,-nan,-nan,-nan,0.757759,0.651793,0.0310951,0.18066,-0.163764,-0.969816,-0.627027,0.740504,-0.241847,99.5846,10.4082,39.6069,0.58141,0.73542,0.282986,-0.202582
272,1,-0.311827,-0.378909,1.61645,-nan,-nan,-nan,0.747598,0.663492,0.0295764,0.172826,-0.151349,-0.973255,-0.641271,0.732715,-0.227817,98.8392,9.95218,40.6221,0.5849,0.729172,0.286736,-0.209722
280,0,-0.313153,-0.380356,1.62289,-nan,-nan,-nan,0.741457,0.670378,0.0288896,0.173397,-0.149834,-0.973387,-0.648209,0.726734,-0.227337,98.7509,9.98538,41.1612,0.584013,0.727775,0.289847,-0.212744
290,0,-0.314332,-0.382026,1.62949,-nan,-nan,-nan,0.722781,0.690567,0.0265402,0.17299,-0.143611,-0.974397,-0.669076,0.708867,-0.223261,98.3842,9.96171,42.7903,0.582218,0.722782,0.298692,-0.222244
298,0,-0.315606,-0.383725,1.63722,-nan,-nan,-nan,0.710393,0.703361,0.0249965,0.172091,-0.139154,-0.975203,-0.682441,0.697079,-0.219896,98.1208,9.9094,43.8503,0.581237,0.719278,0.304281,-0.228509
307,0,-0.317609,-0.385953,1.64658,-nan,-nan,-nan,0.720127,0.693463,0.0229631,0.166976,-0.141083,-0.975815,-0.673451,0.706544,-0.21739,98.2268,9.61204,43.0817,0.58345,0.720867,0.298404,-0.225592
315,0,-0.318968,-0.387595,1.65474,-nan,-nan,-nan,0.719839,0.693622,0.0268412,0.171811,-0.140573,-0.975049,-0.672542,0.70649,-0.220361,98.2038,9.89311,43.0545,0.58286,0.721244,0.299979,-0.223815
324,1,-0.321398,-0.390432,1.66565,-nan,-nan,-nan,0.727152,0.685669,0.0332737,0.180507,-0.144213,-0.972944,-0.662319,0.713484,-0.228633,98.4312,10.3993,42.3285,0.581873,0.724568,0.298859,-0.217042
332,0,-0.335303,-0.3986,1.70404,-nan,-nan,-nan,0.625301,0.78036,-0.00607062,0.191361,-0.16087,-0.968247,-0.756558,0.604284,-0.249923,99.4333,11.0322,50.426,0.551024,0.713459,0.340497,-0.267229
341,0,-0.348957,-0.399086,1.71699,-nan,-nan,-nan,0.632129,0.773623,-0.0438315,0.16392,-0.188797,-0.968239,-0.757326,0.604867,-0.246156,101.034,9.43449,50.1488,0.547078,0.718868,0.326048,-0.278618
350,0,-0.366196,-0.397342,1.72556,-nan,-nan,-nan,0.613818,0.786647,-0.0664319,0.169192,-0.21328,-0.96223,-0.771104,0.579394,-0.26401,102.498,9.74086,51.4793,0.53304,0.723033,0.330496,-0.289591
358,0,-0.387519,-0.39502,1.72828,-nan,-nan,-nan,0.609087,0.789401,-0.0765477,0.178312,-0.230346,-0.956632,-0.772799,0.569023,-0.28106,103.538,10.2714,51.7564,0.523851,0.728096,0.332275,-0.291633
366,0,-0.402326,-0.393462,1.7224,-nan,-nan,-nan,0.599672,0.79751,-0.0661221,0.175965,-0.212015,-0.961294,-0.78066,0.564825,-0.267473,102.438,10.1348,52.47,0.529194,0.720965,0.33756,-0.293628
375,0,-0.40559,-0.393183,1.71603,-nan,-nan,-nan,0.586858,0.807669,-0.0571744,0.178931,-0.198231,-0.963685,-0.789672,0.555316,-0.260851,101.624,10.3075,53.3815,0.530984,0.715182,0.344877,-0.296025
383,0,-0.405576,-0.393523,1.71649,-nan,-nan,-nan,0.537358,0.843354,0.0010302,0.1391,-0.0874249,-0.986412,-0.831804,0.5302,-0.164289,95.0648,7.99575,57.1369,0.566931,0.668781,0.367255,-0.310555
391,0,-0.406128,-0.393069,1.71691,-nan,-nan,-nan,0.5319,0.845785,0.0415907,0.149338,-0.0453448,-0.987746,-0.833535,0.531593,-0.150427,92.6284,8.58858,57.457,0.577955,0.657205,0.378544,-0.301255
400,1,-0.404764,-0.388108,1.71708,-nan,-nan,-nan,0.543631,0.834828,0.0867677,0.192521,-0.0234061,-0.981014,-0.816946,0.550014,-0.173446,91.3668,11.1,56.3585,0.580254,0.659637,0.389362,-0.276735
409,1,-0.403079,-0.386611,1.71741,-nan,-nan,-nan,0.542756,0.83609,0.0798108,0.208489,-0.0420697,-0.977119,-0.813602,0.546977,-0.197149,92.4653,12.0338,56.2926,0.570863,0.667453,0.391255,-0.274847
418,0,-0.401386,-0.386846,1.71819,-nan,-nan,-nan,0.539722,0.840825,0.0413922,0.217326,-0.0916614,-0.971786,-0.813308,0.53349,-0.232205,95.3883,12.552,56.4312,0.551329,0.682567,0.387563,-0.282725
426,0,-0.403225,-0.38625,1.71788,-nan,-nan,-nan,0.549302,0.835426,0.0181665,0.20655,-0.114679,-0.971692,-0.809694,0.537505,-0.235551,96.7309,11.9202,55.8467,0.547511,0.689118,0.378011,-0.287152
435,0,-0.403435,-0.385564,1.71815,1.67423,0.711073,3.46333,0.568473,0.822702,-0.000223846,0.1866,-0.129203,-0.973903,-0.801261,0.553596,-0.226965,97.557,10.7545,54.6453,0.550524,0.693657,0.363761,-0.288862
443,0,-0.404631,-0.385624,1.7187,1.67423,0.711073,3.46333,0.587912,0.808924,0.00117938,0.176612,-0.126936,-0.976061,-0.789409,0.574047,-0.217493,97.4097,10.1725,53.3231,0.557558,0.695043,0.354487,-0.283518
451,0,-0.405625,-0.384777,1.71816,1.67423,0.711073,3.46333,0.584727,0.81123,-0.00103403,0.158817,-0.115723,-0.980503,-0.795533,0.573162,-0.196503,96.7312,9.13822,53.6836,0.564026,0.68865,0.352155,-0.289177
459,0,-0.405518,-0.384368,1.7183,1.67423,0.711073,3.46333,0.551448,0.834138,-0.0108672,0.152733,-0.113761,-0.981698,-0.820108,0.539696,-0.190134,96.6101,8.78533,56.0828,0.55847,0.681055,0.362258,-0.305033
467,0,-0.405325,-0.383498,1.71702,1.67423,0.711073,3.46333,0.567083,0.823416,-0.0200526,0.128835,-0.112722,-0.985239,-0.813522,0.556129,-0.170008,96.5269,7.40229,55.1207,0.566647,0.680039,0.350072,-0.306444
476,0,-0.404117,-0.383837,1.71767,1.67423,0.711073,3.46333,0.522656,0.852471,-0.0111213,0.144074,-0.101175,-0.984381,-0.840282,0.512891,-0.175698,95.8683,8.28364,58.1183,0.558073,0.670733,0.371439,-0.317341
484,0,-0.404672,-0.384092,1.71759,1.67423,0.711073,3.46333,0.470227,0.882532,-0.00494422,0.156074,-0.08867,-0.983757,-0.868635,0.461818,-0.179435,95.1504,8.97909,61.5716,0.548207,0.659229,0.393871,-0.331288
491,0,-0.405015,-0.384081,1.71741,1.67423,0.711073,3.46333,0.45882,0.888478,-0.00956502,0.162697,-0.0945917,-0.982131,-0.873507,0.449066,-0.187953,95.5013,9.36345,62.2887,0.542281,0.659804,0.39829,-0.334596
500,0,-0.403777,-0.384967,1.71778,1.67423,0.711073,3.46333,0.448291,0.893881,-0.00331926,0.181962,-0.0948901,-0.978716,-0.875171,0.438146,-0.205191,95.5377,10.484,62.877,0.535773,0.66113,0.40682,-0.332193
508,0,-0.402822,-0.385007,1.71852,1.67423,0.711073,3.46333,0.430573,0.902556,-0.000365825,0.182288,-0.0873591,-0.979357,-0.883956,0.421618,-0.202139,95.0973,10.503,64.0294,0.534105,0.655757,0.413584,-0.337138
517,0,-0.403411,-0.383991,1.71751,1.67423,0.711073,3.46333,0.406784,0.913479,-0.00912257,0.160507,-0.0812993,-0.983681,-0.899313,0.398681,-0.179691,94.7246,9.23631,65.6615,0.535209,0.645712,0.415815,-0.351719
524,0,-0.399194,-0.382931,1.71746,1.67423,0.711073,3.46333,0.440132,0.897847,-0.0124339,0.129599,-0.0772207,-0.988555,-0.888531,0.433483,-0.150348,94.4666,7.44644,63.6486,0.550582,0.645697,0.397805,-0.348834
532,0,-0.404011,-0.383717,1.718,1.67423,0.711073,3.46333,0.354992,0.934695,-0.0180812,0.156095,-0.0783314,-0.984631,-0.921746,0.346714,-0.173708,94.5485,8.98032,68.9368,0.525108,0.633844,0.430228,-0.370686
540,0,-0.399973,-0.384467,1.71864,1.67423,0.711073,3.46333,0.303872,0.952614,-0.0137171,0.171411,-0.0688294,-0.982792,-0.937166,0.296291,-0.184203,94.0061,9.86984,72.035,0.512552,0.62388,0.450417,-0.381036
549,0,-0.399059,-0.384154,1.71768,1.67423,0.711073,3.46333,0.270527,0.962665,-0.00949804,0.165783,-0.0563021,-0.984554,-0.948331,0.264774,-0.174825,93.2729,9.54272,74.0783,0.509755,0.61271,0.460433,-0.390817
558,0,-0.399324,-0.383987,1.71866,1.67423,0.711073,3.46333,0.237741,0.971217,-0.0147254,0.16806,-0.0560608,-0.984181,-0.956679,0.231506,-0.176551,93.2601,9.67504,76.0443,0.501281,0.60629,0.469774,-0.400552
568,0,-0.39896,-0.384296,1.71726,1.67423,0.711073,3.46333,0.145341,0.989365,-0.00569921,0.183124,-0.0325614,-0.98255,-0.972287,0.141761,-0.185909,91.8981,10.5518,81.4982,0.481371,0.583912,0.501998,-0.418722
577,0,-0.398842,-0.384391,1.71806,1.67423,0.711073,3.46333,0.0925194,0.995706,-0.0032699,0.186278,-0.0205345,-0.982283,-0.978131,0.0902711,-0.187378,91.1976,10.7356,84.5966,0.470268,0.570182,0.518248,-0.430301
586,0,-0.398931,-0.384667,1.71767,1.67423,0.711073,3.46333,0.0731953,0.997303,-0.00533415,0.191696,-0.0193175,-0.981264,-0.978721,0.0708014,-0.192593,91.1278,11.0518,85.723,0.464027,0.566812,0.524423,-0.43403
597,0,-0.398857,-0.384596,1.71814,1.67423,0.711073,3.46333,0.0362372,0.999329,-0.00525693,0.191505,-0.012107,-0.981417,-0.980822,0.0345571,-0.191815,90.7068,11.0406,87.8841,0.456157,0.556812,0.534666,-0.442734
605,0,-0.399562,-0.384413,1.71797,1.67423,0.711073,3.46333,-0.00871736,0.999861,-0.0141858,0.189287,-0.0122799,-0.981845,-0.981883,-0.0112443,-0.189154,90.7166,10.9112,90.5087,0.444367,0.546058,0.544424,-0.456027
614,0,-0.402726,-0.384098,1.7171,1.67423,0.711073,3.46333,-0.0635997,0.99794,-0.00845439,0.183878,0.0033914,-0.982943,-0.980889,-0.0640695,-0.183715,89.8023,10.5957,93.7098,0.434763,0.528376,0.559175,-0.468106
623,0,-0.40451,-0.383946,1.71734,1.67423,0.711073,3.46333,-0.0999327,0.994909,-0.0130587,0.176441,0.00480306,-0.984299,-0.979225,-0.100668,-0.176023,89.7204,10.1625,95.827,0.426863,0.517515,0.565853,-0.47935
631,0,-0.402723,-0.383342,1.71681,1.67423,0.711073,3.46333,-0.163198,0.986427,-0.0180887,0.171312,0.010277,-0.985163,-0.971606,-0.163876,-0.170664,89.4023,9.86411,99.5348,0.411222,0.499297,0.579685,-0.495544
640,0,-0.402568,-0.382956,1.71635,1.67423,0.711073,3.46333,-0.229386,0.973089,-0.021895,0.165794,0.0168967,-0.986016,-0.959111,-0.229808,-0.165208,89.0183,9.54334,103.451,0.394431,0.479303,0.594031,-0.511684
647,0,-0.39902,-0.382193,1.71759,1.67423,0.711073,3.46333,-0.414161,0.910063,-0.0160216,0.131746,0.0425209,-0.990371,-0.900618,-0.412284,-0.137507,87.5416,7.57049,114.696,0.350304,0.412561,0.631306,-0.555458
655,1,-0.398821,-0.381941,1.71866,1.67423,0.711073,3.46333,-0.5206,0.853277,-0.0298924,0.121026,0.0390922,-0.991879,-0.84518,-0.51999,-0.12362,87.743,6.95133,121.632,0.314194,0.375476,0.648713,-0.582642
665,0,-0.398813,-0.382756,1.71849,1.67423,0.711073,3.46333,-0.605795,0.795227,-0.0250283,0.130271,0.0681081,-0.989136,-0.784883,-0.602474,-0.144855,86.0611,7.48528,127.662,0.281717,0.34313,0.674307,-0.590092
673,0,-0.399032,-0.383564,1.71835,1.67423,0.711073,3.46333,-0.682083,0.731124,-0.0148685,0.134174,0.105135,-0.985365,-0.71886,-0.674096,-0.169809,83.9098,7.71086,133.496,0.251617,0.30927,0.699469,-0.593114
681,0,-0.401521,-0.383939,1.7185,1.67423,0.711073,3.46333,-0.724546,0.689127,-0.0117005,0.129297,0.119228,-0.984412,-0.67699,-0.714765,-0.175488,83.0942,7.42896,136.943,0.234091,0.287973,0.710504,-0.597877
689,0,-0.403539,-0.382589,1.7171,1.67423,0.711073,3.46333,-0.746251,0.664721,-0.0354251,0.129426,0.0926864,-0.987248,-0.652961,-0.74132,-0.155199,84.6366,7.4364,138.814,0.218653,0.281186,0.70607,-0.612039
697,0,-0.398858,-0.382957,1.71771,1.67423,0.711073,3.46333,-0.718937,0.693561,-0.0458478,0.144014,0.0841041,-0.985995,-0.679992,-0.715471,-0.160348,85.1245,8.28019,136.595,0.226284,0.298876,0.700605,-0.607142
706,0,-0.399489,-0.383244,1.71787,1.67423,0.711073,3.46333,-0.741012,0.670962,-0.0266688,0.126686,0.100689,-0.986819,-0.659433,-0.734624,-0.159613,84.174,7.27813,138.334,0.223642,0.281918,0.707339,-0.608422
713,0,-0.399911,-0.383017,1.7178,1.67423,0.711073,3.46333,-0.769812,0.637279,-0.0355678,0.130429,0.102515,-0.986143,-0.624802,-0.763784,-0.162037,84.0651,7.49437,140.936,0.206559,0.269124,0.713156,-0.613445
721,0,-0.398599,-0.383587,1.71646,1.67423,0.711073,3.46333,-0.792168,0.610133,-0.0144076,0.117564,0.129389,-0.9846,-0.598872,-0.781663,-0.174227,82.5135,6.75151,142.911,0.201862,0.251331,0.723841,-0.610031
730,1,-0.398614,-0.384221,1.71487,1.67423,0.711073,3.46333,-0.806915,0.590665,-0.00178721,0.122694,0.164652,-0.978691,-0.577784,-0.78994,-0.205331,80.4502,7.04759,144.396,0.195196,0.241746,0.737716,-0.59936
738,0,-0.399796,-0.384723,1.7151,1.67423,0.711073,3.46333,-0.833658,0.552223,0.0080313,0.110631,0.181225,-0.977199,-0.541087,-0.813761,-0.212172,79.4937,6.35168,147.014,0.18398,0.222087,0.746166,-0.600054
746,0,-0.401061,-0.384694,1.71674,1.67423,0.711073,3.46333,-0.860435,0.50956,-0.00102805,0.107795,0.180049,-0.977733,-0.498029,-0.841387,-0.209848,79.5659,6.18823,149.937,0.165655,0.20577,0.750055,-0.606329
754,0,-0.400472,-0.384416,1.71689,1.67423,0.711073,3.46333,-0.888669,0.458515,-0.00557218,0.0932676,0.168842,-0.98122,-0.448963,-0.8725,-0.192809,80.2365,5.35162,153.197,0.147786,0.183914,0.750053,-0.617863
763,0,-0.399604,-0.383911,1.71796,1.67423,0.711073,3.46333,-0.915845,0.40122,-0.015804,0.0882359,0.162703,-0.982722,-0.391716,-0.901416,-0.184412,80.5992,5.06213,156.843,0.124945,0.162684,0.752157,-0.626245
770,0,-0.398581,-0.384314,1.71632,1.67423,0.711073,3.46333,-0.942253,0.33467,-0.0124558,0.0780845,0.183373,-0.979937,-0.325672,-0.924321,-0.198916,79.401,4.47847,160.933,0.102718,0.135361,0.762322,-0.624493
779,0,-0.401245,-0.384342,1.71704,1.67423,0.711073,3.46333,-0.954632,0.29777,-0.00339358,0.0611924,0.185001,-0.980831,-0.291435,-0.93654,-0.194829,79.3186,3.50826,163.023,0.0942608,0.11747,0.763947,-0.627456
786,0,-0.403337,-0.384458,1.71795,1.67423,0.711073,3.46333,-0.962509,0.270993,-0.0118041,0.0637807,0.183809,-0.980891,-0.263645,-0.944869,-0.194202,79.3864,3.65685,164.682,0.0823076,0.109412,0.764938,-0.629384
794,0,-0.401911,-0.383267,1.71791,1.67423,0.711073,3.46333,-0.96775,0.250621,-0.0254689,0.0645248,0.14888,-0.986748,-0.243508,-0.956569,-0.16025,81.4199,3.69957,165.876,0.0722493,0.104427,0.754467,-0.643937
802,0,-0.400036,-0.383071,1.71781,1.67423,0.711073,3.46333,-0.961756,0.271713,-0.0345997,0.0755121,0.141594,-0.987041,-0.263292,-0.951905,-0.156697,81.8364,4.33065,164.69,0.0760612,0.115484,0.751673,-0.644877
810,0,-0.399328,-0.380995,1.71595,1.67423,0.711073,3.46333,-0.96442,0.261082,-0.0415836,0.0688611,0.096213,-0.992976,-0.255248,-0.96051,-0.110768,84.4657,3.94857,165.176,0.0724989,0.111954,0.736784,-0.662842
818,1,-0.400002,-0.381258,1.71566,1.67423,0.711073,3.46333,-0.950546,0.305665,-0.0550626,0.0893977,0.099484,-0.991015,-0.29744,-0.946928,-0.12189,84.2675,5.12896,162.624,0.082232,0.134034,0.736872,-0.65749
826,0,-0.399506,-0.382968,1.71492,1.67423,0.711073,3.46333,-0.963917,0.265388,-0.0208344,0.063779,0.154248,-0.985971,-0.258451,-0.951723,-0.165608,81.1086,3.65675,164.991,0.0786177,0.108908,0.755608,-0.641105
834,0,-0.402222,-0.383383,1.71587,1.67423,0.711073,3.46333,-0.963948,0.265486,-0.0179417,0.0625859,0.160673,-0.985021,-0.258627,-0.950632,-0.171496,80.7357,3.58825,164.981,0.0794187,0.108254,0.757647,-0.638705
842,0,-0.40034,-0.382707,1.71572,1.67423,0.711073,3.46333,-0.963897,0.265021,-0.0258307,0.066721,0.146472,-0.986962,-0.257782,-0.953053,-0.158867,81.5585,3.82568,165.027,0.0769887,0.110111,0.753199,-0.643925
851,0,-0.398581,-0.382616,1.71541,1.67423,0.711073,3.46333,-0.95755,0.287497,-0.0210415,0.0659387,0.14739,-0.986878,-0.280623,-0.946373,-0.16009,81.5057,3.78075,163.666,0.0862397,0.11742,0.752501,-0.642275
859,0,-0.398535,-0.383949,1.71672,1.67423,0.711073,3.46333,-0.943757,0.330571,-0.00672624,0.065708,0.167577,-0.983667,-0.324045,-0.928785,-0.179873,80.3319,3.76751,161.05,0.104817,0.1309,0.756837,-0.631725
867,0,-0.402434,-0.384387,1.71588,1.67423,0.711073,3.46333,-0.93269,0.360668,-0.00273773,0.0731183,0.18164,-0.980643,-0.35319,-0.914836,-0.195786,79.5063,4.19311,159.259,0.115287,0.142702,0.759953,-0.623551
876,0,-0.404223,-0.384476,1.71656,1.67423,0.711073,3.46333,-0.936043,0.351885,0.000100585,0.0707104,0.188376,-0.979548,-0.344707,-0.916892,-0.20121,79.1144,4.05479,159.783,0.113052,0.138556,0.762501,-0.621783
884,0,-0.403164,-0.38472,1.71681,1.67423,0.711073,3.46333,-0.937115,0.348891,0.00950153,0.0619347,0.193024,-0.979237,-0.343481,-0.91707,-0.202494,78.849,3.55087,159.871,0.115558,0.134494,0.763648,-0.620805
891,0,-0.399862,-0.383526,1.71564,1.67423,0.711073,3.46333,-0.894177,0.447441,-0.0156074,0.0961449,0.157858,-0.98277,-0.437268,-0.880271,-0.184172,80.8748,5.51722,153.941,0.140986,0.181753,0.747698,-0.622926
899,0,-0.3993,-0.381541,1.71682,1.67423,0.711073,3.46333,-0.877695,0.477886,-0.0357278,0.0906207,0.0923016,-0.991599,-0.470574,-0.873559,-0.124319,84.682,5.19932,151.802,0.15024,0.19642,0.723587,-0.644413
908,0,-0.398815,-0.381477,1.71645,1.67423,0.711073,3.46333,-0.887146,0.458802,-0.0497277,0.0991311,0.084216,-0.991504,-0.450717,-0.884538,-0.120193,85.1451,5.68914,153.067,0.138633,0.192894,0.72311,-0.648602
915,0,-0.39968,-0.38152,1.71693,1.67423,0.711073,3.46333,-0.896404,0.439953,-0.0538644,0.104007,0.0906528,-0.990437,-0.430862,-0.893434,-0.12702,84.7704,5.96995,154.328,0.129643,0.187058,0.726993,-0.647829
924,0,-0.398334,-0.382257,1.71605,1.67423,0.711073,3.46333,-0.905489,0.424196,-0.0121398,0.0755706,0.133031,-0.988227,-0.417587,-0.895746,-0.152515,82.3331,4.33401,155.242,0.136956,0.168816,0.740107,-0.636385
931,0,-0.398945,-0.383381,1.71687,1.67423,0.711073,3.46333,-0.90057,0.4346,-0.00986311,0.0793192,0.141971,-0.986688,-0.427414,-0.889363,-0.162327,81.8121,4.54944,154.611,0.140601,0.173051,0.74244,-0.631718
940,0,-0.399384,-0.382988,1.71627,1.67423,0.711073,3.46333,-0.896397,0.443188,-0.0074636,0.0749677,0.134992,-0.988007,-0.436865,-0.886206,-0.154231,82.2198,4.29937,154.017,0.145227,0.175244,0.739192,-0.633872
948,0,-0.401578,-0.384253,1.71786,1.67423,0.711073,3.46333,-0.888872,0.458136,-0.00425823,0.0891414,0.16382,-0.982454,-0.4494,-0.873656,-0.186454,80.5333,5.11421,153.18,0.14874,0.182867,0.748189,-0.620201
956,0,-0.403638,-0.383979,1.71639,1.67423,0.711073,3.46333,-0.860378,0.509597,-0.00781888,0.102677,0.158287,-0.98204,-0.499207,-0.845728,-0.18851,80.8437,5.89334,149.877,0.165377,0.206062,0.742828,-0.615138
964,0,-0.403608,-0.383599,1.71581,1.67423,0.711073,3.46333,-0.816809,0.576789,-0.0116823,0.117113,0.145951,-0.982335,-0.564896,-0.803749,-0.186764,81.5491,6.72551,145.333,0.188665,0.236645,0.733063,-0.609117
972,0,-0.401617,-0.382578,1.71511,1.67423,0.711073,3.46333,-0.754998,0.655061,-0.0295604,0.124424,0.0988533,-0.987293,-0.643814,-0.749082,-0.156139,84.2823,7.14748,139.545,0.216631,0.274904,0.708871,-0.612374
980,0,-0.403783,-0.382102,1.71461,1.67423,0.711073,3.46333,-0.726921,0.686186,-0.0271113,0.121132,0.0892628,-0.988615,-0.675953,-0.721929,-0.148006,84.8407,6.95745,137.081,0.231482,0.28802,0.700748,-0.610257
989,0,-0.399422,-0.383956,1.71641,1.67423,0.711073,3.46333,-0.631082,0.775617,-0.0124175,0.1517,0.107701,-0.982541,-0.760738,-0.621948,-0.185629,83.7445,8.72546,129.678,0.269717,0.334233,0.693616,-0.578306
996,0,-0.399716,-0.38199,1.72296,1.67423,0.711073,3.46333,-0.736115,0.675811,-0.0376171,0.0938817,0.0469042,-0.994478,-0.670315,-0.735581,-0.0979731,87.2997,5.38696,137.679,0.23066,0.280604,0.685746,-0.630721
1004,0,-0.401615,-0.382358,1.72396,1.67423,0.711073,3.46333,-0.748509,0.660155,-0.0626853,0.115458,0.0366549,-0.992636,-0.652996,-0.750234,-0.103657,87.8852,6.63006,138.899,0.214761,0.282176,0.687172,-0.634074
1011,0,-0.401071,-0.382619,1.72414,1.67423,0.711073,3.46333,-0.766914,0.637496,-0.073774,0.134695,0.0475018,-0.989748,-0.627455,-0.768988,-0.122298,87.2523,7.74101,140.711,0.198929,0.277436,0.695829,-0.631885
1020,0,-0.399955,-0.383514,1.72363,1.67423,0.711073,3.46333,-0.754075,0.655504,-0.0410516,0.119594,0.0755822,-0.989942,-0.645808,-0.7514,-0.135389,85.6339,6.8687,139.422,0.215707,0.276465,0.700901,-0.621109
1027,1,-0.402712,-0.38435,1.72388,1.67423,0.711073,3.46333,-0.764125,0.645054,0.00439039,0.0957801,0.120186,-0.98812,-0.637918,-0.754627,-0.15362,83.0651,5.49622,140.144,0.224967,0.259475,0.71378,-0.610393
1036,1,-0.403859,-0.390265,1.72441,1.67423,0.711073,3.46333,-0.747789,0.663684,0.0182936,0.12438,0.167101,-0.978063,-0.652182,-0.729109,-0.207506,80.3047,7.14497,138.907,0.230112,0.27047,0.728422,-0.585914
1045,1,-0.403042,-0.395886,1.71877,1.67423,0.711073,3.46333,-0.721044,0.692292,0.0287568,0.168245,0.215191,-0.96197,-0.672152,-0.688785,-0.271637,77.3906,9.68577,137.01,0.235855,0.289569,0.742945,-0.555477
1052,1,-0.401132,-0.399654,1.71494,1.67423,0.711073,3.46333,-0.629248,0.777145,0.00965886,0.221736,0.191421,-0.956134,-0.744903,-0.599503,-0.292772,78.6789,12.811,130.189,0.259519,0.343549,0.726884,-0.535036
1060,1,-0.399207,-0.400452,1.71392,1.67423,0.711073,3.46333,-0.58686,0.80966,-0.00678867,0.272262,0.189432,-0.943392,-0.762541,-0.555487,-0.33161,78.6461,15.7989,127.582,0.26027,0.372598,0.725931,-0.516192
1068,1,-0.398986,-0.401908,1.71396,1.67423,0.711073,3.46333,-0.532215,0.846465,-0.0156505,0.316839,0.182002,-0.930853,-0.785086,-0.500373,-0.365057,78.937,18.4719,124.134,0.2668,0.403373,0.720984,-0.496275
1077,1,-0.399731,-0.401483,1.71522,1.67423,0.711073,3.46333,-0.480525,0.876966,0.00511568,0.307665,0.174039,-0.935443,-0.821242,-0.44793,-0.353441,79.4606,17.9185,120.333,0.291578,0.417994,0.708521,-0.48812
1086,1,-0.39943,-0.401066,1.71476,1.67423,0.711073,3.46333,-0.43562,0.900029,0.0135267,0.305473,0.161953,-0.938327,-0.846712,-0.404622,-0.345484,80.2074,17.7866,117.225,0.308565,0.43241,0.696968,-0.481711
1095,1,-0.401401,-0.395117,1.72057,1.67423,0.711073,3.46333,-0.411997,0.910396,0.0379197,0.283774,0.167745,-0.944105,-0.86587,-0.378208,-0.327457,79.925,16.4856,115.446,0.327219,0.432353,0.690507,-0.478747
1103,1,-0.404712,-0.390544,1.72437,1.67423,0.711073,3.46333,-0.388005,0.920555,0.0450703,0.259609,0.156082,-0.953017,-0.884339,-0.358075,-0.299545,80.6988,15.0469,113.69,0.342247,0.434585,0.678902,-0.482799
1111,1,-0.404799,-0.388835,1.72667,1.67423,0.711073,3.46333,-0.370664,0.928608,0.0171873,0.229577,0.109538,-0.967107,-0.899946,-0.354526,-0.253788,83.538,13.2721,112.385,0.348241,0.439769,0.658405,-0.501831
1119,0,-0.401051,-0.387862,1.72693,1.67423,0.711073,3.46333,-0.365486,0.930541,0.022647,0.193866,0.0998961,-0.975929,-0.910404,-0.352298,-0.216911,84.1556,11.1785,111.873,0.359687,0.433454,0.648516,-0.512025
1127,0,-0.400609,-0.386204,1.72614,1.67423,0.711073,3.46333,-0.34908,0.937067,-0.00690393,0.188621,0.0630455,-0.980024,-0.917913,-0.343409,-0.198759,86.3192,10.8723,110.822,0.358889,0.443462