111,0,-0.336702,-0.388104,1.45794,-0.111996,-0.0786285,1.64347,0.818676,0.573487,0.0297071,0.206847,-0.246232,-0.946881,-0.53571,0.781333,-0.320208,104.577,11.9376,33.1992,0.559517,0.772191,0.252636,-0.16382
118,0,-0.336385,-0.390735,1.45837,-0.111996,-0.0786285,1.64347,0.825769,0.560023,0.0669274,0.226938,-0.22128,-0.948438,-0.516338,0.798379,-0.309817,103.133,13.1169,32.017,0.568918,0.767604,0.256304,-0.146368
126,0,-0.336744,-0.391576,1.45799,-0.111996,-0.0786285,1.64347,0.834177,0.546094,0.0770049,0.235883,-0.227081,-0.944877,-0.498506,0.806359,-0.31824,103.514,13.6437,30.8626,0.567639,0.771281,0.253467,-0.136624
133,0,-0.336939,-0.392015,1.45851,-0.111996,-0.0786285,1.64347,0.837796,0.541427,0.070385,0.227039,-0.228238,-0.946763,-0.496539,0.809175,-0.314142,103.554,13.1228,30.6541,0.569082,0.771391,0.249052,-0.138112
140,0,-0.337532,-0.392671,1.46182,-0.111996,-0.0786285,1.64347,0.826748,0.559666,0.0571056,0.20931,-0.211789,-0.954639,-0.522185,0.801199,-0.29224,102.509,12.0819,32.277,0.575048,0.763344,0.251844,-0.152316
148,0,-0.336355,-0.391206,1.45659,-0.111996,-0.0786285,1.64347,0.834618,0.548162,0.054143,0.207555,-0.221917,-0.952719,-0.510229,0.806394,-0.29899,103.112,11.9791,31.4388,0.573086,0.767386,0.246199,-0.148584
154,0,-0.33535,-0.390684,1.4533,-0.111996,-0.0786285,1.64347,0.853661,0.518123,0.053014,0.205643,-0.24179,-0.948287,-0.478511,0.820418,-0.312955,104.304,11.8671,29.2724,0.56985,0.775952,0.233187,-0.137089
161,0,-0.33,-0.386623,1.43827,-0.111996,-0.0786285,1.64347,0.924572,0.378733,0.041562,0.152621,-0.268199,-0.951197,-0.349103,0.885794,-0.305772,105.746,8.77887,20.6857,0.581077,0.790339,0.168078,-0.0972813
168,0,-0.325971,-0.385771,1.43229,-0.111996,-0.0786285,1.64347,0.965441,0.259635,0.0226711,0.0995553,-0.286999,-0.952744,-0.240859,0.922074,-0.302928,106.764,5.71356,14.0083,0.586411,0.799276,0.112349,-0.0682456
175,0,-0.324883,-0.384741,1.42992,-0.111996,-0.0786285,1.64347,0.973919,0.225859,0.0216628,0.0864343,-0.281037,-0.955797,-0.209787,0.932741,-0.293229,106.385,4.95851,12.1561,0.591535,0.798152,0.0978177,-0.058925
182,0,-0.324362,-0.383912,1.42889,-0.111996,-0.0786285,1.64347,0.979199,0.201282,0.0255775,0.0805529,-0.269948,-0.9595,-0.186226,0.941602,-0.280547,105.714,4.62035,10.768,0.597642,0.795251,0.0885995,-0.0505024
188,0,-0.323876,-0.382378,1.42509,-0.111996,-0.0786285,1.64347,0.984912,0.171221,0.0251347,0.0705333,-0.26454,-0.961792,-0.15803,0.949053,-0.272625,105.379,4.04462,9.11544,0.601612,0.794052,0.076114,-0.0418407
196,0,-0.32163,-0.380507,1.41602,-0.111996,-0.0786285,1.64347,0.98825,0.149349,0.032515,0.0728872,-0.273488,-0.95911,-0.13435,0.95021,-0.28116,105.915,4.17983,7.74175,0.598665,0.797323,0.0696821,-0.0319303
202,0,-0.319952,-0.378915,1.40908,-0.111996,-0.0786285,1.64347,0.993393,0.111373,0.0276834,0.0579066,-0.27818,-0.958782,-0.0990812,0.95405,-0.282791,106.18,3.31966,5.69585,0.598419,0.799119,0.0529581,-0.0223364
209,0,-0.319152,-0.377122,1.40372,-0.111996,-0.0786285,1.64347,0.997355,0.0657859,0.0309017,0.0476081,-0.270042,-0.961671,-0.0549197,0.960599,-0.27246,105.685,2.72878,3.15183,0.603087,0.796846,0.0355759,-0.00753533
216,0,-0.317665,-0.374979,1.3972,-0.111996,-0.0786285,1.64347,0.998772,0.035995,0.0340427,0.0424908,-0.269,-0.962203,-0.0254771,0.962467,-0.270199,105.619,2.43528,1.46121,0.604064,0.79655,0.024633,0.00268835
223,0,-0.316034,-0.373115,1.39142,-0.111996,-0.0786285,1.64347,0.999536,-0.00741159,0.0295546,0.0267274,-0.252472,-0.967235,0.0146304,0.967576,-0.252156,104.629,1.53155,-0.838592,0.611332,0.791228,0.00610312,0.0139609
230,0,-0.315368,-0.372276,1.38848,-0.111996,-0.0786285,1.64347,0.995444,-0.0932409,0.0199545,-0.00433889,-0.253348,-0.967365,0.0952535,0.962871,-0.252599,104.676,-0.248601,-5.46596,0.610225,0.790789,-0.0308489,0.0364218
237,0,-0.313365,-0.369959,1.37985,-0.111996,-0.0786285,1.64347,0.995403,-0.0943842,0.0162509,-0.00701013,-0.241029,-0.970493,0.0955162,0.965918,-0.240583,103.948,-0.401654,-5.48116,0.615181,0.786927,-0.0322121,0.0355075
243,0,-0.311391,-0.367848,1.37358,-0.111996,-0.0786285,1.64347,0.986408,-0.162356,0.0252759,-0.0171199,-0.254544,-0.96691,0.163418,0.953335,-0.253863,104.749,-0.980948,-9.40671,0.607865,0.789749,-0.0568143,0.0597321
250,0,-0.309636,-0.366324,1.36475,-0.111996,-0.0786285,1.64347,0.987424,-0.155632,0.0277943,-0.0154086,-0.269711,-0.962818,0.157342,0.950281,-0.268717,105.649,-0.88288,-9.05371,0.601871,0.794646,-0.0538102,0.0582447
257,0,-0.311881,-0.368881,1.37255,-0.111996,-0.0786285,1.64347,0.987542,-0.154852,0.0279489,-0.0152797,-0.271147,-0.962417,0.156611,0.95,-0.270135,105.734,-0.875494,-9.01129,0.601303,0.795114,-0.053493,0.0580293
264,0,-0.310484,-0.367358,1.36835,-0.111996,-0.0786285,1.64347,0.988272,-0.14975,0.0298854,-0.0139162,-0.283216,-0.958955,0.152068,0.947293,-0.281979,106.454,-0.797365,-8.74764,0.596464,0.798979,-0.0512112,0.0569331
271,0,-0.30616,-0.370049,1.35643,-0.111996,-0.0786285,1.64347,0.997455,-0.0316791,0.0638719,0.0493319,-0.340125,-0.939085,0.0514738,0.939847,-0.337697,109.91,2.82766,-2.95413,0.574377,0.817814,0.00539634,0.0352604
279,0,-0.306656,-0.368992,1.35333,-0.111996,-0.0786285,1.64347,0.997028,0.0125132,0.0760129,0.0755673,-0.350614,-0.933466,0.0149706,0.936436,-0.350518,110.586,4.33382,-0.860244,0.569187,0.821304,0.0268112,0.0276948
286,0,-0.307283,-0.367892,1.35242,-0.111996,-0.0786285,1.64347,0.996974,0.0305088,0.0714919,0.0776553,-0.350746,-0.933245,-0.00339675,0.935974,-0.352054,110.598,4.4538,0.195209,0.568809,0.821549,0.0329147,0.0207216
292,0,-0.307476,-0.36755,1.35192,-0.111996,-0.0786285,1.64347,0.997238,0.0397846,0.0627239,0.0726036,-0.343857,-0.936211,-0.0156788,0.938179,-0.345795,110.168,4.16354,0.900741,0.571749,0.819587,0.034282,0.0143503
300,0,-0.306678,-0.366269,1.35014,-0.111996,-0.0786285,1.64347,0.998549,0.0199971,0.0500015,0.0537818,-0.322914,-0.944899,-0.00274904,0.946217,-0.323521,108.868,3.08296,0.157737,0.581402,0.81317,0.0226825,0.0145272
306,0,-0.305406,-0.363656,1.34633,-0.111996,-0.0786285,1.64347,0.998832,0.0114349,0.0469428,0.0482732,-0.276795,-0.959716,0.0020193,0.960861,-0.277024,106.088,2.76693,-0.115833,0.601044,0.798851,0.0186856,0.0153227
314,0,-0.305397,-0.362935,1.33833,-0.111996,-0.0786285,1.64347,0.987415,0.154166,0.0352759,0.0786311,-0.285037,-0.955286,-0.137218,0.946037,-0.293572,106.614,4.50989,7.91152,0.593466,0.800941,0.0726636,-0.0318194
321,0,-0.304512,-0.360815,1.32577,-0.111996,-0.0786285,1.64347,0.945926,0.324105,0.0133945,0.115628,-0.298313,-0.947438,-0.303074,0.897756,-0.319658,107.477,6.63983,17.7654,0.576185,0.800609,0.137312,-0.090456
327,0,-0.30285,-0.358842,1.31842,-0.111996,-0.0786285,1.64347,0.937315,0.348291,0.0115808,0.120895,-0.293825,-0.948183,-0.326841,0.890146,-0.317513,107.217,6.94379,19.2236,0.575755,0.798225,0.146947,-0.0987378
335,0,-0.301077,-0.356946,1.31023,-0.111996,-0.0786285,1.64347,0.933669,0.357815,0.0151753,0.125807,-0.288014,-0.949326,-0.335313,0.888266,-0.313926,106.877,7.22736,19.755,0.577003,0.79618,0.151857,-0.100523
341,0,-0.298401,-0.353617,1.29915,-0.111996,-0.0786285,1.64347,0.938966,0.343887,0.0091909,0.115285,-0.289383,-0.950246,-0.324117,0.893308,-0.311366,106.937,6.62005,19.0439,0.578407,0.796824,0.144063,-0.0988067
349,0,-0.297546,-0.351815,1.29245,-0.111996,-0.0786285,1.64347,0.943327,0.33136,0.018279,0.113379,-0.270026,-0.956154,-0.311895,0.904039,-0.292292,105.77,6.51013,18.2956,0.587582,0.791462,0.14048,-0.092745
356,0,-0.29625,-0.349429,1.28498,-0.111996,-0.0786285,1.64347,0.951782,0.304696,0.0356458,0.117221,-0.253842,-0.960116,-0.283495,0.918,-0.277319,104.809,6.73174,16.5865,0.595949,0.787868,0.133879,-0.0786457
363,0,-0.294548,-0.347218,1.27709,-0.111996,-0.0786285,1.64347,0.958201,0.284054,0.0341248,0.108844,-0.251634,-0.961683,-0.264583,0.925199,-0.272033,104.663,6.2487,15.4362,0.59886,0.787697,0.124698,-0.073143
371,0,-0.291971,-0.343581,1.26461,-0.111996,-0.0786285,1.64347,0.95818,0.285007,0.0257301,0.101972,-0.256044,-0.961272,-0.267381,0.923695,-0.274399,104.915,5.85276,15.5918,0.59744,0.788768,0.122653,-0.0765913
378,0,-0.287328,-0.337541,1.24494,-0.111996,-0.0786285,1.64347,0.963586,0.267098,0.0126946,0.0836739,-0.256092,-0.963024,-0.253971,0.929019,-0.269116,104.892,4.79977,14.7656,0.599662,0.788795,0.111173,-0.07647
385,0,-0.282326,-0.331053,1.22136,-0.111996,-0.0786285,1.64347,0.96397,0.26595,0.00563323,0.0763482,-0.256324,-0.963571,-0.254818,0.929284,-0.267393,104.897,4.37869,14.807,0.600053,0.78862,0.108512,-0.0789939
393,0,-0.27979,-0.328531,1.20878,-0.111996,-0.0786285,1.64347,0.968163,0.250312,0.00218977,0.0716211,-0.268614,-0.960581,-0.239857,0.930156,-0.27799,105.623,4.10711,13.9146,0.596146,0.792901,0.101505,-0.074936
400,0,-0.278889,-0.32741,1.204,-0.111996,-0.0786285,1.64347,0.972015,0.23482,0.00683677,0.0697708,-0.260775,-0.962875,-0.22432,0.936406,-0.269861,105.154,4.00082,12.9951,0.600287,0.790988,0.0962692,-0.0687378
408,0,-0.274443,-0.325656,1.18629,-0.111996,-0.0786285,1.64347,0.959447,0.281637,0.0119494,0.0851042,-0.24899,-0.96476,-0.268736,0.926653,-0.262861,104.471,4.88202,15.6473,0.60158,0.786018,0.116645,-0.0816733
416,0,-0.268785,-0.317487,1.15894,-0.111996,-0.0786285,1.64347,0.966546,0.256491,-0.000773193,0.0612241,-0.233639,-0.970394,-0.249078,0.937883,-0.241526,103.537,3.51008,14.4507,0.610611,0.781299,0.101662,-0.0799474
423,0,-0.26874,-0.315945,1.15267,-0.111996,-0.0786285,1.64347,0.971177,0.238351,0.00213611,0.0649018,-0.255802,-0.964548,-0.229355,0.936885,-0.263899,104.853,3.72122,13.2876,0.602386,0.789126,0.0960725,-0.0719843
430,0,-0.268813,-0.315159,1.14848,-0.111996,-0.0786285,1.64347,0.97263,0.231084,0.0243302,0.0863231,-0.262135,-0.961163,-0.215731,0.936956,-0.274908,105.255,4.95211,12.5059,0.59908,0.792097,0.100179,-0.0604096
438,0,-0.267057,-0.312833,1.14044,-0.111996,-0.0786285,1.64347,0.974284,0.223317,0.0300076,0.0880375,-0.254687,-0.963008,-0.207413,0.940885,-0.267798,104.814,5.05071,12.0181,0.602453,0.790058,0.0985225,-0.0561368
446,0,-0.264031,-0.309135,1.12844,-0.111996,-0.0786285,1.64347,0.974346,0.223521,0.0262463,0.0815231,-0.241831,-0.966888,-0.209773,0.944222,-0.25385,104.042,4.67612,12.1501,0.608002,0.785816,0.097047,-0.0583872
453,0,-0.261421,-0.300267,1.11531,-0.111996,-0.0786285,1.64347,0.885281,0.464726,0.0175153,0.0786189,-0.112432,-0.990544,-0.458362,0.878287,-0.13607,96.4757,4.50919,27.3733,0.639683,0.730374,0.185982,-0.150898
461,0,-0.259865,-0.29873,1.10918,-0.111996,-0.0786285,1.64347,0.861089,0.508049,0.0202954,0.0864343,-0.106929,-0.990503,-0.501053,0.854665,-0.135988,96.1615,4.95851,30.1944,0.636037,0.72526,0.204921,-0.165719
469,0,-0.258247,-0.2975,1.10421,-0.111996,-0.0786285,1.64347,0.843687,0.535517,0.0376004,0.127297,-0.131524,-0.983106,-0.521525,0.83422,-0.179135,97.62,7.31342,31.7223,0.619077,0.733885,0.22579,-0.16485
476,0,-0.256971,-0.296554,1.09876,-0.111996,-0.0786285,1.64347,0.824967,0.563661,0.0414172,0.155077,-0.155281,-0.975622,-0.543489,0.811279,-0.215512,99.0434,8.92125,33.3769,0.602946,0.740905,0.24252,-0.169412
483,0,-0.255993,-0.293874,1.09205,-0.111996,-0.0786285,1.64347,0.77332,0.630601,0.065721,0.184359,-0.124475,-0.974945,-0.606621,0.76606,-0.212516,97.2758,10.6238,38.112,0.599235,0.726345,0.2805,-0.186172
491,0,-0.25539,-0.291823,1.08729,-0.111996,-0.0786285,1.64347,0.733193,0.675726,0.0763078,0.199697,-0.106685,-0.974033,-0.650038,0.729392,-0.213161,96.2506,11.5192,41.5598,0.594421,0.716421,0.305485,-0.200207
498,0,-0.25214,-0.287162,1.07357,-0.111996,-0.0786285,1.64347,0.669041,0.739094,0.0782563,0.205366,-0.0826467,-0.975189,-0.714289,0.668512,-0.207079,94.8442,11.8509,46.8735,0.587221,0.69978,0.337414,-0.227226
506,0,-0.252026,-0.28563,1.07003,-0.111996,-0.0786285,1.64347,0.613596,0.780881,0.117155,0.215003,-0.0224621,-0.976355,-0.759786,0.624276,-0.181675,91.3179,12.4157,51.076,0.593603,0.674117,0.369329,-0.238323
513,0,-0.251704,-0.282219,1.06259,-0.111996,-0.0786285,1.64347,0.593565,0.8046,-0.0172973,0.117829,-0.108145,-0.987128,-0.796114,0.583886,-0.158996,96.2521,6.7668,53.2926,0.575852,0.682038,0.338115,-0.298154
520,0,-0.251233,-0.281285,1.05938,-0.111996,-0.0786285,1.64347,0.575925,0.817403,-0.0127642,0.12619,-0.104316,-0.986506,-0.807705,0.566543,-0.163226,96.0362,7.24949,54.5096,0.571923,0.678872,0.347486,-0.302144
528,0,-0.249732,-0.279786,1.05317,-0.111996,-0.0786285,1.64347,0.573285,0.819323,0.00738873,0.154773,-0.0994313,-0.982934,-0.804606,0.564644,-0.183812,95.7763,8.90363,54.53,0.5679,0.681272,0.357455,-0.292547
535,0,-0.247751,-0.278176,1.04413,-0.111996,-0.0786285,1.64347,0.565205,0.8247,0.0203257,0.197003,-0.111008,-0.974098,-0.801082,0.55457,-0.225211,96.5014,11.3618,54.795,0.554298,0.689461,0.370472,-0.283104
543,0,-0.24503,-0.275423,1.03493,-0.111996,-0.0786285,1.64347,0.534911,0.844482,0.0268474,0.19448,-0.0921407,-0.976569,-0.822221,0.527599,-0.213522,95.39,11.2143,56.9532,0.554357,0.678339,0.382907,-0.293133
550,0,-0.241454,-0.27143,1.02069,-0.111996,-0.0786285,1.64347,0.458411,0.888295,0.0281271,0.210328,-0.0776836,-0.97454,-0.863494,0.452656,-0.222445,94.5576,12.1416,62.0371,0.538118,0.66305,0.414231,-0.314971
558,0,-0.239059,-0.269062,1.01092,-0.111996,-0.0786285,1.64347,0.432283,0.901625,0.0143158,0.219015,-0.0895793,-0.971601,-0.874737,0.423142,-0.236192,95.2676,12.6512,63.7021,0.525954,0.662958,0.42259,-0.324463
565,0,-0.236564,-0.266192,1.00188,-0.111996,-0.0786285,1.64347,0.438922,0.898525,-0.000878649,0.21459,-0.105775,-0.97096,-0.872524,0.425987,-0.239241,96.2172,12.3915,63.2954,0.52295,0.667821,0.416697,-0.32696
573,0,-0.232859,-0.263102,0.987646,-0.111996,-0.0786285,1.64347,0.481029,0.876651,0.00966361,0.23251,-0.116938,-0.965538,-0.845311,0.466699,-0.260081,96.9055,13.4449,60.3577,0.52536,0.681551,0.406852,-0.306524
580,0,-0.232404,-0.263268,0.988545,-0.111996,-0.0786285,1.64347,0.478618,0.877209,0.0378122,0.24133,-0.0900227,-0.966259,-0.844206,0.471594,-0.254784,95.3227,13.9651,60.4492,0.532403,0.675171,0.414169,-0.298589
587,0,-0.23098,-0.262544,0.984708,-0.111996,-0.0786285,1.64347,0.472484,0.88054,0.0375299,0.249798,-0.0929581,-0.963826,-0.845198,0.464767,-0.263878,95.509,14.4655,60.7938,0.528121,0.676262,0.417862,-0.298578
595,0,-0.230122,-0.261719,0.982059,-0.111996,-0.0786285,1.64347,0.485512,0.873513,0.0353979,0.238986,-0.0936662,-0.966495,-0.84093,0.477705,-0.254233,95.5354,13.8267,60,0.533295,0.677018,0.410809,-0.297456
603,0,-0.2289,-0.261257,0.977051,-0.111996,-0.0786285,1.64347,0.495674,0.867287,0.0460547,0.246624,-0.0897102,-0.96495,-0.832757,0.489659,-0.258361,95.3114,14.2778,59.238,0.535631,0.678923,0.410176,-0.289688
610,0,-0.226882,-0.258805,0.969465,-0.111996,-0.0786285,1.64347,0.511913,0.858411,0.0328011,0.233093,-0.102051,-0.967085,-0.826809,0.502709,-0.252331,96.0238,13.4792,58.2366,0.537943,0.683062,0.399489,-0.290606
617,0,-0.223797,-0.255787,0.955451,-0.111996,-0.0786285,1.64347,0.581585,0.812443,0.0411758,0.219402,-0.107915,-0.969648,-0.78334,0.572966,-0.241013,96.3505,12.6739,53.4083,0.555125,0.694714,0.37132,-0.267075
624,0,-0.220112,-0.252331,0.940288,-0.111996,-0.0786285,1.64347,0.658227,0.751818,0.0388213,0.198611,-0.123683,-0.972243,-0.726148,0.647667,-0.230731,97.2499,11.4557,47.8088,0.570923,0.709338,0.33497,-0.242242
632,0,-0.218477,-0.24986,0.930796,-0.111996,-0.0786285,1.64347,0.699977,0.714072,0.0115715,0.172806,-0.153629,-0.972901,-0.692944,0.683007,-0.230933,98.9734,9.95101,44.7107,0.573458,0.721897,0.307135,-0.235966
639,0,-0.217257,-0.248384,0.924893,-0.111996,-0.0786285,1.64347,0.732835,0.680389,-0.00474395,0.154479,-0.173169,-0.972702,-0.662637,0.712098,-0.23201,100.095,8.88658,42.1202,0.57612,0.731098,0.285485,-0.228212
647,0,-0.216189,-0.246167,0.920453,-0.111996,-0.0786285,1.64347,0.769466,0.636854,-0.0483683,0.108768,-0.205287,-0.972639,-0.629358,0.743152,-0.227231,101.918,6.24429,39.2803,0.578132,0.741954,0.251236,-0.228359
654,0,-0.215313,-0.245404,0.916416,-0.111996,-0.0786285,1.64347,0.773811,0.631374,-0.0508318,0.10899,-0.211771,-0.971223,-0.62397,0.746002,-0.232685,102.301,6.25712,38.8813,0.576488,0.744692,0.248547,-0.226537
661,0,-0.213553,-0.243706,0.905648,-0.111996,-0.0786285,1.64347,0.802299,0.59669,-0.0166445,0.128548,-0.199939,-0.971339,-0.582916,0.777165,-0.237114,101.631,7.3857,36.0005,0.584219,0.748223,0.24232,-0.200328
669,0,-0.212899,-0.243187,0.899078,-0.111996,-0.0786285,1.64347,0.798996,0.600075,0.0389221,0.172115,-0.166192,-0.970957,-0.576178,0.78249,-0.236069,99.7128,9.91082,35.7964,0.590918,0.741832,0.260231,-0.181057
676,0,-0.211569,-0.242089,0.892176,-0.111996,-0.0786285,1.64347,0.810715,0.584157,0.0387569,0.174893,-0.178481,-0.968275,-0.558707,0.791773,-0.246862,100.444,10.0724,34.5728,0.588509,0.747673,0.253804,-0.173856
684,0,-0.207972,-0.239864,0.879914,-0.111996,-0.0786285,1.64347,0.83631,0.547638,0.0260395,0.166017,-0.207691,-0.964003,-0.522517,0.810529,-0.264612,102.158,9.55633,31.9967,0.583954,0.759706,0.234846,-0.163378
691,0,-0.204714,-0.238209,0.868891,-0.111996,-0.0786285,1.64347,0.899105,0.437563,-0.0121852,0.127554,-0.288525,-0.948938,-0.418736,0.851641,-0.315227,106.912,7.32829,24.9726,0.569068,0.791021,0.178604,-0.136191
699,0,-0.202671,-0.23499,0.860613,-0.111996,-0.0786285,1.64347,0.938785,0.343021,-0.031936,0.0718051,-0.285494,-0.955687,-0.336938,0.894891,-0.292648,106.633,4.11767,19.7435,0.583233,0.793241,0.130738,-0.116255
706,0,-0.201451,-0.233866,0.855444,-0.111996,-0.0786285,1.64347,0.944413,0.32401,-0.0556878,0.0429614,-0.289565,-0.956194,-0.325941,0.90065,-0.287389,106.848,2.46227,19.0409,0.584692,0.793941,0.115554,-0.120169
714,0,-0.199128,-0.230826,0.846128,-0.111996,-0.0786285,1.64347,0.973719,0.220793,-0.0558799,0.00485933,-0.265436,-0.964116,-0.227703,0.938506,-0.259533,105.393,0.27842,13.162,0.60182,0.790362,0.0713762,-0.0897002
721,0,-0.19511,-0.225761,0.830706,-0.111996,-0.0786285,1.64347,0.987163,0.153602,-0.0437647,-0.00658709,-0.234629,-0.972063,-0.159579,0.959873,-0.230605,103.57,-0.377415,9.18267,0.616832,0.783007,0.0469392,-0.0649241
728,0,-0.193175,-0.224752,0.82256,-0.111996,-0.0786285,1.64347,0.991505,0.121748,-0.0457814,-0.0147491,-0.244468,-0.969545,-0.129232,0.961984,-0.240595,104.152,-0.845094,7.42602,0.613686,0.786856,0.0339956,-0.0556053
736,0,-0.192382,-0.223802,0.819933,-0.111996,-0.0786285,1.64347,0.994968,0.0821863,-0.0573052,-0.0354409,-0.246276,-0.968552,-0.0937146,0.965709,-0.242124,104.266,-2.03104,5.38073,0.613712,0.787935,0.0148316,-0.0479163
743,0,-0.192336,-0.223887,0.817716,-0.111996,-0.0786285,1.64347,0.99681,0.0630218,-0.0489661,-0.031451,-0.253696,-0.966772,-0.0733503,0.965229,-0.250905,104.704,-1.8023,4.20852,0.61078,0.790793,0.00998076,-0.0386689
751,0,-0.191935,-0.223566,0.815908,-0.111996,-0.0786285,1.64347,0.998749,0.0276366,-0.0416668,-0.0331317,-0.25831,-0.965494,-0.037446,0.965667,-0.257071,104.978,-1.89865,2.14718,0.608968,0.792801,-0.00173279,-0.0249472
759,0,-0.191734,-0.22238,0.812972,-0.111996,-0.0786285,1.64347,0.99916,0.00164107,-0.0409541,-0.039345,-0.241584,-0.969582,-0.011485,0.970379,-0.241316,103.991,-2.25488,0.658566,0.615683,0.787728,-0.011966,-0.0166425
767,0,-0.191451,-0.224139,0.813098,-0.111996,-0.0786285,1.64347,0.999483,0.0137661,-0.0290497,-0.023931,-0.284744,-0.958305,-0.0214639,0.958505,-0.284267,106.548,-1.37128,1.23024,0.598012,0.801326,-0.00317127,-0.0157594
774,0,-0.192153,-0.223531,0.816813,-0.111996,-0.0786285,1.64347,0.997671,-0.0539394,-0.0417445,-0.0536371,-0.242392,-0.968695,0.0421322,0.968678,-0.24472,104.048,-3.07465,-2.4182,0.614524,0.78816,-0.0341227,0.000122984
782,0,-0.192394,-0.223717,0.816911,-0.111996,-0.0786285,1.64347,0.995081,-0.0903092,-0.0407211,-0.0617326,-0.243791,-0.967861,0.0774793,0.965614,-0.248167,104.138,-3.53927,-4.4522,0.613009,0.788517,-0.048205,0.0116542
789,0,-0.192344,-0.223688,0.817321,-0.111996,-0.0786285,1.64347,0.989616,-0.137966,-0.0403087,-0.0727708,-0.239084,-0.968268,0.123951,0.961147,-0.246642,103.87,-4.17315,-7.13921,0.613166,0.786661,-0.066972,0.0265814
797,0,-0.192164,-0.222629,0.814261,-0.111996,-0.0786285,1.64347,0.988207,-0.150454,-0.0284682,-0.0629603,-0.229767,-0.971207,0.139581,0.961546,-0.23653,103.31,-3.60975,-8.03965,0.616829,0.783343,-0.0681101,0.0354611
805,0,-0.191303,-0.223323,0.814499,-0.111996,-0.0786285,1.64347,0.987648,-0.154196,-0.0278221,-0.0656216,-0.245821,-0.967092,0.142283,0.956972,-0.252903,104.262,-3.76255,-8.19775,0.610108,0.788412,-0.0697028,0.0362947
812,0,-0.192001,-0.223574,0.81625,-0.111996,-0.0786285,1.64347,0.987887,-0.148523,-0.0449494,-0.081003,-0.246507,-0.96575,0.132356,0.957693,-0.255552,104.319,-4.64622,-7.63097,0.609473,0.788978,-0.0727289,0.027696
819,0,-0.193298,-0.223717,0.817739,-0.111996,-0.0786285,1.64347,0.996585,-0.064945,-0.0509911,-0.0657798,-0.251181,-0.965702,0.0499096,0.965759,-0.254595,104.58,-3.77163,-2.86701,0.610493,0.790943,-0.0413193,-0.000341848
827,0,-0.192878,-0.223331,0.815913,-0.111996,-0.0786285,1.64347,0.998895,-0.000545814,-0.0469945,-0.0455894,-0.254197,-0.966077,-0.0114185,0.967152,-0.253941,104.742,-2.61299,0.65493,0.610483,0.791681,-0.0145688,-0.0184459
834,0,-0.193286,-0.222889,0.815126,-0.111996,-0.0786285,1.64347,0.996597,0.0678878,-0.0467566,-0.0289009,-0.243448,-0.969483,-0.0771989,0.967535,-0.240657,104.096,-1.65613,4.42943,0.614917,0.787512,0.0123766,-0.0393503
841,0,-0.193583,-0.222638,0.81485,-0.111996,-0.0786285,1.64347,0.993643,0.0957028,-0.059277,-0.0335915,-0.250508,-0.967531,-0.107445,0.963372,-0.245701,104.516,-1.92501,6.17154,0.611848,0.788963,0.0196813,-0.0528294
849,0,-0.193502,-0.221613,0.812757,-0.111996,-0.0786285,1.64347,0.988385,0.137781,-0.0641281,-0.0294752,-0.240162,-0.970285,-0.149088,0.960905,-0.233311,103.902,-1.68905,8.57784,0.615409,0.784515,0.0345136,-0.0679452
856,0,-0.193203,-0.221737,0.813046,-0.111996,-0.0786285,1.64347,0.987118,0.150921,-0.0531113,-0.015687,-0.239062,-0.970878,-0.159223,0.959204,-0.233615,103.833,-0.898836,9.16294,0.615313,0.784187,0.043113,-0.0676925
863,0,-0.193369,-0.221815,0.81239,-0.111996,-0.0786285,1.64347,0.987065,0.154808,-0.0416809,-0.00366771,-0.238111,-0.971231,-0.160279,0.958821,-0.234463,103.775,-0.210145,9.22317,0.615323,0.784162,0.0481854,-0.0643873
871,0,-0.193612,-0.222203,0.813845,-0.111996,-0.0786285,1.64347,0.985189,0.166144,-0.0424095,-0.000998543,-0.241764,-0.970334,-0.171468,0.956005,-0.238018,103.991,-0.0572123,9.8732,0.613475,0.785011,0.0525933,-0.0681129
878,0,-0.194176,-0.222548,0.814996,-0.111996,-0.0786285,1.64347,0.983922,0.17178,-0.0488713,-0.00532794,-0.245286,-0.969436,-0.178517,0.95411,-0.240427,104.199,-0.30527,10.2836,0.612007,0.785754,0.0529594,-0.0723473
886,0,-0.193117,-0.223248,0.815534,-0.111996,-0.0786285,1.64347,0.987238,0.155109,-0.0360773,0.00439093,-0.252972,-0.967464,-0.159189,0.954959,-0.250425,104.654,0.251582,9.15993,0.609065,0.789087,0.0505332,-0.0618647
893,0,-0.194539,-0.223559,0.816056,-0.111996,-0.0786285,1.64347,0.98791,0.152125,-0.0298614,0.0102738,-0.256438,-0.966506,-0.154688,0.954514,-0.254901,104.86,0.588653,8.89915,0.607571,0.790451,0.0513628,-0.0583683
900,0,-0.192935,-0.221327,0.811309,-0.111996,-0.0786285,1.64347,0.996606,0.0798022,-0.0202252,-0.00129071,-0.230498,-0.973072,-0.0823152,0.969795,-0.229613,103.326,-0.0739525,4.72166,0.619777,0.783696,0.0250453,-0.0327105
908,0,-0.193038,-0.221158,0.811208,-0.111996,-0.0786285,1.64347,0.997793,0.0538581,-0.0388336,-0.025341,-0.2317,-0.972457,-0.0613724,0.971295,-0.229824,103.402,-1.45209,3.51972,0.619732,0.78411,0.00909218,-0.0319489
916,0,-0.194725,-0.22271,0.814614,-0.111996,-0.0786285,1.64347,0.997972,0.0141489,-0.0620552,-0.0565973,-0.248745,-0.966914,-0.0291167,0.968466,-0.24744,104.427,-3.24452,1.67118,0.612737,0.789645,-0.0134391,-0.0288649
923,0,-0.195704,-0.224179,0.816703,-0.111996,-0.0786285,1.64347,0.998081,-0.00153071,-0.0619065,-0.0601353,-0.262584,-0.963033,-0.0147815,0.964908,-0.262172,105.252,-3.44758,0.848487,0.606903,0.794172,-0.0194121,-0.0241409
931,0,-0.193135,-0.221285,0.808175,-0.111996,-0.0786285,1.64347,0.996096,0.0340733,-0.0814329,-0.070121,-0.254956,-0.964407,-0.0536224,0.966352,-0.251572,104.808,-4.02094,3.0814,0.610239,0.790984,-0.0113933,-0.0426858
939,0,-0.187084,-0.216732,0.784312,-0.111996,-0.0786285,1.64347,0.994371,-0.0154929,-0.104811,-0.105185,-0.262979,-0.959051,-0.0127046,0.964677,-0.263129,105.334,-6.03784,0.732003,0.60586,0.793801,-0.0380064,-0.0370104
946,0,-0.184655,-0.21503,0.776051,-0.111996,-0.0786285,1.64347,0.998972,-0.00450426,-0.0450968,-0.0447192,-0.259595,-0.964682,-0.00736172,0.965707,-0.25953,105.061,-2.56308,0.422222,0.608245,0.793426,-0.0155098,-0.0165291
954,0,-0.183247,-0.213189,0.771742,-0.111996,-0.0786285,1.64347,0.99844,0.0507903,-0.0231896,-0.0101958,-0.242493,-0.9701,-0.0548949,0.968823,-0.241596