114,0,-0.33683,-0.398695,1.45667,-nan,-nan,-nan,0.803088,0.59163,0.0708761,0.247288,-0.222703,-0.943002,-0.542124,0.77484,-0.325153,103.288,14.3171,34.0213,0.560186,0.766639,0.27357,-0.153673
123,0,-0.336621,-0.406505,1.45821,-nan,-nan,-nan,0.781963,0.619229,0.0713359,0.237362,-0.189993,-0.952661,-0.576362,0.761878,-0.295548,101.279,13.7309,36.3928,0.569303,0.752912,0.284426,-0.167691
132,0,-0.337467,-0.405936,1.46088,-nan,-nan,-nan,0.760788,0.641944,0.0954407,0.253209,-0.158192,-0.95439,-0.597567,0.750255,-0.282897,99.4113,14.6675,38.1481,0.574391,0.741936,0.301627,-0.169195
140,0,-0.337633,-0.407015,1.46195,-nan,-nan,-nan,0.73527,0.672757,0.0823169,0.241959,-0.147093,-0.959072,-0.633114,0.725094,-0.270933,98.7195,14.0022,40.7306,0.573856,0.733706,0.311677,-0.187677
148,0,-0.336826,-0.406773,1.45762,-nan,-nan,-nan,0.715444,0.694686,0.0745051,0.237393,-0.141413,-0.961065,-0.657103,0.705276,-0.266087,98.3705,13.7327,42.5661,0.571827,0.728516,0.319855,-0.199926
157,0,-0.335235,-0.405662,1.44918,-nan,-nan,-nan,0.682532,0.725264,0.0902381,0.257931,-0.123509,-0.958236,-0.683829,0.677302,-0.271367,97.3445,14.9473,45.0544,0.567375,0.720661,0.341074,-0.205919
165,0,-0.335241,-0.404408,1.44471,-nan,-nan,-nan,0.595596,0.792836,0.129135,0.309875,-0.0784527,-0.947535,-0.741109,0.604364,-0.292406,94.7331,18.0517,51.2127,0.553339,0.701152,0.393178,-0.218203
173,0,-0.335363,-0.403641,1.44253,-nan,-nan,-nan,0.563687,0.812795,0.14704,0.317716,-0.0490382,-0.946917,-0.762439,0.580482,-0.28588,92.9645,18.5249,53.5237,0.554249,0.68895,0.41023,-0.223311
182,0,-0.334429,-0.402325,1.43717,-nan,-nan,-nan,0.532576,0.831364,0.158733,0.32269,-0.026069,-0.946146,-0.782454,0.555116,-0.282157,91.5783,18.8257,55.7589,0.553252,0.678381,0.425297,-0.229857
190,0,-0.333113,-0.40062,1.4308,-nan,-nan,-nan,0.511631,0.844141,0.160185,0.309085,-0.00687058,-0.951009,-0.801686,0.536077,-0.264427,90.4139,18.0041,57.4542,0.556851,0.667632,0.431835,-0.240215
198,0,-0.33183,-0.397952,1.42355,-nan,-nan,-nan,0.477414,0.862905,0.165742,0.28006,0.0293549,-0.959534,-0.832852,0.504512,-0.227651,88.2477,16.2638,60.1775,0.565491,0.647246,0.441472,-0.257672
206,0,-0.330544,-0.396597,1.41895,-nan,-nan,-nan,0.510449,0.842108,0.174059,0.277196,0.0304707,-0.96033,-0.814005,0.538448,-0.217875,88.1827,16.0929,57.9089,0.575118,0.651509,0.429505,-0.245563
214,0,-0.327446,-0.393949,1.40987,-nan,-nan,-nan,0.548171,0.815518,0.185578,0.27385,0.0346417,-0.961148,-0.790262,0.577695,-0.20434,87.9358,15.8935,55.2526,0.587042,0.655338,0.415575,-0.230677
222,0,-0.324567,-0.390606,1.39754,-nan,-nan,-nan,0.540375,0.826923,0.155538,0.257948,0.0131475,-0.966069,-0.80091,0.562161,-0.206199,89.2203,14.9484,55.9924,0.580371,0.658298,0.411999,-0.245091
231,0,-0.322325,-0.387932,1.38642,-nan,-nan,-nan,0.546612,0.82343,0.152247,0.266949,0.000977153,-0.96371,-0.793696,0.567418,-0.21928,89.9419,15.4828,55.4451,0.576262,0.66425,0.410379,-0.241418
239,0,-0.319975,-0.384817,1.37629,-nan,-nan,-nan,0.596952,0.786725,0.1572,0.27035,-0.0127786,-0.962677,-0.755354,0.617171,-0.220319,90.7605,15.6851,51.6809,0.583921,0.676397,0.390701,-0.221081
247,0,-0.318318,-0.383194,1.36962,-nan,-nan,-nan,0.641131,0.749969,0.162781,0.277884,-0.0291508,-0.960172,-0.715354,0.660831,-0.227094,91.739,16.1339,48.1319,0.588406,0.688726,0.373099,-0.200578
256,0,-0.317146,-0.382608,1.36488,-nan,-nan,-nan,0.669886,0.72012,0.180776,0.278252,-0.0177609,-0.960344,-0.688352,0.693622,-0.212273,91.0595,16.1559,45.7789,0.599969,0.689188,0.362155,-0.184121
264,0,-0.315932,-0.381489,1.35981,-nan,-nan,-nan,0.719173,0.668345,0.190015,0.277301,-0.0253267,-0.960449,-0.637099,0.74342,-0.203547,91.5105,16.0992,41.537,0.610389,0.697862,0.338765,-0.160162
272,0,-0.315084,-0.380044,1.35514,-nan,-nan,-nan,0.733142,0.648051,0.206234,0.281556,-0.0131898,-0.959454,-0.619055,0.761482,-0.192132,90.7876,16.3531,40.1773,0.618025,0.696144,0.333842,-0.148253
280,0,-0.31431,-0.379003,1.3509,-nan,-nan,-nan,0.772324,0.599344,0.210482,0.276789,-0.0192763,-0.960737,-0.571755,0.800259,-0.18078,91.1494,16.0687,36.5127,0.62695,0.702207,0.311921,-0.128621
289,0,-0.312489,-0.377286,1.34422,-nan,-nan,-nan,0.792542,0.570312,0.215921,0.280468,-0.0264892,-0.959498,-0.541494,0.821001,-0.180948,91.5814,16.2881,34.3423,0.629505,0.707103,0.300798,-0.115108
297,0,-0.310175,-0.375546,1.33439,-nan,-nan,-nan,0.813685,0.542616,0.208528,0.287684,-0.0641707,-0.955573,-0.505128,0.837526,-0.208317,93.8419,16.7193,31.8316,0.620725,0.722179,0.287428,-0.102675
305,0,-0.307182,-0.373068,1.32404,-nan,-nan,-nan,0.832737,0.515181,0.202825,0.29239,-0.0981121,-0.951253,-0.470168,0.851447,-0.232335,95.8887,17.0011,29.4493,0.61284,0.735388,0.274539,-0.0908849
313,0,-0.305305,-0.370882,1.31652,-nan,-nan,-nan,0.822476,0.532681,0.19946,0.287436,-0.0866356,-0.953874,-0.49083,0.84187,-0.224367,95.1897,16.7045,30.8275,0.61471,0.730322,0.280738,-0.0997403
321,0,-0.304002,-0.369262,1.31061,-nan,-nan,-nan,0.823075,0.531515,0.200099,0.287477,-0.0860515,-0.953914,-0.489801,0.842666,-0.223625,95.1546,16.707,30.7563,0.615101,0.730197,0.280401,-0.0991862
330,0,-0.302568,-0.367348,1.30427,-nan,-nan,-nan,0.832493,0.515147,0.203908,0.291543,-0.0943593,-0.951892,-0.471124,0.851892,-0.228741,95.6611,16.9503,29.5063,0.614287,0.734097,0.274722,-0.0910015
338,0,-0.299511,-0.362637,1.28746,0.00306456,0.109728,0.557041,0.767522,0.606319,0.208057,0.304809,-0.0596719,-0.950542,-0.563917,0.792979,-0.230611,93.5921,17.7467,36.3056,0.607709,0.717252,0.317576,-0.124036
347,0,-0.295729,-0.357802,1.2664,0.00306456,0.109728,0.557041,0.648711,0.74002,0.177611,0.308933,-0.0427774,-0.950121,-0.695511,0.671224,-0.256367,92.5779,17.995,46.994,0.580854,0.697828,0.375792,-0.18554
354,0,-0.294048,-0.356083,1.25928,0.00306456,0.109728,0.557041,0.662395,0.729908,0.168726,0.299005,-0.0510794,-0.952883,-0.686898,0.681635,-0.252081,93.0684,17.3979,46.0404,0.582931,0.700991,0.366949,-0.1848
362,0,-0.292324,-0.353721,1.25001,0.00306456,0.109728,0.557041,0.63656,0.748384,0.186316,0.305873,-0.0232134,-0.951789,-0.707978,0.66286,-0.243687,91.3971,17.8107,48.0406,0.585162,0.68983,0.382071,-0.189055
372,0,-0.290657,-0.35172,1.24169,0.00306456,0.109728,0.557041,0.602184,0.777843,0.179817,0.300641,-0.0122866,-0.953658,-0.739588,0.628338,-0.24125,90.7381,17.4961,50.847,0.580656,0.681124,0.395847,-0.205458
380,0,-0.288929,-0.349394,1.23334,0.00306456,0.109728,0.557041,0.569367,0.795861,0.205977,0.30138,0.031036,-0.952999,-0.764847,0.604683,-0.222185,88.1347,17.5405,53.3353,0.586988,0.663422,0.413477,-0.210601
388,0,-0.287381,-0.347881,1.22617,0.00306456,0.109728,0.557041,0.532063,0.818957,0.214987,0.296545,0.0575881,-0.953281,-0.793076,0.570959,-0.212217,86.5429,17.2502,56.1429,0.586821,0.649363,0.42946,-0.22256
395,0,-0.286177,-0.347644,1.22144,0.00306456,0.109728,0.557041,0.480583,0.853463,0.201595,0.248923,0.0876658,-0.964548,-0.840879,0.513727,-0.170316,84.8068,14.4138,60.2509,0.591171,0.625147,0.440851,-0.255654
403,1,-0.285069,-0.349032,1.2162,0.00306456,0.109728,0.557041,0.459884,0.857073,0.232233,0.288641,0.103043,-0.951876,-0.839758,0.504785,-0.199999,83.8216,16.7766,61.2931,0.583723,0.623867,0.459118,-0.243451
411,1,-0.280825,-0.349925,1.19872,0.00306456,0.109728,0.557041,0.341185,0.920763,0.189179,0.280397,0.0924009,-0.955426,-0.897201,0.379023,-0.226653,84.476,16.2839,69.1793,0.549303,0.607338,0.494436,-0.291445
419,1,-0.273378,-0.354465,1.18572,0.00306456,0.109728,0.557041,0.271605,0.937714,0.216618,0.299811,0.131439,-0.944901,-0.914518,0.321585,-0.245437,82.0807,17.4463,73.459,0.537961,0.588558,0.525659,-0.296445
427,1,-0.272596,-0.354562,1.18263,0.00306456,0.109728,0.557041,0.221105,0.951502,0.213907,0.312319,0.1387,-0.939797,-0.923888,0.274601,-0.266505,81.6046,18.1991,76.5411,0.522805,0.580713,0.544082,-0.305651
437,1,-0.272431,-0.353244,1.17875,0.00306456,0.109728,0.557041,0.182527,0.961829,0.203883,0.317072,0.138704,-0.938204,-0.930671,0.235893,-0.279652,81.5903,18.4859,78.9038,0.510289,0.575212,0.555839,-0.315879
445,1,-0.271147,-0.349515,1.1705,0.00306456,0.109728,0.557041,0.147776,0.96285,0.226011,0.388627,0.153608,-0.908501,-0.909468,0.222089,-0.35149,80.4033,22.8691,80.7709,0.487313,0.580012,0.582521,-0.294587
453,1,-0.268028,-0.34655,1.15914,0.00306456