104,0,-0.335793,-0.390692,1.45625,-0.0932391,-0.354076,2.17379,0.841885,0.538651,0.0329343,0.196204,-0.248663,-0.94851,-0.502726,0.804998,-0.315031,104.69,11.3151,30.8433,0.565286,0.775496,0.236898,-0.151449
112,0,-0.3342,-0.38665,1.45808,-0.0932391,-0.354076,2.17379,0.86351,0.503354,0.031373,0.16165,-0.217314,-0.962624,-0.477723,0.836307,-0.26902,102.721,9.30267,28.9528,0.586766,0.76646,0.216908,-0.145588
119,0,-0.32997,-0.386903,1.46253,-0.0932391,-0.354076,2.17379,0.877768,0.478369,0.026205,0.13918,-0.20228,-0.969387,-0.458424,0.854544,-0.244135,101.787,8.00039,27.5763,0.598196,0.762263,0.202538,-0.141755
126,0,-0.320765,-0.389158,1.47037,-0.0932391,-0.354076,2.17379,0.888942,0.457399,0.0238139,0.129587,-0.201298,-0.97092,-0.439305,0.866178,-0.238215,101.713,7.4457,26.298,0.601961,0.762964,0.192337,-0.136144
133,0,-0.308303,-0.391369,1.48055,-0.0932391,-0.354076,2.17379,0.891083,0.453262,0.0229231,0.126469,-0.199488,-0.971705,-0.435864,0.868768,-0.235084,101.601,7.26562,26.0651,0.60343,0.762505,0.190075,-0.13539
141,0,-0.297341,-0.392121,1.49254,-0.0932391,-0.354076,2.17379,0.88606,0.463076,0.0214107,0.128203,-0.200397,-0.97129,-0.445491,0.863366,-0.236931,101.658,7.36574,26.6922,0.601816,0.762133,0.193955,-0.13911
148,0,-0.290891,-0.389509,1.50486,-0.0932391,-0.354076,2.17379,0.868186,0.495245,0.0313877,0.148951,-0.199738,-0.968462,-0.473357,0.84548,-0.247177,101.653,8.56614,28.6003,0.596085,0.760773,0.211691,-0.145237
154,0,-0.286465,-0.385393,1.51279,-0.0932391,-0.354076,2.17379,0.851411,0.523713,0.0286975,0.156259,-0.201044,-0.967039,-0.500681,0.827832,-0.253006,101.744,8.98984,30.4581,0.59105,0.759187,0.223915,-0.155424
162,0,-0.287111,-0.382269,1.53048,-0.0932391,-0.354076,2.17379,0.836917,0.545745,0.0416216,0.166084,-0.180763,-0.969402,-0.521523,0.818222,-0.241923,100.563,9.56021,31.929,0.594607,0.751599,0.236772,-0.159627
169,0,-0.274289,-0.356013,1.55736,-0.0932391,-0.354076,2.17379,0.788776,0.61216,0.0556164,0.19513,-0.163569,-0.967042,-0.582887,0.773631,-0.24847,99.6004,11.2523,36.4635,0.586672,0.741757,0.272087,-0.17771
177,0,-0.259538,-0.346405,1.56691,-0.0932391,-0.354076,2.17379,0.765437,0.642236,0.0404892,0.167948,-0.138635,-0.975999,-0.621209,0.753865,-0.213978,98.0844,9.66854,39.0619,0.594311,0.727676,0.278346,-0.199512
185,0,-0.249861,-0.337876,1.57889,-0.0932391,-0.354076,2.17379,0.752876,0.657821,0.0211954,0.16563,-0.1582,-0.973416,-0.63698,0.736373,-0.22806,99.231,9.53384,40.2333,0.584512,0.731289,0.281507,-0.210514
192,0,-0.24051,-0.32931,1.58966,-0.0932391,-0.354076,2.17379,0.74656,0.665249,0.00959281,0.157995,-0.163263,-0.97385,-0.646287,0.728552,-0.226991,99.517,9.09052,40.8823,0.582303,0.730892,0.281589,-0.21778
200,0,-0.231543,-0.320944,1.60177,-0.0932391,-0.354076,2.17379,0.711378,0.702697,0.0125886,0.161267,-0.145773,-0.976086,-0.684057,0.696396,-0.217022,98.494,9.28045,43.8783,0.580643,0.7201,0.299946,-0.233116
206,0,-0.222362,-0.312393,1.61241,-0.0932391,-0.354076,2.17379,0.692265,0.721528,0.0128893,0.151175,-0.127533,-0.980246,-0.705631,0.680538,-0.197364,97.4127,8.69505,45.5478,0.584673,0.710134,0.307232,-0.243877
214,0,-0.212421,-0.304632,1.62046,-0.0932391,-0.354076,2.17379,0.683784,0.729612,0.0102851,0.138763,-0.116183,-0.983487,-0.716369,0.673919,-0.180688,96.7374,7.97629,46.3332,0.588836,0.703679,0.308513,-0.250855
221,0,-0.202741,-0.29639,1.62992,-0.0932391,-0.354076,2.17379,0.698183,0.715853,0.00974665,0.135632,-0.118892,-0.9836,-0.702954,0.688054,-0.180101,96.8921,7.79516,45.1951,0.591437,0.706607,0.301258,-0.245259
228,0,-0.193327,-0.28822,1.63986,-0.0932391,-0.354076,2.17379,0.687906,0.725709,0.0114996,0.13822,-0.115433,-0.983652,-0.712517,0.678249,-0.179714,96.6931,7.94484,46.0068,0.590076,0.704104,0.306747,-0.248904
235,0,-0.183904,-0.281703,1.64792,-0.0932391,-0.354076,2.17379,0.685653,0.727769,0.0152424,0.136304,-0.107791,-0.984785,-0.715053,0.677299,-0.173105,96.2465,7.83405,46.2024,0.592612,0.701169,0.308083,-0.249516
242,0,-0.173854,-0.27259,1.66078,-0.0932391,-0.354076,2.17379,0.685529,0.727792,0.019202,0.131668,-0.0979958,-0.986438,-0.71604,0.67876,-0.163006,95.6733,7.56599,46.2471,0.596768,0.697591,0.30801,-0.24973
249,0,-0.163356,-0.263636,1.67153,-0.0932391,-0.354076,2.17379,0.688515,0.725159,0.00959114,0.120678,-0.101519,-0.987487,-0.715111,0.681057,-0.157408,95.8697,6.93122,46.0855,0.597827,0.697754,0.303057,-0.252783
256,0,-0.152131,-0.257596,1.68284,-0.0932391,-0.354076,2.17379,0.661184,0.750218,0.00283077,0.116861,-0.0992638,-0.988175,-0.741066,0.653696,-0.153303,95.7362,6.71099,48.2604,0.593426,0.691692,0.313391,-0.266822
263,0,-0.155,-0.247877,1.73817,-0.0932391,-0.354076,2.17379,0.83819,0.530408,-0.126906,-0.0289266,-0.189129,-0.981526,-0.544611,0.826376,-0.143183,100.907,-1.65761,33.0136,0.613571,0.736631,0.170194,-0.227901
270,0,-0.15553,-0.242629,1.75618,-0.0932391,-0.354076,2.17379,0.832018,0.523841,-0.182583,-0.0708272,-0.226125,-0.97152,-0.550208,0.821254,-0.151038,103.103,-4.0615,33.4764,0.603087,0.743166,0.152393,-0.24651
278,0,-0.15668,-0.235579,1.7798,-0.0932391,-0.354076,2.17379,0.827886,0.521237,-0.207165,-0.104355,-0.219759,-0.969957,-0.551104,0.824632,-0.127541,102.766,-5.99003,33.6508,0.608397,0.737426,0.14133,-0.257066
286,0,-0.155511,-0.230572,1.79861,-0.0932391,-0.354076,2.17379,0.811661,0.527158,-0.251617,-0.137661,-0.245995,-0.959445,-0.567676,0.813383,-0.127096,104.38,-7.91254,34.9689,0.599702,0.739045,0.131757,-0.277146
293,0,-0.14942,-0.23081,1.8211,-0.0932391,-0.354076,2.17379,0.788754,0.545995,-0.282412,-0.131408,-0.299039,-0.94515,-0.600499,0.782602,-0.16412,107.557,-7.55096,37.283,0.575673,0.750319,0.138137,-0.294179
300,0,-0.144995,-0.24207,1.83895,-0.0932391,-0.354076,2.17379,0.741345,0.513101,-0.43259,-0.23204,-0.408857,-0.882606,-0.629734,0.754694,-0.184044,114.855,-13.4172,40.3462,0.535827,0.763912,0.0919808,-0.347659
307,0,-0.144392,-0.244348,1.85585,-0.0932391,-0.354076,2.17379,0.716536,0.529705,-0.453859,-0.265492,-0.394581,-0.87967,-0.645051,0.750811,-0.142099,114.159,-15.3962,41.9946,0.543106,0.750536,0.0880082,-0.366042
315,0,-0.144939,-0.246408,1.86931,-0.0932391,-0.354076,2.17379,0.728455,0.523779,-0.441599,-0.254009,-0.392151,-0.884136,-0.636265,0.756223,-0.15262,113.919,-14.7149,41.1354,0.543986,0.753861,0.0894627,-0.357448
322,0,-0.144128,-0.247756,1.87972,-0.0932391,-0.354076,2.17379,0.73171,0.518704,-0.442206,-0.264382,-0.381993,-0.885542,-0.628254,0.764871,-0.142372,113.334,-15.3302,40.6497,0.549396,0.751012,0.0846601,-0.356339
329,0,-0.139759,-0.249145,1.89187,-0.0932391,-0.354076,2.17379,0.735505,0.513292,-0.442225,-0.269452,-0.377263,-0.886041,-0.621633,0.770846,-0.139171,113.064,-15.6316,40.2037,0.552058,0.750323,0.0812451,-0.354466
336,0,-0.115175,-0.251159,1.90866,-0.0932391,-0.354076,2.17379,0.77156,0.455367,-0.444225,-0.308364,-0.343062,-0.887254,-0.556423,0.821553,-0.124274,111.139,-17.9607,35.7979,0.571013,0.748147,0.0491225,-0.334375
343,0,-0.0983772,-0.249069,1.92072,-0.0932391,-0.354076,2.17379,0.782583,0.433509,-0.446804,-0.318611,-0.337689,-0.885694,-0.534837,0.835486,-0.126149,110.87,-18.579,34.3497,0.574183,0.749403,0.0383297,-0.327474
350,0,-0.0856137,-0.238798,1.92782,-0.0932391,-0.354076,2.17379,0.828169,0.341013,-0.444799,-0.349148,-0.306916,-0.88538,-0.438442,0.888545,-0.135115,109.119,-20.4352,27.8972,0.588672,0.753359,-0.00269958,-0.293101
358,0,-0.0736774,-0.254014,1.95885,-0.0932391,-0.354076,2.17379,0.806048,0.388703,-0.446314,-0.334522,-0.322878,-0.88535,-0.488243,0.862937,-0.130226,110.036,-19.5435,31.2043,0.581581,0.751524,0.0180236,-0.310887
364,0,-0.0649711,-0.243162,1.9679,-0.0932391,-0.354076,2.17379,0.837332,0.317019,-0.445392,-0.360323,-0.292676,-0.885724,-0.411147,0.902131,-0.130838,108.285,-21.12,26.152,0.59452,0.751806,-0.0144001,-0.284827
371,0,-0.0508358,-0.244212,1.98474,-0.0932391,-0.354076,2.17379,0.826259,0.347465,-0.443356,-0.347161,-0.305712,-0.886577,-0.443594,0.886458,-0.131972,109.025,-20.3138,28.23,0.589189,0.75232,0.000100959,-0.294738
378,0,-0.0324088,-0.254963,2.00298,-0.0932391,-0.354076,2.17379,0.785339,0.426252,-0.448945,-0.309243,-0.358121,-0.880976,-0.536294,0.830698,-0.149431,112.122,-18.0136,34.3285,0.565196,0.757115,0.0386365,-0.325327
385,0,-0.0239137,-0.250942,2.01363