105,0,-0.335315,-0.386303,1.45334,-nan,-nan,-nan,0.827313,0.561399,0.0196204,0.1887,-0.244843,-0.951023,-0.529099,0.790496,-0.308497,104.437,10.8769,32.6005,0.564352,0.771468,0.243075,-0.1651
112,0,-0.334697,-0.384603,1.4511,-nan,-nan,-nan,0.815553,0.578001,0.0280743,0.174786,-0.199792,-0.964123,-0.551655,0.791201,-0.263967,101.708,10.0662,34.0751,0.581333,0.75487,0.24931,-0.173401
119,0,-0.334445,-0.383856,1.45128,-nan,-nan,-nan,0.807934,0.588705,0.0258576,0.161722,-0.179323,-0.970407,-0.566646,0.788207,-0.240087,100.47,9.30684,35.044,0.589178,0.746214,0.251411,-0.181177
127,0,-0.334974,-0.384708,1.45372,-nan,-nan,-nan,0.803721,0.5946,0.0219714,0.161293,-0.182179,-0.969946,-0.572727,0.78311,-0.242327,100.638,9.28198,35.4735,0.5872,0.746362,0.253193,-0.18448
135,0,-0.336285,-0.386193,1.45947,-nan,-nan,-nan,0.808922,0.587525,0.0214585,0.158365,-0.182601,-0.970349,-0.566186,0.788335,-0.240753,100.657,9.11201,34.9892,0.588551,0.74704,0.249615,-0.182295
143,0,-0.337984,-0.387921,1.46639,-nan,-nan,-nan,0.806629,0.590745,0.0192536,0.155919,-0.181252,-0.970998,-0.570122,0.786237,-0.238312,100.573,8.97012,35.2525,0.588869,0.746022,0.250215,-0.184602
151,0,-0.339918,-0.390412,1.47573,-nan,-nan,-nan,0.779375,0.626024,0.0258663,0.171642,-0.17362,-0.96974,-0.602589,0.76023,-0.242767,100.151,9.88333,37.7101,0.583735,0.740905,0.269153,-0.194601
158,0,-0.340832,-0.392302,1.48439,-nan,-nan,-nan,0.789474,0.61285,0.0338365,0.176465,-0.173831,-0.968836,-0.587869,0.770842,-0.245382,100.172,10.1639,36.6726,0.585291,0.743083,0.265554,-0.186397
166,0,-0.340658,-0.393221,1.49227,-nan,-nan,-nan,0.82774,0.559882,0.0371167,0.167691,-0.183708,-0.968572,-0.535467,0.80795,-0.24595,100.74,9.65362,32.8989,0.591203,0.751232,0.242127,-0.165844
174,0,-0.3372,-0.395485,1.49686,-nan,-nan,-nan,0.890976,0.45286,0.0328452,0.13747,-0.200107,-0.970082,-0.432739,0.868835,-0.240545,101.655,7.9015,25.9054,0.602147,0.763484,0.193302,-0.130944
182,0,-0.335277,-0.396895,1.50089,-nan,-nan,-nan,0.891022,0.452623,0.0348065,0.144719,-0.210544,-0.966813,-0.430273,0.866489,-0.253103,102.286,8.32104,25.7758,0.597364,0.767246,0.194638,-0.128859
190,0,-0.324309,-0.400885,1.50948,-nan,-nan,-nan,0.819159,0.572019,0.0421157,0.19055,-0.202149,-0.960638,-0.540989,0.794941,-0.274591,101.883,10.9849,33.4416,0.579314,0.757611,0.251636,-0.164621
197,0,-0.309198,-0.40301,1.51538,-nan,-nan,-nan,0.798548,0.601033,0.0328862,0.194503,-0.205946,-0.959038,-0.569641,0.772234,-0.28136,102.12,11.2157,35.502,0.572547,0.755952,0.26309,-0.177509
205,0,-0.298596,-0.404139,1.5202,-nan,-nan,-nan,0.804318,0.593409,0.0306252,0.186017,-0.202511,-0.961451,-0.564331,0.779009,-0.273267,101.894,10.7204,35.0545,0.576312,0.754999,0.258088,-0.176724
212,0,-0.284975,-0.402619,1.53748,-nan,-nan,-nan,0.829056,0.558923,0.0164669,0.171144,-0.225603,-0.959069,-0.532331,0.79794,-0.282694,103.237,9.85433,32.7042,0.574621,0.76442,0.238765,-0.168711
220,0,-0.301071,-0.416334,1.56012,-nan,-nan,-nan,0.73051,0.679797,0.0650467,0.21897,-0.142949,-0.965203,-0.646844,0.719334,-0.253281,98.4244,12.6485,41.5239,0.577555,0.729167,0.308148,-0.199473
229,0,-0.293052,-0.424125,1.57271,-nan,-nan,-nan,0.723119,0.688095,0.0601975,0.219119,-0.145873,-0.964732,-0.655046,0.710807,-0.256258,98.5983,12.6573,42.1722,0.574671,0.728912,0.311153,-0.204019
236,0,-0.283325,-0.426885,1.58695,-nan,-nan,-nan,0.709885,0.703328,0.0373158,0.199781,-0.150272,-0.968249,-0.675389,0.694801,-0.247187,98.8219,11.5241,43.5735,0.572806,0.725835,0.311059,-0.219772
244,0,-0.275013,-0.429226,1.5993,-nan,-nan,-nan,0.700846,0.713155,0.0150083,0.181786,-0.158223,-0.970525,-0.68976,0.682917,-0.240532,99.2594,10.4738,44.5433,0.570546,0.7245,0.308813,-0.232834
251,0,-0.265969,-0.432362,1.6097,-nan,-nan,-nan,0.694853,0.71912,0.00669867,0.183176,-0.167972,-0.968624,-0.695432,0.674279,-0.248442,99.838,10.5548,45.0238,0.565341,0.72651,0.31049,-0.237
259,0,-0.256445,-0.435926,1.62065,-nan,-nan,-nan,0.702715,0.711374,0.0117744,0.196213,-0.177864,-0.964295,-0.683881,0.679935,-0.264568,100.451,11.3156,44.2218,0.561312,0.732316,0.309835,-0.229445
266,0,-0.247405,-0.438794,1.631,-nan,-nan,-nan,0.707937,0.706133,0.0141545,0.198226,-0.179418,-0.963595,-0.677887,0.684971,-0.266991,100.547,11.4333,43.7578,0.561589,0.733884,0.308073,-0.226103
274,0,-0.237869,-0.44087,1.64075,-nan,-nan,-nan,0.718984,0.694753,0.0195019,0.19712,-0.176927,-0.964282,-0.666488,0.697148,-0.264158,100.397,11.3686,42.8301,0.565221,0.734859,0.303417,-0.220106
282,0,-0.22782,-0.443576,1.64995,-nan,-nan,-nan,0.711815,0.70195,0.0242156,0.198995,-0.168487,-0.965408,-0.673588,0.692011,-0.259616,99.8998,11.4782,43.4195,0.566505,0.731423,0.307942,-0.221955
289,0,-0.218761,-0.44764,1.66442,-nan,-nan,-nan,0.721267,0.6923,0.0222659,0.198043,-0.175312,-0.964388,-0.663742,0.699991,-0.263552,100.303,11.4225,42.6217,0.566216,0.734869,0.302891,-0.218228
297,0,-0.20656,-0.456383,1.68629,-nan,-nan,-nan,0.720871,0.692739,0.021381,0.20964,-0.188541,-0.959429,-0.660603,0.696107,-0.281139,101.118,12.1012,42.502,0.559283,0.740026,0.304847,-0.215946
305,0,-0.188796,-0.481311,1.71513,-nan,-nan,-nan,0.722162,0.691168,0.0277412,0.226594,-0.198483,-0.953551,-0.653558,0.694904,-0.299951,101.758,13.0966,42.1451,0.553111,0.745083,0.307939,-0.209982
313,0,-0.16971,-0.496432,1.71629,-nan,-nan,-nan,0.734806,0.676873,0.0436239,0.222589,-0.179887,-0.958173,-0.640714,0.713781,-0.282846,100.633,12.8611,41.0868,0.563931,0.741205,0.303378,-0.201392
320,0,-0.15498,-0.50932,1.72092,-nan,-nan,-nan,0.754907,0.655172,0.0294288,0.203423,-0.191258,-0.960229,-0.623486,0.73087,-0.277659,101.265,11.7372,39.5537,0.567007,0.745624,0.287878,-0.199181
327,0,-0.140165,-0.529446,1.72565,-nan,-nan,-nan,0.766622,0.641691,0.0228624,0.186943,-0.188993,-0.96402,-0.614282,0.743313,-0.264846,101.092,10.7744,38.7047,0.572884,0.74506,0.278043,-0.198447
336,0,-0.126445,-0.542868,1.74692,-nan,-nan,-nan,0.831898,0.554718,0.0152681,0.125162,-0.160755,-0.979026,-0.540629,0.816361,-0.203162,99.3247,7.19009,33.0188,0.605801,0.740914,0.229406,-0.177268
344,0,-0.115448,-0.555136,1.75658,-nan,-nan,-nan,0.844986,0.534303,0.0227789,0.124298,-0.15479,-0.980097,-0.520143,0.831,-0.197208,98.9748,7.14022,31.615,0.61094,0.741111,0.222167,-0.167776
353,0,-0.103857,-0.55965,1.76256,-nan,-nan,-nan,0.859778,0.510432,0.0155188,0.137781,-0.202603,-0.96952,-0.49173,0.83571,-0.244521,101.803,7.91944,29.7664,0.594276,0.759424,0.21339,-0.156767
360,0,-0.115068,-0.562219,1.77432,-nan,-nan,-nan,0.841252,0.540586,-0.00785847,0.0854111,-0.14724,-0.985406,-0.533854,0.828304,-0.170038,98.4983,4.89966,32.399,0.617247,0.734597,0.213041,-0.184357
368,0,-0.116393,-0.563547,1.77984,-nan,-nan,-nan,0.833923,0.55188,-0.000587082,0.0967588,-0.147255,-0.984354,-0.543332,0.820819,-0.176199,98.5081,5.55256,33.0858,0.614506,0.734401,0.220806,-0.185158
376,0,-0.116786,-0.563634,1.784,-nan,-nan,-nan,0.827604,0.561193,0.0115734,0.130223,-0.171906,-0.976468,-0.545997,0.809636,-0.21535,99.9845,7.4825,33.4141,0.600073,0.74412,0.232293,-0.179549
383,0,-0.117152,-0.562707,1.78839,-nan,-nan,-nan,0.822602,0.568321,0.0183748,0.184836,-0.236698,-0.953839,-0.537737,0.788027,-0.299754,103.937,10.6516,33.1728,0.567043,0.767961,0.245181,-0.169072
391,0,-0.117171,-0.565267,1.79657,-nan,-nan,-nan,0.800781,0.598723,0.0167525,0.205,-0.247689,-0.946903,-0.562783,0.761696,-0.321082,104.659,11.8295,35.0993,0.55498,0.769667,0.261062,-0.177359
398,0,-0.117472,-0.566589,1.80217,-nan,-nan,-nan,0.781064,0.624387,0.00889511,0.20417,-0.241888,-0.94858,-0.59013,0.742718,-0.316411,104.306,11.7809,37.0727,0.552894,0.764749,0.270859,-0.190008
405,0,-0.118116,-0.568172,1.80906,-nan,-nan,-nan,0.757697,0.652574,0.00648495,0.202079,-0.225161,-0.953135,-0.620531,0.723498,-0.302476,103.291,11.6586,39.3164,0.554541,0.755866,0.282674,-0.203094
413,0,-0.118854,-0.570486,1.81753,-nan,-nan,-nan,0.756098,0.654414,0.00761927,0.195451,-0.214679,-0.956928,-0.624592,0.725021,-0.290224,102.644,11.2711,39.5592,0.559284,0.751831,0.282598,-0.205157
421,0,-0.119244,-0.572804,1.82492,-nan,-nan,-nan,0.734243,0.678859,0.00611733,0.201977,-0.209834,-0.956648,-0.648145,0.703648,-0.291183,102.372,11.6526,41.4361,0.555254,0.747539,0.294578,-0.214714
428,0,-0.119587,-0.574625,1.82963,-0.382161,