108,0,-0.336077,-0.388736,1.45862,-nan,-nan,-nan,0.811537,0.583795,0.0243306,0.195816,-0.2325,-0.95268,-0.550513,0.777899,-0.302999,103.715,11.2924,34.1513,0.564809,0.766002,0.254442,-0.17173
115,0,-0.336227,-0.387428,1.46106,-nan,-nan,-nan,0.794745,0.606364,0.0265139,0.179842,-0.193542,-0.964468,-0.579687,0.771275,-0.262867,101.347,10.3606,36.107,0.578432,0.750192,0.262001,-0.184344
123,0,-0.333071,-0.387982,1.4648,-nan,-nan,-nan,0.784762,0.619302,0.0247847,0.171379,-0.178389,-0.96892,-0.595633,0.764619,-0.246128,100.432,9.86798,37.1984,0.583147,0.743182,0.265978,-0.192028
130,0,-0.336774,-0.388097,1.46584,-nan,-nan,-nan,0.771143,0.636102,0.0266871,0.174523,-0.17089,-0.96971,-0.612274,0.752443,-0.242795,99.9945,10.0509,38.449,0.58255,0.739058,0.274209,-0.198086
138,0,-0.343258,-0.396851,1.49119,-nan,-nan,-nan,0.585591,0.810366,0.0197724,0.213196,-0.130436,-0.968263,-0.782068,0.571221,-0.249149,97.6722,12.3097,53.1752,0.549091,0.700924,0.365076,-0.27189
146,0,-0.345999,-0.400634,1.50889,-nan,-nan,-nan,0.524802,0.851085,0.0154196,0.206538,-0.109742,-0.972265,-0.825788,0.513431,-0.233374,96.4399,11.9196,57.5634,0.543527,0.683359,0.386921,-0.296465
154,0,-0.34961,-0.395501,1.5215,-nan,-nan,-nan,0.505388,0.862691,0.0186269,0.255143,-0.128779,-0.958289,-0.824309,0.48906,-0.285193,97.6538,14.7821,58.4873,0.522354,0.692705,0.403431,-0.290774
161,1,-0.355217,-0.388109,1.53353,-nan,-nan,-nan,0.473969,0.879656,0.0394858,0.280701,-0.108438,-0.95365,-0.834602,0.463084,-0.298317,96.4872,16.3021,60.4078,0.51653,0.685697,0.423057,-0.289893
168,1,-0.362781,-0.3768,1.54204,-nan,-nan,-nan,0.373007,0.927068,0.0375505,0.197246,-0.0396857,-0.97955,-0.90662,0.372786,-0.197663,92.32,11.3759,67.6365,0.532836,0.634499,0.442993,-0.342424
175,1,-0.375834,-0.363996,1.5465,-nan,-nan,-nan,0.318422,0.947702,0.0216373,0.183942,-0.0393796,-0.982148,-0.929932,0.316717,-0.186862,92.2961,10.5995,71.0981,0.522537,0.621422,0.455264,-0.365409
183,1,-0.390597,-0.348114,1.54501,-nan,-nan,-nan,0.304633,0.95242,0.00970064,0.190396,-0.0509129,-0.980386,-0.933246,0.300505,-0.196847,92.9728,10.9759,71.9221,0.514022,0.622975,0.458612,-0.370619
192,1,-0.399235,-0.333231,1.53859,-nan,-nan,-nan,0.288977,0.956576,0.0381389,0.223586,-0.0287001,-0.974262,-0.930861,0.290066,-0.222171,91.6873,12.9197,72.7536,0.509437,0.620453,0.475524,-0.359706
199,1,-0.400623,-0.331466,1.53586,-nan,-nan,-nan,0.326912,0.943796,0.0487636,0.201091,-0.0190512,-0.979387,-0.923413,0.329979,-0.196017,91.1144,11.6007,70.5047,0.52722,0.620882,0.460992,-0.35218
206,1,-0.400148,-0.331041,1.53485,-nan,-nan,-nan,0.329312,0.941567,0.0707537,0.22992,-0.00728476,-0.973182,-0.915801,0.336748,-0.218884,90.4289,13.2924,70.222,0.525153,0.623594,0.469651,-0.338781
214,1,-0.400133,-0.331537,1.53499,-nan,-nan,-nan,0.363186,0.926733,0.0962395,0.248565,0.00317589,-0.96861,-0.897949,0.375707,-0.2292,89.8121,14.3926,67.9786,0.533189,0.630319,0.466152,-0.317977
222,1,-0.399838,-0.332795,1.53521,-nan,-nan,-nan,0.389991,0.913458,0.116196,0.260397,0.0116336,-0.965432,-0.883233,0.406767,-0.233325,89.3096,15.0936,66.1762,0.54044,0.63476,0.462322,-0.302097
230,1,-0.400032,-0.333053,1.53562,-nan,-nan,-nan,0.418112,0.898511,0.133642,0.267351,0.0188872,-0.963414,-0.868162,0.438545,-0.232321,88.8769,15.5067,64.2842,0.548789,0.63866,0.45637,-0.287524
237,1,-0.401499,-0.333247,1.53431,-nan,-nan,-nan,0.401309,0.909242,0.110589,0.278586,-0.00614792,-0.960392,-0.872549,0.416222,-0.255769,90.3668,16.1758,65.301,0.533712,0.644831,0.460519,-0.295411
245,1,-0.403543,-0.332776,1.53212,-nan,-nan,-nan,0.395863,0.916542,0.0569565,0.271793,-0.0576939,-0.960625,-0.877167,0.395756,-0.271948,93.437,15.771,65.7105,0.51629,0.656792,0.452325,-0.312203
253,1,-0.402132,-0.333333,1.53043,-nan,-nan,-nan,0.416147,0.908372,0.0410235,0.280527,-0.0853398,-0.956045,-0.864943,0.409363,-0.290337,95.1009,16.2917,64.3066,0.510017,0.669295,0.444086,-0.307756
260,1,-0.403269,-0.333056,1.52991,-nan,-nan,-nan,0.447477,0.893857,0.028003,0.292921,-0.116911,-0.948962,-0.844963,0.432841,-0.314145,97.0234,17.0329,62.0951,0.504089,0.685298,0.432943,-0.298031
268,1,-0.403722,-0.331847,1.53162,-nan,-nan,-nan,0.481845,0.876114,0.0157808,0.26628,-0.129244,-0.955192,-0.834817,0.464457,-0.295567,97.7057,15.443,60.007,0.514061,0.690409,0.413666,-0.296577
276,1,-0.403301,-0.332256,1.52998,-nan,-nan,-nan,0.466788,0.884305,0.0106583,0.288837,-0.141052,-0.946931,-0.835872,0.445094,-0.321261,98.4723,16.7883,60.8191,0.501117,0.69446,0.422322,-0.29707
283,1,-0.404226,-0.332948,1.53069,-nan,-nan,-nan,0.480152,0.877175,0.00436006,0.295291,-0.156953,-0.942427,-0.825989,0.453795,-0.334384,99.4554,17.175,59.8303,0.497196,0.702049,0.417516,-0.292583
291,1,-0.40404,-0.332828,1.53004,-nan,-nan,-nan,0.471441,0.881896,0.00195869,0.301759,-0.159225,-0.939994,-0.828665,0.443743,-0.341185,99.6141,17.5633,60.3638,0.492704,0.702113,0.421461,-0.294364
299,1,-0.403401,-0.333002,1.53166,-nan,-nan,-nan,0.460686,0.88743,0.0153951,0.309826,-0.144535,-0.939743,-0.831731,0.437696,-0.341534,98.7437,18.0487,61.0184,0.493613,0.697631,0.429043,-0.292539
306,1,-0.403357,-0.332776,1.532,-nan,-nan,-nan,0.433753,0.9009,0.0153779,0.308261,-0.132337,-0.942052,-0.84666,0.413358,-0.335114,97.9964,17.9545,62.8734,0.491503,0.689421,0.43847,-0.301442
315,1,-0.403074,-0.332865,1.5311,0.151499,-0.0592033,1.58016,0.444104,0.89595,0.0067611,0.309705,-0.146425,-0.939491,-0.840747,0.419325,-0.342508,98.8586,18.0414,62.1558,0.488664,0.695168,0.433584,-0.299922
322,1,-0.399361,-0.331876,1.52728,0.151499,-0.0592033,1.58016,0.480588,0.876787,0.0167329,0.298754,-0.145755,-0.943134,-0.824488,0.458258,-0.331992,98.7852,17.3828,59.7624,0.50071,0.699703,0.420015,-0.288607
330,1,-0.400233,-0.332219,1.52631,0.151499,-0.0592033,1.58016,0.500871,0.865369,0.0162871,0.282097,-0.145428,-0.9483,-0.81826,0.47957,-0.316958,98.7188,16.3854,58.5285,0.50953,0.700581,0.409469,-0.286181
338,1,-0.399525,-0.332302,1.52818,0.151499,-0.0592033,1.58016,0.497998,0.867178,-0.00102859,0.285394,-0.165015,-0.944098,-0.81887,0.469865,-0.329665,99.9143,16.5824,58.694,0.500829,0.705811,0.408244,-0.29041
346,1,-0.401725,-0.331045,1.52725,0.151499,-0.0592033,1.58016,0.512546,0.858624,0.00782456,0.276083,-0.156162,-0.948363,-0.813065,0.48824,-0.317092,99.3507,16.0266,57.7732,0.509728,0.704592,0.402611,-0.285712
353,1,-0.401186,-0.330518,1.52731,0.151499,-0.0592033,1.58016,0.510788,0.859705,-0.00151842,0.261991,-0.157342,-0.952158,-0.818814,0.485953,-0.305604,99.3832,15.1883,58.0435,0.511821,0.702448,0.39921,-0.291955
360,1,-0.401246,-0.331131,1.52667,0.151499,-0.0592033,1.58016,0.485195,0.873285,0.0442479,0.279354,-0.10686,-0.954223,-0.828581,0.475346,-0.295804,96.3897,16.2217,59.6479,0.520224,0.686997,0.419449,-0.285421
368,1,-0.401109,-0.332596,1.52654,0.151499,-0.0592033,1.58016,0.487953,0.87242,0.0280372,0.275282,-0.123328,-0.95342,-0.828325,0.472942,-0.30034,97.3705,15.9788,59.4983,0.515821,0.691307,0.415048,-0.289411
375,1,-0.401272,-0.332787,1.52661,0.151499,-0.0592033,1.58016,0.450906,0.892044,0.0306809,0.285432,-0.11154,-0.951886,-0.845702,0.437969,-0.304912,96.6833,16.5847,61.9346,0.508541,0.683257,0.430832,-0.298212
382,1,-0.4015,-0.331368,1.52663,0.151499,-0.0592033,1.58016,0.409057,0.9124,0.0140771,0.300583,-0.120163,-0.946156,-0.861581,0.391263,-0.323406,97.2379,17.4927,64.6028,0.491296,0.680556,0.445586,-0.311328
390,1,-0.401335,-0.331628,1.52654,0.151499,-0.0592033,1.58016,0.333675,0.942665,0.00661331,0.320066,-0.106689,-0.941369,-0.88669,0.316228,-0.337315,96.466,18.6669,69.3779,0.471612,0.666648,0.473537,-0.330038
398,1,-0.40068,-0.331592,1.52754,0.151499,-0.0592033,1.58016,0.313575,0.94954,-0.00660118,0.316056,-0.110924,-0.942234,-0.895421,0.293375,-0.334891,96.7142,18.4246,70.6998,0.465768,0.66321,0.477072,-0.340021
406,1,-0.399654,-0.331635,1.52849,0.151499,-0.0592033,1.58016,0.318191,0.947754,-0.0227446,0.302243,-0.124154,-0.945111,-0.898557,0.293851,-0.325956,97.4837,17.5924,70.5003,0.465854,0.664887,0.470003,-0.346413
413,1,-0.398822,-0.331505,1.52852,0.151499,-0.0592033,1.58016,0.330177,0.943355,-0.0326172,0.295767,-0.13621,-0.945499,-0.896385,0.302535,-0.323986,98.1977,17.2035,69.7791,0.466364,0.669024,0.463033,-0.347148
421,1,-0.402889,-0.331752,1.52713,