128,0,-0.338537,-0.388187,1.45999,-0.0158074,0.204933,1.17586,0.815798,0.577428,0.0324082,0.201607,-0.231416,-0.951736,-0.542059,0.782958,-0.305202,103.666,11.6309,33.6022,0.565504,0.76688,0.253963,-0.166144
136,0,-0.337915,-0.387853,1.46373,-0.0158074,0.204933,1.17586,0.803498,0.594154,0.037033,0.185712,-0.191071,-0.963848,-0.565598,0.781328,-0.263867,101.213,10.7027,35.1425,0.580638,0.751405,0.259469,-0.175859
144,0,-0.338812,-0.389137,1.46961,-0.0158074,0.204933,1.17586,0.796425,0.60388,0.0321913,0.171907,-0.17504,-0.969437,-0.579789,0.777618,-0.243218,100.235,9.89869,36.0542,0.586977,0.744091,0.260649,-0.183982
152,0,-0.331897,-0.389991,1.47566,-0.0158074,0.204933,1.17586,0.791803,0.609665,0.0368177,0.163718,-0.153782,-0.974447,-0.588425,0.777598,-0.221578,98.9681,9.42275,36.6177,0.595072,0.736064,0.262675,-0.18735
160,0,-0.324325,-0.390374,1.48109,-0.0158074,0.204933,1.17586,0.784525,0.619534,0.0264057,0.155899,-0.155844,-0.975401,-0.600179,0.769344,-0.218849,99.0777,8.96895,37.4168,0.593682,0.734714,0.263856,-0.195237
168,0,-0.323191,-0.376444,1.49085,-0.0158074,0.204933,1.17586,0.775885,0.630719,-0.0140277,0.162888,-0.221761,-0.9614,-0.609484,0.743651,-0.274797,102.989,9.37456,38.1508,0.565537,0.753731,0.263226,-0.206808
176,0,-0.324144,-0.367518,1.49769,-0.0158074,0.204933,1.17586,0.788226,0.615315,-0.00930741,0.173262,-0.236413,-0.95608,-0.590491,0.751995,-0.292957,103.889,9.97752,36.8383,0.560994,0.761183,0.258997,-0.196995
185,0,-0.32527,-0.365018,1.50105,-0.0158074,0.204933,1.17586,0.795951,0.605248,0.0117015,0.168602,-0.203078,-0.964538,-0.581408,0.769697,-0.263686,101.89,9.70656,36.1465,0.576452,0.752116,0.257224,-0.189368
193,0,-0.326701,-0.362459,1.50601,-0.0158074,0.204933,1.17586,0.799255,0.600153,0.031754,0.177538,-0.185298,-0.966512,-0.574171,0.778127,-0.25465,100.853,10.2264,35.6928,0.582946,0.748198,0.259854,-0.181241
202,0,-0.327673,-0.364969,1.50856,-0.0158074,0.204933,1.17586,0.802989,0.594977,0.0347894,0.168532,-0.170688,-0.970805,-0.571669,0.785409,-0.237333,99.9719,9.70247,35.448,0.590544,0.743473,0.256737,-0.180531
210,0,-0.329456,-0.36748,1.51611,-0.0158074,0.204933,1.17586,0.821313,0.569406,0.0349585,0.158518,-0.168923,-0.972798,-0.548012,0.804514,-0.229,99.851,9.12091,33.7127,0.59653,0.744855,0.244317,-0.172199
217,0,-0.332382,-0.365017,1.53269,-0.0158074,0.204933,1.17586,0.77376,0.633429,0.00798904,0.16527,-0.189677,-0.967837,-0.611541,0.750194,-0.251451,101.088,9.51291,38.3211,0.577198,0.744125,0.268335,-0.202772
225,0,-0.346142,-0.365369,1.56815,-0.0158074,0.204933,1.17586,0.922147,0.383889,0.0476758,0.132678,-0.198097,-0.971161,-0.363374,0.901879,-0.233608,101.529,7.62434,21.507,0.610418,0.767114,0.168348,-0.102885
233,0,-0.347689,-0.370745,1.5777,-0.0158074,0.204933,1.17586,0.933492,0.356138,0.0419327,0.111522,-0.177183,-0.977839,-0.340816,0.917481,-0.205117,100.271,6.40308,20.057,0.622734,0.760886,0.153656,-0.0982023
242,0,-0.349994,-0.372534,1.58776,-0.0158074,0.204933,1.17586,0.938158,0.344428,0.0350555,0.101217,-0.176039,-0.979166,-0.33108,0.92216,-0.200015,100.192,5.80928,19.4382,0.624921,0.760627,0.146473,-0.0972964
249,0,-0.352883,-0.376168,1.60294,-0.0158074,0.204933,1.17586,0.940457,0.3389,0.0262192,0.105087,-0.216528,-0.970604,-0.32326,0.915567,-0.239249,102.576,6.03217,18.9692,0.609237,0.773989,0.143409,-0.0959449
258,0,-0.356422,-0.379444,1.61611,-0.0158074,0.204933,1.17586,0.943172,0.331137,0.0278357,0.107251,-0.224055,-0.968657,-0.314521,0.916596,-0.246837,103.024,6.15686,18.4421,0.606688,0.776863,0.141076,-0.0922575
270,0,-0.358114,-0.381492,1.62527,-0.0158074,0.204933,1.17586,0.946682,0.321479,0.0210893,0.0971344,-0.222399,-0.970105,-0.307178,0.920429,-0.241767,102.912,5.57418,17.9772,0.608793,0.776345,0.134803,-0.0921269
282,0,-0.360142,-0.383231,1.63433,-0.0158074,0.204933,1.17586,0.945986,0.323344,0.0236444,0.0963673,-0.210802,-0.972767,-0.309554,0.922503,-0.230576,102.227,5.53002,18.1196,0.613312,0.772555,0.135819,-0.0925208
291,0,-0.365814,-0.386839,1.66389,-0.0158074,0.204933,1.17586,0.980777,0.193981,-0.0211814,0.014931,-0.182832,-0.983031,-0.194562,0.963817,-0.182214,100.536,0.855514,11.2204,0.635557,0.765804,0.0682001,-0.0704303
302,1,-0.369158,-0.389007,1.67662,-0.0158074,0.204933,1.17586,0.984361,0.171978,-0.0381721,-0.0073996,-0.17613,-0.984339,-0.176008,0.969228,-0.172103,100.145,-0.42397,10.1376,0.639556,0.763642,0.0538793,-0.0701179
313,1,-0.373394,-0.392544,1.69148,-0.0158074,0.204933,1.17586,0.982879,0.172163,-0.0656389,-0.0368791,-0.165215,-0.985568,-0.180523,0.971115,-0.156037,99.5163,-2.11349,10.4074,0.644521,0.758968,0.0445618,-0.0810843
324,0,-0.383611,-0.395031,1.71072,-0.0158074,0.204933,1.17586,0.981406,0.179548,-0.0678657,-0.0426063,-0.140975,-0.989096,-0.187157,0.973596,-0.130703,98.1117,-2.4419,10.7969,0.653783,0.750514,0.045616,-0.0849495
333,0,-0.396731,-0.392534,1.72194,-0.0158074,0.204933,1.17586,0.973524,0.216828,-0.0723583,-0.0254673,-0.211694,-0.977004,-0.22716,0.95298,-0.200567,102.226,-1.45933,13.1343,0.624753,0.772299,0.0619452,-0.0969567
343,0,-0.411624,-0.383734,1.7227,-0.0158074,0.204933,1.17586,0.979747,0.198929,-0.0228842,0.00653777,-0.146001,-0.989263,-0.200135,0.969077,-0.144344,98.3954,0.374589,11.5451,0.649885,0.753341,0.0681853,-0.0740099
352,0,-0.425855,-0.382052,1.72539,-0.0158074,0.204933,1.17586,0.977276,0.210344,-0.0262174,-0.00657078,-0.0935627,-0.995592,-0.21187,0.97314,-0.0900545,95.3687,-0.37648,12.2322,0.669638,0.734999,0.0693108,-0.0809822
361,0,-0.449713,-0.379333,1.72186,-0.0158074,0.204933,1.17586,0.958089,0.28452,0.033365,0.0612149,-0.0895587,-0.994099,-0.279853,0.954478,-0.103222,95.1479,3.50955,16.2828,0.664325,0.733292,0.117871,-0.0840347
370,0,-0.463352,-0.384191,1.71913,-0.0158074,0.204933,1.17586,0.942633,0.328613,0.0587907,0.0889784,-0.0775817,-0.993008,-0.321754,0.941273,-0.102371,94.4673,5.10484,18.8466,0.66383,0.728455,0.143314,-0.090247
378,0,-0.463876,-0.386954,1.71827,-0.0158074,0.204933,1.17586,0.950604,0.30271,0.0686978,0.096074,-0.0764769,-0.992432,-0.295165,0.950009,-0.101782,94.4065,5.51314,17.2497,0.665647,0.729531,0.136658,-0.0776072
386,0,-0.462228,-0.391975,1.71175,-0.0158074,0.204933,1.17586,0.951545,0.300738,0.0641757,0.0940066,-0.0857811,-0.991869,-0.292787,0.949841,-0.109896,94.9429,5.39415,17.103,0.662546,0.73267,0.134694,-0.0780063
395,0,-0.461552,-0.396816,1.7144,-0.0158074,0.204933,1.17586,0.934623,0.352399,0.0479024,0.0953206,-0.118455,-0.988374,-0.342628,0.928323,-0.144301,96.8342,5.46977,20.1327,0.646503,0.741178,0.151016,-0.0994111
403,1,-0.460273,-0.40245,1.71325,-0.0158074,0.204933,1.17586,0.961329,0.274241,0.0252693,0.0914649,-0.231377,-0.968555,-0.259771,0.933411,-0.247513,103.436,5.24789,15.1214,0.608777,0.78106,0.117054,-0.0750587
411,0,-0.461139,-0.402244,1.7139,-0.0158074,0.204933,1.17586,0.935651,0.348366,0.056551,0.157201,-0.267913,-0.950532,-0.315982,0.898256,-0.305436,105.741,9.04447,18.6605,0.583588,0.791991,0.159587,-0.0818921
418,0,-0.460928,-0.402932,1.7162,-0.0158074,0.204933,1.17586,0.907392,0.417295,0.0500414,0.189723,-0.300453,-0.934737,-0.375025,0.857667,-0.351799,107.819,10.9366,22.4553,0.560165,0.799945,0.189706,-0.101565
426,0,-0.45972,-0.402805,1.71517,-0.0158074,0.204933,1.17586,0.87169,0.489549,0.0223216,0.197932,-0.310038,-0.929892,-0.448307,0.814996,-0.367154,108.439,11.416,27.2166,0.546466,0.798261,0.215306,-0.133411
434,0,-0.458622,-0.402454,1.71554,-0.0158074,0.204933,1.17586,0.869946,0.493084,0.00781488,0.183339,-0.308672,-0.933332,-0.457799,0.813381,-0.35893,108.3,10.5643,27.7551,0.548257,0.796484,0.212315,-0.141241
442,0,-0.45699,-0.402527,1.71557,-0.0158074,0.204933,1.17586,0.853382,0.521274,-0.0036052,0.18388,-0.307489,-0.933616,-0.487778,0.796068,-0.358258,108.229,10.5959,29.7515,0.544893,0.793588,0.222141,-0.154798
450,0,-0.458921,-0.40142,1.71486,-0.0158074,0.204933,1.17586,0.850824,0.525227,-0.0153274,0.168193,-0.299863,-0.939039,-0.497805,0.796379,-0.34347,107.71,9.68279,30.3313,0.54943,0.789645,0.219536,-0.162457
458,0,-0.461161,-0.401564,1.71385,-0.0158074,0.204933,1.17586,0.853366,0.521068,0.015928,0.185404,-0.274801,-0.943456,-0.487228,0.808067,-0.331114,106.239,10.6847,29.7241,0.558447,0.784105,0.225248,-0.150267
466,0,-0.460151,-0.401721,1.71419,-0.0158074,0.204933,1.17586,0.851001,0.524447,0.0274519,0.199686,-0.274791,-0.94054,-0.485719,0.805882,-0.338572,106.286,11.5186,29.7161,0.556246,0.784915,0.230641,-0.145961
474,0,-0.458902,-0.402424,1.71462,-0.0158074,0.204933,1.17586,0.840128,0.541338,0.0337437,0.220038,-0.283301,-0.933447,-0.495751,0.79164,-0.357124,106.883,12.7112,30.5444,0.547655,0.787489,0.24171,-0.146671
482,0,-0.460435,-0.402386,1.71519,-0.0158074,0.204933,1.17586,0.823306,0.565816,0.0449361,0.233848,-0.265997,-0.935179,-0.517187,0.780447,-0.351312,105.878,13.5237,32.1364,0.549089,0.781123,0.255934,-0.151145
490,0,-0.460164,-0.401979,1.71329,-0.0158074,0.204933,1.17586,0.820806,0.570057,0.0362314,0.230585,-0.272644,-0.934075,-0.522598,0.775048,-0.355235,106.272,13.3315,32.4844,0.546106,0.782414,0.255824,-0.155406
498,0,-0.461318,-0.40227,1.71438,-0.0158074,0.204933,1.17586,0.823901,0.564232,0.0531948,0.236926,-0.257649,-0.93674,-0.514833,0.784384,-0.345959,105.379,13.7052,32.0001,0.552334,0.779023,0.257103,-0.148147
506,0,-0.460277,-0.401435,1.71431,-0.0158074,0.204933,1.17586,0.80689,0.588817,0.0471586,0.238097,-0.251137,-0.938211,-0.540591,0.768261,-0.342835,104.985,13.7743,33.8209,0.550663,0.774736,0.266837,-0.159226
514,0,-0.46168,-0.401662,1.71322,-0.0158074,0.204933,1.17586,0.819085,0.570405,0.06113,0.24283,-0.248195,-0.937781,-0.519743,0.782967,-0.341805,104.824,14.0536,32.3968,0.554321,0.776061,0.261975,-0.147737
522,0,-0.461071,-0.402735,1.71392,-0.0158074,0.204933,1.17586,0.812129,0.581597,0.0468143,0.233543,-0.250489,-0.939528,-0.5347,0.773951,-0.339257,104.928,13.5057,33.3607,0.552807,0.774899,0.262983,-0.157403
531,0,-0.460049,-0.402784,1.71426,-0.0158074,0.204933,1.17586,0.782336,0.622513,0.0206848,0.231675,-0.260007,-0.937402,-0.578167,0.738155,-0.347633,105.502,13.3957,36.4654,0.541917,0.772977,0.276266,-0.180304
539,0,-0.459701,-0.40129,1.71446,-0.0158074,0.204933,1.17586,0.787497,0.615677,0.0281149,0.227809,-0.248392,-0.941491,-0.57267,0.747826,-0.335864,104.779,13.1681,36.0248,0.548462,0.770025,0.27385,-0.176798
547,0,-0.457904,-0.402335,1.71344,-0.0158074,0.204933,1.17586,0.790751,0.612128,-0.0035104,0.204375,-0.269409,-0.94109,-0.577013,0.74345,-0.338139,105.975,11.7929,36.1183,0.543875,0.774322,0.263619,-0.18743
555,0,-0.458573,-0.402502,1.71375,-0.0158074,0.204933,1.17586,0.757495,0.652825,-0.00450314,0.21538,-0.256413,-0.942265,-0.616289,0.712791,-0.334837,105.223,12.4378,39.1314,0.539964,0.766281,0.283253,-0.202534
563,0,-0.46192,-0.402356,1.71485,-0.0158074,0.204933,1.17586,0.807507,0.586395,0.0638269,0.240256,-0.228152,-0.943517,-0.538711,0.777231,-0.325119,103.594,13.9017,33.7084,0.559963,0.768241,0.269008,-0.154536
571,1,-0.46938,-0.40103,1.71268,-0.0158074,0.204933,1.17586,0.800878,0.593178,0.0820656,0.240956,-0.193756,-0.950999,-0.548211,0.781408,-0.298104,101.516,13.943,34.3921,0.572062,0.75709,0.275441,-0.153927
579,1,-0.469453,-0.401644,1.71064,-0.0158074,0.204933,1.17586,0.796766,0.589035,0.134913,0.266677,-0.142402,-0.953208,-0.54226,0.795462,-0.270543,98.4967,15.4667,34.2383,0.58818,0.743255,0.287826,-0.137015
588,1,-0.467795,-0.402304,1.71001,-0.0158074,0.204933,1.17586,0.792725,0.585802,0.168591,0.278604,-0.102184,-0.954955,-0.542187,0.803987,-0.24421,96.1076,16.1769,34.3703,0.601317,0.731286,0.295509,-0.127719
596,1,-0.465975,-0.402635,1.71301,-0.0158074,0.204933,1.17586,0.779985,0.596576,0.189,0.288666,-0.0750233,-0.954486,-0.555243,0.799043,-0.230728,94.4943,16.7781,35.4457,0.60709,0.722104,0.30648,-0.126797
604,1,-0.463442,-0.401523,1.71387,-0.0158074,0.204933,1.17586,0.785612,0.603496,0.136406,0.245614,-0.101843,-0.964003,-0.56788,0.790836,-0.228235,96.0307,14.2181,35.8613,0.603228,0.727271,0.291882,-0.14832
612,0,-0.462892,-0.402119,1.71501,-0.0158074,0.204933,1.17586,0.713431,0.692739,0.105493,0.259703,-0.121572,-0.958006,-0.650823,0.710867,-0.266639,97.2322,15.0524,42.3725,0.575591,0.724852,0.328495,-0.188083
621,0,-0.463891,-0.400577,1.71354,-0.0158074,0.204933,1.17586,0.627438,0.776089,0.0633015,0.272534,-0.142724,-0.951501,-0.729415,0.61426,-0.301062,98.5307,15.8151,49.2981,0.543979,0.719587,0.364314,-0.231422
629,0,-0.459864,-0.399925,1.71443,-0.0158074,0.204933,1.17586,0.644804,0.763581,0.0342305,0.255572,-0.173178,-0.951153,-0.720354,0.622056,-0.306816,100.319,14.8075,48.1676,0.539632,0.728835,0.349583,-0.23535
637,0,-0.460672,-0.400398,1.71398,-0.0158074,0.204933,1.17586,0.709105,0.705093,-0.00362138,0.226936,-0.233084,-0.945606,-0.667585,0.669713,-0.325293,103.847,13.1168,43.2725,0.53636,0.752908,0.309477,-0.222871
645,1,-0.461035,-0.40303,1.71334,-0.0158074,0.204933,1.17586,0.681219,0.73207,0.00368557,0.259119,-0.236405,-0.936467,-0.684688,0.638894,-0.350737,104.168,15.0178,45.1455,0.522991,0.753054,0.329057,-0.22608
653,1,-0.461678,-0.403271,1.71253,-0.0158074,0.204933,1.17586,0.673852,0.738633,0.0185653,0.259517,-0.213081,-0.941938,-0.691791,0.639545,-0.335272,102.747,15.0414,45.7526,0.530448,0.745353,0.334791,-0.225808
661,1,-0.461375,-0.403381,1.71437,-0.0158074,0.204933,1.17586,0.673754,0.737508,0.0462249,0.269544,-0.187036,-0.94465,-0.688042,0.648921,-0.324807,101.199,15.6372,45.6011,0.53896,0.739188,0.340594,-0.217068
669,1,-0.458643,-0.400371,1.71187,-0.0158074,0.204933,1.17586,0.670816,0.741502,0.0133913,0.25721,-0.215679,-0.94198,-0.695592,0.63534,-0.335403,102.896,14.9046,46.0388,0.529088,0.745302,0.335003,-0.228834
678,1,-0.459885,-0.402458,1.71377,-0.0158074,0.204933,1.17586,0.604245,0.796648,-0.0155101,0.256587,-0.212972,-0.942765,-0.754355,0.565681,-0.333097,102.73,14.8676,51.305,0.514338,0.733197,0.359124,-0.262503
686,1,-0.462472,-0.401243,1.71268,-0.0158074,0.204933,1.17586,0.666866,0.744809,0.0234422,0.263745,-0.206489,-0.942232,-0.696942,0.634525,-0.33414,102.361,15.2924,46.2633,0.530622,0.742882,0.339406,-0.226651
695,1,-0.461434,-0.400818,1.71345,-0.0158074,0.204933,1.17586,0.644492,0.764217,0.024547,0.27069,-0.198023,-0.94208,-0.715092,0.613808,-0.33449,101.871,15.7053,47.9726,0.527252,0.737734,0.350705,-0.234009
702,0,-0.460534,-0.398281,1.71147,-0.0158074,0.204933,1.17586,0.568286,0.822831,-0.00102366,0.24358,-0.169416,-0.954969,-0.785952,0.542446,-0.296702,100.06,14.098,54.131,0.524921,0.713163,0.373832,-0.275875
711,0,-0.460406,-0.400964,1.71337,-0.0158074,0.204933,1.17586,0.706325,0.707887,0.00130986,0.228062,-0.225806,-0.947101,-0.670144,0.669259,-0.320934,103.41,13.183,43.4943,0.53842,0.750511,0.311771,-0.222793
719,0,-0.462205,-0.401052,1.71431,-0.0158074,0.204933,1.17586,0.727258,0.68623,0.0136018,0.227674,-0.222496,-0.947977,-0.647503,0.69252,-0.318049,103.209,13.1602,41.6798,0.544682,0.752961,0.303437,-0.210469
726,0,-0.462105,-0.400738,1.71356,-0.0158074,0.204933,1.17586,0.740077,0.672319,0.0165436,0.219404,-0.218116,-0.95094,-0.635726,0.707399,-0.308932,102.918,12.674,40.6626,0.550688,0.752849,0.296116,-0.205613
734,0,-0.462745,-0.399249,1.71311,-0.0158074,0.204933,1.17586,0.629646,0.776637,0.019508,0.247845,-0.177011,-0.952491,-0.736287,0.604567,-0.30394,100.528,14.35,49.4642,0.535886,0.726395,0.352592,-0.246691
742,0,-0.462792,-0.400959,1.7135,-0.0158074,0.204933,1.17586,0.511151,0.858083,0.0491746,0.303831,-0.126877,-0.94424,-0.803997,0.49759,-0.325566,97.653,17.6879,57.5533,0.514468,0.700642,0.414589,-0.269333
750,0,-0.462228,-0.40084,1.71402,-0.0158074,0.204933,1.17586,0.456982,0.888336,0.0450265,0.310448,-0.111855,-0.943987,-0.83354,0.445363,-0.326897,96.7576,18.0862,61.2666,0.504537,0.688428,0.435333,-0.286346
758,0,-0.461001,-0.400415,1.71366,-0.0158074,0.204933,1.17586,0.476211,0.878958,0.0256168,0.294977,-0.132236,-0.94631,-0.828379,0.458199,-0.322244,97.9549,17.1562,60.1067,0.505403,0.694747,0.422433,-0.288869
766,0,-0.459035,-0.400698,1.71418,-0.0158074,0.204933,1.17586,0.434856,0.900098,0.0269124,0.302201,-0.117717,-0.945948,-0.848277,0.419484,-0.323201,97.0936,17.5899,62.8588,0.498482,0.684794,0.438927,-0.299858
774,0,-0.459754,-0.402312,1.7134,-0.0158074,0.204933,1.17586,0.370014,0.928721,0.0238212,0.308284,-0.0985557,-0.946175,-0.876385,0.357442,-0.322777,95.9466,17.9559,67.1103,0.487001,0.669206,0.462117,-0.318498
782,0,-0.462492,-0.400963,1.71349,-0.0158074,0.204933,1.17586,0.399606,0.915452,0.0475716,0.31379,-0.0878445,-0.94542,-0.861308,0.392723,-0.322363