104,0,-0.337048,-0.389757,1.45751,-0.556711,-0.506129,1.38441,0.836884,0.546366,0.0333196,0.200823,-0.24984,-0.947233,-0.509211,0.799415,-0.318809,104.776,11.5851,31.3189,0.56308,0.775489,0.240877,-0.153417
112,0,-0.336535,-0.400284,1.45227,-0.556711,-0.506129,1.38441,0.837073,0.546895,-0.0146414,0.159515,-0.269577,-0.949675,-0.52332,0.792612,-0.312893,105.847,9.17873,32.0127,0.560045,0.777744,0.22707,-0.172924
119,0,-0.336821,-0.399285,1.45287,-0.556711,-0.506129,1.38441,0.824173,0.563376,-0.0578381,0.115103,-0.266625,-0.956902,-0.554517,0.781996,-0.284592,105.57,6.60958,33.9333,0.564127,0.770615,0.22011,-0.198658
126,0,-0.334378,-0.395931,1.45303,-0.556711,-0.506129,1.38441,0.831267,0.55443,0.0400222,0.121276,-0.110625,-0.986435,-0.542482,0.824845,-0.159198,96.3988,6.96576,33.1283,0.624789,0.724757,0.23308,-0.17332
133,0,-0.335221,-0.396944,1.45346,-0.556711,-0.506129,1.38441,0.838498,0.543514,0.038901,0.0944011,-0.0745827,-0.992737,-0.536665,0.83608,-0.113846,94.2965,5.41685,32.6205,0.642275,0.711851,0.224034,-0.174813
140,0,-0.336974,-0.398587,1.4587,-0.556711,-0.506129,1.38441,0.837239,0.545666,0.0357577,0.0787293,-0.0555724,-0.995346,-0.541139,0.836158,-0.0894874,93.1956,4.51553,32.8761,0.650419,0.703971,0.221741,-0.179475
148,0,-0.338761,-0.400529,1.46587,-0.556711,-0.506129,1.38441,0.812912,0.581208,0.0370286,0.0773132,-0.0446797,-0.996005,-0.577232,0.812527,-0.0812557,92.5685,4.43415,35.3778,0.649418,0.696212,0.236466,-0.193979
155,0,-0.339078,-0.400299,1.46909,-0.556711,-0.506129,1.38441,0.802227,0.59588,0.0368511,0.0743905,-0.0385254,-0.996485,-0.592366,0.802149,-0.075234,92.214,4.2662,36.4422,0.649705,0.692096,0.242116,-0.200664
162,0,-0.341426,-0.40226,1.48069,-0.556711,-0.506129,1.38441,0.833794,0.550316,0.0440396,0.069347,-0.0252612,-0.997273,-0.547703,0.834574,-0.0592254,91.451,3.97648,33.3001,0.661307,0.69251,0.223702,-0.181825
170,0,-0.343597,-0.40157,1.49438,-0.556711,-0.506129,1.38441,0.843219,0.536629,0.0318126,0.0800624,-0.0668452,-0.994546,-0.531576,0.841167,-0.0993289,93.8452,4.59216,32.2278,0.647504,0.708765,0.217523,-0.176279
177,0,-0.343806,-0.401665,1.49439,-0.556711,-0.506129,1.38441,0.827847,0.560218,0.0287197,0.0682225,-0.0497318,-0.99643,-0.55679,0.826851,-0.0793898,92.8573,3.9119,33.9238,0.651676,0.699458,0.224617,-0.188742
184,0,-0.333296,-0.398833,1.46866,-0.556711,-0.506129,1.38441,0.912877,0.406373,-0.0389452,-0.017904,-0.0554536,-0.998301,-0.407842,0.912023,-0.0433466,93.1794,-1.02588,24.0734,0.673438,0.709168,0.136945,-0.157504
191,0,-0.333784,-0.398402,1.4715,-0.556711,-0.506129,1.38441,0.917312,0.394464,-0.0541999,-0.0335621,-0.0590369,-0.997691,-0.396753,0.917013,-0.0409162,93.3864,-1.92333,23.3893,0.674047,0.710152,0.127051,-0.158752
197,0,-0.334549,-0.399801,1.47521,-0.556711,-0.506129,1.38441,0.916881,0.398732,-0.0185019,0.0010996,-0.0488749,-0.998804,-0.399159,0.915764,-0.0452509,92.8014,0.0630026,23.5256,0.675047,0.70905,0.140974,-0.147261
204,0,-0.335762,-0.400863,1.4785,-0.556711,-0.506129,1.38441,0.909563,0.415556,-0.00309243,0.00610982,-0.020813,-0.999765,-0.415522,0.90933,-0.0214697,91.1926,0.350069,24.5527,0.683242,0.698542,0.150909,-0.149817
212,0,-0.335526,-0.400952,1.47656,-0.556711,-0.506129,1.38441,0.894519,0.44698,-0.00659911,-0.0227778,0.0308313,-0.999265,-0.446448,0.894012,0.0377604,88.2328,-1.30519,26.5235,0.700555,0.675634,0.156964,-0.167638
219,0,-0.333637,-0.398152,1.47927,-0.556711,-0.506129,1.38441,0.862985,0.502032,-0.0567595,-0.116231,0.087947,-0.989321,-0.491678,0.860366,0.134248,84.92,-6.67463,29.672,0.722008,0.640466,0.150594,-0.214078
226,0,-0.330915,-0.393739,1.48512,-0.556711,-0.506129,1.38441,0.773645,0.621231,-0.124682,-0.227965,0.089301,-0.969566,-0.59119,0.778523,0.210706,84.7377,-13.1773,37.3857,0.720009,0.606968,0.16198,-0.294856
233,0,-0.330051,-0.392262,1.48699,-0.556711,-0.506129,1.38441,0.732917,0.658147,-0.172263,-0.320248,0.110365,-0.940883,-0.600228,0.744756,0.291659,83.3098,-18.6779,39.316,0.730572,0.576822,0.146449,-0.334805
241,0,-0.328329,-0.386735,1.4974,-0.556711,-0.506129,1.38441,0.703834,0.66638,-0.246079,-0.437542,0.133777,-0.889191,-0.55962,0.733513,0.385726,81.4441,-25.9472,38.4883,0.745543,0.544135,0.105138,-0.370174
248,0,-0.322802,-0.383069,1.50405,-0.556711,-0.506129,1.38441,0.64151,0.697859,-0.318524,-0.553557,0.133668,-0.822014,-0.531073,0.703652,0.472054,80.7639,-33.6114,39.6196,0.749539,0.508868,0.0708931,-0.417395
255,0,-0.316286,-0.376988,1.51267,-0.556711,-0.506129,1.38441,0.566861,0.749591,-0.341733,-0.657476,0.1617,-0.73592,-0.496381,0.641846,0.5845,77.6076,-41.1077,41.2075,0.760438,0.452952,0.0508417,-0.462585
262,0,-0.314143,-0.364842,1.52293,-0.556711,-0.506129,1.38441,0.438152,0.814987,-0.379234,-0.771722,0.124709,-0.623613,-0.460942,0.565901,0.683585,78.6912,-50.5088,46.452,0.749408,0.396818,0.0272576,-0.529321
269,0,-0.301483,-0.348888,1.53132,-0.556711,-0.506129,1.38441,0.319393,0.847539,-0.42387,-0.862638,0.0749021,-0.500245,-0.392228,0.525421,0.755043,81.4843,-59.6141,50.8439,0.733031,0.349803,-0.0107915,-0.583255
276,0,-0.299571,-0.3402,1.5348,-0.556711,-0.506129,1.38441,0.287303,0.878518,-0.381659,-0.889812,0.0973126,-0.44583,-0.35453,0.467693,0.809674,77.687,-62.8496,50.9795,0.740657,0.308349,-0.00915701,-0.596879
283,0,-0.299347,-0.335861,1.53818,-0.556711,-0.506129,1.38441,0.225157,0.915636,-0.333039,-0.93343,0.104728,-0.343132,-0.279306,0.388127,0.878263,73.0273,-68.976,51.1266,0.742992,0.246052,-0.0180799,-0.622169
291,0,-0.299185,-0.335736,1.53864,-0.556711,-0.506129,1.38441,0.182263,0.937688,-0.295841,-0.96304,0.109554,-0.246073,-0.198329,0.329757,0.922998,66.0008,-74.3739,47.4172,0.744113,0.193462,-0.0327614,-0.638589
298,0,-0.300191,-0.334374,1.53864,-0.556711,-0.506129,1.38441,0.20167,0.944157,-0.260568,-0.968238,0.152033,-0.198495,-0.147796,0.292323,0.94483,52.5505,-75.5208,36.2361,0.758046,0.16187,-0.0371919,-0.630699
306,0,-0.299707,-0.33285,1.53956,-0.556711,-0.506129,1.38441,0.218801,0.940521,-0.259896,-0.969099,0.178365,-0.170389,-0.113898,0.289147,0.950485,43.6899,-75.7194,27.4995,0.766102,0.149959,-0.0476431,-0.623161
313,0,-0.300169,-0.333401,1.5378,-0.556711,-0.506129,1.38441,0.256629,0.927596,-0.271489,-0.96137,0.216057,-0.170549,-0.0995432,0.304769,0.94721,38.2865,-74.0226,21.2006,0.777801,0.152776,-0.0552667,-0.60715
321,0,-0.300673,-0.333725,1.53592,-0.556711,-0.506129,1.38441,0.304735,0.906691,-0.291631,-0.946192,0.25319,-0.201532,-0.108889,0.337353,0.93506,38.5188,-71.1189,19.6631,0.789459,0.17065,-0.0578692,-0.586757
328,0,-0.300684,-0.333799,1.5358,-0.556711,-0.506129,1.38441,0.343333,0.881338,-0.3246,-0.932679,0.279236,-0.228336,-0.110601,0.381143,0.917877,39.2734,-68.8563,17.8558,0.796939,0.191194,-0.0671314,-0.569058
334,0,-0.300805,-0.333976,1.53499,-0.556711,-0.506129,1.38441,0.360529,0.856435,-0.36951,-0.926604,0.283457,-0.247099,-0.106884,0.431475,0.89577,41.0798,-67.9114,16.5133,0.796831,0.212898,-0.0823968,-0.559416
342,0,-0.300954,-0.33334,1.53416,-0.556711,-0.506129,1.38441,0.356871,0.83535,-0.418132,-0.929373,0.272266,-0.249272,-0.0943859,0.477559,0.873515,42.4755,-68.3373,14.8145,0.790989,0.229722,-0.102323,-0.557759
349,0,-0.301719,-0.333467,1.53335,-0.556711,-0.506129,1.38441,0.3707,0.809525,-0.455248,-0.924663,0.27574,-0.262613,-0.0870618,0.518302,0.850755,43.6032,-67.6176,13.2168,0.790126,0.247086,-0.116496,-0.548706
356,0,-0.301162,-0.332936,1.53373,-0.556711,-0.506129,1.38441,0.352578,0.840104,-0.412206,-0.931638,0.273717,-0.239016,-0.0879707,0.468298,0.87918,41.1282,-68.6917,14.0097,0.791435,0.223428,-0.10242,-0.559662
364,0,-0.302123,-0.333074,1.53455,-0.556711,-0.506129,1.38441,0.345109,0.84394,-0.410689,-0.935704,0.275245,-0.220678,-0.0731985,0.460442,0.884667,38.7209,-69.3422,11.9751,0.791363,0.215173,-0.106617,-0.562208
372,0,-0.303058,-0.33225,1.53486,-0.556711,-0.506129,1.38441,0.319186,0.850755,-0.417536,-0.946539,0.264459,-0.184732,-0.0467399,0.454178,0.889684,34.9353,-71.1804,8.33088,0.786341,0.203127,-0.117887,-0.57141
379,0,-0.302568,-0.332036,1.53552,-0.556711,-0.506129,1.38441,0.353751,0.842544,-0.406177,-0.935198,0.311059,-0.169252,-0.0162571,0.439729,0.897983,28.5513,-69.2602,2.63125,0.800436,0.190203,-0.121784,-0.555242
387,0,-0.30177,-0.332254,1.53571