141,0,-0.335606,-0.3918,1.45118,-0.30512,0.0462335,1.11908,0.846724,0.532025,0.00286421,0.162343,-0.253237,-0.953685,-0.506659,0.807973,-0.300793,104.871,9.34294,30.8953,0.568484,0.774718,0.224071,-0.162574
150,0,-0.334873,-0.385141,1.45202,-0.30512,0.0462335,1.11908,0.809076,0.586886,0.0309882,0.183869,-0.202695,-0.961825,-0.5582,0.783888,-0.271905,101.9,10.5952,34.6027,0.577598,0.755592,0.255017,-0.174437
158,0,-0.334969,-0.384745,1.45258,-0.30512,0.0462335,1.11908,0.78982,0.61246,0.0328282,0.178537,-0.178373,-0.96763,-0.586779,0.770114,-0.25023,100.445,10.2846,36.6097,0.583356,0.744719,0.265536,-0.18596
166,0,-0.335301,-0.385317,1.45508,-0.30512,0.0462335,1.11908,0.77415,0.632462,0.0261429,0.174531,-0.173567,-0.969233,-0.608466,0.754895,-0.244752,100.153,10.0514,38.1666,0.582201,0.740349,0.272504,-0.196638
175,0,-0.336556,-0.386517,1.45978,-0.30512,0.0462335,1.11908,0.766833,0.641381,0.0244619,0.175874,-0.173316,-0.969036,-0.617281,0.74739,-0.245707,100.14,10.1295,38.8332,0.580476,0.739232,0.276386,-0.200485
183,0,-0.337843,-0.38879,1.46612,-0.30512,0.0462335,1.11908,0.76886,0.638928,0.0250139,0.174076,-0.171513,-0.969681,-0.615266,0.749903,-0.243091,100.03,10.0249,38.6679,0.581863,0.738827,0.275099,-0.199726
192,0,-0.338519,-0.391697,1.47229,-0.30512,0.0462335,1.11908,0.776879,0.629258,0.022233,0.174097,-0.180737,-0.968,-0.605103,0.755889,-0.249963,100.576,10.0261,37.9147,0.580125,0.742896,0.270346,-0.196148
200,0,-0.339296,-0.393112,1.48638,-0.30512,0.0462335,1.11908,0.797252,0.603632,0.00424327,0.146044,-0.186058,-0.971624,-0.585714,0.775249,-0.236492,100.84,8.39772,36.3034,0.586238,0.74495,0.251586,-0.195137
208,0,-0.342774,-0.396234,1.50252,-0.30512,0.0462335,1.11908,0.82938,0.557936,-0.0289391,0.101868,-0.201952,-0.974083,-0.54932,0.804937,-0.22433,101.713,5.84673,33.5176,0.592262,0.750943,0.219658,-0.192511
217,0,-0.348581,-0.395364,1.51511,-0.30512,0.0462335,1.11908,0.837535,0.545348,-0.0336301,0.0927672,-0.202587,-0.97486,-0.538451,0.81336,-0.220264,101.74,5.32282,32.7369,0.594702,0.751729,0.212216,-0.190255
225,0,-0.35159,-0.386227,1.52789,-0.30512,0.0462335,1.11908,0.85553,0.517076,-0.0264718,0.0963652,-0.209259,-0.9731,-0.508706,0.829966,-0.228856,102.136,5.5299,30.7361,0.595276,0.757239,0.202525,-0.176687
233,0,-0.364039,-0.382285,1.54019,-0.30512,0.0462335,1.11908,0.855319,0.517286,-0.0290547,0.0992291,-0.218598,-0.970757,-0.508511,0.827424,-0.238301,102.69,5.69478,30.7326,0.591274,0.760299,0.202721,-0.176761
242,0,-0.379218,-0.374774,1.55631,-0.30512,0.0462335,1.11908,0.852442,0.521776,-0.0330507,0.0946765,-0.216229,-0.971741,-0.514178,0.825224,-0.233722,102.545,5.4327,31.0976,0.592134,0.758682,0.203133,-0.180322
250,0,-0.396487,-0.366185,1.56582,-0.30512,0.0462335,1.11908,0.847975,0.529425,-0.0254349,0.0963764,-0.201197,-0.974798,-0.5212,0.824153,-0.221634,101.662,5.53055,31.5766,0.596897,0.75346,0.207643,-0.181375
259,0,-0.414263,-0.355727,1.56867,-0.30512,0.0462335,1.11908,0.831335,0.555767,-0.00245746,0.153201,-0.233409,-0.960234,-0.53424,0.7979,-0.279185,103.662,8.81247,32.726,0.574182,0.765495,0.231539,-0.175278
267,0,-0.421349,-0.352791,1.56761,-0.30512,0.0462335,1.11908,0.827163,0.561675,-0.0179866,0.153401,-0.256469,-0.954302,-0.54062,0.786604,-0.298303,105.043,8.82407,33.168,0.564001,0.771676,0.231663,-0.180972
275,0,-0.422213,-0.353351,1.56675,-0.30512,0.0462335,1.11908,0.83894,0.54381,-0.0212205,0.156964,-0.279118,-0.947341,-0.521096,0.791432,-0.319522,106.417,9.03075,31.8459,0.556844,0.780638,0.224424,-0.173678
283,0,-0.417094,-0.354269,1.56782,-0.30512,0.0462335,1.11908,0.860714,0.509068,-0.00460449,0.167654,-0.291981,-0.941615,-0.48069,0.80969,-0.336659,107.228,9.65145,29.1824,0.554994,0.788884,0.214455,-0.153791
291,0,-0.414688,-0.353555,1.57015,-0.30512,0.0462335,1.11908,0.868443,0.495581,0.0143775,0.187139,-0.300807,-0.935144,-0.459115,0.814809,-0.353977,107.831,10.7859,27.8638,0.550831,0.794233,0.214899,-0.139989
299,0,-0.41484,-0.353616,1.57049,-0.30512,0.0462335,1.11908,0.882578,0.469042,0.0324987,0.188349,-0.289382,-0.9385,-0.430791,0.834421,-0.343746,107.137,10.8564,26.0172,0.558894,0.793049,0.207235,-0.125557
308,0,-0.414575,-0.354061,1.57027,-0.30512,0.0462335,1.11908,0.899711,0.436023,0.020077,0.168898,-0.305361,-0.937138,-0.402483,0.846545,-0.34838,108.048,9.72375,24.1012,0.558115,0.798976,0.18928,-0.119655
317,0,-0.414727,-0.353782,1.57108,-0.30512,0.0462335,1.11908,0.913558,0.405354,0.0331574,0.16913,-0.304498,-0.937377,-0.369873,0.861957,-0.346734,107.996,9.73725,22.0416,0.561767,0.800748,0.179358,-0.105125
325,0,-0.413955,-0.353637,1.56988,-0.30512,0.0462335,1.11908,0.912032,0.408717,0.0338883,0.169378,-0.300125,-0.938742,-0.373509,0.861902,-0.342951,107.73,9.75167,22.2708,0.56324,0.799235,0.180828,-0.106233
333,0,-0.413195,-0.35333,1.56981,-0.30512,0.0462335,1.11908,0.908429,0.41573,0.0438722,0.175347,-0.283669,-0.942754,-0.379486,0.864119,-0.33059,106.746,10.0988,22.6722,0.568808,0.794149,0.186072,-0.105652
342,0,-0.412424,-0.353546,1.56966,-0.30512,0.0462335,1.11908,0.907744,0.414612,0.0640129,0.192149,-0.275253,-0.941974,-0.372934,0.867371,-0.329526,106.289,11.0782,22.3346,0.570737,0.792547,0.191396,-0.0974458
350,0,-0.41314,-0.353237,1.56967,-0.30512,0.0462335,1.11908,0.936381,0.347054,0.0523808,0.161428,-0.293329,-0.942284,-0.311658,0.890793,-0.330692,107.291,9.2898,18.4091,0.572792,0.800063,0.158888,-0.0810179
358,0,-0.41212,-0.353363,1.56906,-0.30512,0.0462335,1.11908,0.949022,0.308439,0.0649867,0.161917,-0.300131,-0.940056,-0.270445,0.902656,-0.334772,107.707,9.3182,15.9061,0.573175,0.803729,0.146304,-0.0639078
367,0,-0.412695,-0.353139,1.56979,-0.30512,0.0462335,1.11908,0.945904,0.31862,0.0612193,0.160408,-0.295242,-0.941861,-0.282021,0.900729,-0.33038,107.404,9.23055,16.6019,0.574518,0.801799,0.14936,-0.0688458
375,0,-0.412597,-0.353708,1.57015,-0.30512,0.0462335,1.11908,0.962655,0.262733,0.065318,0.148622,-0.311195,-0.938653,-0.226289,0.913307,-0.338621,108.342,8.5471,13.2282,0.572896,0.808157,0.127251,-0.0497956
383,0,-0.412497,-0.353631,1.56957,-0.30512,0.0462335,1.11908,0.976272,0.205064,0.0695765,0.134318,-0.321422,-0.937362,-0.169856,0.924466,-0.341339,108.927,7.71916,9.86976,0.573043,0.812255,0.104457,-0.0308645
391,0,-0.412845,-0.353094,1.56841,-0.30512,0.0462335,1.11908,0.974089,0.211718,0.0795359,0.144046,-0.309658,-0.939874,-0.174359,0.926978,-0.332132,108.235,8.28205,10.1483,0.577126,0.808684,0.109983,-0.0293141
399,0,-0.413821,-0.352742,1.56778,-0.30512,0.0462335,1.11908,0.979861,0.192877,0.0516798,0.112194,-0.317699,-0.941531,-0.165181,0.928367,-0.33294,108.646,6.44182,9.56871,0.576459,0.810941,0.0940485,-0.0349905
408,0,-0.414239,-0.352829,1.56758,-0.30512,0.0462335,1.11908,0.987535,0.152999,0.0369648,0.0861366,-0.328749,-0.940481,-0.13174,0.931942,-0.33783,109.267,4.94139,7.59858,0.574664,0.814572,0.0733929,-0.0290875
417,0,-0.414022,-0.352636,1.56661,-0.30512,0.0462335,1.11908,0.996534,0.0771392,0.0311238,0.0555405,-0.338515,-0.93932,-0.0619226,0.937794,-0.341627,109.818,3.18387,3.55567,0.573671,0.818028,0.0405487,-0.00941252
425,0,-0.412809,-0.352678,1.56681,-0.30512,0.0462335,1.11908,0.996356,0.0689174,0.0502575,0.0707319,-0.338279,-0.938384,-0.0476699,0.938519,-0.341921,109.824,4.05603,2.73919,0.573619,0.818009,0.0426796,0.000790827
434,0,-0.413537,-0.352913,1.56729,-0.30512,0.0462335,1.11908,0.99484,0.091664,0.0434819,0.0721332,-0.337687,-0.938491,-0.0713425,0.936785,-0.342556,109.79,4.13652,4.1018,0.573279,0.817784,0.0500735,-0.00851712
442,0,-0.413254,-0.352888,1.56758,-0.30512,0.0462335,1.11908,0.986961,0.154362,0.0456026,0.0967148,-0.342269,-0.934611,-0.12866,0.926836,-0.352735,110.113,5.55003,7.42717,0.568322,0.818835,0.0766566,-0.0253583
450,0,-0.413514,-0.352976,1.56806,-0.30512,0.0462335,1.11908,0.977652,0.207793,0.0319077,0.103259,-0.342429,-0.933852,-0.183121,0.916278,-0.356233,110.137,5.92687,10.609,0.565462,0.817972,0.0950679,-0.046216
458,0,-0.413163,-0.352747,1.56745,-0.30512,0.0462335,1.11908,0.970087,0.239201,0.0414028,0.120529,-0.326544,-0.937466,-0.210723,0.914414,-0.345607,109.205,6.92261,12.2554,0.569635,0.812748,0.110652,-0.0520825
466,0,-0.413791,-0.352465,1.56695,-0.30512,0.0462335,1.11908,0.959722,0.277974,0.0408019,0.133434,-0.323169