130,0,-0.336542,-0.397599,1.45808,0.215692,-0.330822,1.75045,0.830294,0.557319,-0.00273202,0.172244,-0.261264,-0.949775,-0.530042,0.788122,-0.312921,105.381,9.91829,32.5533,0.560381,0.775319,0.235246,-0.171792
139,0,-0.337291,-0.406615,1.45836,0.215692,-0.330822,1.75045,0.832796,0.553559,0.00472868,0.153906,-0.223321,-0.962518,-0.531755,0.802309,-0.271177,103.062,8.85338,32.5589,0.578424,0.762774,0.231873,-0.172733
147,0,-0.337475,-0.415199,1.45698,0.215692,-0.330822,1.75045,0.820835,0.571107,-0.00817237,0.140041,-0.215107,-0.966498,-0.553732,0.79219,-0.256546,102.547,8.05022,34.0034,0.580772,0.757048,0.234842,-0.185558
156,0,-0.337464,-0.41622,1.45796,0.215692,-0.330822,1.75045,0.808352,0.588476,0.016188,0.168064,-0.204331,-0.964367,-0.564199,0.782269,-0.264074,101.963,9.6753,34.9136,0.57878,0.754446,0.250694,-0.181594
164,0,-0.338371,-0.416836,1.45955,0.215692,-0.330822,1.75045,0.807581,0.589722,0.00640519,0.168076,-0.21973,-0.960973,-0.565299,0.77714,-0.276568,102.879,9.67596,34.9917,0.572556,0.758927,0.249628,-0.184107
172,0,-0.339007,-0.41791,1.46232,0.215692,-0.330822,1.75045,0.80629,0.591521,-0.000516371,0.164236,-0.224705,-0.960486,-0.568264,0.774345,-0.278327,103.167,9.45286,35.1757,0.570802,0.759823,0.248662,-0.187142
180,0,-0.339507,-0.418341,1.4631,0.215692,-0.330822,1.75045,0.794333,0.607477,-0.00273548,0.17011,-0.226753,-0.958982,-0.58318,0.761285,-0.283455,103.303,9.79421,36.2852,0.566596,0.759036,0.25611,-0.19298
188,0,-0.340264,-0.418852,1.46602,0.215692,-0.330822,1.75045,0.787701,0.616048,-0.00353007,0.170825,-0.223922,-0.95952,-0.5919,0.755211,-0.28162,103.136,9.83582,36.9222,0.566162,0.757173,0.259806,-0.196597
196,0,-0.342658,-0.421652,1.47785,0.215692,-0.330822,1.75045,0.758181,0.651108,-0.0349432,0.143366,-0.218741,-0.965194,-0.636088,0.726781,-0.259192,102.769,8.24264,39.9955,0.56574,0.747682,0.265645,-0.224371
204,0,-0.346107,-0.427026,1.49948,0.215692,-0.330822,1.75045,0.724343,0.686808,-0.0601774,0.101062,-0.192115,-0.976155,-0.681992,0.700989,-0.208568,101.134,5.80034,43.2751,0.575252,0.728873,0.270236,-0.254561
213,0,-0.348911,-0.428327,1.50717,0.215692,-0.330822,1.75045,0.709659,0.703066,-0.0456305,0.0956887,-0.160347,-0.982412,-0.698017,0.692811,-0.181067,99.2699,5.49096,44.5262,0.58486,0.716078,0.278864,-0.259625
221,0,-0.351261,-0.430186,1.51522,0.215692,-0.330822,1.75045,0.688653,0.724597,-0.026761,0.105366,-0.136518,-0.985018,-0.717395,0.675516,-0.170361,97.8906,6.04823,46.1711,0.587744,0.706316,0.293765,-0.263393
229,0,-0.353735,-0.431194,1.51946,0.215692,-0.330822,1.75045,0.693148,0.719706,-0.0396051,0.0868879,-0.137975,-0.986617,-0.715539,0.68043,-0.158171,97.961,4.9846,45.9106,0.590974,0.705212,0.285941,-0.267701
237,0,-0.354429,-0.43304,1.528,0.215692,-0.330822,1.75045,0.707706,0.703806,-0.0617232,0.0314086,-0.118619,-0.992443,-0.705809,0.700419,-0.106053,96.8158,1.79988,44.9231,0.608899,0.69505,0.264447,-0.276071
246,0,-0.355896,-0.432967,1.53147,0.215692,-0.330822,1.75045,0.699895,0.713253,-0.037634,0.042962,-0.0946355,-0.994585,-0.712952,0.694488,-0.0968777,95.4354,2.4623,45.5295,0.614081,0.687642,0.27493,-0.272884
254,0,-0.356362,-0.432288,1.53297,0.215692,-0.330822,1.75045,0.713004,0.699077,-0.0539939,0.0402922,-0.117731,-0.992228,-0.700001,0.705287,-0.11211,96.7667,2.3092,44.4727,0.608926,0.69693,0.265224,-0.27047
262,0,-0.35561,-0.43106,1.53053,0.215692,-0.330822,1.75045,0.724117,0.683346,-0.0932364,0.0107787,-0.146385,-0.989169,-0.689593,0.715269,-0.113366,98.418,0.617587,43.601,0.605055,0.704249,0.246406,-0.277895
270,0,-0.359938,-0.41757,1.56495,0.215692,-0.330822,1.75045,0.708378,0.705818,-0.00467734,0.0881767,-0.0950673,-0.991558,-0.700304,0.701985,-0.12958,95.4766,5.05872,44.6716,0.609042,0.695166,0.285541,-0.25353
277,0,-0.35657,-0.40654,1.57036,0.215692,-0.330822,1.75045,0.697827,0.716223,-0.00783554,0.135345,-0.142595,-0.980484,-0.703363,0.683148,-0.196444,98.2747,7.77856,45.2264,0.582835,0.713594,0.298338,-0.249161
285,0,-0.35418,-0.389925,1.57646,0.215692,-0.330822,1.75045,0.694169,0.718942,-0.0353725,0.178835,-0.219856,-0.959,-0.697242,0.659383,-0.281189,102.912,10.3019,45.1265,0.546151,0.740813,0.30297,-0.247233
292,1,-0.354218,-0.371044,1.58137,0.215692,-0.330822,1.75045,0.696283,0.716049,-0.0496285,0.206231,-0.265806,-0.941709,-0.687502,0.645461,-0.332748,105.762,11.9016,44.6364,0.523863,0.757436,0.304409,-0.243298
300,1,-0.353688,-0.358063,1.58246,0.215692,-0.330822,1.75045,0.689683,0.720069,-0.0764075,0.215096,-0.304481,-0.927914,-0.691427,0.623531,-0.36488,108.166,12.4212,45.0724,0.505055,0.767959,0.304432,-0.24996
308,1,-0.3531,-0.347043,1.58557,0.215692,-0.330822,1.75045,0.681565,0.725901,-0.0923945,0.174058,-0.283462,-0.943055,-0.710755,0.626671,-0.319547,106.73,10.0239,46.2011,0.519268,0.75574,0.297708,-0.265683
316,1,-0.351256,-0.345913,1.5853,0.215692,-0.330822,1.75045,0.682476,0.718743,-0.132799,0.118076,-0.287721,-0.950408,-0.721308,0.63295,-0.281229,106.843,6.78108,46.5846,0.527619,0.750238,0.278851,-0.284612
324,1,-0.350846,-0.345618,1.58384,0.215692,-0.330822,1.75045,0.68109,0.72148,-0.124832,0.100737,-0.261201,-0.960014,-0.725237,0.641281,-0.250581,105.221,5.78159,46.798,0.540673,0.740417,0.277619,-0.287024
332,1,-0.351504,-0.344474,1.58457,0.215692,-0.330822,1.75045,0.689702,0.716623,-0.103743,0.0897967,-0.226816,-0.969789,-0.718504,0.65955,-0.220786,103.164,5.15191,46.1717,0.557248,0.730976,0.275802,-0.281215
340,1,-0.351168,-0.344072,1.5837,0.215692,-0.330822,1.75045,0.717752,0.68994,-0.0938898,0.0813454,-0.217004,-0.972776,-0.691531,0.690574,-0.211878,102.575,4.6659,43.9341,0.567642,0.73257,0.263212,-0.268036
349,1,-0.351013,-0.344081,1.58499,0.215692,-0.330822,1.75045,0.701052,0.709935,-0.067218,0.0853569,-0.177122,-0.98048,-0.707983,0.68163,-0.18477,100.24,4.89655,45.2819,0.57861,0.718148,0.276855,-0.269861
357,1,-0.351057,-0.343186,1.58402,0.215692,-0.330822,1.75045,0.733078,0.676376,-0.0715003,0.0697175,-0.179299,-0.981321,-0.676562,0.7144,-0.178595,100.354,3.99776,42.7041,0.586341,0.72301,0.257982,-0.258663
365,1,-0.350307,-0.341453,1.58458,0.215692,-0.330822,1.75045,0.74834,0.657794,-0.0854109,0.0628182,-0.198465,-0.978093,-0.660334,0.72658,-0.189841,101.47,3.60159,41.4252,0.583102,0.730863,0.246493,-0.255091
374,1,-0.351314,-0.342793,1.58521,0.215692,-0.330822,1.75045,0.760106,0.644649,-0.0816468,0.0497458,-0.18301,-0.981852,-0.647892,0.74225,-0.171176,100.558,2.8514,40.4433,0.592858,0.72703,0.238778,-0.250862
382,1,-0.351652,-0.343371,1.58411,0.215692,-0.330822,1.75045,0.743444,0.666412,-0.0564439,0.0921839,-0.185698,-0.978273,-0.662415,0.722088,-0.199488,100.748,5.28926,41.7013,0.582722,0.729491,0.259974,-0.246356
390,1,-0.355588,-0.344597,1.58036,0.215692,-0.330822,1.75045,0.863045,0.505028,-0.00999966,0.112044,-0.210701,-0.971108,-0.492544,0.83699,-0.23843,102.242,6.43317,29.7136,0.594541,0.760292,0.202906,-0.165247
398,1,-0.35479,-0.344236,1.57955,0.215692,-0.330822,1.75045,0.885167,0.465192,-0.00875479,0.107522,-0.222828,-0.96891,-0.45268,0.856705,-0.247258,102.952,6.17251,27.0855,0.594786,0.767342,0.18659,-0.150335
407,1,-0.354584,-0.342597,1.57955,0.215692,-0.330822,1.75045,0.893939,0.448028,-0.0119978,0.0814649,-0.188752,-0.97864,-0.440723,0.873867,-0.205231,100.917,4.67277,26.2439,0.612363,0.756294,0.175029,-0.149651
415,1,-0.354691,-0.342915,1.57963,0.215692,-0.330822,1.75045,0.901392,0.432992,-0.00325471,0.0824389,-0.178988,-0.980391,-0.425085,0.883448,-0.197034,100.346,4.72877,25.248,0.617529,0.754555,0.170773,-0.141918
423,1,-0.356922,-0.342544,1.57769,0.215692,-0.330822,1.75045,0.922306,0.385299,0.0299435,0.0980403,-0.158328,-0.982507,-0.373818,0.909108,-0.183801,99.1543,5.62634,22.0631,0.628525,0.752402,0.160599,-0.114259
431,1,-0.35478,-0.342581,1.57952,0.215692,-0.330822,1.75045,0.905864,0.423303,-0.0149664,0.0692032,-0.182769,-0.980717,-0.417876,0.887361,-0.194857,100.557,3.96822,24.7639,0.61811,0.755561,0.162961,-0.143219
439,1,-0.355861,-0.342972,1.57926,0.215692,-0.330822,1.75045,0.894629,0.446809,-0.000762604,0.081893,-0.165649,-0.982779,-0.439241,0.87916,-0.184785,99.5674,4.69739,26.1499,0.621328,0.749177,0.176428,-0.146829
448,1,-0.355355,-0.342631,1.58004,0.215692,-0.330822,1.75045,0.915453,0.402328,-0.00883376,0.0755177,-0.193311,-0.978227,-0.395275,0.894854,-0.20735,101.178,4.33097,23.3538,0.615384,0.760939,0.156992,-0.132767
456,1,-0.355249,-0.34323,1.5793,0.215692,-0.330822,1.75045,0.921609,0.388095,0.00436058,0.0821922,-0.184177,-0.979451,-0.379317,0.903029,-0.201637,100.65,4.71458,22.3712,0.619636,0.75951,0.1548,-0.12342
464,1,-0.356048,-0.344288,1.57945,0.215692,-0.330822,1.75045,0.934265,0.35658,7.18116e-05,0.0796913,-0.2086,-0.974749,-0.347561,0.910679,-0.223304,102.079,4.57082,20.406,0.612854,0.769118,0.141809,-0.112951
472,1,-0.354929,-0.343009,1.57707,0.215692,-0.330822,1.75045,0.943788,0.330521,-0.00458369,0.0680466,-0.207836,-0.975794,-0.323473,0.92063,-0.218644,102.024,3.9018,18.9186,0.615895,0.769784,0.129441,-0.106542
480,1,-0.355196,-0.343554,1.57657,0.215692,-0.330822,1.75045,0.908994,0.416692,-0.00989705,0.0809891,-0.199866,-0.97647,-0.408866,0.886804,-0.215425,101.568,4.64542,24.2182,0.611086,0.76228,0.163221,-0.137339
489,1,-0.356136,-0.342469,1.57709,0.215692,-0.330822,1.75045,0.897987,0.43998,0.00610747,0.0934222,-0.177072,-0.979754,-0.429991,0.880377,-0.200112,100.245,5.36051,25.5869,0.616604,0.754183,0.176815,-0.140511
497,1,-0.354798,-0.341549,1.57763,0.215692,-0.330822,1.75045,0.906456,0.4218,-0.0205638,0.0619871,-0.181063,-0.981516,-0.417726,0.888426,-0.190272,100.452,3.55388,24.7419,0.6195,0.754618,0.160275,-0.145203
505,1,-0.354949,-0.341668,1.57714,0.215692,-0.330822,1.75045,0.899274,0.437174,-0.0136146,0.0737067,-0.182151,-0.980504,-0.431131,0.880738,-0.196026,100.524,4.22692,25.6141,0.616664,0.754561,0.169264,-0.147352
513,1,-0.354886,-0.34297,1.57775,0.215692,-0.330822,1.75045,0.893682,0.44845,-0.014969,0.0831812,-0.198363,-0.976592,-0.440923,0.871518,-0.214576,101.482,4.77144,26.2607,0.608429,0.759378,0.175022,-0.150087
521,1,-0.354956,-0.343536,1.57674,0.215692,-0.330822,1.75045,0.885531,0.464368,-0.0140219,0.0847974,-0.191233,-0.977875,-0.456775,0.86475,-0.20872,101.065,4.86437,27.2856,0.609422,0.755891,0.181628,-0.155709
530,1,-0.354453,-0.343018,1.57772,0.215692,-0.330822,1.75045,0.904376,0.426024,-0.0246497,0.0702013,-0.205505,-0.976135,-0.420923,0.881063,-0.215761,101.889,4.02555,24.9586,0.608915,0.762503,0.162696,-0.146089
538,1,-0.353764,-0.344791,1.5773,0.215692,-0.330822,1.75045,0.913972,0.405217,-0.0212887,0.0709005,-0.211134,-0.974882,-0.399534,0.889506,-0.221701,102.22,4.06571,23.6121,0.60851,0.765965,0.155398,-0.137351
546,1,-0.354479,-0.34195,1.57637,0.215692,-0.330822,1.75045,0.930713,0.364682,-0.0279209,0.0419265,-0.182214,-0.982365,-0.363338,0.913129,-0.184879,100.508,2.40292,21.325,0.625224,0.757926,0.134119,-0.129056
554,1,-0.352955,-0.341263,1.57692,0.215692,-0.330822,1.75045,0.931418,0.359648,-0.0558047,0.0138606,-0.188271,-0.982019,-0.363688,0.913897,-0.180344,100.853,0.794182,21.329,0.625061,0.758293,0.123141,-0.138301
562,1,-0.352024,-0.339151,1.57718,0.215692,-0.330822,1.75045,0.937554,0.341076,-0.0682676,-0.000274146,-0.195536,-0.980696,-0.34784,0.919474,-0.183232,101.276,-0.0157074,20.3553,0.624257,0.760973,0.111962,-0.136703
570,1,-0.352608,-0.340925,1.57773,0.215692,-0.330822,1.75045,0.929603,0.36537,-0.0483975,0.0342941,-0.216494,-0.975681,-0.366962,0.905337,-0.213784,102.511,1.9653,21.5417,0.612235,0.768095,0.130083,-0.135191
578,1,-0.352966,-0.341799,1.57778,0.215692,-0.330822,1.75045,0.924612,0.378279,-0.0446945,0.0431471,-0.220592,-0.974411,-0.378458,0.899024,-0.220283,102.756,2.47292,22.2601,0.609044,0.769007,0.137003,-0.137565
587,1,-0.350852,-0.340926,1.57739,0.215692,-0.330822,1.75045,0.862784,0.496003,-0.0979062,0.0206561,-0.228075,-0.973424,-0.505151,0.837832,-0.207025,103.187,1.18359,30.3486,0.597429,0.757939,0.170416,-0.198914
595,1,-0.350206,-0.340225,1.57736,0.215692,-0.330822,1.75045,0.806663,0.580353,-0.111742,0.0311172,-0.230512,-0.972572,-0.590192,0.78106,-0.204004,103.334,1.78317,36.191,0.585693,0.748528,0.204224,-0.234438
603,1,-0.35027,-0.340538,1.57826,0.215692,-0.330822,1.75045,0.779081,0.618117,-0.104712,0.048445,-0.225882,-0.972949,-0.625049,0.752933,-0.205925,103.07,2.77678,38.7398,0.58036,0.743453,0.224144,-0.245396
612,1,-0.351394,-0.341285,1.57775,0.215692,-0.330822,1.75045,0.767717,0.634553,-0.0891792,0.0505232,-0.198679,-0.978761,-0.638794,0.746906,-0.184589,101.475,2.896,39.7628,0.588313,0.733312,0.233556,-0.24818
620,1,-0.348485,-0.339983,1.57625,0.215692,-0.330822,1.75045,0.758614,0.641328,-0.114906,0.0357505,-0.217068,-0.975502,-0.650559,0.735921,-0.187598,102.545,2.04879,40.6152,0.581796,0.735405,0.230172,-0.260219
629,1,-0.350159,-0.339592,1.57726,0.215692,-0.330822,1.75045,0.722273,0.689098,-0.0588684,0.102598,-0.190935,-0.976226,-0.683956,0.699062,-0.208607,101.066,5.88882,43.4392,0.57505,0.728323,0.271753,-0.254978
637,1,-0.351889,-0.341074,1.57758,0.215692,-0.330822,1.75045,0.660963,0.748128,-0.0585911,0.109581,-0.173464,-0.978725,-0.742375,0.64048,-0.196634,100.05,6.29117,48.3202,0.568081,0.712577,0.300918,-0.28101
645,1,-0.351208,-0.341868,1.57719,0.215692,-0.330822,1.75045,0.627115,0.776825,-0.0571921,0.139629,-0.184347,-0.972892,-0.76631,0.602129,-0.224074,100.729,8.0264,50.7046,0.551972,0.713361,0.321175,-0.288599
653,1,-0.351321,-0.342642,1.57688,0.215692,-0.330822,1.75045,0.620723,0.782433,-0.0500076,0.143728,-0.176261,-0.973794,-0.770743,0.597269,-0.221866,100.26,8.26361,51.1535,0.552855,0.710431,0.325915,-0.288821
661,1,-0.350782,-0.34212,1.57656,0.215692,-0.330822,1.75045,0.604662,0.794218,-0.060015,0.134698,-0.176232,-0.975089,-0.78501,0.581516,-0.21354,100.245,7.74113,52.3944,0.55111,0.706122,0.328879,-0.299178
670,1,-0.351237,-0.34119,1.576,0.215692,-0.330822,1.75045,0.606879,0.791364,-0.073764,0.11852,-0.181879,-0.976152,-0.785908,0.583664,-0.204171,100.554,6.80668,52.3246,0.552456,0.705856,0.322263,-0.304479
679,1,-0.34972,-0.342751,1.57621,0.215692,-0.330822,1.75045,0.608715,0.789559,-0.0778638,0.126678,-0.193604,-0.972867,-0.783211,0.582335,-0.217869,101.255,7.27766,52.1455,0.547093,0.710667,0.322316,-0.302911
687,1,-0.351072,-0.342646,1.57753,0.215692,-0.330822,1.75045,0.62668,0.775076,-0.0808093,0.113366,-0.19327,-0.974574,-0.770987,0.601585,-0.208985,101.217,6.50937,50.8948,0.553269,0.712203,0.311864,-0.299
695,1,-0.350014,-0.341288,1.57762,0.215692,-0.330822,1.75045,0.614147,0.784278,-0.0879265,0.134446,-0.213759,-0.967591,-0.777655,0.582422,-0.236722,102.458,7.72657,51.7003,0.539367,0.718441,0.319694,-0.301201
704,1,-0.350041,-0.341182,1.57727,0.215692,-0.330822,1.75045,0.624787,0.77392,-0.103388,0.112175,-0.220012,-0.969026,-0.772695,0.593837,-0.224275,102.792,6.44072,51.0416,0.543254,0.719214,0.308008,-0.304528
712,1,-0.35116,-0.342495,1.57631,0.215692,-0.330822,1.75045,0.646055,0.759415,-0.0768221,0.122175,-0.202233,-0.971687,-0.753449,0.618378,-0.223435,101.757,7.01764,49.3881,0.552356,0.719674,0.306246,-0.288419
719,1,-0.350823,-0.342259,1.57629,0.215692,-0.330822,1.75045,0.649773,0.756802,-0.0710289,0.120892,-0.195143,-0.973296,-0.750453,0.623834,-0.21829,101.337,6.94361,49.1126,0.555954,0.718193,0.305522,-0.285954
728,1,-0.351167,-0.342415,1.5766,0.215692,-0.330822,1.75045,0.658913,0.748992,-0.0695995,0.116558,-0.19307,-0.974237,-0.743134,0.633825,-0.214518,101.209,6.69352,48.4376,0.559313,0.718767,0.301054,-0.282683
736,1,-0.351685,-0.342528,1.57705,0.215692,-0.330822,1.75045,0.666591,0.742624,-0.0645423,0.113152,-0.186387,-0.975939,-0.736785,0.643249,-0.208273,100.812,6.49704,47.8634,0.5639,0.717853,0.298033,-0.279071
744,1,-0.351348,-0.342324,1.57654,0.215692,-0.330822,1.75045,0.659958,0.748989,-0.0589118,0.121751,-0.183996,-0.975358,-0.741372,0.636522,-0.21262,100.683,6.99318,48.325,0.561993,0.717038,0.303589,-0.279024
752,1,-0.350587,-0.341485,1.57654,0.215692,-0.330822,1.75045,0.665438,0.743246,-0.0691208,0.0926132,-0.17409,-0.980365,-0.740686,0.64597,-0.184681,100.069,5.31396,48.0632,0.571548,0.711373,0.293748,-0.284593
760,1,-0.351192,-0.341956,1.57704,0.215692,-0.330822,1.75045,0.642942,0.761789,-0.0793867,0.103683,-0.189263,-0.976437,-0.758864,0.619561,-0.20067,100.97,5.95131,49.7273,0.559689,0.712895,0.303507,-0.29396
769,1,-0.352173,-0.342394,1.57668,0.215692,-0.330822,1.75045,0.693122,0.719841,-0.037564,0.125058,-0.171412,-0.97723,-0.709889,0.672642,-0.208832,99.9488,7.18413,45.6847,0.572905,0.719959,0.293384,-0.259547