104,0,-0.339313,-0.388772,1.45942,-nan,-nan,-nan,0.826519,0.562754,0.0131874,0.175791,-0.235788,-0.955773,-0.534755,0.792283,-0.293811,103.858,10.1247,32.9027,0.569412,0.767483,0.240574,-0.169896
111,0,-0.338661,-0.388203,1.46386,-nan,-nan,-nan,0.825479,0.564041,0.0210079,0.155448,-0.191405,-0.969123,-0.542605,0.803257,-0.24568,101.172,8.9428,33.3178,0.589151,0.752091,0.239163,-0.173382
118,0,-0.338701,-0.388451,1.46737,-nan,-nan,-nan,0.817344,0.575602,0.0251038,0.152854,-0.174628,-0.972698,-0.555503,0.798866,-0.230714,100.178,8.79237,34.2018,0.594139,0.745434,0.244306,-0.177883
126,1,-0.339894,-0.389919,1.47359,-nan,-nan,-nan,0.809091,0.587034,0.027638,0.159384,-0.173922,-0.971776,-0.565658,0.790659,-0.234283,100.147,9.17115,34.9585,0.591795,0.744529,0.250634,-0.180658
134,1,-0.340807,-0.391135,1.4789,-nan,-nan,-nan,0.808401,0.587831,0.0306835,0.165261,-0.176623,-0.970306,-0.564957,0.789467,-0.239928,100.316,9.51237,34.948,0.589884,0.745814,0.25244,-0.179091
142,0,-0.345423,-0.382685,1.49854,-nan,-nan,-nan,0.7909,0.610182,0.0464244,0.218745,-0.211048,-0.952685,-0.571513,0.763634,-0.300392,102.491,12.6353,35.8523,0.565566,0.758673,0.27315,-0.173029
149,0,-0.349162,-0.371435,1.51302,-nan,-nan,-nan,0.761215,0.646738,0.0477577,0.235435,-0.206987,-0.949593,-0.604253,0.734088,-0.309827,102.297,13.6173,38.4426,0.557764,0.754657,0.292243,-0.184354
157,0,-0.358353,-0.365633,1.52018,-nan,-nan,-nan,0.733169,0.678886,0.0397037,0.21488,-0.175878,-0.960674,-0.645205,0.712868,-0.274827,100.375,12.4085,41.3485,0.56623,0.738897,0.302399,-0.204867
165,0,-0.366637,-0.358308,1.52731,-nan,-nan,-nan,0.71201,0.701323,0.0344473,0.202983,-0.158616,-0.96625,-0.67219,0.694972,-0.255293,99.3223,11.7115,43.3522,0.569671,0.729027,0.310107,-0.218697
171,0,-0.381173,-0.371837,1.52621,-nan,-nan,-nan,0.692288,0.720647,0.0374916,0.172814,-0.115122,-0.978204,-0.700623,0.683678,-0.204235,96.7121,9.95145,45.3428,0.585861,0.709162,0.31497,-0.233773
179,0,-0.390287,-0.346928,1.56354,-nan,-nan,-nan,0.714636,0.696081,0.0690357,0.193007,-0.10136,-0.975948,-0.672342,0.710772,-0.206784,95.9294,11.1283,43.2534,0.592978,0.711122,0.312565,-0.212096
186,0,-0.403424,-0.341442,1.58467,-nan,-nan,-nan,0.657285,0.748546,0.0874933,0.211834,-0.0720869,-0.974643,-0.723259,0.659153,-0.205949,94.23,12.2298,47.736,0.587207,0.695579,0.345173,-0.228502
195,0,-0.408779,-0.336512,1.6008,-nan,-nan,-nan,0.619927,0.781205,0.0735555,0.196326,-0.0636657,-0.97847,-0.759702,0.62102,-0.192839,93.7228,11.3222,50.7851,0.583828,0.684914,0.356808,-0.25045
202,0,-0.411338,-0.324073,1.61595,-nan,-nan,-nan,0.560632,0.826428,0.0520367,0.215272,-0.0847789,-0.972867,-0.799593,0.556623,-0.225437,94.9804,12.4315,54.9639,0.55911,0.683895,0.380797,-0.273272
210,0,-0.416966,-0.327927,1.638,-nan,-nan,-nan,0.552696,0.832824,0.0305128,0.184573,-0.086622,-0.978994,-0.812687,0.546717,-0.201593,95.0564,10.6362,55.781,0.562246,0.678401,0.374925,-0.288242
218,0,-0.419397,-0.33882,1.64863,-nan,-nan,-nan,0.554805,0.831931,0.00909274,0.170815,-0.103204,-0.979883,-0.814257,0.545197,-0.199364,96.0124,9.83519,55.7309,0.559517,0.681427,0.367884,-0.295396
226,0,-0.421966,-0.345412,1.65768,-nan,-nan,-nan,0.555427,0.831405,0.0163408,0.177308,-0.0992075,-0.979142,-0.812442,0.54674,-0.202517,95.7855,10.213,55.6415,0.559844,0.681387,0.370095,-0.292089
234,1,-0.424769,-0.347156,1.66738,-nan,-nan,-nan,0.55627,0.83039,0.0318584,0.190201,-0.0899071,-0.97762,-0.808942,0.54988,-0.207954,95.2544,10.9645,55.4856,0.560894,0.680832,0.374759,-0.285343
242,1,-0.427345,-0.347826,1.67657,-nan,-nan,-nan,0.556435,0.830068,0.0369847,0.187649,-0.0821791,-0.978792,-0.809424,0.551575,-0.201489,94.7993,10.8156,55.4936,0.564085,0.678252,0.375125,-0.284717
248,0,-0.429742,-0.349319,1.68483,-nan,-nan,-nan,0.536093,0.843367,0.0365592,0.192452,-0.0799364,-0.978045,-0.821928,0.531359,-0.205161,94.6724,11.0959,56.8861,0.55924,0.674757,0.383774,-0.290982
256,1,-0.431528,-0.350911,1.69245,-nan,-nan,-nan,0.523692,0.851216,0.0343057,0.186833,-0.0754696,-0.979489,-0.831168,0.51936,-0.198558,94.4059,10.768,57.7863,0.558942,0.670395,0.387103,-0.297161
263,0,-0.432956,-0.352064,1.69903,-nan,-nan,-nan,0.50507,0.862423,0.0336304,0.190629,-0.0734669,-0.978909,-0.841763,0.500828,-0.201508,94.292,10.9895,59.0357,0.554548,0.667092,0.394643,-0.302857
270,0,-0.435475,-0.353452,1.70877,-nan,-nan,-nan,0.41194,0.909898,0.0489033,0.206864,-0.041117,-0.977505,-0.887419,0.41279,-0.205163,92.4086,11.9386,65.0993,0.539829,0.643859,0.43362,-0.325582
278,1,-0.438291,-0.355565,1.72614,-nan,-nan,-nan,0.260249,0.962769,0.0731151,0.216939,0.0154831,-0.976062,-0.940855,0.269881,-0.204833,89.0912,12.5293,74.5381,0.517421,0.601996,0.489915,-0.360359
286,0,-0.421735,-0.357633,1.75261,-nan,-nan,-nan,0.322228,0.945991,0.035648,0.203014,-0.0322732,-0.978644,-0.924637,0.322584,-0.202449,91.8888,11.7133,70.787,0.521418,0.623889,0.46042,-0.356229
294,0,-0.416968,-0.359829,1.76758,-nan,-nan,-nan,0.298176,0.954449,0.010879,0.186361,-0.0470348,-0.981355,-0.936141,0.294644,-0.191897,92.744,10.7405,72.3325,0.514598,0.619901,0.460078,-0.373149
304,0,-0.422976,-0.361157,1.77661,-nan,-nan,-nan,0.345136,0.938442,0.014397,0.170726,-0.0476904,-0.984164,-0.922894,0.342128,-0.176676,92.7743,9.83004,69.4956,0.529332,0.626399,0.442677,-0.362587
314,0,-0.42438,-0.362741,1.78344,-nan,-nan,-nan,0.370706,0.928197,0.0320591,0.167989,-0.0330629,-0.985234,-0.913431,0.370618,-0.168184,91.922,9.67093,67.9108,0.540708,0.626888,0.437154,-0.351487
322,0,-0.425525,-0.36415,1.78976,-nan,-nan,-nan,0.369402,0.928227,0.0440043,0.198959,-0.0327459,-0.97946,-0.907721,0.37057,-0.196776,91.9148,11.4761,67.8558,0.533826,0.632243,0.445709,-0.341529
331,0,-0.426639,-0.366118,1.7943,-nan,-nan,-nan,0.369078,0.92831,0.0449636,0.214854,-0.0381532,-0.975901,-0.904223,0.369844,-0.213533,92.2389,12.407,67.7961,0.528534,0.636546,0.448971,-0.337469
340,1,-0.4295,-0.368385,1.80551,-nan,-nan,-nan,0.382526,0.922677,0.0483825,0.226322,-0.0428019,-0.973112,-0.895797,0.38319,-0.225195,92.5185,13.0806,66.8764,0.527856,0.642363,0.447176,-0.329803
348,0,-0.43159,-0.371132,1.815,-nan,-nan,-nan,0.387328,0.920541,0.0508048,0.220419,-0.0389542,-0.974627,-0.895205,0.388699,-0.217993,92.2888,12.7337,66.6033,0.531597,0.641147,0.444891,-0.329254
357,0,-0.433209,-0.371919,1.82231,-nan,-nan,-nan,0.376422,0.925014,0.0515314,0.218069,-0.0344059,-0.975327,-0.900418,0.378372,-0.214668,92.0203,12.5956,67.3125,0.530883,0.637475,0.448286,-0.33291
365,0,-0.435106,-0.372954,1.82979,-nan,-nan,-nan,0.378648,0.924732,0.038669,0.197069,-0.0397306,-0.979584,-0.904317,0.378538,-0.19728,92.3226,11.3656,67.2804,0.534237,0.635543,0.441277,-0.340515
373,0,-0.437099,-0.374529,1.83786,-nan,-nan,-nan,0.381245,0.923861,0.0336453,0.18737,-0.0415802,-0.981409,-0.905287,0.380462,-0.188957,92.426,10.7994,67.1625,0.536355,0.63478,0.437645,-0.343285
381,0,-0.44018,-0.377183,1.8512,-nan,-nan,-nan,0.374924,0.926533,0.0311337,0.169947,-0.0356774,-0.984807,-0.911345,0.374519,-0.170837,92.0748,9.78471,67.6379,0.540465,0.628776,0.435958,-0.34997
389,1,-0.441646,-0.378184,1.85766,-nan,-nan,-nan,0.340951,0.939458,0.0342231,0.166416,-0.0244867,-0.985752,-0.925234,0.341788,-0.16469,91.423,9.5795,69.771,0.536604,0.618492,0.447004,-0.360155
397,0,-0.444195,-0.38035,1.8678,-nan,-nan,-nan,0.344929,0.937955,0.0355498,0.171982,-0.0259219,-0.984759,-0.922739,0.345786,-0.170253,91.5079,9.90308,69.5038,0.5359,0.620706,0.447046,-0.357331
404,0,-0.446089,-0.39232,1.87863,-nan,-nan,-nan,0.418627,0.907997,0.0171224,0.166639,-0.0582667,-0.984295,-0.892739,0.414906,-0.175699,93.3878,9.59243,64.877,0.544211,0.642766,0.417973,-0.340566
412,0,-0.447544,-0.396918,1.88346,-nan,-nan,-nan,0.431428,0.902097,0.0094705,0.152551,-0.0626031,-0.986311,-0.889156,0.426967,-0.164625,93.6318,8.77481,64.1168,0.54868,0.643944,0.409449,-0.341522
420,0,-0.44851,-0.39889,1.88681,-nan,-nan,-nan,0.435712,0.899957,0.0152836,0.151917,-0.0567926,-0.98676,-0.887173,0.432265,-0.161464,93.294,8.73805,63.8433,0.551692,0.643033,0.40895,-0.338975
428,1,-0.458888,-0.394793,1.87724,-nan,-nan,-nan,0.424103,0.905228,0.0264443,0.15477,-0.0436777,-0.986985,-0.892291,0.422676,-0.158626,92.5339,8.90345,64.5784,0.552675,0.637653,0.415585,-0.339466
435,1,-0.470886,-0.394267,1.87355,-nan,-nan,-nan,0.424656,0.905045,0.0237026,0.150184,-0.0446015,-0.987652,-0.892812,0.422972,-0.154863,92.5857,8.63756,64.5624,0.553442,0.637205,0.414007,-0.340985
443,1,-0.484851,-0.395313,1.8737,-nan,-nan,-nan,0.422195,0.906478,-0.0070267,0.14962,-0.077327,-0.985715,-0.894072,0.415113,-0.168274,94.4855,8.60491,64.7226,0.542355,0.645716,0.408886,-0.348876
451,0,-0.498841,-0.395471,1.87953,-nan,-nan,-nan,0.403576,0.914096,0.0394369,0.177299,-0.0358467,-0.983504,-0.897603,0.40391,-0.176535,92.0874,10.2125,65.7906,0.545709,0.635602,0.429276,-0.337541
459,0,-0.502689,-0.397199,1.88426,-nan,-nan,-nan,0.394195,0.916493,0.0681942,0.246164,-0.0338039,-0.968639,-0.885445,0.39862,-0.238933,91.9987,14.2506,66.0016,0.529495,0.645549,0.450259,-0.316495
467,0,-0.521458,-0.395153,1.87464,-nan,-nan,-nan,0.421078,0.905197,0.0575461,0.193199,-0.0275214,-0.980774,-0.886209,0.4241,-0.186472,91.6073,11.1395,64.5855,0.549337,0.63935,0.429497,-0.324026
475,0,-0.541345,-0.397263,1.88758,-nan,-nan,-nan,0.39178,0.919005,0.0440251,0.147932,-0.0156926,-0.988873,-0.908088,0.393933,-0.142098,90.9092,8.50709,66.663,0.555425,0.622409,0.428551,-0.347064
482,0,-0.552922,-0.397166,1.88717,-nan,-nan,-nan,0.39203,0.919297,0.0347221,0.145688,-0.0247723,-0.98902,-0.908343,0.392784,-0.143642,91.4348,8.3771,66.6555,0.553086,0.624589,0.426274,-0.349679
490,1,-0.562216,-0.395326,1.87995,-nan,-nan,-nan,0.400455,0.91284,0.0797451,0.221439,-0.0119595,-0.975101,-0.889157,0.408143,-0.206928,90.7027,12.7936,65.7543,0.5435,0.636267,0.445677,-0.318032
498,0,-0.573415,-0.395505,1.87248,-nan,-nan,-nan,0.376027,0.922655,0.0855064,0.238484,-0.00719588,-0.97112,-0.895393,0.385559,-0.222744,90.4245,13.7971,67.2197,0.535277,0.633634,0.458127,-0.319541
506,0,-0.585298,-0.394248,1.86667,-nan,-nan,-nan,0.357761,0.930897,0.0737377,0.241103,-0.0157958,-0.970371,-0.902151,0.364939,-0.230093,90.9326,13.9517,68.3685,0.527227,0.633177,0.462746,-0.327086
514,0,-0.595378,-0.393127,1.86237,-nan,-nan,-nan,0.359937,0.931018,0.0604186,0.220302,-0.0218849,-0.975186,-0.906594,0.364316,-0.212982,91.2856,12.7268,68.3459,0.530347,0.631428,0.45584,-0.335025
522,1,-0.602938,-0.390971,1.85289,-nan,-nan,-nan,0.407857,0.912813,0.0206329,0.202027,-0.0681848,-0.977003,-0.890414,0.402646,-0.212223,93.9922,11.6555,65.3897,0.530907,0.649666,0.429005,-0.334703
529,1,-0.603803,-0.389687,1.85138,-nan,-nan,-nan,0.411511,0.91095,0.0287981,0.18892,-0.0543459,-0.980488,-0.89161,0.408922,-0.194461,93.1725,10.8898,65.2249,0.539144,0.644266,0.426792,-0.334804
537,0,-0.600906,-0.388579,1.84859,-nan,-nan,-nan,0.398236,0.917012,0.0223069,0.178943,-0.0538132,-0.982387,-0.89966,0.395213,-0.185523,93.1354,10.3082,66.1234,0.538261,0.639838,0.428216,-0.342803
544,0,-0.597857,-0.38454,1.84349,-nan,-nan,-nan,0.294401,0.955546,0.0161308,0.140095,-0.0264539,-0.989785,-0.945358,0.293653,-0.141655,91.531,8.05333,72.7025,0.530635,0.604671,0.45299,-0.384187
551,1,-0.593592,-0.379841,1.83512,-nan,-nan,-nan,0.189005,0.981933,-0.00915483,0.0781137,-0.0243275,-0.996648,-0.978864,0.187656,-0.0813004,91.3983,4.48015,79.0715,0.520427,0.56891,0.465824,-0.434172
558,1,-0.59227,-0.378623,1.83132,-nan,-nan,-nan,0.184246,0.982802,-0.0124359,0.0643261,-0.0246827,-0.997624,-0.980773,0.183008,-0.0677675,91.4173,3.68816,79.3605,0.522445,0.564955,0.463368,-0.439508
566,0,-0.589126,-0.378405,1.82399,-nan,-nan,-nan,0.205627,0.978624,-0.0035322,0.0676599,-0.0178171,-0.997549,-0.976289,0.204884,-0.0698773,91.0232,3.87959,78.1061,0.528662,0.568622,0.460009,-0.430788
574,0,-0.590134,-0.379483,1.82365,-nan,-nan,-nan,0.228089,0.973267,-0.026957,0.0079893,-0.0295568,-0.999531,-0.973608,0.227766,-0.0145173,91.6938,0.457758,76.815,0.544062,0.563951,0.434992,-0.443551
580,1,-0.589829,-0.381492,1.82195,-nan,-nan,-nan,0.253362,0.965969,-0.0520744,-0.062236,-0.0374429,-0.997359,-0.965367,0.255934,0.0506314,92.15,-3.56816,75.2943,0.562706,0.556815,0.40576,-0.456813
588,1,-0.588231,-0.381658,1.81827,-nan,-nan,-nan,0.291268,0.955848,-0.0389606,-0.0842561,-0.0149361,-0.996332,-0.952924,0.293482,0.0761857,90.8589,-4.83325,73.0039,0.581489,0.554531,0.392941,-0.447173
594,0,-0.583344,-0.377385,1.80947,-nan,-nan,-nan,0.297554,0.951167,0.0821213,0.0379408,0.0741683,-0.996524,-0.953951,0.299635,-0.0140189,85.7435,2.17437,72.6764,0.582603,0.556193,0.444588,-0.391873
602,0,-0.578852,-0.380258,1.79399,-nan,-nan,-nan,0.439461,0.89197,0.106135,-0.0165017,0.126152,-0.991874,-0.89811,0.434138,0.070158,82.7517,-0.945521,63.9267,0.639486,0.557483,0.392598,-0.355157
610,0,-0.579189,-0.37709,1.78926,-nan,-nan,-nan,0.461278,0.884925,0.0642723,-0.0120571,0.0786847,-0.996827,-0.887174,0.459039,0.0469651,85.4867,-0.690836,62.5283,0.629867,0.577847,0.377638,-0.356021
617,0,-0.577515,-0.374981,1.78206,-nan,-nan,-nan,0.503706,0.863808,0.0107903,-0.0464939,0.0395799,-0.998134,-0.862623,0.502265,0.0600984,87.7292,-2.66486,59.7183,0.633124,0.592458,0.344882,-0.359448
624,0,-0.576142,-0.378348,1.79072,-nan,-nan,-nan,0.527001,0.849669,0.0182516,-0.0857072,0.0745012,-0.993531,-0.845532,0.522028,0.112085,85.7116,-4.91669,58.0656,0.65452,0.578881,0.32993,-0.357275
632,1,-0.576861,-0.377899,1.79247,-nan,-nan,-nan,0.544662,0.838501,0.0161082,-0.0961835,0.0815349,-0.992019,-0.833122,0.538765,0.125059,85.3014,-5.51944,56.825,0.661675,0.578374,0.320864,-0.353151
639,1,-0.578856,-0.377396,1.79192,-nan,-nan,-nan,0.556596,0.830779,0.00251659,-0.104656,0.0731209,-0.991817,-0.824165,0.551778,0.127645,85.7835,-6.00737,55.967,0.662828,0.582201,0.311801,-0.35282
646,0,-0.579911,-0.377299,1.79115,-nan,-nan,-nan,0.570356,0.821244,-0.0158839,-0.1177,0.0625742,-0.991076,-0.812921,0.567135,0.13235,86.3873,-6.75938,54.946,0.664319,0.586394,0.299945,-0.353348
654,1,-0.578632,-0.378208,1.79513,-nan,-nan,-nan,0.554147,0.830699,0.0534768,-0.0643773,0.106818,-0.992192,-0.829926,0.546378,0.112671,83.8553,-3.6911,56.2687,0.66589,0.577637,0.331662,-0.336045
662,1,-0.579535,-0.377603,1.79381,-nan,-nan,-nan,0.542062,0.839883,0.0276534,-0.0625381,0.0731347,-0.995359,-0.838008,0.537817,0.0921682,85.7977,-3.58551,57.1033,0.653331,0.586677,0.331249,-0.345316
669,0,-0.579528,-0.376897,1.79105,-nan,-nan,-nan,0.536562,0.843858,0.00228134,-0.0572534,0.0391012,-0.997594,-0.841917,0.53514,0.0692939,87.7554,-3.28217,57.4902,0.641279,0.59753,0.329107,-0.351294
676,0,-0.57861,-0.37634,1.78773,-nan,-nan,-nan,0.541093,0.840684,-0.0216428,-0.0622179,0.0143538,-0.997959,-0.838658,0.541335,0.0600724,89.176,-3.56713,57.1704,0.635515,0.60553,0.321399,-0.355185
683,0,-0.578306,-0.379534,1.79131,-nan,-nan,-nan,0.528905,0.847757,0.0395923,-0.13696,0.131301,-0.981836,-0.837557,0.513875,0.185555,82.383,-7.87196,57.7282,0.679294,0.550465,0.322817,-0.362405
690,0,-0.576812,-0.375867,1.78247,-nan,-nan,-nan,0.523698,0.850705,-0.0451857,-0.0898113,0.00238748,-0.995956,-0.847157,0.525638,0.0776532,89.8627,-5.15275,58.2763,0.633194,0.600761,0.316637,-0.371338
698,1,-0.574378,-0.374244,1.77615,-nan,-nan,-nan,0.514532,0.854929,-0.0659761,-0.0925213,-0.0211399,-0.995486,-0.852465,0.518313,0.068222,91.2165,-5.30867,58.8856,0.624823,0.605692,0.314685,-0.379088
705,0,-0.572871,-0.3731,1.7723,-nan,-nan,-nan,0.522834,0.849514,-0.0705049,-0.0994905,-0.0213321,-0.99481,-0.846609,0.527135,0.0733654,91.2284,-5.70983,58.3021,0.627469,0.606383,0.30922,-0.378108
712,0,-0.572599,-0.371936,1.77053,-nan,-nan,-nan,0.507906,0.857364,-0.0834234,-0.142729,-0.0117459,-0.989692,-0.849506,0.514577,0.116405,90.68,-8.20581,59.1255,0.634934,0.592294,0.301639,-0.393778
719,1,-0.571809,-0.371177,1.76753,-nan,-nan,-nan,0.493516,0.866287,-0.077386,-0.157559,0.00154512,-0.987508,-0.855346,0.499544,0.137254,89.9104,-9.06524,60.016,0.63881,0.581962,0.304457,-0.400685
727,0,-0.576374,-0.378658,1.79023,-nan,-nan,-nan,0.529881,0.847661,0.0263893,-0.0587594,0.0677376,-0.995971,-0.846034,0.526196,0.085701,86.1092,-3.36861,57.9406,0.648714,0.586609,0.336213,-0.349314
734,0,-0.572676,-0.374364,1.77264,-nan,-nan,-nan,0.551645,0.832834,-0.0455673,-0.119118,0.0245927,-0.992576,-0.82553,0.552977,0.112772,88.5807,-6.84118,56.2479,0.649809,0.594618,0.300073,-0.366242
742,0,-0.577288,-0.376531,1.7895,-nan,-nan,-nan,0.57806,0.813903,0.058391,-0.00406525,0.0744297,-0.997218,-0.815984,0.576214,0.0463335,85.7315,-0.232923