169,0,-0.335305,-0.38848,1.45967,0.45415,-0.643639,1.90966,0.828673,0.5597,0.00610472,0.17456,-0.248055,-0.952889,-0.531818,0.790699,-0.303258,104.591,10.0531,32.6911,0.565102,0.77136,0.237976,-0.170385
177,0,-0.329003,-0.3877,1.46427,0.45415,-0.643639,1.90966,0.829879,0.557439,0.0237075,0.162622,-0.201017,-0.965995,-0.533718,0.805514,-0.257472,101.755,9.35909,32.7462,0.585532,0.756368,0.238,-0.168572
185,0,-0.319839,-0.389981,1.47336,0.45415,-0.643639,1.90966,0.830945,0.554972,0.0391958,0.161514,-0.173214,-0.97155,-0.532394,0.813636,-0.233567,100.109,9.2948,32.648,0.596692,0.747952,0.239483,-0.16485
193,0,-0.315101,-0.391978,1.48094,0.45415,-0.643639,1.90966,0.833374,0.551571,0.0354476,0.153952,-0.170055,-0.973334,-0.530835,0.816609,-0.226635,99.9104,8.85604,32.4959,0.599309,0.74667,0.236223,-0.165866
201,0,-0.301039,-0.393462,1.48646,0.45415,-0.643639,1.90966,0.825808,0.563167,0.02975,0.152302,-0.171916,-0.973267,-0.542997,0.808262,-0.227741,100.017,8.76035,33.3263,0.597108,0.7459,0.239801,-0.172023
209,0,-0.286367,-0.394987,1.49281,0.45415,-0.643639,1.90966,0.765558,0.642525,0.0329006,0.167044,-0.149125,-0.974607,-0.621303,0.751614,-0.221494,98.6994,9.61598,39.0617,0.590538,0.730783,0.276952,-0.201292
217,0,-0.273156,-0.395533,1.49512,0.45415,-0.643639,1.90966,0.710707,0.702906,0.0286254,0.183473,-0.145919,-0.972134,-0.679142,0.696154,-0.23267,98.5365,10.5721,43.699,0.577087,0.72272,0.306612,-0.225024
225,0,-0.271773,-0.395808,1.49459,0.45415,-0.643639,1.90966,0.726633,0.686526,0.0262028,0.186714,-0.16063,-0.969193,-0.661167,0.709141,-0.244903,99.4104,10.7611,42.2992,0.574696,0.730097,0.299015,-0.217425
233,0,-0.27205,-0.396342,1.49615,0.45415,-0.643639,1.90966,0.712067,0.701934,0.0158062,0.18297,-0.163782,-0.96938,-0.677852,0.693155,-0.245057,99.5899,10.5428,43.5899,0.570795,0.728167,0.303812,-0.227299
241,0,-0.273472,-0.397499,1.50243,0.45415,-0.643639,1.90966,0.723615,0.689719,0.0258754,0.190405,-0.163447,-0.968004,-0.663421,0.705389,-0.249598,99.5839,10.9764,42.5151,0.572401,0.730866,0.301055,-0.218079
250,0,-0.275567,-0.388153,1.51571,0.45415,-0.643639,1.90966,0.837509,0.546103,0.0187319,0.159288,-0.211207,-0.964375,-0.522692,0.810656,-0.263875,102.353,9.16558,31.9684,0.583615,0.76036,0.231927,-0.165698
258,0,-0.27761,-0.376494,1.52271,0.45415,-0.643639,1.90966,0.854022,0.520151,0.00942782,0.151606,-0.231501,-0.960949,-0.497656,0.822101,-0.276565,103.545,8.72003,30.2302,0.580077,0.768454,0.218542,-0.158834
266,0,-0.280307,-0.373085,1.53434,0.45415,-0.643639,1.90966,0.829244,0.558781,0.0108627,0.150203,-0.2041,-0.967358,-0.538325,0.803808,-0.253179,101.914,8.63872,32.9906,0.585654,0.756063,0.234433,-0.174411
274,0,-0.288277,-0.366684,1.55061,0.45415,-0.643639,1.90966,0.770696,0.634199,0.0617995,0.194633,-0.141947,-0.970551,-0.606751,0.760028,-0.232834,98.3208,11.2233,38.2125,0.590744,0.732372,0.282927,-0.186023
282,0,-0.289613,-0.3681,1.55577,0.45415,-0.643639,1.90966,0.748057,0.661829,0.0489129,0.193385,-0.146887,-0.970065,-0.634833,0.735123,-0.237867,98.6103,11.1504,40.3194,0.583803,0.730207,0.292798,-0.200601
290,0,-0.291076,-0.368039,1.56328,0.45415,-0.643639,1.90966,0.770087,0.636023,0.0493991,0.18951,-0.15414,-0.969705,-0.60914,0.756119,-0.239234,99.0319,10.9242,38.344,0.586667,0.735435,0.280627,-0.190275
299,0,-0.292534,-0.368146,1.57236,0.45415,-0.643639,1.90966,0.819697,0.57265,0.0129668,0.134098,-0.169842,-0.976305,-0.556879,0.802013,-0.21601,99.8687,7.70646,34.1911,0.598716,0.742555,0.237945,-0.183122
307,0,-0.293992,-0.369914,1.58023,0.45415,-0.643639,1.90966,0.844555,0.535304,0.0132511,0.126641,-0.175636,-0.976276,-0.520277,0.826197,-0.216126,100.199,7.27554,31.6346,0.602659,0.747716,0.221323,-0.169525
316,0,-0.294617,-0.371592,1.58595,0.45415,-0.643639,1.90966,0.864786,0.501546,0.0244498,0.134996,-0.185316,-0.973362,-0.483655,0.84505,-0.227965,100.779,7.7584,29.2173,0.602392,0.754663,0.210869,-0.152122
324,0,-0.297573,-0.374811,1.60008,0.45415,-0.643639,1.90966,0.888651,0.457998,0.0231661,0.116278,-0.176172,-0.977468,-0.443597,0.871321,-0.209811,100.217,6.67735,26.5275,0.612917,0.754095,0.190386,-0.139383
332,0,-0.299723,-0.37719,1.61098,0.45415,-0.643639,1.90966,0.895626,0.444031,0.0262942,0.115989,-0.176069,-0.977521,-0.42942,0.878542,-0.209194,100.21,6.66069,25.616,0.614484,0.755131,0.185405,-0.133462
340,0,-0.301641,-0.380436,1.62344,0.45415,-0.643639,1.90966,0.883599,0.467634,0.0239185,0.122478,-0.181516,-0.975731,-0.451943,0.865084,-0.217662,100.538,7.03512,27.0888,0.609184,0.755443,0.195286,-0.141647
349,0,-0.303567,-0.382917,1.63319,0.45415,-0.643639,1.90966,0.876898,0.479945,0.0265178,0.129893,-0.183488,-0.974402,-0.462794,0.857896,-0.223242,100.664,7.46342,27.8234,0.606252,0.755584,0.201777,-0.144351
357,0,-0.305286,-0.385229,1.64268,0.45415,-0.643639,1.90966,0.879523,0.475014,0.0282837,0.131186,-0.184908,-0.973961,-0.457415,0.860332,-0.224946,100.75,7.53812,27.4777,0.60615,0.756534,0.200321,-0.141808
365,0,-0.307621,-0.387896,1.65415,0.45415,-0.643639,1.90966,0.880488,0.473079,0.0306226,0.131543,-0.181746,-0.974507,-0.455453,0.86207,-0.222256,100.564,7.55878,27.3513,0.607554,0.755726,0.200014,-0.140537
374,0,-0.309525,-0.390561,1.66463,0.45415,-0.643639,1.90966,0.875099,0.482997,0.0302748,0.137565,-0.188288,-0.972432,-0.463981,0.855138,-0.231214,100.958,7.90696,27.9327,0.60324,0.757397,0.204834,-0.143157
381,0,-0.311769,-0.393482,1.67622,0.45415,-0.643639,1.90966,0.869988,0.492196,0.0293802,0.139959,-0.189373,-0.971879,-0.472791,0.849636,-0.23364,101.026,8.04548,28.5217,0.601451,0.757133,0.208733,-0.146411
389,0,-0.313583,-0.39627,1.68537,0.45415,-0.643639,1.90966,0.870192,0.49193,0.0277556,0.134338,-0.182684,-0.973951,-0.474045,0.851253,-0.225055,100.624,7.72036,28.5797,0.60466,0.754641,0.207472,-0.147848
397,0,-0.315279,-0.398912,1.69608,0.45415,-0.643639,1.90966,0.876946,0.479914,0.0254495,0.131784,-0.189208,-0.973054,-0.462167,0.85667,-0.22917,101.004,7.57267,27.7901,0.603856,0.757516,0.201876,-0.144128
405,0,-0.318017,-0.404371,1.70975,0.45415,-0.643639,1.90966,0.861042,0.507895,0.0255021,0.139999,-0.188536,-0.972036,-0.488884,0.840534,-0.233442,100.977,8.04781,29.5871,0.599805,0.755483,0.214397,-0.15334
412,0,-0.321746,-0.407392,1.7301,0.45415,-0.643639,1.90966,0.892735,0.450563,0.00413958,0.107754,-0.204563,-0.972904,-0.437508,0.868992,-0.231171,101.874,6.18588,26.1084,0.603531,0.762966,0.182943,-0.142001
421,0,-0.325805,-0.412011,1.75304,0.45415,-0.643639,1.90966,0.926141,0.376971,-0.0124823,0.0788509,-0.225871,-0.970961,-0.368843,0.898262,-0.238913,103.096,4.52252,21.7153,0.604433,0.773131,0.147395,-0.123306
429,0,-0.331723,-0.406699,1.75983,0.45415,-0.643639,1.90966,0.86828,0.496034,-0.00634428,0.100856,-0.189036,-0.976777,-0.485714,0.847476,-0.214164,100.953,5.78846,29.2226,0.605203,0.753571,0.19802,-0.163242
438,0,-0.330949,-0.408325,1.76674,0.45415,-0.643639,1.90966,0.837995,0.54567,0.0030219,0.118701,-0.17688,-0.977048,-0.532612,0.81912,-0.212996,100.261,6.81715,32.4392,0.601689,0.746303,0.222554,-0.177404
446,0,-0.330385,-0.410288,1.77511,0.45415,-0.643639,1.90966,0.808977,0.587826,0.00421683,0.130195,-0.172173,-0.976425,-0.573242,0.790454,-0.215816,100,7.48089,35.3214,0.596026,0.741108,0.242212,-0.191951
454,0,-0.338404,-0.414625,1.78964,0.45415,-0.643639,1.90966,0.843588,0.536801,0.0142748,0.138714,-0.192156,-0.971511,-0.518766,0.821535,-0.236563,101.188,7.97346,31.5895,0.594741,0.753709,0.224064,-0.167336
462,0,-0.340264,-0.414603,1.79563,0.45415,-0.643639,1.90966,0.822068,0.567986,0.0399452,0.143616,-0.138952,-0.97983,-0.550979,0.811224,-0.1958,98.0714,8.25716,33.8314,0.609778,0.734306,0.24227,-0.173985
471,0,-0.342543,-0.417629,1.80967,0.45415,-0.643639,1.90966,0.837796,0.544866,0.0349103,0.144475,-0.159578,-0.976556,-0.526521,0.823199,-0.212413,99.2806,8.30687,32.1477,0.605352,0.743268,0.231862,-0.165355
479,0,-0.346668,-0.422954,1.82673,0.45415,-0.643639,1.90966,0.850801,0.522923,0.0518629,0.162651,-0.168209,-0.97224,-0.499683,0.835618,-0.228167,99.8157,9.36081,30.4261,0.602998,0.749529,0.228668,-0.149367
487,0,-0.352064,-0.427847,1.84457,0.45415,-0.643639,1.90966,0.858397,0.506808,0.0793759,0.187023,-0.165099,-0.968383,-0.477679,0.846102,-0.236505,99.6753,10.7791,29.095,0.603489,0.751665