105,0,-0.337705,-0.39433,1.456,-nan,-nan,-nan,0.832377,0.553596,0.026084,0.190408,-0.24146,-0.951547,-0.520475,0.797012,-0.306395,104.239,10.9766,32.0172,0.566684,0.7714,0.241122,-0.160225
113,0,-0.338141,-0.396896,1.45761,-nan,-nan,-nan,0.838217,0.545299,0.00641324,0.15292,-0.223743,-0.962577,-0.523458,0.807829,-0.270932,103.086,8.79618,31.9844,0.579556,0.76369,0.228568,-0.169259
121,0,-0.338575,-0.396561,1.4598,-nan,-nan,-nan,0.841383,0.54041,-0.00565587,0.130254,-0.212931,-0.968346,-0.524508,0.814013,-0.249547,102.401,7.48425,31.9389,0.587134,0.758924,0.220926,-0.174643
129,0,-0.339551,-0.397503,1.46332,-nan,-nan,-nan,0.838251,0.545214,-0.0087975,0.128698,-0.213495,-0.96843,-0.52988,0.810655,-0.24913,102.432,7.39434,32.298,0.586435,0.758432,0.22214,-0.177563
136,0,-0.340725,-0.398146,1.46582,-nan,-nan,-nan,0.850517,0.525818,-0.0117055,0.125278,-0.224154,-0.966468,-0.51081,0.820531,-0.25652,103.058,7.19683,30.9885,0.585201,0.763412,0.213219,-0.171112
144,0,-0.340412,-0.398157,1.46393,-nan,-nan,-nan,0.861749,0.507256,-0.00899844,0.128366,-0.235164,-0.963442,-0.490827,0.82909,-0.267767,103.717,7.37516,29.6646,0.582842,0.768876,0.206672,-0.162518
152,0,-0.339802,-0.397485,1.46058,-nan,-nan,-nan,0.858013,0.513556,-0.00863776,0.13501,-0.241728,-0.960906,-0.495566,0.823303,-0.276741,104.12,7.75922,30.0096,0.578693,0.770792,0.210357,-0.163534
159,0,-0.339798,-0.397535,1.46067,-nan,-nan,-nan,0.855489,0.517817,-0.00177201,0.141514,-0.237086,-0.961126,-0.498108,0.821983,-0.276103,103.857,8.13548,30.2101,0.579289,0.769525,0.214201,-0.162399
166,0,-0.342068,-0.399679,1.46968,-nan,-nan,-nan,0.855246,0.518221,-0.000960802,0.141449,-0.235224,-0.961593,-0.498544,0.822263,-0.274476,103.746,8.13171,30.2389,0.579989,0.768919,0.21448,-0.162405
174,0,-0.341237,-0.398257,1.46334,-nan,-nan,-nan,0.861216,0.508217,-0.00480179,0.136795,-0.24089,-0.960864,-0.489484,0.826854,-0.27698,104.074,7.86245,29.6123,0.579514,0.771214,0.20909,-0.16023
181,0,-0.340729,-0.39833,1.46393,-nan,-nan,-nan,0.88863,0.458594,0.00525213,0.130107,-0.241096,-0.961741,-0.439782,0.855315,-0.273912,104.073,7.47575,26.3308,0.586008,0.775184,0.189859,-0.140138
189,0,-0.340191,-0.397255,1.46143,-nan,-nan,-nan,0.909041,0.416641,0.00735745,0.119583,-0.243915,-0.962396,-0.399179,0.875737,-0.271552,104.222,6.86804,23.7073,0.590249,0.778542,0.172189,-0.125819
197,0,-0.340072,-0.395531,1.4619,-nan,-nan,-nan,0.928163,0.370634,0.033828,0.146413,-0.280062,-0.948751,-0.342165,0.885548,-0.314209,106.446,8.41909,20.2363,0.577471,0.794109,0.162776,-0.0970702
204,0,-0.339387,-0.396373,1.46162,-nan,-nan,-nan,0.934612,0.353066,0.0429553,0.146161,-0.271159,-0.951372,-0.324249,0.895442,-0.305033,105.909,8.4045,19.1334,0.582756,0.792276,0.157529,-0.0887614
212,0,-0.338575,-0.393594,1.45626,-nan,-nan,-nan,0.940702,0.338614,0.020475,0.120958,-0.278418,-0.952813,-0.316936,0.89879,-0.302867,106.289,6.94738,18.6194,0.58297,0.794038,0.144695,-0.0933395
220,0,-0.337454,-0.390632,1.45113,-nan,-nan,-nan,0.942336,0.334659,-0.002498,0.0963661,-0.278481,-0.955595,-0.320494,0.900251,-0.294673,106.247,5.52995,18.7835,0.58506,0.793015,0.135882,-0.101824
226,0,-0.336438,-0.389098,1.4462,-nan,-nan,-nan,0.943931,0.329818,-0.0146301,0.0788144,-0.268155,-0.960146,-0.320596,0.905159,-0.279115,105.604,4.52042,18.7595,0.590902,0.789177,0.129449,-0.106195
234,0,-0.334883,-0.387995,1.43973,-nan,-nan,-nan,0.935964,0.351825,-0.0138311,0.0812406,-0.254014,-0.963783,-0.342596,0.900942,-0.26633,104.765,4.65988,20.1044,0.594899,0.78363,0.13816,-0.11371
242,0,-0.33216,-0.389617,1.44494,-nan,-nan,-nan,0.93305,0.354239,-0.0627025,0.0510635,-0.302945,-0.951639,-0.356103,0.884725,-0.300752,107.658,2.92699,20.8896,0.576488,0.796358,0.127236,-0.131475
250,0,-0.32967,-0.389368,1.4428,-nan,-nan,-nan,0.936486,0.332439,-0.111705,0.00791567,-0.33847,-0.940944,-0.350615,0.880297,-0.319604,109.784,0.453539,20.5256,0.565335,0.805382,0.10565,-0.14351
258,0,-0.329553,-0.386589,1.43467,-nan,-nan,-nan,0.937998,0.330157,-0.105626,0.0136021,-0.339534,-0.940495,-0.346375,0.880746,-0.322973,109.85,0.779368,20.2677,0.564688,0.806304,0.106585,-0.140146
264,0,-0.327347,-0.386091,1.43076,-nan,-nan,-nan,0.950615,0.288155,-0.11532,-0.0106822,-0.340956,-0.940019,-0.31019,0.894827,-0.32104,109.936,-0.612057,18.0717,0.567587,0.808179,0.0858327,-0.131626
272,0,-0.324584,-0.38407,1.42032,-nan,-nan,-nan,0.956952,0.262169,-0.124538,-0.0177967,-0.37527,-0.926745,-0.289699,0.889067,-0.354449,112.045,-1.01973,16.8427,0.553903,0.819553,0.0745444,-0.126361
280,0,-0.321258,-0.381181,1.40467,-nan,-nan,-nan,0.956522,0.267868,-0.115384,0.00494902,-0.41046,-0.911865,-0.29162,0.871648,-0.39394,114.234,0.283559,16.9552,0.536685,0.830801,0.0820944,-0.122473
288,0,-0.319152,-0.379326,1.39453,-nan,-nan,-nan,0.947197,0.303199,-0.104348,0.0396696,-0.433729,-0.90017,-0.318189,0.848498,-0.422855,115.726,2.27349,18.5686,0.522162,0.837225,0.102382,-0.126172
296,0,-0.317196,-0.377785,1.38723,-nan,-nan,-nan,0.94,0.322766,-0.110557,0.0410226,-0.428623,-0.902552,-0.3387,0.843863,-0.416146,115.403,2.35108,19.8151,0.523267,0.834381,0.108999,-0.134608
303,0,-0.314568,-0.375581,1.37824,-nan,-nan,-nan,0.93721,0.326117,-0.123634,0.026987,-0.421237,-0.906549,-0.34772,0.84629,-0.403588,114.922,1.54643,20.3557,0.527348,0.830968,0.106233,-0.141809
311,0,-0.313018,-0.372961,1.36962,-nan,-nan,-nan,0.933101,0.33517,-0.130323,0.0190595,-0.407979,-0.912792,-0.35911,0.849243,-0.387074,114.083,1.0921,21.0495,0.533396,0.825856,0.107231,-0.148159
318,0,-0.306847,-0.370197,1.35475,-nan,-nan,-nan,0.902893,0.389498,-0.181869,-0.0047996,-0.413922,-0.9103,-0.429839,0.822776,-0.371858,114.452,-0.274998,25.4577,0.528468,0.819859,0.117306,-0.186529
326,0,-0.305847,-0.367993,1.34926,-nan,-nan,-nan,0.889357,0.417763,-0.185789,0.0071299,-0.418974,-0.90797,-0.457157,0.806185,-0.375597,114.771,0.408517,27.2046,0.52316,0.819135,0.129677,-0.196227
332,0,-0.311052,-0.368499,1.35685,-nan,-nan,-nan,0.885594,0.456316,-0.0865993,0.144301,-0.447541,-0.882544,-0.441476,0.76908,-0.462186,116.89,8.29681,26.4966,0.49393,0.835961,0.179619,-0.157925
340,0,-0.305429,-0.369016,1.34207,-nan,-nan,-nan,0.928712,0.34175,-0.143879,0.0580702,-0.517281,-0.853843,-0.366227,0.784619,-0.50025,121.209,3.32905,21.5212,0.477279,0.858231,0.116466,-0.148592
347,0,-0.303902,-0.366964,1.33247,-nan,-nan,-nan,0.934678,0.336808,-0.11374,0.0837241,-0.519507,-0.850355,-0.345495,0.785285,-0.513771,121.422,4.80266,20.2864,0.474711,0.861388,0.122051,-0.133284
355,0,-0.302368,-0.363545,1.32106,-nan,-nan,-nan,0.936785,0.337499,-0.0923465,0.103301,-0.518913,-0.848562,-0.334309,0.785381,-0.520974,121.447,5.92929,19.6399,0.473523,0.862652,0.127746,-0.123646
363,0,-0.300403,-0.360803,1.31676,-nan,-nan,-nan,0.920416,0.374745,-0.111362,0.118569,-0.539028,-0.833901,-0.372527,0.754331,-0.540563,122.878,6.80952,22.035,0.458483,0.866026,0.142407,-0.139687
371,0,-0.298617,-0.358339,1.3108,-nan,-nan,-nan,0.918938,0.377119,-0.115473,0.124139,-0.554461,-0.822899,-0.374356,0.741858,-0.556331,123.972,7.13102,22.1649,0.449485,0.870306,0.143989,-0.140706
377,1,-0.297275,-0.355434,1.30201,-nan,-nan,-nan,0.914128,0.391852,-0.104029,0.132472,-0.531196,-0.836829,-0.383173,0.751188,-0.53749,122.406,7.61244,22.7419,0.45974,0.863541,0.151795,-0.141048
385,0,-0.293755,-0.35087,1.28637,-nan,-nan,-nan,0.921472,0.371926,-0.112075,0.107783,-0.522002,-0.846107,-0.373192,0.767584,-0.521098,121.672,6.18752,22.0477,0.468608,0.860897,0.139305,-0.140919
393,1,-0.28857,-0.34532,1.26504,-nan,-nan,-nan,0.932214,0.333918,-0.139555,0.0580714,-0.518627,-0.853026,-0.357218,0.787099,-0.502863,121.299,3.32912,20.9665,0.477159,0.859317,0.114041,-0.144525
400,0,-0.284108,-0.339969,1.24606,-nan,-nan,-nan,0.931997,0.327917,-0.154439,0.0362695,-0.508311,-0.860409,-0.360646,0.796298,-0.485638,120.574,2.07855,21.1545,0.484264,0.85527,0.106454,-0.150562
408,1,-0.281958,-0.337087,1.2356,-nan,-nan,-nan,0.930429,0.325642,-0.168107,0.0283112,-0.521215,-0.852956,-0.365378,0.788855,-0.494173,121.428,1.62233,21.4398,0.478289,0.858169,0.103113,-0.155414
416,1,-0.279634,-0.335917,1.22975,-nan,-nan,-nan,0.930837,0.305911,-0.199905,0.000921317,-0.548994,-0.835826,-0.365435,0.777833,-0.511305,123.298,0.0527876,21.4343,0.466513,0.864745,0.0887059,-0.163441
424,1,-0.277869,-0.333774,1.21985,-nan,-nan,-nan,0.937818,0.285007,-0.198164,-0.00669127,-0.555917,-0.831211,-0.347064,0.78085,-0.519442,123.775,-0.383385,20.3083,0.464343,0.867925,0.0801671,-0.157049
432,1,-0.275571,-0.331394,1.21082,-nan,-nan,-nan,0.94234,0.259342,-0.21151,-0.0306645,-0.562449,-0.826263,-0.333248,0.785107,-0.522066,124.244,-1.75722,19.4756,0.463095,0.869893,0.06572,-0.156559
439,1,-0.274091,-0.330744,1.20734,-nan,-nan,-nan,0.937043,0.269781,-0.221739,-0.0204228,-0.591545,-0.806014,-0.348616,0.759798,-0.548793,126.275,-1.17022,20.4071,0.446292,0.877123,0.0710728,-0.162564
447,1,-0.273027,-0.328888,1.20069,-nan,-nan,-nan,0.930942,0.280146,-0.234233,-0.00753231,-0.626572,-0.779327,-0.365089,0.727273,-0.581192,128.799,-0.431574,21.4137,0.425199,0.88582,0.0769383,-0.169143
455,1,-0.271515,-0.325634,1.1936,-nan,-nan,-nan,0.909232,0.307046,-0.281106,-0.0207753,-0.640955,-0.767298,-0.415772,0.703491,-0.576397,129.873,-1.19042,24.5736,0.415897,0.884107,0.080949,-0.197057
462,1,-0.270096,-0.323127,1.18497,-nan,-nan,-nan,0.875549,0.399852,-0.271167,0.0665995,-0.655806,-0.751986,-0.478516,0.640342,-0.60082,131.092,3.8187,28.658,0.393359,0.884898,0.131781,-0.2118
470,1,-0.266366,-0.317906,1.16875,-nan,-nan,-nan,0.818242,0.498952,-0.285528,0.173061,-0.687434,-0.705326,-0.548206,0.527714,-0.648837,134.264,9.96585,33.8213,0.347121,0.888047,0.189183,-0.23471
478,1,-0.264928,-0.315755,1.16117,-nan,-nan,-nan,0.792318,0.540175,-0.283626,0.212525,-0.680122,-0.701618,-0.571897,0.495627,-0.653673,134.109,12.2704,35.8218,0.338572,0.884041,0.212858,-0.241935
486,1,-0.263103,-0.314502,1.1548,-nan,-nan,-nan,0.774334,0.572471,-0.2696,0.245776,-0.664702,-0.705525,-0.583096,0.480051,-0.655401,133.293,14.2277,36.9808,0.336983,0.87955,0.232575,-0.242367
493,1,-0.261205,-0.31346,1.14616,-nan,-nan,-nan,0.786776,0.556205,-0.267619,0.250137,-0.683691,-0.685564,-0.564283,0.472444,-0.677039,134.922,14.4856,35.6484,0.326361,0.887061,0.227251,-0.234455
501,1,-0.258483,-0.310652,1.13553,-nan,-nan,-nan,0.781456,0.563502,-0.26794,0.249516,-0.675807,-0.69356,-0.571898,0.475132,-0.668717,134.257,14.4489,36.198,0.330504,0.884022,0.22992,-0.237505
510,1,-0.252727,-0.302581,1.1158,-nan,-nan,-nan,0.791679,0.544228,-0.277597,0.240638,-0.695427,-0.677108,-0.561549,0.469252,-0.681517,135.765,13.9242,35.3486,0.322,0.890031,0.22046,-0.235707
517,1,-0.246303,-0.292448,1.09171,-nan,-nan,-nan,0.792095,0.532427,-0.298507,0.21918,-0.704514,-0.674996,-0.569689,0.469234,-0.67474,136.226,12.6609,35.7244,0.321263,0.890414,0.211028,-0.243762
525,1,-0.241009,-0.285082,1.06972,-nan,-nan,-nan,0.81662,0.497211,-0.29311,0.215267,-0.733566,-0.644624,-0.53553,0.463316,-0.706078,138.692,12.4312,33.2564,0.306992,0.902256,0.197416,-0.229602
532,1,-0.239219,-0.286498,1.06271,-nan,-nan,-nan,0.765063,0.54765,-0.338759,0.214307,-0.712607,-0.66803,-0.607249,0.438487,-0.662555,136.849,12.3749,38.4399,0.31221,0.886034,0.214991,-0.266922
540,1,-0.233191,-0.27749,1.04211,-nan,-nan,-nan,0.833516,0.469274,-0.291606,0.209226,-0.756588,-0.619515,-0.511347,0.455363,-0.728813,140.688,12.077,31.5284,0.295006,0.910895,0.186218,-0.220375
547,1,-0.229666,-0.277748,1.02239,-nan,-nan,-nan,0.675816,0.645596,-0.355638,0.303999,-0.683694,-0.663436,-0.67146,0.340246,-0.658312,135.862,17.698,44.8147,0.288881,0.868594,0.273314,-0.295621
555,1,-0.226572,-0.275807,1.01038,-nan,-nan,-nan,0.622805,0.68476,-0.378442,0.312261,-0.661069,-0.682262,-0.717362,0.306743,-0.62554,134.096,18.1955,49.0359,0.289912,0.85285,0.292261,-0.321218
563,1,-0.224549,-0.27301,1.00045,-nan,-nan,-nan,0.607595,0.698425,-0.378194,0.316996,-0.649841,-0.690811,-0.728246,0.299847,-0.616238,133.25,18.4813,50.1609,0.292197,0.847596,0.2995,-0.326347
571,1,-0.221687,-0.270092,0.986278,-nan,-nan,-nan,0.561186,0.725722,-0.397993,0.341404,-0.640997,-0.687434,-0.753998,0.249902,-0.607483,132.998,19.9625,53.3404,0.279601,0.838103,0.318316,-0.343631
578,1,-0.219557,-0.266275,0.97311,-nan,-nan,-nan,0.588453,0.734708,-0.337532,0.480932,-0.653646,-0.584338,-0.649944,0.181526,-0.737984,138.204,28.7463,47.8426,0.221824,0.863146,0.352096,-0.286011
586,1,-0.214478,-0.264635,0.964106,-nan,-nan,-nan,0.608721,0.717624,-0.338341,0.501393,-0.678456,-0.536937,-0.614869,0.157203,-0.772802,141.642,30.0922,45.2879,0.198408,0.87464,0.348434,-0.272458
593,1,-0.212452,-0.261156,0.954558,-nan,-nan,-nan,0.580657,0.737526,-0.344809,0.510374,-0.659716,-0.551627,-0.634315,0.144324,-0.759483,140.099,30.6888,47.5288,0.200909,0.866005,0.360246,-0.282656
601,1,-0.210342,-0.258604,0.944926,-nan,-nan,-nan,0.56412,0.746891,-0.352026,0.508075,-0.650063,-0.565047,-0.650868,0.139899,-0.74619,139.002,30.5357,49.0839,0.204858,0.860287,0.364694,-0.291442
609,1,-0.207793,-0.255764,0.932661,-nan,-nan,-nan,0.548419,0.76172,-0.344992,0.550962,-0.639512,-0.536158,-0.629029,0.103961,-0.770399,140.024,33.4331,48.9164,0.186083,0.85999,0.381598,-0.283149
617,1,-0.203992,-0.251567,0.919618,-nan,-nan,-nan,0.562001,0.738766,-0.371993,0.555086,-0.670283,-0.492545,-0.613216,0.0703224,-0.786779,143.69,33.7166,47.4953,0.161972,0.868773,0.372322,-0.283506
625,1,-0.201049,-0.248696,0.907042,-nan,-nan,-nan,0.536764,0.763575,-0.358939,0.588212,-0.643648,-0.489616,-0.604889,0.0516762,-0.794631,142.74,36.0302,48.4149,0.156912,0.862416,0.391861,-0.279398
633,1,-0.199077,-0.245782,0.899194,-nan,-nan,-nan,0.518297,0.762029,-0.388176,0.586911,-0.647083,-0.486641,-0.622016,0.0243998,-0.782624,143.055,35.9381,50.1972,0.14882,0.858488,0.392825,-0.294178
641,1,-0.195849,-0.24371,0.888006,-nan,-nan,-nan,0.524275,0.782041,-0.336968,0.643783,-0.623021,-0.444283,-0.557386,0.015992,-0.8301,144.507,40.0745,46.7534,0.133373,0.862757,0.41316,-0.259156
649,1,-0.194158,-0.241876,0.880509,-nan,-nan,-nan,0.545932,0.780452,-0.304718,0.667043,-0.624952,-0.405571,-0.506963,0.0181544,-0.861777,147.018,41.8393,42.8804,0.121659,0.870727,0.4156,-0.233047
657,1,-0.191574,-0.23911,0.867202,-nan,-nan,-nan,0.545346,0.783869,-0.296897,0.696194,-0.620843,-0.360371,-0.46681,-0.0101713,-0.884299,149.867,44.1225,40.5632,0.100254,0.873282,0.423707,-0.218631
665,1,-0.18859,-0.236077,0.856068,-nan,-nan,-nan,0.608723,0.748449,-0.26321,0.661357,-0.661945,-0.352754,-0.438249,0.0406536,-0.897934,151.947,41.4035,35.7519,0.110504,0.890028,0.396,-0.197033
673,1,-0.185984,-0.233242,0.845006,-nan,-nan,-nan,0.615205,0.74028,-0.271124,0.646105,-0.670498,-0.364665,-0.451743,0.0491689,-0.890792,151.459,40.2486,36.2897,0.116097,0.891136,0.388937,-0.202794
680,1,-0.183254,-0.231654,0.833922,-nan,-nan,-nan,0.626162,0.738038,-0.251438,0.651319,-0.672395,-0.351666,-0.428608,0.0564337,-0.901726,152.39,40.6411,34.3916,0.114062,0.894467,0.38832,-0.19007
688,1,-0.18048,-0.22846,0.822684,-nan,-nan,-nan,0.625005,0.743236,-0.238681,0.674312,-0.668077,-0.314604,-0.393283,0.0356838,-0.918725,154.784,42.4008,32.18,0.0977284,0.896076,0.395488,-0.176314
695,1,-0.178926,-0.227438,0.816262,-nan,-nan,-nan,0.632094,0.734749,-0.246173,0.669111,-0.677762,-0.304841,-0.390829,0.0279709,-0.920038,155.783,41.9985,31.7288,0.0925923,0.898595,0.390571,-0.177222
703,1,-0.172588,-0.22203,0.798608,-nan,-nan,-nan,0.678184,0.68998,-0.252969,0.615817,-0.721417,-0.316743,-0.401042,0.0590271,-0.914156,156.296,38.0113,30.5978,0.103212,0.910186,0.358662,-0.179637
711,1,-0.169636,-0.218055,0.781628,-nan,-nan,-nan,0.662153,0.710757,-0.237438,0.640159,-0.70122,-0.313825,-0.38955,0.0558023,-0.919313,155.889,39.8037,30.4687,0.102005,0.905909,0.372807,-0.173027
718,1,-0.165139,-0.213717,0.765467,-nan,-nan,-nan,0.674727,0.706152,-0.214693,0.653862,-0.706829,-0.26992,-0.342356,0.0417427,-0.938643,159.099,40.8334,26.9032,0.0855211,0.911071,0.373191,-0.152856
726,1,-0.163502,-0.212854,0.757166,-nan,-nan,-nan,0.68326,0.697016,-0.217545,0.645466,-0.715851,-0.266328,-0.341364,0.0415531,-0.939012,159.593,40.2007,26.5472,0.0842561,0.913527,0.36739,-0.152954
734,1,-0.157168,-0.214385,0.739883,-nan,-nan,-nan,0.643122,0.661413,-0.38591,0.606463,-0.747621,-0.270676,-0.467543,-0.0599628,-0.881934,160.097,37.3342,36.0168,0.0582384,0.904527,0.350425,-0.235884
742,1,-0.15407,-0.211451,0.732098,-nan,-nan,-nan,0.61605,0.658549,-0.432199,0.603315,-0.747245,-0.278634,-0.506453,-0.0890997,-0.857652,159.55,37.1077,39.4235,0.0528039,0.89735,0.351553,-0.261507
750,1,-0.149665,-0.207808,0.717727,-nan,-nan,-nan,0.651602,0.661025,-0.372104,0.612511,-0.74787,-0.255971,-0.447488,-0.0611264,-0.892198,161.106,37.7713,34.4794,0.053697,0.907148,0.350972,-0.225871
758,1,-0.146802,-0.2032,0.706041,-nan,-nan,-nan,0.635856,0.695115,-0.335414,0.647659,-0.716928,-0.257978,-0.419792,-0.053197,-0.90606,160.209,40.3653,33.4328,0.0567189,0.902613,0.371913,-0.209172
766,1,-0.144426,-0.199856,0.694685,-nan,-nan,-nan,0.601286,0.734972,-0.313483,0.681787,-0.676512,-0.278383,-0.416679,-0.0463403,-0.907872,157.633,42.9835,34.7212,0.0650037,0.892422,0.396886,-0.204545
774,1,-0.141156,-0.193669,0.677516,-nan,-nan,-nan,0.588164,0.755461,-0.288688,0.688768,-0.654996,-0.310771,-0.423866,-0.0160544,-0.905583,154.617,43.5326,35.7787,0.0830437,0.887235,0.406947,-0.200779
782,1,-0.137275,-0.189884,0.656464,-nan,-nan,-nan,0.61012,0.731773,-0.303746,0.687339,-0.67954,-0.256496,-0.394105,-0.0522831,-0.917577,159.321,43.4198,32.8603,0.0570149,0.895438,0.396206,-0.194835
789,1,-0.134792,-0.186842,0.643479,-nan,-nan,-nan,0.578381,0.744519,-0.333417,0.669251,-0.666761,-0.327922,-0.466453,-0.0334761,-0.883912,153.811,42.0093,38.8855,0.0832278,0.884457,0.399616,-0.226091
798,1,-0.132195,-0.183897,0.628705,-nan,-nan,-nan,0.567373,0.751629,-0.336364,0.669245,-0.658892,-0.343471,-0.479791,-0.0302338,-0.876862,152.468,42.0088,40.219,0.0889085,0.880785,0.403298,-0.231656
806,1,-0.128481,-0.180176,0.610899,-nan,-nan,-nan,0.58325,0.731666,-0.352824,0.670438,-0.678849,-0.299462,-0.458621,-0.0618852,-0.886475,156.196,42.1008,38.1786,0.0669449,0.887211,0.395087,-0.22865
813,1,-0.126211,-0.177797,0.599952,-nan,-nan,-nan,0.578292,0.739411,-0.344745,0.678874,-0.670489,-0.29929,-0.452446,-0.0609617,-0.889706,155.945,42.7558,38.039,0.0672645,0.885789,0.400289,-0.224995
821,1,-0.122762,-0.174824,0.586988,-nan,-nan,-nan,0.544242,0.765175,-0.343959,0.710887,-0.638341,-0.295231,-0.445466,-0.0838386,-0.891365,155.18,45.3071,39.3006,0.0602853,0.876634,0.420946,-0.22513
829,1,-0.119953,-0.173439,0.569383,-nan,-nan,-nan,0.563472,0.752258,-0.341478,0.661068,-0.658466,-0.359738,-0.495467,-0.0230372,-0.868321,151.351,41.3814,41.3255,0.0957673,0.878957,0.40199,-0.238051
836,1,-0.11658,-0.169653,0.556278,-nan,-nan,-nan,0.569349,0.74306,-0.351715,0.659951,-0.668224,-0.343426,-0.49021,-0.0365852,-0.870836,152.8,41.2961,40.7285,0.0870189,0.881534,0.397889,-0.238767
843,1,-0.114381,-0.166212,0.542663,-nan,-nan,-nan,0.568263,0.752767,-0.332295,0.680688,-0.656947,-0.324166,-0.462321,-0.0419777,-0.885718,153.736,42.8974,39.1308,0.0799952,0.881891,0.406358,-0.225259
851,1,-0.112012,-0.164228,0.532186,-nan,-nan,-nan,0.576961,0.747792,-0.328517,0.685966,-0.661967,-0.302077,-0.443358,-0.0510648,-0.894889,155.471,43.3117,37.54,0.070897,0.885129,0.404957,-0.218012
858,1,-0.10913,-0.161595,0.515054,-nan,-nan,-nan,0.581218,0.747071,-0.3226,0.704635,-0.660341,-0.259688,-0.407032,-0.0763804,-0.910215,158.532,44.8001,35.0039,0.0516266,0.887662,0.408857,-0.205493
866,1,-0.103755,-0.156744,0.499506,-nan,-nan,-nan,0.542199,0.753921,-0.370976,0.758042,-0.62936,-0.17111,-0.362481,-0.18844,-0.912742,164.79,49.2919,33.7642,0.00493402,-0.878109,-0.43046,0.208817
874,1,-0.101901,-0.152909,0.485752,-nan,-nan,-nan,0.515207,0.765861,-0.384732,0.77471,-0.608146,-0.173157,-0.366588,-0.208844,-0.906641,164.107,50.7787,35.4332,0.0102506,-0.870344,-0.442518,0.215811
882,1,-0.0982336,-0.148201,0.465037,-nan,-nan,-nan,0.47149,0.776749,-0.417563,0.79619,-0.578529,-0.177162,-0.379183,-0.248929,-0.89121,162.974,52.7678,38.807,0.0209232,-0.857501,-0.458582,0.232287
889,1,-0.0942437,-0.144548,0.448413,-nan,-nan,-nan,0.443979,0.788459,-0.425695,0.809204,-0.556839,-0.1874,-0.384801,-0.261272,-0.885249,161.4,54.0182,40.9158,0.0217417,-0.849421,-0.470221,0.238543
897,1,-0.0924995,-0.14214,0.430081,-nan,-nan,-nan,0.412761,0.782282,-0.466544,0.81165,-0.548343,-0.201355,-0.413343,-0.295559,-0.861274,159.836,54.2575,45.0403,0.0280369,-0.839997,-0.474387,0.261872
905,1,-0.0891745,-0.139786,0.422035,-nan,-nan,-nan,0.420857,0.775569,-0.470502,0.816424,-0.549916,-0.176193,-0.395387,-0.309977,-0.864629,162.235,54.7284,43.2127,0.0397252,-0.841933,-0.47272,0.257114
912,1,-0.0887347,-0.138322,0.4173,-nan,-nan,-nan,0.410211,0.761838,-0.501327,0.815165,-0.552782,-0.173023,-0.40894,-0.337689,-0.847782,162.62,54.6037,44.9111,0.049109,-0.838268,-0.470316,0.271473
920,0,-0.0876118,-0.138597,0.416182,-nan,-nan,-nan,0.339749,0.740597,-0.57973,0.821516,-0.533786,-0.200458,-0.45791,-0.408152,-0.789766,159.417,55.2369,53.4263,0.0636331,-0.815981,-0.4786,0.317912
927,1,-0.0873403,-0.138525,0.415219,-nan,-nan,-nan,0.300328,0.727854,-0.616467,0.82857,-0.519248,-0.209411,-0.47252,-0.447894,-0.759023,158.036,55.9521,57.5605,0.0742569,-0.802901,-0.484625,0.339079
935,1,-0.0869747,-0.137839,0.412497,-nan,-nan,-nan,0.262671,0.712475,-0.650679,0.837999,-0.502729,-0.212184,-0.478291,-0.489534,-0.729105,157.117,56.9294,61.225,0.0878023,-0.7897,-0.490843,0.357405
942,1,-0.0862032,-0.137441,0.410278,-nan,-nan,-nan,0.207634,0.69027,-0.693121,0.832724,-0.496521,-0.245025,-0.513282,-0.526303,-0.677899,153.734,56.3796,67.9756,0.0911236,-0.771695,-0.493392,0.390829
951,0,-0.0856585,-0.13761,0.408252,-nan,-nan,-nan,0.191557,0.675759,-0.711797,0.835749,-0.492562,-0.242708,-0.514616,-0.548391,-0.659118,153.768,56.6939,69.5831,0.0998465,-0.765382,-0.49371,0.400589
959,0,-0.0853007,-0.136904,0.406982,-nan,-nan,-nan,0.148156,0.664609,-0.732355,0.857014,-0.455835,-0.240294,-0.493535,-0.592038,-0.637114,152.204,58.983,73.2906,0.11748,-0.748516,-0.508213,0.40944
966,0,-0.0852605,-0.137078,0.409308,-nan,-nan,-nan,0.178108,0.685858,-0.705604,0.861222,-0.45552,-0.225383,-0.475997,-0.567539,-0.671808,153.675,59.4541,69.4852,0.112672,-0.759183,-0.509456,0.389103
973,1,-0.0850154,-0.1366,0.407212,0.314487,0.125231,0.783162,0.180471,0.683198,-0.707581,0.862031,-0.456284,-0.220698,-0.473638,-0.570127,-0.671284,154.188,59.5454,69.1416,0.115003,-0.759612,-0.508559,0.388758
981,1,-0.0850389,-0.135515,0.404819,0.314487,0.125231,0.783162,0.177872,0.667435,-0.723113,0.857309,-0.46585,-0.219099,-0.483097,-0.58096,-0.65506,154.811,59.0158,69.7868,0.119333,-0.758087,-0.502827,0.397781
988,1,-0.0855108,-0.135782,0.405591,0.314487,0.125231,0.783162,0.217648,0.666058,-0.713439,0.849972,-0.48865,-0.196898,-0.479768,-0.563549,-0.672485,158.053,58.2086,65.5984,0.118863,-0.771165,-0.491474,0.38682
995,0,-0.0852293,-0.136649,0.407339,0.314487,0.125231,0.783162,0.250413,0.662605,-0.705867,0.844662,-0.505827,-0.175173,-0.473117,-0.552353,-0.686343,160.899,57.6357,62.1084,0.120669,-0.781438,-0.482209,0.377184
1003,0,-0.0847616,-0.136376,0.407078,0.314487,0.125231,0.783162,0.269053,0.659882,-0.701546,0.836047,-0.521646,-0.17003,-0.478159,-0.540778,-0.692043,161.947,56.725,60.6342,0.117648,-0.787836,-0.474696,0.37435
1010,0,-0.0847434,-0.136506,0.406792,0.314487,0.125231,0.783162,0.275866,0.651321,-0.706879,0.829112,-0.533302,-0.167819,-0.486284,-0.539787,-0.687138,162.532,56.0076,60.434,0.117714,-0.789985,-0.4685,0.377591
1018,0,-0.0848088,-0.13641,0.406092,0.314487,0.125231,0.783162,0.281252,0.639209,-0.715758,0.821167,-0.546263,-0.165169,-0.49657,-0.541303,-0.678535,163.177,55.2018,60.4732,0.1188,-0.791526,-0.461254,0.382909
1026,0,-0.0847247,-0.136282,0.407166,0.314487,0.125231,0.783162,0.262148,0.657736,-0.70616,0.836737,-0.519481,-0.173236,-0.48078,-0.545457,-0.686533,161.558,56.7971,61.3983,0.118463,-0.785519,-0.475632,0.377756
1033,0,-0.084711,-0.136777,0.408129,0.314487,0.125231,0.783162,0.251393,0.666683,-0.701666,0.843228,-0.506747,-0.17937,-0.47515,-0.546573,-0.689559,160.508,57.4826,62.1175,0.117354,-0.782256,-0.48255,0.376097
1041,0,-0.0844888,-0.136429,0.406271,0.314487,0.125231,0.783162,0.211796,0.671657,-0.709944,0.859739,-0.473486,-0.191467,-0.464749,-0.569814,-0.677732,157.983,59.2873,65.5002,0.123063,-0.768605,-0.498109,0.382086
1047,0,-0.0841521,-0.135146,0.404878,0.314487,0.125231,0.783162,0.203219,0.650272,-0.732016,0.874341,-0.457028,-0.16326,-0.440715,-0.606854,-0.661436,160.342,60.9671,65.245,0.145564,-0.761854,-0.500297,0.384829
1055,0,-0.0840278,-0.13562,0.404288,0.314487,0.125231,0.783162,0.173306,0.666095,-0.725453,0.896035,-0.41236,-0.164563,-0.408763,-0.621511,-0.668309,158.244,63.6416,67.0241,0.152182,-0.750662,-0.52025,0.377738
1063,0,-0.0841915,-0.135888,0.404222,0.314487,0.125231,0.783162,0.145124,0.656568,-0.740174,0.90607,-0.388711,-0.167153,-0.397461,-0.646392,-0.651308,156.731,64.9678,69.9415,0.162099,-0.739111,-0.528553,0.384798
1070,0,-0.0843862,-0.135926,0.405712,0.314487,0.125231,0.783162,0.124657,0.66604,-0.735426,0.921409,-0.35266,-0.163205,-0.368056,-0.657284,-0.657657,155.166,67.133,71.2892,0.169071,-0.730578,-0.543217,0.377606
1077,0,-0.0847342,-0.135773,0.405509,0.314487,0.125231,0.783162,0.107802,0.683973,-0.721498,0.940382,-0.305634,-0.149231,-0.322584,-0.662396,-0.676144,153.975,70.1158,71.5212,0.1775,-0.722769,-0.561851,0.36114
1084,0,-0.0847586,-0.135473,0.406002,0.314487,0.125231,0.783162,0.0621956,0.693774,-0.717502,0.956897,-0.245788,-0.154713,-0.28369,-0.676953,-0.679158,147.811,73.1164,77.6342,0.185236,-0.70483,-0.585486,0.355118
1092,0,-0.0845304,-0.135991,0.406522,0.314487,0.125231,0.783162,0.0312895,0.691015,-0.722163,0.965381,-0.208087,-0.157285,-0.258959,-0.692241,-0.673604,142.916,74.8799,83.1105,0.19339,-0.691553,-0.598796,0.354681
1100,0,-0.0845569,-0.136361,0.406763,0.314487,0.125231,0.783162,0.00378948,0.718314,-0.695708,0.974017,-0.160192,-0.160092,-0.226444,-0.677025,-0.700257,135.018,76.9103,89.0413,0.189301,-0.682686,-0.619733,0.337693
1107,0,-0.0848259,-0.136216,0.406923,0.314487,0.125231,0.783162,0.0323788,0.702708,-0.710741,0.977989,-0.168935,-0.122472,-0.206131,-0.691131,-0.692711,144.059,77.9563,81.073,0.206599,-0.688118,-0.610614,0.333109
1114,0,-0.0848237,-0.137565,0.409293,0.314487,0.125231,0.783162,0.0345643,0.707869,-0.705498,0.978042,-0.169128,-0.121779,-0.205523,-0.685797,-0.698171,144.245,77.9708,80.4535,0.20449,-0.68954,-0.611244,0.3303
1122,0,-0.0844936,-0.136911,0.408364,0.314487,0.125231,0.783162,0.0322154,0.705737,-0.707742,0.977458,-0.170076,-0.125101,-0.208658,-0.687757,-0.695307,143.663,77.8114,81.2232,0.204226,-0.688767,-0.610945,0.332624
1129,0,-0.0845713,-0.137097,0.407431,0.314487,0.125231,0.783162,0.0781886,0.696055,-0.713718,0.958851,-0.248498,-0.137305,-0.27293,-0.673614,-0.686843,151.078,73.5064,74.0141,0.188976,-0.709495,-0.583129,0.347659
1137,0,-0.0847317,-0.136563,0.407955,0.314487,0.125231,0.783162,0.112144,0.690425,-0.714659,0.938557,-0.309829,-0.152045,-0.326398,-0.653697,-0.682748,153.861,69.8105,71.0383,0.172892,-0.725383,-0.561421,0.358795
1144,0,-0.0843999,-0.136348,0.406075,0.314487,0.125231,0.783162,0.109349,0.689924,-0.715575,0.933608,-0.318397,-0.164315,-0.341202,-0.650099,-0.678935,152.703,69.0044,72.2302,0.167345,-0.72572,-0.559283,0.364044
1151,0,-0.0844953,-0.137122,0.407792,0.314487,0.125231,0.783162,0.131314,0.692468,-0.709397,0.945967,-0.301542,-0.119241,-0.296484,-0.655409,-0.694649,158.424,71.0791,66.1113,0.183796,-0.729298,-0.561648,0.344811
1158,0,-0.0843178,-0.137077,0.406872,0.314487,0.125231,0.783162,0.11507,0.687305,-0.717196,0.94932,-0.288674,-0.12433,-0.292489,-0.666543,-0.68569,156.699,71.6808,68.5245,0.187554,-0.722744,-0.566115,0.349254
1165,0,-0.0841312,-0.137819,0.407405,0.314487,0.125231,0.783162,0.095895,0.680327,-0.726608,0.954307,-0.270393,-0.127225,-0.283024,-0.681207,-0.67517,154.802,72.6127,71.2825,0.193863,-0.714398,-0.572032,0.353316
1172,0,-0.0843717,-0.137272,0.407217,0.314487,0.125231,0.783162,0.0810766,0.6783,-0.730299,0.960899,-0.247829,-0.123505,-0.264763,-0.69173,-0.671871,153.511,73.9248,72.9742,0.200859,-0.707244,-0.579432,0.351739
1180,0,-0.0844813,-0.13581,0.405372,0.314487,0.125231,0.783162,0.0202927,0.676538,-0.736128,0.975811,-0.173703,-0.132742,-0.217673,-0.715628,-0.663698,142.613,77.3722,84.674,0.213829,-0.681486,-0.606156,0.349897
1187,0,-0.0840197,-0.136296,0.405361,0.314487,0.125231,0.783162,-0.0245017,0.678711,-0.733997,0.984111,-0.112782,-0.137138,-0.175858,-0.725694,-0.665163,129.434,79.7725,97.9318,0.222235,-0.662088,-0.62787,0.343555
1194,0,-0.0843512,-0.136943,0.406885,0.314487,0.125231,0.783162,-0.0643506,0.687229,-0.723585,0.990196,-0.046111,-0.131855,-0.12398,-0.724976,-0.677524,109.275,81.9704,117.431,0.230225,-0.644066,-0.651107,0.32899
1202,0,-0.0846897,-0.136802,0.407696,0.314487,0.125231,0.783162,-0.0947173,0.685121,-0.722245,0.992811,0.0116756,-0.119125,-0.0731822,-0.728335,-0.681302,84.4022,83.1255,142.309,0.242722,-0.627477,-0.668524,0.316915
1209,0,-0.0844746,-0.136863,0.406722,0.314487,0.125231,0.783162,-0.118803,0.686781,-0.71709,0.991535,0.043956,-0.122173,-0.0523854,-0.725534,-0.686189,70.212,82.5397,156.205,0.24442,-0.617137,-0.67988,0.311712
1217,0,-0.0829246,-0.137396,0.408194,0.314487,0.125231,0.783162,-0.12254,0.674349,-0.728174,0.991248,0.0468558,-0.123419,-0.0491085,-0.736924,-0.674189,69.2109,82.414,158.161,0.250063,-0.61335,-0.678893,0.316818
1225,0,-0.0830051,-0.137523,0.408924,0.314487,0.125231,0.783162,-0.141888,0.684283,-0.71528,0.987705,0.0499577,-0.148135,-0.0656324,-0.727503,-0.682958,71.3636,81.0059,155.176,0.23723,-0.610556,-0.684617,0.319755
1232,0,-0.0825599,-0.135549,0.408673,0.314487,0.125231,0.783162,-0.182667,0.698258,-0.692148,0.982104,0.0967393,-0.161597,-0.0458781,-0.70928,-0.703433,59.0933,79.1441,165.901,0.229478,-0.596663,-0.704067,0.309231
1239,0,-0.0824297,-0.136487,0.408375,0.314487,0.125231,0.783162,-0.19542,0.685902,-0.700963,0.980671,0.129571,-0.146613,-0.00973743,-0.716065,-0.697965,48.5309,78.7165,177.147,0.242994,-0.58587,-0.711153,0.303267
1246,0,-0.0823584,-0.135985,0.408654,0.314487,0.125231,0.783162,-0.190488,0.680148,-0.707893,0.981689,0.131848,-0.137484,-0.00017525,-0.72112,-0.69281,46.1988,79.0187,179.947,0.249274,-0.585336,-0.709779,0.30242
1254,0,-0.0818564,-0.135802,0.406984,0.314487,0.125231,0.783162,-0.153467,0.653941,-0.740817,0.987639,0.0773104,-0.136354,-0.0318949,-0.752585,-0.657722,60.4476,80.9819,168.259,0.257935,-0.597274,-0.687113,0.323433
1261,0,-0.0817409,-0.135656,0.40623,0.314487,0.125231,0.783162,-0.289549,0.618126,-0.730809,0.951741,0.267079,-0.151185,0.101733,-0.739317,-0.665629,29.5128,72.1274,-160.641,0.279241,-0.526545,-0.745362,0.298681
1269,0,-0.0817992,-0.135526,0.405357,0.314487,0.125231,0.783162,-0.291334,0.604684,-0.74127,0.950584,0.269914,-0.153418,0.10731,-0.749335,-0.653438,29.6137,71.9125,-159.779,0.285106,-0.52254,-0.744091,0.303307
1276,0,-0.0822191,-0.135375,0.406357,0.314487,0.125231,0.783162,-0.293044,0.600275,-0.744174,0.949241,0.275719,-0.151392,0.114307,-0.750766,-0.650603,28.7703,71.6664,-158.691,0.288128,-0.520058,-0.744877,0.302788
1283,0,-0.0821385,-0.135971,0.407248,0.314487,0.125231,0.783162,-0.293016,0.61256,-0.734106,0.947388,0.289479,-0.136597,0.128834,-0.735508,-0.665154,25.2614,71.3317,-156.266,0.287797,-0.520254,-0.749608,0.290854
1290,0,-0.082056,-0.13588,0.406412,0.314487,0.125231,0.783162,-0.301682,0.623416,-0.721346,0.943279,0.305166,-0.130762,0.138611,-0.719879,-0.680118,23.1949,70.6097,-155.323,0.284326,-0.517994,-0.756136,0.281246
1297,0,-0.082012,-0.135888,0.407638,0.314487,0.125231,0.783162,-0.285147,0.63966,-0.713811,0.950324,0.285644,-0.123657,0.124798,-0.713612,-0.689335,23.408,71.8648,-156.363,0.278909,-0.528806,-0.751686,0.278464
1304,0,-0.0813382,-0.13583,0.40676,0.314487,0.125231,0.783162,-0.251788,0.645728,-0.72086,0.965949,0.213512,-0.146136,0.0595478,-0.733109,-0.677499,34.3893,75.0051,-166.694,0.266564,-0.5505,-0.731915,0.300323
1311,0,-0.0821667,-0.135087,0.407036,0.314487,0.125231,0.783162,-0.209147,0.652279,-0.728554,0.977619,0.156814,-0.14025,0.0227654,-0.741581,-0.670477,41.8085,77.8553,-173.788,0.263244,-0.571077,-0.713519,0.308972
1318,0,-0.0818294,-0.134534,0.404987,0.314487,0.125231,0.783162,-0.19741,0.649984,-0.733859,0.979844,0.154187,-0.127015,0.0305939,-0.744141,-0.667321,39.4807,78.4767,-171.191,0.269006,-0.573525,-0.710443,0.306554
1326,0,-0.0817405,-0.135282,0.405046,0.314487,0.125231,0.783162,-0.210671,0.637491,-0.741096,0.976567,0.171359,-0.130205,0.0439891,-0.75116,-0.658653,37.2289,77.5719,-168.206,0.274789,-0.564938,-0.714262,0.308488
1333,0,-0.0817823,-0.135757,0.405433,0.314487,0.125231,0.783162,-0.228246,0.629334,-0.742861,0.972635,0.181414,-0.145156,0.0434136,-0.755664,-0.653519,38.6646,76.5652,-169.231,0.273701,-0.557642,-0.718189,0.313573
1341,0,-0.0820365,-0.134655,0.404972,0.314487,0.125231,0.783162,-0.230491,0.629609,-0.741934,0.971239,0.195663,-0.135687,0.0597394,-0.75187,-0.6566,34.7402,76.2251,-165.47,0.277746,-0.554627,-0.721588,0.307501
1347,0,-0.0814972,-0.135153,0.40489,0.314487,0.125231,0.783162,-0.240085,0.62285,-0.744592,0.967396,0.217232,-0.130212,0.0806467,-0.751577,-0.654697,30.939,75.329,-161.432,0.283923,-0.547124,-0.726638,0.30338
1354,0,-0.0814952,-0.135839,0.406097,0.314487,0.125231,0.783162,-0.229279,0.644625,-0.729308,0.970594,0.207868,-0.121402,0.073341,-0.735697,-0.673329,30.2864,76.0708,-162.262,0.276252,-0.555919,-0.726374,0.294992
1362,0,-0.0819871,-0.136381,0.407903,0.314487,0.125231,0.783162,-0.256259,0.663889,-0.702555,0.963315,0.235352,-0.128972,0.0797244,-0.709832,-0.699845,28.7226,74.4325,-162.719,0.26422,-0.549599,-0.740178,0.283312
1370,0,-0.0817981,-0.136539,0.408408,0.314487,0.125231,0.783162,-0.252274,0.674932,-0.693415,0.964179,0.236021,-0.121052,0.0819586,-0.699114,-0.710297,27.1527,74.618,-162.002,0.261462,-0.552721,-0.741382,0.276567
1377,0,-0.0817081,-0.13657,0.408303,0.314487,0.125231,0.783162,-0.269372,0.648237,-0.712199,0.958389,0.253012,-0.132199,0.0944987,-0.718174,-0.689417,27.5871,73.4132,-160.669,0.271211,-0.540147,-0.743606,0.285895
1385,0,-0.0812124,-0.135791,0.40656,0.314487,0.125231,0.783162,-0.287804,0.629639,-0.721612,0.952752,0.264654,-0.149067,0.097119,-0.73042,-0.676058,29.3905,72.3171,-161.353,0.274223,-0.53,-0.746411,0.294572
1392,0,-0.0812876,-0.135206,0.406018,0.314487,0.125231,0.783162,-0.285314,0.626065,-0.725699,0.953283,0.263765,-0.147238,0.0992336,-0.733806,-0.672073,29.171,72.4175,-160.822,0.276757,-0.529857,-0.745177,0.295582
1399,0,-0.0806667,-0.134629,0.404121,0.314487,0.125231,0.783162,-0.297941,0.605265,-0.738164,0.944835,0.297218,-0.137651,0.13608,-0.738455,-0.660429,24.8504,70.8801,-155.452,0.291054,-0.51606,-0.750931,0.291674
1407,0,-0.0799373,-0.135099,0.409396,0.314487,0.125231,0.783162,-0.248833,0.650933,-0.717195,0.96647,0.215333,-0.139881,0.063383,-0.727955,-0.682689,33.0078,75.121,-165.709,0.26637,-0.551934,-0.732608,0.296146
1415,0,-0.0798272,-0.135584,0.409565,0.314487,0.125231,0.783162,-0.222153,0.664537,-0.713469,0.972923,0.198965,-0.117619,0.063793,-0.72028,-0.690744,30.5897,76.6363,-163.978,0.267427,-0.563388,-0.726612,0.28829
1422,0,-0.0796034,-0.135273,0.408425,0.314487,0.125231,0.783162,-0.183598,0.668032,-0.721128,0.982816,0.138974,-0.121483,0.0190634,-0.73104,-0.682068,41.1581,79.363,-174.072,0.261394,-0.582987,-0.707926,0.301064
1430,0,-0.0794814,-0.134848,0.407081,0.314487,0.125231,0.783162,-0.125623,0.662328,-0.738607,0.991486,0.0580979,-0.116535,-0.034273,-0.746958,-0.663987,63.5017,82.518,164.74,0.259079,-0.608331,-0.679652,0.317623
1436,0,-0.0791497,-0.135239,0.406876,0.314487,0.125231,0.783162,-0.105064,0.68957,-0.716557,0.992385,0.0261214,-0.12037,-0.064286,-0.723747,-0.687064,77.7561,82.9248,148.539,0.241864,-0.623674,-0.674212,0.313001
1443,0,-0.0797566,-0.135672,0.408625,0.314487,0.125231,0.783162,-0.0947582,0.692589,-0.715082,0.992535,0.0103281,-0.121521,-0.0767789,-0.721259,-0.688397,85.1421,82.9948,140.983,0.238313,-0.629148,-0.669605,0.314656
1450,0,-0.0788525,-0.135539,0.406897,0.314487,0.125231,0.783162,-0.109333,0.68382,-0.721413,0.989957,0.00947832,-0.141048,-0.0896135,-0.729589,-0.677989,86.1555,81.8731,140.661,0.235667,-0.624335,-0.670224,0.324756
1457,0,-0.0781641,-0.133965,0.404936,0.314487,0.125231,0.783162,-0.0948465,0.669274,-0.736937,0.989739,-0.0160704,-0.141978,-0.106865,-0.742842,-0.660882,96.4578,81.7852,131.59,0.238852,-0.628909,-0.659481,0.335423
1464,0,-0.0777518,-0.134165,0.405102,0.314487,0.125231,0.783162,-0.10625,0.661801,-0.742112,0.987511,-0.0170819,-0.156618,-0.116327,-0.749485,-0.651721,96.2245,80.9355,132.408,0.237143,-0.62501,-0.659714,0.34337
1471,0,-0.0779349,-0.134206,0.405145,0.314487,0.125231,0.783162,-0.106513,0.659342,-0.74426,0.989454,-0.00360959,-0.144801,-0.0981596,-0.751834,-0.652004,91.428,81.6717,137.337,0.243861,-0.622315,-0.662365,0.338422
1479,0,-0.0780801,-0.133771,0.405159,0.314487,0.125231,0.783162,-0.104174,0.652086,-0.750954,0.991476,0.00868718,-0.129997,-0.0782455,-0.758095,-0.647433,86.1768,82.5138,143.09,0.253515,-0.619389,-0.66338,0.334684
1486,0,-0.0775541,-0.134887,0.407613,0.314487,0.125231,0.783162,-0.130853,0.672642,-0.728306,0.990148,0.051738,-0.130114,-0.0498392,-0.738157,-0.672786,68.3155,81.9508,159.149,0.249048,-0.610368,-0.681061,0.31872
1494,0,-0.076615,-0.135028,0.407002,0.314487,0.125231,0.783162,-0.196487,0.67501,-0.711164,0.980313,0.120835,-0.156159,-0.0194756,-0.727847,-0.685463,52.2676,78.6121,174.339,0.244379,-0.584838,-0.707599,0.312326
1501,0,-0.0777994,-0.135287,0.40998,0.314487,0.125231,0.783162,-0.10758,0.685578,-0.720006,0.991848,0.0242586,-0.125099,-0.0682989,-0.727595,-0.682599,79.0257,82.6789,147.59,0.241909,-0.622648,-0.673505,0.316513
1508,0,-0.0775971,-0.135576,0.410173,0.314487,0.125231,0.783162,-0.093598,0.694902,-0.712987,0.990593,-0.00680048,-0.136669,-0.0998202,-0.719072,-0.687729,92.8486,82.1351,133.157,0.230148,-0.63264,-0.666057,0.321197
1515,0,-0.0772542,-0.134467,0.406488,0.314487,0.125231,0.783162,-0.108894,0.688442,-0.717071,0.989297,0.00457579,-0.145841,-0.0971221,-0.725277,-0.681572,88.2029,81.6098,138.27,0.23136,-0.626119,-0.669896,0.325095
1523,0,-0.077175,-0.135157,0.408298,0.314487,0.125231,0.783162,-0.127157,0.682284,-0.719945,0.989249,0.0343795,-0.142141,-0.072229,-0.730279,-0.67932,76.403,81.5909,150.402,0.238696,-0.615992,-0.678391,0.321503
1531,0,-0.0769777,-0.134574,0.406671,0.314487,0.125231,0.783162,-0.141622,0.674689,-0.724388,0.987987,0.0506161,-0.146014,-0.0618481,-0.736365,-0.673752,70.881,81.11,156.409,0.242509,-0.608587,-0.683006,0.322976
1538,0,-0.0774381,-0.134025,0.406565,0.314487,0.125231,0.783162,-0.132425,0.666812,-0.733366,0.990112,0.0544394,-0.129287,-0.046286,-0.743235,-0.667428,67.1653,81.9359,160.734,0.252283,-0.608392,-0.680862,0.320374
1545,0,-0.0770382,-0.134875,0.406179,0.314487,0.125231,0.783162,-0.131954,0.65989,-0.739685,0.989974,0.0497994,-0.132177,-0.0503864,-0.74971,-0.659845,69.3554,81.88,159.101,0.253969,-0.607884,-0.678528,0.324927
1552,0,-0.0767601,-0.13491,0.405888,0.314487,0.125231,0.783162,-0.125968,0.664198,-0.736867,0.991061,0.051359,-0.123129,-0.0439373,-0.74579,-0.66473,67.3582,82.3333,160.771,0.255275,-0.609796,-0.678612,0.320109
1559,0,-0.0760799,-0.134522,0.40586,0.314487,0.125231,0.783162,-0.0939072,0.667039,-0.739081,0.992985,0.00917756,-0.117885,-0.0718511,-0.744966,-0.663222,85.5484,83.2094,142.579,0.251022,-0.624527,-0.664512,0.324618
1567,0,-0.0762973,-0.133547,0.404991,0.314487,0.125231,0.783162,-0.07127,0.666494,-0.742096,0.991359,-0.0348104,-0.126473,-0.110126,-0.744697,-0.658254,105.389,82.4624,122.91,0.242727,-0.636748,-0.650906,0.334599
1574,0,-0.0762449,-0.13328,0.404437,0.314487,0.125231,0.783162,-0.0232577,0.670558,-0.741493,0.98769,-0.0993469,-0.120823,-0.154684,-0.735175,-0.659993,129.429,81.0007,98.5508,0.233132,-0.658802,-0.629266,0.340078
1581,0,-0.0762798,-0.133525,0.40531,0.314487,0.125231,0.783162,0.0012475,0.679405,-0.733762,0.97994,-0.147062,-0.134501,-0.199289,-0.718875,-0.66596,137.554,78.5044,89.6413,0.216925,-0.673474,-0.615965,0.346358
