105,0,-0.336642,-0.388873,1.46029,-nan,-nan,-nan,0.824227,0.565958,0.0184618,0.183371,-0.235921,-0.954315,-0.535746,0.789958,-0.298233,103.886,10.5662,33.0238,0.567907,0.767851,0.24397,-0.16842
113,0,-0.337191,-0.387699,1.4633,-nan,-nan,-nan,0.822072,0.568895,0.0235858,0.164153,-0.197136,-0.966536,-0.545207,0.798434,-0.255446,101.528,9.44806,33.5528,0.585126,0.754098,0.243022,-0.172929
120,0,-0.338339,-0.388645,1.46807,-nan,-nan,-nan,0.824863,0.564617,0.0284373,0.161988,-0.187861,-0.968746,-0.541628,0.803689,-0.246421,100.975,9.32233,33.29,0.589614,0.751523,0.241711,-0.170717
128,0,-0.340962,-0.390577,1.47851,-nan,-nan,-nan,0.824607,0.564913,0.0299396,0.164027,-0.188109,-0.968354,-0.541404,0.803423,-0.247777,100.993,9.44069,33.2873,0.58922,0.751747,0.242415,-0.170092
135,0,-0.342279,-0.388363,1.4884,-nan,-nan,-nan,0.820933,0.570363,0.0274663,0.161791,-0.186201,-0.969099,-0.547624,0.800009,-0.245138,100.876,9.31087,33.7063,0.589405,0.750379,0.243928,-0.173298
143,0,-0.340665,-0.379448,1.49711,-nan,-nan,-nan,0.810347,0.585587,0.0206388,0.149753,-0.172921,-0.973485,-0.566491,0.791951,-0.227819,100.072,8.61259,34.9563,0.593634,0.743486,0.247261,-0.183545
151,0,-0.333263,-0.363269,1.50368,-nan,-nan,-nan,0.777167,0.629007,0.0190385,0.147919,-0.153187,-0.977064,-0.611663,0.762158,-0.212094,98.9105,8.50634,38.2043,0.594114,0.731855,0.265396,-0.202439
159,0,-0.31788,-0.34749,1.50715,-nan,-nan,-nan,0.771428,0.635719,0.0275675,0.14181,-0.129526,-0.981383,-0.620313,0.760976,-0.190071,97.5186,8.1526,38.8031,0.60246,0.723019,0.268848,-0.204955
166,1,-0.302928,-0.340158,1.52177,-nan,-nan,-nan,0.827334,0.559451,0.0503418,0.164179,-0.155135,-0.974155,-0.537182,0.814216,-0.220199,99.0484,9.44957,32.9954,0.602495,0.742069,0.243788,-0.164014
173,1,-0.292816,-0.333012,1.53235,-nan,-nan,-nan,0.840228,0.539386,0.0555014,0.174057,-0.171356,-0.969712,-0.513538,0.824439,-0.237862,100.021,10.0238,31.4328,0.598124,0.749908,0.237844,-0.152698
180,1,-0.280125,-0.332681,1.54214,-nan,-nan,-nan,0.866156,0.495655,0.0640247,0.169186,-0.170257,-0.970767,-0.470265,0.851668,-0.231327,99.9476,9.7405,28.499,0.605098,0.752951,0.220745,-0.134883
189,1,-0.270638,-0.330539,1.55287,-nan,-nan,-nan,0.880856,0.465284,0.087197,0.181796,-0.162417,-0.96983,-0.437084,0.870133,-0.227652,99.5071,10.4744,26.3908,0.610489,0.753479,0.214697,-0.11609
196,1,-0.258296,-0.338818,1.55989,-nan,-nan,-nan,0.892866,0.447727,0.0482853,0.167426,-0.230509,-0.958558,-0.418042,0.863948,-0.280775,103.521,9.63821,25.0891,0.587704,0.775266,0.198368,-0.119235
204,1,-0.247653,-0.344588,1.55997,-nan,-nan,-nan,0.88831,0.457236,0.0429107,0.144912,-0.190411,-0.97095,-0.435782,0.868723,-0.235403,101.095,8.3322,26.1314,0.604668,0.760612,0.197916,-0.12913
212,1,-0.237545,-0.345467,1.56641,-nan,-nan,-nan,0.884354,0.465584,0.0339186,0.1269,-0.169844,-0.977266,-0.449238,0.868553,-0.209285,99.8592,7.29047,26.9299,0.613438,0.752244,0.196905,-0.138027
219,1,-0.236121,-0.344135,1.56487,-nan,-nan,-nan,0.878387,0.477425,0.0223969,0.11155,-0.159218,-0.980921,-0.46475,0.864127,-0.193111,99.2195,6.40467,27.8831,0.617669,0.746779,0.197172,-0.148087
227,1,-0.237489,-0.344934,1.56589,-nan,-nan,-nan,0.873153,0.487103,0.0182959,0.10855,-0.157715,-0.9815,-0.475206,0.858986,-0.190584,99.1287,6.23175,28.5569,0.617425,0.745227,0.199823,-0.153279
234,1,-0.237892,-0.346738,1.56898,-nan,-nan,-nan,0.857289,0.513961,0.0300031,0.139426,-0.175675,-0.974525,-0.495597,0.839632,-0.222264,100.219,8.01466,30.0321,0.604018,0.750871,0.217543,-0.155018
242,1,-0.237082,-0.345544,1.5679,-nan,-nan,-nan,0.85801,0.513561,0.00862348,0.117893,-0.180568,-0.976471,-0.49992,0.838839,-0.215474,100.477,6.77051,30.2273,0.604559,0.750675,0.210295,-0.163618
250,1,-0.237935,-0.346432,1.57164,-nan,-nan,-nan,0.846266,0.532681,0.00920656,0.115198,-0.166087,-0.979359,-0.520157,0.829859,-0.201918,99.6251,6.61504,31.577,0.607919,0.744021,0.217695,-0.171685
257,1,-0.23829,-0.347917,1.57664,-nan,-nan,-nan,0.862686,0.505598,0.0119847,0.119947,-0.181526,-0.976044,-0.49131,0.843457,-0.217245,100.536,6.88905,29.662,0.604962,0.751907,0.207986,-0.15937
265,1,-0.239681,-0.349308,1.58228,-nan,-nan,-nan,0.861005,0.508317,0.0168457,0.127064,-0.182917,-0.974883,-0.492468,0.841519,-0.222081,100.627,7.29995,29.7682,0.603325,0.752663,0.211044,-0.15798
272,1,-0.240348,-0.350104,1.58666,-nan,-nan,-nan,0.866606,0.498766,0.0150616,0.121689,-0.18197,-0.975745,-0.483927,0.84742,-0.218391,100.564,6.9896,29.1797,0.605443,0.752822,0.206043,-0.155703
280,1,-0.241602,-0.351333,1.59256,-nan,-nan,-nan,0.858942,0.511794,0.0168881,0.124261,-0.176326,-0.976457,-0.496767,0.840818,-0.215051,100.236,7.13811,30.0429,0.605715,0.750053,0.212004,-0.159948
287,1,-0.242069,-0.352769,1.6001,-nan,-nan,-nan,0.848275,0.529389,0.0133208,0.12138,-0.169886,-0.97796,-0.515458,0.831195,-0.208367,99.8548,6.97173,31.2852,0.606222,0.746078,0.218063,-0.168259
294,1,-0.243115,-0.354295,1.60617,-nan,-nan,-nan,0.826581,0.562588,0.0160893,0.130379,-0.163593,-0.977875,-0.547509,0.81039,-0.208572,99.4973,7.49148,33.5196,0.602996,0.741408,0.233666,-0.179193
302,1,-0.244025,-0.355354,1.61135,-nan,-nan,-nan,0.810466,0.585445,0.0199507,0.141576,-0.162716,-0.976463,-0.568419,0.794215,-0.214761,99.4607,8.13903,35.0438,0.598538,0.739585,0.245753,-0.185397
310,1,-0.24556,-0.357152,1.62153,0.613857,0.608436,1.74508,0.765019,0.643819,0.0155739,0.142163,-0.145241,-0.97913,-0.628121,0.751267,-0.202639,98.4375,8.17304,39.3878,0.595218,0.726791,0.270361,-0.210703
318,1,-0.247169,-0.359695,1.63184,0.613857,0.608436,1.74508,0.76102,0.648399,0.020667,0.148621,-0.143247,-0.978464,-0.631475,0.747702,-0.20538,98.3289,8.54701,39.685,0.594221,0.726231,0.274369,-0.210266
325,1,-0.249676,-0.364083,1.64947,0.613857,0.608436,1.74508,0.783139,0.621528,0.0198751,0.147688,-0.154853,-0.976836,-0.604054,0.767934,-0.213064,99.0079,8.49298,37.6438,0.594815,0.733324,0.262236,-0.199154
331,1,-0.262822,-0.362493,1.65717,0.613857,0.608436,1.74508,0.562814,0.826505,0.0113714,0.150275,-0.0887833,-0.98465,-0.812808,0.555884,-0.174171,95.1523,8.64284,55.3,0.570057,0.675605,0.361446,-0.296563
338,1,-0.2753,-0.35735,1.66272,0.613857,0.608436,1.74508,0.556892,0.83054,-0.00863205,0.163098,-0.119539,-0.979341,-0.814414,0.54398,-0.20203,96.9591,9.38677,55.6359,0.555726,0.685285,0.362491,-0.300257
345,1,-0.286895,-0.354324,1.66834,0.613857,0.608436,1.74508,0.544411,0.838689,-0.0147154,0.171482,-0.128451,-0.976777,-0.821103,0.529245,-0.213751,97.4917,9.87402,56.4547,0.548227,0.68677,0.367726,-0.304257
353,1,-0.296671,-0.354285,1.67449,0.613857,0.608436,1.74508,0.533686,0.845682,0.00130716,0.173793,-0.108163,-0.978824,-0.827632,0.522612,-0.204699,96.3058,10.0085,57.1847,0.552454,0.679439,0.375117,-0.304047
359,1,-0.294162,-0.356386,1.67766,0.613857,0.608436,1.74508,0.512474,0.858548,0.0163347,0.180648,-0.0891943,-0.979495,-0.839486,0.504916,-0.200805,95.2031,10.4075,58.5976,0.552828,0.671281,0.38702,-0.30656
367,0,-0.290206,-0.35675,1.68075,0.613857,0.608436,1.74508,0.484246,0.874605,0.0239205,0.192295,-0.0797178,-0.978094,-0.853539,0.478237,-0.206785,94.6595,11.0868,60.4321,0.547207,0.665347,0.400881,-0.311724
373,1,-0.289938,-0.356929,1.68254,0.613857,0.608436,1.74508,0.481393,0.876351,0.0164368,0.186975,-0.084351,-0.978737,-0.85633,0.47423,-0.204461,94.9258,10.7763,60.6571,0.546027,0.665245,0.399599,-0.315633
380,1,-0.290747,-0.357883,1.68761,0.613857,0.608436,1.74508,0.447023,0.89437,0.0165154,0.187691,-0.0757279,-0.979304,-0.87461,0.440871,-0.201718,94.4218,10.8181,62.9279,0.540735,0.656595,0.411997,-0.326721
386,1,-0.290184,-0.357016,1.68874,0.613857,0.608436,1.74508,0.46697,0.884187,0.0123084,0.181741,-0.082343,-0.979893,-0.865395,0.459818,-0.199145,94.8034,10.4712,61.6486,0.544399,0.661146,0.403061,-0.322579
393,1,-0.290991,-0.357161,1.69038,0.613857,0.608436,1.74508,0.429921,0.902613,0.021364,0.192429,-0.0684853,-0.978918,-0.882122,0.424969,-0.203132,94.0019,11.0946,64.0167,0.538123,0.652215,0.41974,-0.329936
400,1,-0.293336,-0.365856,1.73434,0.613857,0.608436,1.74508,0.701744,0.712145,0.0201065,0.153985,-0.12406,-0.980254,-0.695589,0.690984,-0.196719,97.213,8.85796,44.7476,0.587572,0.711077,0.304514,-0.237486
407,1,-0.29379,-0.369802,1.75829,0.613857,0.608436,1.74508,0.777484