133,0,-0.335682,-0.387015,1.45516,-nan,-nan,-nan,0.830267,0.557233,0.0121686,0.184238,-0.253775,-0.949555,-0.526035,0.790626,-0.313364,104.963,10.6167,32.3573,0.561945,0.774178,0.239438,-0.165939
142,0,-0.334904,-0.385434,1.45269,-nan,-nan,-nan,0.831712,0.554628,0.0253418,0.172812,-0.21523,-0.961151,-0.527627,0.803781,-0.274856,102.622,9.95137,32.3905,0.579143,0.761873,0.238701,-0.164819
151,0,-0.335294,-0.384845,1.45349,-nan,-nan,-nan,0.819531,0.572147,0.031897,0.166841,-0.184987,-0.968475,-0.54821,0.799017,-0.247059,100.814,9.60417,33.7798,0.588958,0.750263,0.246243,-0.172044
160,0,-0.335468,-0.385447,1.45598,-nan,-nan,-nan,0.812494,0.582019,0.0332837,0.169911,-0.181806,-0.968544,-0.55766,0.792591,-0.246608,100.631,9.78263,34.464,0.588235,0.748483,0.251151,-0.175146
168,0,-0.336999,-0.387022,1.46156,-nan,-nan,-nan,0.809398,0.586641,0.0269605,0.162282,-0.17931,-0.970316,-0.564393,0.789747,-0.240334,100.47,9.33936,34.888,0.589439,0.746499,0.250812,-0.179984
177,0,-0.338089,-0.388615,1.46687,-nan,-nan,-nan,0.800076,0.599475,0.0225553,0.164905,-0.183626,-0.969065,-0.576789,0.779045,-0.245771,100.73,9.49173,35.7885,0.58538,0.746571,0.255964,-0.185593
185,0,-0.339657,-0.390071,1.47291,-nan,-nan,-nan,0.79059,0.611834,0.0250188,0.171606,-0.182153,-0.968179,-0.587808,0.769726,-0.249003,100.655,9.88123,36.631,0.582974,0.745276,0.262802,-0.188786
194,0,-0.341381,-0.392463,1.4814,-nan,-nan,-nan,0.774573,0.631711,0.0312649,0.181753,-0.174965,-0.967653,-0.605807,0.755201,-0.250339,100.249,10.4719,38.0296,0.58079,0.741599,0.274226,-0.193684
202,0,-0.335005,-0.393776,1.48746,-nan,-nan,-nan,0.752921,0.656297,0.0488346,0.198289,-0.155474,-0.967734,-0.627528,0.738311,-0.247196,99.127,11.4369,39.8098,0.581002,0.734096,0.291033,-0.197077
210,0,-0.32748,-0.398219,1.50044,-nan,-nan,-nan,0.735576,0.675763,0.0476637,0.221345,-0.173247,-0.959683,-0.640261,0.71647,-0.277013,100.233,12.788,41.037,0.566859,0.739229,0.303393,-0.200411
219,0,-0.326716,-0.400257,1.50878,-nan,-nan,-nan,0.738193,0.672903,0.0476704,0.219537,-0.172817,-0.960176,-0.637867,0.719261,-0.2753,100.203,12.6819,40.83,0.567908,0.739309,0.301782,-0.199577
228,0,-0.327919,-0.400932,1.5149,-nan,-nan,-nan,0.731775,0.68056,0.0366638,0.206161,-0.16976,-0.96368,-0.649618,0.712756,-0.264531,99.9906,11.8975,41.5964,0.569536,0.735878,0.301246,-0.208239
236,0,-0.330314,-0.394209,1.53028,-nan,-nan,-nan,0.759564,0.649911,0.0260336,0.181481,-0.173325,-0.968,-0.624601,0.739983,-0.249598,100.152,10.456,39.431,0.578066,0.738662,0.281384,-0.202585
245,0,-0.330836,-0.378985,1.54115,-nan,-nan,-nan,0.763443,0.645701,0.0149955,0.149179,-0.153697,-0.976792,-0.628411,0.747962,-0.213664,98.9421,8.57935,39.4587,0.59078,0.729864,0.27227,-0.210113
253,0,-0.332015,-0.368931,1.55259,-nan,-nan,-nan,0.777136,0.628076,0.0397598,0.176048,-0.156304,-0.971893,-0.604208,0.762293,-0.232041,99.1363,10.1396,37.8644,0.589235,0.735779,0.273222,-0.191786
261,0,-0.333329,-0.365665,1.55872,-nan,-nan,-nan,0.767297,0.640141,0.0383987,0.18068,-0.158342,-0.970712,-0.615312,0.751763,-0.237156,99.2645,10.4094,38.7269,0.585619,0.735322,0.279068,-0.196143
270,0,-0.336507,-0.349022,1.57323,-nan,-nan,-nan,0.802776,0.596096,0.0148079,0.144505,-0.170394,-0.974723,-0.578505,0.784624,-0.222927,99.9158,8.30859,35.7777,0.593602,0.740962,0.249878,-0.190191
279,0,-0.335169,-0.36788,1.56902,-nan,-nan,-nan,0.766202,0.642493,0.0117166,0.160624,-0.173834,-0.971587,-0.622201,0.746314,-0.236391,100.144,9.24312,39.0786,0.582232,0.737636,0.272193,-0.206906
287,0,-0.337691,-0.368205,1.5758,-nan,-nan,-nan,0.747481,0.664254,-0.00617185,0.130366,-0.155798,-0.979148,-0.651365,0.731091,-0.203052,99.0409,7.49075,41.0693,0.589201,0.72566,0.273758,-0.22653
295,0,-0.337936,-0.368213,1.57598,-nan,-nan,-nan,0.741018,0.671478,0.0031499,0.141494,-0.151559,-0.978268,-0.656408,0.72536,-0.207318,98.8066,8.13433,41.5351,0.587822,0.724551,0.280509,-0.225401
304,0,-0.337817,-0.369317,1.57758,-nan,-nan,-nan,0.729951,0.683415,0.010743,0.156437,-0.151748,-0.975961,-0.665356,0.714084,-0.21768,98.8379,9.00017,42.3494,0.583207,0.724462,0.289819,-0.225896
312,0,-0.338885,-0.370846,1.58282,-nan,-nan,-nan,0.737931,0.674828,0.00804879,0.153556,-0.156278,-0.975704,-0.657174,0.721238,-0.218947,99.0998,8.83308,41.6871,0.583675,0.726835,0.284929,-0.223271
320,0,-0.341218,-0.373912,1.59549,-nan,-nan,-nan,0.759527,0.650436,0.00718634,0.149201,-0.163451,-0.975204,-0.633133,0.741766,-0.221191,99.5147,8.58062,39.8142,0.586278,0.732149,0.273044,-0.213736
329,0,-0.350013,-0.375805,1.59975,-nan,-nan,-nan,0.74679,0.664963,0.0113822,0.177263,-0.182523,-0.96709,-0.641001,0.724231,-0.254179,100.688,10.2104,40.6409,0.572295,0.738832,0.284985,-0.213045
339,0,-0.363499,-0.376777,1.60189,-nan,-nan,-nan,0.748819,0.662088,0.0301629,0.198888,-0.181064,-0.963151,-0.632229,0.727224,-0.267265,100.647,11.472,40.1745,0.570195,0.741139,0.290423,-0.203088
347,0,-0.354614,-0.378277,1.60896,-nan,-nan,-nan,0.753951,0.656723,0.0165107,0.178202,-0.180265,-0.967341,-0.632298,0.73227,-0.252941,100.556,10.2651,39.9848,0.574618,0.739452,0.282278,-0.208191
356,0,-0.355477,-0.378672,1.6137,-nan,-nan,-nan,0.752226,0.658599,0.0200984,0.173699,-0.168784,-0.970227,-0.635598,0.733321,-0.241362,99.8686,10.003,40.1963,0.579241,0.73525,0.282998,-0.209282
364,0,-0.356781,-0.379232,1.61893,-nan,-nan,-nan,0.744757,0.667073,0.0187202,0.163073,-0.154719,-0.974407,-0.647104,0.72875,-0.22401,99.0223,9.38534,40.9867,0.584386,0.728609,0.284839,-0.215611
373,0,-0.357663,-0.380416,1.62348,-nan,-nan,-nan,0.743622,0.668215,0.0226982,0.167162,-0.152941,-0.973995,-0.647366,0.728078,-0.225431,98.924,9.62288,41.0415,0.584219,0.728353,0.286735,-0.214411
381,0,-0.359051,-0.381957,1.62898,-nan,-nan,-nan,0.725695,0.687487,0.0269799,0.173707,-0.145135,-0.974044,-0.665727,0.711545,-0.224745,98.4749,10.0034,42.5322,0.582197,0.723805,0.297454,-0.220621
390,0,-0.360102,-0.383204,1.63435,-nan,-nan,-nan,0.707528,0.706156,0.0273508,0.17979,-0.14244,-0.973338,-0.683432,0.693581,-0.22774,98.3257,10.3575,44.0075,0.578219,0.720713,0.307316,-0.227581
398,0,-0.361603,-0.384845,1.64091,-nan,-nan,-nan,0.689601,0.72386,0.0218475,0.181983,-0.144012,-0.972699,-0.700951,0.67475,-0.231041,98.4217,10.4853,45.4677,0.573269,0.718445,0.315209,-0.23631
407,0,-0.36283,-0.386303,1.64684,-nan,-nan,-nan,0.679745,0.73301,0.0253772,0.191148,-0.143641,-0.970994,-0.708103,0.664879,-0.237752,98.4149,11.0198,46.1706,0.569726,0.717833,0.321857,-0.237773
415,0,-0.364649,-0.387572,1.65407,-nan,-nan,-nan,0.676754,0.735802,0.0244935,0.177907,-0.131165,-0.975267,-0.71439,0.664373,-0.219671,97.6598,10.2479,46.5497,0.575743,0.711967,0.32084,-0.24225
424,0,-0.3677,-0.389481,1.67405,-nan,-nan,-nan,0.608323,0.793628,-0.00986138,0.136763,-0.117053,-0.983664,-0.781818,0.597037,-0.179745,96.7861,7.86061,52.1139,0.572609,0.690131,0.337035,-0.286786
433,0,-0.372681,-0.391222,1.68477,-nan,-nan,-nan,0.621467,0.777643,-0.0951332,0.0445078,-0.156279,-0.98671,-0.782175,0.608973,-0.131733,99,2.55095,51.5316,0.577377,0.690919,0.297484,-0.317442
442,0,-0.397691,-0.402078,1.70666,-nan,-nan,-nan,0.518515,0.855068,0.00123116,0.178699,-0.106955,-0.978073,-0.836187,0.507366,-0.208257,96.2407,10.294,58.1972,0.548476,0.677076,0.381702,-0.308295
451,0,-0.413147,-0.404067,1.71749,-nan,-nan,-nan,0.508872,0.860742,0.0131607,0.192686,-0.0989897,-0.976255,-0.839,0.499325,-0.216226,95.7899,11.1096,58.7623,0.546273,0.675294,0.389989,-0.305733
459,0,-0.430493,-0.400405,1.72602,-nan,-nan,-nan,0.507451,0.859928,0.0549359,0.256319,-0.0897726,-0.962414,-0.822675,0.502459,-0.265971,95.329,14.8517,58.3325,0.536588,0.682494,0.408885,-0.281225
468,0,-0.449036,-0.397981,1.7289,-nan,-nan,-nan,0.514232,0.856067,0.0520932,0.260236,-0.097869,-0.960572,-0.817216,0.507514,-0.273107,95.8176,15.0841,57.8199,0.534616,0.686514,0.406511,-0.278626
478,0,-0.457689,-0.393832,1.72328,-nan,-nan,-nan,0.524878,0.850875,0.0227031,0.262178,-0.136238,-0.955354,-0.809794,0.507396,-0.294589,98.1159,15.1993,57.0502,0.522984,0.699233,0.397955,-0.281412
487,0,-0.460119,-0.392534,1.71977,-nan,-nan,-nan,0.536372,0.843712,0.0213609,0.279424,-0.153642,-0.947796,-0.796384,0.514339,-0.318162,99.2078,16.2258,56.0394,0.51589,0.70855,0.396279,-0.273454
495,0,-0.460899,-0.399029,1.71777,-nan,-nan,-nan,0.508067,0.861197,-0.0144216,0.229574,-0.151538,-0.961422,-0.830159,0.485156,-0.2747,98.9572,13.272,58.5329,0.520055,0.695396,0.39214,-0.303633
504,0,-0.456657,-0.399485,1.71615,-nan,-nan,-nan,0.490477,0.870753,-0.0349519,0.228674,-0.167302,-0.959019,-0.840916,0.462384,-0.281177,99.8958,13.219,59.7465,0.510391,0.696232,0.394778,-0.314503
512,0,-0.455533,-0.398277,1.7167,-nan,-nan,-nan,0.525124,0.850273,-0.0357937,0.207868,-0.168937,-0.963458,-0.825249,0.498494,-0.265457,99.9454,11.9974,57.5305,0.52219,0.699914,0.377954,-0.307553
521,0,-0.455406,-0.397145,1.71674,-nan,-nan,-nan,0.569706,0.821836,-0.00448445,0.200096,-0.143997,-0.969137,-0.797118,0.551226,-0.246482,98.4513,11.5426,54.4463,0.542961,0.700033,0.364959,-0.286273
530,0,-0.455156,-0.398344,1.71707,-nan,-nan,-nan,0.590939,0.806648,0.0105483,0.217776,-0.146922,-0.964877,-0.776766,0.57248,-0.262491,98.658,12.5784,52.7373,0.54349,0.707169,0.362157,-0.270875
539,0,-0.455865,-0.401187,1.71819,-nan,-nan,-nan,0.567685,0.822729,0.0291641,0.28776,-0.165114,-0.943362,-0.771316,0.543925,-0.330481,99.9278,16.7239,53.6471,0.517709,0.718206,0.386549,-0.258335
548,0,-0.459811,-0.403255,1.71583,-nan,-nan,-nan,0.575506,0.816872,0.0388946,0.31481,-0.177394,-0.93243,-0.754777,0.548864,-0.359251,100.772,18.3493,52.675,0.509623,0.726662,0.389342,-0.246291
556,0,-0.460798,-0.402419,1.71484,-nan,-nan,-nan,0.598572,0.799394,0.0517839,0.318992,-0.17856,-0.930785,-0.734817,0.57366,-0.361882,100.86,18.602,50.8342,0.514327,0.731268,0.382345,-0.23351
564,0,-0.463601,-0.400516,1.71382,-nan,-nan,-nan,0.580399,0.810511,0.0787993,0.293441,-0.117898,-0.948679,-0.759625,0.573735,-0.306265,97.0842,17.0641,52.618,0.537642,0.707913,0.389862,-0.240434
573,0,-0.459589,-0.398487,1.71137,-nan,-nan,-nan,0.590993,0.805353,0.0462021,0.256704,-0.133462,-0.957231,-0.764742,0.577577,-0.285612,97.9373,14.8746,52.3032,0.541276,0.708884,0.374552,-0.253405
582,1,-0.456287,-0.398914,1.71443,-nan,-nan,-nan,0.59699,0.801807,0.0266271,0.22298,-0.133956,-0.965575,-0.770638,0.582376,-0.258757,97.8983,12.8841,52.2361,0.548698,0.705284,0.363253,-0.263727
591,1,-0.456357,-0.397342,1.7159,-nan,-nan,-nan,0.589915,0.807088,0.0246695,0.208087,-0.122433,-0.970417,-0.780192,0.577597,-0.24017,97.1907,12.0103,52.9065,0.553921,0.698663,0.363257,-0.270346
599,1,-0.455838,-0.39754,1.71283,-nan,-nan,-nan,0.584114,0.810388,0.0456182,0.21286,-0.0987053,-0.972084,-0.783263,0.577519,-0.230154,95.7979,12.29,53.2865,0.560191,0.691551,0.36991,-0.266663
608,1,-0.455068,-0.398692,1.71245,-nan,-nan,-nan,0.584207,0.80816,0.0746997,0.237255,-0.0820364,-0.967977,-0.776152,0.583222,-0.239667,94.8443,13.7246,53.0314,0.561806,0.690273,0.378624,-0.254049
616,1,-0.454787,-0.397732,1.71074,-nan,-nan,-nan,0.574679,0.815294,0.0709904,0.244551,-0.0882988,-0.965608,-0.780986,0.572275,-0.250125,95.2248,14.1553,53.653,0.555935,0.691575,0.383128,-0.256659
625,1,-0.454399,-0.398513,1.70922,-nan,-nan,-nan,0.580286,0.811194,0.0723269,0.256748,-0.0979353,-0.961504,-0.772883,0.576517,-0.265103,95.8159,14.8772,53.1005,0.551645,0.697016,0.383041,-0.25127
634,1,-0.454687,-0.398723,1.70812,-nan,-nan,-nan,0.550172,0.831479,0.0771671,0.271526,-0.0907408,-0.958144,-0.789674,0.548096,-0.275691,95.41,15.7551,55.1348,0.543999,0.692207,0.398365,-0.257331
643,1,-0.455468,-0.396702,1.70885,-nan,-nan,-nan,0.478719,0.876142,0.0565972,0.241274,-0.0693011,-0.967979,-0.844165,0.477046,-0.244566,94.095,13.9618,60.4428,0.539642,0.669438,0.417297,-0.294115
650,1,-0.454742,-0.396736,1.70904,-nan,-nan,-nan,0.439197,0.896353,0.0604774,0.241845,-0.0531307,-0.968859,-0.865226,0.440146,-0.240114,93.1389,13.9955,63.0872,0.535246,0.658111,0.432373,-0.305704
659,1,-0.45472,-0.396679,1.70859,-nan,-nan,-nan,0.380956,0.922951,0.0550868,0.241632,-0.0418729,-0.969464,-0.892461,0.382634,-0.238966,92.4732,13.9829,66.8843,0.524432,0.644553,0.451701,-0.324789
667,1,-0.455112,-0.396033,1.70909,-nan,-nan,-nan,0.442327,0.895626,0.0469253,0.232547,-0.0640021,-0.970477,-0.866181,0.44018,-0.236585,93.7731,13.4471,62.9483,0.534261,0.660097,0.427275,-0.310278
677,1,-0.454615,-0.39664,1.70852,-nan,-nan,-nan,0.391608,0.918431,0.0559302,0.240368,-0.0434373,-0.969709,-0.888181,0.39319,-0.237772,92.5648,13.9083,66.2068,0.526877,0.646687,0.447975,-0.321736
685,1,-0.454603,-0.396035,1.70938,-nan,-nan,-nan,0.285791,0.956942,0.0508525,0.226431,-0.0158703,-0.973898,-0.931156,0.289846,-0.221217,90.9336,13.0871,72.9377,0.512031,0.617025,0.479467,-0.356673
694,1,-0.454569,-0.396731,1.70722,-nan,-nan,-nan,0.314077,0.947859,0.0540225,0.264336,-0.0326532,-0.963878,-0.911857,0.317012,-0.260809,91.9403,15.3275,70.9944,0.505127,0.633944,0.478037,-0.338293
703,1,-0.454645,-0.396025,1.70705,-nan,-nan,-nan,0.366611,0.928924,0.0519233,0.247001,-0.0433717,-0.968044,-0.896988,0.36772,-0.245345,92.5653,14.3001,67.7695,0.519108,0.643298,0.456991,-0.328411
711,1,-0.45406,-0.39598,1.70692,-nan,-nan,-nan,0.321164,0.944729,0.0658824,0.237756,-0.013095,-0.971237,-0.916693,0.32759,-0.228821,90.7725,13.7541,70.6921,0.519434,0.625116,0.472906,-0.340261
720,1,-0.453753,-0.395456,1.70607,-nan,-nan,-nan,0.389536,0.919807,0.0470853,0.228902,-0.0471665,-0.972306,-0.892113,0.389526,-0.228919,92.7772,13.2324,66.4118,0.527601,0.645295,0.445033,-0.327381
728,1,-0.454098,-0.396158,1.70512,-nan,-nan,-nan,0.419312,0.905408,0.0664326,0.251243,-0.0454143,-0.966858,-0.872384,0.422106,-0.246521,92.6893,14.5511,64.3287,0.53089,0.654073,0.442096,-0.308051
737,1,-0.454107,-0.398867,1.70585,-nan,-nan,-nan,0.459851,0.885147,0.0710776,0.277791,-0.0673679,-0.958276,-0.843427,0.460409,-0.276865,94.0213,16.1284,61.4,0.528114,0.671581,0.432911,-0.287512
746,1,-0.453913,-0.398752,1.70743,-nan,-nan,-nan,0.419275,0.905359,0.0673268,0.27538,-0.0561622,-0.959693,-0.865086,0.420916,-0.272866,93.3492,15.9847,64.1423,0.522075,0.661117,0.446494,-0.301671
754,1,-0.45393,-0.400458,1.70534,-nan,-nan,-nan,0.390591,0.915823,0.0933122,0.349306,-0.053662,-0.935471,-0.851718,0.397981,-0.340862,93.2831,20.4449,65.3642,0.499016,0.668041,0.473447,-0.283817
764,1,-0.44749,-0.400937,1.70191,-nan,-nan,-nan,0.399141,0.912056,0.0940268,0.323379,-0.0440714,-0.945243,-0.85797,0.407691,-0.31253,92.6695,18.8674,65.0514,0.510524,0.662522,0.466186,-0.288271
772,1,-0.433362,-0.401688,1.70112,-nan,-nan,-nan,0.303901,0.943376,0.132991,0.361958,0.0147966,-0.932077,-0.881267,0.331396,-0.336965,89.0905,21.2205,70.9735,0.495412,0.637587,0.511825,-0.293401
780,1,-0.419341,-0.398789,1.69258,-nan,-nan,-nan,0.250825,0.954659,0.160355,0.365481,0.0600001,-0.928883,-0.896387,0.291594,-0.33386,86.3042,21.4372,74.3674,0.494208,0.617391,0.534564,-0.298041
788,1,-0.404966,-0.395456,1.6809,-nan,-nan,-nan,0.199865,0.964959,0.170025,0.351658,0.0913222,-0.931664,-0.914544,0.245998,-0.321083,84.4017,20.5887,77.6723,0.492469,0.597835,0.550577,-0.31134
796,1,-0.385007,-0.398516,1.67246,-nan,-nan,-nan,0.190407,0.942455,0.274814,0.346975,0.19726,-0.916895,-0.918343,0.269937,-0.289448,77.8585,20.3024,78.2864,0.52398,0.566259,0.569276,-0.284114
805,0,-0.362481,-0.406552,1.66514,-nan,-nan,-nan,0.188035,0.922276,0.337713,0.361994,0.254562,-0.896749,-0.913019,0.290871,-0.285992,74.1522,21.2227,78.3627,0.537728,0.552147,0.581489,-0.260486
813,0,-0.339168,-0.410706,1.66342,-nan,-nan,-nan,0.179058,0.91241,0.368031,0.360823,0.28711,-0.887342,-0.915284,0.291679,-0.277809,72.0704,21.1507,78.931,0.545059,0.540777,0.588613,-0.252994
821,1,-0.318015,-0.406999,1.66196,-nan,-nan,-nan,0.172585,0.894213,0.413034,0.346811,0.337309,-0.875183,-0.92192,0.294288,-0.251908,68.9226,20.2924,79.3969,0.5608,0.521341,0.595112,-0.244028
829,1,-0.306171,-0.396902,1.66309,-nan,-nan,-nan,0.175354,0.873136,0.454845,0.300383,0.392523,-0.869307,-0.937561,0.289064,-0.193445,65.6991,17.4806,79.4062,0.586181,0.494033,0.593846,-0.244273
837,1,-0.300713,-0.384775,1.6615,-nan,-nan,-nan,0.191086,0.861252,0.470883,0.268479,0.41557,-0.869034,-0.944143,0.292483,-0.151818,64.443,15.5738,78.5584,0.603083,0.481491,0.586579,-0.245726
845,1,-0.305652,-0.368862,1.66101,-nan,-nan,-nan,0.183744,0.846564,0.499568,0.168613,0.473543,-0.86448,-0.968405,0.243077,-0.0557308,61.287,9.70719,79.2565,0.632763,0.437588,0.579985,-0.267853
852,1,-0.30473,-0.350279,1.65469,-nan,-nan,-nan,0.17035,0.822168,0.543159,0.124926,0.528748,-0.839535,-0.977433,0.210869,-0.0126376,57.7968,7.17647,80.1136,0.649319,0.404425,0.585456,-0.268451
860,1,-0.307594,-0.334458,1.6533,-nan,-nan,-nan,0.156382,0.816317,0.556032,0.107701,0.545508,-0.831157,-0.981807,0.189863,-0.00261087,56.7222,6.18281,80.95,0.651782,0.391626,0.58986,-0.2718
869,1,-0.311281,-0.319948,1.65757,-nan,-nan,-nan,0.145387,0.852965,0.501312,0.134136,0.485024,-0.864152,-0.98024,0.19288,-0.0438969,60.6957,7.70864,81.5635,0.629784,0.419601,0.588119,-0.285347
877,1,-0.306122,-0.309042,1.66177,-nan,-nan,-nan,0.179849,0.876324,0.446889,0.115309,0.432384,-0.894286,-0.976913,0.212367,-0.0232842,64.1964,6.62144,79.5687,0.630268,0.438962,0.564761,-0.301862
887,0,-0.299301,-0.299718,1.67326,-nan,-nan,-nan,0.192438,0.890675,0.411905,0.097356,0.400352,-0.911175,-0.976468,0.215446,-0.00966969,66.2803,5.58694,78.8513,0.62911,0.447704,0.551721,-0.315254
896,1,-0.294651,-0.285303,1.68013,-nan,-nan,-nan,0.201495,0.89003,0.408957,0.16308,0.381209,-0.909991,-0.965818,0.250052,-0.0683337,67.2704,9.38569,78.2156,0.615299,0.471333,0.55858,-0.295365
904,1,-0.288059,-0.27008,1.6812,-nan,-nan,-nan,0.201107,0.898668,0.38981,0.142543,0.366857,-0.919292,-0.969143,0.24044,-0.0543209,68.2448,8.195,78.2769,0.615151,0.47132,0.552284,-0.307293
913,1,-0.284038,-0.258845,1.68216,-nan,-nan,-nan,0.192661,0.914835,0.354908,0.145061,0.331157,-0.932359,-0.970484,0.231112,-0.0689055,70.4459,8.34079,78.7716,0.603099,0.482289,0.549409,-0.319091
922,1,-0.281297,-0.242441,1.68036,-nan,-nan,-nan,0.201683,0.934731,0.292577,0.1247,0.27178,-0.954246,-0.97148,0.22894,-0.0617473,74.1025,7.16341,78.2718,0.594078,0.497908,0.531941,-0.340877
931,1,-0.284468,-0.220616,1.68375,-nan,-nan,-nan,0.165989,0.934595,0.31461,0.165779,0.288049,-0.943157,-0.972093,0.20871,-0.107123,73.0168,9.5425,80.31,0.580283,0.496252,0.554343,-0.331224
940,1,-0.28358,-0.207797,1.68178,-nan,-nan,-nan,0.168205,0.949283,0.265646,0.173324,0.236806,-0.955972,-0.970395,0.206842,-0.124702,76.0872,9.98114,80.1662,0.565754,0.513834,0.546192,-0.342887
948,1,-0.282945,-0.195178,1.6878,-nan,-nan,-nan,0.162075,0.961355,0.222548,0.167471,0.19546,-0.966307,-0.972463,0.193885,-0.12932,78.5648,9.64083,80.5378,0.554124,0.523435,0.539144,-0.358171
958,1,-0.284596,-0.180314,1.69728,-nan,-nan,-nan,0.147691,0.979074,0.140004,0.19088,0.110678,-0.975354,-0.970439,0.170775,-0.170539,83.5261,11.0041,81.3465,0.521496,0.549443,0.532336,-0.377853
966,1,-0.283876,-0.163345,1.70517,-nan,-nan,-nan,0.110962,0.990371,0.0827755,0.250303,0.0527552,-0.966729,-0.961788,0.127989,-0.242039,86.8764,14.4955,83.4188,0.48002,0.570142,0.54402,-0.385436
975,1,-0.282375,-0.141017,1.70849,-nan,-nan,-nan,0.0987741,0.994733,0.0273894,0.269441,-0.000238604,-0.963017,-0.957938,0.102501,-0.268045,90.0142,15.631,84.113,0.455656,0.584606,0.540609,-0.397938
984,1,-0.283944,-0.115601,1.71275,-nan,-nan,-nan,0.084828,0.99576,-0.0355751,0.287366,-0.0586359,-0.956024,-0.954057,0.0708746,-0.291121,93.5097,16.7003,84.919,0.428681,0.598871,0.535644,-0.413124
992,1,-0.281654,-0.0918102,1.71791,-nan,-nan,-nan,0.0808502,0.992927,-0.0869394,0.271905,-0.105888,-0.956481,-0.958922,0.0536924,-0.278543,96.3173,15.7777,85.1806,0.417259,0.605244,0.522447,-0.432
1001,1,-0.277297,-0.0682193,1.72176,-nan,-nan,-nan,0.0914711,0.987154,-0.130998,0.222472,-0.148482,-0.963566,-0.970639,0.0589951,-0.233196,98.7602,12.8543,84.6165,0.421246,0.606867,0.498308,-0.453821
1010,1,-0.274233,-0.0466924,1.72536,-nan,-nan,-nan,0.127692,0.983373,-0.129121,0.184491,-0.151465,-0.971093,-0.974504,0.100179,-0.200765,98.8652,10.6315,82.5349,0.440302,0.60826,0.480002,-0.453599
1018,1,-0.27544,-0.0290087,1.72985,-nan,-nan,-nan,0.158698,0.983333,-0.0887251,0.147345,-0.112445,-0.982673,-0.976271,0.142875,-0.162734,96.5278,8.47308,80.7671,0.469978,0.598723,0.47212,-0.444695
1027,1,-0.270681,-0.012368,1.72993,-nan,-nan,-nan,0.0605802,0.990543,-0.123106,0.0699986,-0.127244,-0.989398,-0.995706,0.0513207,-0.0770451,97.3285,4.01391,86.5183,0.46268,0.562332,0.471492,-0.497398
1034,1,-0.264209,0.00935887,1.74042,-nan,-nan,-nan,0.157619,0.97678,-0.145111,0.0697162,-0.157588,-0.985041,-0.985036,0.145145,-0.0929362,99.0892,3.99769,80.909,0.476208,0.593326,0.440945,-0.476191
1042,1,-0.252507,0.030367,1.74397,-nan,-nan,-nan,0.146456,0.975414,-0.164678,0.0459391,-0.173,-0.98385,-0.98815,0.136526,-0.0701464,99.9729,2.63304,81.5694,0.475213,0.589407,0.433212,-0.488978
1049,1,-0.248996,0.0438677,1.74331,-nan,-nan,-nan,0.107183,0.978327,-0.177169,0.0185714,-0.180134,-0.983467,-0.994066,0.102121,-0.0374762,100.379,1.06412,83.846,0.471586,0.575498,0.433059,-0.508791
1058,1,-0.250938,0.059086,1.74405,-nan,-nan,-nan,0.0844645,0.974437,-0.208176,0.012142,-0.209914,-0.977644,-0.996353,0.0800485,-0.0295619,102.118,0.695704,85.1544,0.459616,0.575313,0.428714,-0.523423
1065,1,-0.248246,0.0786014,1.7453,-nan,-nan,-nan,0.0863255,0.968473,-0.233682,-0.000901417,-0.234482,-0.97212,-0.996267,0.0841294,-0.0193688,103.561,-0.0516474,85.0477,0.4562,0.57883,0.4179,-0.531222
1074,1,-0.246909,0.0973278,1.75126,-nan,-nan,-nan,0.0888304,0.960403,-0.264073,-0.0068705,-0.264524,-0.964355,-0.996023,0.0874783,-0.0168993,105.339,-0.393654,84.9036,0.449279,0.585289,0.407291,-0.538237
1083,1,-0.239937,0.117978,1.76069,-nan,-nan,-nan,0.0791843,0.963365,-0.256239,-0.00117894,-0.256956,-0.966422,-0.996859,0.0768275,-0.0192111,104.89,-0.0675483,85.4583,0.448056,0.582098,0.413241,-0.538182
1091,1,-0.241231,0.138439,1.77032,-nan,-nan,-nan,0.0555753,0.949984,-0.307314,0.00078001,-0.307831,-0.951441,-0.998454,0.0526369,-0.0178488,107.929,0.0446913,86.8141,0.42717,0.587634,0.404488,-0.555519
1100,1,-0.239221,0.160273,1.7788,-nan,-nan,-nan,0.0357987,0.942521,-0.332224,0.0146037,-0.332895,-0.942851,-0.999252,0.0289012,-0.0256815,109.447,0.836762,87.9482,0.411468,0.590418,0.405274,-0.563785
1108,1,-0.238059,0.176912,1.78362,-nan,-nan,-nan,0.0213484,0.936311,-0.350522,0.0382078,-0.35111,-0.935554,-0.999042,0.00657988,-0.04327,110.571,2.18968,88.7758,0.395907,0.594922,0.409516,-0.567118
1116,1,-0.23664,0.185581,1.78584,-nan,-nan,-nan,0.0774639,0.928006,-0.364424,-0.0757473,-0.358988,-0.930263,-0.994114,0.099666,0.0424853,111.102,-4.34416,85.5444,0.436165,0.590332,0.360923,-0.575328
1125,1,-0.238308,0.201013,1.79283,-nan,-nan,-nan,0.107757,0.93498,-0.337936,-0.0755378,-0.331233,-0.940521,-0.991303,0.126875,0.0349335,109.401,-4.33212,83.7962,0.450405,0.592464,0.362656,-0.560894
1134,1,-0.238897,0.21208,1.79811,-nan,-nan,-nan,0.132325,0.939612,-0.315626,-0.0458645,-0.312281,-0.948882,-0.990145,0.140036,0.00177241,108.217,-2.62877,82.388,0.45327,0.60059,0.372029,-0.543537
1142,1,-0.23822,0.222351,1.79762,-nan,-nan,-nan,0.147522,0.93704,-0.316534,-0.0781505,-0.307991,-0.948174,-0.985966,0.164614,0.0277947,107.995,-4.48226,81.4904,0.465652,0.597436,0.359407,-0.545038
1151,1,-0.240149,0.223088,1.79541,-nan,-nan,-nan,0.19174,0.934884,-0.29871,-0.0895868,-0.286414,-0.953908,-0.977348,0.209663,0.0288361,106.713,-5.13984,78.9004,0.48326,0.601938,0.351073,-0.529979
1159,1,-0.241337,0.228105,1.79524,-nan,-nan,-nan,0.202224,0.931214,-0.303226,-0.0834817,-0.292105,-0.952736,-0.975775,0.21798,0.0186686,107.045,-4.78872,78.2915,0.481868,0.607384,0.348928,-0.526438
1168,1,-0.239598,0.234175,1.79381,-nan,-nan,-nan,0.207177,0.936633,-0.282483,-0.0636896,-0.275222,-0.959269,-0.976228,0.21673,0.00263417,106.009,-3.65162,78.0183,0.483371,0.608228,0.358806,-0.517368
1176,1,-0.241538,0.235962,1.79575,-nan,-nan,-nan,0.245627,0.934189,-0.258764,-0.0647891,-0.250524,-0.96594,-0.967197,0.254026,-0.0010103,104.54,-3.71475,75.7505,0.498521,0.611793,0.355267,-0.500971
1185,1,-0.244349,0.240453,1.79462,-nan,-nan,-nan,0.31994,0.937682,-0.135611,0.0342739,-0.154495,-0.987399,-0.946818,0.31126,-0.0815672,98.8928,1.96413,71.3293,0.520547,0.623699,0.389593,-0.433874
1194,1,-0.240954,0.24005,1.79447,-nan,-nan,-nan,0.356294,0.929987,-0.0904428,0.0982783,-0.133557,-0.986156,-0.929191,0.342472,-0.138983,97.7128,5.64004,69.0209,0.520517,0.638129,0.402844,-0.399462
1202,1,-0.233968,0.244346,1.79206,-nan,-nan,-nan,0.354343,0.93382,-0.0492082,0.154016,-0.110184,-0.981906,-0.922345,0.340353,-0.182866,96.4027,8.85974,68.9844,0.515095,0.641754,0.423774,-0.378475
1210,1,-0.235689,0.248469,1.79274,-nan,-nan,-nan,0.386951,0.922093,0.00369118,0.154687,-0.0609664,-0.986081,-0.909033,0.382136,-0.166227,93.5379,8.89866,66.9418,0.53846,0.635245,0.423766,-0.356296
1219,1,-0.234084,0.248946,1.7949,-nan,-nan,-nan,0.40364,0.914601,0.0240779,0.157712,-0.0436316,-0.986521,-0.901222,0.401997,-0.161855,92.5324,9.07413,65.8733,0.547301,0.634257,0.422665,-0.345737
1228,0,-0.236965,0.249185,1.7953,-nan,-nan,-nan,0.414314,0.909721,0.027428,0.149023,-0.0380784,-0.9881,-0.897851,0.413471,-0.151346,92.2069,8.57031,65.229,0.553374,0.633194,0.418017,-0.343664
1237,0,-0.240691,0.251669,1.79571,-nan,-nan,-nan,0.434362,0.900712,-0.0069117,0.102619,-0.0571076,-0.99308,-0.894874,0.430647,-0.117235,93.2912,5.88999,64.1086,0.561253,0.634174,0.395527,-0.355496
1245,0,-0.240339,0.252118,1.79518,-nan,-nan,-nan,0.472188,0.881494,-0.00255093,0.0946335,-0.0535688,-0.99407,-0.876404,0.469146,-0.108713,93.0846,5.43023,61.6851,0.572256,0.639232,0.381758,-0.343754
1253,0,-0.239937,0.250708,1.79302,-nan,-nan,-nan,0.512898,0.858448,-0.00164673,0.0982197,-0.0605888,-0.993319,-0.852812,0.509309,-0.115392,93.4905,5.63666,58.9765,0.578125,0.649784,0.368071,-0.328747
1261,0,-0.240194,0.24973,1.79313,-nan,-nan,-nan,0.550659,0.834713,-0.00543543,0.114181,-0.0817724,-0.990089,-0.826884,0.54458,-0.140337,94.7214,6.5564,56.3386,0.576314,0.665727,0.356338,-0.312561
1270,0,-0.240121,0.249161,1.79296,-nan,-nan,-nan,0.574018,0.818398,-0.026993,0.100687,-0.103259,-0.989545,-0.812629,0.565299,-0.141674,95.9573,5.77873,54.7637,0.57643,0.674343,0.340733,-0.311274
1279,0,-0.240032,0.251291,1.79171,-nan,-nan,-nan,0.584659,0.81109,-0.0175185,0.0697853,-0.0717937,-0.994975,-0.808272,0.580499,-0.098577,94.1271,4.00166,54.1201,0.594619,0.662388,0.332462,-0.311672
1288,0,-0.240132,0.250935,1.79144,-nan,-nan,-nan,0.604253,0.796751,-0.00812678,0.0687722,-0.0623125,-0.995684,-0.793819,0.601087,-0.0924468,93.581,3.94347,52.7217,0.601975,0.663139,0.326298,-0.302329
1297,0,-0.240236,0.250764,1.79243,-nan,-nan,-nan,0.594107,0.804348,-0.00789613,0.0783383,-0.0676263,-0.99463,-0.800563,0.590298,-0.103188,93.8896,4.49305,53.4205,0.596509,0.664252,0.332211,-0.304274
1306,0,-0.240259,0.250902,1.79328,-nan,-nan,-nan,0.593298,0.80495,-0.00727645,0.0889531,-0.0745426,-0.993243,-0.800053,0.588642,-0.115829,94.292,5.10338,53.4403,0.592226,0.667771,0.334659,-0.302248
1315,0,-0.239499,0.25033,1.79475,-nan,-nan,-nan,0.57209,0.819945,-0.0200899,0.0850061,-0.0836371,-0.992864,-0.815774,0.5663,-0.117548,94.8151,4.87638,54.9586,0.585428,0.665822,0.339787,-0.313846
1323,0,-0.235828,0.250793,1.7942,-nan,-nan,-nan,0.52348,0.852038,0.000117882,0.111698,-0.0684887,-0.991379,-0.844684,0.518981,-0.131024,93.952,6.41322,58.2121,0.575319,0.656314,0.367102,-0.321708
1331,1,-0.236957,0.250214,1.79375,-nan,-nan,-nan,0.48341,0.875273,0.0145482,0.133247,-0.057146,-0.989434,-0.865194,0.48024,-0.144252,93.3055,7.65726,60.8066,0.56613,0.649001,0.38849,-0.327675
1340,1,-0.235129,0.249605,1.79191,-nan,-nan,-nan,0.421146,0.906961,0.00755653,0.131027,-0.0525938,-0.989983,-0.897479,0.417918,-0.140986,93.041,7.52892,64.8615,0.553978,0.635359,0.408426,-0.350165
1349,1,-0.232014,0.248275,1.7896,-nan,-nan,-nan,0.399669,0.916454,0.019417,0.152682,-0.0456687,-0.98722,-0.903855,0.397526,-0.158178,92.6486,8.78236,66.1458,0.546768,0.63315,0.422149,-0.349221
1357,1,-0.232911,0.252008,1.79218,-nan,-nan,-nan,0.410356,0.911488,0.0282233,0.103628,-0.0158607,-0.99449,-0.906018,0.41102,-0.100965,90.9137,5.94815,65.6331,0.568668,0.617896,0.410715,-0.355155
1367,1,-0.233428,0.251988,1.79201,-nan,-nan,-nan,0.426171,0.904153,0.0297565,0.1016,-0.0151523,-0.99471,-0.898919,0.426939,-0.0983197,90.8727,5.83133,64.6347,0.572865,0.620412,0.405277,-0.350236
1375,1,-0.233687,0.250356,1.7917,-nan,-nan,-nan,0.461914,0.886776,0.0162539,0.124709,-0.0467937,-0.991089,-0.878114,0.459825,-0.132203,92.7032,7.16393,62.2543,0.56633,0.64049,0.394809,-0.336406
1383,1,-0.231535,0.249534,1.79205,-nan,-nan,-nan,0.481151,0.876636,0.00147673,0.13463,-0.0722282,-0.98826,-0.866238,0.475701,-0.152774,94.1801,7.73721,60.95,0.56039,0.653099,0.387103,-0.331022
1392,1,-0.231943,0.249647,1.79171,-nan,-nan,-nan,0.368422,0.929583,-0.0118599,0.146268,-0.0705595,-0.986725,-0.91808,0.361797,-0.161964,94.0902,8.41074,68.1346,0.532893,0.632642,0.425142,-0.367482
1401,1,-0.231938,0.248421,1.79306,-nan,-nan,-nan,0.354786,0.934937,0.00441073,0.179504,-0.0634861,-0.981707,-0.917554,0.349087,-0.190349,93.7001,10.3409,68.8603,0.524631,0.634157,0.43934,-0.359983
1409,1,-0.232155,0.248592,1.79304,-nan,-nan,-nan,0.36432,0.931058,-0.0200399,0.173952,-0.0891756,-0.980708,-0.914883,0.353806,-0.194448,95.1956,10.0177,68.2868,0.519783,0.641861,0.430393,-0.364145
1418,1,-0.232057,0.24866,1.79321,-nan,-nan,-nan,0.363636,0.93144,-0.0137269,0.170063,-0.0808666,-0.98211,-0.915886,0.354796,-0.187809,94.7071,9.79147,68.3453,0.523202,0.63881,0.431076,-0.363807
1426,1,-0.232573,0.24775,1.79283,-nan,-nan,-nan,0.333355,0.942755,-0.00939558,0.188739,-0.0764946,-0.979044,-0.923717,0.324596,-0.203434,94.4676,10.8792,70.1563,0.513183,0.635075,0.445417,-0.367323
1434,1,-0.232407,0.247088,1.79093,-nan,-nan,-nan,0.31106,0.950361,-0.00746767,0.1966,-0.0720321,-0.977834,-0.929833,0.302696,-0.209248,94.2131,11.3382,71.5032,0.50739,0.63094,0.454466,-0.371391
1443,1,-0.232102,0.248511,1.79079,-nan,-nan,-nan,0.305668,0.952094,-0.0091432,0.174415,-0.0654308,-0.982496,-0.936027,0.298723,-0.18606,93.8101,10.0446,71.9151,0.513366,0.623931,0.451376,-0.378716
1451,1,-0.234351,0.249947,1.78953,-nan,-nan,-nan,0.255504,0.966711,0.0137099,0.14829,-0.0251728,-0.988624,-0.955368,0.254631,-0.149785,91.4586,8.52784,75.0272,0.519747,0.59801,0.46613,-0.393663
1460,1,-0.230869,0.248492,1.79007,-nan,-nan,-nan,0.334997,0.942204,-0.00543168,0.167729,-0.0653062,-0.983668,-0.92717,0.328615,-0.179913,93.7983,9.65583,70.1346,0.521962,0.628533,0.441477,-0.370944
1468,1,-0.231951,0.248106,1.79178,-nan,-nan,-nan,0.309639,0.950853,-0.00143759,0.180672,-0.060319,-0.981692,-0.933531,0.303711,-0.19047,93.5161,10.4089,71.65,0.514502,0.624586,0.45291,-0.374236
1477,1,-0.232637,0.248099,1.79317,-nan,-nan,-nan,0.291669,0.956489,-0.00756268,0.187325,-0.064872,-0.980154,-0.937997,0.284464,-0.198095,93.7866,10.7967,72.727,0.507125,0.623425,0.458681,-0.379179
1485,1,-0.233637,0.246947,1.7911,-nan,-nan,-nan,0.228902,0.973383,-0.0114149,0.214798,-0.0619425,-0.974692,-0.949456,0.220657,-0.223259,93.6363,12.4037,76.4454,0.485721,0.615245,0.482808,-0.390442
1494,1,-0.232454,0.247706,1.7901,-nan,-nan,-nan,0.171778,0.984929,-0.020158,0.196247,-0.0542645,-0.979052,-0.965391,0.164224,-0.202611,93.1724,11.3176,79.9106,0.478253,0.597631,0.494107,-0.412273
1503,1,-0.232377,0.248651,1.79132,-nan,-nan,-nan,0.205149,0.978712,-0.00612869,0.188771,-0.0457111,-0.980957,-0.960354,0.200085,-0.19413,92.668,10.8811,77.9418,0.49125,0.601039,0.48561,-0.402005
1511,1,-0.232824,0.249624,1.79285,-nan,-nan,-nan,0.300334,0.953772,-0.0109138,0.16245,-0.0624221,-0.98474,-0.939899,0.293978,-0.173688,93.6271,9.34913,72.2793,0.515806,0.619767,0.450259,-0.383536
1520,1,-0.232612,0.249468,1.79082,-nan,-nan,-nan,0.323649,0.946147,-0.00760964,0.157183,-0.0616951,-0.98564,-0.93303,0.317805,-0.168686,93.5817,9.04345,70.8694,0.522797,0.623304,0.442533,-0.37728
1528,1,-0.233802,0.247158,1.79083,-nan,-nan,-nan,0.309641,0.950712,0.016389,0.205621,-0.050121,-0.977347,-0.928355,0.305996,-0.211006,92.9357,11.8658,71.5546,0.511985,0.626651,0.461314,-0.363825
1537,1,-0.230718,0.248105,1.79104,-nan,-nan,-nan,0.235941,0.971763,0.00284968,0.185553,-0.0421727,-0.981729,-0.953888,0.232159,-0.190264,92.4598,10.6934,76.1069,0.500875,0.605883,0.477533,-0.392418
1546,1,-0.231792,0.247815,1.79004,-nan,-nan,-nan,0.202627,0.979256,-0.000840862,0.190577,-0.0402764,-0.980846,-0.960532,0.198586,-0.194785,92.3514,10.9865,78.0879,0.491825,0.599518,0.487822,-0.400894
1554,1,-0.232195,0.247576,1.79004,-nan,-nan,-nan,0.170659,0.985247,-0.0127646,0.193396,-0.0461961,-0.980033,-0.966164,0.164783,-0.198427,92.6988,11.1511,79.9828,0.481154,0.594828,0.495371,-0.411433
1563,1,-0.234415,0.248105,1.78907,-nan,-nan,-nan,0.146741,0.98913,-0.00939203,0.198308,-0.0387191,-0.979375,-0.969093,0.141852,-0.201834,92.264,11.438,81.3896,0.47597,0.588917,0.504077,-0.415375
1572,1,-0.23597,0.247053,1.78422,-nan,-nan,-nan,0.187614,0.982166,0.0123046,0.18972,-0.0239437,-0.981546,-0.963746,0.186487,-0.190829,91.3974,10.9365,78.9839,0.493164,0.592112,0.494791,-0.401715
1580,1,-0.240687,0.242814,1.77828,-nan,-nan,-nan,0.170719,0.985192,0.0158634,0.224662,-0.0232449,-0.974159,-0.959365,0.169872,-0.225304,91.3669,12.983,79.9098,0.480148,0.595665,0.507775,-0.395987
1588,1,-0.241026,0.23852,1.77191,-nan,-nan,-nan,0.176852,0.983401,0.0405722,0.299352,-0.014474,-0.954033,-0.93761,0.180868,-0.296943,90.8692,17.4187,79.3184,0.465144,0.609973,0.525742,-0.367654
1597,1,-0.246236,0.227681,1.77048,-nan,-nan,-nan,0.182408,0.982678,0.0327313,0.269312,-0.0179185,-0.962886,-0.945621,0.184453,-0.267915,91.0661,15.6233,79.0819,0.473438,0.605855,0.516621,-0.376695
1606,1,-0.251061,0.217813,1.76202,-nan,-nan,-nan,0.212294,0.97401,0.0789658,0.238929,0.0266185,-0.970672,-0.947546,0.224935,-0.227068,88.4292,13.8233,77.3716,0.502952,0.594294,0.510243,-0.365383
1615,1,-0.255789,0.203082,1.75289,-nan,-nan,-nan,0.217847,0.968723,0.118822,0.211079,0.0721008,-0.974806,-0.952884,0.237439,-0.18877,85.7699,12.1856,77.1224,0.524685,0.577606,0.510643,-0.360999
1623,1,-0.265819,0.187282,1.74204,-nan,-nan,-nan,0.206706,0.966178,0.154185,0.203748,0.111626,-0.972639,-0.956953,0.232465,-0.173783,83.4531,11.7562,77.8111,0.534918,0.563219,0.519303,-0.35633
1632,1,-0.273754,0.177574,1.72648,-nan,-nan,-nan,0.149322,0.977373,0.14982,0.181779,0.121802,-0.975767,-0.971936,0.172937,-0.159478,82.8848,10.4734,81.2658,0.527173,0.544747,0.531968,-0.377293
1640,1,-0.28303,0.170387,1.71443,-nan,-nan,-nan,0.108623,0.977369,0.181522,0.152717,0.164028,-0.974563,-0.982282,0.133581,-0.131444,80.4461,8.78443,83.6898,0.534136,0.518661,0.544713,-0.385975
1648,1,-0.285596,0.168756,1.69911,-nan,-nan,-nan,0.0876443,0.980522,0.175769,0.0778501,0.169167,-0.982508,-0.993105,0.0997949,-0.0615073,80.2307,4.465,84.9566,0.54665,0.494971,0.534563,-0.41282
1656,1,-0.290651,0.165277,1.68301,-nan,-nan,-nan,0.0654637,0.979567,0.190163,0.0501873,0.187099,-0.981058,-0.996592,0.0737675,-0.0369136,79.2027,2.87673,86.2418,0.551282,0.478351,0.53818,-0.421463
1665,1,-0.295477,0.154809,1.67166,-nan,-nan,-nan,0.054469,0.980718,0.187684,0.0464448,0.185271,-0.981589,-0.997435,0.0621831,-0.0354578,79.3114,2.66205,86.8742,0.548699,0.475567,0.539967,-0.425677
1674,1,-0.300123,0.154,1.65435,-nan,-nan,-nan,0.0766397,0.984278,0.159133,0.0366111,0.156716,-0.986965,-0.996386,0.0814667,-0.0240248,80.9776,2.09813,85.6016,0.549848,0.485785,0.525381,-0.430877
1684,1,-0.305778,0.152708,1.63308,-nan,-nan,-nan,0.119458,0.981569,0.149174,0.0466457,0.144535,-0.9884,-0.991743,0.125031,-0.02852,81.6805,2.67357,83.1317,0.555759,0.50086,0.513224,-0.420561
1692,1,-0.312475,0.150208,1.60981,-nan,-nan,-nan,0.140065,0.981594,0.129827,0.060008,0.122464,-0.990657,-0.988322,0.146547,-0.0417507,82.9529,3.44027,81.9338,0.552444,0.514624,0.506001,-0.417049
1700,1,-0.318857,0.14676,1.58584,-nan,-nan,-nan,0.137576,0.981853,0.130531,0.0769525,0.120791,-0.989691,-0.987497,0.146202,-0.0589381,83.0415,4.41341,82.0687,0.547592,0.518585,0.51043,-0.413127
1709,1,-0.32531,0.144478,1.56802,-nan,-nan,-nan,0.111733,0.987446,0.111653,0.0981566,0.10084,-0.990049,-0.988879,0.121581,-0.0856571,84.1843,5.63303,83.5535,0.530782,0.523582,0.518354,-0.418858
1717,1,-0.328834,0.149864,1.55122,-nan,-nan,-nan,0.0540213,0.993259,0.102558,0.130821,0.0947827,-0.986865,-0.989933,0.0667284,-0.124818,84.5139,7.51701,86.8764,0.505961,0.52059,0.53981,-0.426139
1726,1,-0.3279,0.152838,1.5309,-nan,-nan,-nan,-0.0166265,0.994596,0.102484,0.145958,0.103814,-0.983829,-0.989151,-0.00139927,-0.146895,83.9764,8.39277,90.963,0.484843,0.506571,0.56288,-0.437583
1734,1,-0.330738,0.153115,1.50735,-nan,-nan,-nan,-0.0607222,0.995004,0.0792442,0.11462,0.0858164,-0.989696,-0.991552,-0.0510135,-0.119259,85.0443,6.58173,93.5044,0.475877,0.493133,0.562538,-0.462506
1743,1,-0.332774,0.158002,1.487,-nan,-nan,-nan,-0.0863797,0.994028,0.0666855,0.080098,0.0736482,-0.994062,-0.993037,-0.0805254,-0.0859813,85.7628,4.5942,94.9714,0.474681,0.481132,0.558124,-0.481339
1751,1,-0.33649,0.166642,1.4683,-nan,-nan,-nan,-0.0954357,0.994001,0.0534244,0.0476543,0.05817,-0.997169,-0.994294,-0.0926196,-0.0529199,86.6614,2.73142,95.4826,0.476921,0.474161,0.54921,-0.496071
1761,1,-0.335417,0.17047,1.45481,-nan,-nan,-nan,-0.114504,0.992331,0.0465633,0.0268605,0.0499471,-0.998391,-0.99306,-0.113069,-0.0323737,87.136,1.53918,96.5774,0.47515,0.465812,0.546997,-0.507982
1769,1,-0.339619,0.175121,1.43678,-nan,-nan,-nan,-0.159744,0.986466,0.0369567,-0.0177972,0.0345535,-0.999244,-0.986998,-0.160281,0.0120366,88.0195,-1.01976,99.1935,0.470862,0.44544,0.543659,-0.533204
1778,1,-0.344101,0.180809,1.41765,-nan,-nan,-nan,-0.194473,0.979883,0.0448356,-0.0269122,0.0403611,-0.998823,-0.980539,-0.19545,0.0185216,87.686,-1.54214,101.218,0.464868,0.432043,0.551433,-0.541441
1787,1,-0.346913,0.189252,1.39638,-nan,-nan,-nan,-0.21642,0.97596,0.025775,-0.0316828,0.019366,-0.99931,-0.975786,-0.217087,0.0267299,88.8898,-1.81559,102.505,0.455433,0.429384,0.549785,-0.553124
1795,1,-0.34346,0.196904,1.3749,-nan,-nan,-nan,-0.253377,0.967207,0.0176022,-0.0203541,0.0128616,-0.99971,-0.967153,-0.253662,0.0164278,89.2629,-1.16629,104.681,0.440429,0.423478,0.558975,-0.560567
1803,1,-0.340111,0.205057,1.3511,-nan,-nan,-nan,-0.261378,0.963776,0.0530716,0.00464477,0.0562383,-0.998407,-0.965225,-0.260715,-0.019176,86.776,0.266127,105.152,0.440365,0.418796,0.578099,-0.54451
1812,1,-0.339849,0.208464,1.33227,-nan,-nan,-nan,-0.288584,0.95503,0.0680889,0.035068,0.0816098,-0.996047,-0.956812,-0.285056,-0.0570423,85.316,2.00966,106.784,0.428947,0.414382,0.597335,-0.536174
1820,1,-0.335103,0.210867,1.31074,-nan,-nan,-nan,-0.260351,0.964883,0.0349122,-0.0180065,0.0313006,-0.999348,-0.965346,-0.26081,0.00922502,88.206,-1.03175,105.093,0.441637,0.418068,0.566221,-0.556389
1829,1,-0.33041,0.216207,1.2915,-nan,-nan,-nan,-0.252282,0.966742,0.0420067,-0.0462344,0.0313186,-0.99844,-0.966549,-0.25383,0.0367956,88.2034,-2.64998,104.629,0.451617,0.41219,0.558302,-0.560749
1837,1,-0.325883,0.225217,1.27227,-nan,-nan,-nan,-0.233283,0.96793,0.0932234,-0.0907401,0.0737817,-0.993138,-0.968166,-0.240141,0.0706181,85.7512,-5.20619,103.547,0.477262,0.394435,0.555978,-0.554554
1846,1,-0.325916,0.239216,1.25502,-nan,-nan,-nan,-0.197066,0.974818,0.104376,-0.122377,0.0811719,-0.989159,-0.972722,-0.207703,0.103299,85.3087,-7.02931,101.453,0.496841,0.393212,0.541973,-0.552085
1854,1,-0.329594,0.254239,1.24011,-nan,-nan,-nan,-0.181107,0.980199,0.0800633,-0.148984,0.0531252,-0.987411,-0.972113,-0.190756,0.136413,86.9203,-8.56808,100.553,0.502103,0.396659,0.523884,-0.562227
1863,1,-0.330192,0.27017,1.22818,-nan,-nan,-nan,-0.190051,0.979477,0.0671292,-0.122778,0.0441269,-0.991453,-0.974067,-0.196669,0.111872,87.4516,-7.05248,101.04,0.491413,0.404336,0.529695,-0.560758
1872,1,-0.324827,0.286976,1.22289,-nan,-nan,-nan,-0.217021,0.97555,0.0347045,-0.0357901,0.0275761,-0.998979,-0.975511,-0.218042,0.0289305,88.4188,-2.05106,102.542,0.458117,0.426167,0.551286,-0.5519
