107,0,-0.336066,-0.388218,1.45814,0.35232,0.417365,2.06144,0.828554,0.559714,0.0147813,0.183135,-0.245961,-0.951822,-0.529113,0.791343,-0.306295,104.489,10.5524,32.5622,0.564867,0.771494,0.240718,-0.166667
113,0,-0.336286,-0.387125,1.45966,0.35232,0.417365,2.06144,0.826129,0.563133,0.0198018,0.163478,-0.2059,-0.964821,-0.539245,0.800304,-0.26216,102.047,9.40885,33.134,0.582681,0.757329,0.23986,-0.171472
121,0,-0.3371,-0.387862,1.46335,0.35232,0.417365,2.06144,0.835448,0.549074,0.023325,0.151425,-0.189187,-0.970195,-0.528297,0.81408,-0.241199,101.034,8.70949,32.3073,0.592677,0.752634,0.232682,-0.167735
128,0,-0.337499,-0.387416,1.4639,0.35232,0.417365,2.06144,0.841794,0.539235,0.0246774,0.147721,-0.186154,-0.971352,-0.519193,0.821324,-0.23636,100.849,8.4949,31.6651,0.595668,0.752381,0.228261,-0.164317
135,0,-0.338623,-0.389188,1.46854,0.35232,0.417365,2.06144,0.870822,0.490683,0.0299896,0.14101,-0.190881,-0.971432,-0.470941,0.850173,-0.235414,101.117,8.10631,28.4046,0.600942,0.757812,0.208394,-0.145469
143,0,-0.339283,-0.389621,1.47204,0.35232,0.417365,2.06144,0.882123,0.470178,0.028143,0.136558,-0.198105,-0.970622,-0.450789,0.860051,-0.238959,101.536,7.8487,27.0683,0.601053,0.761444,0.199205,-0.138765
150,0,-0.340421,-0.391459,1.4765,0.35232,0.417365,2.06144,0.882559,0.469276,0.0294969,0.139825,-0.202037,-0.969345,-0.448931,0.859629,-0.243926,101.773,8.03773,26.961,0.59929,0.762975,0.199581,-0.137434
157,0,-0.340445,-0.393288,1.48421,0.35232,0.417365,2.06144,0.881887,0.470454,0.0307863,0.140316,-0.199565,-0.969786,-0.450096,0.859562,-0.242006,101.628,8.0661,27.0388,0.600066,0.762145,0.200346,-0.137543
164,0,-0.330148,-0.394583,1.48892,0.35232,0.417365,2.06144,0.889305,0.453525,0.0587489,0.168073,-0.204657,-0.964296,-0.425309,0.867428,-0.258228,101.982,9.67581,25.5594,0.597164,0.766843,0.202648,-0.119503
171,0,-0.316989,-0.396948,1.49493,0.35232,0.417365,2.06144,0.886527,0.457814,0.0669047,0.189102,-0.226552,-0.955466,-0.422268,0.859698,-0.287418,103.339,10.9004,25.4693,0.585781,0.774677,0.20877,-0.114681
178,0,-0.30619,-0.398984,1.50155,0.35232,0.417365,2.06144,0.888369,0.456349,0.0504557,0.179078,-0.243209,-0.9533,-0.422767,0.855917,-0.297781,104.312,10.3161,25.4493,0.580383,0.77932,0.20384,-0.119435
186,0,-0.296249,-0.400259,1.50655,0.35232,0.417365,2.06144,0.897631,0.439242,0.0364109,0.155867,-0.239081,-0.958408,-0.412267,0.865972,-0.28307,104.007,8.96707,24.6686,0.586404,0.777782,0.191284,-0.12081
193,0,-0.295598,-0.402245,1.51428,0.35232,0.417365,2.06144,0.88683,0.460374,0.0398499,0.164791,-0.234512,-0.958044,-0.431713,0.856189,-0.283838,103.755,9.48508,25.957,0.58491,0.775432,0.201554,-0.126337
200,0,-0.297972,-0.405539,1.52632,0.35232,0.417365,2.06144,0.826179,0.563395,0.00380292,0.189168,-0.271031,-0.943799,-0.530701,0.780467,-0.330497,106.023,10.9042,32.7149,0.55332,0.779055,0.241499,-0.169082
207,0,-0.29884,-0.408246,1.53584,0.35232,0.417365,2.06144,0.781048,0.624469,-0.00130616,0.199646,-0.251685,-0.946993,-0.591697,0.739387,-0.321251,104.884,11.5162,37.1464,0.549571,0.767135,0.268569,-0.193253
214,0,-0.298999,-0.40275,1.54966,0.35232,0.417365,2.06144,0.71284,0.699525,0.0502373,0.265086,-0.202427,-0.942737,-0.649299,0.685338,-0.329732,102.119,15.372,42.3292,0.543296,0.749166,0.321895,-0.199909
221,0,-0.293162,-0.394487,1.56584,0.35232,0.417365,2.06144,0.684978,0.726031,0.0606971,0.26391,-0.169607,-0.949518,-0.679085,0.666418,-0.307784,100.128,15.3022,44.7525,0.549451,0.73525,0.3366,-0.210265
228,0,-0.284112,-0.383779,1.58114,0.35232,0.417365,2.06144,0.681971,0.729779,0.0483552,0.22196,-0.143516,-0.964436,-0.696885,0.668451,-0.259855,98.464,12.8242,45.6197,0.565376,0.722036,0.329533,-0.224549
236,0,-0.273924,-0.372948,1.59158,0.35232,0.417365,2.06144,0.690594,0.722884,0.0227672,0.173256,-0.13479,-0.97561,-0.702184,0.677694,-0.218329,97.8661,9.97716,45.4768,0.578246,0.714792,0.313427,-0.237627
243,0,-0.264838,-0.364169,1.60381,0.35232,0.417365,2.06144,0.69865,0.71531,0.0148027,0.154361,-0.130499,-0.979358,-0.698613,0.686514,-0.201589,97.5899,8.87975,44.9985,0.5845,0.71252,0.305139,-0.239927
250,0,-0.262329,-0.355983,1.61298,0.35232,0.417365,2.06144,0.683091,0.730014,0.0215704,0.177618,-0.137408,-0.974459,-0.708405,0.669476,-0.223525,98.0263,10.231,46.0422,0.574926,0.714847,0.317422,-0.240204
256,0,-0.26674,-0.346547,1.61651,0.35232,0.417365,2.06144,0.652838,0.757219,0.0205334,0.193116,-0.140162,-0.971113,-0.732467,0.637945,-0.237734,98.2128,11.1347,48.2898,0.564567,0.712519,0.333442,-0.249795
263,0,-0.268281,-0.336475,1.62277,0.35232,0.417365,2.06144,0.630825,0.775453,0.0270412,0.18924,-0.11996,-0.974576,-0.752494,0.619904,-0.222421,97.0172,10.9084,50.0265,0.567548,0.702354,0.343378,-0.258222
270,0,-0.269741,-0.327006,1.63137,0.35232,0.417365,2.06144,0.620366,0.784024,0.0212811,0.182864,-0.1182,-0.976007,-0.762697,0.609373,-0.216697,96.9052,10.5366,50.8756,0.566893,0.699154,0.345735,-0.265112
278,0,-0.270717,-0.324191,1.63859,0.35232,0.417365,2.06144,0.612411,0.790433,0.0129742,0.151346,-0.10112,-0.983295,-0.775917,0.604144,-0.181556,95.8715,8.70494,51.7169,0.576571,0.688311,0.342062,-0.277107
285,0,-0.271657,-0.324512,1.64342,0.35232,0.417365,2.06144,0.603411,0.797306,0.0140757,0.142751,-0.0906357,-0.9856,-0.784549,0.596731,-0.168507,95.2541,8.20706,52.4355,0.579713,0.682377,0.344405,-0.282276
292,0,-0.26436,-0.318108,1.6555,0.35232,0.417365,2.06144,0.603974,0.796385,-0.0314158,0.0853179,-0.103795,-0.990933,-0.792424,0.595817,-0.130635,95.9796,4.89431,52.6859,0.585137,0.677939,0.325141,-0.303803
300,0,-0.267648,-0.322536,1.65491,0.35232,0.417365,2.06144,0.603509,0.797356,0.000252763,0.130657,-0.0985802,-0.986514,-0.786578,0.595403,-0.163674,95.7065,7.50758,52.5025,0.579063,0.682965,0.3397,-0.287835
307,0,-0.241255,-0.319533,1.66248,0.35232,0.417365,2.06144,0.57382,0.818886,0.012518,0.11464,-0.0651787,-0.991267,-0.810918,0.570243,-0.131278,93.7619,6.58286,54.7161,0.586806,0.665259,0.350813,-0.300034
314,0,-0.230206,-0.315238,1.66722,0.35232,0.417365,2.06144,0.558797,0.829045,0.0207501,0.14592,-0.0736613,-0.98655,-0.816366,0.554309,-0.162136,94.2701,8.39054,55.6086,0.575109,0.669812,0.363895,-0.296955
321,0,-0.209184,-0.290166,1.6717,0.35232,0.417365,2.06144,0.529217,0.848,0.0287417,0.1949,-0.0885248,-0.97682,-0.825799,0.522551,-0.212124,95.1783,11.2389,57.346,0.554204,0.676363,0.385481,-0.294612
328,0,-0.204217,-0.29546,1.67173,0.35232,0.417365,2.06144,0.479031,0.876296,0.0513282,0.240869,-0.0749922,-0.967656,-0.844104,0.475901,-0.246996,94.4315,13.9378,60.425,0.53783,0.67101,0.416225,-0.295367
336,1,-0.186978,-0.287906,1.67513,0.35232,0.417365,2.06144,0.48607,0.873912,0.00376253,0.185156,-0.0987741,-0.977733,-0.85408,0.475943,-0.209821,95.7687,10.6702,60.3551,0.542558,0.669826,0.395277,-0.317365
343,1,-0.182369,-0.292699,1.6733,0.35232,0.417365,2.06144,0.462668,0.886508,0.00639726,0.188491,-0.0913173,-0.97782,-0.866262,0.453612,-0.209349,95.3353,10.8648,61.8934,0.538981,0.663953,0.404773,-0.323767
350,0,-0.175215,-0.28982,1.68251,0.35232,0.417365,2.06144,0.520577,0.853795,0.0057977,0.137767,-0.0772943,-0.987444,-0.842627,0.514839,-0.157863,94.4758,7.91866,58.2921,0.566882,0.662521,0.374163,-0.315775
357,0,-0.168544,-0.29029,1.68535,0.35232,0.417365,2.06144,0.511175,0.859289,0.017964,0.147987,-0.0674074,-0.986689,-0.84664,0.50703,-0.161621,93.9082,8.51029,58.8777,0.56616,0.659584,0.381785,-0.314091
363,0,-0.167224,-0.288995,1.6865,0.35232,0.417365,2.06144,0.528435,0.848824,0.0159475,0.149165,-0.0743374,-0.986014,-0.835767,0.523423,-0.165897,94.3115,8.57852,57.6959,0.567495,0.664957,0.375208,-0.308223
370,0,-0.169584,-0.291273,1.69829,0.35232,0.417365,2.06144,0.52704,0.849425,0.0265757,0.155388,-0.0655746,-0.985675,-0.835514,0.523619,-0.166551,93.8061,8.9393,57.7564,0.568972,0.663168,0.378793,-0.304952
377,0,-0.170758,-0.292086,1.7091,0.35232,0.417365,2.06144,0.537048,0.842319,0.0455935,0.166105,-0.0526051,-0.984704,-0.827036,0.536406,-0.168165,93.058,9.56144,57.0018,0.573646,0.662914,0.3803,-0.2947
384,1,-0.144668,-0.278626,1.7275,0.35232,0.417365,2.06144,0.520245,0.849593,0.0868132,0.190965,-0.0166493,-0.981456,-0.832393,0.527176,-0.170904,90.9719,11.0091,57.9946,0.577211,0.653414,0.398124,-0.285263
391,1,-0.175815,-0.294563,