292,0,-0.00134106,-0.00021044,0.498923,0,0,0,0.828159,0.559941,0.0248674,0.211858,-0.271648,-0.938788,-0.518911,0.782734,-0.343596,106.138,12.2313,32.0706,0.550662,0.781569,0.246875,-0.158029
299,1,-0.00260538,0.00155179,0.496059,0,0,0,0.828701,0.559127,0.0251464,0.211284,-0.270914,-0.93913,-0.51828,0.78357,-0.342641,106.091,12.1976,32.0224,0.551168,0.781386,0.246489,-0.157775
305,1,-0.00373924,0.00209958,0.494487,0,0,0,0.829178,0.55841,0.0253246,0.211024,-0.270752,-0.939235,-0.517622,0.784138,-0.342339,106.081,12.1823,31.9748,0.551382,0.781388,0.246175,-0.157507
311,1,-0.00558625,0.00136988,0.493373,0,0,0,0.82949,0.557916,0.0259801,0.211348,-0.270488,-0.939238,-0.516989,0.78458,-0.342281,106.066,12.2014,31.9337,0.551525,0.781387,0.246122,-0.157095
318,1,-0.0067272,0.00197974,0.491715,0,0,0,0.829909,0.557282,0.026229,0.211097,-0.270153,-0.939391,-0.51642,0.785145,-0.341843,106.044,12.1866,31.8924,0.551795,0.78133,0.245856,-0.156845
324,1,-0.00650769,0.00195532,0.491787,0,0,0,0.829562,0.557786,0.0264717,0.211225,-0.269554,-0.939534,-0.516924,0.784994,-0.34143,106.008,12.1942,31.9282,0.551946,0.781112,0.246127,-0.156972
330,1,-0.00702943,0.00254928,0.490359,0,0,0,0.829626,0.557679,0.0267285,0.211053,-0.26893,-0.939752,-0.516892,0.785284,-0.340811,105.97,12.184,31.9246,0.552242,0.780924,0.246097,-0.156918
336,1,-0.0090313,0.00285532,0.488108,0,0,0,0.829936,0.557181,0.0274809,0.211122,-0.268111,-0.93997,-0.516366,0.785917,-0.340148,105.92,12.1881,31.8888,0.552647,0.780736,0.246019,-0.156546
342,1,-0.0103478,0.00491945,0.485092,0,0,0,0.829863,0.557257,0.0281511,0.210699,-0.266255,-0.940592,-0.516656,0.786494,-0.338369,105.805,12.1633,31.9056,0.553452,0.780142,0.246095,-0.156544
349,1,-0.0128994,0.00589187,0.48165,0,0,0,0.830003,0.556988,0.0293097,0.210716,-0.264479,-0.94109,-0.516424,0.787283,-0.336884,105.697,12.1643,31.8897,0.55422,0.779642,0.246172,-0.156198
355,1,-0.0157145,0.00591778,0.478908,0,0,0,0.829392,0.557793,0.0312306,0.211433,-0.261657,-0.941718,-0.517112,0.787657,-0.334952,105.528,12.2063,31.9428,0.555154,0.778781,0.246932,-0.155975
361,1,-0.0172084,0.00592179,0.477278,0,0,0,0.828995,0.558322,0.0323106,0.211835,-0.260013,-0.942082,-0.517584,0.787826,-0.333821,105.429,12.2299,31.9786,0.555689,0.778272,0.247393,-0.155882
367,1,-0.0182716,0.00618338,0.475757,0,0,0,0.82901,0.558271,0.0328106,0.211864,-0.259229,-0.942292,-0.517549,0.78812,-0.333181,105.382,12.2316,31.9764,0.556013,0.778046,0.247458,-0.155755
373,1,-0.0174831,0.00751103,0.474778,0,0,0,0.828987,0.558328,0.0324152,0.211234,-0.258913,-0.94252,-0.517842,0.788184,-0.332574,105.36,12.1947,31.9917,0.556215,0.777894,0.247322,-0.156007
380,1,-0.0196263,0.00875522,0.4713,0,0,0,0.829203,0.557957,0.0332555,0.210976,-0.257335,-0.94301,-0.517601,0.788963,-0.331099,105.264,12.1796,31.973,0.556949,0.777438,0.247265,-0.155751
386,1,-0.023306,0.00747181,0.469011,0,0,0,0.829233,0.557802,0.0350693,0.211938,-0.255768,-0.94322,-0.517161,0.789582,-0.330311,105.172,12.236,31.9502,0.557484,0.777064,0.247644,-0.1551
392,1,-0.0263688,0.00506907,0.468228,0,0,0,0.829564,0.557228,0.0363319,0.213006,-0.255623,-0.943019,-0.51619,0.790034,-0.330748,105.167,12.2985,31.8916,0.557493,0.777164,0.247771,-0.154362
399,1,-0.0278769,0.00491188,0.466833,0,0,0,0.830111,0.556397,0.0365749,0.21297,-0.255751,-0.942993,-0.515324,0.790578,-0.330798,105.174,12.2965,31.8316,0.557576,0.777281,0.247455,-0.153982
405,1,-0.0298504,0.00601364,0.463759,0,0,0,0.830915,0.555176,0.0368649,0.21246,-0.255352,-0.943216,-0.514238,0.791565,-0.330129,105.148,12.2666,31.7526,0.557995,0.777238,0.246912,-0.153548
411,1,-0.0317446,0.00584258,0.462144,0,0,0,0.83183,0.553796,0.0369937,0.212352,-0.255967,-0.943073,-0.512801,0.792333,-0.330521,105.185,12.2602,31.6527,0.557975,0.777547,0.246335,-0.152983
417,1,-0.0340494,0.00536044,0.460593,0,0,0,0.833017,0.552002,0.0371103,0.212358,-0.257085,-0.942768,-0.510869,0.793222,-0.331378,105.253,12.2606,31.5198,0.557798,0.778055,0.245599,-0.152225
424,1,-0.0367673,0.00595715,0.457487,0,0,0,0.834335,0.549993,0.0373192,0.211973,-0.257595,-0.942715,-0.508874,0.794451,-0.331504,105.283,12.238,31.3797,0.557951,0.778369,0.244732,-0.151456
430,1,-0.038349,0.00594819,0.456047,0,0,0,0.835593,0.548103,0.0369938,0.211609,-0.258995,-0.942414,-0.506958,0.795302,-0.332398,105.367,12.2167,31.2454,0.557719,0.778939,0.243829,-0.150835
436,1,-0.0412481,0.00710543,0.451956,0,0,0,0.836752,0.546294,0.0375282,0.211155,-0.25867,-0.942605,-0.505232,0.796651,-0.331795,105.345,12.19,31.1236,0.558186,0.778976,0.243091,-0.150102
443,1,-0.0436374,0.00878018,0.448162,0,0,0,0.838434,0.543725,0.0373137,0.21022,-0.259476,-0.942592,-0.502829,0.798145,-0.331856,105.391,12.1352,30.9521,0.558369,0.779385,0.24184,-0.149321
450,1,-0.047305,0.0112254,0.442262,0,0,0,0.840695,0.540223,0.0373,0.208951,-0.26008,-0.942708,-0.499571,0.800324,-0.331528,105.423,12.0609,30.7203,0.558813,0.779792,0.240184,-0.148203
456,1,-0.0509445,0.0145284,0.435554,0,0,0,0.842782,0.53696,0.0373234,0.207409,-0.259985,-0.943074,-0.496689,0.802547,-0.330481,105.412,11.9705,30.5128,0.559535,0.779944,0.238597,-0.147243
462,1,-0.0525147,0.0171779,0.431362,0,0,0,0.844378,0.534488,0.0367104,0.205948,-0.26057,-0.943233,-0.494581,0.804006,-0.330097,105.443,11.885,30.359,0.559846,0.780232,0.237249,-0.14671
469,1,-0.0534903,0.0192517,0.428384,0,0,0,0.845881,0.532162,0.0358872,0.204664,-0.261711,-0.943197,-0.492542,0.805177,-0.330291,105.508,11.8098,30.2115,0.559884,0.780686,0.235955,-0.146235
476,1,-0.054123,0.0211418,0.42584,0,0,0,0.846735,0.530832,0.0354608,0.203677,-0.261869,-0.943366,-0.491483,0.806004,-0.329852,105.514,11.7521,30.1328,0.560137,0.780778,0.235185,-0.146015
484,1,-0.054909,0.0244934,0.421799,0,0,0,0.848427,0.528194,0.0343872,0.201865,-0.262827,-0.943489,-0.489308,0.807424,-0.329614,105.566,11.646,29.973,0.560354,0.781164,0.233645,-0.145591
491,1,-0.0537134,0.0263832,0.421535,0,0,0,0.849586,0.526437,0.0326677,0.200456,-0.264975,-0.943189,-0.487873,0.807869,-0.330646,105.692,11.5636,29.8665,0.559903,0.781858,0.232425,-0.145553
497,1,-0.0546212,0.0262426,0.421266,0,0,0,0.850205,0.525446,0.0325318,0.200389,-0.265862,-0.942954,-0.486822,0.808223,-0.331331,105.746,11.5597,29.7952,0.55969,0.782208,0.231983,-0.145195
504,1,-0.0565239,0.0247642,0.421236,0,0,0,0.850541,0.524859,0.0332248,0.201085,-0.266186,-0.942714,-0.485948,0.808498,-0.331943,105.768,11.6004,29.7411,0.559556,0.782411,0.231957,-0.144656
511,1,-0.0586448,0.02446,0.419465,0,0,0,0.851423,0.523404,0.0335671,0.201118,-0.266711,-0.942559,-0.484386,0.809267,-0.33235,105.8,11.6023,29.6361,0.559545,0.782701,0.231417,-0.143995
517,1,-0.0621016,0.0249361,0.415684,0,0,0,0.852357,0.52182,0.034521,0.201112,-0.266137,-0.942722,-0.482744,0.810478,-0.331788,105.765,11.602,29.5257,0.560007,0.782669,0.230919,-0.143171
524,1,-0.0603827,0.025585,0.417256,0,0,0,0.852383,0.521839,0.033585,0.200698,-0.267165,-0.94252,-0.482871,0.810128,-0.332459,105.826,11.5778,29.5313,0.559634,0.782944,0.230712,-0.14346
530,1,-0.0598269,0.0252289,0.418593,0,0,0,0.852496,0.521684,0.0331151,0.200676,-0.268117,-0.942254,-0.48268,0.809913,-0.333258,105.884,11.5765,29.5184,0.559267,0.783242,0.230567,-0.143495
536,1,-0.0595306,0.0273335,0.417125,0,0,0,0.852571,0.521577,0.0328506,0.199903,-0.267393,-0.942624,-0.482867,0.810221,-0.332236,105.837,11.5313,29.5257,0.559675,0.782975,0.230365,-0.143688
543,1,-0.0574088,0.0252364,0.421776,0,0,0,0.851823,0.522828,0.0323832,0.200636,-0.268534,-0.942144,-0.483883,0.809037,-0.333641,105.909,11.5742,29.599,0.558938,0.783262,0.230914,-0.144109
549,1,-0.0527319,0.0216668,0.430555,0,0,0,0.85067,0.524787,0.0309591,0.201625,-0.271309,-0.941137,-0.485497,0.80684,-0.336604,106.081,11.632,29.7144,0.557395,0.783994,0.231638,-0.144943
556,1,-0.0519457,0.0173407,0.435687,0,0,0,0.84968,0.526362,0.0314328,0.203382,-0.272145,-0.940517,-0.486498,0.805531,-0.338289,106.138,11.7348,29.794,0.556607,0.784238,0.232629,-0.145066
563,1,-0.0592629,0.00308273,0.442665,0,0,0,0.848494,0.527963,0.0362395,0.209926,-0.272931,-0.93885,-0.485788,0.804216,-0.342413,106.21,12.118,29.7924,0.555236,0.784831,0.235047,-0.143199
569,1,-0.0595683,-0.000729466,0.446091,0,0,0,0.847526,0.529439,0.0373308,0.211761,-0.272815,-0.938472,-0.486679