139,0,-0.335492,-0.388153,1.45824,0.348669,-0.00265227,1.17239,0.840505,0.541643,0.0132274,0.178957,-0.25449,-0.950373,-0.511397,0.80116,-0.310831,104.991,10.309,31.318,0.56462,0.775536,0.232291,-0.160589
148,0,-0.333988,-0.386952,1.46009,0.348669,-0.00265227,1.17239,0.849784,0.526488,0.0260092,0.159729,-0.210163,-0.96453,-0.502348,0.823797,-0.262688,102.292,9.19115,30.5893,0.586714,0.76201,0.225134,-0.156277
157,0,-0.33706,-0.387363,1.46291,0.348669,-0.00265227,1.17239,0.854941,0.517806,0.0308703,0.15435,-0.197126,-0.968151,-0.495229,0.832477,-0.248455,101.509,8.8791,30.0818,0.593582,0.758374,0.221578,-0.153077
166,0,-0.331989,-0.388086,1.46498,0.348669,-0.00265227,1.17239,0.889054,0.456375,0.0361101,0.14871,-0.213296,-0.965604,-0.432976,0.863844,-0.257499,102.456,8.55216,25.9664,0.595454,0.76809,0.196945,-0.129173
174,0,-0.319016,-0.388622,1.46777,0.348669,-0.00265227,1.17239,0.915215,0.400751,0.0421767,0.136308,-0.209387,-0.968286,-0.379211,0.891939,-0.246259,102.202,7.83425,22.5062,0.604063,0.76988,0.174397,-0.109444
182,0,-0.303511,-0.39036,1.47524,0.348669,-0.00265227,1.17239,0.928905,0.367608,0.0447308,0.124773,-0.196961,-0.972439,-0.348666,0.908884,-0.228826,101.45,7.16766,20.5737,0.613008,0.76725,0.160437,-0.0990338
190,0,-0.289591,-0.392445,1.48149,0.348669,-0.00265227,1.17239,0.941071,0.334546,0.0496386,0.119464,-0.191501,-0.974195,-0.316407,0.922717,-0.220182,101.121,6.86114,18.5837,0.618342,0.766935,0.147995,-0.0869594
199,0,-0.261579,-0.396788,1.47933,0.348669,-0.00265227,1.17239,0.963445,0.25866,0.0697817,0.114478,-0.161981,-0.980131,-0.242217,0.95229,-0.185671,99.3841,6.57352,14.1121,0.635569,0.760115,0.122724,-0.0567137
208,0,-0.245669,-0.399484,1.48212,0.348669,-0.00265227,1.17239,0.971973,0.231727,0.0396333,0.0855727,-0.191709,-0.977714,-0.218965,0.953703,-0.206166,101.094,4.90896,12.6956,0.627315,0.769716,0.103058,-0.0582461
217,0,-0.230517,-0.404071,1.48576,0.348669,-0.00265227,1.17239,0.975733,0.217241,0.0273942,0.0787152,-0.231268,-0.969701,-0.204324,0.948326,-0.242756,103.414,4.51472,11.8271,0.612721,0.782585,0.0945446,-0.0565209
225,0,-0.230201,-0.406401,1.49141,0.348669,-0.00265227,1.17239,0.978667,0.204761,0.0168234,0.0687931,-0.249438,-0.965944,-0.193591,0.946496,-0.258203,104.479,3.94467,11.1893,0.606429,0.788402,0.0867432,-0.0560526
234,0,-0.229681,-0.407015,1.49667,0.348669,-0.00265227,1.17239,0.97802,0.207585,0.019613,0.073834,-0.256817,-0.963636,-0.194999,0.943903,-0.266499,104.923,4.23423,11.2759,0.603056,0.790781,0.0889688,-0.0554473
242,0,-0.231356,-0.409186,1.50521,0.348669,-0.00265227,1.17239,0.981504,0.191198,0.00962448,0.059375,-0.256233,-0.96479,-0.181999,0.947517,-0.262847,104.874,3.40394,10.505,0.604654,0.790662,0.0792287,-0.0545033
251,0,-0.234529,-0.414063,1.51764,0.348669,-0.00265227,1.17239,0.979557,0.200162,-0.0200871,0.0352106,-0.268907,-0.962522,-0.198062,0.942138,-0.270458,105.609,2.01783,11.4308,0.60004,0.793556,0.0741512,-0.0687252
259,0,-0.236198,-0.422232,1.54058,0.348669,-0.00265227,1.17239,0.967241,0.252261,-0.0284602,0.0535992,-0.312514,-0.9484,-0.248138,0.915805,-0.315797,108.238,3.07248,14.3885,0.578561,0.805536,0.0949243,-0.085843
268,0,-0.234688,-0.422915,1.5491,0.348669,-0.00265227,1.17239,0.967151,0.251573,0.036472,0.107696,-0.275544,-0.955237,-0.230262,0.927786,-0.293586,106.091,6.18254,13.3918,0.59119,0.796285,0.112795,-0.0608418
276,0,-0.235837,-0.423879,1.55598,0.348669,-0.00265227,1.17239,0.969018,0.243374,0.0421108,0.10917,-0.269098,-0.956906,-0.221554,0.931856,-0.28733,105.707,6.26745,12.8786,0.594262,0.794583,0.110921,-0.0564582
285,0,-0.236958,-0.425724,1.56343,0.348669,-0.00265227,1.17239,0.967443,0.249587,0.0419597,0.110283,-0.266503,-0.957504,-0.227798,0.930958,-0.285352,105.554,6.33162,13.2498,0.594892,0.793615,0.113364,-0.0585418
293,0,-0.238283,-0.42662,1.5734,0.348669,-0.00265227,1.17239,0.962811,0.267115,0.0405549,0.112328,-0.259243,-0.959258,-0.245719,0.928139,-0.279606,105.123,6.44952,14.3169,0.596649,0.790832,0.119951,-0.0648571
302,0,-0.241234,-0.428361,1.59088,0.348669,-0.00265227,1.17239,0.936638,0.349189,0.027863,0.121724,-0.249854,-0.960602,-0.32847,0.903128,-0.276527,104.58,6.99162,19.3253,0.593771,0.7847,0.15003,-0.0957712
310,0,-0.241917,-0.430027,1.59837,0.348669,-0.00265227,1.17239,0.926616,0.375659,0.016218,0.116294,-0.245305,-0.962445,-0.357573,0.893703,-0.27099,104.299,6.67827,21.1012,0.593785,0.781491,0.157376,-0.1092
319,0,-0.242895,-0.431313,1.60399,0.348669,-0.00265227,1.17239,0.930534,0.365886,0.0152785,0.109702,-0.238708,-0.964875,-0.349387,0.899525,-0.262264,103.896,6.29815,20.5796,0.597821,0.779664,0.152498,-0.107132
328,0,-0.243872,-0.433672,1.61268,0.348669,-0.00265227,1.17239,0.937044,0.348683,0.0192151,0.109837,-0.242048,-0.964027,-0.331489,0.905446,-0.265108,104.094,6.30591,19.4817,0.59789,0.781697,0.146642,-0.0998704
336,0,-0.245696,-0.436591,1.62363,0.348669,-0.00265227,1.17239,0.941937,0.335106,0.021409,0.107889,-0.241653,-0.964346,-0.317985,0.910663,-0.263776,104.068,6.19367,18.654,0.599272,0.782203,0.141586,-0.0947886
344,0,-0.247687,-0.439495,1.63502,0.348669,-0.00265227,1.17239,0.94971,0.312451,0.0205972,0.0994615,-0.238638,-0.966002,-0.296913,0.919471,-0.257714,103.876,5.70816,17.3611,0.602777,0.781995,0.131687,-0.0883369
353,0,-0.250732,-0.44191,1.64336,0.348669,-0.00265227,1.17239,0.95796,0.286321,0.0182496,0.0902016,-0.240187,-0.966527,-0.272354,0.92754,-0.255916,103.956,5.1752,15.8708,0.604536,0.783273,0.120176,-0.0811035
361,0,-0.263832,-0.441328,1.64005,0.348669,-0.00265227,1.17239,0.976578,0.214452,0.0175037,0.0722819,-0.250359,-0.965451,-0.20266,0.944103,-0.259996,104.538,4.14506,11.7237,0.605438,0.788501,0.0909111,-0.0587054
370,0,-0.259416,-0.441188,1.64083,0.348669,-0.00265227,1.17239,0.984912,0.172145,0.0177529,0.0613363,-0.251313,-0.96596,-0.161823,0.952475,-0.25808,104.583,3.51652,9.33047,0.607355,0.789668,0.0739174,-0.0456111
379,0,-0.259745,-0.44165,1.64279,0.348669,-0.00265227,1.17239,0.990372,0.137743,0.0137612,0.0490438,-0.256177,-0.965385,-0.12945,0.956765,-0.260467,104.862,2.81113,7.44683,0.606986,0.791678,0.0589846,-0.0365328
388,0,-0.260947,-0.442994,1.64711,0.348669,-0.00265227,1.17239,0.993999,0.107127,0.0221168,0.0495805,-0.261008,-0.964062,-0.0975042,0.959374,-0.264753,105.149,2.84192,5.60238,0.605854,0.793688,0.0493605,-0.0237459
398,0,-0.261911,-0.445184,1.65432,0.348669,-0.00265227,1.17239,0.996778,0.0771022,0.0221273,0.0418762,-0.264902,-0.963366,-0.0684161,0.961188,-0.267277,105.375,2.40003,3.92647,0.605103,0.795135,0.0374083,-0.0145537
407,0,-0.263282,-0.447652,1.66336,0.348669,-0.00265227,1.17239,0.998064,0.0579235,0.0226655,0.0374417,-0.268499,-0.962552,-0.0496687,0.961537,-0.270148,105.586,2.14575,2.84898,0.604032,0.796353,0.0299381,-0.00847714
416,0,-0.263344,-0.449071,1.66714,0.348669,-0.00265227,1.17239,0.996895,0.0767226,0.0177358,0.038297,-0.275571,-0.960518,-0.068806,0.958214,-0.277653,106.008,2.19479,3.94831,0.600764,0.798455,0.0360132,-0.0159903
425,0,-0.266106,-0.451771,1.67835,0.348669,-0.00265227,1.17239,0.999165,0.0319201,0.0255038,0.0331111,-0.266895,-0.963157,-0.0239373,0.963197,-0.267729,105.488,1.89747,1.37239,0.605091,0.795894,0.0204271,0.000492056
434,0,-0.266692,-0.452665,1.68226,0.348669,-0.00265227,1.17239,0.998675,0.039116,0.03344,0.0422126,-0.250996,-0.967067,-0.0294345,0.967198,-0.252314,104.55,2.41932,1.68822,0.611426,0.790883,0.0257082,0.00126615
442,0,-0.268424,-0.454715,1.69114,0.348669,-0.00265227,1.17239,0.999202,0.0277875,0.0286801,0.0345579,-0.241799,-0.969711,-0.020011,0.969928,-0.242567,104.001,1.98042,1.14731,0.615393,0.787967,0.0197805,0.00275045
450,0,-0.26891,-0.456508,1.69879,0.348669,-0.00265227,1.17239,0.998053,0.0583215,0.0220913,0.0351859,-0.234118,-0.971571,-0.0514915,0.970457,-0.235715,103.548,2.01642,2.95338,0.618106,0.785475,0.0297614,-0.00935746
458,0,-0.268754,-0.460393,1.71372,0.348669,-0.00265227,1.17239,0.998341,0.051408,0.0259255,0.0369135,-0.225945,-0.97344,-0.0441848,0.972783,-0.227468,103.068,2.11547,2.53416,0.621476,0.782904,0.0282032,-0.00583065
466,0,-0.272775,-0.467668,1.73634,0.348669,-0.00265227,1.17239,0.991451,0.103022,0.08007,0.0996144,-0.201302,-0.974451,-0.0842719,0.974097,-0.209843,101.672,5.71697,4.85838,0.628551,0.775015