105,0,-0.336542,-0.387117,1.45675,-nan,-nan,-nan,0.819416,0.57307,0.012155,0.18878,-0.249787,-0.94972,-0.54122,0.780511,-0.312864,104.736,10.8816,33.4446,0.560528,0.771697,0.24681,-0.171397
113,0,-0.336393,-0.37661,1.45714,-nan,-nan,-nan,0.823351,0.566676,0.0311796,0.167427,-0.190034,-0.967396,-0.542275,0.801727,-0.251342,101.114,9.63823,33.3697,0.587787,0.75245,0.243904,-0.16981
121,0,-0.336243,-0.365643,1.45742,-nan,-nan,-nan,0.827383,0.560977,0.0272487,0.145782,-0.167654,-0.975008,-0.542389,0.810677,-0.220494,99.7567,8.38258,33.2467,0.59984,0.744233,0.237412,-0.173044
128,0,-0.33642,-0.356062,1.459,-nan,-nan,-nan,0.836869,0.546792,0.0258697,0.139227,-0.166907,-0.976093,-0.529402,0.820464,-0.215807,99.7034,8.00311,32.3174,0.602942,0.744913,0.230234,-0.16899
136,0,-0.337319,-0.34691,1.46267,-nan,-nan,-nan,0.839852,0.542135,0.0271641,0.139679,-0.167486,-0.975929,-0.524536,0.823431,-0.216388,99.738,8.02929,31.9871,0.60332,0.745608,0.22861,-0.166767
144,0,-0.337453,-0.339712,1.4723,-nan,-nan,-nan,0.82691,0.561379,0.0327588,0.154268,-0.170445,-0.973216,-0.54076,0.809816,-0.227545,99.9338,8.87433,33.1828,0.597687,0.745805,0.239891,-0.170286
152,0,-0.33002,-0.332782,1.48454,-nan,-nan,-nan,0.802702,0.594853,0.0426456,0.192224,-0.190372,-0.962709,-0.564552,0.780966,-0.267157,101.186,11.0826,35.1193,0.579908,0.751703,0.261764,-0.173575
159,0,-0.330292,-0.323353,1.48667,-nan,-nan,-nan,0.79764,0.60197,0.0374669,0.176896,-0.174103,-0.968708,-0.57661,0.779308,-0.245357,100.189,10.189,35.863,0.586979,0.744496,0.261541,-0.181043
167,0,-0.323915,-0.322485,1.48977,-nan,-nan,-nan,0.787567,0.614887,0.0406351,0.175218,-0.160229,-0.971404,-0.590793,0.772166,-0.233931,99.3664,10.0913,36.8754,0.590213,0.738534,0.267458,-0.186233
175,0,-0.323755,-0.324271,1.49472,-nan,-nan,-nan,0.80325,0.593754,0.0473863,0.172963,-0.156382,-0.972434,-0.569977,0.789304,-0.228312,99.1358,9.96015,35.3591,0.595516,0.739585,0.259172,-0.17665
183,0,-0.324847,-0.324931,1.498,-nan,-nan,-nan,0.813726,0.579875,0.0399418,0.155594,-0.151101,-0.976196,-0.560037,0.800571,-0.21318,98.7987,8.95123,34.5372,0.601965,0.737903,0.249175,-0.176207
190,0,-0.326407,-0.325839,1.50141,-nan,-nan,-nan,0.83023,0.556396,0.0337895,0.139551,-0.148779,-0.978974,-0.53967,0.817489,-0.201166,98.6414,8.02185,33.0249,0.608335,0.738271,0.235668,-0.171306
199,0,-0.326596,-0.326557,1.5044,-nan,-nan,-nan,0.831937,0.554116,0.0289208,0.134187,-0.150344,-0.979485,-0.5384,0.818751,-0.199432,98.7264,7.71162,32.9095,0.60872,0.738531,0.232997,-0.172464
206,0,-0.326938,-0.326892,1.50767,-nan,-nan,-nan,0.832106,0.554302,0.0186868,0.125209,-0.154924,-0.97996,-0.540299,0.81777,-0.198316,98.9836,7.1928,32.9963,0.608043,0.739146,0.22983,-0.176424
214,0,-0.32755,-0.328489,1.51061,-nan,-nan,-nan,0.823677,0.566736,0.0191409,0.131758,-0.158444,-0.978537,-0.55154,0.80852,-0.205179,99.1975,7.57121,33.8065,0.604163,0.739476,0.236145,-0.179992
221,0,-0.333793,-0.331832,1.5319,-nan,-nan,-nan,0.856499,0.509277,0.0839392,0.176995,-0.137031,-0.974626,-0.484852,0.849623,-0.207506,98.0032,10.1948,29.5136,0.614809,0.741795,0.231288,-0.135116
229,0,-0.33602,-0.333687,1.54031,-nan,-nan,-nan,0.852872,0.5081,0.120185,0.21262,-0.127748,-0.968748,-0.476867,0.851772,-0.216985,97.5122,12.2759,29.2109,0.614032,0.741216,0.243087,-0.120303
236,0,-0.339077,-0.336354,1.54766,-nan,-nan,-nan,0.873785,0.458104,0.163219,0.23827,-0.110698,-0.96487,-0.423942,0.881979,-0.205879,96.5449,13.7844,25.8817,0.623941,0.739994,0.235263,-0.0880828
245,0,-0.342461,-0.336574,1.55679,-nan,-nan,-nan,0.850521,0.454156,0.265248,0.312582,-0.0309021,-0.949388,-0.422974,0.890386,-0.168244,91.8643,18.2149,26.4417,0.642529,0.715833,0.267779,-0.0550846
253,0,-0.345311,-0.337405,1.56702,-nan,-nan,-nan,0.836185,0.475176,0.273865,0.315681,-0.00866676,-0.948826,-0.448486,0.879848,-0.157251,90.5233,18.402,28.2068,0.646194,0.707478,0.279464,-0.0617054
260,0,-0.343366,-0.34301,1.57922,-nan,-nan,-nan,0.833565,0.522144,0.180373,0.241041,-0.0499877,-0.969227,-0.49706,0.851391,-0.167526,92.9524,13.948,30.8079,0.63562,0.716079,0.266446,-0.110563
269,0,-0.346033,-0.344744,1.58786,-0.0882221,0.112763,1.96151,0.829114,0.52677,0.187304,0.252329,-0.0536186,-0.966155,-0.498898,0.848315,-0.177375,93.1765,14.6154,31.0363,0.632084,0.717654,0.271405,-0.108546
277,0,-0.348976,-0.347949,1.60107,-0.0882221,0.112763,1.96151,0.843468,0.501109,0.193526,0.266936,-0.078356,-0.960524,-0.466163,0.86183,-0.199855,94.6637,15.482,28.9283,0.625551,0.728299,0.263643,-0.0935868
284,0,-0.350057,-0.349258,1.60985,-0.0882221,0.112763,1.96151,0.837324,0.509008,0.199499,0.26531,-0.0592618,-0.96234,-0.478016,0.858719,-0.184666,93.5239,15.3854,29.7214,0.631149,0.721327,0.268366,-0.0965296
292,0,-0.353505,-0.351683,1.62161,-0.0882221,0.112763,1.96151,0.851055,0.49018,0.188226,0.24953,-0.0621544,-0.96637,-0.461997,0.869402,-0.175211,93.68,14.4497,28.4954,0.635155,0.722568,0.255931,-0.0947212
299,0,-0.349612,-0.352539,1.63364,-0.0882221,0.112763,1.96151,0.91826,0.383807,0.0974216,0.175138,-0.173001,-0.969225,-0.355141,0.907063,-0.22608,100.12,10.0867,21.1442,0.616275,0.761141,0.183588,-0.0846491
306,0,-0.350036,-0.361055,1.63607,-0.0882221,0.112763,1.96151,0.898793,0.436309,0.0424926,0.12998,-0.172669,-0.976366,-0.41866,0.883074,-0.211905,100.029,7.46844,24.9762,0.615268,0.755541,0.187379,-0.12447
313,0,-0.360462,-0.363363,1.63778,-0.0882221,0.112763,1.96151,0.898207,0.43946,0.00992509,0.103556,-0.189605,-0.976384,-0.4272,0.878023,-0.215813,100.99,5.94395,25.4364,0.610899,0.758885,0.178886,-0.137463
320,0,-0.372178,-0.362072,1.63958,-0.0882221,0.112763,1.96151,0.898979,0.437903,0.00881131,0.101624,-0.188972,-0.97671,-0.426039,0.878937,-0.214383,100.95,5.83267,25.357,0.611479,0.758672,0.177787,-0.137486
328,0,-0.365276,-0.36411,1.65572,-0.0882221,0.112763,1.96151,0.892857,0.45029,0.00677509,0.108006,-0.199505,-0.973926,-0.437198,0.870308,-0.226763,101.577,6.20036,26.0892,0.605514,0.761434,0.183304,-0.14132
335,0,-0.365782,-0.366421,1.66108,-0.0882221,0.112763,1.96151,0.889064,0.457291,0.0212122,0.121398,-0.190838,-0.974086,-0.441393,0.8686,-0.225182,101.085,6.97281,26.403,0.606845,0.759125,0.190578,-0.138377
341,0,-0.367635,-0.368614,1.66763,-0.0882221,0.112763,1.96151,0.88589,0.462258,0.0389492,0.140536,-0.187415,-0.972176,-0.442096,0.866714,-0.230993,100.912,8.07886,26.5211,0.605698,0.758996,0.19855,-0.13279
348,0,-0.368748,-0.36975,1.67384,-0.0882221,0.112763,1.96151,0.886014,0.462114,0.0378267,0.137672,-0.184299,-0.97318,-0.442748,0.867459,-0.226912,100.724,7.91317,26.5517,0.607207,0.75783,0.197863,-0.133579
355,0,-0.371499,-0.371449,1.68368,-0.0882221,0.112763,1.96151,0.887286,0.459424,0.0406686,0.133996,-0.172402,-0.97587,-0.441327,0.871325,-0.214531,100.019,7.70058,26.4453,0.612444,0.754026,0.196751,-0.13284
362,0,-0.373823,-0.374126,1.69438,-0.0882221,0.112763,1.96151,0.892602,0.449743,0.0314982,0.121628,-0.172941,-0.977394,-0.434129,0.876255,-0.209068,100.034,6.98604,25.9366,0.614531,0.754091,0.189424,-0.133482
368,0,-0.375237,-0.37617,1.70122,-0.0882221,0.112763,1.96151,0.884693,0.465142,0.0310093,0.126568,-0.175645,-0.976283,-0.448664,0.867635,-0.214265,100.199,7.27133,26.8914,0.611306,0.754089,0.196167,-0.138463
377,0,-0.385284,-0.391009,1.75241,-0.0882221,0.112763,1.96151,0.88097,0.469128,-0.0617338,0.0534211,-0.228245,-0.972137,-0.470147,0.853126,-0.226138,103.213,3.06226,28.0875,0.597199,0.764093,0.17097,-0.174023
385,0,-0.385152,-0.394007,1.75866,-0.0882221,0.112763,1.96151,0.832796,0.552266,-0.0381205,0.0965302,-0.21268,-0.972342,-0.545099,0.806083,-0.23043,102.338,5.5394,33.2064,0.589425,0.754305,0.215031,-0.193297
392,0,-0.386613,-0.395697,1.76373,-0.0882221,0.112763,1.96151,0.81889,0.573929,-0.00504821,0.118829,-0.178138,-0.976804,-0.561515,0.799295,-0.214075,100.335,6.82451,34.4385,0.597218,0.743489,0.232941,-0.190508
399,0,-0.388323,-0.397424,1.77134,-0.0882221,0.112763,1.96151,0.812773,0.582579,0.00141374,0.125901,-0.173277,-0.976793,-0.568814,0.794089,-0.214182,100.059,7.23277,34.986,0.596933,0.741659,0.238816,-0.191261
407,0,-0.390077,-0.399392,1.77896,-0.0882221,0.112763,1.96151,0.814097,0.580728,-0.0014585,0.125926,-0.17898,-0.975761,-0.566912,0.79418,-0.218836,100.394,7.23422,34.8522,0.595038,0.743625,0.23757