108,0,-0.337999,-0.38721,1.45922,-nan,-nan,-nan,0.807737,0.589451,0.0104209,0.176657,-0.225137,-0.958178,-0.562453,0.775797,-0.285981,103.223,10.1751,34.8507,0.569346,0.761389,0.251549,-0.181258
114,1,-0.337051,-0.386257,1.46122,-nan,-nan,-nan,0.784143,0.620388,0.0154081,0.158384,-0.17606,-0.971554,-0.600028,0.764278,-0.236316,100.271,9.1131,37.4233,0.585612,0.741033,0.262732,-0.197231
122,1,-0.337105,-0.387018,1.46271,-nan,-nan,-nan,0.773581,0.633402,0.0193419,0.157838,-0.163029,-0.973914,-0.613726,0.756454,-0.226091,99.5029,9.08141,38.427,0.588316,0.735306,0.269017,-0.202087
130,1,-0.339233,-0.364825,1.47171,-nan,-nan,-nan,0.695951,0.718079,0.00381533,0.13547,-0.126074,-0.982727,-0.705195,0.684447,-0.18502,97.3105,7.78581,45.378,0.5884,0.708351,0.301245,-0.24754
138,0,-0.340084,-0.349656,1.47441,-nan,-nan,-nan,0.659135,0.751966,0.00938874,0.147981,-0.117452,-0.981991,-0.737321,0.648654,-0.188693,96.8205,8.50992,48.2046,0.581591,0.700942,0.320977,-0.259626
145,1,-0.340844,-0.340563,1.47797,-nan,-nan,-nan,0.635599,0.771584,0.0259478,0.173122,-0.109695,-0.978773,-0.752358,0.626599,-0.2033,96.3947,9.96938,49.8086,0.575022,0.69796,0.338381,-0.260191
153,0,-0.341725,-0.331912,1.48316,-nan,-nan,-nan,0.616588,0.786729,0.0296067,0.182335,-0.106117,-0.977493,-0.765881,0.608108,-0.208879,96.1958,10.5058,51.1635,0.570437,0.694907,0.348631,-0.264882
161,0,-0.341578,-0.322947,1.48781,-nan,-nan,-nan,0.61279,0.789626,0.0312753,0.188814,-0.10787,-0.97607,-0.767357,0.604032,-0.215194,96.3064,10.8836,51.3901,0.567831,0.695675,0.351616,-0.264521
168,0,-0.335982,-0.320485,1.49385,-nan,-nan,-nan,0.589205,0.807844,0.0150297,0.180932,-0.113789,-0.976891,-0.787465,0.578308,-0.21321,96.6439,10.4241,53.1951,0.56174,0.692135,0.357147,-0.279005
176,0,-0.330313,-0.325369,1.49945,-nan,-nan,-nan,0.598793,0.800873,-0.00695651,0.162175,-0.129751,-0.978194,-0.784312,0.584608,-0.207576,97.5558,9.33317,52.6396,0.561575,0.695723,0.34606,-0.284333
183,0,-0.326949,-0.326871,1.50512,-nan,-nan,-nan,0.633873,0.773365,-0.0105662,0.149982,-0.136309,-0.979247,-0.758756,0.619134,-0.202394,97.9245,8.6259,50.1243,0.569028,0.702242,0.328714,-0.273881
191,0,-0.327185,-0.327482,1.50943,-nan,-nan,-nan,0.649379,0.76042,0.00825235,0.159332,-0.125438,-0.979224,-0.743586,0.637202,-0.202616,97.2998,9.1681,48.869,0.574745,0.703106,0.327032,-0.261459
197,0,-0.328438,-0.328084,1.51509,-nan,-nan,-nan,0.66449,0.747056,0.0189673,0.167535,-0.124188,-0.978013,-0.728275,0.653058,-0.20768,97.2367,9.64454,47.6222,0.577196,0.706463,0.323652,-0.251007
205,0,-0.332115,-0.328936,1.52744,-nan,-nan,-nan,0.682911,0.730311,0.0167145,0.15558,-0.123051,-0.980129,-0.713742,0.671941,-0.197655,97.1558,8.95046,46.2646,0.583568,0.707746,0.312927,-0.246214
213,0,-0.333639,-0.327696,1.55188,-nan,-nan,-nan,0.759105,0.650767,0.0162041,0.119992,-0.115416,-0.986043,-0.639814,0.750454,-0.1657,96.6761,6.89166,40.126,0.607863,0.714181,0.269805,-0.218295
219,0,-0.333802,-0.324029,1.56166,-nan,-nan,-nan,0.761434,0.646746,0.0440214,0.170236,-0.133974,-0.976253,-0.625491,0.750846,-0.212112,97.8141,9.80153,39.4019,0.594842,0.725865,0.281382,-0.200268
227,0,-0.334748,-0.323608,1.56692,-nan,-nan,-nan,0.775773,0.629744,0.0399891,0.154105,-0.127623,-0.979778,-0.611906,0.766247,-0.196053,97.4214,8.86488,38.2653,0.602515,0.724474,0.270489,-0.197356
234,0,-0.338174,-0.327499,1.58335,-nan,-nan,-nan,0.760278,0.648865,0.0308564,0.154182,-0.134105,-0.978899,-0.631035,0.748993,-0.202,97.8007,8.86936,39.6929,0.596694,0.723945,0.277316,-0.20726
242,0,-0.339716,-0.328915,1.59188,-nan,-nan,-nan,0.765728,0.642494,0.0293508,0.147308,-0.130775,-0.980407,-0.626067,0.755049,-0.194783,97.5978,8.47097,39.2698,0.600035,0.723064,0.273075,-0.206315
249,0,-0.341895,-0.330995,1.60199,-nan,-nan,-nan,0.763354,0.645327,0.0290537,0.145661,-0.128135,-0.981002,-0.629344,0.753083,-0.191811,97.4416,8.37554,39.5037,0.60071,0.721682,0.274008,-0.207948
257,0,-0.344,-0.333011,1.61093,-nan,-nan,-nan,0.769093,0.638392,0.0308368,0.146918,-0.129629,-0.980618,-0.622022,0.758717,-0.193489,97.5304,8.44836,38.965,0.601244,0.723224,0.271462,-0.204357
264,0,-0.346418,-0.335521,1.6219,-nan,-nan,-nan,0.751875,0.658538,0.0318072,0.153071,-0.127435,-0.979964,-0.64129,0.741679,-0.196618,97.4092,8.80496,40.4616,0.597458,0.720404,0.281651,-0.211507
272,0,-0.348237,-0.335956,1.63077,-nan,-nan,-nan,0.775923,0.630216,0.0277567,0.143409,-0.133375,-0.980635,-0.61431,0.764878,-0.193867,97.7452,8.24515,38.3692,0.601806,0.725115,0.266725,-0.202228
280,0,-0.350667,-0.327291,1.64245,-nan,-nan,-nan,0.861661,0.507049,0.0210065,0.114891,-0.154589,-0.981276,-0.494308,0.847941,-0.191459,98.9527,6.59735,29.8415,0.615551,0.742918,0.20929,-0.159271
287,0,-0.352096,-0.316202,1.6486,-nan,-nan,-nan,0.924137,0.381232,0.025142,0.0966075,-0.169503,-0.980783,-0.369644,0.908807,-0.193473,99.8052,5.54385,21.8008,0.624732,0.75616,0.157982,-0.113899
295,0,-0.353431,-0.311551,1.6558,-nan,-nan,-nan,0.935898,0.351133,0.028281,0.093232,-0.169476,-0.981114,-0.339709,0.92086,-0.191349,99.8005,5.34957,19.9497,0.627509,0.757747,0.146607,-0.102748
302,0,-0.355364,-0.305054,1.66685,-nan,-nan,-nan,0.936047,0.350155,0.0347406,0.0973287,-0.162768,-0.981852,-0.338146,0.922441,-0.186439,99.4127,5.58537,19.8622,0.629849,0.755853,0.148006,-0.100352
310,0,-0.355639,-0.298143,1.67564,-nan,-nan,-nan,0.933872,0.356039,0.0334628,0.0971937,-0.16265,-0.981885,-0.344147,0.920207,-0.186499,99.4057,5.57759,20.2297,0.629429,0.755483,0.149981,-0.10281
316,0,-0.355886,-0.283672,1.68553,-nan,-nan,-nan,0.933034,0.358538,0.0299574,0.0930078,-0.159925,-0.982738,-0.347558,0.919714,-0.182562,99.243,5.33667,20.4305,0.630584,0.754242,0.149669,-0.105271
324,0,-0.355494,-0.268754,1.70814,-nan,-nan,-nan,0.956079,0.285914,0.0645492,0.102663,-0.120378,-0.987405,-0.274542,0.950664,-0.144444,96.9508,5.89254,16.0217,0.650242,0.745134,0.130371,-0.0704548
331,0,-0.348639,-0.258489,1.72417,-nan,-nan,-nan,0.962494,0.261667,0.0716621,0.106534,-0.121599,-0.986846,-0.249511,0.957467,-0.144915,97.0246,6.11553,14.5331,0.651149,0.746493,0.12331,-0.0595616
339,0,-0.349203,-0.251148,1.73547,-nan,-nan,-nan,0.96504,0.256678,0.0530555,0.0857771,-0.11801,-0.989301,-0.247671,0.959265,-0.135901,96.8024,4.92071,14.3939,0.654051,0.744807,0.114948,-0.065324
346,0,-0.34904,-0.24301,1.74444,-nan,-nan,-nan,0.96558,0.257514,0.0366342,0.0721253,-0.129758,-0.988919,-0.249906,0.957523,-0.143865,97.4752,4.13606,14.5106,0.650376,0.748198,0.110144,-0.0712619
354,0,-0.351432,-0.225814,1.76015,-nan,-nan,-nan,0.970018,0.242385,0.0177297,0.049327,-0.124921,-0.99094,-0.237974,0.962104,-0.133132,97.185,2.82738,13.7841,0.65421,0.746336,0.0977148,-0.0737753
361,0,-0.350067,-0.216389,1.78123,-nan,-nan,-nan,0.96177,0.273055,0.020964,0.0458971,-0.0852465,-0.995302,-0.269985,0.958214,-0.0945199,94.8954,2.63063,15.6803,0.667459,0.731699,0.108976,-0.0850831
370,0,-0.351556,-0.203634,1.79116,-nan,-nan,-nan,0.957704,0.287311,0.0160013,0.0379359,-0.0709404,-0.996759,-0.285244,0.955207,-0.0788392,94.0709,2.17409,16.5857,0.672295,0.725859,0.112021,-0.0927326
377,1,-0.353581,-0.192561,1.80014,-nan,-nan,-nan,0.950519,0.310187,0.0172863,0.0406889,-0.0691356,-0.996777,-0.307992,0.948159,-0.0783358,93.9676,2.33194,17.9536,0.671388,0.724222,0.121122,-0.100351
384,0,-0.355282,-0.182077,1.80874,-nan,-nan,-nan,0.928648,0.370561,0.0172464,0.050472,-0.0801539,-0.995504,-0.367512,0.925343,-0.0931377,94.6033,2.89306,21.5912,0.662449,0.724903,0.145203,-0.120797
392,0,-0.35754,-0.181185,1.82097,-nan,-nan,-nan,0.908891,0.41686,0.0120569,0.0527447,-0.0862258,-0.994878,-0.413685,0.904872,-0.100357,94.9534,3.02345,24.4728,0.656184,0.723788,0.162204,-0.138724
399,0,-0.358982,-0.180995,1.82713,-nan,-nan,-nan,0.892628,0.450703,0.00906092,0.0503679,-0.0797404,-0.995542,-0.447971,0.889105,-0.0938795,94.5795,2.88709,26.6501,0.655555,0.718722,0.174292,-0.15267
407,0,-0.360518,-0.181139,1.83497,-nan,-nan,-nan,0.893987,0.447907,0.0128782,0.0520149,-0.075186,-0.995812,-0.445063,0.890913,-0.0905132,94.3178,2.98158,26.466,0.657322,0.71758,0.174169,-0.15057
415,0,-0.362113,-0.167981,1.84296,-nan,-nan,-nan,0.884223,0.466838,0.0145493,0.0482456,-0.0603078,-0.997013,-0.464567,0.882284,-0.0758484,93.4615,2.76534,27.7172,0.661072,0.7107,0.181189,-0.158301
423,0,-0.363349,-0.141448,1.85113,-nan,-nan,-nan,0.886411,0.462804,0.00937229,0.0311255,-0.0393892,-0.998739,-0.461851,0.885585,-0.04932,92.2585,1.78365,27.5211,0.670392,0.702695,0.175727,-0.16098
431,0,-0.364839,-0.109869,1.85608,-nan,-nan,-nan,0.8957,0.444596,0.00741811,0.0154431,-0.0144309,-0.999777,-0.44439,0.895615,-0.0197917,90.827,0.884858,26.3877,0.68218,0.694608,0.165575,-0.157273
438,0,-0.366363,-0.0981578,1.86476,-nan,-nan,-nan,0.904631,0.426118,0.00816714,0.0196388,-0.0225345,-0.999553,-0.425744,0.904387,-0.0287539,91.2915,1.12529,25.203,0.680688,0.699271,0.159365,-0.14929
446,1,-0.367913,-0.0860957,1.8725,-nan,-nan,-nan,0.923327,0.383937,0.00769361,0.018005,-0.02327,-0.999567,-0.383592,0.923066,-0.0283986,91.3336,1.03167,22.5602,0.684043,0.702673,0.143005,-0.133739
453,1,-0.369519,-0.0740219,1.88144,-nan,-nan,-nan,0.928741,0.370683,0.00588413,0.0201142,-0.0345348,-0.999201,-0.370183,0.928117,-0.0395298,91.9795,1.15254,21.7315,0.680933,0.707603,0.138071,-0.128709
461,0,-0.370672,-0.0696592,1.88822,-nan,-nan,-nan,0.938764,0.344556,0.00166082,0.0177993,-0.0436807,-0.998887,-0.344099,0.937749,-0.0471387,92.5039,1.01988,20.1302,0.679696,0.712317,0.127175,-0.120185
467,1,-0.369439,-0.0816739,1.88369,-nan,-nan,-nan,0.957402,0.28838,0.0147906,0.0344104,-0.0630842,-0.997415,-0.286701,0.955436,-0.0703202,93.619,1.97196,16.6707,0.675277,0.722981,0.111618,-0.0940241
475,0,-0.372938,-0.0868504,1.90119,-nan,-nan,-nan,0.968772,0.247314,0.0178073,0.0431906,-0.0975935,-0.994289,-0.244164,0.964008,-0.105228,95.6059,2.47541,14.1459,0.664445,0.736816,0.0985676,-0.0768023
482,0,-0.375351,-0.0886024,1.92608,-nan,-nan,-nan,0.978287,0.206785,0.0139384,0.0356767,-0.101772,-0.994168,-0.20416,0.973079,-0.10694,95.845,2.04456,11.7879,0.665127,0.739425,0.0819763,-0.064314
489,1,-0.366861,-0.0953959,1.95296,-nan,-nan,-nan,0.984611,0.174512,0.00934612,0.0158275,-0.0357851,-0.999234,-0.174044,0.984005,-0.0379965,92.051,0.906884,10.0243,0.691164,0.717355,0.0663337,-0.0573976
496,0,-0.361651,-0.0952638,1.96144,-nan,-nan,-nan,0.985011,0.172396,-0.00573858,-0.00139517,-0.0253049,-0.999679,-0.172486,0.984703,-0.0246851,91.45,-0.0799375,9.93241,0.695525,0.713267,0.0599358,-0.0624677
504,0,-0.358304,-0.0958854,1.96807,-nan,-nan,-nan,0.984202,0.176989,-0.00459354,0.0010756,-0.0319217,-0.99949,-0.177046,0.983695,-0.0316078,91.8293,0.0616272,10.1977,0.692942,0.715495,0.0622174,-0.0634663
512,0,-0.359127,-0.0968713,1.97433,-nan,-nan,-nan,0.984127,0.177446,-0.0025632,0.00568489,-0.0459581,-0.998927,-0.177374,0.983057,-0.0462374,92.6342,0.325722,10.217,0.687738,0.720473,0.0635455,-0.0624371
520,0,-0.361281,-0.0971969,1.98065,-nan,-nan,-nan,0.984247,0.1768,0.000786435,0.00936943,-0.0477169,-0.998817,-0.176553,0.98309,-0.0486217,92.7351,0.536837,10.1695,0.687006,0.721212,0.0645334,-0.0609275
527,0,-0.362761,-0.0976658,1.98994,-nan,-nan,-nan,0.983451,0.181142,-0.00335851,0.00617713,-0.0520519,-0.998625,-0.181068,0.982078,-0.0523094,92.9838,0.353926,10.4322,0.685399,0.722463,0.0648198,-0.0638187
535,0,-0.376372,-0.0983141,2.0071,-nan,-nan,-nan,0.976987,0.212868,-0.0135433,-0.000691873,-0.0603317,-0.998178,-0.213297,0.975217,-0.0587961,93.4589,-0.0396414,12.3157,0.681517,0.723898,0.0732756,-0.07834
542,0,-0.379195,-0.0997157,2.01403,-nan,-nan,-nan,0.977374,0.21152,0.000415647,0.0138245,-0.061918,-0.997985,-0.211068,0.97541,-0.0634412,93.5503,0.792111,12.1861,0.680444,0.72504,0.0777007,-0.0726347
550,1,-0.381919,-0.0995887,2.02029,-nan,-nan,-nan,0.977727,0.20987,0.00228442,0.0147357,-0.0577839,-0.99822,-0.209364,0.97602,-0.0595894,93.313,0.844322,12.0864,0.681974,0.723723,0.0775868,-0.0715329
557,0,-0.381618,-0.0995353,2.02571,-nan,-nan,-nan,0.980515,0.196374,0.00519053,0.014264,-0.0448187,-0.998893,-0.195924,0.979504,-0.0467465,92.569,0.817292,11.2999,0.687195,0.719736,0.073165,-0.0662512
565,0,-0.389352,-0.0999395,2.03097,-nan,-nan,-nan,0.976908,0.213658,-0.000623996,0.0101838,-0.0494802,-0.998723,-0.213416,0.975655,-0.0505135,92.8363,0.583499,12.3233,0.685003,0.720573,0.0776611,-0.0742604
572,0,-0.391161,-0.100136,2.0355,-nan,-nan,-nan,0.98016,0.198173,0.00383794,0.0139,-0.049408,-0.998682,-0.197722,0.978921,-0.0511823,92.8323,0.796436,11.4049,0.685487,0.72124,0.0735098,-0.0672052
579,0,-0.395464,-0.100396,2.04265,-nan,-nan,-nan,0.987559,0.15697,0.00933855,0.0164242,-0.0439042,-0.998901,-0.156387,0.986627,-0.0459361,92.5167,0.941082,8.99848,0.688789,0.720659,0.0601512,-0.0510119
586,0,-0.399906,-0.101855,2.05874,-nan,-nan,-nan,0.991214,0.129831,0.0252794,0.0315369,-0.0463698,-0.998426,-0.128454,0.990451,-0.0500568,92.6591,1.80723,7.38398,0.688256,0.722433,0.0558417,-0.035704
594,0,-0.399113,-0.103212,2.06931,-nan,-nan,-nan,0.999112,-0.041253,0.00858332,0.00561597,-0.0715155,-0.997424,0.0417605,0.996586,-0.0712203,94.1011,0.321773,-2.39344,0.681244,0.731753,-0.0121752,0.0171998
602,0,-0.400864,-0.10148,2.07655,0.69072,0.328607,1.47783,0.998051,-0.0603649,0.0158374,0.0109629,-0.0802427,-0.996715,0.0614375,0.994946,-0.0794245,94.6028,0.628142,-3.52254,0.677935,0.734459,-0.0168158,0.0263034
610,0,-0.401154,-0.0918728,2.07905,0.69072,0.328607,1.47783,0.995971,-0.0891527,0.00967897,0.00472621,-0.0555981,-0.998442,0.0895519,0.994465,-0.0549528,93.1872,0.270793,-5.13789,0.686553,0.725693,-0.0290848,0.0341849
617,0,-0.401735,-0.0861622,2.08117,0.69072,0.328607,1.47783,0.994731,-0.10229,0.00683457,0.0040387,-0.027515,-0.999613,0.102439,0.994374,-0.0269569,91.5767,0.231401,-5.87966,0.696466,0.715752,-0.0343175,0.0381672
624,0,-0.403729,-0.0913777,2.09213,0.69072,0.328607,1.47783,0.998952,-0.0457348,0.0020384,0.000796731,-0.0271511,-0.999631,0.0457732,0.998585,-0.0270862,91.5558,0.0456493,-2.62353,0.697265,0.716448,-0.0156809,0.0166836
631,0,-0.405164,-0.0892414,2.09832,0.69072,0.328607,1.47783,0.998921,-0.046015,0.00635895,0.00504556,-0.0286027,-0.999578,0.0461775,0.998531,-0.0283396,91.6391,0.28909,-2.64675,0.696774,0.716914,-0.0142867,0.0183203
639,0,-0.40543,-0.0879247,2.09979,0.69072,0.328607,1.47783,0.995489,-0.0948246,0.00330494,0.00233307,-0.0103582,-0.999944,0.0948535,0.99544,-0.0100903,90.5935,0.133675,-5.4429,0.702681,0.709918,-0.0325712,0.0345668
646,0,-0.40693,-0.0887001,2.10809,0.69072,0.328607,1.47783,0.995835,-0.0911773,-0.000109918,-0.00228153,-0.0237135,-0.999716,0.0911488,0.995552,-0.0238228,91.3588,-0.130722,-5.22971,0.697907,0.714733,-0.0326901,0.0318437
653,1,-0.407972,-0.0888755,2.11408,0.69072,0.328607,1.47783,0.995111,-0.0987239,0.00264392,8.05584e-05,-0.0259599,-0.999663,0.0987593,0.994776,-0.025825,91.4876,0.00461566,-5.66773,0.697016,0.715349,-0.0344739,0.0354384
660,1,-0.409494,-0.0893638,2.12128,0.69072,0.328607,1.47783,0.995023,-0.0995542,0.00435243,0.00190841,-0.0246317,-0.999695,0.099631,0.994727,-0.0243191,91.4114,0.109344,-5.71793,0.697508,0.714838,-0.0341496,0.0363661
667,0,-0.410813,-0.089547,2.1284,0.69072,0.328607,1.47783,0.995777,-0.0915898,0.00624205,0.00398559,-0.0247989,-0.999685,0.0917157,0.995488,-0.0243291,91.421,0.228358,-5.26236,0.697612,0.715001,-0.0306308,0.0342509
674,0,-0.411935,-0.0904589,2.13447,0.69072,0.328607,1.47783,0.996318,-0.0856614,0.00361344,0.00138077,-0.0261088,-0.999658,0.0857264,0.995982,-0.0258944,91.4961,0.0791124,-4.9178,0.697193,0.715598,-0.0294441,0.0312116
682,1,-0.413206,-0.0912209,2.14104,0.69072,0.328607,1.47783,0.996043,-0.0886362,0.00647787,0.00323631,-0.0366664,-0.999322,0.0888136,0.995389,-0.0362344,92.1013,0.185427,-5.09539,0.693387,0.719191,-0.0296861,0.0331245
689,1,-0.414531,-0.091174,2.1477,0.69072,0.328607,1.47783,0.995292,-0.0965783,0.00818264,0.00447206,-0.0385746,-0.999246,0.0968211,0.994578,-0.037961,92.2107,0.256231,-5.5562,0.692596,0.719692,-0.031995,0.0364752
696,0,-0.416358,-0.0919023,2.15743,0.69072,0.328607,1.47783,0.997125,-0.0752371,0.00901524,0.00503379,-0.0529415,-0.998585,0.0756079,0.995759,-0.0524106,93.0348,0.288416,-4.33621,0.687709,0.724996,-0.0242082,0.0291806
704,0,-0.418374,-0.0920908,2.16792,0.69072,0.328607,1.47783,0.998778,-0.0476248,0.0132244,0.0102363,-0.0624502,-0.997996,0.0483552,0.996911,-0.0618864,93.5807,0.586504,-2.77177,0.684551,0.728546,-0.0128298,0.021131
711,1,-0.42048,-0.0923943,2.17858,0.69072,0.328607,1.47783,0.998409,-0.0542999,0.015184,0.0117985