104,0,-0.335945,-0.38664,1.45496,-nan,-nan,-nan,0.823435,0.567402,-0.00305457,0.169427,-0.251009,-0.953042,-0.541525,0.784251,-0.302823,104.755,9.75448,33.3306,0.563383,0.770919,0.238945,-0.176601
113,0,-0.335315,-0.385046,1.45349,-nan,-nan,-nan,0.833384,0.552649,0.00705604,0.143251,-0.203654,-0.968506,-0.533807,0.808149,-0.24889,101.875,8.23601,32.6407,0.587546,0.755964,0.230136,-0.174198
121,0,-0.334922,-0.383744,1.45312,-nan,-nan,-nan,0.843813,0.536439,0.0146024,0.130945,-0.179434,-0.975016,-0.520416,0.824644,-0.221653,100.428,7.5242,31.6639,0.600568,0.74915,0.222714,-0.168796
128,0,-0.334785,-0.383835,1.4524,-nan,-nan,-nan,0.857063,0.514922,0.0172577,0.129139,-0.182277,-0.97473,-0.498764,0.837633,-0.22272,100.592,7.41985,30.1971,0.602508,0.752007,0.214114,-0.160074
136,0,-0.336279,-0.385894,1.45834,-nan,-nan,-nan,0.866338,0.498731,0.0269349,0.14224,-0.194669,-0.970501,-0.478775,0.844613,-0.239588,101.342,8.17746,28.9269,0.598348,0.758386,0.211294,-0.148948
144,0,-0.335917,-0.376978,1.45941,-nan,-nan,-nan,0.87758,0.479218,0.014283,0.12406,-0.19821,-0.972277,-0.463101,0.855022,-0.233397,101.523,7.1265,27.8207,0.601243,0.759801,0.198499,-0.147676
152,0,-0.337248,-0.367741,1.46386,-nan,-nan,-nan,0.884068,0.466983,0.018736,0.125767,-0.199103,-0.971875,-0.450119,0.86156,-0.234752,101.578,7.22506,26.9827,0.602124,0.761236,0.194667,-0.141672
159,0,-0.332819,-0.359465,1.46862,-nan,-nan,-nan,0.889135,0.457492,0.01183,0.113482,-0.195363,-0.974143,-0.443352,0.867487,-0.225621,101.34,6.5161,26.5024,0.605836,0.759954,0.187832,-0.141957
167,0,-0.320079,-0.350257,1.47506,-nan,-nan,-nan,0.88735,0.460804,0.0164129,0.114873,-0.186453,-0.975725,-0.446557,0.867695,-0.218383,100.818,6.59631,26.7137,0.608793,0.756998,0.190118,-0.142056
175,0,-0.319755,-0.340835,1.47833,-nan,-nan,-nan,0.881848,0.470289,0.0342538,0.130338,-0.173296,-0.976207,-0.453163,0.86533,-0.214117,100.066,7.48911,27.1977,0.611235,0.753203,0.199357,-0.139043
182,0,-0.32126,-0.334039,1.48476,-nan,-nan,-nan,0.875211,0.482883,0.0288038,0.133334,-0.183569,-0.973922,-0.465003,0.856228,-0.225046,100.674,7.66228,27.9819,0.605515,0.755617,0.203879,-0.144319
189,0,-0.321872,-0.323043,1.48543,-nan,-nan,-nan,0.876899,0.479854,0.0280755,0.132153,-0.184519,-0.973904,-0.462151,0.857725,-0.225219,100.728,7.59404,27.7905,0.605632,0.756081,0.202361,-0.143528
197,0,-0.322057,-0.321051,1.48787,-nan,-nan,-nan,0.878193,0.477761,0.0228566,0.120108,-0.174017,-0.977391,-0.462981,0.861082,-0.210203,100.095,6.89835,27.7981,0.611141,0.752066,0.198742,-0.146305
206,0,-0.323646,-0.32328,1.49189,-nan,-nan,-nan,0.892685,0.449773,0.0286132,0.121219,-0.17847,-0.97645,-0.434074,0.87513,-0.213838,100.358,6.96245,25.9316,0.612449,0.75581,0.188867,-0.134115
214,0,-0.324732,-0.32413,1.49571,-nan,-nan,-nan,0.903385,0.427935,0.0277115,0.113516,-0.17632,-0.977766,-0.413534,0.886444,-0.207862,100.222,6.51804,24.5964,0.61628,0.756235,0.178996,-0.127547
221,0,-0.325888,-0.325034,1.50138,-nan,-nan,-nan,0.895591,0.443395,0.0362946,0.119921,-0.162047,-0.979469,-0.42841,0.881556,-0.1983,99.3941,6.88755,25.5643,0.619525,0.750989,0.187525,-0.130533
228,0,-0.335964,-0.336912,1.55149,-0.268614,-0.315068,1.47098,0.590798,0.788312,0.17182,0.227361,0.0416617,-0.972919,-0.774122,0.613864,-0.154617,87.548,13.1417,52.6497,0.607833,0.65264,0.389063,-0.230718
236,0,-0.340608,-0.339526,1.56512,-0.268614,-0.315068,1.47098,0.634559,0.751601,0.180085,0.249299,0.021503,-0.968188,-0.731564,0.659267,-0.173729,88.7277,14.436,49.0616,0.608755,0.668353,0.37439,-0.206282
243,0,-0.344196,-0.343305,1.57969,-0.268614,-0.315068,1.47098,0.640659,0.744927,0.186118,0.251875,0.025091,-0.967435,-0.725338,0.666674,-0.171554,88.5143,14.5885,48.5473,0.611187,0.668416,0.372822,-0.201678
250,0,-0.347371,-0.345906,1.59384,-0.268614,-0.315068,1.47098,0.644117,0.741055,0.189607,0.249774,0.0305269,-0.967823,-0.722998,0.67075,-0.165434,88.1934,14.4642,48.3023,0.61425,0.6669,0.371431,-0.199952
257,0,-0.351368,-0.348629,1.60743,-0.268614,-0.315068,1.47098,0.649933,0.731482,0.206207,0.256083,0.044679,-0.965622,-0.715548,0.680396,-0.158281,87.3508,14.8377,47.7511,0.619744,0.663991,0.371829,-0.191772
265,0,-0.353379,-0.350892,1.61993,-0.268614,-0.315068,1.47098,0.654072,0.72968,0.199393,0.249388,0.040845,-0.967542,-0.71414,0.682568,-0.155257,87.5827,14.4413,47.5138,0.620415,0.664922,0.368114,-0.193537
272,0,-0.360533,-0.351725,1.63368,-0.268614,-0.315068,1.47098,0.635769,0.768741,0.0695433,0.221392,-0.0952999,-0.970517,-0.739448,0.632421,-0.230781,95.6082,12.7908,49.3115,0.572208,0.70033,0.353452,-0.239139
279,0,-0.360627,-0.360397,1.6365,-0.268614,-0.315068,1.47098,0.760374,0.649059,0.0235344,0.131091,-0.117882,-0.984337,-0.636118,0.751549,-0.174721,96.8291,7.53266,39.9154,0.605758,0.716411,0.272243,-0.213768
287,0,-0.361442,-0.361791,1.64069,-0.268614,-0.315068,1.47098,0.762489,0.646759,0.0177017,0.138508,-0.136444,-0.980917,-0.632002,0.75039,-0.193618,97.9189,7.96149,39.6542,0.59842,0.723283,0.271425,-0.212331
294,0,-0.362565,-0.362884,1.64558,-0.268614,-0.315068,1.47098,0.763897,0.644812,0.026073,0.151784,-0.140254,-0.978412,-0.627235,0.751363,-0.205011,98.1577,8.73032,39.3894,0.595532,0.726148,0.274254,-0.20697
301,0,-0.364184,-0.364565,1.65243,-0.268614,-0.315068,1.47098,0.777787,0.627993,0.0259293,0.152586,-0.148641,-0.977048,-0.609725,0.763892,-0.211434,98.6502,8.77684,38.0937,0.595338,0.731071,0.26693,-0.199637
309,0,-0.365425,-0.366634,1.65742,-0.268614,-0.315068,1.47098,0.777324,0.628257,0.0325516,0.160046,-0.147449,-0.976035,-0.608401,0.763905,-0.215166,98.5907,9.20956,38.0498,0.594708,0.731427,0.26944,-0.196824
316,0,-0.366233,-0.366704,1.66117,-0.268614,-0.315068,1.47098,0.761607,0.647135,0.0342311,0.165601,-0.143282,-0.975729,-0.626523,0.74879,-0.216291,98.354,9.53217,39.4419,0.592037,0.728214,0.279017,-0.203337
323,0,-0.367569,-0.367851,1.66723,-0.268614,-0.315068,1.47098,0.756477,0.653259,0.0315574,0.158913,-0.136788,-0.977771,-0.634421,0.744676,-0.207289,97.9639,9.14382,39.985,0.594222,0.724664,0.280189,-0.20798
330,0,-0.369798,-0.371065,1.67872,-0.268614,-0.315068,1.47098,0.718064,0.694891,0.0388674,0.181347,-0.132893,-0.974399,-0.671935,0.706729,-0.221442,97.7664,10.4482,43.0993,0.583894,0.719792,0.304337,-0.219879
338,0,-0.371176,-0.372214,1.68428,-0.268614,-0.315068,1.47098,0.704001,0.70878,0.044878,0.185638,-0.122656,-0.974933,-0.685508,0.694685,-0.217926,97.1707,10.6983,44.2375,0.583828,0.714945,0.312758,-0.224014
345,0,-0.372306,-0.373251,1.68908,-0.268614,-0.315068,1.47098,0.685111,0.72746,0.037741,0.180592,-0.119429,-0.97628,-0.705698,0.675676,-0.213195,96.9743,10.4042,45.848,0.581483,0.710235,0.319631,-0.235118
351,0,-0.37496,-0.37639,1.70179,-0.268614,-0.315068,1.47098,0.654094,0.755845,0.0293054,0.178881,-0.116924,-0.976898,-0.734957,0.644226,-0.211686,96.8252,10.3046,48.3317,0.575648,0.704043,0.331914,-0.250571
359,0,-0.376494,-0.37757,1.70832,-0.268614,-0.315068,1.47098,0.608028,0.793351,0.029939,0.181294,-0.102033,-0.978122,-0.772939,0.600153,-0.205869,95.9553,10.4451,51.8098,0.570115,0.692086,0.352068,-0.268392
365,0,-0.380177,-0.378361,1.72609,-0.268614,-0.315068,1.47098,0.62228,0.782254,0.0290827,0.165048,-0.0947964,-0.981719,-0.765197,0.615704,-0.188099,95.5155,9.50002,50.881,0.578659,0.690141,0.343156,-0.266654
372,0,-0.386065,-0.379561,1.74024,-0.268614,-0.315068,1.47098,0.622097,0.782103,0.0361855,0.165532,-0.0862131,-0.982429,-0.765241,0.617156,-0.183096,95.0151,9.52816,50.8909,0.581547,0.687642,0.344524,-0.265056
380,0,-0.387365,-0.381108,1.75209,-0.268614,-0.315068,1.47098,0.601003,0.799095,0.0155414,0.173425,-0.111403,-0.978526,-0.780204,0.590793,-0.205537,96.495,9.98703,52.3924,0.566583,0.692449,0.351116,-0.276072
387,0,-0.387666,-0.382791,1.75954,-0.268614,-0.315068,1.47098,0.579387,0.815042,0.0041888,0.177875,-0.121426,-0.976533,-0.795406,0.566535,-0.215328,97.088,10.246,53.9298,0.557367,0.692124,0.358648,-0.285793
395,0,-0.386041,-0.384139,1.76627,-0.268614,-0.315068,1.47098,0.571456,0.820622,-0.00416604,0.172999,-0.125431,-0.976902,-0.80219,0.557536,-0.213645,97.3165,9.96224,54.5351,0.555063,0.69111,0.359429,-0.291689
403,0,-0.386563,-0.385171,1.77308,-0.268614,-0.315068,1.47098,0.556875,0.830596,0.000650824,0.171107,-0.113953,-0.97864