109,0,-0.336339,-0.388082,1.46313,-nan,-nan,-nan,0.808762,0.587596,0.0252172,0.195972,-0.228812,-0.953541,-0.554526,0.776129,-0.300207,103.494,11.3015,34.4364,0.565628,0.76449,0.256239,-0.173092
117,0,-0.334308,-0.381771,1.47265,-nan,-nan,-nan,0.789167,0.612947,0.0388694,0.194995,-0.190037,-0.962218,-0.582402,0.76693,-0.269492,101.172,11.2444,36.4272,0.57655,0.749783,0.269392,-0.18123
126,0,-0.325705,-0.375941,1.48222,-nan,-nan,-nan,0.750508,0.659251,0.0461046,0.199916,-0.159986,-0.966664,-0.629898,0.734706,-0.251865,99.3974,11.532,40.0066,0.578502,0.735248,0.292135,-0.198502
134,0,-0.314155,-0.369601,1.48992,-nan,-nan,-nan,0.723983,0.689042,0.0326981,0.183337,-0.146505,-0.972072,-0.665008,0.709759,-0.232394,98.5708,10.5642,42.5687,0.579889,0.725066,0.300793,-0.218018
141,0,-0.304818,-0.360314,1.49651,-nan,-nan,-nan,0.714079,0.699325,0.0321691,0.180024,-0.139028,-0.973788,-0.676522,0.701153,-0.225173,98.1252,10.3712,43.4529,0.580921,0.720812,0.304986,-0.223482
150,0,-0.296102,-0.350802,1.50482,-nan,-nan,-nan,0.697107,0.716492,0.0260934,0.172136,-0.131927,-0.976199,-0.695996,0.685007,-0.215302,97.6965,9.91203,44.9543,0.580921,0.714901,0.310752,-0.234264
158,0,-0.287715,-0.32076,1.51168,-nan,-nan,-nan,0.701416,0.711973,0.0333161,0.179033,-0.130749,-0.975116,-0.6899,0.689927,-0.219177,97.637,10.3135,44.5257,0.581268,0.716125,0.311051,-0.229214
165,0,-0.279915,-0.301908,1.5219,-nan,-nan,-nan,0.692337,0.7213,0.0198891,0.168557,-0.134865,-0.976422,-0.701611,0.679366,-0.214952,97.864,9.70393,45.3812,0.579336,0.71452,0.311348,-0.238524
173,0,-0.270086,-0.28288,1.53291,-nan,-nan,-nan,0.6866,0.726789,0.0189106,0.157991,-0.123765,-0.979654,-0.709661,0.675618,-0.199803,97.2003,9.09032,45.9462,0.583745,0.708902,0.312025,-0.243599
182,0,-0.262276,-0.268118,1.55396,-nan,-nan,-nan,0.657336,0.75352,-0.0108165,0.127644,-0.125473,-0.983851,-0.742709,0.64534,-0.17866,97.2679,7.33347,48.4895,0.581636,0.700262,0.314584,-0.269015
189,0,-0.248954,-0.249495,1.57105,-nan,-nan,-nan,0.671166,0.741249,0.00934145,0.123341,-0.0992358,-0.98739,-0.730975,0.663854,-0.15803,95.7391,7.08495,47.4425,0.594538,0.69434,0.311299,-0.259827
197,0,-0.24,-0.232546,1.58351,-nan,-nan,-nan,0.672243,0.740244,0.0113335,0.108219,-0.0831103,-0.990647,-0.732378,0.667182,-0.135979,94.7956,6.21265,47.4515,0.602734,0.687629,0.308474,-0.262149
205,0,-0.230695,-0.227427,1.59415,-nan,-nan,-nan,0.686379,0.727188,0.00899251,0.0961942,-0.0785255,-0.99226,-0.720854,0.681932,-0.12385,94.5248,5.52006,46.4033,0.609099,0.68716,0.29956,-0.258987
213,0,-0.221473,-0.220459,1.60461,-nan,-nan,-nan,0.702088,0.712012,0.0105651,0.0951045,-0.0790543,-0.992323,-0.705711,0.697703,-0.123219,94.5549,5.45733,45.1475,0.612335,0.689993,0.292437,-0.251867
221,0,-0.212124,-0.216163,1.61701,-nan,-nan,-nan,0.707162,0.706967,0.0109561,0.0989861,-0.0836468,-0.991567,-0.700088,0.702283,-0.129132,94.822,5.68079,44.712,0.611225,0.69281,0.290828,-0.248673
229,0,-0.202492,-0.223144,1.6301,-nan,-nan,-nan,0.670372,0.74198,0.00821106,0.101639,-0.0808572,-0.99153,-0.735032,0.665528,-0.129618,94.662,5.83356,47.6342,0.604131,0.68572,0.307567,-0.264984
236,0,-0.193091,-0.231941,1.64312,-nan,-nan,-nan,0.648352,0.761245,0.0121012,0.111251,-0.0790045,-0.990647,-0.753169,0.643634,-0.135912,94.5597,6.38744,49.2771,0.598631,0.682508,0.319592,-0.27145
244,0,-0.183078,-0.218557,1.64699,-nan,-nan,-nan,0.660564,0.750734,0.00728639,0.10298,-0.0809889,-0.991381,-0.743673,0.655621,-0.130809,94.6703,5.91078,48.3871,0.601824,0.684171,0.311952,-0.26908
252,0,-0.169763,-0.171068,1.63475,-nan,-nan,-nan,0.685595,0.727976,-0.00305677,0.0890574,-0.0880386,-0.992128,-0.722515,0.679926,-0.125191,95.071,5.10938,46.5019,0.606705,0.688989,0.296461,-0.263274
260,0,-0.158603,-0.160204,1.64008,-nan,-nan,-nan,0.669839,0.742358,0.0148508,0.117241,-0.0859959,-0.989373,-0.733191,0.664462,-0.144638,94.9676,6.7329,47.5854,0.599834,0.689288,0.31177,-0.260537
268,0,-0.148061,-0.153814,1.64372,-nan,-nan,-nan,0.661265,0.749942,0.0177694,0.112147,-0.0754091,-0.990826,-0.741722,0.657192,-0.133969,94.3522,6.43909,48.2821,0.602471,0.683857,0.315157,-0.264658
276,0,-0.137221,-0.147722,1.65467,-nan,-nan,-nan,0.662176,0.749324,-0.0060354,0.0776183,-0.0765975,-0.994036,-0.745317,0.657759,-0.108882,94.4063,4.45168,48.3806,0.607597,0.679643,0.304183,-0.276378
284,0,-0.126203,-0.143918,1.65914,-nan,-nan,-nan,0.643958,0.76506,-0.00120332,0.0715879,-0.061822,-0.995517,-0.761704,0.640985,-0.0945798,93.5535,4.1052,49.7882,0.609827,0.670887,0.311769,-0.28429
291,0,-0.104371,-0.139368,1.66771,-nan,-nan,-nan,0.556044,0.830871,0.0216479,0.0994887,-0.0406773,-0.994207,-0.825177,0.554976,-0.105281,92.3429,5.70973,56.026,0.593735,0.652304,0.356567,-0.307958
300,0,-0.0941304,-0.128562,1.68391,-nan,-nan,-nan,0.771778,0.631213,0.0769956,0.116933,-0.021858,-0.992899,-0.625048,0.775301,-0.090679,91.2611,6.71511,39.0034,0.644058,0.686352,0.272508,-0.199625
308,0,-0.089456,-0.120812,1.68646,-nan,-nan,-nan,0.792337,0.604211,0.0844444,0.113806,-0.0103956,-0.993449,-0.599375,0.796756,-0.0769994,90.5995,6.53474,37.1062,0.652867,0.685517,0.261852,-0.187789
316,0,-0.0915287,-0.128178,1.69191,-nan,-nan,-nan,0.821785,0.568602,0.0369075,0.0736889,-0.0418249,-0.996404,-0.565013,0.821549,-0.0762706,92.4036,4.22589,34.5102,0.652627,0.696398,0.230576,-0.189585
324,0,-0.0919978,-0.11369,1.68618,-nan,-nan,-nan,0.821511,0.569102,0.0352516,0.0511086,-0.0119193,-0.998622,-0.567897,0.822181,-0.0388778,90.6838,2.92958,34.6555,0.665341,0.684162,0.226632,-0.194634
332,0,-0.0970253,-0.116947,1.68062,-nan,-nan,-nan,0.821157,0.567868,-0.056807,-0.0433048,-0.0372519,-0.998367,-0.569057,0.822276,-0.00599828,92.1369,-2.48196,34.7217,0.666691,0.682717,0.192087,-0.229181
339,1,-0.0968915,-0.120297,1.67909,-nan,-nan,-nan,0.82276,0.55578,-0.11906,-0.111607,-0.047421,-0.99262,-0.557324,0.829976,0.023013,92.7351,-6.40799,34.1131,0.670513,0.679553,0.163406,-0.248835
346,1,-0.0920506,-0.117255,1.67943,-nan,-nan,-nan,0.809901,0.585794,-0.0300757,-0.00612905,-0.0428199,-0.999064,-0.586534,0.809328,-0.0310895,92.4542,-0.351171,35.9122,0.658785,0.68626,0.211168,-0.224627
355,1,-0.097495,-0.120568,1.69762,-nan,-nan,-nan,0.843011,0.532205,-0.078043,-0.0241466,-0.1075,-0.993912,-0.537354,0.839763,-0.0777727,96.173,-1.38363,32.5144,0.643766,0.712089,0.178369,-0.216053
363,1,-0.0996935,-0.129466,1.7239,-nan,-nan,-nan,0.845203,0.53046,-0.065145,-0.00563491,-0.113041,-0.993574,-0.534416,0.840139,-0.0925536,96.4908,-0.322858,32.3049,0.640236,0.71603,0.183241,-0.209335
371,0,-0.0996211,-0.131102,1.72937,-nan,-nan,-nan,0.860177,0.49716,-0.113697,-0.0413288,-0.154251,-0.987167,-0.508318,0.853838,-0.112136,98.881,-2.36864,30.5807,0.631227,0.729137,0.156291,-0.213271
379,0,-0.099467,-0.123242,1.74271,-nan,-nan,-nan,0.871022,0.486028,-0.0713998,-0.0537545,-0.0501724,-0.997293,-0.488294,0.872502,-0.0175751,92.88,-3.08139,29.275,0.67143,0.696198,0.155226,-0.200982
386,0,-0.0956476,-0.12892,1.74816,-nan,-nan,-nan,0.834329,0.508148,-0.21373,-0.123406,-0.205706,-0.970802,-0.537277,0.836343,-0.108918,101.964,-7.08869,32.78,0.616382,0.732965,0.131228,-0.256154
393,0,-0.0904733,-0.120573,1.75481,-nan,-nan,-nan,0.81623,0.506513,-0.277874,-0.173636,-0.243662,-0.954191,-0.551017,0.827087,-0.110935,104.325,-9.99927,34.0224,0.60449,0.736686,0.112964,-0.28129
401,0,-0.0923397,-0.122513,1.76226,-nan,-nan,-nan,0.82624,0.48474,-0.286976,-0.188201,-0.24263,-0.951688,-0.53095,0.840332,-0.109243,104.303,-10.8478,32.7252,0.607118,0.737922,0.100464,-0.277105
409,1,-0.0921766,-0.119786,1.76345,-nan,-nan,-nan,0.849273,0.454259,-0.269041,-0.191313,-0.210166,-0.958764,-0.492071,0.865724,-0.091583,102.364,-11.0294,30.0881,0.621998,0.733318,0.0896425,-0.259475
416,1,-0.0933981,-0.12281,1.76607,-nan,-nan,-nan,0.868898,0.425698,-0.252583,-0.189038,-0.186221,-0.964151,-0.457473,0.885496,-0.0813342,100.932,-10.8966,27.7667,0.632721,0.730831,0.0809558,-0.242894
424,1,-0.0965704,-0.130438,1.78156,-nan,-nan,-nan,0.822,0.486422,-0.296159,-0.18875,-0.257947,-0.947543,-0.537299,0.83478,-0.12022,105.228,-10.8798,33.1706,0.600798,0.741648,0.100341,-0.280948
432,1,-0.0986007,-0.130956,1.80458,-nan,-nan,-nan,0.77591,0.526218,-0.347935,-0.179065,-0.345139,-0.921311,-0.604897,0.777157,-0.17357,110.537