115,0,-0.336106,-0.38716,1.45703,-0.26425,-0.250249,1.03064,0.82623,0.563165,0.0137594,0.182335,-0.244238,-0.952419,-0.533009,0.789426,-0.304481,104.383,10.5058,32.8264,0.565135,0.770543,0.241875,-0.168468
122,0,-0.336241,-0.386172,1.45741,-0.26425,-0.250249,1.03064,0.821482,0.569542,0.0281003,0.171607,-0.199923,-0.964667,-0.543801,0.797278,-0.261971,101.709,9.88127,33.5036,0.583007,0.755542,0.245238,-0.170639
130,0,-0.336368,-0.386373,1.4585,-0.26425,-0.250249,1.03064,0.837317,0.545899,0.0298988,0.160402,-0.193013,-0.967996,-0.522657,0.815316,-0.249177,101.277,9.23025,31.9726,0.590578,0.754902,0.233905,-0.163186
137,0,-0.336225,-0.386835,1.46003,-0.26425,-0.250249,1.03064,0.845824,0.532628,0.0298184,0.157499,-0.195925,-0.967888,-0.509682,0.82336,-0.249606,101.443,9.06173,31.0726,0.59167,0.756861,0.227957,-0.158504
145,0,-0.336889,-0.38794,1.46431,-0.26425,-0.250249,1.03064,0.846951,0.531103,0.024586,0.15244,-0.198275,-0.968219,-0.509349,0.823782,-0.248891,101.573,8.76836,31.0224,0.591563,0.757317,0.225646,-0.160027
152,0,-0.338069,-0.389027,1.46711,-0.26425,-0.250249,1.03064,0.851378,0.5239,0.0261651,0.1536,-0.201296,-0.967413,-0.50156,0.827653,-0.25185,101.754,8.8356,30.503,0.591234,0.759033,0.223146,-0.156579
160,0,-0.339789,-0.393417,1.47375,-0.26425,-0.250249,1.03064,0.850215,0.525455,0.0321317,0.161416,-0.202111,-0.965969,-0.501079,0.826467,-0.256655,101.818,9.28912,30.5132,0.589798,0.759767,0.226014,-0.154306
167,0,-0.341203,-0.394075,1.47974,-0.26425,-0.250249,1.03064,0.841723,0.539006,0.0312285,0.16752,-0.205742,-0.964162,-0.513264,0.816788,-0.263472,102.046,9.64365,31.3739,0.585771,0.760088,0.232383,-0.158546
175,0,-0.343444,-0.399936,1.48922,-0.26425,-0.250249,1.03064,0.808264,0.587982,0.0314062,0.178355,-0.193645,-0.964723,-0.561158,0.785353,-0.261386,101.35,10.274,34.7713,0.581643,0.752213,0.254694,-0.176065
182,0,-0.349711,-0.401818,1.5156,-0.26425,-0.250249,1.03064,0.721809,0.691343,0.0321888,0.218861,-0.183889,-0.958272,-0.656575,0.698734,-0.284041,100.863,12.6421,42.2904,0.559884,0.739888,0.307548,-0.210973
189,0,-0.352825,-0.399818,1.53082,-0.26425,-0.250249,1.03064,0.705575,0.708569,-0.0097076,0.201299,-0.213546,-0.955969,-0.679443,0.672554,-0.293307,102.592,11.6129,43.9191,0.547431,0.743712,0.305854,-0.231659
196,0,-0.35702,-0.39316,1.54267,-0.26425,-0.250249,1.03064,0.687565,0.724982,-0.0406859,0.18766,-0.231544,-0.954553,-0.701454,0.648682,-0.295252,103.635,10.8163,45.5729,0.538695,0.744036,0.306652,-0.249363
203,0,-0.370877,-0.383406,1.55356,-0.26425,-0.250249,1.03064,0.695791,0.71739,-0.0350197,0.213051,-0.252708,-0.943794,-0.685919,0.649222,-0.328673,104.99,12.3012,44.5906,0.527828,0.754515,0.308291,-0.238875
210,0,-0.388744,-0.376132,1.56934,-0.26425,-0.250249,1.03064,0.680834,0.732134,-0.0210839,0.229174,-0.24028,-0.943263,-0.695661,0.637374,-0.331377,104.291,13.2485,45.6171,0.526587,0.750415,0.320259,-0.238783
218,0,-0.407348,-0.361513,1.57989,-0.26425,-0.250249,1.03064,0.666509,0.745289,-0.0176393,0.228213,-0.226501,-0.946898,-0.709708,0.62709,-0.321049,103.453,13.1919,46.7979,0.528904,0.743986,0.327124,-0.244409
227,0,-0.416584,-0.353029,1.57924,-0.26425,-0.250249,1.03064,0.630564,0.776129,-0.00365297,0.235476,-0.195792,-0.951954,-0.739554,0.599408,-0.306219,101.622,13.6197,49.5482,0.531167,0.730167,0.346361,-0.254465
234,0,-0.414636,-0.345377,1.57894,-0.26425,-0.250249,1.03064,0.605416,0.795909,-0.000369578,0.250581,-0.191048,-0.949057,-0.755434,0.574482,-0.315103,101.382,14.5119,51.2908,0.524229,0.726562,0.360083,-0.260062
242,0,-0.422202,-0.355246,1.57507,-0.26425,-0.250249,1.03064,0.561984,0.823164,0.0810897,0.30095,-0.112171,-0.94702,-0.770456,0.556614,-0.31077,96.755,17.5147,53.8924,0.53363,0.704437,0.398941,-0.244652
249,0,-0.416832,-0.354477,1.57261,-0.26425,-0.250249,1.03064,0.53199,0.840226,0.104911,0.322363,-0.0864032,-0.942665,-0.782987,0.535307,-0.316823,95.237,18.8059,55.8064,0.531216,0.69556,0.417861,-0.243716
257,0,-0.414195,-0.353503,1.57063,-0.26425,-0.250249,1.03064,0.51775,0.849874,0.0982264,0.323329,-0.0880796,-0.942179,-0.792082,0.519572,-0.320392,95.3408,18.8643,56.8291,0.526611,0.693942,0.422659,-0.249969
264,0,-0.412628,-0.353597,1.57049,-0.26425,-0.250249,1.03064,0.523688,0.849062,0.0696015,0.316055,-0.117766,-0.941403,-0.791114,0.514999,-0.330023,97.1305,18.4245,56.4969,0.518628,0.702046,0.4149,-0.256932
272,0,-0.412966,-0.353855,1.57129,-0.26425,-0.250249,1.03064,0.525514,0.849234,0.0513441,0.31798,-0.140077,-0.937693,-0.789128,0.509097,-0.343652,98.4963,18.5408,56.3386,0.51034,0.708739,0.411722,-0.260245
279,0,-0.413349,-0.353908,1.5717,-0.26425,-0.250249,1.03064,0.516928,0.854844,0.0450239,0.328434,-0.149485,-0.932623,-0.790517,0.496886,-0.358033,99.1062,19.1738,56.8189,0.502347,0.711415,0.415819,-0.261975
286,0,-0.413026,-0.35406,1.5704,-0.26425,-0.250249,1.03064,0.505301,0.861446,0.0508082,0.315539,-0.129645,-0.940015,-0.803185,0.491023,-0.337329,97.8526,18.3933,57.8251,0.509492,0.702189,0.419041,-0.267868
293,0,-0.412726,-0.353562,1.57108,-0.26425,-0.250249,1.03064,0.506475,0.860064,0.061423,0.325089,-0.124489,-0.937454,-0.798624,0.494765,-0.342648,97.5643,18.971,57.6178,0.50974,0.702426,0.421807,-0.262377
300,0,-0.412862,-0.353706,1.57069,-0.26425,-0.250249,1.03064,0.4851,0.872479,0.0588049,0.332842,-0.122038,-0.935052,-0.808637,0.473167,-0.349599,97.4359,19.4414,59.0405,0.503354,0.699417,0.430831,-0.26802
307,0,-0.413267,-0.353585,1.5707,-0.26425,-0.250249,1.03064,0.472203,0.879294,0.0621878,0.336783,-0.114764,-0.934562,-0.814618,0.462247,-0.350323,97.0009,19.681,59.9008,0.501776,0.695933,0.436851,-0.270295
315,0,-0.413152,-0.353613,1.57049,-0.26425,-0.250249,1.03064,0.458883,0.885811,0.0690259,0.335663,-0.100905,-0.936562,-0.822652,0.452942,-0.343638,96.1493,19.6128,60.8468,0.503572,0.689823,0.442676,-0.273123
323,0,-0.413423,-0.353538,1.57021,-0.26425,-0.250249,1.03064,0.47469,0.877698,0.0656974,0.333394,-0.110226,-0.936322,-0.814566,0.466366,-0.344942,96.7141,19.4749,59.7684,0.504857,0.694597,0.435897,-0.269534
330,0,-0.412971,-0.35326,1.56951,-0.26425,-0.250249,1.03064,0.501184,0.863426,0.0575353,0.324352,-0.125799,-0.937534,-0.802254,0.488539,-0.343102,97.6424,18.9263,58.0062,0.508006,0.701799,0.423119,-0.265289
338,0,-0.412364,-0.353519,1.56899,-0.26425,-0.250249,1.03064,0.537847,0.84055,0.0647757,0.322384,-0.134072,-0.937066,-0.778967,0.524881,-0.34309,98.1424,18.8072,55.3764,0.514948,0.709755,0.409625,-0.251563
345,0,-0.413154,-0.353493,1.56991,-0.26425,-0.250249,1.03064,0.556057,0.829547,0.0515087,0.320375,-0.156743,-0.934233,-0.766916,0.535988,-0.352925,99.5242,18.6856,54.0558,0.511466,0.718631,0.400039,-0.248879
352,0,-0.413757,-0.353346,1.56919,-0.26425,-0.250249,1.03064,0.574815,0.817434,0.0372672,0.303324,-0.170554,-0.9375,-0.759989,0.550193,-0.345984,100.311,17.6573,52.8981,0.514363,0.723076,0.387497,-0.249878
359,0,-0.413574,-0.352977,1.56761,-0.26425,-0.250249,1.03064,0.575475,0.817409,0.0258905,0.302318,-0.18321,-0.935434,-0.759889,0.546147,-0.352551,101.081,17.5969,52.8628,0.509832,0.726505,0.385313,-0.252579
367,0,-0.412088,-0.353219,1.5678,-0.26425,-0.250249,1.03064,0.580614,0.812458,0.0528967,0.313518,-0.163147,-0.935462,-0.751394,0.559727,-0.349445,99.893,18.2713,52.3062,0.516726,0.723396,0.389129,-0.241395
374,0,-0.413679,-0.353242,1.56874,-0.26425,-0.250249,1.03064,0.581057,0.811979,0.055344,0.310069,-0.157988,-0.937495,-0.752483,0.561898,-0.343569,99.5657,18.0634,52.3252,0.519495,0.721563,0.388756,-0.241538
380,0,-0.413396,-0.352863,1.56801,-0.26425,-0.250249,1.03064,0.580742,0.812474,0.0512238,0.302461,-0.15692,-0.940156,-0.755814,0.561482,-0.336872,99.4758,17.6055,52.4625,0.521284,0.720162,0.387043,-0.244594
388,0,-0.412037,-0.352832,1.56794,-0.26425,-0.250249,1.03064,0.585555,0.80885,0.0537415,0.30498,-0.158391,-0.939095,-0.751074,0.566282,-0.33943,99.5736,17.757,52.0592,0.521472,0.721695,0.385838,-0.241561
395,0,-0.412816,-0.352728,1.56782,-0.26425,-0.250249,1.03064,0.588414,0.807379,0.0436689,0.303241,-0.17029,-0.937575,-0.749542,0.564925,-0.345032,100.294,17.6524,51.867,0.517951,0.725213,0.38286,-0.243333
402,0,-0.411329,-0.352208,1.56354,-0.26425,-0.250249,1.03064,0.586775,0.807219,0.0639761,0.308441,-0.149758,-0.939381,-0.748705,0.570938,