108,0,-0.335083,-0.388164,1.45891,-nan,-nan,-nan,0.813202,0.581911,0.00904592,0.188245,-0.248296,-0.950217,-0.550696,0.774422,-0.311456,104.644,10.8504,34.1056,0.559788,0.77022,0.249979,-0.17581
115,0,-0.333218,-0.388118,1.4614,-nan,-nan,-nan,0.797227,0.603299,0.021436,0.18222,-0.206638,-0.961299,-0.575522,0.77028,-0.274671,102.132,10.4991,35.8257,0.573567,0.754741,0.260195,-0.183535
123,0,-0.327573,-0.388736,1.46616,-nan,-nan,-nan,0.774651,0.631701,0.0294802,0.187179,-0.184509,-0.964842,-0.604053,0.752934,-0.261171,100.826,10.7882,37.9462,0.576405,0.745039,0.274778,-0.1928
130,0,-0.316561,-0.390869,1.47406,-nan,-nan,-nan,0.734373,0.678291,0.0248707,0.19069,-0.171013,-0.966639,-0.651409,0.714616,-0.254931,100.033,10.9931,41.5739,0.571933,0.734901,0.295612,-0.213137
138,0,-0.304617,-0.393561,1.48484,-nan,-nan,-nan,0.699746,0.713793,0.0292321,0.201802,-0.158247,-0.966558,-0.685297,0.682244,-0.254777,99.2981,11.6423,44.4023,0.567169,0.726769,0.314954,-0.225679
146,0,-0.297578,-0.395829,1.49381,-nan,-nan,-nan,0.680168,0.732444,0.0299505,0.210398,-0.155917,-0.965102,-0.702214,0.662733,-0.260154,99.1771,12.1457,45.9137,0.56216,0.72392,0.325603,-0.232161
154,0,-0.294429,-0.398919,1.50433,-nan,-nan,-nan,0.655712,0.754378,0.030922,0.213423,-0.145913,-0.966002,-0.724219,0.640019,-0.256678,98.5895,12.323,47.8421,0.559714,0.717339,0.337288,-0.241621
161,0,-0.294626,-0.401475,1.51377,-nan,-nan,-nan,0.65197,0.75775,0.0273813,0.208398,-0.144352,-0.967333,-0.729044,0.636379,-0.252027,98.4874,12.0285,48.1943,0.560266,0.715603,0.337529,-0.24513
168,0,-0.300461,-0.410155,1.54866,-nan,-nan,-nan,0.534507,0.84484,-0.0233972,0.174105,-0.137157,-0.975128,-0.827037,0.51714,-0.220402,98.0064,10.0266,57.1257,0.542436,0.687762,0.370384,-0.309131
175,0,-0.301303,-0.409446,1.56115,-nan,-nan,-nan,0.509771,0.859947,-0.024986,0.187798,-0.139574,-0.97224,-0.839562,0.490928,-0.232648,98.1695,10.8243,58.7344,0.53328,0.685929,0.381871,-0.315101
183,0,-0.303348,-0.41385,1.57136,-nan,-nan,-nan,0.517536,0.853986,0.0535237,0.24809,-0.0898951,-0.964557,-0.818906,0.512472,-0.25839,95.3245,14.3645,57.7078,0.54066,0.682975,0.40341,-0.280165
191,0,-0.304891,-0.415291,1.58168,-nan,-nan,-nan,0.542338,0.839412,0.0354677,0.248047,-0.119642,-0.961332,-0.80271,0.530164,-0.2731,97.0942,14.362,55.9557,0.536096,0.695536,0.390871,-0.275774
199,0,-0.306824,-0.417333,1.59083,-nan,-nan,-nan,0.555377,0.831252,0.0240133,0.236351,-0.130094,-0.962919,-0.797304,0.540459,-0.268718,97.6943,13.6713,55.1401,0.537718,0.698962,0.381853,-0.276586
207,0,-0.308209,-0.418713,1.59789,-nan,-nan,-nan,0.563821,0.825566,0.0233565,0.223956,-0.125608,-0.966471,-0.794952,0.550148,-0.255711,97.405,12.9415,54.6538,0.543715,0.697341,0.376258,-0.276621
214,0,-0.310284,-0.421206,1.60949,-nan,-nan,-nan,0.576529,0.816834,0.0199334,0.214194,-0.127547,-0.968428,-0.788502,0.562596,-0.248495,97.503,12.3682,53.8269,0.547834,0.698672,0.368924,-0.275011
222,0,-0.312381,-0.424357,1.61977,-nan,-nan,-nan,0.579,0.815028,0.0221177,0.220504,-0.130416,-0.966628,-0.784944,0.564554,-0.255228,97.6838,12.7387,53.5863,0.546204,0.700829,0.369396,-0.272116
229,0,-0.314326,-0.427262,1.63058,-nan,-nan,-nan,0.588923,0.80772,0.0275373,0.221892,-0.128834,-0.966523,-0.777132,0.575318,-0.2551,97.5926,12.8202,52.8445,0.54886,0.702292,0.366518,-0.266839
237,0,-0.319304,-0.430291,1.64336,-nan,-nan,-nan,0.582024,0.812958,0.0186051,0.215428,-0.13209,-0.967545,-0.784116,0.567143,-0.252014,97.774,12.4407,53.4147,0.547248,0.701093,0.366708,-0.27297
245,0,-0.341328,-0.433668,1.66103,-nan,-nan,-nan,0.554523,0.832142,0.0066091,0.188144,-0.117631,-0.975072,-0.810621,0.541943,-0.221792,96.8788,10.8445,55.6251,0.551158,0.688103,0.370688,-0.292112
252,0,-0.350779,-0.436177,1.66839,-nan,-nan,-nan,0.530096,0.847638,0.0225267,0.200945,-0.0997684,-0.974509,-0.823783,0.52111,-0.223215,95.8455,11.5922,57.2391,0.549343,0.680639,0.385146,-0.294303
260,0,-0.354912,-0.438754,1.67554,-0.0122082,-0.0161897,2.8366,0.506107,0.861827,0.0333173,0.21875,-0.0909021,-0.971538,-0.834269,0.49899,-0.234531,95.3453,12.6356,58.757,0.543294,0.676672,0.399225,-0.295916
267,0,-0.354962,-0.440888,1.6829,-0.0122082,-0.0161897,2.8366,0.497844,0.866468,0.0371932,0.232429,-0.0919838,-0.968254,-0.83554,0.490685,-0.247186,95.4268,13.4401,59.212,0.538209,0.677683,0.405388,-0.294514
273,0,-0.351581,-0.442714,1.6903,-0.0122082,-0.0161897,2.8366,0.511398,0.858544,0.037056,0.233362,-0.0972447,-0.967515,-0.827051,0.503433,-0.250083,95.7395,13.4951,58.2699,0.539461,0.681675,0.40045,-0.289726
281,0,-0.352094,-0.441689,1.70259,-0.0122082,-0.0161897,2.8366,0.51828,0.854045,0.0446545,0.238623,-0.0942733,-0.966526,-0.821246,0.511586,-0.252654,95.5709,13.8053,57.7444,0.541145,0.682863,0.400032,-0.284315
288,0,-0.355417,-0.442129,1.71773,-0.0122082,-0.0161897,2.8366,0.549217,0.834084,0.0516315,0.239677,-0.0980288,-0.965891,-0.800572,0.542858,-0.25375,95.7951,13.8675,55.5487,0.547138,0.689383,0.389392,-0.271598
295,0,-0.367094,-0.433085,1.75592,-0.0122082,-0.0161897,2.8366,0.57086,0.819429,0.0515333,0.229749,-0.0991672,-0.968185,-0.788248,0.564537,-0.244873,95.8482,13.2823,54.0874,0.553809,0.6919,0.379093,-0.266193
302,0,-0.352232,-0.465289,1.79495,-0.0122082,-0.0161897,2.8366,0.674015,0.738304,0.0247301,0.213725,-0.16285,-0.963225,-0.707125,0.654513,-0.267557,99.5961,12.3407,46.3733,0.557586,0.725331,0.328136,-0.235201
308,0,-0.35617,-0.469591,1.81424,-0.0122082,-0.0161897,2.8366,0.711101,0.702583,0.0267005,0.193623,-0.15918,-0.968076,-0.675904,0.69357,-0.24923,99.3376,11.1643,43.5464,0.570677,0.727927,0.307794,-0.222963
315,0,-0.359498,-0.473863,1.83088,-0.0122082,-0.0161897,2.8366,0.737958,0.674056,0.0326548,0.182312,-0.152539,-0.971336,-0.649754,0.722759,-0.235455,98.9248,10.5044,41.3631,0.58094,0.729032,0.293666,-0.211616
322,0,-0.362488,-0.477837,1.84585,-0.0122082,-0.0161897,2.8366,0.757205,0.652409,0.0316711,0.179021,-0.160658,-0.970639,-0.628165,0.740643,-0.238446,99.3982,10.3127,39.6786,0.582688,0.734219,0.2831,-0.203105
330,1,-0.364768,-0.481004,1.85773,-0.0122082,-0.0161897,2.8366,0.768804,0.638462,0.0361506,0.179648,-0.161378,-0.970404,-0.613732,0.752545,-0.238766,99.4418,10.3493,38.6002,0.584949,0.736367,0.277752,-0.196091
337,0,-0.367499,-0.484605,1.87248,-0.0122082,-0.0161897,2.8366,0.786556,0.616682,0.0321277,0.170287,-0.166597,-0.971209,-0.593575,0.769382,-0.236051,99.7336,9.8045,37.04,0.588198,0.739798,0.265941,-0.18973
344,0,-0.370082,-0.488337,1.88536,-0.0122082,-0.0161897,2.8366,0.798153,0.601493,0.0340264,0.170489,-0.171339,-0.970349,-0.577828,0.780288,-0.239302,100.014,9.81625,35.9029,0.588964,0.743101,0.259716,-0.18295
351,0,-0.379223,-0.492765,1.90394,-0.0122082,-0.0161897,2.8366,0.872648,0.486936,0.0371197,0.147,-0.189434,-0.970828,-0.465699,0.852648,-0.236888,101.041,8.45309,28.0871,0.601317,0.758118,0.209049,-0.14133
358,0,-0.399176,-0.496622,1.91721,-0.0122082,-0.0161897,2.8366,0.946076,0.321994,0.0355039,0.103627,-0.196977,-0.974916,-0.306923,0.926024,-0.219722,101.423,5.94805,17.974,0.61834,0.768566,0.138446,-0.0882877
365,0,-0.41189,-0.49663,1.91903,-0.0122082,-0.0161897,2.8366,0.958764,0.282864,0.0275606,0.0856287,-0.195039,-0.97705,-0.270997,0.939121,-0.211217,101.289,4.91218,15.7831,0.622998,0.768931,0.119807,-0.0791478
373,0,-0.41227,-0.497356,1.92251,-0.0122082,-0.0161897,2.8366,0.969338,0.242668,0.0386701,0.0897278,-0.20304,-0.975051,-0.228762,0.948624,-0.218589,101.763,5.14795,13.2787,0.622035,0.773138,0.107483,-0.0614675
380,0,-0.401417,-0.499435,1.92977,-0.0122082,-0.0161897,2.8366,0.980736,0.192148,0.035171,0.0758956,-0.208914,-0.974984,-0.179993,0.958871,-0.219473,102.094,4.35269,10.3997,0.622966,0.776067,0.0863467,-0.0466526
387,0,-0.399273,-0.499721,1.93478,-0.0122082,-0.0161897,2.8366,0.99059,0.135345,0.0203408,0.0502284,-0.221252,-0.973922,-0.127315,0.965779,-0.225968,102.799,2.87908,7.32377,0.621162,0.780674,0.0594273,-0.0342571
393,0,-0.465078,-0.480039,1.94358,-0.0122082,-0.0161897,2.8366,0.995124,0.0226867,-0.0959829,-0.0887446,-0.218649,-0.97176,-0.0430325,0.97554,-0.215569,102.681,-5.09139,2.47612,0.624681,0.779317,-0.021191,-0.0445952
399,0,-0.475125,-0.469262,1.94843,-0.0122082,-0.0161897,2.8366,0.993866,-0.0519865,-0.0976154,-0.106643,-0.216634,-0.970411,0.0293014,0.974868,-0.220849,102.584,-6.12185,-1.68872,0.623775,0.779639,-0.0508664,-0.0219056
406,0,-0.488164,-0.463574,1.95105,-0.0122082,-0.0161897,2.8366,0.991801,-0.102814,-0.0758997,-0.0961507,-0.209118,-0.973152,0.0841818,0.97247,-0.217289,102.128,-5.51755,-4.85151,0.625578,0.77753,-0.0639734,0.00266295
414,0,-0.500232,-0.461239,1.94697,-0.0122082,-0.0161897,2.8366,0.985544,-0.14483,-0.0879093,-0.115891,-0.197805,-0.973366,0.123584,0.969483,-0.21173,101.487,-6.65505,-7.14739,0.627696,0.773802,-0.0842339,0.0115257
421,0,-0.511521,-0.460339,1.94124,-0.0122082,-0.0161897,2.8366,0.982678,-0.17228,-0.0682906,-0.101008,-0.188955,-0.976777,0.155376,0.966755,-0.203083,100.948,-5.79719,-8.98492,0.630603,0.770506,-0.0886716,0.0282559
428,0,-0.530859,-0.460952,1.94459,-0.0122082,-0.0161897,2.8366,0.974693,-0.142544,-0.172205,-0.20002,-0.212102,-0.956559,0.0998265,0.966796,-0.235246,102.502,-11.5381,-5.84775,0.617929,0.778145,-0.110058,-0.0232535
435,0,-0.54545,-0.460034,1.94906,-0.0122082,-0.0161897,2.8366,0.962088,-0.163462,-0.218327,-0.25195,-0.226126,-0.940951,0.104441,0.960285,-0.258738,103.513,-14.593,-6.19555,0.607706,0.782137,-0.132781,-0.0364025
440,0,-0.549762,-0.458453,1.94837,-0.0122082,-0.0161897,2.8366,0.958152,-0.168925,-0.231105,-0.263854,-0.208041,-0.94186,0.111024,0.963423,-0.243906,102.456,-15.2988,-6.60956,0.613638,0.776225,-0.139386,-0.0386747
448,0,-0.544013,-0.452497,1.93152,-0.0122082,-0.0161897,2.8366,0.972982,-0.103148,-0.206559,-0.220435,-0.148947,-0.963962,0.0686646,0.983451,-0.16766,98.7836,-12.7346,-4.03675,0.643501,0.756569,-0.106924,-0.0455658
455,0,-0.541788,-0.451007,1.92598,-0.0122082,-0.0161897,2.8366,0.975604,-0.0754502,-0.206168,-0.214523,-0.128016,-0.968293,0.0466653,0.988898,-0.141078,97.5312,-12.3875,-2.7385,0.653167,0.749116,-0.0967718,-0.0532302
461,0,-0.539946,-0.449493,1.91952,-0.0122082,-0.0161897,2.8366,0.978065,-0.0459192,-0.203174,-0.207342,-0.121222,-0.970729,0.0199459,0.991563,-0.128084,97.1181,-11.9666,-1.16828,0.657412,0.746219,-0.084848,-0.0613856
468,0,-0.538286,-0.447977,1.91258,-0.0122082,-0.0161897,2.8366,0.980931,-0.00436,-0.194307,-0.193506,-0.115329,-0.974297,-0.0181614,0.993318,-0.113974,96.7508,-11.1574,1.06068,0.661745,0.743343,-0.0665458,-0.0714571
474,0,-0.537105,-0.446788,1.90576,-0.0122082,-0.0161897,2.8366,0.983772,-0.00996774,-0.179146,-0.179157,-0.108903,-0.977774,-0.00976334,0.994002,-0.108922,96.3553,-10.3207,0.568607,0.664445,0.741889,-0.0637308,-0.0636581
482,0,-0.53463,-0.443917,1.89342,-0.0122082,-0.0161897,2.8366,0.986671,0.0399434,-0.157749,-0.15115,-0.134146,-0.979366,-0.0602806,0.990156,-0.126321,97.7994,-8.69358,3.49613,0.656925,0.749523,-0.0370925,-0.0727226
488,0,-0.530917,-0.440223,1.87618,-0.0122082,-0.0161897,2.8366,0.990484,0.0811835,-0.111136,-0.0955034,-0.176022,-0.979742,-0.0991013,0.981033,-0.166594,100.185,-5.4803,5.71362,0.641847,0.763724,-0.00468754,-0.0688198
495,0,-0.529024,-0.438481,1.86675,-0.0122082,-0.0161897,2.8366,0.989862,0.109142,-0.0908906,-0.0687866,-0.191494,-0.97908,-0.124263,0.975407,-0.182045,101.067,-3.94429,7.15526,0.635673,0.768668,0.013125,-0.0699762
501,0,-0.526541,-0.442937,1.86429,-0.0122082,-0.0161897,2.8366,0.90324,0.35245,-0.244819,-0.17751,-0.212541,-0.960893,-0.390701,0.911376,-0.129412,102.473,-10.2248,23.3911,0.624757,0.749199,0.0583755,-0.212066
507,0,-0.520702,-0.43799,1.85491,-0.0122082,-0.0161897,2.8366,0.951266,0.146835,-0.271168,-0.250428,-0.14527,-0.957174,-0.179939,0.978436,-0.101419,98.6299,-14.5029,10.7114,0.652797,0.741275,-0.0349376,-0.152139
514,0,-0.520119,-0.436542,1.85327,-0.0122082,-0.0161897,2.8366,0.94805,0.143258,-0.284038,-0.262813,-0.150383,-0.953055,-0.179247,0.978193,-0.104921,98.9668,-15.237,10.7065,0.650528,0.742185,-0.0402714,-0.156054
520,0,-0.519934,-0.433129,1.84825,-0.0122082,-0.0161897,2.8366,0.924643,0.183703,-0.333599,-0.304731,-0.168498,-0.937415,-0.228417,0.968432,-0.0998208,100.19,-17.742,13.8761,0.643491,0.740433,-0.0408638,-0.189759
527,0,-0.519949,-0.43246,1.84647,-0.0122082,-0.0161897,2.8366,0.903759,0.236496,-0.356777,-0.315073,-0.196649,-0.928471,-0.289739,0.951525,-0.103209,101.958,-18.3652,17.7755,0.633226,0.742229,-0.0264667,-0.217762
533,0,-0.518531,-0.431701,1.84524,-0.0122082,-0.0161897,2.8366,0.88629,0.279807,-0.36905,-0.315691,-0.218051,-0.923468,-0.338865,0.934966,-0.104924,103.285,-18.4025,20.9239,0.625163,0.74318,-0.0120709,-0.238137
541,0,-0.519744,-0.431795,1.84904,-0.0122082,-0.0161897,2.8366,0.880487,0.302638,-0.364902,-0.298574,-0.243875,-0.922702,-0.368235,0.921377,-0.124369,104.805,-17.372,22.6955,0.614866,0.749788,0.0013549,-0.244448
547,0,-0.520124,-0.430586,1.84919,-0.0122082,-0.0161897,2.8366,0.855728,0.375438,-0.356055,-0.278455,-0.245844,-0.928452,-0.436111,0.893648,-0.105833,104.831,-16.168,27.0051,0.613199,0.742867,0.0326384,-0.266591
554,0,-0.520275,-0.431432,1.84939,-0.0122082,-0.0161897,2.8366,0.846358,0.392122,-0.360444,-0.286085,-0.236141,-0.928651,-0.44926,0.889088,-0.0876795,104.267,-16.6237,27.96,0.616956,0.736576,0.0359896,-0.27482
560,0,-0.521218,-0.432738,1.85057,-0.0122082,-0.0161897,2.8366,0.851471,0.362961,-0.378492,-0.31891,-0.214551,-0.923182,-0.416285,0.906767,-0.0669319,103.083,-18.597,26.054,0.626496,0.730232,0.0150812,-0.272097
567,0,-0.520771,-0.432392,1.85175,-0.0122082,-0.0161897,2.8366,0.840668,0.395964,-0.369445,-0.304395,-0.218743,-0.92709,-0.447908,0.891832,-0.0633606,103.276,-17.7217,28.0487,0.624212,0.728487,0.0314247,-0.280497
573,0,-0.518113,-0.433536,1.85771,-0.0122082,-0.0161897,2.8366,0.805059,0.457476,-0.377619,-0.250474,-0.314895,-0.91548,-0.537721,0.831599,-0.138923,108.982,-14.5055,33.74,0.581214,0.751478,0.0688651,-0.304513
581,0,-0.519162,-0.430961,1.8497,-0.0122082,-0.0161897,2.8366,0.790106,0.489522,-0.368918,-0.240865,-0.305498,-0.921225,-0.563663,0.816725,-0.123467,108.347,-13.9376,35.5041,0.58334,0.744827,0.0834613,-0.313019
588,0,-0.520139,-0.430422,1.85366,-0.0122082,-0.0161897,2.8366,0.806771,0.436651,-0.398067,-0.27016,-0.326555,-0.905746,-0.525486,0.838271,-0.145489,109.826,-15.6738,33.078,0.577652,0.754787,0.0551452,-0.305898
595,0,-0.519124,-0.431222,1.84804,-0.0122082,-0.0161897,2.8366,0.805562,0.43573,-0.401508,-0.231843,-0.391806,-0.890357,-0.545269,0.810326,-0.214603,113.752,-13.4056,34.0933,0.547529,0.776526,0.0656405,-0.304812
602,0,-0.518422,-0.426435,1.85529,-0.0122082,-0.0161897,2.8366,0.85153,0.275491,-0.446095,-0.290767,-0.459873,-0.83903,-0.436292,0.844169,-0.311492,118.727,-16.9039,27.1289,0.519655,0.809768,-0.00471601,-0.27242
609,0,-0.521102,-0.430165,1.85406,-0.0122082,-0.0161897,2.8366,0.815165,0.398418,-0.420439,-0.22004,-0.458442,-0.861054,-0.535806,0.794414,-0.286039,118.032,-12.7114,33.3168,0.517369,0.799945,0.0557471,-0.298847
615,0,-0.521744,-0.432575,1.8539,-0.0122082,-0.0161897,2.8366,0.758747,0.496614,-0.421517,-0.198705,-0.439804,-0.875836,-0.620338,0.748296,-0.23502,116.664,-11.4612,39.2688,0.520558,0.779995,0.0954844,-0.33393
622,0,-0.520724,-0.433612,1.85051,-0.0122082,-0.0161897,2.8366,0.778906,0.484959,-0.397644,-0.202165,-0.406048,-0.891209,-0.593662,0.774558,-0.218232,114.495,-11.6636,37.3137,0.537268,0.775111,0.0912107,-0.319731
629,0,-0.520979,-0.433712,1.85068,-0.0122082,-0.0161897,2.8366,0.791998,0.458852,-0.402733,-0.227274,-0.390655,-0.89204,-0.566644,0.798025,-0.205113,113.65,-13.1367,35.5823,0.546862,0.77262,0.0749327,-0.313666
636,0,-0.524951,-0.436544,1.85885,-0.0122082,-0.0161897,2.8366,0.608259,0.654918,-0.448446,-0.285854,-0.346325,-0.893502,-0.740479,0.671671,-0.023444,111.187,-16.6099,50.599,0.556437,0.703212,0.131207,-0.422677
643,0,-0.526383,-0.439619,1.85935,-0.0122082,-0.0161897,2.8366,0.628714,0.626756,-0.460321,-0.300328,-0.350319,-0.887175,-0.717301,0.696027,-0.0320187,111.548,-17.4773,48.7654,0.558206,0.709058,0.115092,-0.415207
651,0,-0.527346,-0.440853,1.85987,-0.0122082,-0.0161897,2.8366,0.58586,0.670833,-0.4547,-0.26955,-0.367827,-0.88997,-0.764272,0.643962,-0.0346722,112.455,-15.6375,52.5277,0.543912,0.705046,0.14229,-0.432231
657,0,-0.527436,-0.440233,1.85954,-0.0122082,-0.0161897,2.8366,0.585731,0.666725,-0.460865,-0.265419,-0.379477,-0.886313,-0.765815,0.641463,-0.0453097,113.178,-15.3919,52.5895,0.538736,0.708964,0.141512,-0.432561
663,0,-0.525327,-0.438803,1.85056,-0.0122082,-0.0161897,2.8366,0.542401,0.696254,-0.47014,-0.293551,-0.367269,-0.882576,-0.787165,0.61672,0.00517881,112.594,-17.0707,55.431,0.54321,0.690017,0.145903,-0.455535
671,0,-0.525083,-0.438963,1.84705,-0.0122082,-0.0161897,2.8366,0.529448,0.70586,-0.470581,-0.312829,-0.35317,-0.881708,-0.788557,0.61403,0.0338284,111.829,-18.2298,56.122,0.550024,0.679851,0.144528,-0.46302
677,0,-0.523785,-0.437378,1.8406,-0.0122082,-0.0161897,2.8366,0.530099,0.707329,-0.467633,-0.337981,-0.329536,-0.881575,-0.777666,0.625373,0.0643768,110.496,-19.7539,55.7196,0.562348,0.669936,0.13783,-0.464708
684,0,-0.522805,-0.435793,1.83493,-0.0122082,-0.0161897,2.8366,0.556493,0.665937,-0.496832,-0.363901,-0.342216,-0.866294,-0.746921,0.662884,0.0518947,111.556,-21.34,53.3121,0.562622,0.679488,0.111127,-0.457607
690,0,-0.522267,-0.436144,1.84268,-0.0122082,-0.0161897,2.8366,0.55406,0.704329,-0.443777,-0.38471,-0.256111,-0.886795,-0.738252,0.662063,0.129061,106.109,-22.6257,53.1117,0.597288,0.648288,0.123255,-0.455827
697,0,-0.52409,-0.437605,1.84259,-0.0122082,-0.0161897,2.8366,0.599142,0.641549,-0.479002,-0.436368,-0.239945,-0.867185,-0.671276,0.728588,0.136191,105.466,-25.8724,48.2497,0.61143,0.652475,0.0786163,-0.440736
705,0,-0.525766,-0.437517,1.84379,-0.0122082,-0.0161897,2.8366,0.614747,0.602676,-0.50879,-0.474943,-0.232153,-0.848843,-0.629694,0.76347,0.143522,105.296,-28.3556,45.6881,0.61768,0.652568,0.0489347,-0.436156
711,0,-0.524954,-0.436549,1.84234,-0.0122082,-0.0161897,2.8366,0.633246,0.580093,-0.512339,-0.498554,-0.200595,-0.84333,-0.591983,0.789464,0.162182,103.38,-29.9044,43.0711,0.631433,0.646463,0.0315328,-0.427063
718,0,-0.522845,-0.433147,1.8402,-0.0122082,-0.0161897,2.8366,0.637945,0.553468,-0.535444,-0.564257,-0.137222,-0.814116,-0.524062,0.821489,0.224758,99.5675,-34.3507,39.4026,0.656788,0.622577,-0.00433243,-0.425451
725,0,-0.523962,-0.434232,1.83644,-0.0122082,-0.0161897,2.8366,0.648579,0.539049,-0.537374,-0.573372,-0.118312,-0.810708,-0.500589,0.833923,0.232341,98.3029,-34.9857,37.6618,0.663816,0.619385,-0.0138535,-0.418949
732,0,-0.524337,-0.434644,1.83653,-0.0122082,-0.0161897,2.8366,0.655038,0.522823,-0.54551,-0.593393,-0.0910003,-0.799752,-0.46777,0.84757,0.250631,96.4915,-36.3982,35.5311,0.673548,0.611434,-0.0288545,-0.414305
738,0,-0.525862,-0.436084,1.84104,-0.0122082,-0.0161897,2.8366,0.663343,0.493816,-0.562248,-0.610347,-0.0776809,-0.788316,-0.432959,0.86609,0.24987,95.6278,-37.6146,33.1322,0.677409,0.610564,-0.0477144,-0.407495
746,0,-0.524874,-0.434912,1.83756,-0.0122082,-0.0161897,2.8366,0.6932,0.453423,-0.56025,-0.596928,-0.0744478,-0.798833,-0.403919,0.888181,0.219054,95.3243,-36.6502,30.2288,0.677829,0.622213,-0.0576589,-0.387396
752,0,-0.524913,-0.434069,1.83768,-0.0122082,-0.0161897,2.8366,0.69483,0.441205,-0.567934,-0.603053,-0.0728232,-0.79437,-0.391839,0.894447,0.21547,95.2379,-37.0889,29.4202,0.677768,0.622933,-0.0649538,-0.385183
759,0,-0.524588,-0.435837,1.83974,-0.0122082,-0.0161897,2.8366,0.725301,0.288557,-0.625039,-0.64996,-0.0122418,-0.75987,-0.226917,0.957384,0.178671,90.923,-40.5386,17.3728,0.687701,0.624274,-0.144729,-0.341179
766,0,-0.52578,-0.433912,1.84015,-0.0122082,-0.0161897,2.8366,0.751711,0.26019,-0.605996,-0.629341,0.00835107,-0.777084,-0.197129,0.965521,0.170026,89.3843,-39.0015,14.6944,0.694638,0.627163,-0.147151,-0.320142
773,0,-0.525445,-0.433176,1.83822,-0.0122082,-0.0161897,2.8366,0.779772,0.207286,-0.590752,-0.60985,0.0381326,-0.791599,-0.14156,0.977537,0.156148,87.2421,-37.5786,10.2895,0.702505,0.629581,-0.159854,-0.290793
779,0,-0.522677,-0.430257,1.83516,-0.0122082,-0.0161897,2.8366,0.795482,0.257167,-0.548702,-0.590988,0.12909,-0.796284,-0.133946,0.957706,0.254671,80.7916,-36.2272,9.55798,0.738113,0.594079,-0.140479,-0.287271
786,0,-0.523686,-0.430913,1.83205,-0.0122082,-0.0161897,2.8366,0.769612,0.246962,-0.588819,-0.624424,0.0984539,-0.774856,-0.133388,0.964011,0.22998,82.7587,-38.6399,9.83277,0.724232,0.600245,-0.157212,-0.300797
793,0,-0.521496,-0.428775,1.82932,-0.0122082,-0.0161897,2.8366,0.756921,0.297452,-0.581887,-0.636563,0.134152,-0.759468,-0.147844,0.945265,0.290889,79.9826,-39.536,11.052,0.738573,0.577036,-0.146919,-0.316155
800,0,-0.519839,-0.427624,1.82641,-0.0122082,-0.0161897,2.8366,0.758475,0.31673,-0.569559,-0.631344,0.140373,-0.762693,-0.161617,0.938071,0.306435,79.5715,-39.1493,12.0288,0.74251,0.57264,-0.137352,-0.319213
806,1,-0.519713,-0.428814,1.82862,-0.0122082,-0.0161897,2.8366,0.779748,0.316415,-0.540254,-0.60459,0.156335,-0.781044,-0.162674,0.93565,0.313203,78.6812,-37.1994,11.7842,0.749881,0.572322,-0.12588,-0.30705
814,0,-0.519924,-0.42988,1.83008,-0.0122082,-0.0161897,2.8366,0.782399,0.346025,-0.517802,-0.598803,0.189502,-0.778154,-0.171136,0.918888,0.355466,76.3133,-36.7842,12.3382,0.762785,0.556199,-0.113618,-0.309664
820,0,-0.519229,-0.429344,1.82762,-0.0122082,-0.0161897,2.8366,0.77726,0.349922,-0.522898,-0.60694,0.197988,-0.769691,-0.165804,0.915618,0.36627,75.5745,-37.3686,12.0418,0.765101,0.550682,-0.116682,-0.312659
827,0,-0.519096,-0.42891,1.82533,-0.0122082,-0.0161897,2.8366,0.776126,0.335419,-0.533969,-0.611199,0.191834,-0.767877,-0.155127,0.922331,0.353895,75.9733,-37.6762,11.303,0.761882,0.554616,-0.124311,-0.310618
833,0,-0.520385,-0.431249,1.83167,-0.0122082,-0.0161897,2.8366,0.778862,0.355899,-0.51644,-0.605414,0.211499,-0.767295,-0.163853,0.910277,0.380195,74.5896,-37.2587,11.8804,0.76983,0.544786,-0.114502,-0.312184
840,0,-0.518867,-0.430482,1.8295,-0.0122082,-0.0161897,2.8366,0.752419,0.287482,-0.592638,-0.652475,0.202043,-0.73038,-0.0902332,0.936233,0.339596,74.5371,-40.7285,6.83849,0.757307,0.550177,-0.165852,-0.310296
847,0,-0.518874,-0.432617,1.83148,-0.0122082,-0.0161897,2.8366,0.811927,0.30495,-0.497775,-0.569872,0.229164,-0.789132,-0.126574,0.924386,0.359847,73.8067,-34.7413,8.86069,0.774748,0.552928,-0.119781,-0.282292
854,0,-0.519459,-0.433399,1.83467,-0.0122082,-0.0161897,2.8366,0.831977,0.315822,-0.456147,-0.530622,0.212836,-0.820452,-0.162032,0.924639,0.344657,75.4573,-32.0475,11.0207,0.772896,0.564465,-0.0951343,-0.27379
861,0,-0.519386,-0.433229,1.83591,-0.0122082,-0.0161897,2.8366,0.836902,0.323114,-0.441805,-0.518046,0.207014,-0.829924,-0.1767,0.92344,0.340639,75.9941,-31.2013,11.9221,0.7721,0.567725,-0.0858388,-0.272361
868,0,-0.520309,-0.433511,1.83871,-0.0122082,-0.0161897,2.8366,0.835025,0.319299,-0.448086,-0.520796,0.195956,-0.830887,-0.177496,0.927173,0.329918,76.7299,-31.3857,12.0004,0.768261,0.572091,-0.0880528,-0.273376
874,0,-0.521834,-0.434246,1.8336,-0.0122082,-0.0161897,2.8366,0.794677,0.379988,-0.473388,-0.541696,0.091959,-0.835529,-0.273959,0.920409,0.278916,83.7193,-32.7991,19.0213,0.735791,0.596616,-0.0677602,-0.313161
881,0,-0.518333,-0.432764,1.82814,-0.0122082,-0.0161897,2.8366,0.831165,0.321101,-0.453938,-0.521383,0.16642,-0.836937,-0.193197,0.932308,0.305739,78.7538,-31.4251,13.0855,0.758835,0.582882,-0.0859017,-0.277558
887,0,-0.520336,-0.432884,1.82707,-0.0122082,-0.0161897,2.8366,0.82087,0.306011,-0.482213,-0.531261,0.0992637,-0.841373,-0.209603,0.946839,0.244054,83.2714,-32.0907,14.324,0.735559,0.607773,-0.0926541,-0.28457
894,0,-0.520952,-0.433145,1.83411,-0.0122082,-0.0161897,2.8366,0.810601,0.305937,-0.499328,-0.536528,0.0463176,-0.842611,-0.234658,0.950924,0.201689,86.8537,-32.4476,16.145,0.717392,0.625019,-0.0922335,-0.293586
901,0,-0.520615,-0.433493,1.8368,-0.0122082,-0.0161897,2.8366,0.841959,0.266607,-0.469069,-0.521045,0.176096,-0.835166,-0.14006,0.947582,0.28718,78.0935,-31.4024,9.44467,0.75915,0.587087,-0.108348,-0.259386
907,0,-0.520107,-0.431294,1.83631,-0.0122082,-0.0161897,2.8366,0.837726,0.252719,-0.484096,-0.536022,0.211083,-0.817389,-0.104385,0.944233,0.312293,75.5202,-32.4132,7.10278,0.768294,0.573225,-0.123556,-0.256654
914,0,-0.519831,-0.430162,1.83188,-0.0122082,-0.0161897,2.8366,0.827196,0.237027,-0.509475,-0.558866,0.252737,-0.789806,-0.0584417,0.938052,0.341529,72.2554,-33.9774,4.04125,0.778052,0.555187,-0.144924,-0.255732
920,0,-0.520303,-0.431596,1.83454,-0.0122082,-0.0161897,2.8366,0.840573,0.220536,-0.494774,-0.540353,0.27703,-0.794527,-0.0381551,0.93521,0.352031,70.7777,-32.7077,2.59897,0.785753,0.550344,-0.14528,-0.242089
927,0,-0.520045,-0.431052,1.83369,-0.0122082,-0.0161897,2.8366,0.831838,0.24496,-0.498036,-0.553943,0.310595,-0.772449,-0.0345316,0.918436,0.394059,68.0954,-33.638,2.37712,0.796318,0.530845,-0.145515,-0.250812
933,0,-0.520552,-0.430723,1.83292,-0.0122082,-0.0161897,2.8366,0.811079,0.255083,-0.526387,-0.584701,0.328042,-0.741965,-0.0165857,0.909572,0.415216,66.1485,-35.7819,1.17147,0.799115,0.516677,-0.159489,-0.262723
940,0,-0.519058,-0.430824,1.83108,-0.0122082,-0.0161897,2.8366,0.815103,0.306014,-0.491897,-0.572848,0.29923,-0.76309,-0.0863259,0.903779,0.419203,68.5884,-34.9491,6.04555,0.795854,0.52361,-0.127401,-0.276075
946,0,-0.522139,-0.43301,1.83207,-0.0122082,-0.0161897,2.8366,0.79864,0.292165,-0.526131,-0.600848,0.337714,-0.724521,-0.0339978,0.894757,0.445258,65.0089,-36.9307,2.43759,0.80337,0.503902,-0.153147,-0.277896
953,0,-0.523951,-0.433622,1.83549,-0.0122082,-0.0161897,2.8366,0.799169,0.245766,-0.54857,-0.60015,0.377693,-0.705101,0.0339015,0.892719,0.449337,61.8239,-36.8806,-2.42908,0.810278,0.492985,-0.179713,-0.260996
959,0,-0.52105,-0.429816,1.83177,-0.0122082,-0.0161897,2.8366,0.797365,0.219068,-0.562333,-0.603342,0.310476,-0.734563,0.0136718,0.924994,0.379736,67.0878,-37.1096,-0.982308,0.788603,0.526107,-0.182603,-0.260717
967,0,-0.523863,-0.431657,1.8318,-0.0122082,-0.0161897,2.8366,0.77726,0.209454,-0.593293,-0.629107,0.273126,-0.727755,0.00961201,0.938899,0.344059,69.429,-38.9842,-0.708514,0.773699,0.538534,-0.194812,-0.270958
974,0,-0.523876,-0.432283,1.8323,-0.0122082,-0.0161897,2.8366,0.779873,0.213341,-0.588459,-0.62415,0.19403,-0.756829,-0.047284,0.957516,0.284476,75.6206,-38.6198,3.46962,0.751395,0.570387,-0.180057,-0.278645
980,0,-0.523613,-0.428578,1.83514,-0.0122082,-0.0161897,2.8366,0.773309,0.209693,-0.598349,-0.632839,0.313074,-0.708166,0.0388307,0.92629,0.374805,66.1502,-39.2599,-2.87462,0.784409,0.52092,-0.203077,-0.268524
987,0,-0.523311,-0.428163,1.83679,-0.0122082,-0.0161897,2.8366,0.784944,0.185003,-0.591302,-0.616684,0.325255,-0.716875,0.0597002,0.927353,0.369395,65.5956,-38.0744,-4.34935,0.787336,0.522085,-0.20671,-0.254557
993,0,-0.522341,-0.427619,1.83279,-0.0122082,-0.0161897,2.8366,0.789256,0.163119,-0.592003,-0.611248,0.300929,-0.731996,0.0587486,0.939593,0.337216,67.6521,-37.6798,-4.25699,0.779006,0.536449,-0.208841,-0.248511
1000,0,-0.521705,-0.427784,1.83105,-0.0122082,-0.0161897,2.8366,0.791908,0.149892,-0.591958,-0.607217,0.295811,-0.737417,0.0645746,0.943413,0.325272,68.1421,-37.3885,-4.66176,0.77669,0.541023,-0.211324,-0.243697
1006,0,-0.522272,-0.428511,1.83414,-0.0122082,-0.0161897,2.8366,0.79961,0.119389,-0.588533,-0.59429,0.29812,-0.746956,0.0862752,0.947033,0.309331,68.2424,-36.4621,-6.1582,0.775735,0.54593,-0.217474,-0.230001
1013,0,-0.522685,-0.429641,1.83245,-0.0122082,-0.0161897,2.8366,0.804517,0.113034,-0.583074,-0.587452,0.296032,-0.75317,0.0874744,0.948466,0.304565,68.5428,-35.9764,-6.20534,0.775422,0.548616,-0.216188,-0.225841
1019,0,-0.521911,-0.429151,1.83103,-0.0122082,-0.0161897,2.8366,0.808803,0.079846,-0.582633,-0.575361,0.312369,-0.7559,0.121641,0.946599,0.298585,67.5476,-35.1249,-8.55295,0.777778,0.547232,-0.226374,-0.210602
1027,0,-0.521652,-0.429862,1.83374,-0.0122082,-0.0161897,2.8366,0.823839,0.101683,-0.55763,-0.555801,0.337991,-0.759505,0.111246,0.93564,0.334966,66.0102,-33.7659,-7.69032,0.790063,0.536396,-0.211653,-0.208048
1033,0,-0.521338,-0.431344,1.83821,-0.0122082,-0.0161897,2.8366,0.845636,0.124617,-0.519009,-0.525523,0.364553,-0.768718,0.093411,0.922806,0.373768,64.628,-31.7035,-6.30348,0.803735,0.526145,-0.190492,-0.202225
1040,0,-0.523867,-0.431323,1.83355,-0.0122082,-0.0161897,2.8366,0.810072,0.0511741,-0.584093,-0.560305,0.361063,-0.745447,0.172747,0.931136,0.32116,64.1564,-34.0769,-12.0379,0.78935,0.531001,-0.239703,-0.193665
1047,0,-0.522541,-0.429621,1.83474,-0.0122082,-0.0161897,2.8366,0.807142,-0.0263372,-0.58977,-0.541247,0.365909,-0.757075,0.235742,0.930278,0.281086,64.2046,-32.7686,-16.2815,0.783284,0.538551,-0.263478,-0.164343
1054,0,-0.522062,-0.427615,1.83254,-0.0122082,-0.0161897,2.8366,0.792792,-0.0794918,-0.604287,-0.526579,0.409922,-0.744767,0.306913,0.90865,0.283124,61.1715,-31.7746,-21.1629,0.788327,0.524344,-0.288966,-0.141784
1060,0,-0.524484,-0.429338,1.8309,-0.0122082,-0.0161897,2.8366,0.762345,-0.173927,-0.623361,-0.496785,0.460049,-0.735908,0.41477,0.870692,0.264312,57.9887,-29.7875,-28.5493,0.788465,0.509408,-0.329162,-0.102369
1068,0,-0.523481,-0.429169,1.82667,-0.0122082,-0.0161897,2.8366,0.767995,-0.172343,-0.616832,-0.481049,0.480608,-0.733217,0.42282,0.859833,0.286199,56.756,-28.7539,-28.835,0.796053,0.500297,-0.326502,-0.0969487
1074,0,-0.523875,-0.429931,1.82844,-0.0122082,-0.0161897,2.8366,0.766058,-0.189857,-0.614092,-0.489992,0.445843,-0.749087,0.416008,0.874745,0.248514,59.2396,-29.34,-28.5042,0.784286,0.517615,-0.328356,-0.0956715
1081,0,-0.524131,-0.430246,1.8298,-0.0122082,-0.0161897,2.8366,0.760767,-0.199321,-0.617661,-0.501536,0.423491,-0.754398,0.411941,0.8837,0.222211,60.6918,-30.1017,-28.4347,0.77564,0.527983,-0.331856,-0.0974082
1087,0,-0.524822,-0.430188,1.83138,-0.0122082,-0.0161897,2.8366,0.757643,-0.193122,-0.623442,-0.510439,0.419944,-0.7504,0.40673,0.886764,0.21959,60.7675,-30.6931,-28.2285,0.774141,0.528703,-0.332682,-0.102474
1094,0,-0.523289,-0.428209,1.82976,-0.0122082,-0.0161897,2.8366,0.74274,-0.197463,-0.639802,-0.512426,0.447425,-0.73296,0.430996,0.872249,0.231135,58.5986,-30.8256,-30.1257,0.778026,0.515795,-0.344075,-0.101206
1100,0,-0.524228,-0.428171,1.8288,-0.0122082,-0.0161897,2.8366,0.728036,-0.223269,-0.648162,-0.497758,0.477956,-0.723737,0.471381,0.849535,0.236835,56.5592,-29.8518,-32.9218,0.781477,0.5033,-0.35815,-0.087811
1108,0,-0.52331,-0.428729,1.83505,-0.0122082,-0.0161897,2.8366,0.745622,-0.251762,-0.61698,-0.468002,0.461258,-0.753801,0.474365,0.850798,0.226099,58.5371,-27.9047,-32.4645,0.7799,0.51436,-0.349834,-0.0693167
1115,0,-0.523186,-0.429792,1.83135,-0.0122082,-0.0161897,2.8366,0.683277,-0.248892,-0.68643,-0.51011,0.509916,-0.692657,0.522418,0.823431,0.221451,53.6405,-30.6712,-37.4007,0.776956,0.487829,-0.388969,-0.0840519
1122,0,-0.524995,-0.429778,1.83096,-0.0122082,-0.0161897,2.8366,0.712572,-0.240127,-0.659227,-0.502455,0.481129,-0.718369,0.489673,0.843121,0.222186,56.1877,-30.1626,-34.4965,0.777156,0.502309,-0.369585,-0.0843872
1130,0,-0.524768,-0.429562,1.83049,-0.0122082,-0.0161897,2.8366,0.726105,-0.23881,-0.64478,-0.491748,0.475064,-0.729724,0.480577,0.846926,0.227512,56.9351,-29.4556,-33.4988,0.779211,0.505848,-0.361056,-0.081152
1136,0,-0.521359,-0.428228,1.82782,-0.0122082,-0.0161897,2.8366,0.763062,-0.230734,-0.603736,-0.472856,0.437508,-0.764848,0.440616,0.869108,0.224742,60.2296,-28.2199,-30.0035,0.778671,0.524598,-0.3353,-0.0777359
1143,0,-0.520688,-0.427747,1.8276,-0.0122082,-0.0161897,2.8366,0.76681,-0.246828,-0.592518,-0.439727,0.470457,-0.765056,0.467591,0.847199,0.252214,58.4113,-26.0865,-31.3743,0.788905,0.510916,-0.335943,-0.0611289
1149,0,-0.523669,-0.429035,1.82961,-0.0122082,-0.0161897,2.8366,0.762945,-0.277827,-0.583718,-0.414616,0.482479,-0.771562,0.495992,0.830679,0.252914,57.9812,-24.4951,-33.0279,0.790307,0.506842,-0.341548,-0.0432709
1156,0,-0.524791,-0.430191,1.83804,-0.0122082,-0.0161897,2.8366,0.75788,-0.270112,-0.593849,-0.420746,0.493294,-0.761337,0.498588,0.826862,0.260209,57.0596,-24.8817,-33.3398,0.792367,0.501093,-0.344675,-0.0475264
1164,0,-0.524348,-0.429835,1.84053,-0.0122082,-0.0161897,2.8366,0.753387,-0.274953,-0.597335,-0.418733,0.499813,-0.758188,0.507022,0.821333,0.26142,56.6064,-24.7546,-33.9402,0.792878,0.498035,-0.348212,-0.0453351
1170,0,-0.522981,-0.428478,1.83659,-0.0122082,-0.0161897,2.8366,0.775763,-0.25456,-0.5774,-0.415081,0.483341,-0.770772,0.475289,0.837604,0.269295,57.9087,-24.5244,-31.4947,0.795047,0.505749,-0.331015,-0.0504753
1177,0,-0.522595,-0.428658,1.83565,-0.0122082,-0.0161897,2.8366,0.778474,-0.245523,-0.577665,-0.41526,0.488668,-0.767309,0.470678,0.837211,0.278459,57.5086,-24.5357,-31.1578,0.797747,0.502829,-0.328532,-0.0531926
1183,0,-0.521151,-0.427119,1.83111,-0.0122082,-0.0161897,2.8366,0.783278,-0.231032,-0.577148,-0.411744,0.50277,-0.760058,0.465771,0.832974,0.298683,56.5158,-24.3144,-30.7375,0.803855,0.495435,-0.324349,-0.0562017
1191,0,-0.521347,-0.427431,1.83005,-0.0122082,-0.0161897,2.8366,0.783898,-0.226433,-0.578128,-0.402381,0.523857,-0.750775,0.472856,0.821159,0.319538,55.0944,-23.7271,-31.0988,0.810446,0.484898,-0.324199,-0.054275
1197,0,-0.520611,-0.426393,1.82902,-0.0122082,-0.0161897,2.8366,0.778776,-0.212595,-0.590179,-0.412017,0.536082,-0.736789,0.473022,0.816957,0.329896,53.9606,-24.3316,-31.2741,0.813135,0.477702,-0.326883,-0.0613127
1204,0,-0.520971,-0.427022,1.82893,-0.0122082,-0.0161897,2.8366,0.77015,-0.221222,-0.598272,-0.431185,0.510621,-0.743872,0.470051,0.830859,0.297867,55.5329,-25.5428,-31.3972,0.802907,0.490322,-0.332642,-0.0653761
1210,0,-0.52129,-0.42672,1.82687,-0.0122082,-0.0161897,2.8366,0.77187,-0.204818,-0.601886,-0.447454,0.497534,-0.743132,0.451665,0.842918,0.292385,56.1973,-26.5805,-30.3343,0.800279,0.495467,-0.32912,-0.0757975
1217,0,-0.520102,-0.425617,1.82504,-0.0122082,-0.0161897,2.8366,0.778867,-0.171094,-0.603402,-0.46023,0.497692,-0.735181,0.426093,0.850312,0.308893,55.9034,-27.4019,-28.6817,0.803967,0.493022,-0.32013,-0.089909
1223,0,-0.523514,-0.427839,1.82609,-0.0122082,-0.0161897,2.8366,0.761736,-0.14263,-0.631993,-0.500214,0.490478,-0.713595,0.411759,0.859702,0.302269,55.4979,-30.0141,-28.3936,0.799138,0.492186,-0.326525,-0.111866
1231,0,-0.52461,-0.429974,1.8304,-0.0122082,-0.0161897,2.8366,0.760736,-0.128189,-0.636276,-0.509035,0.490376,-0.7074,0.402696,0.862032,0.307794,55.27,-30.5996,-27.8945,0.799829,0.490553,-0.324748,-0.11904
1238,0,-0.521562,-0.426748,1.82751,-0.0122082,-0.0161897,2.8366,0.777423,-0.0617108,-0.625944,-0.536493,0.454398,-0.711124,0.328312,0.888659,0.320152,57.422,-32.4453,-22.8947,0.798745,0.500718,-0.298673,-0.148603
1245,0,-0.521957,-0.426789,1.82217,-0.0122082,-0.0161897,2.8366,0.757048,-0.138457,-0.638521,-0.542999,0.410179,-0.732738,0.36336,0.901434,0.235343,60.7604,-32.888,-25.6396,0.775011,0.527145,-0.323183,-0.130496
1253,0,-0.521886,-0.427095,1.82051,-0.0122082,-0.0161897,2.8366,0.752582,-0.156493,-0.639633,-0.547616,0.390708,-0.739908,0.3657,0.907115,0.208342,62.1637,-33.2036,-25.9164,0.766752,0.537013,-0.327789,-0.127526
1259,0,-0.520776,-0.429295,1.82273,-0.0122082,-0.0161897,2.8366,0.718681,-0.16809,-0.674718,-0.584795,0.378847,-0.717279,0.376182,0.910066,0.173972,62.1582,-35.7885,-27.6291,0.753575,0.539875,-0.348638,-0.138243
1266,0,-0.519915,-0.4262,1.8227,-0.0122082,-0.0161897,2.8366,0.744832,-0.225595,-0.627959,-0.491345,0.451301,-0.744921,0.451449,0.863385,0.225299,58.791,-29.429,-31.2204,0.778048,0.516777,-0.346832,-0.08539
1273,0,-0.522114,-0.427107,1.82275,-0.0122082,-0.0161897,2.8366,0.734605,-0.255452,-0.62857,-0.470393,0.475884,-0.743145,0.488964,0.841593,0.229424,57.3659,-28.0598,-33.6483,0.781011,0.507271,-0.35772,-0.0688023
1280,0,-0.523324,-0.429064,1.82629,-0.0122082,-0.0161897,2.8366,0.733605,-0.269382,-0.623905,-0.459674,0.479488,-0.747524,0.500524,0.83518,0.227927,57.3225,-27.3661,-34.305,0.781188,0.506505,-0.359846,-0.0608983
1287,0,-0.524019,-0.42935,1.82756,-0.0122082,-0.0161897,2.8366,0.70155,-0.29938,-0.646683,-0.438851,0.533478,-0.723057,0.56146,0.791058,0.242878,53.5798,-26.0306,-38.6707,0.787068,0.480935,-0.383748,-0.0443005
1294,0,-0.524494,-0.429061,1.82951,-0.0122082,-0.0161897,2.8366,0.686754,-0.324575,-0.6504,-0.43124,0.538368,-0.724011,0.58515,0.777696,0.229756,53.3659,-25.5463,-40.4327,0.783403,0.479226,-0.394289,-0.034039
1300,0,-0.52215,-0.426776,1.82812,-0.0122082,-0.0161897,2.8366,0.720093,-0.284334,-0.632946,-0.406752,0.566047,-0.717037,0.562155,0.773786,0.291953,51.7115,-24.001,-37.9781,0.802822,0.464245,-0.372156,-0.0381214
1307,0,-0.522756,-0.428067,1.83432,-0.0122082,-0.0161897,2.8366,0.701681,-0.360369,-0.614637,-0.370084,0.552814,-0.746616,0.608837,0.751353,0.254532,53.4828,-21.7208,-40.9477,0.791995,0.472846,-0.3862,-0.00306646
1314,0,-0.522507,-0.428506,1.83398,-0.0122082,-0.0161897,2.8366,0.718198,-0.351123,-0.600753,-0.360136,0.55116,-0.752679,0.595394,0.756925,0.26939,53.786,-21.1085,-39.6591,0.796672,0.473722,-0.375357,-0.00282814
1320,0,-0.522167,-0.430003,1.83371,-0.0122082,-0.0161897,2.8366,0.740525,-0.33795,-0.580871,-0.356641,0.534968,-0.765909,0.569587,0.774338,0.27563,55.0667,-20.8941,-37.5663,0.798612,0.482164,-0.360143,-0.00585103
1328,0,-0.521523,-0.429611,1.83286,-0.0122082,-0.0161897,2.8366,0.750492,-0.351781,-0.559475,-0.346884,0.510891,-0.786551,0.562524,0.784373,0.261392,56.9949,-20.2968,-36.8531,0.794162,0.494522,-0.353202,0.0015418
1334,0,-0.523619,-0.430301,1.82921,-0.0122082,-0.0161897,2.8366,0.724776,-0.363383,-0.585364,-0.360738,0.5237,-0.771755,0.586999,0.770513,0.248479,55.8399,-21.1455,-39.0041,0.790088,0.488005,-0.37096,0.000837149
1341,0,-0.521407,-0.430586,1.83106,-0.0122082,-0.0161897,2.8366,0.720548,-0.413773,-0.556419,-0.310033,0.52552,-0.79228,0.620234,0.743385,0.250379,56.4436,-18.0612,-40.7212,0.790008,0.485965,-0.372355,0.0328286
1348,0,-0.520877,-0.431551,1.83405,-0.0122082,-0.0161897,2.8366,0.705321,-0.484005,-0.517939,-0.218698,0.546428,-0.808447,0.674309,0.683487,0.279556,55.9453,-12.6326,-43.7123,0.795504,0.468865,-0.374684,0.0833769
1354,0,-0.523153,-0.433171,1.83347,-0.0122082,-0.0161897,2.8366,0.700451,-0.487952,-0.520837,-0.248554,0.517305,-0.818912,0.669022,0.703063,0.241064,57.7195,-14.392,-43.6853,0.784031,0.485304,-0.379404,0.0763357
1362,0,-0.523694,-0.433726,1.83392,-0.0122082,-0.0161897,2.8366,0.699797,-0.479465,-0.529526,-0.262329,0.516994,-0.814801,0.66443,0.709105,0.236014,57.6047,-15.2083,-43.515,0.783072,0.486515,-0.381177,0.0693219
1368,0,-0.524042,-0.435138,1.837,-0.0122082,-0.0161897,2.8366,0.706969,-0.469529,-0.528902,-0.244215,0.539768,-0.805611,0.663742,0.698708,0.266933,56.1775,-14.1355,-43.1937,0.792728,0.474412,-0.37612,0.0710566
1374,0,-0.522009,-0.433384,1.83867,-0.0122082,-0.0161897,2.8366,0.74243,-0.431796,-0.512201,-0.206656,0.579665,-0.788215,0.637252,0.691044,0.341127,53.6687,-11.9264,-40.6406,0.815969,0.453221,-0.352174,0.0689793
1382,0,-0.522006,-0.432243,1.84021,-0.0122082,-0.0161897,2.8366,0.738629,-0.441281,-0.509605,-0.18812,0.591002,-0.784428,0.647331,0.675269,0.353517,53.005,-10.8431,-41.2312,0.819016,0.445564,-0.353148,0.077276
1388,0,-0.524335,-0.433222,1.83774,-0.0122082,-0.0161897,2.8366,0.718932,-0.422644,-0.551824,-0.236851,0.597427,-0.766148,0.653482,0.681508,0.329406,52.0536,-13.7007,-42.2697,0.81329,0.445,-0.370503,0.0571115
1395,0,-0.525524,-0.432991,1.83682,-0.0122082,-0.0161897,2.8366,0.68383,-0.414231,-0.600658,-0.284722,0.606465,-0.742383,0.671796,0.678684,0.296778,50.754,-16.5422,-44.4914,0.804219,0.441754,-0.395556,0.0402592
1401,0,-0.525567,-0.431177,1.8344,-0.0122082,-0.0161897,2.8366,0.663635,-0.396656,-0.634233,-0.312718,0.623099,-0.716907,0.679556,0.674101,0.289469,49.0045,-18.2231,-45.6791,0.802528,0.433321,-0.409266,0.0261483
1408,0,-0.522313,-0.429446,1.83312,-0.0122082,-0.0161897,2.8366,0.653306,-0.480146,-0.585364,-0.241497,0.600622,-0.762189,0.717544,0.639307,0.276436,51.7611,-13.9749,-47.6829,0.795356,0.440525,-0.409536,0.0750131
1415,0,-0.523106,-0.430354,1.82929,-0.0122082,-0.0161897,2.8366,0.638393,-0.51276,-0.574049,-0.194609,0.614042,-0.764905,0.744703,0.600025,0.292213,51.2436,-11.2219,-49.3953,0.797598,0.427825,-0.413351,0.0997217
