140,0,-0.336412,-0.388466,1.45937,-nan,-nan,-nan,0.825244,0.564089,0.0278639,0.197565,-0.242108,-0.949922,-0.529095,0.789422,-0.311242,104.299,11.3946,32.6655,0.563891,0.771134,0.246926,-0.162498
150,0,-0.335534,-0.38803,1.46259,-nan,-nan,-nan,0.830592,0.556523,0.0199813,0.173299,-0.224211,-0.959008,-0.52923,0.800007,-0.282673,103.159,9.97971,32.5042,0.575262,0.76444,0.238679,-0.166543
160,0,-0.321714,-0.387774,1.46751,-nan,-nan,-nan,0.809619,0.586921,-0.00629891,0.12319,-0.180406,-0.975847,-0.573882,0.789289,-0.218363,100.474,7.07625,35.3301,0.593896,0.743032,0.238924,-0.195207
169,0,-0.309934,-0.38888,1.47102,-nan,-nan,-nan,0.832369,0.554087,0.0122279,0.125103,-0.166348,-0.978099,-0.539918,0.815669,-0.207781,99.6521,7.18668,32.9695,0.603788,0.742714,0.228617,-0.177622
179,0,-0.31347,-0.390414,1.4756,-nan,-nan,-nan,0.848573,0.528029,0.0333209,0.146403,-0.173825,-0.973833,-0.50842,0.831246,-0.224808,100.12,8.41853,30.9278,0.602067,0.749534,0.22495,-0.158465
188,0,-0.314507,-0.391396,1.47914,-nan,-nan,-nan,0.865916,0.499528,0.0257262,0.139003,-0.190913,-0.971715,-0.480487,0.845,-0.234751,101.115,7.99017,29.0254,0.600052,0.756898,0.210904,-0.150205
197,0,-0.3147,-0.391881,1.48457,-nan,-nan,-nan,0.871817,0.489439,0.0195957,0.136288,-0.203951,-0.969448,-0.470489,0.847852,-0.244513,101.881,7.83313,28.3542,0.596522,0.761623,0.205393,-0.148004
207,0,-0.313568,-0.379894,1.49409,-nan,-nan,-nan,0.881342,0.472463,-0.00380815,0.12598,-0.242758,-0.961872,-0.455374,0.847259,-0.273473,104.165,7.23733,27.3246,0.58419,0.774205,0.193244,-0.148275
216,0,-0.314783,-0.373708,1.50078,-nan,-nan,-nan,0.884458,0.466584,-0.00579409,0.126273,-0.251281,-0.959642,-0.449209,0.848032,-0.281164,104.673,7.25428,26.9257,0.581381,0.77732,0.190673,-0.146337
225,0,-0.315769,-0.369057,1.50584,-nan,-nan,-nan,0.883898,0.467598,0.00876617,0.130784,-0.229138,-0.964568,-0.449022,0.853726,-0.263689,103.363,7.51492,26.9307,0.589718,0.770831,0.194071,-0.142786
235,0,-0.316763,-0.36937,1.51146,-nan,-nan,-nan,0.888138,0.459294,0.0161201,0.129953,-0.217337,-0.967407,-0.440821,0.861286,-0.252712,102.662,7.46688,26.3972,0.595418,0.767819,0.191857,-0.138282
244,0,-0.318143,-0.370578,1.51565,-nan,-nan,-nan,0.892451,0.450453,0.0249773,0.132647,-0.209081,-0.96886,-0.431204,0.867973,-0.246346,102.178,7.62259,25.7884,0.599379,0.766139,0.190272,-0.132556
252,0,-0.318763,-0.371622,1.51856,-nan,-nan,-nan,0.89896,0.437075,0.0289024,0.132149,-0.207708,-0.969223,-0.41762,0.875113,-0.24448,102.096,7.59381,24.9177,0.601409,0.766673,0.185615,-0.126755
261,0,-0.320747,-0.376942,1.54037,-nan,-nan,-nan,0.893933,0.447338,0.027801,0.138236,-0.216176,-0.966519,-0.426351,0.867846,-0.255085,102.608,7.94579,25.4983,0.596379,0.768959,0.190379,-0.129574
271,0,-0.323209,-0.375728,1.5638,-nan,-nan,-nan,0.893309,0.447898,0.0372363,0.136717,-0.191879,-0.971849,-0.428145,0.873252,-0.232643,101.169,7.85791,25.6075,0.605968,0.761221,0.191999,-0.128382
280,0,-0.326154,-0.378763,1.57854,-nan,-nan,-nan,0.900539,0.433226,0.036675,0.120528,-0.16771,-0.978441,-0.417735,0.885544,-0.203245,99.7263,6.9226,24.8853,0.618382,0.753574,0.183709,-0.126418
289,0,-0.327981,-0.381801,1.58601,-nan,-nan,-nan,0.91376,0.405744,0.0203511,0.10379,-0.184723,-0.977295,-0.392772,0.895125,-0.210905,100.703,5.95746,23.26,0.616063,0.759834,0.167647,-0.122534
298,0,-0.329008,-0.383632,1.59342,-nan,-nan,-nan,0.917233,0.397335,0.0284225,0.108856,-0.181375,-0.977371,-0.383188,0.899571,-0.209616,100.513,6.24935,22.6735,0.617706,0.759642,0.166588,-0.116754
308,0,-0.330822,-0.385763,1.60071,-nan,-nan,-nan,0.92309,0.383566,0.0279696,0.108977,-0.191132,-0.975496,-0.368821,0.903518,-0.218232,101.086,6.25637,21.7792,0.615168,0.763619,0.161253,-0.111591
317,0,-0.343419,-0.387843,1.6114,-nan,-nan,-nan,0.937188,0.345831,0.04561,0.10806,-0.163511,-0.980605,-0.331666,0.92394,-0.190611,99.4667,6.2035,19.4886,0.6291,0.756854,0.149927,-0.0944885
327,0,-0.35567,-0.389532,1.61643,-nan,-nan,-nan,0.942966,0.331574,0.029562,0.0939292,-0.179824,-0.979204,-0.319362,0.926133,-0.200712,100.406,5.38969,18.7101,0.624986,0.762152,0.139573,-0.0950599
337,0,-0.36582,-0.38996,1.61768,-nan,-nan,-nan,0.945377,0.323989,0.035974,0.102649,-0.191132,-0.976182,-0.309397,0.926553,-0.213949,101.078,5.89173,18.1219,0.620543,0.76656,0.13914,-0.0891719
346,0,-0.35916,-0.393928,1.62926,-nan,-nan,-nan,0.957728,0.284636,0.0417031,0.118534,-0.258367,-0.958747,-0.262119,0.923162,-0.281185,105.082,6.8075,15.3063,0.595436,0.790139,0.127563,-0.0697395
356,0,-0.360067,-0.395562,1.6349,-nan,-nan,-nan,0.964982,0.26036,0.0319649,0.10242,-0.26178,-0.959678,-0.241494,0.929346,-0.279279,105.258,5.87852,14.0501,0.596641,0.791524,0.114583,-0.066179
366,0,-0.361251,-0.396484,1.63996,-nan,-nan,-nan,0.971193,0.236245,0.0311771,0.0920709,-0.251346,-0.963508,-0.219788,0.938623,-0.265857,104.621,5.28275,12.7516,0.602908,0.788733,0.104064,-0.0597828
375,0,-0.36233,-0.397526,1.64459,-nan,-nan,-nan,0.969185,0.24406,0.0333918,0.0914984,-0.230815,-0.968686,-0.22871,0.941891,-0.246034,103.402,5.24982,13.2779,0.610806,0.78199,0.107277,-0.0624427
385,0,-0.360212,-0.397616,1.64726,-nan,-nan,-nan,0.954996,0.29379,0.0408529,0.107159,-0.213295,-0.971093,-0.276584,0.931768,-0.235178,102.388,6.15154,16.152,0.613703,0.775156,0.129312,-0.076027
395,0,-0.353826,-0.397161,1.64446,-nan,-nan,-nan,0.956136,0.288213,0.0523151,0.11644,-0.210084,-0.970725,-0.268785,0.934237,-0.234428,102.212,6.68669,15.7015,0.614741,0.774701,0.130584,-0.069856
404,0,-0.35114,-0.396818,1.64436,-nan,-nan,-nan,0.912779,0.405529,0.0487948,0.136483,-0.190222,-0.972208,-0.384976,0.894071,-0.228978,101.071,7.8444,22.8682,0.61106,0.763541,0.177467,-0.110073
413,0,-0.351181,-0.397167,1.64556,-nan,-nan,-nan,0.911864,0.408662,0.0387234,0.129309,-0.196432,-0.971953,-0.389594,0.891296,-0.231963,101.426,7.42964,23.1346,0.608989,0.764895,0.175832,-0.114679
423,0,-0.352006,-0.398025,1.649,-0.303869,0.357088,1.80758,0.911866,0.408933,0.0356974,0.127588,-0.199696,-0.971516,-0.390157,0.890446,-0.234271,101.615,7.33023,23.1644,0.607844,0.765806,0.175149,-0.115714
432,0,-0.352821,-0.398725,1.6526,-0.303869,0.357088,1.80758,0.909002,0.415469,0.0331845,0.124425,-0.194516,-0.972976,-0.397786,0.888566,-0.22851,101.305,7.14758,23.6346,0.609503,0.763549,0.176771,-0.119377
441,0,-0.354045,-0.39991,1.65743,-0.303869,0.357088,1.80758,0.914547,0.403287,0.0310198,0.119288,-0.195642,-0.973393,-0.386488,0.893915,-0.227031,101.364,6.85099,22.909,0.610712,0.764398,0.170911,-0.116258
450,0,-0.354891,-0.401076,1.66217,-0.303869,0.357088,1.80758,0.928767,0.369556,0.0286331,0.109786,-0.200485,-0.973526,-0.354032,0.907322,-0.226776,101.637,6.30298,20.8661,0.61268,0.767468,0.156144,-0.105998
458,0,-0.355843,-0.402369,1.6689,-0.303869,0.357088,1.80758,0.930289,0.365961,0.0252092,0.103826,-0.196772,-0.974936,-0.351828,0.90959,-0.221051,101.411,5.95953,20.7162,0.614912,0.766177,0.153289,-0.106574
467,0,-0.357736,-0.404356,1.67587,-0.303869,0.357088,1.80758,0.913121,0.407024,0.0232527,0.109275,-0.189402,-0.9758,-0.39277,0.893565,-0.217424,100.984,6.2735,23.2745,0.613656,0.761569,0.169485,-0.121301
475,0,-0.373307,-0.409445,1.7046,-0.303869,0.357088,1.80758,0.98422,0.170792,0.0462768,0.072725,-0.152012,-0.9857,-0.161315,0.97351,-0.162034,98.7669,4.17052,9.30808,0.646176,0.758001,0.0803154,-0.0379412
484,0,-0.388195,-0.411049,1.71824,-0.303869,0.357088,1.80758,0.994849,0.100009,0.0165717,0.0316355,-0.150978,-0.988031,-0.0963095,0.983465,-0.153364,98.688,1.81288,5.52947,0.650097,0.758154,0.0434094,-0.0262934
493,0,-0.4041,-0.407865,1.73202,-0.303869,0.357088,1.80758,0.999132,0.0402587,-0.0107283,-0.00356827,-0.173867,-0.984763,-0.0415105,0.983946,-0.173572,100.013,-0.204447,2.37908,0.642591,0.765926,0.0119758,-0.0170509
501,0,-0.424041,-0.410181,1.73803,-0.303869,0.357088,1.80758,0.985554,0.119516,-0.119997,-0.0953092,-0.194293,-0.976302,-0.139998,0.973636,-0.180095,101.255,-5.46911,8.0848,0.634659,0.768105,0.00787877,-0.0846224
511,0,-0.442027,-0.407302,1.7387,-0.303869,0.357088,1.80758,0.975368,0.158883,-0.153016,-0.114283,-0.229344,-0.966613,-0.188672,0.96029,-0.205537,103.347,-6.56228,10.9479,0.620582,0.776249,0.014364,-0.110044
519,0,-0.446467,-0.404398,1.7356,-0.303869,0.357088,1.80758,0.967485,0.201314