104,0,-0.343305,-0.385279,1.45671,-nan,-nan,-nan,0.827054,0.561922,0.0149966,0.211701,-0.286652,-0.934352,-0.520734,0.775934,-0.356036,107.056,12.2221,32.1956,0.544143,0.785771,0.246135,-0.160905
112,0,-0.355013,-0.376586,1.45628,-nan,-nan,-nan,0.839274,0.543431,0.0173988,0.209308,-0.29339,-0.932798,-0.501807,0.786514,-0.359979,107.46,12.0818,30.8755,0.544496,0.789405,0.238388,-0.153409
120,0,-0.36678,-0.355878,1.4592,-nan,-nan,-nan,0.83615,0.546489,0.0469381,0.221311,-0.257834,-0.940502,-0.501871,0.796788,-0.336532,105.331,12.786,30.9729,0.557177,0.779506,0.246246,-0.145904
127,0,-0.368655,-0.336831,1.45977,-nan,-nan,-nan,0.845293,0.531291,0.0566534,0.21406,-0.239593,-0.946981,-0.489549,0.812604,-0.316255,104.198,12.3604,30.0771,0.567769,0.774781,0.240504,-0.139683
136,0,-0.368804,-0.322246,1.46501,-nan,-nan,-nan,0.868663,0.49418,0.0347996,0.161616,-0.216283,-0.962861,-0.4683,0.842026,-0.267744,102.66,9.3007,28.3293,0.588353,0.766924,0.213775,-0.141312
144,0,-0.369062,-0.313425,1.47102,-nan,-nan,-nan,0.873553,0.486505,0.0147866,0.126231,-0.197107,-0.972222,-0.470076,0.851153,-0.233595,101.461,7.25183,28.2856,0.600594,0.758989,0.201826,-0.149966
151,0,-0.368865,-0.305309,1.47231,-nan,-nan,-nan,0.870155,0.492735,0.00645743,0.11959,-0.198444,-0.972789,-0.478046,0.84725,-0.231604,101.53,6.86847,28.7835,0.600022,0.758321,0.201869,-0.155471
158,0,-0.367134,-0.30564,1.47253,-nan,-nan,-nan,0.901795,0.429294,0.0497261,0.148354,-0.199443,-0.968614,-0.405902,0.880869,-0.243544,101.635,8.53156,24.2327,0.603906,0.765634,0.188617,-0.116301
165,0,-0.366724,-0.306232,1.47255,-nan,-nan,-nan,0.908985,0.411649,0.0655087,0.159825,-0.199053,-0.966868,-0.38497,0.889339,-0.246728,101.633,9.19673,22.9535,0.604815,0.767262,0.186205,-0.104091
172,0,-0.367403,-0.309509,1.46609,-nan,-nan,-nan,0.855304,0.517589,0.0235906,0.125838,-0.163345,-0.978511,-0.502613,0.839893,-0.204842,99.4772,7.22912,30.4403,0.609737,0.745569,0.21575,-0.160623
180,0,-0.366498,-0.313568,1.46406,-nan,-nan,-nan,0.853014,0.521507,0.0199366,0.131001,-0.176984,-0.975457,-0.505179,0.83469,-0.219288,100.284,7.52743,30.6352,0.603478,0.749881,0.217537,-0.161773
188,0,-0.365503,-0.314999,1.46398,-nan,-nan,-nan,0.862327,0.503095,0.0573411,0.178424,-0.195924,-0.96425,-0.473875,0.84173,-0.258714,101.485,10.278,28.7901,0.59323,0.761079,0.223866,-0.136823
195,0,-0.364949,-0.314989,1.46402,-nan,-nan,-nan,0.870017,0.487375,0.0744022,0.191171,-0.194385,-0.962116,-0.454449,0.851281,-0.26229,101.422,11.0211,27.5801,0.59442,0.762675,0.222423,-0.124577
203,0,-0.3647,-0.315195,1.46449,-nan,-nan,-nan,0.888648,0.454366,0.062095,0.166796,-0.194108,-0.966696,-0.427181,0.86941,-0.24828,101.354,9.60159,25.674,0.601303,0.763387,0.203423,-0.119561
211,0,-0.365264,-0.313746,1.46473,-nan,-nan,-nan,0.902451,0.429527,0.0330032,0.125138,-0.188069,-0.974151,-0.412218,0.883253,-0.223473,100.927,7.18873,24.5498,0.610514,0.760591,0.182314,-0.124645
218,0,-0.36548,-0.313927,1.46382,-nan,-nan,-nan,0.896528,0.441354,0.0380107,0.147046,-0.215558,-0.965356,-0.41787,0.871058,-0.258153,102.587,8.4558,24.9901,0.596409,0.769779,0.191094,-0.123366
226,0,-0.36466,-0.314719,1.46465,-nan,-nan,-nan,0.907906,0.415702,0.0538353,0.16206,-0.229661,-0.959684,-0.386578,0.880027,-0.275879,103.458,9.32648,23.0639,0.592108,0.776763,0.185952,-0.107093
234,0,-0.365256,-0.315017,1.46506,-nan,-nan,-nan,0.875469,0.479515,0.06016,0.17522,-0.198934,-0.964222,-0.45039,0.854688,-0.258181,101.657,10.0914,27.2238,0.595473,0.76364,0.214347,-0.127753
242,0,-0.367274,-0.314017,1.46489,-nan,-nan,-nan,0.905784,0.423466,0.0152537,0.126816,-0.236557,-0.963306,-0.404319,0.874481,-0.267972,103.797,7.28563,24.0548,0.591873,0.776259,0.177222,-0.125301
249,0,-0.366523,-0.311307,1.45978,-nan,-nan,-nan,0.851276,0.524716,0.00156129,0.122771,-0.196284,-0.972831,-0.510154,0.828339,-0.231512,101.407,7.05206,30.9335,0.596549,0.75483,0.214448,-0.168446
257,0,-0.366773,-0.311935,1.45942,-nan,-nan,-nan,0.912141,0.409877,0.000254072,0.103092,-0.22882,-0.967994,-0.3967,0.882974,-0.250971,103.3,5.91723,23.5047,0.598404,0.773294,0.165839,-0.128168
264,0,-0.367422,-0.312999,1.46005,-nan,-nan,-nan,0.941545,0.336814,-0.00700852,0.0821745,-0.249791,-0.964807,-0.326711,0.907833,-0.262867,104.515,4.71357,19.1365,0.597681,0.783295,0.133726,-0.106511
272,0,-0.368683,-0.312554,1.45899,-nan,-nan,-nan,0.961486,0.274729,0.00833506,0.0817888,-0.257026,-0.962937,-0.262405,0.926532,-0.269597,104.945,4.6914,15.2652,0.598929,0.788687,0.11301,-0.0805356
280,0,-0.36703,-0.312114,1.46054,-nan,-nan,-nan,0.989628,0.14313,-0.0122351,0.0243773,-0.251263,-0.967612,-0.141569,0.957278,-0.252146,104.557,1.39685,8.14106,0.609553,0.789468,0.0530444,-0.0487049
287,0,-0.367978,-0.311601,1.46032,-nan,-nan,-nan,0.989621,0.143361,-0.00989083,0.0259205,-0.245782,-0.968979,-0.141345,0.958665,-0.246947,104.233,1.4853,8.12841,0.611738,0.787774,0.0537215,-0.0479946
295,0,-0.366879,-0.312012,1.46033,-nan,-nan,-nan,0.998611,0.0518608,0.00930791,0.0219406,-0.248684,-0.968336,-0.047904,0.967195,-0.249477,104.403,1.25721,2.74641,0.612464,0.790059,0.0233532,-0.012213
302,0,-0.366593,-0.312873,1.46036,-nan,-nan,-nan,0.999913,-0.00578463,0.0118941,0.00986365,-0.272964,-0.961974,0.00881132,0.962007,-0.272883,105.842,0.565155,-0.504882,0.602923,0.797772,0.00127825,0.00648851
310,0,-0.367417,-0.313088,1.46025,-nan,-nan,-nan,0.999953,-0.00920642,-0.0031084,-0.00555564,-0.279226,-0.960209,0.00797215,0.960181,-0.279263,106.214,-0.318317,-0.456782,0.600305,0.799756,-0.00461455,0.00152038
317,0,-0.36866,-0.313084,1.45941,-nan,-nan,-nan,0.999778,-0.0206738,-0.00412479,-0.00989252,-0.287303,-0.957789,0.018616,0.957617,-0.287444,106.697,-0.566809,-1.06673,0.596873,0.802266,-0.00952498,0.00451572
325,0,-0.365201,-0.312428,1.45807,-nan,-nan,-nan,0.999024,0.023044,0.0376803,0.0421526,-0.242661,-0.969195,-0.0131906,0.969837,-0.243395,104.056,2.41588,0.75646,0.615014,0.788207,0.0206788,0.00776755
333,0,-0.363917,-0.312179,1.45851,-nan,-nan,-nan,0.997436,0.0433978,0.0569005,0.0654806,-0.232738,-0.970333,-0.0288675,0.971571,-0.234983,103.488,3.75445,1.65777,0.618408,0.785041,0.0346729,0.00892725
341,0,-0.363132,-0.305878,1.4615,-nan,-nan,-nan,0.996321,0.0631206,0.057962,0.0719269,-0.24825,-0.966022,-0.0465868,0.966637,-0.251877,104.412,4.12467,2.67713,0.611595,0.790008,0.0427361,0.00359972
349,0,-0.364152,-0.304013,1.46167,-nan,-nan,-nan,0.995429,0.0738799,0.0605285,0.0778963,-0.261305,-0.962108,-0.055264,0.962425,-0.265865,105.195,4.46765,3.17768,0.605859,0.794135,0.0477804,0.0016573
356,0,-0.363968,-0.304445,1.46163,-nan,-nan,-nan,0.995111,0.0750808,0.0641614,0.0829704,-0.283163,-0.955476,-0.0535698,0.956129,-0.288008,106.508,4.75933,3.08143,0.596645,0.800981,0.0493305,0.00330583
364,0,-0.364401,-0.304433,1.46157,-nan,-nan,-nan,0.99397,0.0963872,0.0522809,0.0771571,-0.276012,-0.958052,-0.0779138,0.956309,-0.281784,106.072,4.42518,4.48205,0.599202,0.798712,0.05432,-0.0080232
372,0,-0.364999,-0.307887,1.46057,-nan,-nan,-nan,0.980024,0.197538,0.023063,0.0673701,-0.220633,-0.973027,-0.187121,0.955144,-0.229534,102.776,3.86295,10.8097,0.618437,0.779453,0.084966,-0.0526197
379,0,-0.364022,-0.303459,1.46138,-nan,-nan,-nan,0.990121,0.131818,0.0477931,0.0785063,-0.238751,-0.967902,-0.116176,0.962092,-0.246741,103.856,4.50271,6.69222,0.613316,0.786704,0.0668372,-0.0217309
387,0,-0.364165,-0.303732,1.46102,-nan,-nan,-nan,0.982511,0.179559,0.0493095,0.0918269,-0.236853,-0.967196,-0.161989,0.954809,-0.249199,103.76,5.26872,9.36229,0.611649,0.785583,0.0863644,-0.0358587
394,0,-0.366829,-0.302229,1.46133,-nan,-nan,-nan,0.98337,0.180658,-0.0186309,0.0270852,-0.247317,-0.968556,-0.179585,0.951944,-0.248097,104.324,1.55206,10.3494,0.609909,0.787208,0.0659746,-0.062949
402,0,-0.365016,-0.302114,1.46026,-nan,-nan,-nan,0.967014,0.253526,0.02465,0.0905877,-0.251843,-0.963519,-0.23807,0.93397,-0.266502,104.648,5.19742,13.8306,0.601803,0.788251,0.109139,-0.0676877
409,0,-0.366068,-0.302977,1.46093,-nan,-nan,-nan,0.961909,0.273278,0.00713894,0.0824917,-0.265266,-0.96064,-0.260628,0.924637,-0.277705,105.437,4.7318,15.1602,0.595596,0.791341,0.112395,-0.0800822
417,0,-0.365546,-0.303148,1.46043,-nan,-nan,-nan,0.955365,0.295388,0.00491269,0.0730565,-0.220106,-0.972736,-0.286254