133,0,-0.335733,-0.396441,1.45368,-nan,-nan,-nan,0.822168,0.569094,0.0131099,0.183718,-0.243478,-0.952348,-0.538783,0.785399,-0.304733,104.341,10.5864,33.2376,0.564349,0.769802,0.244482,-0.170717
142,0,-0.335324,-0.404898,1.455,-nan,-nan,-nan,0.821443,0.570044,0.0167903,0.159221,-0.200971,-0.966571,-0.547614,0.796656,-0.255849,101.746,9.1617,33.6894,0.584085,0.754696,0.241576,-0.17584
150,0,-0.334926,-0.396088,1.4523,-nan,-nan,-nan,0.806731,0.590616,0.0189333,0.15385,-0.178996,-0.971746,-0.570539,0.786851,-0.235268,100.437,8.85013,35.2689,0.590014,0.74515,0.249771,-0.185065
159,0,-0.336876,-0.406298,1.46127,-nan,-nan,-nan,0.760759,0.648557,0.0248744,0.177308,-0.170809,-0.969219,-0.624345,0.741753,-0.244939,99.9948,10.213,39.3753,0.579873,0.73765,0.279897,-0.203169
167,0,-0.33815,-0.408937,1.46698,-nan,-nan,-nan,0.734485,0.678221,0.0234078,0.191228,-0.17375,-0.966045,-0.651125,0.714022,-0.257312,100.196,11.0245,41.5572,0.570838,0.73579,0.295413,-0.21328
176,0,-0.337197,-0.410252,1.47435,-nan,-nan,-nan,0.735855,0.676766,0.0224742,0.193032,-0.177842,-0.964941,-0.649042,0.714395,-0.261504,100.443,11.1298,41.4131,0.569322,0.737428,0.294875,-0.212417
185,0,-0.335821,-0.41241,1.48101,-nan,-nan,-nan,0.729747,0.683508,0.0169135,0.191501,-0.180583,-0.964737,-0.656351,0.707253,-0.262672,100.602,11.0404,41.9689,0.567118,0.737055,0.296792,-0.216889
194,0,-0.332585,-0.414767,1.4867,-nan,-nan,-nan,0.757831,0.652083,0.0219092,0.19848,-0.198419,-0.95981,-0.621529,0.731722,-0.279794,101.68,11.4481,39.3566,0.565601,0.74767,0.284405,-0.200496
203,0,-0.333796,-0.413114,1.49233,-nan,-nan,-nan,0.757857,0.652272,0.0139184,0.186682,-0.196361,-0.962597,-0.625142,0.732109,-0.270581,101.53,10.7592,39.5185,0.568092,0.745788,0.281231,-0.204892
211,0,-0.335436,-0.403108,1.50114,-nan,-nan,-nan,0.745602,0.666331,0.00893354,0.175516,-0.183429,-0.967237,-0.642862,0.722742,-0.253717,100.738,10.1087,40.7681,0.571939,0.738706,0.284906,-0.21454
220,0,-0.336738,-0.39042,1.50712,-nan,-nan,-nan,0.747965,0.663511,0.017389,0.179569,-0.177065,-0.967679,-0.638987,0.726912,-0.251585,100.369,10.3447,40.5073,0.574307,0.737668,0.285725,-0.210663
228,0,-0.335911,-0.382452,1.51681,-nan,-nan,-nan,0.747243,0.663415,0.0388315,0.191462,-0.158964,-0.968542,-0.636372,0.731171,-0.245804,99.3207,11.0381,40.4186,0.579326,0.733487,0.291375,-0.203665
236,0,-0.335418,-0.373775,1.52585,-nan,-nan,-nan,0.746704,0.664271,0.0343023,0.184918,-0.157775,-0.970006,-0.638936,0.730651,-0.240647,99.2384,10.6563,40.5528,0.580578,0.732312,0.2899,-0.206412
244,0,-0.339619,-0.364763,1.53205,-nan,-nan,-nan,0.761178,0.648241,0.0197627,0.178778,-0.180438,-0.967202,-0.623415,0.739747,-0.253237,100.567,10.2986,39.3179,0.576087,0.740752,0.279115,-0.203729
253,0,-0.344363,-0.372826,1.56262,-nan,-nan,-nan,0.736032,0.676907,0.00730617,0.178781,-0.183965,-0.966537,-0.652912,0.712709,-0.256422,100.776,10.2988,41.5753,0.569132,0.737635,0.290011,-0.21881
261,0,-0.348375,-0.382013,1.57913,-nan,-nan,-nan,0.656199,0.754309,0.0205046,0.210032,-0.15648,-0.965091,-0.724768,0.637598,-0.261111,99.2098,12.1243,47.8426,0.556464,0.720033,0.334825,-0.244525
269,0,-0.352056,-0.38498,1.59655,-nan,-nan,-nan,0.621293,0.782863,0.0334602,0.202758,-0.119371,-0.971926,-0.756891,0.610635,-0.232896,97.002,11.6983,50.6192,0.563255,0.702417,0.350796,-0.257479
277,0,-0.354971,-0.387935,1.61005,-nan,-nan,-nan,0.598348,0.800376,0.0371246,0.190458,-0.0970717,-0.976884,-0.778271,0.591587,-0.210521,95.6748,10.9795,52.4463,0.568057,0.690279,0.358853,-0.268423
286,0,-0.357385,-0.390806,1.62127,-nan,-nan,-nan,0.579529,0.814375,0.0306628,0.187721,-0.0967844,-0.977442,-0.793037,0.572212,-0.208965,95.6549,10.8198,53.8417,0.564309,0.686527,0.364915,-0.27762
295,0,-0.359661,-0.393744,1.63245,-nan,-nan,-nan,0.580036,0.813942,0.0325053,0.199372,-0.103161,-0.974479,-0.789816,0.571713,-0.222115,96.043,11.5002,53.7067,0.56008,0.690165,0.367055,-0.274322
304,0,-0.361288,-0.395362,1.63942,-nan,-nan,-nan,0.57229,0.819398,0.0327155,0.201432,-0.101789,-0.974199,-0.794927,0.564114,-0.223306,95.9649,11.6207,54.2488,0.558389,0.688728,0.370549,-0.276674
312,0,-0.363351,-0.397551,1.64875,-nan,-nan,-nan,0.547467,0.836056,0.0359173,0.211645,-0.0968089,-0.97254,-0.809621,0.540036,-0.229947,95.6846,12.2188,55.9334,0.552429,0.684511,0.382646,-0.282575
320,0,-0.364802,-0.399562,1.65464,-nan,-nan,-nan,0.516168,0.855845,0.0331602,0.221812,-0.0961811,-0.970334,-0.827266,0.508211,-0.239483,95.6608,12.8155,58.0381,0.543255,0.68041,0.395959,-0.291775
329,0,-0.366278,-0.394769,1.6619,-nan,-nan,-nan,0.438972,0.898348,0.0165821,0.207501,-0.0834031,-0.974673,-0.874212,0.431295,-0.223019,94.8909,11.9759,63.3372,0.532107,0.660567,0.418522,-0.324581
338,0,-0.368574,-0.388964,1.67495,-nan,-nan,-nan,0.32886,0.944105,-0.0227177,0.171244,-0.0832718,-0.981703,-0.928723,0.318953,-0.189057,94.8484,9.86016,70.501,0.513939,0.632691,0.440717,-0.37595
346,0,-0.371142,-0.390808,1.68361,-nan,-nan,-nan,0.341942,0.938909,-0.0390565,0.158094,-0.0984463,-0.982504,-0.926327,0.329785,-0.182099,95.7219,9.09628,69.739,0.515121,0.636884,0.430613,-0.378948
355,0,-0.379083,-0.392325,1.69656,-nan,-nan,-nan,0.407703,0.912703,-0.0274148,0.160655,-0.101255,-0.981803,-0.898871,0.39588,-0.187912,95.8882,9.24491,65.6023,0.528804,0.65132,0.411993,-0.355542
363,0,-0.393655,-0.393763,1.70505,-nan,-nan,-nan,0.433012,0.900559,-0.0386629,0.141472,-0.110259,-0.983783,-0.890217,0.42052,-0.175147,96.3948,8.133,64.0612,0.535632,0.655442,0.397453,-0.354295
372,0,-0.410686,-0.394284,1.71727,-nan,-nan,-nan,0.43983,0.897962,-0.0146019,0.174299,-0.1013,-0.979468,-0.881005,0.428254,-0.201069,95.9047,10.0378,63.47,0.533259,0.659962,0.406183,-0.339265
381,0,-0.427793,-0.397552,1.72157,-nan,-nan,-nan,0.440321,0.89765,0.018482,0.199563,-0.0777796,-0.976793,-0.875381,0.433791,-0.213386,94.5527,11.5114,63.2974,0.535993,0.65793,0.416919,-0.325604
390,0,-0.447704,-0.400616,1.71837,-nan,-nan,-nan,0.462599,0.883575,0.0727753,0.204516,-0.0264808,-0.978505,-0.862656,0.467539,-0.192955,91.5502,11.8012,61.7976,0.557486,0.648467,0.419486,-0.304519
399,0,-0.461491,-0.399898,1.71604,-nan,-nan,-nan,0.460715,0.879934,0.116012,0.221669,0.0124897,-0.975042,-0.859421,0.474932,-0.1893,89.2661,12.8071,61.8053,0.566548,0.639829,0.430428,-0.290472
407,0,-0.46329,-0.403888,1.71508,-nan,-nan,-nan,0.489619,0.87002,0.0577807,0.276665,-0.0921717,-0.956536,-0.826879,0.484324,-0.285833,95.504,16.0613,59.369,0.527166,0.683305,0.419536,-0.281389
415,0,-0.46021,-0.401361,1.71574,-nan,-nan,-nan,0.510622,0.857968,0.056171,0.30272,-0.118249,-0.945715,-0.804752,0.499907,-0.320105,97.1271,17.6211,57.6045,0.517752,0.698029,0.415702,-0.268105
424,0,-0.456198,-0.401735,1.71624,-nan,-nan,-nan,0.525233,0.850584,0.0252581,0.306752,-0.161565,-0.937976,-0.793747,0.500404,-0.345778,99.7732,17.8636,56.5069,0.504453,0.712842,0.405888,-0.269516
432,0,-0.459824,-0.402105,1.71605,-nan,-nan,-nan,0.498386,0.865955,0.0416242,0.322374,-0.14054,-0.936122,-0.80479,0.479968,-0.349204,98.538,18.8065,58.2311,0.502156,0.705005,0.42139,-0.270624
441,0,-0.45678,-0.401167,1.71659,-nan,-nan,-nan,0.61628,0.786736,0.0352904,0.269402,-0.168501,-0.948172,-0.740014,0.593847,-0.315792,100.077,15.6287,50.2126,0.531974,0.724668,0.364352,-0.24312
450,0,-0.458832,-0.400225,1.71701,-nan,-nan,-nan,0.694103,0.719583,0.0205299,0.230256,-0.194902,-0.953412,-0.682058,0.666494,-0.300971,101.554,13.3122,44.4985,0.547318,0.739928,0.320923,-0.223511
458,0,-0.455741,-0.399538,1.71641,-nan,-nan,-nan,0.753232,0.657419,0.0209961,0.209473,-0.209498,-0.955108,-0.623508,0.723816,-0.295512,102.372,12.0915,39.6172,0.558619,0.751373,0.288436,-0.20047
467,0,-0.456717,-0.399828,1.71641,-nan,-nan,-nan,0.7935,0.608465,0.0112775,0.190047,-0.230152,-0.954417,-0.578134,0.759474,-0.298263,103.558,10.9556,36.0766,0.56238,0.761892,0.262017,-0.186003
475,0,-0.456931,-0.399903,1.71638,-nan,-nan,-nan,0.860287,0.50976,0.00714535,0.162403,-0.260736,-0.951652,-0.483251,0.819855,-0.307094,105.322,9.34637,29.3243,0.568431,0.779121,0.21568,-0.15277
484,0,-0.456171,-0.399082,1.71556,-nan,-nan,-nan,0.822769,0.568346,0.00582209,0.169715,-0.235887,-0.956846,-0.542446,0.788251,-0.290537,103.849,9.77124,33.3966,0.569286,0.766354,0.24077,-0.175058
492,0,-0.457388,-0.40027