103,0,-0.336203,-0.387563,1.45768,0.667947,0.00731975,1.95132,0.831983,0.553964,0.0304802,0.185543,-0.226045,-0.956283,-0.522856,0.801266,-0.29085,103.299,10.6928,32.1472,0.573386,0.766302,0.241258,-0.160634
109,0,-0.33618,-0.386317,1.45907,0.667947,0.00731975,1.95132,0.834388,0.550416,0.0289587,0.161194,-0.19344,-0.96778,-0.52708,0.812172,-0.250128,101.303,9.2762,32.2804,0.589665,0.754645,0.235743,-0.165018
117,0,-0.336896,-0.386758,1.4601,0.667947,0.00731975,1.95132,0.837578,0.545616,0.0276829,0.156453,-0.191006,-0.96904,-0.523436,0.815978,-0.245346,101.151,9.00108,32.0029,0.591867,0.753978,0.232788,-0.164379
124,0,-0.337258,-0.38733,1.46275,0.667947,0.00731975,1.95132,0.836589,0.547371,0.0224394,0.150891,-0.190856,-0.969951,-0.52664,0.814837,-0.242261,101.132,8.67858,32.1908,0.592341,0.753277,0.231741,-0.167336
131,0,-0.338187,-0.388197,1.46623,0.667947,0.00731975,1.95132,0.820903,0.570522,0.0249386,0.161742,-0.190399,-0.968291,-0.547683,0.798907,-0.248577,101.124,9.30802,33.7101,0.587777,0.751645,0.243554,-0.173867
139,0,-0.34054,-0.39105,1.47687,0.667947,0.00731975,1.95132,0.810152,0.585754,0.0233759,0.162216,-0.185685,-0.969127,-0.56333,0.788932,-0.245451,100.846,9.33555,34.8124,0.587158,0.748547,0.249808,-0.180334
146,0,-0.341936,-0.392991,1.48377,0.667947,0.00731975,1.95132,0.792676,0.609048,0.0269466,0.171837,-0.180801,-0.968392,-0.584925,0.772251,-0.247974,100.576,9.89467,36.4241,0.583931,0.745227,0.261962,-0.187184
153,0,-0.342792,-0.394492,1.48965,0.667947,0.00731975,1.95132,0.784633,0.619031,0.0339298,0.180124,-0.175259,-0.967905,-0.593216,0.765562,-0.249016,100.263,10.377,37.0908,0.583172,0.74312,0.268851,-0.188155
160,0,-0.343661,-0.396755,1.49873,0.667947,0.00731975,1.95132,0.792542,0.608625,0.0381154,0.176749,-0.169441,-0.969561,-0.583641,0.775155,-0.241863,99.9129,10.1805,36.3686,0.58763,0.742268,0.264519,-0.183736
168,0,-0.34426,-0.400463,1.51233,0.667947,0.00731975,1.95132,0.796111,0.603647,0.0426329,0.176563,-0.164317,-0.970477,-0.57882,0.780135,-0.237396,99.6099,10.1696,36.0194,0.590423,0.741253,0.263139,-0.180838
175,0,-0.344024,-0.404408,1.54122,0.667947,0.00731975,1.95132,0.772191,0.634859,0.0259888,0.165964,-0.162045,-0.972727,-0.613332,0.755444,-0.230494,99.458,9.55323,38.4593,0.587293,0.735651,0.272148,-0.1996
182,0,-0.3447,-0.401321,1.56339,0.667947,0.00731975,1.95132,0.743474,0.668133,0.0290786,0.135704,-0.108144,-0.98483,-0.654852,0.736141,-0.171071,96.2666,7.79932,41.3736,0.605033,0.711106,0.282601,-0.22
190,0,-0.34731,-0.398392,1.57508,0.667947,0.00731975,1.95132,0.74036,0.671318,0.0346177,0.126719,-0.0888058,-0.987955,-0.660158,0.73583,-0.150817,95.1364,7.28004,41.7225,0.612523,0.703559,0.283571,-0.222277
197,0,-0.350055,-0.404504,1.5852,0.667947,0.00731975,1.95132,0.748742,0.66037,0.0574117,0.191714,-0.132828,-0.972421,-0.634532,0.739099,-0.226056,97.7782,11.0528,40.2801,0.589461,0.725883,0.293465,-0.198765
204,0,-0.35228,-0.407227,1.59828,0.667947,0.00731975,1.95132,0.767159,0.639961,0.0437886,0.194033,-0.166449,-0.966771,-0.611407,0.750163,-0.251867,99.7689,11.1883,38.554,0.580698,0.739168,0.282072,-0.191979
212,0,-0.354237,-0.410845,1.6083,0.667947,0.00731975,1.95132,0.796968,0.603281,0.0299055,0.187061,-0.199436,-0.96189,-0.574326,0.77219,-0.271795,101.714,10.7813,35.778,0.575703,0.753027,0.262388,-0.180744
219,0,-0.355033,-0.411215,1.61278,0.667947,0.00731975,1.95132,0.770146,0.637072,0.0318335,0.176629,-0.165037,-0.970343,-0.612925,0.752929,-0.239628,99.6526,10.1735,38.5147,0.584269,0.737362,0.275882,-0.197017
226,0,-0.357309,-0.413262,1.62117,0.667947,0.00731975,1.95132,0.76588,0.642129,0.0331286,0.177204,-0.161266,-0.970872,-0.618082,0.749442,-0.237299,99.431,10.207,38.9043,0.584661,0.735603,0.278457,-0.198801
234,0,-0.358888,-0.415024,1.62856,0.667947,0.00731975,1.95132,0.770137,0.63712,0.0311011,0.169989,-0.157997,-0.972698,-0.614811,0.754397,-0.229983,99.2261,9.78719,38.6009,0.587826,0.734526,0.274704,-0.198669
241,0,-0.361575,-0.418245,1.6406,0.667947,0.00731975,1.95132,0.778161,0.626963,0.0371854,0.177566,-0.162824,-0.970546,-0.602441,0.761844,-0.23803,99.5236,10.228,37.7465,0.586794,0.738074,0.272509,-0.191463
248,0,-0.364308,-0.421099,1.65187,0.667947,0.00731975,1.95132,0.768984,0.638221,0.0365784,0.18047,-0.161842,-0.970174,-0.613265,0.75265,-0.239633,99.4707,10.3971,38.5724,0.584703,0.736624,0.277852,-0.19572
255,0,-0.366648,-0.424454,1.66282,0.667947,0.00731975,1.95132,0.791858,0.609828,0.0327185,0.176589,-0.177356,-0.968174,-0.584617,0.772434,-0.24813,100.381,10.1711,36.4379,0.58446,0.744537,0.264062,-0.185316
262,0,-0.368913,-0.427162,1.67382,0.667947,0.00731975,1.95132,0.804517,0.593027,0.0327314,0.170173,-0.177361,-0.969321,-0.569029,0.785405,-0.243608,100.369,9.7979,35.2715,0.588122,0.745903,0.255797,-0.179748
268,0,-0.370091,-0.428973,1.68336,0.667947,0.00731975,1.95132,0.826018,0.56279,0.031021,0.154605,-0.173304,-0.972658,-0.542026,0.808229,-0.230162,100.103,8.89388,33.2726,0.596354,0.746573,0.240229,-0.171117
275,0,-0.371973,-0.432038,1.69316,0.667947,0.00731975,1.95132,0.838835,0.543601,0.0292063,0.145728,-0.172535,-0.974164,-0.524518,0.821419,-0.223946,100.044,8.37945,32.0174,0.60049,0.747549,0.23053,-0.165645
282,0,-0.375206,-0.430584,1.70468,0.667947,0.00731975,1.95132,0.856255,0.516187,0.0194511,0.138981,-0.193948,-0.971117,-0.497506,0.834227,-0.237809,101.294,7.98886,30.1577,0.596762,0.756309,0.216568,-0.158022
289,0,-0.378164,-0.424678,1.71665,0.667947,0.00731975,1.95132,0.881007,0.473091,0.00346485,0.131576,-0.237978,-0.962317,-0.454439,0.848264,-0.271908,103.89,7.56069,27.2855,0.585474,0.773126,0.195527,-0.145828
296,0,-0.379697,-0.419258,1.72525,0.667947,0.00731975,1.95132,0.884397,0.466722,0.00367093,0.129243,-0.237332,-0.962793,-0.448485,0.851965,-0.270216,103.848,7.42586,26.89,0.586696,0.773296,0.19267,-0.143805
303,0,-0.379564,-0.416841,1.73223,0.667947,0.00731975,1.95132,0.886299,0.462785,0.0174359,0.136271,-0.224625,-0.96487,-0.442611,0.857539,-0.262149,103.105,7.83209,26.5372,0.591508,0.770239,0.194438,-0.138001
309,0,-0.399843,-0.417649,1.76085,0.667947,0.00731975,1.95132,0.84931,0.527057,-0.0297253,0.112474,-0.235684,-0.965299,-0.515773,0.816495,-0.259449,103.721,6.45794,31.2697,0.581846,0.765579,0.208839,-0.178133
316,0,-0.411721,-0.414633,1.77314,0.667947,0.00731975,1.95132,0.845586,0.530369,-0.0607735,0.0697634,-0.222651,-0.972399,-0.529262,0.818007,-0.225271,102.897,4.0004,32.0429,0.591114,0.757216,0.198138,-0.194804
324,0,-0.431024,-0.409072,1.78364,0.667947,0.00731975,1.95132,0.885601,0.449023,-0.1187,0.021169,-0.29433,-0.955469,-0.463965,0.843652,-0.270164,107.121,1.21298,27.65,0.574697,0.782639,0.150195,-0.186122
331,0,-0.452262,-0.410391,1.78822,0.667947,0.00731975,1.95132,0.903709,0.409754,-0.124142,0.0301196,-0.350077,-0.936236,-0.427086,0.842346,-0.32871,110.502,1.72599,25.295,0.553381,0.803507,0.13686,-0.171507
338,0,-0.468518,-0.408157,1.7826,0.667947,0.00731975,1.95132,0.906241,0.381652,-0.181847,-0.00199529,-0.426276,-0.904591,-0.422756,0.82014,-0.385547,115.232,-0.114322,25.0088,0.523072,0.824328,0.115141,-0.183363
346,0,-0.472544,-0.40649,1.77831,0.667947,0.00731975,1.95132,0.908574,0.339614,-0.243218,-0.0576681,-0.474695,-0.878259,-0.413724,0.81199,-0.411711,118.391,-3.30598,24.4824,0.505512,0.83591,0.084323,-0.196475
353,0,-0.469985,-0.408146,1.77875,0.667947,0.00731975,1.95132,0.910806,0.267285,-0.314627,-0.134878,-0.527634,-0.838696,-0.390179,0.806326,-0.444521,122.174,-7.75158,23.1897,0.48442,0.848964,0.0389907,-0.207549
360,0,-0.466981,-0.404699,1.7826,0.667947,0.00731975,1.95132,0.909436,0.322424,-0.262619,-0.0637585,-0.515952,-0.854241,-0.410926,0.793622,-0.448669,121.132,-3.65557,24.3157,0.486008,0.847652,0.0762887,-0.19865
366,0,-0.46823,-0.404212,1.78253,0.667947,0.00731975,1.95132,0.902258,0.336983,-0.269022,-0.0622997,-0.515473,-0.854638,-0.426672,0.787864,-0.444096,121.096,-3.57182,25.3092,0.485461,0.845847,0.0811859,-0.20562
374,0,-0.46814,-0.402631,1.78391,0.667947,0.00731975,1.95132,0.904235,0.383821,-0.187192,0.008883,-0.455164,-0.890363,-0.426943,0.803435,-0.414984,117.077,0.508965,25.2748,0.50845,0.832824,0.117883,-0.184353
382,0,-0.467733,-0.403467,1.78641,0.667947,0.00731975,1.95132,0.895808,0.410862,-0.169473,0.0376892,-0.450168,-0.892148,-0.442841,0.792806,-0.418749,116.775,2.15994,26.3054,0.506678,0.831373,0.134883,-0.184127
388,0,-0.468038,-0.403442,1.78512,0.667947,0.00731975,1.95132,0.885861,0.434625,-0.162333,0.0582496,-0.451315,-0.890462,-0.46028,0.779369,-0.425119,116.877,3.33935,27.4557,0.502351,0.831007,0.148276,-0.187307
396,0,-0.466919,-0.402955,1.78109,0.667947,0.00731975,1.95132,0.881021,0.44702,-0.154838,0.0648108,-0.438264,-0.896507,-0.468617,0.779806,-0.415092,116.052,3.71599,28.0086,0.506869,0.826798,0.154763,-0.188515
403,0,-0.4652,-0.403538,1.77878,0.667947,0.00731975,1.95132,0.881623,0.455165,-0.124765,0.0805543,-0.405602,-0.910493,-0.465029,0.792661,-0.394254,114.012,4.62043,27.8103,0.52004,0.818761,0.163576,-0.180087
409,0,-0.464012,-0.405624,1.78068,0.667947,0.00731975,1.95132,0.908583,0.412792,-0.0638721,0.0914339,-0.34575,-0.933861,-0.407574,0.84265,-0.351886,110.316,5.2461,24.1602,0.550215,0.807189,0.156167,-0.146015
416,0,-0.463039,-0.406903,1.77859,0.667947,0.00731975,1.95132,0.921381,0.387813,-0.0256359,0.0999036,-0.300066,-0.948673,-0.3756,0.871528,-0.315219,107.552,5.73362,22.1782,0.571423,0.796346,0.153111,-0.125962
423,0,-0.46396,-0.406109,1.779,0.667947,0.00731975,1.95132,0.921366,0.388119,-0.0211611,0.104579,-0.299962,-0.948202,-0.374362,0.871428,-0.316964,107.555,6.00293,22.1125,0.571061,0.796601,0.154625,-0.124128
430,0,-0.463257,-0.407354,1.77772,0.667947,0.00731975,1.95132,0.895409,0.443557,-0.0387296,0.128546,-0.340814,-0.931301,-0.426285,0.828917,-0.362185,110.1,7.3856,25.4581,0.545988,0.805979,0.177456,-0.144239
437,0,-0.462899,-0.407533,1.77802,0.667947,0.00731975,1.95132,0.922045,0.386328,-0.0241599,0.122753,-0.351025,-0.928285,-0.367103,0.852955,-0.371084,110.714,7.051,21.7095,0.547708,0.813043,0.156536,-0.120308
444,0,-0.462532,-0.407086,1.77759,0.667947,0.00731975,1.95132,0.933549,0.358058,-0.0167728,0.115098,-0.343746,-0.931982,-0.33947,0.86812,-0.362115,110.246,6.60925,19.983,0.554005,0.812313,0.14562,-0.109638
451,0,-0.464591,-0.407607,1.77819,0.667947,0.00731975,1.95132,0.936104,0.351256,-0.0181332,0.110974,-0.343884,-0.932431,-0.333758,0.87084,-0.360892,110.244,6.37149,19.6232,0.554826,0.812539,0.142218,-0.108269
459,0,-0.465236,-0.406617,1.77838,0.667947,0.00731975,1.95132,0.933596,0.357034,-0.03042,0.100081,-0.341328,-0.934601,-0.344068,0.869495,-0.354395,110.063,5.74384,20.2309,0.556299,0.810759,0.140953,-0.115474
466,0,-0.46299,-0.406413,1.7777,0.667947,0.00731975,1.95132,0.936332,0.349858,-0.0296921,0.0956807,-0.335605,-0.937131,-0.337828,0.874625,-0.347712,109.703,5.4905,19.8394,0.559691,0.809267,0.137637,-0.113535
473,0,-0.462892,-0.406818,1.77804,0.667947,0.00731975,1.95132,0.937895,0.345713,-0.028912,0.0963055,-0.339519,-0.935656,-0.333285,0.874762,-0.351727,109.944,5.52646,19.5629,0.558267,0.810731,0.136302,-0.111688
480,0,-0.462356,-0.407987,1.77787,0.667947,0.00731975,1.95132,0.929851,0.367857,-0.00760162,0.122563,-0.329157,-0.936287,-0.346922,0.869676,-0.351153,109.369,7.04006,20.4602,0.558914,0.8078,0.151777,-0.109719
487,0,-0.461878,-0.407151,1.77695,0.667947,0.00731975,1.95132,0.930012,0.367528,-0.000350583,0.13104,-0.332481,-0.933962,-0.343374,0.86855,-0.357372,109.595,7.52968,20.2649,0.556812,0.8093,0.154012,-0.10618
495,0,-0.463385,-0.406293,1.77716,0.667947,0.00731975,1.95132,0.943779,0.328702,-0.0351559,0.0812556,-0.333749,-0.939153,-0.320435,0.883497,-0.341694,109.564,4.66074,18.7535,0.563102,0.809201,0.126655,-0.109859
502,0,-0.463516,-0.406278,1.77754,0.667947,0.00731975,1.95132,0.952696,0.297442,-0.062433,0.0451578,-0.341678,-0.938731,-0.30055,0.891507,-0.338948,110,2.58823,17.5091,0.56393,0.811376,0.105561,-0.111842
510,0,-0.463549,-0.40718,1.77947,0.667947,0.00731975,1.95132,0.954115,0.296584,-0.0412522,0.0724228,-0.362238,-0.929268,-0.290549,0.883641,-0.367096,111.296,4.15316,16.9367,0.553349,0.819062,0.112631,-0.101275
516,0,-0.463077,-0.407406,1.77869,0.667947,0.00731975,1.95132,0.952337,0.304304,-0.0212948,0.0977932,-0.370681,-0.923597,-0.288948,0.877493,-0.382773,111.868,5.61211,16.8783,0.547468,0.822464,0.122223,-0.0943028
522,0,-0.462979,-0.407432,1.77814,0.667947,0.00731975,1.95132,0.959486,0.280914,-0.0217902,0.0836849,-0.35797,-0.929975,-0.269043,0.890474,-0.366975,111.053,4.80041,15.6637,0.555549,0.819212,0.111265,-0.0887541
530,0,-0.462894,-0.407239,1.77792,0.667947,0.00731975,1.95132,0.967059,0.253153,-0.0266405,0.0667849,-0.353319,-0.933116,-0.245634,0.900599,-0.358587,110.739,3.82935,14.2518,0.560168,0.818377,0.0977354,-0.083175
537,0,-0.462578,-0.406629,1.77817,0.667947,0.00731975,1.95132,0.96839,0.248371,-0.0230791,0.0661998,-0.345107,-0.936226,-0.240496,0.905104,-0.35064,110.235,3.79574,13.947,0.564057,0.816109,0.0963629,-0.0807413
545,0,-0.470753,-0.408089,1.77821,0.667947,0.00731975,1.95132,0.971545,0.236686,0.00890663,0.0937128,-0.349591,-0.932204,-0.217526,0.906513,-0.361824,110.557,5.37724,12.6202,0.561277,0.818987,0.100856,-0.0636821
551,0,-0.473961,-0.406676,1.77757,0.667947,0.00731975,1.95132,0.974777,0.223133,0.00470325,0.0860518,-0.356314,-0.930395,-0.205926,0.907332,-0.366527,110.955,4.93651,11.9286,0.55945,0.821221,0.0941235,-0.0612572
558,0,-0.474446,-0.407461,1.77693,0.667947,0.00731975,1.95132,0.979278,0.202337,-0.00859794,0.0650061,-0.354261,-0.932885,-0.191803,0.912995,-0.360073,110.794,3.7272,11.0817,0.562349,0.820611,0.0814462,-0.0610522
565,0,-0.474919,-0.406309,1.77637,0.667947,0.00731975,1.95132,0.982573,0.18149,-0.040142,0.0259628,-0.347849,-0.937191,-0.184054,0.919817,-0.346499,110.363,1.48773,10.6096,0.5675,0.818065,0.0633973,-0.0685141
573,0,-0.474787,-0.405818,1.7739,0.667947,0.00731975,1.95132,0.990626,0.123813,-0.0577159,-0.0104717,-0.352432,-0.935779,-0.136203,0.927611,-0.347832,110.637,-0.599994,7.82861,0.56797,0.820197,0.0345471,-0.0591074
580,0,-0.474903,-0.406251,1.77517,0.667947,0.00731975,1.95132,0.994498,0.0912191,-0.0515111,-0.0161783,-0.35208,-0.93583,-0.103502,0.931514,-0.348667,110.617,-0.926987,5.94163,0.568716,0.82086,0.0228543,-0.0472105
587,0,-0.47423,-0.406162,1.77476,0.667947,0.00731975,1.95132,0.994588,0.0918458,-0.0485614,-0.0129938,-0.353778,-0.935239,-0.103078,0.930809,-0.35067,110.72,-0.744512,5.91693,0.567922,0.821437,0.0239982,-0.0461506
594,0,-0.475163,-0.406245,1.77597,0.667947,0.00731975,1.95132,0.998698,0.00381704,-0.0508703,-0.0464832,-0.342725,-0.938285,-0.021016,0.939428,-0.342101,110.066,-2.66425,1.20552,0.573121,0.819073,-0.0130227,-0.0219414
601,0,-0.474619,-0.405582,1.7757,0.667947,0.00731975,1.95132,0.99824,-0.000568083,-0.059305,-0.056189,-0.329054,-0.942638,-0.018979,0.944311,-0.328506,109.243,-3.22109,1.08921,0.578939,0.814831,-0.0174138,-0.0240185
608,0,-0.474572,-0.405995,1.77495,0.667947,0.00731975,1.95132,0.998588,0.00360996,-0.0530082,-0.0486129,-0.340527,-0.938977,-0.0214404,0.940228,-0.33987,109.934,-2.78641,1.22999,0.574062,0.81838,-0.0137476,-0.0227427
616,0,-0.474462,-0.405647,1.77436,0.667947,0.00731975,1.95132,0.999293,0.0119906,-0.0356296,-0.0290742,-0.354313,-0.934675,-0.0238314,0.93505,-0.353714,110.761,-1.66606,1.36614,0.568169,0.822697,-0.00519133,-0.0180689
623,0,-0.474314,-0.406385,1.77438,0.667947,0.00731975,1.95132,0.999537,0.0246556,-0.0178074,-0.00724616,-0.375588,-0.926758,-0.029538,0.926459,-0.375236,112.061,-0.415178,1.69269,0.558729,0.829211,0.00524879,-0.0142742
629,0,-0.475114,-0.406666,1.77459,0.667947,0.00731975,1.95132,0.99882,0.0276398,-0.039944,-0.0269464,-0.368905,-0.929077,-0.040415,0.929056,-0.367724,111.656,-1.5441,2.31708,0.561736,0.82696,0.000209615,-0.0242935
636,0,-0.475126,-0.406137,1.77552,0.667947,0.00731975,1.95132,0.9985,0.00324607,-0.0546465,-0.0499366,-0.355007,-0.933529,-0.0224302,0.934858,-0.354313,110.821,-2.86234,1.28687,0.56771,0.822773,-0.0141869,-0.0234198
644,0,-0.473459,-0.406068,1.77434,0.667947,0.00731975,1.95132,0.997483,-0.0287304,-0.0648298,-0.0707644,-0.344591,-0.936082,0.00455421,0.938313,-0.345757,110.21,-4.05789,-0.261594,0.57165,0.81973,-0.0303437,-0.0183828
651,0,-0.474482,-0.405363,1.77538,0.667947,0.00731975,1.95132,0.989768,-0.124596,-0.0695287,-0.105868,-0.314599,-0.943302,0.0956585,0.941012,-0.324571,108.444,-6.07716,-5.52034,0.581076,0.8107,-0.0710695,0.0080578
658,0,-0.47417,-0.405395,1.77418,0.667947,0.00731975