170,0,-0.33769,-0.388009,1.45803,-nan,-nan,-nan,0.828971,0.558802,0.023408,0.183536,-0.23226,-0.95518,-0.52832,0.796113,-0.295098,103.667,10.5758,32.5102,0.570441,0.767517,0.241799,-0.164463
178,0,-0.33707,-0.387429,1.46238,-nan,-nan,-nan,0.8257,0.563351,0.0292509,0.166959,-0.194522,-0.966585,-0.538836,0.802992,-0.254673,101.379,9.61104,33.1277,0.586623,0.754138,0.242101,-0.16893
187,0,-0.337484,-0.388257,1.46716,-nan,-nan,-nan,0.81834,0.574018,0.0286778,0.1591,-0.178306,-0.971027,-0.552274,0.799193,-0.237241,100.405,9.15466,34.0143,0.592198,0.74731,0.245253,-0.17516
195,0,-0.339158,-0.389288,1.47107,-nan,-nan,-nan,0.814062,0.580045,0.0291691,0.162322,-0.179013,-0.970364,-0.557633,0.794671,-0.239881,100.452,9.34168,34.4112,0.590586,0.747154,0.248398,-0.176826
204,0,-0.340805,-0.391355,1.47748,-nan,-nan,-nan,0.813987,0.580045,0.0311847,0.167153,-0.182478,-0.968897,-0.556314,0.793882,-0.245491,100.666,9.62234,34.3504,0.588646,0.748658,0.249513,-0.175357
212,0,-0.343157,-0.393961,1.48739,-nan,-nan,-nan,0.811085,0.583959,0.0336583,0.168271,-0.177834,-0.969567,-0.560202,0.792065,-0.242502,100.393,9.68729,34.6322,0.58965,0.746897,0.251785,-0.176244
221,0,-0.345128,-0.3962,1.49567,-nan,-nan,-nan,0.804019,0.593914,0.0286448,0.167753,-0.180354,-0.969191,-0.57045,0.784053,-0.244639,100.541,9.65721,35.3556,0.58716,0.746494,0.255082,-0.18145
229,0,-0.347157,-0.398827,1.50505,-nan,-nan,-nan,0.813363,0.580852,0.0324367,0.167998,-0.181135,-0.969003,-0.556971,0.7936,-0.24491,100.588,9.67146,34.4024,0.588922,0.748233,0.250206,-0.175258
238,0,-0.349699,-0.40464,1.5154,-nan,-nan,-nan,0.800696,0.598214,0.0320243,0.173198,-0.179986,-0.968301,-0.573488,0.780862,-0.247724,100.53,9.97383,35.6116,0.585873,0.746392,0.25838,-0.18136
247,0,-0.350304,-0.403386,1.52008,-nan,-nan,-nan,0.810362,0.585256,0.0280731,0.166824,-0.18453,-0.968565,-0.561678,0.789572,-0.247171,100.787,9.60321,34.7266,0.587082,0.748676,0.251137,-0.178183
255,0,-0.351546,-0.403947,1.52438,-nan,-nan,-nan,0.824964,0.56453,0.0272244,0.15691,-0.18249,-0.970606,-0.542968,0.804987,-0.239128,100.648,9.02758,33.3518,0.592315,0.74943,0.240663,-0.172045
262,0,-0.35241,-0.405706,1.53187,-nan,-nan,-nan,0.82827,0.559877,0.022526,0.153116,-0.187478,-0.970262,-0.539004,0.807087,-0.241009,100.936,8.80752,33.0544,0.591562,0.751125,0.237308,-0.171901
271,0,-0.354291,-0.405076,1.54049,-nan,-nan,-nan,0.828915,0.559301,0.00909534,0.140035,-0.191742,-0.971404,-0.541563,0.806485,-0.23726,101.166,8.04986,33.1582,0.59159,0.751318,0.232703,-0.177178
279,0,-0.355173,-0.402503,1.55441,-nan,-nan,-nan,0.889604,0.456644,0.00896775,0.106589,-0.188477,-0.976276,-0.444121,0.869455,-0.216344,100.927,6.11873,26.5299,0.609258,0.757368,0.185918,-0.14364
288,0,-0.373195,-0.416754,1.58622,-nan,-nan,-nan,0.920317,0.390881,0.0151097,0.113426,-0.229693,-0.966631,-0.374367,0.891321,-0.255727,103.367,6.51286,22.1355,0.598936,0.775522,0.16257,-0.115811
296,0,-0.394792,-0.418999,1.59263,-nan,-nan,-nan,0.91617,0.396669,0.0573275,0.163871,-0.240208,-0.95679,-0.365758,0.885976,-0.285074,104.093,9.43165,21.7631,0.589679,0.781257,0.179371,-0.0986968
304,0,-0.406517,-0.420526,1.59707,-nan,-nan,-nan,0.922381,0.381265,0.0620544,0.158227,-0.226363,-0.961106,-0.352389,0.896324,-0.269119,103.253,9.10397,20.909,0.597264,0.777474,0.173476,-0.0933584
312,0,-0.419362,-0.420497,1.60232,-nan,-nan,-nan,0.930372,0.362324,0.0559404,0.137947,-0.2046,-0.969077,-0.339674,0.909319,-0.240336,101.922,7.92906,20.0569,0.609392,0.770602,0.162299,-0.0920494
320,0,-0.433716,-0.423491,1.61606,-nan,-nan,-nan,0.930511,0.362522,0.0522114,0.13939,-0.218688,-0.965788,-0.338701,0.905954,-0.254024,102.759,8.01258,20.0012,0.603697,0.775117,0.161883,-0.0924022
328,0,-0.44754,-0.425802,1.62525,-nan,-nan,-nan,0.930889,0.362835,0.0423907,0.135366,-0.234837,-0.962563,-0.339297,0.901777,-0.267723,103.711,7.7798,20.0262,0.597564,0.779976,0.159685,-0.0951653
337,0,-0.460626,-0.428233,1.63236,-nan,-nan,-nan,0.927361,0.371255,0.0466002,0.139876,-0.228463,-0.963452,-0.34704,0.899986,-0.263797,103.34,8.04065,20.517,0.598978,0.777756,0.164297,-0.0965726
345,0,-0.473697,-0.429319,1.63873,-nan,-nan,-nan,0.926027,0.373774,0.0526053,0.139786,-0.210136,-0.967627,-0.35062,0.903402,-0.24684,102.252,8.03547,20.7381,0.606022,0.771849,0.166341,-0.0965261
354,0,-0.485691,-0.43051,1.64403,-nan,-nan,-nan,0.917455,0.39438,0.0523567,0.139387,-0.195382,-0.970771,-0.372623,0.897937,-0.234226,101.38,8.01237,22.1045,0.609887,0.766006,0.174204,-0.104525
362,0,-0.499427,-0.433501,1.65704,-nan,-nan,-nan,0.912328,0.407019,0.044644,0.127799,-0.179471,-0.975427,-0.389005,0.895615,-0.215753,100.425,7.34244,23.0928,0.615854,0.759531,0.176036,-0.113346
371,0,-0.514655,-0.43598,1.66437,-nan,-nan,-nan,0.897416,0.438412,0.0493829,0.143028,-0.183218,-0.972612,-0.417357,0.879901,-0.227128,100.668,8.22308,24.9415,0.609727,0.759566,0.191372,-0.121113
380,0,-0.523307,-0.438829,1.67687,-nan,-nan,-nan,0.884497,0.463915,0.0494825,0.14387,-0.170322,-0.974829,-0.44381,0.869352,-0.217393,99.9107,8.27182,26.6459,0.611715,0.753693,0.201602,-0.130798
389,0,-0.523598,-0.440934,1.68519,-nan,-nan,-nan,0.870933,0.487687,0.060312,0.161911,-0.168912,-0.972242,-0.463962,0.856522,-0.226073,99.8559,9.31785,28.0451,0.607443,0.752648,0.215771,-0.134077
398,0,-0.518182,-0.443766,1.69396,-nan,-nan,-nan,0.846113,0.52948,0.0611879,0.172186,-0.162884,-0.971504,-0.504426,0.832538,-0.228987,99.5178,9.91492,30.8021,0.60296,0.747995,0.234516,-0.148142
408,0,-0.517105,-0.446315,1.70358,-nan,-nan,-nan,0.832735,0.550987,0.0544559,0.170896,-0.162234,-0.971841,-0.526637,0.818593,-0.229259,99.4772,9.83991,32.31,0.600259,0.745692,0.242018,-0.158303
416,0,-0.516304,-0.446365,1.70806,-nan,-nan,-nan,0.827971,0.55886,0.0462484,0.172521,-0.175384,-0.969266,-0.533573,0.810503,-0.241628,100.256,9.93441,32.7991,0.593919,0.749163,0.244066,-0.162623
425,0,-0.518945,-0.44682,1.7153,-nan,-nan,-nan,0.83543,0.548039,0.0413436,0.16529,-0.1788,-0.969902,-0.524152,0.817119,-0.23996,100.445,9.51409,32.1043,0.59512,0.750698,0.237555,-0.160787
432,0,-0.521653,-0.445041,1.72273,-nan,-nan,-nan,0.812986,0.580543,0.0449809,0.176678,-0.172334,-0.969064,-0.554832,0.795783,-0.242675,100.084,10.1763,34.312,0.591181,0.746324,0.25365,-0.170787
441,0,-0.524989,-0.442429,1.73176,-nan,-nan,-nan,0.78124,0.622222,0.0500376,0.187775,-0.157803,-0.969453,-0.595319,0.766771,-0.24012,99.2453,10.823,37.3081,0.588072,0.738099,0.274352,-0.184691
448,0,-0.528382,-0.431938,1.7389,-nan,-nan,-nan,0.85587,0.514633,0.0513819,0.151344,-0.154212,-0.976378,-0.494552,0.843428,-0.209873,98.9753,8.70484,30.0209,0.610693,0.744976,0.22349,-0.14872
457,0,-0.531188,-0.425143,1.74517,-nan,-nan,-nan,0.845781,0.529504,0.0654195,0.162122,-0.138247,-0.977038,-0.508302,0.836967,-0.202771,98.0537,9.3301,31.0052,0.613344,0.739392,0.23385,-0.149746
465,0,-0.533727,-0.402344,1.75451,-nan,-nan,-nan,0.851235,0.517426,0.0875689,0.179327,-0.129981,-0.975165,-0.493194,0.845799,-0.203433,97.5923,10.3306,30.0874,0.615999,0.739028,0.235699,-0.137216
474,0,-0.533195,-0.389714,1.75613,-nan,-nan,-nan,0.843678,0.532279,0.0699019,0.175731,-0.150782,-0.972822,-0.507273,0.833033,-0.220749,98.8104,10.1212,31.017,0.60666,0.744179,0.237849,-0.146931
483,0,-0.528058,-0.376243,1.75422,-nan,-nan,-nan,0.835228,0.548743,0.0357071,0.16158,-0.182833,-0.969775,-0.525629,0.815753,-0.241373,100.677,9.29863,32.1832,0.593932,0.751571,0.23628,-0.162966
492,0,-0.520392,-0.35649,1.7521,-nan,-nan,-nan,0.834733,0.550561,0.010176,0.158136,-0.221975,-0.962143,-0.52746,0.804742,-0.272354,102.991,9.09875,32.2884,0.578879,0.763063,0.232188,-0.169476
500,0,-0.514746,-0.335311,1.74968,-nan,-nan,-nan,0.836167,0.548392,-0.00955178,0.160572,-0.261411,-0.951778,-0.524444,0.794311,-0.30664,105.358,9.24008,32.096,0.563053,0.775277,0.228616,-0.172195
509,0,-0.514826,-0.317911,1.75316,-nan,-nan,-nan,0.840373,0.541954,-0.00772087,0.169113,-0.275713,-0.946247,-0.514951,0.793894,-0.323353,106.245,9.73625,31.4985,0.55707,0.780935,0.227633,-0.167322
516,0,-0.516354,-0.30593,1.75818,-nan,-nan,-nan,0.850407,0.526102,0.00506561,0.163416,-0.254974,-0.953039,-0.500104,0.811298,-0.302805,104.978,9.40523,30.4588,0.568469,0.775916,0.222162,-0.159501
525,0,-0.517938,-0.294202,1.76003,-nan,-nan,-nan,0.864253,0.499774,0.0573831,0.186213,-0.21186,-0.959396,-0.467324,0.839846,-0.276165,102.453,10.7319,28.4012,0.586564,0.766857,0.223636,-0.133643
533,0,-0.524668,-0.283893,1.75763,-nan,-nan,-nan,0.863772,0.503848,0.00602532,0.100347,-0.160287,-0.981956,-0.493791,0.848791,-0.189011,99.2708,5.75916,29.7552,0.61532,0.74382,0.203072,-0.163939
541,0,-0.525534,-0.279211,1.75668,-nan,-nan,-nan,0.846108,0.531643,0.0381695,0.0940926,-0.0784936,-0.992464,-0.52464,0.843324,-0.116438,94.5221,5.39909,31.8015,0.642491,0.714325,0.218995,-0.170256
550,0,-0.526099,-0.276896,1.75573,-nan,-nan,-nan,0.83891,0.542706,0.0412449,0.060581,-0.0177986,-0.998005,-0.540889,0.839734,-0.0478091,91.0217,3.47316,32.812,0.665827,0.690021,0.218575,-0.181025
558,0,-0.525943,-0.269652,1.75536,-nan,-nan,-nan,0.850578,0.525279,0.0244672,0.0350745,-0.0102474,-0.999332,-0.524677,0.850869,-0.0271401,90.5875,2.01003,31.6683,0.673274,0.687016,0.203908,-0.182023
566,0,-0.525225,-0.266728,1.75416,-nan,-nan,-nan,0.844838,0.534392,-0.0259701,-0.0907971,0.0953699,-0.991292,-0.527262,0.839839,0.129093,84.5046,-5.20947,31.9682,0.719253,0.63647,0.17424,-0.217305
575,0,-0.52459,-0.265391,1.75208,-nan,-nan,-nan,0.831554,0.553712,-0.0438257,-0.124461,0.108854,-0.986235,-0.54132,0.825563,0.159434,83.7015,-7.14966,33.0631,0.724542,0.625153,0.171658,-0.234001
584,0,-0.525532,-0.266108,1.75296,-nan,-nan,-nan,0.834249,0.550855,-0.0242304,-0.0978745,0.104694,-0.989677,-0.542632,0.828008,0.141256,83.9613,-5.61679,33.0417,0.721145,0.630139,0.179715,-0.224896
592,0,-0.525731,-0.266768,1.75303,-nan,-nan,-nan,0.838093,0.545246,-0.0175464,-0.0791313,0.0896823,-0.992822,-0.539758,0.833465,0.118308,84.8384,-4.53863,32.7828,0.715207,0.638377,0.182539,-0.21825
601,0,-0.525623,-0.267157,1.75548,-nan,-nan,-nan,0.833039,0.552923,-0.0179497,-0.0488401,0.0411858,-0.997957,-0.551055,0.832214,0.0613142,87.6367,-2.79944,33.4846,0.695618,0.65775,0.191594,-0.216269
609,0,-0.525321,-0.267177,1.75436,-nan,-nan,-nan,0.868036,0.495774,-0.02687,-0.0808162,0.0876874,-0.992864,-0.48988,0.864014,0.116182,84.9529,-4.63548,29.4384,0.719706,0.645013,0.160833,-0.200287
617,0,-0.525079,-0.266332,1.75366,-nan,-nan,-nan,0.88109,0.472237,-0.025936,-0.0838583,0.10202,-0.991241,-0.465455,0.875548,0.12949,84.1237,-4.81037,27.8462,0.726739,0.64218,0.151195,-0.191298
626,0,-0.525679,-0.266931,1.75298,-nan,-nan,-nan,0.89171,0.452509,-0.00945144,-0.0342495,0.0466401,-0.998324,-0.45131,0.890539,0.0570877,87.3252,-1.96274,26.8448,0.7063,0.668577,0.156399,-0.172292
635,0,-0.525553,-0.266996,1.75333,-nan,-nan,-nan,0.898051,0.439521,-0.0180223,-0.0474719,0.0561032,-0.997296,-0.437322,0.896478,0.0712485,86.7802,-2.72096,25.9646,0.711583,0.665338,0.147312,-0.171095
644,0,-0.525206,-0.266783,1.75213,-nan,-nan,-nan,0.902166,0.430364,-0.0297181,-0.0661176,0.069868,-0.995363,-0.426292,0.899947,0.0914872,85.9848,-3.79102,25.2917,0.718248,0.659699,0.138035,-0.17281
652,0,-0.525076,-0.266668,1.75202,-nan,-nan,-nan,0.942628,0.33316,-0.0213543,-0.0564694,0.096075,-0.993771,-0.329034,0.937963,0.109376,84.478,-3.23718,19.242,0.732816,0.65901,0.104965,-0.132922
661,0,-0.52573,-0.267167,1.75379,-nan,-nan,-nan,0.829894,0.557796,-0.0117881,-0.0690757,0.0817595,-0.994255,-0.553628,0.825941,0.106382,85.299,-3.9609,33.7075,0.710288,0.640654,0.190712,-0.22064
669,0,-0.525637,-0.2674,1.75424,-nan,-nan,-nan,0.802343,0.596632,-0.0166153,-0.0673039,0.062779,-0.995755,-0.593056,0.800056,0.090526,86.3925,-3.85915,36.4702,0.699222,0.642074,0.206101,-0.237384
677,0,-0.525968,-0.267583,1.75427,-nan,-nan,-nan,0.777175,0.629271,-0.00416085,-0.0428684,0.0463452,-0.998005,-0.627823,0.775803,0.0629942,87.3412,-2.45693,38.9322,0.686752,0.645724,0.227033,-0.244681
686,0,-0.525698,-0.266756,1.75374,-nan,-nan,-nan,0.76753,0.640964,0.00796735,-0.0270876,0.0448495,-0.998626,-0.640441,0.76626,0.0517855,87.4285,-1.55219,39.8422,0.682672,0.646315,0.237452,-0.244646
694,0,-0.525029,-0.265859,1.75187,-nan,-nan,-nan,0.74761,0.664083,-0.00855376,-0.0664589,0.0619907,-0.995862,-0.660805,0.745084,0.0904791,86.438,-3.81062,41.4731,0.689217,0.631494,0.236591,-0.26499
703,0,-0.524878,-0.266439,1.75114,-nan,-nan,-nan,0.736256,0.676104,-0.0284594,-0.0961587,0.0628993,-0.993377,-0.669836,0.734116,0.111323,86.3769,-5.51801,42.2955,0.6911,0.624907,0.232013,-0.27936
712,0,-0.524683,-0.266287,1.75137,-nan,-nan,-nan,0.716975,0.696406,-0.0310779,-0.110897,0.0699311,-0.991369,-0.688222,0.714233,0.127368,85.965,-6.36701,43.8278,0.691786,0.616376,0.237481,-0.291746
720,0,-0.525096,-0.265932,1.75064,-nan,-nan,-nan,0.709057,0.704348,-0.0336301,-0.119674,0.0731995,-0.990111,-0.694921,0.70607,0.136195,85.7718,-6.87327,44.4231,0.692541,0.612304,0.238719,-0.297463
729,0,-0.524687,-0.266869,1.75067,-nan,-nan,-nan,0.698375,0.715297,-0.024972,-0.0856633,0.0488955,-0.995124,-0.710588,0.697108,0.0954221,87.187,-4.91417,45.4966,0.678729,0.623309,0.252537,-0.295022
738,0,-0.524704,-0.267258,1.75155,-nan,-nan,-nan,0.647615,0.761815,-0.0152511,-0.0727377,0.0418852,-0.996471,-0.758488,0.646439,0.0825382,87.5931,-4.17125,49.5085,0.66559,0.617088,0.279165,-0.313464
746,0,-0.525025,-0.267342,1.75148,-nan,-nan,-nan,0.582953,0.812417,-0.0119854,-0.0732528,0.0378603,-0.996595,-0.809197,0.581846,0.0815826,87.8244,-4.20084,54.2307,0.65238,0.604878,0.305501,-0.3394
755,0,-0.524674,-0.266724,1.75169,-nan,-nan,-nan,0.619876,0.784278,-0.0257244,-0.0904527,0.0388511,-0.995143,-0.779469,0.619192,0.095023,87.7643,-5.18965,51.5064,0.662146,0.609508,0.284584,-0.330263
763,0,-0.52498,-0.266862,1.75175,-nan,-nan,-nan,0.55658,0.830361,-0.0268126,-0.0973703,0.033147,-0.994696,-0.825068,0.556239,0.0993015,88.0914,-5.58776,55.9969,0.649813,0.596685,0.30711,-0.356922
772,0,-0.524514,-0.266663,1.75071,-nan,-nan,-nan,0.514957,0.85674,-0.0285577,-0.0985554,0.026079,-0.99479,-0.851531,0.515089,0.0978659,88.4983,-5.65599,58.8369,0.640098,0.589706,0.321425,-0.373105
780,0,-0.524658,-0.267331,1.75027,-nan,-nan,-nan,0.502926,0.864103,-0.0197773,-0.0702631,0.0180673,-0.997365,-0.861469,0.50299,0.0698011,88.9622,-4.0291,59.7236,0.630633,0.594781,0.333669,-0.370408
788,0,-0.524632,-0.266504,1.74925,-nan,-nan,-nan,0.479545,0.877386,-0.0152006,-0.0794719,0.0261721,-0.996493,-0.873911,0.479071,0.0822783,88.4955,-4.55821,61.2449,0.630078,0.585469,0.340716,-0.379658
796,0,-0.524515,-0.266145,1.74902,-nan,-nan,-nan,0.430171,0.902642,-0.0137931,-0.105653,0.0351651,-0.993781,-0.896544,0.428953,0.110494,87.9734,-6.06479,64.3679,0.62766,0.566681,0.351604,-0.401609
805,0,-0.524662,-0.266022,1.75027,-nan,-nan,-nan,0.334337,0.942182,-0.0226153,-0.116942,0.0176628,-0.992982,-0.93517,0.334635,0.116086,88.981,-6.71568,70.3273,0.605823,0.547857,0.376577,-0.43706
813,0,-0.524811,-0.266633,1.75048,-nan,-nan,-nan,0.274451,0.961083,-0.0315658,-0.0942462,-0.00578394,-0.995532,-0.956971,0.2762,0.088991,90.3329,-5.40794,73.9976,0.582593,0.545721,0.397106,-0.452859
822,0,-0.524839,-0.267777,1.75076,-nan,-nan,-nan,0.206247,0.978255,-0.0219186,-0.0365101,-0.014691,-0.999225,-0.977819,0.206887,0.0326862,90.8423,-2.09234,78.0895,0.553227,0.545035,0.431965,-0.458566
830,0,-0.52481,-0.268331,1.75054,-nan,-nan,-nan,0.155859,0.987529,-0.0222485,-0.0288664,-0.0179606,-0.999422,-0.987357,0.156411,0.0257071,91.0295,-1.65415,81.0296,0.539353,0.53575,0.447346,-0.471118
838,0,-0.524729,-0.267305,1.75067,-nan,-nan,-nan,0.133172,0.990776,-0.0250432,-0.0599982,-0.0171626,-0.998051,-0.989275,0.134415,0.0571592,90.9852,-3.43971,82.3332,0.541565,0.522775,0.445114,-0.485064
847,0,-0.524985,-0.266649,1.74951,-nan,-nan,-nan,0.111943,0.993576,-0.0165716,-0.0772527,-0.00792454,-0.99698,-0.990707,0.112885,0.0758693,90.4554,-4.43067,83.5533,0.543113,0.510881,0.448404,-0.492912
856,0,-0.524846,-0.266902,1.74992,0.237018,-0.139038,0.641907,0.0876123,0.995996,-0.0177687,-0.0839246,-0.0103938,-0.996418,-0.992613,0.0887897,0.0826779,90.5976,-4.81419,84.9559,0.538492,0.503817,0.45258,-0.501363
864,0,-0.523655,-0.266353,1.74842,0.237018,-0.139038,0.641907,0.122091,0.992245,-0.0233282,-0.0906319,-0.0122602,-0.995809,-0.988372,0.123693,0.0884322,90.7054,-5.19996,82.9581,0.547326,0.511351,0.440799,-0.494621
873,0,-0.524325,-0.266499,1.74839,0.237018,-0.139038,0.641907,0.179483,0.983725,-0.00845342,-0.0867218,0.00726197,-0.996206,-0.979931,0.179536,0.0866137,89.5823,-4.97504,79.6208,0.564216,0.520963,0.430455,-0.474307
881,0,-0.524366,-0.266288,1.74785,0.237018,-0.139038,0.641907,0.205313,0.978558,-0.0164515,-0.0947514,0.00314366,-0.995496,-0.974099,0.205947,0.0933652,89.8191,-5.43701,78.0979,0.570487,0.526499,0.419662,-0.470348
888,0,-0.524559,-0.266322,1.74891,0.237018,-0.139038,0.641907,0.216736,0.976196,-0.00817292,-0.0722503,0.00769097,-0.997357,-0.973553,0.216753,0.0721974,89.5582,-4.14325,77.4493,0.569347,0.533115,0.423898,-0.460372
897,1,-0.529333,-0.26253,1.75387,0.237018,-0.139038,0.641907,0.229398,0.973332,0.000741554,-0.0633903,0.0157003,-0.997865,-0.971266,0.228862,0.0653015,89.0986,-3.63443,76.7111,0.572364,0.535816,0.424559,-0.452825
905,1,-0.531682,-0.258122,1.7561,0.237018,-0.139038,0.641907,0.226927,0.972779,0.0469583,5.96534e-05,0.0482023,-0.998838,-0.973912,0.226666,0.0108804,87.2371,0.00341789,76.8838,0.567012,0.540334,0.45011,-0.42888
913,1,-0.524071,-0.270692,1.75702,0.237018,-0.139038,0.641907,0.228611,0.968612,0.0976099,-0.0405852,0.109661,-0.99314,-0.972672,0.223081,0.064381,83.699,-2.326,76.7736,0.592168,0.513461,0.451849,-0.42606
922,1,-0.518743,-0.28058,1.76419,0.237018,-0.139038,0.641907,0.20809,0.968023,0.140106,-0.0520131,0.15399,-0.986702,-0.976726,0.198036,0.0823937,81.1297,-2.98148,77.973,0.600931,0.492876,0.464625,-0.424356
930,1,-0.509557,-0.289983,1.77455,0.237018,-0.139038,0.641907,0.19983,0.96397,0.175584,-0.0854906,0.195668,-0.976937,-0.976094,0.18021,0.121511,78.6742,-4.90424,78.4301,0.615834,0.469748,0.467527,-0.426032
938,1,-0.498761,-0.294613,1.78769,0.237018,-0.139038,0.641907,0.216376,0.945217,0.244432,-0.0878552,0.268198,-0.959349,-0.972349,0.186105,0.141074,74.381,-5.04023,77.4545,0.637504,0.449195,0.477166,-0.405123
947,1,-0.487467,-0.293975,1.80079,0.237018,-0.139038,0.641907,0.197033,0.949792,0.24305,-0.0577077,0.258715,-0.964228,-0.978697,0.175959,0.105786,74.9805,-3.30825,78.6173,0.624807,0.456216,0.48885,-0.403125
955,1,-0.486675,-0.297897,1.79884,0.237018,-0.139038,0.641907,0.0998614,0.993461,0.0553523,0.115826,0.0436456,-0.99231,-0.988237,0.105505,-0.11071,87.4815,6.65126,84.2298,0.508133,0.540122,0.513443,-0.431794
964,1,-0.488609,-0.300593,1.79646,0.237018,-0.139038,0.641907,0.076024,0.996434,0.0365949,0.167183,0.0234433,-0.985647,-0.98299,0.0810509,-0.164805,88.6375,9.6241,85.5776,0.48339,0.551676,0.52731,-0.428873
972,1,-0.487912,-0.302156,1.7943,0.237018,-0.139038,0.641907,0.0463424,0.997929,0.0446139,0.211725,0.0338346,-0.976743,-0.97623,0.0547105,-0.209719,88.0161,12.2235,87.2822,0.466492,0.552772,0.547086,-0.421338
981,1,-0.488097,-0.300874,1.79423,0.237018,-0.139038,0.641907,0.0250313,0.998351,0.0516508,0.23488,0.0443473,-0.971012,-0.971702,0.0364375,-0.233383,87.385,13.5845,88.5244,0.457164,0.550923,0.55962,-0.417504
989,1,-0.488415,-0.300985,1.7942,0.237018,-0.139038,0.641907,-0.0367137,0.997465,0.0609498,0.231164,0.0678135,-0.970549,-0.972222,-0.0215431,-0.233067,86.0032,13.3656,92.1626,0.446663,0.531164,0.578272,-0.428904
998,1,-0.487527,-0.300244,1.79309,0.237018,-0.139038,0.641907,-0.0613043,0.996609,0.0548761,0.238449,0.0680109,-0.968771,-0.969218,-0.0463047,-0.24181,85.9842,13.795,93.6192,0.437292,0.527374,0.585475,-0.433441
1006,1,-0.487699,-0.29994,1.79301,0.237018,-0.139038,0.641907,-0.0747609,0.995508,0.0580987,0.230501,0.0739354,-0.970259,-0.970196,-0.0591456,-0.234993,85.6424,13.3266,94.4064,0.437087,0.521128,0.588152,-0.437559
1015,1,-0.487714,-0.299209,1.79554,0.237018,-0.139038,0.641907,-0.100855,0.993518,0.05244,0.219639,0.0736425,-0.972798,-0.970354,-0.0865936,-0.225642,85.6709,12.6878,95.9338,0.432188,0.512627,0.591637,-0.447652
1023,1,-0.487587,-0.29905,1.79504,0.237018,-0.139038,0.641907,-0.130704,0.990056,0.0520191,0.220359,0.0801678,-0.972119,-0.966622,-0.115597,-0.228646,85.2857,12.7301,97.7007,0.424505,0.504424,0.5999,-0.453291
1031,1,-0.487748,-0.298655,1.79454,0.237018,-0.139038,0.641907,-0.0692821,0.996756,0.0409447,0.192736,0.0536441,-0.979783,-0.978802,-0.0599899,-0.195828,86.8661,11.1125,94.0488,0.443997,0.517905,0.574185,-0.452717
1039,1,-0.487527,-0.298582,1.79483,0.237018,-0.139038,0.641907,-0.0360689,0.998364,0.0443585,0.204391,0.0508188,-0.977569,-0.978225,-0.0261933,-0.20589,87.0242,11.7939,92.1116,0.449683,0.528915,0.568502,-0.441407
1048,1,-0.487496,-0.29931,1.79378,0.237018,-0.139038,0.641907,-0.0740041,0.996362,0.0422698,0.187809,0.0555519,-0.980633,-0.979414,-0.0646323,-0.191237,86.7577,10.825,94.321,0.444497,0.515189,0.574629,-0.454757
1056,1,-0.487419,-0.300928,1.7923,0.237018,-0.139038,0.641907,-0.0727227,0.996451,0.0423815,0.187635,0.0554045,-0.980675,-0.979543,-0.063365,-0.190999,86.7664,10.8148,94.2459,0.444883,0.515478,0.574266,-0.454511
1064,1,-0.487035,-0.30807,1.79271,0.237018,-0.139038,0.641907,0.0421544,0.998129,0.0442814,0.18062,0.0359774,-0.982895,-0.982649,0.0494314,-0.178765,87.9037,10.4059,87.5436,0.474175,0.544275,0.541431,-0.431017
1072,1,-0.48729,-0.3016,1.79369,0.237018,-0.139038,0.641907,-0.0546747,0.997336,0.0482835,0.190998,0.0579091,-0.979881,-0.980067,-0.0443526,-0.193655,86.6179,11.011,93.193,0.449883,0.519873,0.571454,-0.448082
1079,1,-0.487488,-0.300734,1.79199,0.237018,-0.139038,0.641907,-0.126508,0.990941,0.0450781,0.18154,0.0678041,-0.981043,-0.975212,-0.115927,-0.188473,86.0463,10.4595,97.3914,0.433827,0.498538,0.58796,-0.466431
1088,1,-0.487336,-0.310319,1.79196,0.237018,-0.139038,0.641907,0.301404,0.95244,0.0448833,0.230839,-0.0272162,-0.972611,-0.925132,0.30351,-0.228063,91.6029,13.3465,71.9546,0.511401,0.623836,0.474195,-0.352757
1097,1,-0.487249,-0.311672,1.79281,0.237018,-0.139038,0.641907,0.327248,0.943822,0.045929,0.23158,-0.0329822,-0.972257,-0.916122,0.328805,-0.229364,91.9429,13.3901,70.3428,0.51597,0.630395,0.466137,-0.345098
1105,1,-0.487034,-0.310878,1.7917,0.237018,-0.139038,0.641907,0.331478,0.942469,0.0432918,0.215201,-0.0308533,-0.976082,-0.918592,0.332866,-0.213048,91.8105,12.4273,70.1578,0.521435,0.627571,0.461171,-0.348686
1114,1,-0.487263,-0.310793,1.79216,0.237018,-0.139038,0.641907,0.329806,0.943038,0.0436637,0.208246,-0.0275611,-0.977688,-0.920794,0.33154,-0.205474,91.6147,12.0196,70.2937,0.523634,0.625068,0.460464,-0.350814
1122,1,-0.487164,-0.310875,1.79228,0.237018,-0.139038,0.641907,0.310091,0.94979,0.0417354,0.202388,-0.0230559,-0.979034,-0.928915,0.312036,-0.199376,91.349,11.6766,71.5399,0.521454,0.618975,0.465357,-0.358326
1130,1,-0.48741,-0.311167,1.79284,0.237018,-0.139038,0.641907,0.305361,0.951107,0.0463762,0.21312,-0.0207948,-0.976805,-0.928081,0.308162,-0.20905,91.2196,12.3053,71.7875,0.518536,0.619517,0.469812,-0.355803
1138,1,-0.487171,-0.311231,1.79268,0.237018,-0.139038,0.641907,0.294617,0.954622,0.0435667,0.198008,-0.0163816,-0.980064,-0.934877,0.29737,-0.193849,90.9576,11.4205,72.5083,0.520669,0.613361,0.469801,-0.363289
1147,1,-0.487213,-0.309588,1.79124,0.237018,-0.139038,0.641907,0.198094,0.979184,0.044242,0.22277,-0.0010205,-0.974871,-0.954532,0.202972,-0.218335,90.06,12.8718,78.2758,0.494656,0.595284,0.504782,-0.382293
1154,1,-0.487555,-0.301952,1.79361,0.237018,-0.139038,0.641907,0.354718,0.933932,0.0441256,0.24191,-0.0460882,-0.969203,-0.903136,0.354468,-0.242276,92.7225,13.9993,68.557,0.516322,0.640914,0.458658,-0.335073
1162,1,-0.487013,-0.30497,1.7921,0.237018,-0.139038,0.641907,0.248392,0.967572,0.0458987,0.227299,-0.0121597,-0.973749,-0.941614,0.252304,-0.222948,90.7154,13.1381,75.2224,0.50331,0.608995,0.490509,-0.367702
1170,1,-0.487498,-0.298834,1.79468,0.237018,-0.139038,0.641907,0.504649,0.862344,0.0411489,0.20888,-0.0757128,-0.975006,-0.837675,0.500631,-0.218335,94.4403,12.0567,58.9336,0.550137,0.670577,0.399366,-0.296955
1178,1,-0.487074,-0.297729,1.79707,0.237018,-0.139038,0.641907,0.538626,0.841684,0.0380665,0.199557,-0.0835483,-0.976318,-0.818571,0.533467,-0.212965,94.8912,11.511,56.6548,0.557251,0.677337,0.384314,-0.288079
1187,1,-0.487815,-0.299555,1.79936,0.237018,-0.139038,0.641907,0.534578,0.843443,0.053205,0.187788,-0.0571675,-0.980544,-0.823992,0.534168,-0.188949,93.3367,10.8237,57.0259,0.567552,0.667213,0.386395,-0.288808
1195,1,-0.490003,-0.281558,1.8054,0.237018,-0.139038,0.641907,0.660786,0.749609,0.0380621,0.204547,-0.131055,-0.970044,-0.722165,0.648777,-0.23993,97.6942,11.803,47.5413,0.567847,0.712701,0.334697,-0.239968
1203,1,-0.490638,-0.276136,1.80775,0.237018,-0.139038,0.641907,0.692855,0.721038,0.0074867,0.168979,-0.152264,-0.973787,-0.700997,0.675959,-0.227337,98.8869,9.72848,45.3347,0.572987,0.719801,0.309119,-0.240869
1211,1,-0.49595,-0.278086,1.80652,0.237018,-0.139038,0.641907,0.733043,0.68015,-0.00669622,0.0830474,-0.0992681,-0.991589,-0.675094,0.726321,-0.129252,95.7168,4.76375,42.6435,0.613295,0.700279,0.272462,-0.243399
1220,1,-0.500165,-0.279571,1.80592,0.237018,-0.139038,0.641907,0.754473,0.655881,-0.0243075,0.0483536,-0.0924806,-0.99454,-0.654548,0.749178,-0.101488,95.3126,2.77154,40.9435,0.624601,0.697933,0.252257,-0.243166
1227,1,-0.498515,-0.274793,1.80386,0.237018,-0.139038,0.641907,0.761066,0.648673,0.00138595,0.112838,-0.130284,-0.985035,-0.638785,0.749833,-0.172349,97.5344,6.47892,40.0077,0.603828,0.718279,0.265047,-0.221849
1235,1,-0.495818,-0.27826,1.79966,0.237018,-0.139038,0.641907,0.818079,0.574847,-0.0172371,0.0689592,-0.127805,-0.989399,-0.570956,0.808218,-0.144196,97.3604,3.95421,34.9121,0.621707,0.722856,0.222661,-0.203427
1243,1,-0.48778,-0.28748,1.7974,0.237018,-0.139038,0.641907,0.856951,0.515228,0.0132689,0.0711826,-0.0928174,-0.993135,-0.510459,0.852012,-0.116215,95.3393,4.08191,30.781,0.641856,0.718676,0.20399,-0.172954
1251,1,-0.478974,-0.288808,1.80684,0.237018,-0.139038,0.641907,0.896543,0.440648,0.0451669,0.118901,-0.141176,-0.982818,-0.4267,0.886509,-0.178964,98.1743,6.82867,25.4516,0.627774,0.744426,0.187913,-0.12813
1259,1,-0.478298,-0.290554,1.81238,0.237018,-0.139038,0.641907,0.900697,0.42794,0.0749141,0.146741,-0.137365,-0.979591,-0.408916,0.893307,-0.18652,97.9823,8.4381,24.418,0.627856,0.745752,0.192652,-0.111968
1267,1,-0.479418,-0.292146,1.81502,0.237018,-0.139038,0.641907,0.891716,0.447326,0.0688619,0.154709,-0.158279,-0.975199,-0.425333,0.880254,-0.210345,99.219,8.89991,25.5003,0.617068,0.751721,0.200219,-0.118552
1275,1,-0.479923,-0.291971,1.81515,0.237018,-0.139038,0.641907,0.900433,0.429409,0.0694868,0.172157,-0.205087,-0.963484,-0.399478,0.879515,-0.258593,102.017,9.91325,23.9245,0.599323,0.768784,0.195623,-0.107309
1283,1,-0.47956,-0.291697,1.81456,0.237018,-0.139038,0.641907,0.910833,0.40979,0.0495561,0.158599,-0.236593,-0.958577,-0.381091,0.880963,-0.280489,103.864,9.12556,22.7043,0.590286,0.779088,0.182389,-0.106385
1292,1,-0.480007,-0.292397,1.81491,0.237018,-0.139038,0.641907,0.896691,0.436758,0.0720213,0.192195,-0.237578,-0.952165,-0.398755,0.86764,-0.296977,104.01,11.0809,23.9745,0.583553,0.779623,0.201685,-0.104773
1300,1,-0.478316,-0.291984,1.81128,0.237018,-0.139038,0.641907,0.903635,0.423795,0.0619858,0.179487,-0.243291,-0.953202,-0.388881,0.872472,-0.295912,104.318,10.3399,23.2847,0.584045,0.781479,0.192993,-0.104576
1308,1,-0.478108,-0.29115,1.81034,0.237018,-0.139038,0.641907,0.905395,0.420758,0.0567593,0.170923,-0.238847,-0.955896,-0.388644,0.875166,-0.288168,104.029,9.84148,23.2316,0.587022,0.779809,0.189688,-0.106399
1316,1,-0.4785,-0.291007,1.81083,0.237018,-0.139038,0.641907,0.901389,0.428355,0.0633243,0.1685,-0.212278,-0.962573,-0.39888,0.878322,-0.263523,102.436,9.70064,23.8702,0.59699,0.770907,0.193556,-0.108819
1324,1,-0.478352,-0.290929,1.81073,0.237018,-0.139038,0.641907,0.894233,0.44363,0.0594916,0.155478,-0.183227,-0.970698,-0.41973,0.87728,-0.232822,100.689,8.9445,25.1441,0.607903,0.759981,0.19708,-0.118502
1333,1,-0.478236,-0.290761,1.80974,0.237018,-0.139038,0.641907,0.879568,0.472937,0.0518746,0.159354,-0.190108,-0.968744,-0.448293,0.860343,-0.242578,101.103,9.1694,27.0068,0.601432,0.760305,0.207907,-0.130349
1341,1,-0.478535,-0.290643,1.80945,0.237018,-0.139038,0.641907,0.87955,0.472156,0.0588243,0.171448,-0.199173,-0.96485,-0.443843,0.85872,-0.256132,101.664,9.87202,26.7767,0.596709,0.764012,0.2106,-0.125986
1349,1,-0.478497,-0.290796,1.80948,0.237018,-0.139038,0.641907,0.88168,0.467374,0.0648272,0.175781,-0.197843,-0.964344,-0.437883,0.861638,-0.256589,101.594,10.1241,26.4111,0.597337,0.764217,0.210396,-0.122039
1357,1,-0.478496,-0.290036,1.80946,0.237018,-0.139038,0.641907,0.87284,0.484657,0.057072,0.152498,-0.159791,-0.9753,-0.463567,0.859985,-0.213382,99.3046,8.77172,27.9728,0.612305,0.749335,0.212573,-0.135618
1365,0,-0.478098,-0.290562,1.80892,0.237018,-0.139038,0.641907,0.873126,0.484381,0.0550155,0.149367,-0.158389,-0.976014,-0.464048,0.8604,-0.210644,99.2177,8.59025,27.9897,0.613207,0.748692,0.211618,-0.136582
1374,1,-0.478002,-0.289131,1.80812,0.237018,-0.139038,0.641907,0.873745,0.483309,0.0546104,0.141844,-0.1458,-0.979093,-0.465243,0.863223,-0.195946,98.4699,8.15455,28.0339,0.61887,0.744226,0.210001,-0.137939
1381,1,-0.478194,-0.289756,1.80744,0.237018,-0.139038,0.641907,0.879893,0.471962,0.0551444,0.137506,-0.141819,-0.980296,-0.454842,0.870138,-0.189683,98.2318,7.90358,27.3357,0.622172,0.743538,0.204922,-0.13439
1390,1,-0.478357,-0.289527,1.80778,0.237018,-0.139038,0.641907,0.883477,0.464797,0.0585878,0.141757,-0.146036,-0.97907,-0.446513,0.873291,-0.194908,98.4836,8.14951,26.8123,0.620994,0.745724,0.203344,-0.13005
1398,1,-0.477925,-0.289869,1.80777,0.237018,-0.139038,0.641907,0.874037,0.482581,0.0563521,0.14603,-0.150305,-0.977795,-0.463395,0.862858,-0.201843,98.739,8.39691,27.9316,0.616824,0.74602,0.210655,-0.136405
1406,1,-0.477827,-0.290504,1.80692,0.237018,-0.139038,0.641907,0.87524,0.479898,0.0604291,0.153618,-0.15733,-0.975525,-0.458646,0.863102,-0.211422,99.1616,8.83663,27.6555,0.613695,0.748998,0.211454,-0.132916
1414,0,-0.478078,-0.291369,1.80668,0.237018,-0.139038,0.641907,0.894072,0.444766,0.0530852,0.12974,-0.143708,-0.981079,-0.428722,0.884042,-0.18619,98.3334,7.45459,25.6185,0.625335,0.745649,0.19262,-0.125943
1422,1,-0.477637,-0.299226,1.80521,0.237018,-0.139038,0.641907,0.904391,0.425451,0.0326932,0.0854313,-0.105471,-0.990746,-0.418066,0.898814,-0.131734,96.0766,4.90083,24.8093,0.645598,0.731709,0.174551,-0.131669
1430,1,-0.477931,-0.30163,1.80479,0.237018,-0.139038,0.641907,0.893949,0.446058,0.043439,0.108041,-0.120425,-0.986826,-0.43495,0.886865,-0.155846,96.9575,6.20239,25.9452,0.63594,0.736583,0.188064,-0.132881
1438,1,-0.47766,-0.302127,1.80502,0.237018,-0.139038,0.641907,0.886705,0.45956,0.0505895,0.127187,-0.137266,-0.982335,-0.444497,0.877475,-0.180164,97.9547,7.30709,26.6242,0.626354,0.742316,0.197607,-0.132662
1446,1,-0.477691,-0.300884,1.80516,0.237018,-0.139038,0.641907,0.890729,0.451927,0.0486138,0.12875,-0.148285,-0.980528,-0.435919,0.879644,-0.190267,98.5997,7.39736,26.0769,0.622932,0.746539,0.194456,-0.1297
1454,1,-0.477629,-0.30145,1.8052,0.237018,-0.139038,0.641907,0.883839,0.465019,0.0508556,0.134974,-0.149417,-0.979519,-0.447896,0.872601,-0.194826,98.6731,7.75714,26.8742,0.620402,0.746338,0.200979,-0.132996
1463,1,-0.477452,-0.300498,1.8051,0.237018,-0.139038,0.641907,0.888456,0.456456,0.0478914,0.125606,-0.141456,-0.981944,-0.44144,0.878429,-0.183011,98.1975,7.21573,26.421,0.625298,0.743795,0.195639,-0.132277
1471,1,-0.47742,-0.301504,1.8052,0.237018,-0.139038,0.641907,0.893335,0.44612,0.0541215,0.146864,-0.176002,-0.973373,-0.424715,0.877497,-0.222747,100.249,8.44521,25.4277,0.611266,0.756982,0.195838,-0.122392
1479,1,-0.477526,-0.301621,1.80565,0.237018,-0.139038,0.641907,0.889251,0.454348,0.0529179,0.142174,-0.164581,-0.976063,-0.434763,0.875489,-0.21095,99.571,8.17365,26.0544,0.615167,0.75246,0.198191,-0.126866
1487,1,-0.477523,-0.301623,1.80526,0.237018,-0.139038,0.641907,0.912417,0.405713,0.0537727,0.13289,-0.169431,-0.976542,-0.387085,0.898159,-0.208507,99.8429,7.63665,22.9887,0.619371,0.756696,0.177946,-0.110121
1495,1,-0.477487,-0.301382,1.80484,0.237018,-0.139038,0.641907,0.91795,0.393743,0.0483188,0.118447,-0.155797,-0.980662,-0.378601,0.905921,-0.189652,99.0271,6.8025,22.4133,0.626997,0.75223,0.170224,-0.109768
1503,1,-0.477551,-0.301494,1.80534,0.237018,-0.139038,0.641907,0.919884,0.389657,0.0445163,0.115061,-0.15962,-0.98045,-0.374933,0.907022,-0.191666,99.2468,6.60715,22.1752,0.626218,0.75352,0.167453,-0.109625
1511,1,-0.477614,-0.300476,1.80477,0.237018,-0.139038,0.641907,0.890872,0.45163,0.0487521,0.120506,-0.131491,-0.983966,-0.437978,0.882463,-0.171565,97.6115,6.92131,26.18,0.630043,0.740596,0.193134,-0.131389
1519,1,-0.477589,-0.301149,1.80518,0.237018,-0.139038,0.641907,0.885917,0.461121,0.0501886,0.134264,-0.151361,-0.979318,-0.443988,0.874332,-0.196005,98.786,7.71604,26.6183,0.620192,0.747209,0.199203,-0.131757
1527,1,-0.47764,-0.301729,1.80591,0.237018,-0.139038,0.641907,0.867893,0.49429,0.0493773,0.14061,-0.149113,-0.978772,-0.476435,0.856412,-0.198917,98.6623,8.08314,28.7648,0.616414,0.744299,0.213254,-0.143443
1536,1,-0.477849,-0.301116,1.80551,0.237018,-0.139038,0.641907,0.847551,0.527791,0.0556277,0.154174,-0.144564,-0.977411,-0.507827,0.836981,-0.203897,98.4133,8.86891,30.9288,0.612187,0.740947,0.230099,-0.152575
1544,1,-0.477574,-0.3011,1.80532,0.237018,-0.139038,0.641907,0.850017,0.524391,0.049847,0.137525,-0.129578,-0.981986,-0.508485,0.84156,-0.182261,97.517,7.90465,30.8881,0.620117,0.735163,0.225092,-0.155965
1552,1,-0.477616,-0.30156,1.80541,0.237018,-0.139038,0.641907,0.843636,0.534739,0.0482869,0.137153,-0.127681,-0.982286,-0.519102,0.835315,-0.181058,97.406,7.88316,31.6046,0.619455,0.733549,0.228987,-0.160458
1560,1,-0.477724,-0.300612,1.80564,0.237018,-0.139038,0.641907,0.877561,0.477276,0.0457605,0.115392,-0.117602,-0.986334,-0.465372,0.870849,-0.158276,96.7993,6.62624,27.9371,0.632788,0.73373,0.201937,-0.142972
1568,1,-0.477485,-0.300885,1.8048,0.237018,-0.139038,0.641907,0.888519,0.456281,0.0483786,0.117037,-0.123424,-0.985428,-0.443661,0.881234,-0.163066,97.1391,6.72113,26.5342,0.632856,0.737396,0.194373,-0.134013
1576,1,-0.477682,-0.301085,1.80482,0.237018,-0.139038,0.641907,0.890197,0.453379,0.0446959,0.12514,-0.149008,-0.980886,-0.438053,0.878774,-0.189382,98.6379,7.18882,26.2011,0.622857,0.746423,0.193764,-0.131747
1584,1,-0.477252,-0.300981,1.80456,0.237018,-0.139038,0.641907,0.888757,0.456371,0.0428391,0.128862,-0.15907,-0.978821,-0.439892,0.875455,-0.200184,99.2306,7.40383,26.3332,0.618366,0.749668,0.195164,-0.132409
1592,0,-0.477346,-0.301316,1.80532,0.237018,-0.139038,0.641907,0.879719,0.473802,0.0400686,0.124101,-0.147438,-0.981255,-0.459013,0.868201,-0.188503,98.545,7.12883,27.5543,0.621244,0.744255,0.20084,-0.140726
1600,1,-0.4777,-0.301374,1.80611,0.237018,-0.139038,0.641907,0.878207,0.47557,0.0508488,0.142282,-0.158272,-0.97709,-0.456627,0.865322,-0.206661,99.201,8.17994,27.4724,0.615076,0.748856,0.206266,-0.135466
1609,1,-0.477789,-0.302395,1.80512,0.237018,-0.139038,0.641907,0.879386,0.47331,0.0515634,0.138148,-0.15002,-0.978984,-0.455627,0.868028,-0.197312,98.7122,7.9407,27.3896,0.618881,0.746109,0.204882,-0.13539
1617,1,-0.477499,-0.301204,1.80533,0.237018,-0.139038,0.641907,0.874929,0.482025,0.046379,0.132089,-0.145414,-0.980514,-0.465888,0.864006,-0.190897,98.4357,7.59031,28.0347,0.620205,0.743512,0.206491,-0.141056
1625,0,-0.477868,-0.301117,1.80593,0.237018,-0.139038,0.641907,0.873716,0.48429,0.0456484,0.126653,-0.135878,-0.982597,-0.46966,0.864292,-0.180055,97.8732,7.2762,28.2599,0.624056,0.739873,0.206435,-0.143272
1633,0,-0.477743,-0.30041,1.80539,0.237018,-0.139038,0.641907,0.878946,0.474793,0.0449983,0.124871,-0.138046,-0.982522,-0.460283,0.869203,-0.180623,97.9978,7.17333,27.64,0.624555,0.741218,0.202257,-0.140068
1642,0,-0.477628,-0.300702,1.8046,0.237018,-0.139038,0.641907,0.879786,0.472948,0.0479206,0.12382,-0.130665,-0.983664,-0.45896,0.871348,-0.173518,97.5666,7.11264,27.5498,0.627615,0.738913,0.201907,-0.139069
1650,0,-0.477466,-0.300801,1.80475,0.237018,-0.139038,0.641907,0.879248,0.473995,0.0474595,0.125892,-0.135122,-0.982799,-0.459429,0.870098,-0.178478,97.8284,7.23229,27.5882,0.625629,0.740413,0.202551,-0.139101
1658,0,-0.476944,-0.310145,1.80412,0.237018,-0.139038,0.641907,0.902319,0.430715,0.0174378,0.0936498,-0.156383,-0.983247,-0.420772,0.888836,-0.181444,99.037,5.37362,25.0007,0.625399,0.748356,0.175172,-0.13474
1666,1,-0.476025,-0.319285,1.80045,0.237018,-0.139038,0.641907,0.906271,0.421587,0.0306228,0.100445,-0.144418,-0.984406,-0.41059,0.895214,-0.173228,98.3461,5.76478,24.3731,0.630203,0.74564,0.175028,-0.127396
1674,1,-0.476595,-0.325873,1.80141,0.237018,-0.139038,0.641907,0.90979,0.414404,0.0234971,0.0878883,-0.137007,-0.986663,-0.405658,0.899721,-0.161069,97.9055,5.04213,24.0312,0.634767,0.742944,0.169021,-0.128597
1683,0,-0.476132,-0.328492,1.80279,0.237018,-0.139038,0.641907,0.895548,0.443859,0.0313479,0.0891549,-0.109968,-0.989928,-0.435941,0.889324,-0.138054,96.3388,5.11499,25.9562,0.64178,0.732047,0.182028,-0.138172
1691,1,-0.47658,-0.328016,1.80477,0.237018,-0.139038,0.641907,0.901037,0.432482,0.0330437,0.104386,-0.142273,-0.984308,-0.420995,0.890347,-0.173338,98.2246,5.99179,25.0436,0.629569,0.74442,0.180297,-0.130286
1699,1,-0.476656,-0.325342,1.80359,0.237018,-0.139038,0.641907,0.888557,0.458018,0.0261793,0.105799,-0.149055,-0.983153,-0.4464,0.876357,-0.180902,98.6209,6.07319,26.6744,0.62422,0.744734,0.189268,-0.141064
1707,1,-0.47599,-0.31749,1.80569,0.237018,-0.139038,0.641907,0.85778,0.511394,0.0518581,0.137977,-0.131892,-0.981614,-0.495152,0.849165,-0.183695,97.6526,7.93078,29.9956,0.620925,0.737117,0.22024,-0.150347
1715,1,-0.477077,-0.314088,1.80609,0.237018,-0.139038,0.641907,0.846851,0.529548,0.0492168,0.134617,-0.123906,-0.98312,-0.514511,0.839182,-0.176216,97.1833,7.73645,31.2811,0.621838,0.732628,0.226638,-0.158776
1723,0,-0.47739,-0.313537,1.80548,0.237018,-0.139038,0.641907,0.839906,0.540961,0.0438093,0.114118,-0.0971125,-0.988709,-0.530599,0.835422,-0.143299,95.6097,6.55278,32.2821,0.632356,0.721165,0.227091,-0.168751
1731,1,-0.476453,-0.318863,1.80743,0.237018,-0.139038,0.641907,0.819063,0.567216,0.08603,0.147169,-0.0627966,-0.987116,-0.554505,0.821172,-0.134911,93.64,8.4629,34.098,0.636662,0.710065,0.251521,-0.164941
1739,1,-0.475687,-0.319192,1.80816,0.237018,-0.139038,0.641907,0.804962,0.584501,0.101955,0.16369,-0.0536074,-0.985054,-0.5703,0.80962,-0.138829,93.115,9.42115,35.3168,0.634926,0.706647,0.264698,-0.165693
1747,1,-0.475505,-0.317524,1.80383,0.237018,-0.139038,0.641907,0.867465,0.496931,0.0237594,0.087281,-0.104997,-0.990635,-0.489783,0.861414,-0.134454,96.0502,5.0072,29.4497,0.637968,0.725761,0.201241,-0.160529
1755,1,-0.476224,-0.319784,1.80242,0.237018,-0.139038,0.641907,0.878277,0.47732,0.028196,0.0960987,-0.118443,-0.9883,-0.468395,0.870711,-0.149896,96.834,5.51456,28.0715,0.634417,0.732567,0.195688,-0.150225
1763,1,-0.477362,-0.319747,1.80413,0.237018,-0.139038,0.641907,0.892943,0.449248,0.0287899,0.085806,-0.107073,-0.990542,-0.441916,0.886968,-0.134158,96.1694,4.92238,26.3308,0.642595,0.730441,0.183127,-0.141396
1771,1,-0.476987,-0.31434,1.80394,0.237018,-0.139038,0.641907,0.89622,0.441812,0.0399047,0.101372,-0.116396,-0.988016,-0.431872,0.889525,-0.149103,96.7189,5.81817,25.7286,0.638498,0.735139,0.184721,-0.133297
1779,0,-0.477194,-0.312089,1.80451,0.237018,-0.139038,0.641907,0.892779,0.448526,0.0420707,0.120665,-0.148109,-0.981582,-0.434035,0.881412,-0.18635,98.5805,6.93047,25.9272,0.624163,0.746197,0.190697,-0.131321
1787,0,-0.477421,-0.312043,1.80372,0.237018,-0.139038,0.641907,0.895381,0.443099,0.0442309,0.125202,-0.15518,-0.97992,-0.427338,0.882939,-0.194422,98.9986,7.1924,25.5137,0.621647,0.749163,0.189645,-0.127845
