133,0,-0.336346,-0.395346,1.45322,-nan,-nan,-nan,0.822147,0.569208,0.0087238,0.171714,-0.23335,-0.957111,-0.542759,0.788385,-0.28959,103.702,9.88751,33.4317,0.569914,0.765684,0.241915,-0.174366
142,0,-0.334865,-0.403495,1.45099,-nan,-nan,-nan,0.811805,0.583856,0.00927787,0.15328,-0.197739,-0.968197,-0.563452,0.787408,-0.250019,101.543,8.81707,34.7635,0.583962,0.751592,0.245191,-0.184334
150,0,-0.336592,-0.416235,1.46,-nan,-nan,-nan,0.824929,0.563506,0.0442023,0.181266,-0.189665,-0.964972,-0.535383,0.804045,-0.258604,101.12,10.4435,32.9838,0.586656,0.753856,0.246987,-0.162889
158,0,-0.338766,-0.418685,1.46647,-nan,-nan,-nan,0.848759,0.527804,0.0321092,0.166151,-0.208553,-0.963794,-0.501998,0.823364,-0.264706,102.21,9.56408,30.6022,0.586409,0.761908,0.227703,-0.154182
167,0,-0.339377,-0.419234,1.47059,-nan,-nan,-nan,0.849151,0.52566,0.051229,0.177693,-0.193002,-0.964974,-0.497361,0.828512,-0.257294,101.31,10.2354,30.3582,0.591366,0.758196,0.231917,-0.147103
175,0,-0.340193,-0.41953,1.47291,-nan,-nan,-nan,0.842316,0.533986,0.0732381,0.192092,-0.170455,-0.966461,-0.503592,0.828133,-0.246151,100.002,11.0749,30.8738,0.597016,0.751485,0.241547,-0.143168
184,0,-0.340942,-0.420633,1.47515,-nan,-nan,-nan,0.838293,0.540165,0.0740713,0.18913,-0.160678,-0.968717,-0.511366,0.826078,-0.236856,99.4177,10.902,31.3835,0.600158,0.747634,0.243868,-0.146226
192,0,-0.341309,-0.421447,1.47695,-nan,-nan,-nan,0.83383,0.54658,0.077314,0.190018,-0.152697,-0.969833,-0.518286,0.823368,-0.231183,98.9476,10.9538,31.8639,0.602069,0.744599,0.247314,-0.148057
201,0,-0.341862,-0.422102,1.47977,-nan,-nan,-nan,0.819186,0.568199,0.0780036,0.187238,-0.136397,-0.972799,-0.542104,0.811508,-0.218123,97.9815,10.7916,33.495,0.605117,0.737175,0.256193,-0.157392
209,0,-0.34153,-0.422957,1.4796,-nan,-nan,-nan,0.833839,0.547654,0.0691891,0.172523,-0.139489,-0.975079,-0.524355,0.824996,-0.210794,98.1411,9.93453,32.1635,0.609007,0.738939,0.243652,-0.153993
218,0,-0.345575,-0.426343,1.49552,-nan,-nan,-nan,0.860422,0.507629,0.0445775,0.127483,-0.129731,-0.98332,-0.493379,0.851753,-0.176337,97.5157,7.32417,29.8306,0.623369,0.73595,0.215746,-0.152456
226,0,-0.350083,-0.429272,1.5115,-nan,-nan,-nan,0.877401,0.478326,0.0370416,0.0941593,-0.095981,-0.99092,-0.470427,0.872922,-0.129253,95.5324,5.40293,28.1984,0.642683,0.725023,0.197402,-0.149439
235,0,-0.356647,-0.43372,1.52849,-nan,-nan,-nan,0.896262,0.442633,-0.0281209,0.0308535,-0.125472,-0.991617,-0.442451,0.887881,-0.126113,97.2115,1.76806,26.2738,0.641225,0.732777,0.161538,-0.160544
244,0,-0.357777,-0.436123,1.53162,-nan,-nan,-nan,0.910164,0.400431,-0.106101,-0.0437714,-0.161732,-0.985864,-0.41193,0.901941,-0.129675,99.3164,-2.50872,24.351,0.636152,0.741884,0.120187,-0.174566
252,0,-0.360555,-0.438298,1.54015,-nan,-nan,-nan,0.919405,0.351588,-0.176297,-0.154285,-0.0899151,-0.983927,-0.361788,0.931827,-0.0284238,95.2214,-8.87532,21.4798,0.671019,0.713748,0.069108,-0.188472
261,0,-0.360163,-0.436049,1.53915,-nan,-nan,-nan,0.917361,0.347733,-0.193727,-0.22036,0.0383362,-0.974665,-0.331497,0.936809,0.111795,87.7476,-12.7302,19.8678,0.718939,0.664686,0.0479074,-0.197546
270,0,-0.360521,-0.435145,1.53927,-nan,-nan,-nan,0.915037,0.339265,-0.218188,-0.278015,0.13853,-0.950535,-0.292258,0.930435,0.221081,81.7082,-16.1418,17.7132,0.754097,0.623584,0.0245558,-0.204642
277,0,-0.364259,-0.431376,1.54495,-nan,-nan,-nan,0.909136,0.341797,-0.238006,-0.324937,0.224574,-0.918685,-0.260554,0.912546,0.315231,76.2633,-18.9617,15.9921,0.782455,0.585092,0.00720425,-0.213026
286,0,-0.367068,-0.428881,1.55245,-nan,-nan,-nan,0.896544,0.346739,-0.275646,-0.382969,0.294065,-0.875706,-0.222584,0.890673,0.396433,71.4378,-22.5177,13.9428,0.804214,0.549101,-0.0164951,-0.226839
294,0,-0.37054,-0.418445,1.56639,-nan,-nan,-nan,0.90312,0.3572,-0.238291,-0.376094,0.390264,-0.840385,-0.207189,0.848588,0.486796,65.0904,-22.092,12.9209,0.833694,0.506473,-0.00932648,-0.219893
302,0,-0.373247,-0.413544,1.56956,-nan,-nan,-nan,0.887163,0.395813,-0.237223,-0.419415,0.477248,-0.772221,-0.192441,0.78458,0.589407,58.2831,-24.7976,12.2388,0.859334,0.452909,-0.0130281,-0.237168
311,0,-0.375447,-0.399544,1.5784,-nan,-nan,-nan,0.89451,0.389189,-0.219962,-0.414417,0.537364,-0.734506,-0.167662,0.748179,0.641964,53.8108,-24.4826,10.616,0.876618,0.422842,-0.0149153,-0.229178
319,0,-0.383781,-0.383284,1.58228,-nan,-nan,-nan,0.882732,0.425188,-0.199999,-0.436083,0.582826,-0.685672,-0.174975,0.69248,0.699896,49.6352,-25.8542,11.2119,0.889586,0.387302,-0.00703233,-0.242043
328,1,-0.390721,-0.373259,1.58416,-nan,-nan,-nan,0.872838,0.438888,-0.21338,-0.466311,0.621145,-0.629867,-0.143901,0.649274,0.746817,45.3995,-27.7951,9.36191,0.900111,0.355273,-0.0192973,-0.251413
337,1,-0.393645,-0.372653,1.58622,-nan,-nan,-nan,0.873857,0.432741,-0.221606,-0.482236,0.713527,-0.508259,-0.0618224,0.551012,0.832204,35.463,-28.8316,4.04674,0.924607,0.286411,-0.0432031,-0.247396
346,1,-0.393774,-0.372123,1.58649,-nan,-nan,-nan,0.862372,0.448156,-0.235523,-0.505984,0.747135,-0.431011,-0.0171929,0.490862,0.871068,29.98,-30.3967,1.14214,0.932815,0.247067,-0.0585137,-0.255715
355,1,-0.394742,-0.370963,1.58682,-nan,-nan,-nan,0.852959,0.446821,-0.269837,-0.521873,0.719638,-0.458006,-0.0104614,0.531481,0.847006,32.4742,-31.458,0.702686,0.924608,0.267542,-0.0701313,-0.26192
363,1,-0.395442,-0.372427,1.58565,-nan,-nan,-nan,0.789768,0.540186,-0.290628,-0.611971,0.661488,-0.433505,-0.0419261,0.520224,0.853,33.2388,-37.7321,3.03879,0.908881,0.262336,-0.0684089,-0.316916
371,1,-0.395747,-0.373265,1.58454,-nan,-nan,-nan,0.777778,0.548472,-0.306986,-0.625745,0.629679,-0.460378,-0.0592018,0.550166,0.832954,36.1717,-38.7369,4.35276,0.900057,0.280689,-0.0688244,-0.32615
380,1,-0.395439,-0.37473,1.58496,-nan,-nan,-nan,0.742111,0.566949,-0.357546,-0.669027,0.593979,-0.446757,-0.0409137,0.570752,0.820103,36.9484,-41.992,3.15561,0.888284,0.286369,-0.0891135,-0.347855
389,1,-0.39693,-0.373816,1.58606,-nan,-nan,-nan,0.593374,0.645582,-0.480761,-0.8037,0.442219,-0.398132,-0.0444248,0.622628,0.781256,41.9968,-53.4849,4.28163,0.839174,0.304097,-0.12999,-0.431759
398,1,-0.39541,-0.372853,1.5815,-nan,-nan,-nan,0.48797,0.691424,-0.532746,-0.871938,0.358068,-0.333934,-0.0401309,0.627471,0.777605,43.0026,-60.6846,4.70146,0.809883,0.296773,-0.152064,-0.482589
405,1,-0.395027,-0.371178,1.58033,-nan,-nan,-nan,0.565679,0.633901,-0.527425,-0.82189,0.381343,-0.423172,-0.0671188,0.672865,0.736714,47.9763,-55.2744,6.76661,0.819106,0.334522,-0.140491,-0.444323
414,1,-0.395553,-0.372456,1.58024,-nan,-nan,-nan,0.599616,0.560132,-0.571589,-0.799701,0.392018,-0.454753,-0.0306484,0.729777,0.682998,49.2371,-53.1015,2.92603,0.817715,0.362146,-0.165382,-0.415741
422,1,-0.394879,-0.372255,1.58034,-nan,-nan,-nan,0.59145,0.531166,-0.606671,-0.80585,0.36309,-0.467731,-0.0281664,0.765525,0.642789,52.1785,-53.6924,2.72651,0.805812,0.382613,-0.179479,-0.414804
431,1,-0.393972,-0.369785,1.58013,-nan,-nan,-nan,0.57303,0.495691,-0.65263,-0.818862,0.314053,-0.480454,-0.0331967,0.809729,0.585864,56.8291,-54.971,3.31555,0.78628,0.410217,-0.196951,-0.417966
440,1,-0.393951,-0.369979,1.57976,-nan,-nan,-nan,0.563619,0.477095,-0.674325,-0.825333,0.291598,-0.483524,-0.0340547,0.829066,0.558112,58.9071,-55.6223,3.4577,0.776745,0.422465,-0.206075,-0.419194
448,1,-0.394092,-0.369805,1.5808,-nan,-nan,-nan,0.550273,0.469305,-0.690618,-0.833471,0.258939,-0.488136,-0.0502568,0.844218,0.533639,62.0556,-56.457,5.21838,0.765319,0.435228,-0.209181,-0.425566
457,1,-0.394583,-0.369157,1.58022,-nan,-nan,-nan,0.531261,0.466861,-0.706967,-0.844612,0.226588,-0.485064,-0.0662673,0.854809,0.514694,64.9613,-57.6304,7.11011,0.753748,0.444404,-0.212505,-0.434984
466,1,-0.393892,-0.367774,1.58046,-nan,-nan,-nan,0.497726,0.4852,-0.718922,-0.863532,0.199685,-0.463075,-0.081126,0.851297,0.518375,66.6735,-59.7155,9.25741,0.744276,0.441494,-0.214234,-0.453035
474,1,-0.393148,-0.368465,1.5803,-nan,-nan,-nan,0.475364,0.522494,-0.707835,-0.87167,0.170651,-0.459424,-0.119253,0.835391,0.536563,69.6227,-60.6533,14.083,0.738677,0.438221,-0.199201,-0.471844
483,1,-0.394292,-0.368705,1.58083,-nan,-nan,-nan,0.466526,0.536316,-0.703362,-0.87891,0.191765,-0.436742,-0.0993512,0.821944,0.560837,66.2946,-61.5112,12.0221,0.744837,0.42247,-0.202733,-0.475012
491,1,-0.393746,-0.368986,1.58053,-0.587151,0.12785,1.507,0.415753,0.594112,-0.688608,-0.891107,0.114694,-0.439059,-0.181871,0.796164,0.577101,75.36,-63.0127,23.627,0.72587,0.425429,-0.174527,-0.511531
500,1,-0.391772,-0.368425,1.57884,-0.587151,0.12785,1.507,0.443861,0.586926,-0.67713,-0.880866,0.147057,-0.449944,-0.164507,0.796174,0.582275,71.9009,-61.747,20.3361,0.737088,0.422649,-0.173868,-0.497835
509,1,-0.394291,-0.367945,1.57971,-0.587151,0.12785,1.507,0.429675,0.595799,-0.678529,-0.884669,0.127184,-0.448536,-0.180939,0.792999,0.581733,74.1691,-62.2109,22.8363,0.731196,0.424487,-0.170129,-0.50618
517,1,-0.39459,-0.369775,1.58007,-0.587151,0.12785,1.507,0.409257,0.64502,-0.645336,-0.881201,0.095991,-0.462893,-0.236629,0.758113,0.607677,78.2845,-61.7876,30.0361,0.726795,0.419997,-0.140585,-0.524983
525,1,-0.394165,-0.372878,1.58058,-0.587151,0.12785,1.507,0.263069,0.802804,-0.53507,-0.893697,-0.0061577,-0.448628,-0.363456,0.596211,0.715844,90.7864,-63.3416,54.103,0.702274,0.371949,-0.0610925,-0.603931
533,1,-0.395651,-0.372154,1.5812,-0.587151,0.12785,1.507,0.247344,0.800891,-0.545339,-0.88484,-0.0426336,-0.463941,-0.394816,0.59729,0.698115,95.2504,-62.2318,57.9337,0.689715,0.384663,-0.0545599,-0.611025
541,1,-0.394919,-0.372522,1.58112,-0.587151,0.12785,1.507,0.26285,0.772178,-0.57849,-0.894851,-0.0290835,-0.445417,-0.360765,0.63474,0.68334,93.7358,-63.4893,53.9233,0.692298,0.390062,-0.0786241,-0.601991
550,1,-0.392873,-0.370101,1.58037,-0.587151,0.12785,1.507,0.171358,0.776407,-0.606489,-0.869473,-0.170314,-0.463691,-0.463306,0.606783,0.64588,110.168,-60.3975,69.7027,0.641663,0.41707,-0.055786,-0.641256
558,1,-0.392469,-0.369306,1.58183,-0.587151,0.12785,1.507,0.11682,0.759771,-0.63961,-0.858399,-0.246666,-0.449785,-0.499503,0.601585,0.623372,118.741,-59.1373,76.8367,0.611049,0.430149,-0.0573223,-0.662046
567,1,-0.393724,-0.369801,1.58032,-0.587151,0.12785,1.507,0.0970649,0.738504,-0.667226,-0.859235,-0.276149,-0.430647,-0.502288,0.615105,0.607744,122.67,-59.2308,79.0627,0.597633,0.437456,-0.0689963,-0.668361
575,1,-0.394113,-0.369184,1.58099,-0.587151,0.12785,1.507,0.0852785,0.731694,-0.676278,-0.861062,-0.287378,-0.419506,-0.501298,0.618092,0.605526,124.413,-59.4361,80.3455,0.592332,0.43793,-0.0738524,-0.67224
583,1,-0.393622,-0.369494,1.57963,-0.587151,0.12785,1.507,0.0636355,0.74064,-0.668882,-0.801068,-0.361815,-0.476843,-0.59518,0.566164,0.570279,127.19,-53.2323,83.8972,0.563937,0.462377,-0.0326726,-0.683458
591,1,-0.39343,-0.369609,1.57971,-0.587151,0.12785,1.507,0.0381194,0.737905,-0.673827,-0.781851,-0.397907,-0.479977,-0.622298,0.545129,0.561764,129.659,-51.4304,86.4947,0.548173,0.46751,-0.0235,-0.6931
600,1,-0.394221,-0.370406,1.57931,-0.587151,0.12785,1.507,-0.0299684,0.746779,-0.664397,-0.761628,-0.447525,-0.468662,-0.647321,0.491978,0.582179,133.678,-49.6079,92.6507,0.52552,0.456995,-0.00812329,-0.717578
608,1,-0.394687,-0.369088,1.57932,-0.587151,0.12785,1.507,-0.0494085,0.735024,-0.676239,-0.753096,-0.47215,-0.45817,-0.656052,0.486635,0.576872,135.861,-48.8593,94.3069,0.513642,0.459856,-0.00982515,-0.724298
616,1,-0.394851,-0.370965,1.57944,-0.587151,0.12785,1.507,-0.106424,0.726475,-0.678903,-0.741108,-0.513153,-0.432935,-0.662897,0.457066,0.593008,139.846,-47.8259,99.1207,0.493313,0.451032,-0.00811125,-0.743738
624,1,-0.394001,-0.369508,1.58046,-0.587151,0.12785,1.507,-0.0536769,0.709125,-0.703037,-0.724937,-0.511859,-0.460942,-0.686721,0.484915,0.541546,137.996,-46.4636,94.4694,0.493966,0.478706,-0.00825746,-0.725789
631,1,-0.39443,-0.369126,1.57878,-0.587151,0.12785,1.507,-0.00643175,0.706084,-0.708099,-0.747447,-0.473797,-0.46566,-0.66429,0.526271,0.530808,135.496,-48.3697,90.5547,0.512489,0.483879,-0.0213706,-0.709055
639,1,-0.394811,-0.370051,1.57901,-0.587151,0.12785,1.507,-0.0163886,0.705036,-0.708982,-0.740656,-0.4849,-0.46508,-0.671684,0.51749,0.530136,136.195,-47.7874,91.3977,0.50716,0.484349,-0.0183859,-0.71264
647,1,-0.39481,-0.369945,1.57893,-0.587151,0.12785,1.507,-0.0362998,0.711842,-0.701401,-0.748501,-0.484405,-0.452878,-0.66214,0.50856,0.550398,136.926,-48.4607,93.1379,0.507369,0.473737,-0.0193456,-0.719566
655,1,-0.395035,-0.370681,1.5794,-0.587151,0.12785,1.507,-0.0270842,0.712082,-0.701574,-0.775071,-0.458183,-0.435124,-0.631294,0.531984,0.564324,136.479,-50.8115,92.4566,0.519388,0.465504,-0.0338283,-0.71582
663,1,-0.396627,-0.372054,1.57896,-0.587151,0.12785,1.507,-0.0698155,0.724265,-0.685978,-0.793635,-0.456946,-0.401677,-0.604376,0.516373,0.606704,138.683,-52.5265,96.5894,0.519601,0.441709,-0.039262,-0.730319
671,1,-0.39463,-0.371324,1.57817,-0.587151,0.12785,1.507,-0.0492824,0.730533,-0.681097,-0.816247,-0.42245,-0.394052,-0.575597,0.536523,0.617115,136.992,-54.7109,94.8937,0.535113,0.434756,-0.0492884,-0.722642
679,1,-0.395263,-0.370341,1.57977,-0.587151,0.12785,1.507,0.0160748,0.767516,-0.640828,-0.857618,-0.31891,-0.403469,-0.514036,0.556072,0.653109,128.324,-59.0502,88.2088,0.581006,0.412879,-0.0545573,-0.699275
687,1,-0.395188,-0.370241,1.5806,-0.587151,0.12785,1.507,-0.0390199,0.793571,-0.607225,-0.888731,-0.305343,-0.341938,-0.456765,0.526318,0.717186,131.764,-62.7143,94.8827,0.585838,0.370519,-0.0642075,-0.717905
694,1,-0.395695,-0.370254,1.57937,-0.587151,0.12785,1.507,0.0653544,0.727259,-0.683244,-0.928232,-0.206981,-0.309103,-0.366216,0.65441,0.661538,123.807,-68.1609,79.8816,0.616424,0.390767,-0.128575,-0.67141
703,1,-0.395465,-0.371167,1.57957,-0.587151,0.12785,1.507,0.162408,0.691101,-0.704275,-0.941683,-0.104625,-0.319823,-0.294715,0.715146,0.633806,108.115,-70.3362,61.1423,0.650305,0.397878,-0.157449,-0.627699
711,1,-0.395498,-0.371551,1.57874,-0.587151,0.12785,1.507,0.197115,0.660649,-0.724354,-0.946325,-0.0648318,-0.316648,-0.256155,0.74789,0.612409,101.571,-71.1424,52.4212,0.660434,0.402969,-0.177232,-0.608302
719,1,-0.395998,-0.37173,1.57881,-0.587151,0.12785,1.507,0.19722,0.64688,-0.736649,-0.946375,-0.0705057,-0.315283,-0.255888,0.759326,0.598286,102.605,-71.1513,52.3776,0.656696,0.409097,-0.183023,-0.606542
727,1,-0.396078,-0.371554,1.57796,-0.587151,0.12785,1.507,0.222609,0.631768,-0.742506,-0.945019,-0.0473059,-0.323575,-0.239549,0.773713,0.586502,98.3176,-70.9123,47.0992,0.663665,0.413344,-0.189462,-0.593969
735,1,-0.39582,-0.371246,1.57916,-0.587151,0.12785,1.507,0.214058,0.633582,-0.743474,-0.944151,-0.0609986,-0.323818,-0.250516,0.771267,0.58514,100.668,-70.7608,49.4872,0.659204,0.415306,-0.186952,-0.598348
743,1,-0.394655,-0.369632,1.57849,-0.587151,0.12785,1.507,0.219464,0.649968,-0.727583,-0.939888,-0.0591295,-0.336325,-0.261622,0.757658,0.59792,99.9713,-70.0328,50.008,0.662996,0.412515,-0.175703,-0.599497
751,1,-0.396283,-0.370707,1.57935,-0.587151,0.12785,1.507,0.198638,0.651039,-0.732592,-0.949544,-0.057272,-0.308359,-0.242711,0.756881,0.606814,100.522,-71.7217,50.7027,0.661094,0.402832,-0.185254,-0.605279
760,1,-0.396611,-0.370558,1.58005,-0.587151,0.12785,1.507,0.202136,0.642982,-0.738725,-0.948539,-0.0592028,-0.311077,-0.243752,0.76359,0.597926,100.775,-71.5389,50.332,0.659708,0.407251,-0.187573,-0.603115
768,1,-0.396719,-0.370471,1.57894,-0.587151,0.12785,1.507,0.241426,0.635146,-0.733692,-0.947202,-0.0101596,-0.320478,-0.211004,0.772326,0.599158,91.8158,-71.2985,41.1532,0.676466,0.403865,-0.193169,-0.584785
776,1,-0.399281,-0.365193,1.5771,-0.587151,0.12785,1.507,0.285585,0.661074,-0.693846,-0.926102,0.00412609,-0.37725,-0.246527,0.750309,0.613401,89.3734,-67.8352,40.8019,0.689767,0.408674,-0.162127,-0.575259
784,1,-0.399418,-0.365607,1.57666,-0.587151,0.12785,1.507,0.320509,0.647745,-0.691158,-0.926836,0.0638009,-0.370006,-0.195573,0.759181,0.620803,80.2166,-67.9469,31.3913,0.70801,0.398718,-0.174992,-0.555988
792,1,-0.400071,-0.365907,1.57774,-0.587151,0.12785,1.507,0.34361,0.686229,-0.64111,-0.91296,0.0841032,-0.399288,-0.220084,0.722507,0.655398,78.1055,-65.9176,32.6397,0.721649,0.388622,-0.145856,-0.554005
800,1,-0.39956,-0.365915,1.57803,-0.587151,0.12785,1.507,0.344693,0.703317,-0.621717,-0.915591,0.105793,-0.387944,-0.207074,0.702961,0.680417,74.7462,-66.2898,30.9953,0.729881,0.373659,-0.142024,-0.554511
809,1,-0.39844,-0.365956,1.57825,-0.587151,0.12785,1.507,0.358189,0.725226,-0.588003,-0.909432,0.128504,-0.3955