132,0,-0.336466,-0.387748,1.45942,-nan,-nan,-nan,0.82616,0.563334,0.0106809,0.180113,-0.246089,-0.952365,-0.533871,0.78873,-0.304773,104.488,10.3764,32.8709,0.564646,0.77088,0.241104,-0.169673
141,0,-0.336767,-0.387007,1.46098,-nan,-nan,-nan,0.819153,0.573249,0.0193591,0.165252,-0.20355,-0.965018,-0.549255,0.793696,-0.261469,101.911,9.51189,33.8425,0.581836,0.755674,0.244319,-0.175306
149,0,-0.33736,-0.387202,1.46376,-nan,-nan,-nan,0.80585,0.591661,0.0233053,0.157854,-0.176731,-0.971519,-0.57069,0.786577,-0.235815,100.31,9.08233,35.3055,0.590192,0.744714,0.251611,-0.183757
158,0,-0.337874,-0.388643,1.47025,-nan,-nan,-nan,0.792611,0.609257,0.0239665,0.160003,-0.169905,-0.972384,-0.58836,0.774557,-0.232152,99.9112,9.20709,36.5867,0.589609,0.74072,0.259632,-0.190488
167,0,-0.333589,-0.389978,1.4797,-nan,-nan,-nan,0.777977,0.62829,0.00199889,0.141699,-0.172357,-0.974789,-0.612106,0.758647,-0.223118,100.027,8.1462,38.1954,0.587899,0.737132,0.261144,-0.206919
175,0,-0.33256,-0.39155,1.48807,-nan,-nan,-nan,0.7648,0.644268,0.000571528,0.144628,-0.170821,-0.97463,-0.627825,0.745479,-0.223823,99.9411,8.31573,39.3826,0.585268,0.734752,0.268422,-0.213424
183,0,-0.334919,-0.388332,1.50167,-nan,-nan,-nan,0.749372,0.662121,0.00612366,0.159256,-0.17125,-0.972271,-0.642713,0.729568,-0.233777,99.9893,9.16372,40.6187,0.579729,0.733893,0.279801,-0.216853
192,0,-0.334559,-0.373997,1.50524,-nan,-nan,-nan,0.711392,0.701917,0.0351283,0.210173,-0.164781,-0.963678,-0.670633,0.692936,-0.264748,99.7033,12.1325,43.3107,0.566097,0.731594,0.311679,-0.217164
200,0,-0.334561,-0.373929,1.52007,-nan,-nan,-nan,0.709696,0.70401,0.0264906,0.21359,-0.179179,-0.960351,-0.67135,0.687215,-0.277532,100.569,12.3328,43.4096,0.559684,0.735936,0.311712,-0.219061
208,0,-0.342874,-0.381939,1.55855,-nan,-nan,-nan,0.74096,0.671441,0.0120377,0.212423,-0.217336,-0.952702,-0.637067,0.708472,-0.303667,102.851,12.2644,40.6885,0.552258,0.751991,0.293841,-0.207791
217,0,-0.346554,-0.37551,1.5719,-nan,-nan,-nan,0.737946,0.670514,0.0764677,0.279053,-0.200006,-0.939216,-0.614463,0.714429,-0.334702,102.022,16.2037,39.783,0.548461,0.753766,0.314941,-0.178436
225,0,-0.348743,-0.383474,1.58416,-nan,-nan,-nan,0.741346,0.667672,0.0679637,0.28156,-0.217497,-0.934569,-0.609204,0.711975,-0.34923,103.101,16.3533,39.4118,0.541899,0.759617,0.312405,-0.178129
233,0,-0.351394,-0.390459,1.59475,-nan,-nan,-nan,0.748747,0.659185,0.0696671,0.280745,-0.220158,-0.934191,-0.600467,0.719031,-0.349906,103.261,16.3047,38.7283,0.542836,0.761382,0.308626,-0.174288
241,0,-0.352511,-0.398829,1.6041,-nan,-nan,-nan,0.757363,0.651703,0.0410421,0.192998,-0.163359,-0.967505,-0.623821,0.740674,-0.249499,99.5837,11.1278,39.4774,0.579764,0.736584,0.286696,-0.197798
251,0,-0.355497,-0.400034,1.61425,-nan,-nan,-nan,0.762911,0.64594,0.0269997,0.161221,-0.149641,-0.975508,-0.626079,0.748578,-0.218302,98.7211,9.2778,39.3739,0.590544,0.729872,0.276474,-0.2052
259,0,-0.357662,-0.402299,1.62325,-nan,-nan,-nan,0.764207,0.644317,0.0290457,0.164688,-0.151395,-0.974658,-0.623591,0.749623,-0.221808,98.8293,9.47912,39.2144,0.589704,0.730994,0.27668,-0.203335
268,0,-0.359461,-0.40439,1.63151,-nan,-nan,-nan,0.77174,0.635312,0.0281942,0.159387,-0.150314,-0.975706,-0.61564,0.757485,-0.217264,98.758,9.17134,38.5804,0.592487,0.731321,0.271666,-0.200817
277,0,-0.361276,-0.406763,1.64014,-nan,-nan,-nan,0.767283,0.640622,0.0296823,0.167962,-0.156072,-0.97336,-0.618923,0.751828,-0.227352,99.1095,9.66937,38.8911,0.588188,0.733264,0.27568,-0.200896
285,0,-0.362166,-0.4046,1.64592,-nan,-nan,-nan,0.788369,0.614438,0.0306465,0.165994,-0.164486,-0.972312,-0.592385,0.771628,-0.231669,99.6018,9.55499,36.9214,0.589961,0.739007,0.264014,-0.190031
294,0,-0.363494,-0.39801,1.6493,-nan,-nan,-nan,0.846574,0.531169,0.0342177,0.149937,-0.176299,-0.97285,-0.510716,0.828721,-0.228892,100.272,8.62329,31.1014,0.600288,0.750294,0.226947,-0.15877
302,0,-0.364658,-0.398517,1.65293,-nan,-nan,-nan,0.874949,0.48299,0.0344177,0.134996,-0.175053,-0.97526,-0.465016,0.857949,-0.218364,100.176,7.75841,27.9896,0.608591,0.753055,0.20516,-0.14295
311,0,-0.36561,-0.400021,1.65843,-nan,-nan,-nan,0.883914,0.466578,0.0316333,0.130119,-0.180406,-0.974947,-0.449183,0.865886,-0.220174,100.484,7.4765,26.9385,0.608961,0.755727,0.197392,-0.138128
319,0,-0.367171,-0.40172,1.66482,-nan,-nan,-nan,0.885043,0.464282,0.0337832,0.131198,-0.17915,-0.975034,-0.446638,0.86738,-0.219469,100.411,7.53883,26.7779,0.609595,0.755589,0.197025,-0.1366
327,0,-0.367749,-0.402889,1.66887,-nan,-nan,-nan,0.912235,0.408336,0.0329933,0.121431,-0.192604,-0.973734,-0.391257,0.892281,-0.225285,101.189,6.97471,23.2144,0.611217,0.763237,0.173527,-0.11735
336,0,-0.373167,-0.40912,1.69059,-nan,-nan,-nan,0.890676,0.453316,0.0346375,0.12643,-0.173786,-0.976634,-0.436705,0.874244,-0.2121,100.09,7.26335,26.119,0.613349,0.754414,0.192118,-0.133238
344,0,-0.388097,-0.416996,1.72098,-nan,-nan,-nan,0.841172,0.540526,0.016146,0.1193,-0.156368,-0.980467,-0.527443,0.826668,-0.196017,99.0614,6.8517,32.0891,0.610079,0.740533,0.222754,-0.172611
352,0,-0.396146,-0.411536,1.73965,-nan,-nan,-nan,0.846543,0.532282,0.00643853,0.100902,-0.148576,-0.98374,-0.52267,0.833428,-0.179484,98.5885,5.79111,31.6919,0.616134,0.737327,0.214689,-0.175035
361,0,-0.405187,-0.403515,1.74911,-nan,-nan,-nan,0.846215,0.532725,0.0111348,0.122283,-0.173818,-0.977156,-0.51862,0.828246,-0.212231,100.086,7.02389,31.5029,0.604187,0.747038,0.219202,-0.169833
369,0,-0.417445,-0.394606,1.75005,-nan,-nan,-nan,0.855493,0.517072,-0.0276947,0.0974078,-0.213229,-0.972134,-0.508569,0.828957,-0.232783,102.371,5.58992,30.7304,0.593608,0.758536,0.202522,-0.176743
378,0,-0.428528,-0.386015,1.74551,-nan,-nan,-nan,0.869417,0.488673,-0.0728923,0.0588834,-0.248961,-0.966722,-0.490558,0.836192,-0.245226,104.442,3.37572,29.4334,0.586351,0.768701,0.178079,-0.183248
387,0,-0.442559,-0.379497,1.73537,-nan,-nan,-nan,0.884394,0.44815,-0.130414,0.00816308,-0.294224,-0.955702,-0.466669,0.844153,-0.263868,107.112,0.467715,27.8193,0.575826,0.781423,0.145988,-0.191024
395,0,-0.454277,-0.382399,1.72594,-nan,-nan,-nan,0.891494,0.422661,-0.163082,-0.017842,-0.326942,-0.944876,-0.452681,0.845261,-0.283926,109.086,-1.02232,26.9204,0.565824,0.790943,0.127955,-0.194629
403,0,-0.456829,-0.392636,1.71553,-nan,-nan,-nan,0.888078,0.412164,-0.203563,-0.0765853,-0.303979,-0.949595,-0.453268,0.858905,-0.238391,107.751,-4.39232,27.0394,0.580023,0.779495,0.107627,-0.210659
411,0,-0.458844,-0.39868,1.71428,-nan,-nan,-nan,0.896847,0.385224,-0.21741,-0.100813,-0.300558,-0.948421,-0.430699,0.872506,-0.230719,107.584,-5.78598,25.652,0.584288,0.779122,0.0912602,-0.207961
420,0,-0.458496,-0.399377,1.71604,-nan,-nan,-nan,0.909535,0.361136,-0.205734,-0.0947121,-0.301884,-0.948628,-0.404691,0.882296,-0.240371,107.653,-5.43475,23.9863,0.584654,0.78291,0.0850748,-0.194922
429,0,-0.458518,-0.399554,1.71431,-nan,-nan,-nan,0.924198,0.333129,-0.18677,-0.0773702,-0.315585,-0.945738,-0.373994,0.8885,-0.265889,108.453,-4.43742,22.0316,0.57938,0.791466,0.0807863,-0.177129
437,0,-0.459117,-0.400193,1.71546,-nan,-nan,-nan,0.937958,0.312892,-0.149445,-0.0470184,-0.31224,-0.948839,-0.343547,0.896998,-0.278156,108.215,-2.69495,20.1163,0.580423,0.79504,0.083604,-0.155021
446,0,-0.458967,-0.401121,1.71711,-nan,-nan,-nan,0.950405,0.289565,-0.113502,-0.0150936,-0.321567,-0.946766,-0.310649,0.901525,-0.301248,108.76,-0.864833,18.1005,0.576105,0.802063,0.0855518,-0.132206
454,0,-0.461284,-0.401255,1.7163,-nan,-nan,-nan,0.979297,0.201062,-0.0234735,0.0396479,-0.304227,-0.951774,-0.198507,0.931139,-0.305901,107.726,2.27226,11.4588,0.585058,0.804585,0.0747933,-0.0689736
463,0,-0.463755,-0.401321,1.7139,-nan,-nan,-nan,0.975619,0.218853,0.0164434,0.0847848,-0.306732,-0.948012,-0.202431,0.926293,-0.317809,107.929,4.86365,11.722,0.58118,0.806251,0.0941511,-0.0576707
472,0,-0.458972,-0.401467,1.71512,-nan,-nan,-nan,0.945723,0.324877,0.00791124,0.113058,-0.306097,-0.945263,-0.304673,0.894852,-0.326213,107.943,6.49165,17.8568,0.573021,0.802813,0.136375,-0.0924131
481,0,-0.455578,-0.4011,1.715,-nan,-nan,-nan,0.938309,0.345795,-0.00104282,0.109849,-0.30093,-0.947298,-0.327885,0.888744,-0.320351,107.624,6.30661,19.2616,0.573809,0.799936,0.1424,-0.102798
489,0,-0.456802,-0.399956,1.71326,-nan,-nan,-nan,0.95655,0.29112,0.0161902,0.106066,-0.295708,-0.949372,-0.271593,0.909838,-0.313738,107.301,6.08856,15.8508,0.580324,0.800936,0.123975,-0.0797201
498,0,-0.459787,-0.40246,1.71383,-nan,-nan,-nan,0.965154,0.260097,0.0287634,0.112983,-0.315043,-0.942328,-0.236035,0.912742,-0.333452,108.486,6.48733,13.7423,0.573729,0.808339,0.115385,-0.0641041
507,0,-0.459,-0.400302,1.71319,-nan,-nan,-nan,0.965974,0.258442,0.0100692,0.0954285,-0.319956,-0.942614,-0.240389,0.911502,-0.333732,108.749,5.47598,13.9746,0.572775,0.809269,0.109318,-0.0711507
516,0,-0.454736,-0.400193,1.71511,-nan,-nan,-nan,0.97446,0.22407,-0.0148413,0.0569304,-0.310435,-0.948888,-0.217225,0.923809,-0.315263,108.116,3.26363,12.5668,0.580681,0.80625,0.0871318,-0.0719584
525,0,-0.456678,-0.397876,1.7138,-nan,-nan,-nan,0.975447,0.219374,-0.0194426,0.0415068,-0.269821,-0.962015,-0.216287,0.937588,-0.272302,105.667,2.37885,12.502,0.598608,0.793343,0.0822094,-0.0742838
533,0,-0.460249,-0.399007,1.71307,-nan,-nan,-nan,0.97806,0.208225,-0.00641088,0.0515177,-0.271574,-0.961038,-0.201853,0.939622,-0.276343,105.779,2.95305,11.661,0.597943,0.794666,0.0817143,-0.0655192
541,0,-0.455848,-0.397747,1.7147,-nan,-nan,-nan,0.968781,0.247916,-0.00131043,0.0624025,-0.248959,-0.966502,-0.239938,0.936246,-0.256657,104.445,3.57773,13.9105,0.604807,0.786511,0.0986379,-0.0766831
550,0,-0.457531,-0.396977,1.71386,-nan,-nan,-nan,0.966594,0.256069,-0.0111268,0.0526954,-0.241021,-0.969088,-0.250836,0.936129,-0.246463,103.967,3.02062,14.5476,0.608094,0.783275,0.0985493,-0.0836113
559,0,-0.458189,-0.398919,1.71477,-nan,-nan,-nan,0.961764,0.273702,0.00981681,0.0848055,-0.263533,-0.960915,-0.260418,0.925007,-0.276669,105.336,4.86484,15.1507,0.596146,0.79088,0.113326,-0.0792158
567,0,-0.456807,-0.399701,1.71433,-nan,-nan,-nan,0.954329,0.298728,-0.00422713,0.0849295,-0.28483,-0.954808,-0.286432,0.910842,-0.297192,106.61,4.87197,16.7066,0.585727,0.796296,0.120451,-0.0912535
575,0,-0.459597,-0.398571,1.7137,-nan,-nan,-nan,0.948132,0.317868,-0.00241669,0.0899689,-0.275634,-0.957043,-0.30488,0.907186,-0.289936,106.067,5.16182,17.8256,0.587912,0.792733,0.128617,-0.0969104
584,0,-0.459886,-0.401373,1.71452,-nan,-nan,-nan,0.939165,0.343202,0.0134839,0.122075,-0.296846,-0.94709,-0.321041,0.89112,-0.320684,107.403,7.01188,18.8723,0.574812,0.799483,0.145493,-0.0961737
593,0,-0.461382,-0.398628,1.71316,-nan,-nan,-nan,0.920198,0.390857,0.0216034,0.132525,-0.259126,-0.956708,-0.368338,0.883224,-0.290245,105.155,7.61553,21.8153,0.585412,0.785743,0.166524,-0.110321
601,0,-0.460653,-0.399284,1.71316,-nan,-nan,-nan,0.910185,0.413012,0.0313705,0.148647,-0.255013,-0.955444,-0.38661,0.874294,-0.293502,104.944,8.54852,23.0138,0.583453,0.784012,0.179098,-0.113276
609,0,-0.459001,-0.398423,1.71407,-nan,-nan,-nan,0.911867,0.410194,0.0154636,0.128298,-0.249019,-0.959963,-0.38992,0.877343,-0.279699,104.542,7.37124,23.1519,0.588037,0.781119,0.172346,-0.119846
618,0,-0.459189,-0.400464,1.71346,-nan,-nan,-nan,0.915108,0.402822,0.0176701,0.141922,-0.280773,-0.949223,-0.377407,0.871149,-0.314107,106.478,8.15911,22.4121,0.574506,0.792147,0.17192,-0.113532
627,0,-0.460363,-0.399129,1.71359,-nan,-nan,-nan,0.908634,0.417092,0.0204379,0.144755,-0.268686,-0.952289,-0.391701,0.868241,-0.304513,105.756,8.32309,23.3203,0.577805,0.787692,0.178321,-0.117832
635,0,-0.459098,-0.399959,1.71449,-nan,-nan,-nan,0.929232,0.369186,0.0151526,0.128631,-0.284773,-0.949925,-0.346384,0.88465,-0.312109,106.688,7.39049,20.4436,0.577137,0.794688,0.156608,-0.104202
644,0,-0.458376,-0.399397,1.71352,-nan,-nan,-nan,0.877097,0.480313,-0.000175594,0.138059,-0.252458,-0.957708,-0.460044,0.839979,-0.287742,104.768,7.93553,27.6773,0.578121,0.777383,0.198863,-0.148003
652,0,-0.459431,-0.399891,1.71394,-nan,-nan,-nan,0.879612,0.475417,0.0162016,0.164437,-0.271928,-0.948164,-0.446367,0.836681,-0.317367,106.003,9.46454,26.906,0.56796,0.785638,0.20361,-0.136884
661,0,-0.460758,-0.401446,1.71353,-nan,-nan,-nan,0.898762,0.438172,0.0152694,0.156934,-0.288988,-0.944382,-0.409389,0.851171,-0.328495,107.014,9.02899,24.4894,0.565968,0.793134,0.187581,-0.124229
670,0,-0.459,-0.401452,1.7122,-nan,-nan,-nan,0.920802,0.390018,-0.00320594,0.127705,-0.309248,-0.942368,-0.368532,0.867324,-0.334564,108.168,7.33701,21.8127,0.56502,0.800721,0.161643,-0.116064
678,0,-0.460131,-0.402111,1.71414,-nan,-nan,-nan,0.953038,0.302849,8.41938e-06,0.100477,-0.316166,-0.943368,-0.285696,0.899067,-0.331748,108.528,5.76666,16.6873,0.57121,0.806373,0.125043,-0.0885717
687,0,-0.459378,-0.399562,1.7141,-nan,-nan,-nan,0.966748,0.255119,0.0177087,0.0958004,-0.297081,-0.950034,-0.237111,0.92014,-0.311643,107.365,5.49739,13.7807,0.582671,0.802414,0.109332,-0.0683569
696,0,-0.459029,-0.400377,1.71433,-nan,-nan,-nan,0.968449,0.249132,0.00633593,0.0823584,-0.295949,-0.951647,-0.23521,0.922143,-0.30713,107.275,4.72414,13.6513,0.584245,0.801799,0.103358,-0.0713627
704,0,-0.455998,-0.400138,1.71453,-nan,-nan,-nan,0.98651,0.16311,0.0139117,0.0644426,-0.308822,-0.948934,-0.150484,0.937029,-0.315168,108.027,3.69485,8.67316,0.583635,0.807852,0.070419,-0.0422641
713,0,-0.457969,-0.399731,1.71468,-nan,-nan,-nan,0.977659,0.209603,0.0158197,0.0790064,-0.296684,-0.951702,-0.194786,0.93169,-0.306615,107.314,4.53146,11.2679,0.586165,0.803268,0.0898234,-0.0556994
721,0,-0.456686,-0.400358,1.71519,-nan,-nan,-nan,0.993646,0.111208,0.0173485,0.0516372,-0.313462,-0.948196,-0.100009,0.943067,-0.317212,108.293,2.95991,5.74736,0.583732,0.809988,0.0502615,-0.0255128
729,0,-0.456243,-0.400043,1.71393,-nan,-nan,-nan,0.988747,0.149447,0.00674677,0.0541256,-0.315324,-0.947439,-0.139465,0.937143,-0.319864,108.408,3.10268,8.02873,0.581713,0.809928,0.0628367,-0.040966
738,0,-0.456923,-0.400816,1.7143,-nan,-nan,-nan,0.998816,0.0480157,0.00776005,0.0234263,-0.335087,-0.941896,-0.0426255,0.940963,-0.335816,109.583,1.34235,2.44367,0.576176,0.816964,0.0218621,-0.0106692
746,0,-0.459893,-0.400424,1.71273,-nan,-nan,-nan,0.996769,0.0741272,0.0309394,0.0536147,-0.327165,-0.943445,-0.0598127,0.942055,-0.330082,109.125,3.07337,3.43401,0.578689,0.814557,0.0392059,-0.00886166
755,0,-0.457597,-0.399564,1.71338,-nan,-nan,-nan,0.999788,-0.00474612,0.0200163,0.01761,-0.305491,-0.952032,0.0106333,0.952183,-0.305342,107.791,1.00903,-0.609347,0.58927,0.807871,0.0039808,0.00948467
763,0,-0.45848,-0.399289,1.71439,-nan,-nan,-nan,0.998849,0.039185,0.0276679,0.0378857,-0.290657,-0.956077,-0.029422,0.956025,-0.291807,106.91,2.17121,1.68721,0.59506,0.803323,0.023985,-0.00054588
771,0,-0.460905,-0.398859,1.71331,-nan,-nan,-nan,0.998205,0.0514015,0.0307401,0.0442479,-0.287018,-0.956903,-0.0403632,0.956545,-0.288777,106.696,2.53604,2.31554,0.596324,0.802184,0.029809,-0.00299904
780,0,-0.459269,-0.398737,1.71389,-nan,-nan,-nan,0.998619,0.049946,0.0163084,0.0298575,-0.284051,-0.958344,-0.043233,0.957507,-0.28515,106.51,1.71096,2.47895,0.597791,0.801221,0.0249006,-0.00840111
789,0,-0.456567,-0.398761,1.71444,-nan,-nan,-nan,0.999907,0.00197106,0.0134603,0.0134722,-0.280805,-0.95967,0.00188817,0.959763,-0.280806,106.31,0.771924,-0.108194,0.599645,0.800237,0.00482459,0.00479498
797,0,-0.456323,-0.398676,1.7144,-nan,-nan,-nan,0.993858,-0.107947,0.024348,-0.00654168,-0.276955,-0.960861,0.110466,0.9548,-0.27596,106.079,-0.374813,-6.34229,0.600196,0.797931,-0.0358706,0.0422385
805,0,-0.45523,-0.399354,1.71432,-nan,-nan,-nan,0.989265,-0.140315,0.0408129,-0.00187269,-0.291441,-0.956587,0.146118,0.946242,-0.288575,106.944,-0.107297,-8.40206,0.593559,0.801449,-0.0443534,0.0583104
814,0,-0.454688,-0.398582,1.71435,-nan,-nan,-nan,0.982499,-0.186033,0.00934137,-0.0432467,-0.276605,-0.96001,0.181178,0.942805,-0.279809,106.073,-2.47863,-10.4482,0.597094,0.796698,-0.0719469,0.0597839
823,0,-0.455191,-0.40073,1.71457,-nan,-nan,-nan,0.986835,-0.161722,-0.00160506,-0.0556216,-0.330052,-0.942323,0.151865,0.930006,-0.334702,109.303,-3.18853,-8.74867,0.574909,0.814185,-0.0667367,0.0461381
831,0,-0.462132,-0.400371,1.71236,-nan,-nan,-nan,0.985713,-0.166463,0.025689,-0.0326321,-0.338363,-0.94045,0.165243,0.926175,-0.338961,109.788,-1.87001,-9.51645,0.571924,0.815941,-0.0610018,0.0585005
841,0,-0.462269,-0.401537,1.71305,-nan,-nan,-nan,0.985248,-0.168264,0.0311981,-0.0303166,-0.351036,-0.935871,0.168425,0.921119,-0.350959,110.561,-1.73728,-9.70077,0.566404,0.819641,-0.0605694,0.0608874
849,0,-0.460891,-0.400906,1.7132,-nan,-nan,-nan,0.98099,-0.184717,0.0594767,-0.00307245,-0.321237,-0.946994,0.194032,0.928809,-0.315698,108.738,-0.176039,-11.1883,0.579667,0.809,-0.0580315,0.0783403
858,0,-0.456839,-0.398833,1.71403,-nan,-nan,-nan,0.981155,-0.181633,0.0659038,0.01529,-0.267026,-0.963568,0.192614,0.946418,-0.259217,105.489,0.876089,-11.1067,0.603099,0.791738,-0.0525247,0.0816298
867,0,-0.45988,-0.399436,1.7139,-nan,-nan,-nan,0.979226,-0.19297,0.0622889,0.00552134,-0.281695,-0.959488,0.202699,0.939899,-0.274778,106.362,0.316351,-11.695,0.596396,0.796194,-0.0588578,0.0832046
875,0,-0.462553,-0.4007,1.71309,-nan,-nan,-nan,0.977286,-0.20691,0.045826,-0.0165146,-0.289935,-0.956904,0.21128,0.934412,-0.286767,106.856,-0.946261,-12.199,0.591731,0.79906,-0.0699024,0.08044
884,0,-0.459414,-0.399213,1.71427,-nan,-nan,-nan,0.980524,-0.195168,0.0219423,-0.0361696,-0.289262,-0.956566,0.193038,0.937143,-0.290687,106.825,-2.07282,-11.1375,0.59173,0.800074,-0.0722862,0.0671751
893,0,-0.460528,-0.398564,1.71408,-nan,-nan,-nan,0.982689,-0.184784,0.0133139,-0.0395913,-0.279665,-0.959281,0.180984,0.942148,-0.282139,106.253,-2.26901,-10.4353,0.596004,0.797573,-0.0703308,0.0609027
901,0,-0.455186,-0.400782,1.71412,-nan,-nan,-nan,0.965751,-0.259468,0.00081926,-0.0763378,-0.287147,-0.95484,0.247986,0.922075,-0.29712,106.738,-4.37809,-14.4013,0.587683,0.798439,-0.105145,0.0779037
910,0,-0.455784,-0.400012,1.71417,-nan,-nan,-nan,0.964696,-0.263016,-0.013562,-0.0897413,-0.279869,-0.955835,0.247604,0.923307,-0.293592,106.32,-5.14872,-14.3951,0.589753,0.79658,-0.11071,0.073452
919,0,-0.456085,-0.402217,1.71368,-nan,-nan,-nan,0.985229,-0.158539,0.0647323,0.00462879,-0.353217,-0.93553,0.171182,0.92201,-0.347266,110.684,0.265211,-9.85667,0.566733,0.819407,-0.0469577,0.0719772
928,0,-0.456105,-0.401744,1.71491,-nan,-nan,-nan,0.979687,-0.188679,0.0679208,-2.32736e-05,-0.33881,-0.940855,0.200532,0.921742,-0.331933,109.804,-0.00133348,-11.5681,0.572046,0.814007,-0.0579548,0.0824479
937,0,-0.45785,-0.400332,1.71369,-nan,-nan,-nan,0.976838,-0.209751,0.0423285,-0.0285441,-0.32378,-0.945702,0.212067,0.922589,-0.322267,108.9,-1.63568,-12.2486,0.5768,0.809766,-0.073569,0.0785398
946,0,-0.459105,-0.40028,1.71368,-nan,-nan,-nan,0.978736,-0.204888,0.00978539,-0.0556564,-0.311177,-0.948721,0.197427,0.928003,-0.315964,108.159,-3.19052,-11.4044,0.581291,0.807137,-0.0807002,0.0641812
954,0,-0.460639,-0.398416,1.71218,-nan,-nan,-nan,0.968295,-0.249628,0.00950177,-0.0636336,-0.283256,-0.956931,0.241568,0.925987,-0.290161,106.489,-3.6484,-14.0081,0.590525,0.797137,-0.0982458,0.0787411
963,0,-0.46094,-0.397251,1.71215,-nan,-nan,-nan,0.976488,-0.21557,-0.00117105,-0.0566573,-0.251397,-0.966224,0.207995,0.943573,-0.257699,104.584,-3.24796,-12.0245,0.60568,0.788287,-0.0863352,0.0655929
971,0,-0.461518,-0.397111,1.71228,-nan,-nan,-nan,0.984869,-0.173279,0.00259899,-0.0419115,-0.252711,-0.966634,0.168154,0.951899,-0.25615,104.651,-2.40206,-9.68912,0.607455,0.789577,-0.0681348,0.0540648
980,0,-0.461904,-0.402347,1.71243,-nan,-nan,-nan,0.963508,-0.26714,0.0169564,-0.0673002,-0.303073,-0.950588,0.259079,0.914758,-0.309992,107.684,-3.85894,-15.0504,0.581043,0.802585,-0.104176,0.0859833
988,0,-0.456842,-0.402354,1.71433,-nan,-nan,-nan,0.965249,-0.261189,-0.00861203,-0.0936586,-0.314983,-0.944465,0.243971,0.912451,-0.3285,108.444,-5.37412,-14.1847,0.57484,0.807579,-0.109849,0.0728594
997,0,-0.462213,-0.40206,1.71295,-nan,-nan,-nan,0.897522,-0.438793,0.0437538,-0.102025,-0.30316,-0.947462,0.429004,0.845905,-0.316861,107.743,-5.85578,-25.5472,0.565133,0.793339,-0.170425,0.148977
1005,0,-0.459816,-0.401611,1.71396,-nan,-nan,-nan,0.883059,-0.468551,-0.0258157,-0.181196,-0.289712,-0.939806,0.432868,0.834582,-0.340733,107.133,-10.4394,-26.1137,0.559601,0.792702,-0.204915,0.128375
1013,0,-0.45905,-0.401484,1.71534,-nan,-nan,-nan,0.906362,-0.420294,-0.0431342,-0.179587,-0.290831,-0.939769,0.382435,0.859517,-0.339077,107.196,-10.3457,-22.8771,0.564901,0.796284,-0.188338,0.106526
1021,0,-0.45754,-0.400731,1.71492,-nan,-nan,-nan,0.942084,-0.3342,0.0280724,-0.0852884,-0.319689,-0.943676,0.324351,0.886628,-0.329678,108.715,-4.89261,-18.9981,0.568489,0.804899,-0.130292,0.109462
1030,0,-0.460181,-0.401141,1.71404,-nan,-nan,-nan,0.939855,-0.340448,0.0276886,-0.0835342,-0.307693,-0.947812,0.331201,0.888493,-0.317626,107.985,-4.79174,-19.4122,0.573266,0.800808,-0.132361,0.11204
1038,0,-0.460397,-0.400397,1.71309,-nan,-nan,-nan,0.94432,-0.32756,0.0310404,-0.0702776,-0.292962,-0.953538,0.321435,0.898264,-0.29967,107.079,-4.02993,-18.7979,0.581311,0.796391,-0.124888,0.110648
1047,0,-0.461001,-0.398688,1.71249,-nan,-nan,-nan,0.941749,-0.335921,0.0162808,-0.0794031,-0.269124,-0.959827,0.326808,0.902623,-0.280121,105.663,-4.55426,-19.1379,0.590022,0.789144,-0.131574,0.10869
1055,0,-0.46,-0.399168,1.71395,-nan,-nan,-nan,0.947689,-0.31803,0.0272512,-0.0664019,-0.279934,-0.95772,0.312212,0.905811,-0.286408,106.293,-3.80735,-18.2342,0.587654,0.792785,-0.121228,0.107048
1064,0,-0.456016,-0.399476,1.71437,-nan,-nan,-nan,0.938608,-0.343249,0.0345846,-0.0676794,-0.281509,-0.957169,0.338283,0.896065,-0.287457,106.389,-3.88071,-19.8196,0.585158,0.791766,-0.129751,0.117733
1072,0,-0.459661,-0.399677,1.71436,-nan,-nan,-nan,0.942671,-0.333004,0.0219086,-0.085542,-0.304565,-0.948643,0.322575,0.892384,-0.31559,107.799,-4.90719,-18.8906,0.575003,0.800441,-0.130724,0.107592
1081,0,-0.458048,-0.401215,1.71378,-nan,-nan,-nan,0.927778,-0.372575,0.0203618,-0.103809,-0.310148,-0.945004,0.3584,0.87464,-0.326426,108.17,-5.95855,-21.1215,0.568156,0.80068,-0.148744,0.118263
1090,0,-0.457594,-0.401735,1.71444,-nan,-nan,-nan,0.923718,-0.381772,0.0315633,-0.104232,-0.329768,-0.93829,0.368621,0.863425,-0.344406,109.364,-5.9829,-21.7551,0.558915,0.805899,-0.150764,0.124142
1098,0,-0.457893,-0.400985,1.71344,-nan,-nan,-nan,0.930459,-0.363357,0.0470974,-0.0798242,-0.326486,-0.941825,0.357595,0.87257,-0.332786,109.119,-4.57846,-21.0228,0.563735,0.804632,-0.137697,0.125738
1107,0,-0.459948,-0.400793,1.71323,-nan,-nan,-nan,0.91372,-0.405483,0.0264243,-0.111257,-0.312192,-0.943482,0.390816,0.859139,-0.330369,108.309,-6.38779,-23.1573,0.563728,0.799419,-0.161599,0.130482
1115,0,-0.461042,-0.400523,1.71342,-nan,-nan,-nan,0.793198,-0.608772,0.0153016,-0.192762,-0.274836,-0.94197,0.57765,0.744219,-0.335348,106.266,-11.114,-36.0642,0.543832,0.775142,-0.258512,0.19124
1124,0,-0.458542,-0.399665,1.71387,-nan,-nan,-nan,0.851315,-0.524597,0.00776894,-0.156449,-0.267964,-0.950641,0.500786,0.80808,-0.310194,105.742,-9.00086,-30.4662,0.564171,0.779338,-0.21847,0.163137
1132,0,-0.459634,-0.400236,1.71341,-nan,-nan,-nan,0.728157,-0.684714,0.0308878,-0.198435,-0.253731,-0.946702,0.656057,0.683218,-0.320628,105.004,-11.4455,-42.0183,0.537075,0.758702,-0.291007,0.226355
1141,0,-0.461431,-0.399356,1.71438,-nan,-nan,-nan,0.720886,-0.692508,0.0274743,-0.190061,-0.235661,-0.953069,0.666483,0.681833,-0.301503,103.889,-10.9563,-42.7544,0.543995,0.751341,-0.293665,0.230906
1149,0,-0.458043,-0.399431,1.71521,-nan,-nan,-nan,0.681226,-0.732,0.0103912,-0.20913,-0.208187,-0.95547,0.701567,0.648718,-0.294905,102.292,-12.0714,-45.8428,0.542709,0.738972,-0.318391,0.240861
1158,0,-0.455028,-0.400344,1.71538,-nan,-nan,-nan,0.671231,-0.741248,-8.29717e-05,-0.235874,-0.213488,-0.948043,0.702717,0.636376,-0.318141,102.691,-13.6432,-46.3128,0.533761,0.742102,-0.329174,0.236704
1166,0,-0.460407,-0.398746,1.7134,-nan,-nan,-nan,0.705454,-0.708592,0.0152512,-0.195544,-0.215271,-0.956776,0.681247,0.671979,-0.290424,102.68,-11.2765,-43.9999,0.547667,0.743497,-0.304015,0.234197
1174,0,-0.458353,-0.399155,1.71443,-nan,-nan,-nan,0.731523,-0.681675,0.0139304,-0.189526,-0.222926,-0.956234,0.654946,0.696867,-0.29227,103.123,-10.9251,-41.8387,0.551436,0.749453,-0.290612,0.223122
1183,0,-0.46087,-0.398704,1.71384,-nan,-nan,-nan,0.722963,-0.690757,0.0133928,-0.187582,-0.21491,-0.95845,0.664935,0.690412,-0.284946,102.638,-10.8117,-42.6058,0.552971,0.745456,-0.294564,0.227487
1191,0,-0.458954,-0.400065,1.71457,-nan,-nan,-nan,0.717162,-0.6969,-0.0031669,-0.214268,-0.216169,-0.952555,0.66315,0.683814,-0.304351,102.786,-12.3726,-42.7592,0.546955,0.747944,-0.304557,0.220599
1200,0,-0.457862,-0.399653,1.71394,-nan,-nan,-nan,0.731433,-0.681748,-0.0150313,-0.211232,-0.205557,-0.955577,0.648373,0.702115,-0.294358,102.14,-12.1945,-41.5551,0.554869,0.746885,-0.298901,0.211994
1209,0,-0.455701,-0.398901,1.71459,-nan,-nan,-nan,0.703963,-0.710156,-0.0107026,-0.21345,-0.197168,-0.956851,0.677404,0.675872,-0.290382,101.643,-12.3246,-43.8985,0.551456,0.740188,-0.31195,0.22518
1218,0,-0.458322,-0.399014,1.71381,-nan,-nan,-nan,0.6833,-0.730136,0.00146011,-0.218456,-0.20635,-0.95378,0.696691,0.651399,-0.300502,102.208,-12.6184,-45.5559,0.542321,0.739958,-0.320489,0.235875
1226,0,-0.461158,-0.400809,1.71398,-nan,-nan,-nan,0.664226,-0.747078,0.0260418,-0.219124,-0.227893,-0.948709,0.714695,0.624451,-0.315075,103.507,-12.6576,-47.0961,0.529447,0.742831,-0.325176,0.249295
1235,0,-0.457788,-0.401974,1.71473,-nan,-nan,-nan,0.628219,-0.778022,-0.00478425,-0.258954,-0.203287,-0.944255,0.733679,0.594437,-0.32918,102.15,-15.008,-49.4279,0.523391,0.734964,-0.35273,0.247936
1243,0,-0.45983,-0.40001,1.71269,-nan,-nan,-nan,0.641691,-0.765241,0.0513686,-0.204641,-0.23538,-0.950115,0.739158,0.599168,-0.307641,103.914,-11.8085,-49.0375,0.524087,0.739038,-0.328089,0.267417
1252,0,-0.460971,-0.401478,1.71265,-nan,-nan,-nan,0.627163,-0.777864,0.0399122,-0.216262,-0.223134,-0.950496,0.748263,0.587485,-0.308164,103.211,-12.4896,-50.0316,0.523418,0.734585,-0.338329,0.268238
1261,0,-0.459909,-0.400765,1.71331,-nan,-nan,-nan,0.617438,-0.785293,0.0456733,-0.233255,-0.23823,-0.942782,0.751241,0.571456,-0.330266,104.181,-13.4888,-50.5835,0.512089,0.739245,-0.344455,0.269503
1270,0,-0.459726,-0.401348,1.71334,-nan,-nan,-nan,0.607815,-0.794006,0.0107602,-0.26235,-0.213583,-0.941039,0.749489,0.569154,-0.338126,102.787,-15.2095,-50.9589,0.513835,0.734766,-0.359419,0.258671
1279,0,-0.45818,-0.399643,1.71535,-nan,-nan,-nan,0.614098,-0.789142,0.011785,-0.236714,-0.198411,-0.951104,0.752895,0.581282,-0.308644,101.784,-13.6927,-50.7976,0.52608,0.728209,-0.352185,0.262521
1287,0,-0.457163,-0.400381,1.71598,-nan,-nan,-nan,0.61281,-0.790175,0.00932577,-0.243604,-0.200124,-0.949004,0.751746,0.579287,-0.315128,101.908,-14.0993,-50.8137,0.523822,0.729394,-0.354328,0.260857
1296,0,-0.456678,-0.400714,1.71516,-nan,-nan,-nan,0.6175,-0.786558,-0.00446591,-0.245462,-0.187304,-0.951139,0.747289,0.588425,-0.30873,101.14,-14.2091,-50.4324,0.529496,0.7269,-0.354939,0.255477
1303,0,-0.459794,-0.401484,1.71379,-nan,-nan,-nan,0.624585,-0.780938,-0.00536707,-0.259643,-0.201168,-0.944519,0.736532,0.591326,-0.328412,102.023,-15.0489,-49.7018,0.523213,0.733854,-0.354492,0.249084
1311,0,-0.461087,-0.401049,1.71245,-nan,-nan,-nan,0.628348,-0.777892,0.00793641,-0.259962,-0.21958,-0.940321,0.733211,0.588786,-0.340195,103.144,-15.0678,-49.404,0.516859,0.739615,-0.350809,0.250518
1320,0,-0.455897,-0.402198,1.71566,-nan,-nan,-nan,0.660911,-0.75046,0.00265613,-0.266302,-0.237831,-0.934087,0.701627,0.616641,-0.357034,104.285,-15.4443,-46.7117,0.516247,0.750962,-0.338487,0.23446
1328,0,-0.459902,-0.401785,1.71359,-nan,-nan,-nan,0.60757,-0.794095,0.016493,-0.265696,-0.222767,-0.937966,0.748508,0.565498,-0.346334,103.36,-15.4083,-50.9335,0.509526,0.737677,-0.359165,0.25926
1337,0,-0.456352,-0.401395,1.71585,-nan,-nan,-nan,0.585281,-0.810201,0.0319502,-0.259579,-0.224556,-0.939251,0.768157,0.541432,-0.34174,103.446,-15.0451,-52.6952,0.504724,0.733413,-0.364658,0.272734
1346,0,-0.455495,-0.401122,1.71524,-nan,-nan,-nan,0.604943,-0.796083,-0.0171734,-0.268886,-0.183931,-0.945447,0.749496,0.576559,-0.325323,101.009,-15.598,-51.0918,0.523376,0.727014,-0.366213,0.251826
1355,0,-0.459276,-0.401644,1.71342,-nan,-nan,-nan,0.590809,-0.806788,0.00615352,-0.268735,-0.203974,-0.941369,0.760741,0.554516,-0.337322,102.226,-15.589,-52.1663,0.512229,0.730086,-0.368286,0.262604
1363,0,-0.460971,-0.40138,1.71276,-nan,-nan,-nan,0.587203,-0.808721,0.0340937,-0.246327,-0.218661,-0.944198,0.771048,0.546038,-0.327608,103.039,-14.2603,-52.7084,0.510131,0.73032,-0.361159,0.275613
1372,0,-0.462229,-0.400127,1.71251,-nan,-nan,-nan,0.635498,-0.770673,0.0469664,-0.219797,-0.238886,-0.945845,0.740157,0.590759,-0.321203,104.174,-12.6971,-49.3507,0.51851,0.740876,-0.334223,0.265606
1380,0,-0.459312,-0.401256,1.71441,-nan,-nan,-nan,0.644154,-0.764096,0.0349597,-0.219485,-0.228428,-0.948497,0.732729,0.603305,-0.314851,103.541,-12.6788,-48.6808,0.524613,0.739499,-0.332516,0.25953
1389,0,-0.459966,-0.39982,1.71381,-nan,-nan,-nan,0.651184,-0.758609,0.0217091,-0.220825,-0.216767,-0.95092,0.726082,0.61443,-0.308675,102.841,-12.7575,-48.1128,0.530505,0.73767,-0.331935,0.25343
1397,0,-0.46017,-0.400937,1.71353,-nan,-nan,-nan,0.662544,-0.749023,0.000659272,-0.237755,-0.211139,-0.948099,0.710287,0.628001,-0.317973,102.555,-13.7541,-46.9918,0.532314,0.740212,-0.333275,0.240116
1406,0,-0.460961,-0.401482,1.71326,-nan,-nan,-nan,0.658523,-0.752543,-0.00508292,-0.24071,-0.204227,-0.948868,0.713026,0.626075,-0.315633,102.147,-13.9284,-47.2756,0.533541,0.737967,-0.336483,0.239829
1414,0,-0.460685,-0.399312,1.71302,-nan,-nan,-nan,0.65892,-0.751706,0.0276309,-0.202712,-0.212824,-0.955831,0.724384,0.624215,-0.292614,102.553,-11.6956,-47.7095,0.537001,0.735588,-0.324372,0.255583
1423,0,-0.458858,-0.399479,1.71388,-nan,-nan,-nan,0.629531,-0.776185,0.0350383,-0.208206,-0.211971,-0.95484,0.748559,0.593806,-0.295049,102.516,-12.0173,-49.9365,0.529743,0.730847,-0.336729,0.268044
1431,0,-0.461297,-0.399209,1.71281,-nan,-nan,-nan,0.634022,-0.772669,0.0316103,-0.21214,-0.213091,-0.953724,0.743649,0.597976,-0.299018,102.595,-12.2478,-49.5497,0.529602,0.732484,-0.33612,0.264599
1440,0,-0.461852,-0.399824,1.71184,-nan,-nan,-nan,0.609626,-0.791978,0.0335759,-0.208132,-0.200794,-0.957268,0.764877,0.576588,-0.287245,101.846,-12.0129,-51.4443,0.529525,0.724166,-0.345263,0.275646
1449,0,-0.460391,-0.398661,1.7131,-nan,-nan,-nan,0.557547,-0.830117,0.00687532,-0.225502,-0.159418,-0.961111,0.798931,0.534315,-0.276076,99.4178,-13.0324,-55.0901,0.529635,0.705876,-0.373868,0.285392
1457,0,-0.461278,-0.397805,1.71273,-nan,-nan,-nan,0.561893,-0.827209,-0.0005726,-0.22267,-0.150585,-0.963194,0.796677,0.54134,-0.268808,98.8857,-12.8659,-54.8048,0.534439,0.703791,-0.372937,0.282791
1466,0,-0.461418,-0.39971,1.71344,-nan,-nan,-nan,0.600873,-0.799113,0.0192436,-0.225324,-0.192426,-0.955092,0.766929,0.569553,-0.295683,101.391,-13.0219,-51.9221,0.527438,0.722666,-0.354395,0.27197
1474,0,-0.462298,-0.399242,1.71265,-nan,-nan,-nan,0.648242,-0.761265,0.0160408,-0.223956,-0.210756,-0.951538,0.727754,0.613235,-0.307111,102.489,-12.9415,-48.3071,0.531595,0.735885,-0.334706,0.252687
1483,0,-0.460835,-0.400471,1.71288,-nan,-nan,-nan,0.656947,-0.753891,0.00830474,-0.230504,-0.211327,-0.949847,0.717836,0.622084,-0.312606,102.543,-13.3268,-47.536,0.532216,0.73839,-0.333291,0.245853
1492,0,-0.461478,-0.399886,1.71356,-nan,-nan,-nan,0.74039,-0.671756,0.0237845,-0.200379,-0.254351,-0.946126,0.641615,0.695736,-0.322925,105.047,-11.5591,-40.9119,0.539239,0.761194,-0.286437,0.218538
1500,0,-0.460503,-0.40143,1.71417,-nan,-nan,-nan,0.754343,-0.656311,0.0149554,-0.204546,-0.256624,-0.944619,0.623801,0.709507,-0.327828,105.199,-11.8029,-39.5889,0.540807,0.764656,-0.281452,0.208838
1509,0,-0.459345,-0.400435,1.71356,-nan,-nan,-nan,0.786557,-0.617303,-0.016317,-0.210677,-0.243415,-0.946765,0.580469,0.748122,-0.321511,104.419,-12.162,-36.4269,0.552637,0.766727,-0.269972,0.183948
1518,0,-0.457549,-0.399761,1.71344,-nan,-nan,-nan,0.831486,-0.555545,0.000819461,-0.179568,-0.270154,-0.945924,0.525725,0.786375,-0.324387,105.939,-10.3446,-32.304,0.55609,0.778786,-0.235981,0.169027
1526,0,-0.459968,-0.398658,1.71298,-nan,-nan,-nan,0.881746,-0.471444,0.0162693,-0.124648,-0.266116,-0.955848,0.454959,0.840787,-0.293411,105.558,-7.16044,-27.2926,0.574939,0.781229,-0.190755,0.150797
1535,0,-0.46023,-0.399596,1.71378,-nan,-nan,-nan,0.898968,-0.436747,0.0332959,-0.0935945,-0.265795,-0.959476,0.427898,0.859421,-0.279818,105.484,-5.37043,-25.4539,0.581669,0.781758,-0.169599,0.147486
1543,0,-0.459829,-0.398817,1.7141,-nan,-nan,-nan,0.923656,-0.383186,0.00532766,-0.1035,-0.26282,-0.959278,0.368982,0.885491,-0.282415,105.322,-5.94074,-21.7757,0.587031,0.785635,-0.15487,0.119111
1552,0,-0.460714,-0.399102,1.71261,-nan,-nan,-nan,0.941159,-0.337939,0.00405482,-0.0951393,-0.276437,-0.956311,0.324296,0.899655,-0.292323,106.123,-5.45934,-19.0124,0.585747,0.792136,-0.13668,0.103628
1560,0,-0.460035,-0.399304,1.71295,-nan,-nan,-nan,0.941406,-0.336111,0.0280188,-0.0691662,-0.273697,-0.959326,0.330109,0.901177,-0.280908,105.924,-3.9661,-19.3235,0.588813,0.789938,-0.128262,0.11334
1569,0,-0.461221,-0.39886,1.71269,-nan,-nan,-nan,0.938867,-0.343709,0.0197953,-0.0787471,-0.270366,-0.959532,0.335152,0.899314,-0.280904,105.736,-4.51655,-19.6453,0.588982,0.789008,-0.133857,0.112466
1577,0,-0.459711,-0.399866,1.7134,-nan,-nan,-nan,0.939527,-0.341652,0.0237476,-0.0864381,-0.303654,-0.948853,0.331388,0.88942,-0.314823,107.746,-4.95873,-19.4287,0.574685,0.799688,-0.13383,0.111023
1585,0,-0.456502,-0.40033,1.71544,-nan,-nan,-nan,0.95233,-0.305026,0.005219,-0.0937751,-0.308971,-0.946437,0.2903,0.900831,-0.322846,108.08,-5.38082,-16.9529,0.574568,0.803764,-0.124042,0.0919173
1593,0,-0.457212,-0.40024,1.71432,-nan,-nan,-nan,0.965484,-0.259739,0.0194133,-0.0652418,-0.313323,-0.947403,0.25216,0.913436,-0.319454,108.3,-3.74074,-14.6372,0.577215,0.805956,-0.100806,0.0842394
1601,0,-0.459457,-0.400251,1.7142,-nan,-nan,-nan,0.968804,-0.246302,0.0274714,-0.0529923,-0.314162,-0.947889,0.242098,0.916863,-0.317414,108.337,-3.03766,-14.0305,0.578193,0.806285,-0.0928005,0.0835837
1610,0,-0.455398,-0.39909,1.71549,-nan,-nan,-nan,0.985402,-0.170178,0.00474457,-0.0451758,-0.288253,-0.956488,0.164141,0.942311,-0.291733,106.771,-2.58926,-9.4571,0.592751,0.800841,-0.0672275,0.0527214
1619,0,-0.460427,-0.399378,1.71468,-nan,-nan,-nan,0.983452,-0.180078,0.0198444,-0.0346327,-0.294385,-0.955059,0.177827,0.938568,-0.29575,107.131,-1.98471,-10.2494,0.590194,0.80212,-0.0669197,0.061609
1627,0,-0.460557,-0.399886,1.71444,-nan,-nan,-nan,0.990738,-0.13362,0.0241565,-0.0187552,-0.310858,-0.950271,0.134484,0.941017,-0.310485,108.114,-1.07466,-7.73017,0.585106,0.808097,-0.0471401,0.0490785
1635,0,-0.457536,-0.401253,1.71435,-nan,-nan,-nan,0.985729,-0.167334,-0.0183482,-0.0698709,-0.30754,-0.948967,0.153152,0.936706,-0.314843,107.956,-4.00657,-8.83139,0.583812,0.807482,-0.0734398,0.0417358
1644,0,-0.456975,-0.401134,1.71346,-nan,-nan,-nan,0.971514,-0.230186,-0.0563405,-0.123583,-0.289254,-0.949242,0.202205,0.929165,-0.309461,106.947,-7.09894,-11.7573,0.585833,0.801597,-0.110332,0.0454919
1652,0,-0.459446,-0.398661,1.7149,-nan,-nan,-nan,0.958474,-0.284897,-0.0126747,-0.0928879,-0.269863,-0.958408,0.269627,0.919787,-0.28512,105.726,-5.32977,-15.7118,0.592345,0.792694,-0.119146,0.0810378
1661,0,-0.459382,-0.398224,1.71421,-nan,-nan,-nan,0.960788,-0.276792,0.0164903,-0.06031,-0.266653,-0.961904,0.270644,0.923192,-0.27289,105.494,-3.45761,-15.732,0.59608,0.790622,-0.106594,0.0907939
1670,0,-0.461938,-0.398008,1.71285,-nan,-nan,-nan,0.95628,-0.292017,0.0159388,-0.0646973,-0.264388,-0.962244,0.285206,0.919144,-0.271721,105.364,-3.70947,-16.607,0.595855,0.789365,-0.112975,0.0953756
1679,0,-0.461672,-0.400342,1.71174,-nan,-nan,-nan,0.956213,-0.290798,0.0330645,-0.0518719,-0.279576,-0.958721,0.288038,0.915027,-0.282419,106.257,-2.97338,-16.7638,0.590385,0.793443,-0.107969,0.101174
1688,0,-0.461847,-0.402183,1.7128,-nan,-nan,-nan,0.952424,-0.301895,0.0418012,-0.0606565,-0.322171,-0.944736,0.298678,0.897254,-0.325155,108.83,-3.47749,-17.4113,0.571204,0.806187,-0.112428,0.105583
1696,0,-0.459898,-0.400322,1.71417,-nan,-nan,-nan,0.968888,-0.244987,0.0351826,-0.0447332,-0.313148,-0.94865,0.243425,0.917562,-0.314365,108.268,-2.56388,-14.1032,0.579089,0.805668,-0.0899008,0.0864523
1705,0,-0.459262,-0.400676,1.71395,-nan,-nan,-nan,0.975595,-0.215445,0.0423894,-0.0262442,-0.306079,-0.951644,0.218002,0.927307,-0.304264,107.829,-1.50386,-12.5961,0.58422,0.804043,-0.0751483,0.0809631
1713,0,-0.458103,-0.398989,1.71313,-nan,-nan,-nan,0.958669,-0.283891,0.0189349,-0.0668457,-0.289418,-0.954866,0.276558,0.914135,-0.296433,106.862,-3.83283,-16.0919,0.585837,0.797578,-0.109938,0.092622
1722,0,-0.459645,-0.397915,1.71251,-nan,-nan,-nan,0.973667,-0.227079,0.0201742,-0.0430023,-0.269846,-0.961943,0.223881,0.935745,-0.272505,105.67,-2.46461,-12.9493,0.598188,0.793098,-0.0851348,0.0769309
1731,0,-0.459316,-0.398436,1.71316,-nan,-nan,-nan,0.960469,-0.276774,0.029937,-0.0484424,-0.272059,-0.96106,0.274141,0.921618,-0.274712,105.806,-2.77663,-15.93,0.594495,0.791713,-0.102694,0.0960189
1739,0,-0.460912,-0.399126,1.71255,-nan,-nan,-nan,0.927138,-0.372719,0.0386793,-0.0763278,-0.2889,-0.954312,0.366864,0.881826,-0.296299,106.843,-4.37752,-21.5885,0.57921,0.792518,-0.141652,0.127929
1748,0,-0.460529,-0.400406,1.71318,-nan,-nan,-nan,0.94965,-0.309362,0.0495949,-0.0462956,-0.295107,-0.954342,0.309873,0.903995,-0.294571,107.183,-2.65349,-18.0716,0.583089,0.796763,-0.111595,0.11279
1757,0,-0.456747,-0.400026,1.71403,-nan,-nan,-nan,0.972284,-0.230732,0.0377807,-0.0326568,-0.294026,-0.955239,0.231513,0.92753,-0.293412,107.109,-1.87143,-13.3934,0.588397,0.799957,-0.0823134,0.0841588
1765,0,-0.458475,-0.401107,1.71374,-nan,-nan,-nan,0.847353,-0.525966,0.0731618,-0.1048,-0.300696,-0.947945,0.520586,0.795577,-0.309917,107.599,-6.01563,-31.5652,0.556044,0.783895,-0.201164,0.189358
1773,0,-0.460748,-0.401897,1.71291,-nan,-nan,-nan,0.888783,-0.453703,0.0649467,-0.0862116,-0.304668,-0.948549,0.450146,0.837455,-0.309898,107.807,-4.9457,-26.8611,0.564406,0.791099,-0.170622,0.162778
1782,0,-0.460123,-0.402805,1.7141,-nan,-nan,-nan,0.999691,-0.0173195,0.017847,0.0106605,-0.349921,-0.936718,0.0224685,0.936619,-0.349628,110.484,0.610811,-1.28753,0.570119,0.821468,-0.00202656,0.0122694
1791,0,-0.459858,-0.40236,1.71477,-nan,-nan,-nan,0.985124,0.171841,-0.000803187,0.0582333,-0.338228,-0.939261,-0.161675,0.925242,-0.343203,109.804,3.33841,9.3201,0.570897,0.81648,0.0704471,-0.0497497
1799,0,-0.461563,-0.40141,1.71289,-nan,-nan,-nan,0.993194,0.115855,0.0119933,0.0505367,-0.335871,-0.940551,-0.10494,0.934756,-0.33944,109.652,2.89677,6.03142,0.573995,0.816778,0.0509294,-0.028449
1808,0,-0.460864,-0.399829,1.71251,-nan,-nan,-nan,0.999927,-0.00710468,0.00978109,0.00710715,-0.309018,-0.95103,0.0097793,0.95103,-0.308945,108.001,0.407213,-0.560336,0.587785,0.808995,7.62384e-07,0.00604466
1816,0,-0.462667,-0.399215,1.71162,-nan,-nan,-nan,0.97721,0.211134,0.0219921,0.0817837,-0.278859,-0.956843,-0.19589,0.936835,-0.289771,106.248,4.6911,11.3352,0.593418,0.797784,0.0917911,-0.054494
1825,0,-0.461021,-0.4013,1.71371,-nan,-nan,-nan,0.980832,0.194819,0.00385259,0.0660856,-0.313984,-0.947126,-0.183309,0.929225,-0.32084,108.341,3.78919,10.5859,0.580088,0.808649,0.0806606,-0.0554801
1834,0,-0.459587,-0.398796,1.71402,-nan,-nan,-nan,0.86092,0.50874,0.000169117,0.147177,-0.248744,-0.957322,-0.486986,0.824203,-0.289023,104.565,8.46337,29.495,0.575142,0.774385,0.211754,-0.157162
1842,0,-0.459133,-0.398282,1.71363,-nan,-nan,-nan,0.807603,0.5896,0.0122156,0.173138,-0.217252,-0.960638,-0.563738,0.777929,-0.277536,102.743,9.97033,34.9165,0.572891,0.758682,0.251337,-0.181737
