298,0,0.00013258,-0.00244023,0.502489,0,0,0,0.827749,0.560567,0.0244098,0.212506,-0.272936,-0.938268,-0.5193,0.781838,-0.345047,106.219,12.2693,32.1026,0.549947,0.781942,0.247164,-0.158225
304,1,0.000448763,-0.00718704,0.507235,0,0,0,0.826856,0.561856,0.0250406,0.214475,-0.273848,-0.937554,-0.519913,0.780593,-0.346936,106.282,12.3847,32.161,0.549107,0.782247,0.248109,-0.158157
311,1,0.00225884,-0.00804408,0.509673,0,0,0,0.826155,0.562899,0.0247401,0.214785,-0.274034,-0.937429,-0.520898,0.779776,-0.347297,106.295,12.4029,32.2318,0.548823,0.782222,0.24855,-0.158573
317,1,0.00344251,-0.00854811,0.511225,0,0,0,0.825798,0.563437,0.0244298,0.214904,-0.274332,-0.937314,-0.521415,0.779282,-0.347628,106.314,12.4099,32.2686,0.548598,0.782266,0.248746,-0.158829
324,1,0.00300783,-0.0100575,0.512137,0,0,0,0.825438,0.563939,0.0249849,0.21565,-0.274124,-0.937204,-0.521677,0.778992,-0.347886,106.304,12.4536,32.2929,0.548504,0.782216,0.24916,-0.158745
330,1,0.000909675,-0.0154575,0.515235,0,0,0,0.825065,0.564418,0.0264518,0.217994,-0.274775,-0.936471,-0.521292,0.778416,-0.349747,106.353,12.5912,32.2855,0.547846,0.782558,0.249953,-0.158084
336,1,-0.000943631,-0.0185606,0.516323,0,0,0,0.824678,0.564922,0.0277425,0.21951,-0.274466,-0.936207,-0.52127,0.778159,-0.350352,106.339,12.6802,32.2965,0.547691,0.782543,0.250603,-0.157668
343,1,-0.00342755,-0.0215489,0.516696,0,0,0,0.824208,0.565524,0.0294031,0.22111,-0.273582,-0.936089,-0.521337,0.778033,-0.350531,106.292,12.7743,32.3146,0.547744,0.782356,0.251367,-0.157196
349,1,-0.00461319,-0.0243206,0.518053,0,0,0,0.823324,0.566737,0.0307559,0.222631,-0.272631,-0.936006,-0.522085,0.777484,-0.350637,106.239,12.8636,32.3795,0.547736,0.782079,0.25233,-0.157058
355,1,-0.00311849,-0.0243601,0.519503,0,0,0,0.822,0.568639,0.0310786,0.223038,-0.271241,-0.936313,-0.523995,0.776581,-0.349788,106.156,12.8875,32.516,0.547944,0.78151,0.253253,-0.157681
361,1,-0.00154543,-0.0267204,0.523237,0,0,0,0.820616,0.570616,0.0314235,0.224229,-0.270916,-0.936123,-0.525653,0.775243,-0.350267,106.141,12.9575,32.642,0.547593,0.781313,0.25433,-0.158141
368,1,-0.00187709,-0.0303831,0.526136,0,0,0,0.819704,0.57187,0.032401,0.225977,-0.270894,-0.935709,-0.526327,0.774326,-0.351283,106.146,13.0603,32.7042,0.547158,0.781326,0.255286,-0.158041
374,1,-0.000410156,-0.0318265,0.528722,0,0,0,0.818605,0.573431,0.0326034,0.226751,-0.270502,-0.935635,-0.527702,0.773308,-0.351461,106.125,13.1059,32.8073,0.546956,0.781116,0.256102,-0.158459
380,1,-0.000244806,-0.0329491,0.529752,0,0,0,0.818459,0.573635,0.0326813,0.227164,-0.270822,-0.935442,-0.527752,0.773045,-0.351966,106.146,13.1302,32.8144,0.546734,0.781224,0.256264,-0.158428
387,1,0.000246867,-0.0344643,0.531382,0,0,0,0.817822,0.574524,0.0330172,0.227883,-0.270635,-0.935321,-0.528428,0.77245,-0.352256,106.138,13.1725,32.8682,0.546564,0.781139,0.256807,-0.158554
393,1,0.00144913,-0.0354392,0.533048,0,0,0,0.817508,0.574987,0.0327241,0.22816,-0.271176,-0.935097,-0.528795,0.771916,-0.352878,106.172,13.1888,32.8963,0.546227,0.781275,0.256999,-0.158738
400,1,0.00172799,-0.0367026,0.534315,0,0,0,0.816609,0.576223,0.0334087,0.228994,-0.270307,-0.935145,-0.529822,0.771298,-0.352687,106.122,13.2379,32.9758,0.546264,0.780961,0.257765,-0.158911
406,1,0.00281856,-0.0385608,0.536937,0,0,0,0.815694,0.577501,0.0336898,0.229899,-0.270179,-0.93496,-0.530838,0.770387,-0.35315,106.118,13.2911,33.0553,0.545977,0.780869,0.258494,-0.159165
412,1,0.00420366,-0.04027,0.539684,0,0,0,0.814621,0.578997,0.0339756,0.23078,-0.269839,-0.934841,-0.532102,0.769382,-0.353438,106.101,13.343,33.1522,0.545744,0.780689,0.259315,-0.159515
418,1,0.00587353,-0.0412147,0.541983,0,0,0,0.813634,0.580381,0.0340283,0.23132,-0.269478,-0.934812,-0.533377,0.768466,-0.35351,106.081,13.3748,33.2468,0.545584,0.780484,0.259999,-0.159948
424,1,0.00849996,-0.0399517,0.543229,0,0,0,0.813057,0.581232,0.0332815,0.230793,-0.269308,-0.934991,-0.534483,0.767882,-0.353107,106.068,13.3438,33.3199,0.545583,0.7803,0.260164,-0.16058
431,1,0.0102921,-0.0392158,0.544276,0,0,0,0.812727,0.581725,0.0327384,0.230509,-0.269423,-0.935028,-0.535108,0.767468,-0.35306,106.074,13.3271,33.3614,0.545491,0.780258,0.260245,-0.160963
437,1,0.0103316,-0.0407456,0.545723,0,0,0,0.812191,0.582441,0.0332863,0.231381,-0.269224,-0.93487,-0.535545,0.766995,-0.353427,106.065,13.3784,33.4002,0.54533,0.780199,0.260774,-0.160939
443,1,0.00849028,-0.0434263,0.546383,0,0,0,0.81236,0.582154,0.0341848,0.232615,-0.26973,-0.934417,-0.534754,0.767035,-0.354535,106.101,13.4511,33.3558,0.544999,0.780485,0.260982,-0.160339
450,1,0.00727694,-0.0457273,0.547328,0,0,0,0.812747,0.581593,0.0345265,0.23348,-0.270835,-0.933882,-0.533789,0.767071,-0.355911,106.173,13.502,33.2958,0.544518,0.780944,0.260926,-0.159826
457,1,0.00775303,-0.0477739,0.549636,0,0,0,0.813035,0.581217,0.0340615,0.234021,-0.272671,-0.933212,-0.533111,0.766706,-0.357708,106.288,13.5339,33.253,0.54375,0.781571,0.260769,-0.15963
463,1,0.00941638,-0.0485082,0.551855,0,0,0,0.813602,0.580502,0.0327161,0.233772,-0.275085,-0.932566,-0.532356,0.766385,-0.359515,106.435,13.5192,33.1975,0.542909,0.782336,0.260206,-0.159663
469,1,0.00987962,-0.0513919,0.554919,0,0,0,0.81408,0.579865,0.0320879,0.234491,-0.277652,-0.931624,-0.531307,0.765941,-0.362005,106.596,13.5616,33.1304,0.541854,0.78322,0.259939,-0.159348
475,1,0.00966332,-0.0544591,0.557539,0,0,0,0.814374,0.579459,0.0319741,0.235438,-0.279524,-0.930825,-0.530438,0.765567,-0.364064,106.715,13.6175,33.078,0.541014,0.783894,0.259888,-0.15897
481,1,0.00979741,-0.0570395,0.559909,0,0,0,0.81454,0.579236,0.0317869,0.236172,-0.281067,-0.930174,-0.529856,0.765171,-0.365739,106.813,13.6607,33.0439,0.540309,0.784434,0.259871,-0.158735
487,1,0.015892,-0.060206,0.568046,0,0,0,0.813295,0.581093,0.0297038,0.236769,-0.283885,-0.929166,-0.531499,0.762719,-0.368467,106.989,13.6959,33.1652,0.538735,0.785119,0.260426,-0.159783
493,1,0.0195514,-0.0618174,0.572494,0,0,0,0.812792,0.581869,0.0282526,0.236914,-0.285852,-0.928526,-0.532204,0.761391,-0.370191,107.111,13.7045,33.2162,0.537761,0.785626,0.260551,-0.160366
499,1,0.0190719,-0.0634635,0.573485,0,0,0,0.812748,0.581922,0.0284348,0.237468,-0.286305,-0.928245,-0.532025,0.761181,-0.370881,107.142,13.7371,33.2088,0.537485,0.785801,0.260686,-0.160215
505,1,0.0230944,-0.0630451,0.576694,0,0,0,0.81176,0.583363,0.0270753,0.237085,-0.286829,-0.928181,-0.533701,0.759879,-0.371143,107.172,13.7146,33.3234,0.537073,0.785769,0.261034,-0.161188
511,1,0.0272947,-0.0617644,0.579286,0,0,0,0.810951,0.584558,0.0255102,0.236314,-0.287328,-0.928223,-0.535271,0.758771,-0.371149,107.2,13.6691,33.4269,0.536767,0.785721,0.261185,-0.162195
517,1,0.0302177,-0.0605472,0.580908,0,0,0,0.810827,0.584792,0.0240328,0.235481,-0.288357,-0.928116,-0.535825,0.7582,-0.371515,107.26,13.62,33.4582,0.536413,0.785923,0.260927,-0.1628
523,1,0.0327893,-0.0608432,0.583415,0,0,0,0.80996,0.586017,0.0234384,0.235577,-0.288483,-0.928052,-0.537092,0.757207,-0.371712,107.268,13.6256,33.5487,0.536136,0.785836,0.261375,-0.16341
529,1,0.0349636,-0.0596293,0.584068,0,0,0,0.809228,0.587048,0.0229083,0.235089,-0.287835,-0.928377,-0.538408,0.756654,-0.370933,107.226,13.5969,33.6372,0.536297,0.785493,0.261663,-0.164069
536,1,0.0383881,-0.059227,0.586427,0,0,0,0.808907,0.587548,0.0213881,0.234447,-0.288987,-0.928182,-0.53917,0.755827,-0.371512,107.294,13.559,33.6851,0.535819,0.785717,0.261543,-0.164748
542,1,0.0433494,-0.0598461,0.590971,0,0,0,0.808022,0.588824,0.0196417,0.234276,-0.290541,-0.92774,-0.540569,0.754236,-0.372711,107.389,13.5489,33.7826,0.53497,0.786014,0.261795,-0.165686
548,1,0.0457953,-0.0581589,0.591226,0,0,0,0.807592,0.589442,0.0188168,0.233529,-0.290333,-0.927993,-0.541534,0.753834,-0.372123,107.373,13.5049,33.844,0.535055,0.785819,0.261819,-0.166297
554,1,0.0458206,-0.0514963,0.585179,0,0,0,0.808728,0.587912,0.0178573,0.230738,-0.289183,-0.929049,-0.541036,0.755468,-0.369524,107.29,13.3406,33.7824,0.536195,0.785404,0.260583,-0.166532
560,1,0.0494841,-0.0441488,0.581698,0,0,0,0.808894,0.587742,0.0157923,0.227599,-0.288247,-0.930114,-0.542115,0.755958,-0.366931,107.218,13.1558,33.8297,0.537056,0.784868,0.259707,-0.167647
566,1,0.0534936,-0.0420572,0.583185,0,0,0,0.807989,0.589018,0.0145511,0.226672,-0.287953,-0.930432,-0.543851,0.755077,-0.366176,107.196,13.1012,33.9442,0.537089,0.784557,0.25992,-0.168662
572,1,0.052224,-0.0419162,0.582029,0,0,0,0.8078,0.589257,0.0153672,0.226933,-0.286825,-0.930716,-0.544023,0.755319,-0.365419,107.128,13.1166,33.9588,0.537484,0.784226,0.26019,-0.168528
578,1,0.0470392,-0.0440105,0.579556,0,0,0,0.80796,0.588967,0.0178436,0.228366,-0.285075,-0.930903,-0.543185,0.756207,-0.364829,107.026,13.2009,33.9126,0.538065,0.783879,0.26067,-0.167545
584,1,0.0452874,-0.04455,0.57856,0,0,0,0.807519,0.589532,0.0191094,0.229009,-0.283503,-0.931226,-0.54357,0.756358,-0.363942,106.932,13.2387,33.9459,0.538534,0.783416,0.261209,-0.167363
590,1,0.0383582,-0.0473196,0.575007,0,0,0,0.808462,0.588143,0.0218493,0.230588,-0.282374,-0.931179,-0.541497,0.757861,-0.363907,106.87,13.3317,33.8136,0.539022,0.783381,0.261281,-0.165835
597,1,0.0400004,-0.05071,0.579611,0,0,0,0.80793,0.588888,0.021447,0.2317,-0.283997,-0.930409,-0.541816,0.756675,-0.365895,106.974,13.3972,33.8467,0.538061,0.783872,0.26171,-0.165961
603,1,0.0398486,-0.0524314,0.581067,0,0,0,0.807818,0.589036,0.0215763,0.232311,-0.284528,-0.930094,-0.54172,0.75636,-0.366686,107.01,13.4332,33.8457,0.537728,0.784065,0.261887,-0.165848
609,1,0.0456094,-0.052321,0.586144,0,0,0,0.807075,0.590137,0.0191972,0.231702,-0.286636,-0.929599,-0.543088,0.754704,-0.368073,107.137,13.3973,33.937,0.536741,0.784504,0.261898,-0.16695
616,1,0.0484403,-0.0563775,0.591989,0,0,0,0.805279,0.592581,0.0193434,0.233437,-0.286897,-0.929084,-0.545008,0.752687,-0.369362,107.16,13.4995,34.0899,0.535961,0.784465,0.263243,-0.167523
622,1,0.0498634,-0.0577452,0.594293,0,0,0,0.804668,0.593416,0.0191365,0.23392,-0.287239,-0.928857,-0.545702,0.751898,-0.369944,107.184,13.5279,34.144,0.535604,0.784514,0.263646,-0.1678
629,1,0.0491845,-0.0616388,0.596716,0,0,0,0.803599,0.594823,0.0203356,0.235756,-0.286759,-0.928541,-0.546486,0.750969,-0.370672,107.162,13.6362,34.2176,0.535296,0.784383,0.264723,-0.167696
635,1,0.0549967,-0.0546356,0.595465,0,0,0,0.80294,0.595792,0.0178868,0.23274,-0.285751,-0.929612,-0.548744,0.750586,-0.368105,107.087,13.4584,34.3494,0.535977,0.783708,0.264298,-0.169341
641,1,0.0577295,-0.0524936,0.595838,0,0,0,0.802029,0.597037,0.0172469,0.231982,-0.284764,-0.930104,-0.550395,0.749971,-0.36689,107.023,13.4138,34.46,0.536277,0.783212,0.264621,-0.17018
647,1,0.0601997,-0.0546637,0.59945,0,0,0,0.799373,0.600558,0.0182334,0.233481,-0.282527,-0.930411,-0.553615,0.748003,-0.366063,106.891,13.5021,34.705,0.536373,0.782298,0.266535,-0.171092
653,1,0.0633506,-0.0531072,0.600502,0,0,0,0.79794,0.602475,0.0177889,0.232992,-0.281095,-0.930967,-0.555884,0.747001,-0.364669,106.801,13.4733,34.863,0.536697,0.781617,0.267224,-0.172109
659,1,0.0701092,-0.0492443,0.602726,0,0,0,0.795855,0.605277,0.0159671,0.231468,-0.279769,-0.931747,-0.559498,0.745231,-0.362757,106.713,13.3835,35.1078,0.536966,0.780766,0.267924,-0.174038
665,1,0.0785042,-0.0413196,0.602589,0,0,0,0.794621,0.606975,0.012643,0.22794,-0.278977,-0.932853,-0.562691,0.744146,-0.360035,106.65,13.1758,35.3033,0.537496,0.780005,0.267599,-0.176296
671,1,0.0829124,-0.0358908,0.601638,0,0,0,0.793743,0.608154,0.0109724,0.225685,-0.277709,-0.933779,-0.564834,0.743658,-0.357681,106.563,13.0432,35.436,0.538134,0.779284,0.267502,-0.177683
678,1,0.0935236,-0.0284132,0.603664,0,0,0,0.791345,0.611323,0.00755899,0.222504,-0.276466,-0.934911,-0.569443,0.741519,-0.354802,106.474,12.8561,35.7384,0.538534,0.778237,0.267858,-0.180499
684,1,0.10353,-0.0217002,0.605912,0,0,0,0.78969,0.613496,0.00362331,0.219258,-0.276703,-0.935607,-0.572989,0.739634,-0.353024,106.475,12.6655,35.9642,0.538508,0.777724,0.26769,-0.183023
690,1,0.113394,-0.0112461,0.604551,0,0,0,0.788006,0.615668,-0.000191975,0.214679,-0.275064,-0.937152,-0.577027,0.738439,-0.348923,106.358,12.3967,36.2139,0.539449,0.776529,0.267326,-0.185833
696,1,0.116988,-0.0120455,0.608197,0,0,0,0.785952,0.618287,-0.000378468,0.215261,-0.274209,-0.937268,-0.579605,0.736567,-0.348608,106.307,12.4308,36.4071,0.539244,0.776011,0.268536,-0.186848
702,1,0.120833,-0.00282879,0.603231,0,0,0,0.782283,0.622923,0.000744607,0.213039,-0.266416,-0.94002,-0.585361,0.73552,-0.341119,105.824,12.3005,36.8065,0.541929,0.772952,0.27038,-0.189086
708,1,0.12543,0.00600342,0.598804,0,0,0,0.781233,0.624239,-0.00086713,0.20955,-0.263559,-0.941608,-0.588017,0.735434,-0.33671,105.637,12.096,36.968,0.543361,0.771606,0.270147,-0.190798
714,1,0.134237,0.0104449,0.601546,0,0,0,0.779949,0.625829,-0.00430652,0.207172,-0.264673,-0.941822,-0.590559,0.73368,-0.336085,105.697,11.9567,37.1321,0.542953,0.771477,0.269937,-0.192768
720,1,0.135035,0.0115172,0.601264,0,0,0,0.780193,0.625519,-0.00500333,0.206506,-0.265103,-0.941847,-0.590469,0.733789,-0.336005,105.72,11.9177,37.1193,0.542929,0.771573,0.269587,-0.192941
726,1,0.134863,0.0106602,0.60194,0,0,0,0.780312,0.62537,-0.00510431,0.206721,-0.265624,-0.941653,-0.590237,0.733728,-0.336547,105.753,11.9303,37.1043,0.542711,0.771765,0.269542,-0.192851
732,1,0.138812,0.00627688,0.608956,0,0,0,0.778867,0.627161,-0.00587162,0.208338,-0.267541,-0.940753,-0.591575,0.731499,-0.339041,105.875,12.025,37.2178,0.541361,0.772245,0.270477,-0.193412
739,1,0.143409,0.0105771,0.608662,0,0,0,0.779528,0.626309,-0.00861775,0.205907,-0.269225,-0.940808,-0.591556,0.731612,-0.338829,105.969,11.8826,37.1936,0.541173,0.77259,0.269294,-0.194208
745,1,0.150234,0.00974545,0.614294,0,0,0,0.777799,0.628423,-0.0106299,0.205844,-0.27068,-0.940404,-0.593849,0.729257,-0.339892,106.058,11.8789,37.3617,0.540191,0.772718,0.269913,-0.195569
751,1,0.163693,0.015557,0.618668,0,0,0,0.776801,0.629533,-0.0163951,0.202168,-0.273949,-0.940255,-0.596413,0.727077,-0.340075,106.244,11.6638,37.5163,0.539161,0.773115,0.268945,-0.198162
757,1,0.16621,0.0178737,0.618415,0,0,0,0.777877,0.628142,-0.018596,0.200469,-0.276085,-0.939994,-0.595584,0.727472,-0.340683,106.368,11.5644,37.4396,0.538774,0.773732,0.267732,-0.198447
763,1,0.173627,0.0160774,0.625136,0,0,0,0.776136,0.630223,-0.0207757,0.200622,-0.278039,-0.939386,-0.597799,0.724923,-0.342232,106.488,11.5733,37.6043,0.537556,0.774017,0.268355,-0.199794
769,1,0.184068,0.0113604,0.636935,0,0,0,0.775388,0.630972,-0.0254336,0.200957,-0.284734,-0.937306,-0.598656,0.721665,-0.347577,106.898,11.5929,37.6707,0.534574,0.775838,0.268074,-0.201102
775,1,0.190987,0.0146048,0.639426,0,0,0,0.776984,0.628788,-0.0303482,0.19795,-0.289798,-0.936394,-0.597588,0.721556,-0.349637,107.196,11.4171,37.5643,0.53328,0.777242,0.26592,-0.201976
781,1,0.191018,0.00715099,0.645687,0,0,0,0.776453,0.629473,-0.0297407,0.200784,-0.291849,-0.935152,-0.597333,0.72013,-0.352995,107.332,11.5828,37.5715,0.531886,0.778026,0.266783,-0.201495
787,1,0.199702,0.0137302,0.645947,0,0,0,0.775271,0.630757,-0.0331826,0.19751,-0.291993,-0.935804,-0.599954,0.718948,-0.350954,107.329,11.3914,37.735,0.532054,0.777531,0.266313,-0.203573
794,1,0.208736,0.0185182,0.648112,0,0,0,0.773261,0.633064,-0.0360059,0.195246,-0.291741,-0.936358,-0.603279,0.71702,-0.349195,107.305,11.2591,37.9605,0.532054,0.776884,0.266549,-0.205721
800,1,0.216897,0.0190797,0.653738,0,0,0,0.771715,0.634778,-0.038897,0.194339,-0.293615,-0.935961,-0.605548,0.714735,-0.349949,107.417,11.2061,38.1205,0.531072,0.777058,0.266749,-0.207335
807,1,0.226949,0.0251703,0.655411,0,0,0,0.769874,0.636783,-0.042444,0.19133,-0.293743,-0.936541,-0.608841,0.712897,-0.34798,107.414,11.0304,38.3381,0.531072,0.776466,0.266629,-0.209695
813,1,0.23866,0.0305346,0.659304,0,0,0,0.767782,0.639007,-0.0467017,0.188433,-0.294871,-0.936773,-0.612376,0.710438,-0.346806,107.473,10.8613,38.5755,0.530591,0.776122,0.26653,-0.212298
820,1,0.237328,0.0342456,0.655403,0,0,0,0.765064,0.642464,-0.0437804,0.188398,-0.288324,-0.938816,-0.615779,0.710006,-0.341625,107.072,10.8593,38.8296,0.532709,0.773792,0.268439,-0.213093
826,1,0.23373,0.0230932,0.663783,0,0,0,0.763146,0.644964,-0.0403704,0.194075,-0.288328,-0.937658,-0.616395,0.707735,-0.345207,107.093,11.1907,38.9279,0.531416,0.774061,0.270986,-0.212117
832,1,0.237545,0.0159282,0.672337,0,0,0,0.756862,0.652529,-0.0369531,0.198726,-0.283626,-0.938117,-0.62263,0.702682,-0.34434,106.822,11.4625,39.4423,0.531247,0.772145,0.275614,-0.213556
838,1,0.251438,0.0185892,0.679467,0,0,0,0.756358