105,0,-0.335685,-0.387659,1.45593,-nan,-nan,-nan,0.832265,0.55407,0.0184504,0.177997,-0.235553,-0.955422,-0.525025,0.798449,-0.294665,103.85,10.2531,32.2453,0.570536,0.768519,0.238142,-0.164789
112,0,-0.334283,-0.385521,1.45628,-nan,-nan,-nan,0.828788,0.559155,0.0213792,0.155903,-0.19405,-0.968524,-0.537406,0.806034,-0.248,101.33,8.96915,32.9604,0.588799,0.753465,0.237256,-0.171218
120,0,-0.336748,-0.385961,1.45963,-nan,-nan,-nan,0.831599,0.554986,0.0208268,0.146179,-0.182551,-0.972269,-0.535794,0.811582,-0.232936,100.634,8.40557,32.7934,0.595002,0.749514,0.233873,-0.171767
128,0,-0.337565,-0.387248,1.46369,-nan,-nan,-nan,0.840025,0.542021,0.0239218,0.148479,-0.187258,-0.971024,-0.521836,0.819236,-0.23778,100.915,8.53881,31.8492,0.594766,0.752506,0.2294,-0.165419
136,0,-0.338321,-0.388295,1.46733,-nan,-nan,-nan,0.852675,0.521798,0.0259261,0.147941,-0.193562,-0.96987,-0.501058,0.830819,-0.242241,101.287,8.50762,30.4398,0.595162,0.756386,0.221362,-0.15704
143,0,-0.340418,-0.390977,1.47596,-nan,-nan,-nan,0.857793,0.513,0.0319666,0.154929,-0.198757,-0.967726,-0.49009,0.835061,-0.249971,101.606,8.91268,29.741,0.59352,0.759362,0.219898,-0.150825
151,0,-0.342388,-0.38535,1.48149,-nan,-nan,-nan,0.901248,0.429201,0.0594806,0.153735,-0.188391,-0.969987,-0.405114,0.883343,-0.23577,100.991,8.84342,24.2041,0.607677,0.762465,0.191135,-0.113328
158,0,-0.343117,-0.382425,1.48408,-nan,-nan,-nan,0.928893,0.366956,0.0500134,0.125952,-0.186018,-0.97444,-0.348273,0.91145,-0.21901,100.808,7.23571,20.5527,0.617225,0.763859,0.161322,-0.0976162
166,0,-0.343237,-0.383504,1.48823,-nan,-nan,-nan,0.940436,0.338902,0.0269264,0.101336,-0.203837,-0.973746,-0.324516,0.918475,-0.226039,101.823,5.81613,19.038,0.614524,0.769791,0.142973,-0.0966461
174,0,-0.345291,-0.378075,1.49624,-nan,-nan,-nan,0.946193,0.323573,-0.00446618,0.0754552,-0.234025,-0.969298,-0.314684,0.916806,-0.245848,103.574,4.32738,18.396,0.605458,0.778792,0.128092,-0.10245
182,0,-0.343436,-0.375051,1.48948,-nan,-nan,-nan,0.956422,0.290796,0.0263596,0.106549,-0.26353,-0.958749,-0.271854,0.919777,-0.28303,105.369,6.11642,15.8673,0.593688,0.791041,0.125577,-0.077586
191,1,-0.342332,-0.374277,1.48922,-nan,-nan,-nan,0.961904,0.270751,0.0378683,0.107201,-0.246128,-0.963291,-0.251492,0.930653,-0.265776,104.333,6.15402,14.6521,0.60208,0.786417,0.12015,-0.0679103
199,0,-0.340172,-0.374691,1.49082,-nan,-nan,-nan,0.968603,0.244328,0.0459532,0.104392,-0.231954,-0.967109,-0.225633,0.941542,-0.250178,103.487,5.99215,13.113,0.609605,0.782741,0.111378,-0.0573879
206,0,-0.335191,-0.375061,1.49288,-nan,-nan,-nan,0.979357,0.19836,0.0388973,0.0836618,-0.222591,-0.971315,-0.184012,0.954519,-0.234592,102.907,4.79908,10.6413,0.616882,0.780471,0.0903371,-0.046483
214,0,-0.331993,-0.376859,1.49979,-nan,-nan,-nan,0.983172,0.178566,0.0385741,0.0792325,-0.22654,-0.970774,-0.164608,0.957493,-0.236876,103.136,4.54445,9.50465,0.616392,0.782079,0.0824081,-0.0402882
222,0,-0.321633,-0.37902,1.51409,-nan,-nan,-nan,0.988887,0.145872,0.0287138,0.0571623,-0.194766,-0.979183,-0.137243,0.969942,-0.20094,101.25,3.27695,7.90136,0.631106,0.772106,0.0657405,-0.0351407
229,0,-0.337524,-0.374712,1.55488,-nan,-nan,-nan,0.983922,0.177287,-0.0216044,0.0261012,-0.262406,-0.964604,-0.176681,0.948532,-0.262815,105.218,1.49566,10.18,0.603884,0.792014,0.0641998,-0.0625891
237,0,-0.336467,-0.367176,1.56953,-nan,-nan,-nan,0.993676,0.111788,-0.0105664,0.0131272,-0.209111,-0.977804,-0.111516,0.971481,-0.209256,102.071,0.752153,6.40328,0.627557,0.776538,0.0402154,-0.0393036
244,0,-0.338372,-0.360247,1.58382,-nan,-nan,-nan,0.996204,0.0868457,-0.00590175,0.013577,-0.221996,-0.974953,-0.0859807,0.971172,-0.222333,102.828,0.77793,4.93287,0.622871,0.78111,0.032141,-0.0294076
252,0,-0.341131,-0.352714,1.59762,-nan,-nan,-nan,0.996491,0.0816198,0.0185382,0.0353932,-0.210205,-0.977017,-0.0758471,0.974244,-0.212356,102.142,2.0283,4.35263,0.627282,0.777665,0.0376168,-0.0184234
259,0,-0.344701,-0.344773,1.61339,-nan,-nan,-nan,0.992713,0.11478,0.0366961,0.0573956,-0.182608,-0.981509,-0.105957,0.976463,-0.187865,100.539,3.29033,6.09236,0.636836,0.768633,0.0560006,-0.0225271
267,0,-0.345674,-0.345321,1.62254,-nan,-nan,-nan,0.978958,0.201039,0.0350006,0.0699442,-0.169444,-0.983055,-0.191702,0.964817,-0.17994,99.7797,4.01078,11.0796,0.638274,0.762945,0.0887952,-0.0513475
275,0,-0.347804,-0.347583,1.6284,-nan,-nan,-nan,0.970449,0.238289,0.038033,0.078349,-0.162081,-0.983662,-0.228231,0.957574,-0.175961,99.3567,4.49367,13.2344,0.638829,0.759686,0.1042,-0.0625911
282,0,-0.348602,-0.357644,1.63369,-nan,-nan,-nan,0.950171,0.311224,0.0177673,0.0768318,-0.178569,-0.980923,-0.302114,0.933409,-0.193583,100.317,4.40648,17.6385,0.628096,0.761958,0.127322,-0.0932946
291,0,-0.349957,-0.362035,1.63961,-nan,-nan,-nan,0.929422,0.368761,0.0137672,0.0835647,-0.173984,-0.981196,-0.359431,0.913096,-0.19252,100.055,4.7935,21.1428,0.625084,0.757616,0.149259,-0.114063
298,0,-0.351434,-0.363463,1.64696,-nan,-nan,-nan,0.895688,0.444036,0.0239869,0.107358,-0.16358,-0.980671,-0.43153,0.88095,-0.194187,99.47,6.16301,25.7241,0.620065,0.750576,0.183657,-0.135743
306,0,-0.352791,-0.364449,1.65178,-nan,-nan,-nan,0.868935,0.493833,0.0328687,0.128257,-0.160539,-0.978661,-0.478018,0.854609,-0.202835,99.3158,7.36886,28.8161,0.613507,0.747046,0.208183,-0.14897
314,0,-0.361321,-0.368727,1.66796,-nan,-nan,-nan,0.828996,0.55846,0.0298095,0.131995,-0.143585,-0.980796,-0.543455,0.81701,-0.192746,98.3288,7.58492,33.2472,0.610873,0.735753,0.234608,-0.174531
322,0,-0.371755,-0.372952,1.68444,-nan,-nan,-nan,0.794305,0.606981,0.0255769,0.146879,-0.151016,-0.977559,-0.589497,0.780236,-0.209105,98.7818,8.4461,36.5811,0.598787,0.733898,0.2568,-0.192097
328,0,-0.37309,-0.374138,1.69269,-nan,-nan,-nan,0.769897,0.637326,0.0327771,0.16617,-0.150617,-0.974527,-0.616155,0.755731,-0.221864,98.7858,9.56523,38.6706,0.591062,0.731843,0.274477,-0.199284
336,0,-0.374448,-0.375605,1.6995,-nan,-nan,-nan,0.744126,0.667214,0.0331932,0.172041,-0.143388,-0.974598,-0.645506,0.730935,-0.221487,98.3696,9.90654,40.9406,0.587208,0.72612,0.288952,-0.210817
343,0,-0.375494,-0.376882,1.70504,-nan,-nan,-nan,0.735007,0.677421,0.0294106,0.169849,-0.141949,-0.975193,-0.656442,0.721769,-0.219392,98.2818,9.77903,41.7684,0.586017,0.723939,0.292591,-0.216535
350,0,-0.377525,-0.381064,1.71598,-nan,-nan,-nan,0.710382,0.702526,0.0425946,0.185105,-0.128101,-0.974334,-0.679039,0.700033,-0.221042,97.49,10.6673,43.7077,0.583361,0.717552,0.309257,-0.221741
358,0,-0.380786,-0.385149,1.72836,-nan,-nan,-nan,0.698393,0.714553,0.0407699,0.182768,-0.12298,-0.975434,-0.691985,0.688687,-0.216486,97.1858,10.531,44.736,0.582865,0.713768,0.31429,-0.228091
366,0,-0.385892,-0.390607,1.74877,-nan,-nan,-nan,0.686552,0.726677,0.0242391,0.18192,-0.139407,-0.973381,-0.703954,0.672686,-0.227907,98.1504,10.4816,45.717,0.57429,0.716566,0.316997,-0.237143
374,0,-0.388093,-0.394933,1.7594,-nan,-nan,-nan,0.669469,0.742788,0.00881868,0.16943,-0.141126,-0.975386,-0.72326,0.654485,-0.220329,98.2328,9.75466,47.2118,0.571842,0.712552,0.320053,-0.250663
381,0,-0.389487,-0.396819,1.7688,-nan,-nan,-nan,0.645711,0.763578,0.00254622,0.167089,-0.138041,-0.976231,-0.745077,0.630788,-0.21672,98.0484,9.61858,49.0866,0.5681,0.70719,0.329002,-0.262493
389,0,-0.394426,-0.40014,1.78093,-nan,-nan,-nan,0.600245,0.79971,-0.0130692,0.1746,-0.146962,-0.97361,-0.780526,0.582123,-0.227843,98.5837,10.0554,52.4388,0.553498,0.702682,0.346639,-0.282345
396,0,-0.401302,-0.400933,1.79245,-nan,-nan,-nan,0.590277,0.807198,0.00211303,0.159734,-0.114241,-0.980528,-0.791239,0.57912,-0.19637,96.6456,9.19143,53.2765,0.565611,0.689363,0.350661,-0.286179
404,0,-0.407078,-0.404072,1.80575,-nan,-nan,-nan,0.605507,0.795415,0.0259838,0.163297,-0.0922222,-0.982257,-0.778906,0.599007,-0.18573,95.3637,9.39834,52.1392,0.576098,0.686196,0.349285,-0.27431
411,0,-0.419559,-0.408345,1.82318,-nan,-nan,-nan,0.560598,0.826055,0.0579833,0.204274,-0.0700929,-0.976401,-0.802497,0.559213,-0.208035,94.106,11.787,55.0631,0.566231,0.677998,0.379916,-0.274526
419,0,-0.435332,-0.414804,1.83313,-nan,-nan,-nan,0.512025,0.856797,0.0610673,0.232203,-0.0696174,-0.970173,-0.82699,0.510932,-0.234597,94.1044,13.4268,58.2366,0.549502,0.67384,0.404028,-0.284164
427,0,-0.451814,-0.419663,1.83734,-nan,-nan,-nan,0.467085,0.882864,0.0488148,0.264143,-0.0866347,-0.960585,-0.843836,0.461569,-0.273669,95.1535,15.3161,61.0344,0.526018,0.675905,0.424249,-0.294058
435,0,-0.471471,-0.420772,1.83634,-nan,-nan,-nan,0.413671,0.909236,0.0465434,0.300566,-0.0881334,-0.94968,-0.859381,0.406845,-0.309744,95.302,17.4916,64.2957,0.503933,0.672969,0.449427,-0.30196
443,0,-0.474838,-0.428613,1.82549,-nan,-nan,-nan,0.425242,0.904207,-0.039722,0.226754,-0.148923,-0.962499,-0.876214,0.400288,-0.268361,98.7954,13.106,64.1119,0.501986,0.678698,0.416592,-0.337387
450,0,-0.477365,-0.428457,1.82301,-nan,-nan,-nan,0.405196,0.912065,-0.062877,0.221914,-0.164841,-0.961032,-0.886888,0.375453,-0.269192,99.7329,12.8215,65.4456,0.492738,0.678091,0.418078,-0.350161
458,0,-0.473633,-0.428766,1.82383,-nan,-nan,-nan,0.380366,0.923081,-0.056943,0.236541,-0.156623,-0.958915,-0.894075,0.351269,-0.277921,99.2764,13.6825,66.9537,0.486267,0.673593,0.430387,-0.352965
465,0,-0.474449,-0.427367,1.82309,-nan,-nan,-nan,0.323576,0.94006,-0.107638,0.185395,-0.174542,-0.967039,-0.927862,0.292955,-0.23076,100.231,10.6842,70.7747,0.479133,0.657434,0.427973,-0.393766
473,0,-0.473026,-0.430064,1.82614,-nan,-nan,-nan,0.388311,0.92093,-0.03321,0.288583,-0.155749,-0.944702,-0.875177,0.357254,-0.326244,99.3619,16.7732,66.0734,0.476004,0.683795,0.442206,-0.332112
481,0,-0.471197,-0.432157,1.82733,-nan,-nan,-nan,0.416168,0.909271,-0.00555861,0.320616,-0.152459,-0.934859,-0.850888,0.387276,-0.354975,99.2624,18.7002,63.9368,0.476638,0.69347,0.443381,-0.308754
489,0,-0.47101,-0.431771,1.82425,-nan,-nan,-nan,0.410388,0.911471,-0.0283078,0.333408,-0.178865,-0.92566,-0.848776,0.370442,-0.377296,100.936,19.4757,64.196,0.462122,0.701168,0.443859,-0.312722
497,0,-0.470971,-0.432158,1.82504,-nan,-nan,-nan,0.410768,0.911734,-0.0034569,0.308643,-0.14262,-0.940425,-0.85791,0.385229,-0.339984,98.6235,17.9775,64.4149,0.481706,0.687999,0.443451,-0.312997
504,0,-0.475346,-0.432045,1.82516,-nan,-nan,-nan,0.42646,0.902134,-0.0654661,0.290696,-0.205237,-0.934545,-0.856521,0.379515,-0.349772,102.386,16.8996,63.5314,0.466758,0.703823,0.423697,-0.327492
512,0,-0.473967,-0.431914,1.82549,-nan,-nan,-nan,0.417169,0.906984,-0.0578796,0.287066,-0.191927,-0.938487,-0.862301,0.374892,-0.34043,101.558,16.6824,64.183,0.470322,0.698127,0.427591,-0.329518
519,0,-0.47363,-0.430608,1.82665,-nan,-nan,-nan,0.38341,0.923242,-0.024932,0.304643,-0.151906,-0.940275,-0.871888,0.352916,-0.339502,99.1771,17.7367,66.2627,0.472229,0.68462,0.448382,-0.327488
528,0,-0.472677,-0.430007,1.82375,-nan,-nan,-nan,0.3752,0.926782,-0.0173278,0.302077,-0.139924,-0.942959,-0.876341,0.348564,-0.332459,98.4404,17.5824,66.8221,0.475084,0.679629,0.452033,-0.328734
535,0,-0.472274,-0.43045,1.82528,-nan,-nan,-nan,0.340718,0.939844,0.0245872,0.310004,-0.087618,-0.946689,-0.887586,0.330176,-0.321208,95.2878,18.0595,68.9997,0.482673,0.661352,0.47246,-0.326226
543,0,-0.473276,-0.431743,1.82365,-nan,-nan,-nan,0.169001,0.98521,-0.0282763,0.350003,-0.0868086,-0.932718,-0.921377,0.147734,-0.359497,95.3172,20.4875,79.6062,0.425057,0.635474,0.525283,-0.373601
551,0,-0.474566,-0.43109,1.82233,-nan,-nan,-nan,0.124903,0.991652,-0.0320188,0.357426,-0.0750771,-0.930919,-0.925552,0.10483,-0.36382,94.6108,20.9422,82.3144,0.414127,0.62526,0.539407,-0.382869
559,0,-0.477203,-0.430736,1.82012,-nan,-nan,-nan,0.125754,0.99181,-0.0223128,0.350093,-0.0654111,-0.934428,-0.928235,0.109697,-0.355452,94.0042,20.493,82.2847,0.419789,0.621815,0.539511,-0.382167
567,0,-0.477332,-0.43016,1.81993,-nan,-nan,-nan,0.098596,0.995126,-0.00178185,0.343374,-0.0357016,-0.93852,-0.934009,0.0919225,-0.345221,92.1785,20.0826,83.974,0.423578,0.608177,0.55021,-0.38467
574,0,-0.478304,-0.429019,1.81907,-nan,-nan,-nan,0.0813878,0.996679,-0.00258955,0.32837,-0.0292673,-0.944096,-0.941036,0.0759876,-0.329662,91.7756,19.1699,85.0569,0.424988,0.600066,0.552043,-0.393134
582,0,-0.478786,-0.42968,1.82023,-nan,-nan,-nan,-0.0556774,0.998405,0.00936665,0.323896,0.0269348,-0.945709,-0.944453,-0.0496208,-0.324879,88.3686,18.8987,93.3738,0.401988,0.557285,0.593189,-0.419483
590,0,-0.478572,-0.429379,1.81938,-nan,-nan,-nan,-0.154024,0.988045,-0.00654895,0.32012,0.0436299,-0.946372,-0.934773,-0.14786,-0.323013,87.3604,18.6702,99.3566,0.376362,0.530415,0.616577,-0.443672
597,0,-0.477417,-0.430355,1.8198,-nan,-nan,-nan,-0.163729,0.986231,-0.0232478,0.344213,0.0350281,-0.938238,-0.924505,-0.161619,-0.345209,87.8619,20.1338,100.043,0.36266,0.535362,0.621282,-0.442575
605,0,-0.476274,-0.431057,1.82345,-nan,-nan,-nan,-0.13615,0.98892,-0.0591565,0.346583,-0.00839329,-0.937982,-0.928086,-0.148209,-0.341601,90.5127,20.2785,98.3458,0.358419,0.550873,0.606085,-0.448035
613,0,-0.476804,-0.4303,1.82048,-nan,-nan,-nan,-0.14338,0.988606,-0.0458226,0.341582,0.00597867,-0.939833,-0.928851,-0.150406,-0.338547,89.6355,19.9733,98.7751,0.361957,0.54525,0.609899,-0.446893
621,0,-0.478427,-0.429689,1.81865,-nan,-nan,-nan,-0.122636,0.99245,-0.00155847,0.336448,0.0400971,-0.940848,-0.933683,-0.115906,-0.338825,87.5596,19.6606,97.4828,0.380341,0.542239,0.61269,-0.431194
628,0,-0.478466,-0.428815,1.81795,-nan,-nan,-nan,-0.154899,0.987836,0.0136408,0.308719,0.0615159,-0.949162,-0.938455,-0.142813,-0.314493,86.2918,17.9821,99.3726,0.384748,0.523946,0.618649,-0.441274
636,0,-0.478622,-0.428146,1.81727,-nan,-nan,-nan,-0.195824,0.980589,0.00986799,0.301318,0.0697433,-0.95097,-0.933199,-0.183249,-0.309127,85.8055,17.5368,101.851,0.375763,0.510774,0.627434,-0.451928
643,0,-0.472803,-0.430226,1.82108,-nan,-nan,-nan,-0.203292,0.97865,-0.0302773,0.335317,0.0405346,-0.941233,-0.91991,-0.201498,-0.336398,87.5341,19.5918,102.462,0.353852,0.522631,0.628535,-0.454521
651,0,-0.472649,-0.430007,1.82046,-nan,-nan,-nan,-0.21557,0.975039,-0.0531882,0.36176,0.0291506,-0.931815,-0.907006,-0.220112,-0.359014,88.2082,21.2083,103.37,0.337108,0.527801,0.633193,-0.454809
658,0,-0.474106,-0.430101,1.81984,-nan,-nan,-nan,-0.234263,0.969446,-0.0727727,0.353545,0.0152235,-0.935294,-0.905609,-0.244833,-0.346309,89.0675,20.7043,104.503,0.329641,0.523647,0.631624,-0.4671
666,0,-0.473966,-0.430188,1.82009,-nan,-nan,-nan,-0.238017,0.96919,-0.063398,0.354216,0.0258409,-0.934806,-0.904366,-0.244957,-0.349453,88.4166,20.7454,104.745,0.331048,0.520959,0.635081,-0.464414
673,0,-0.475565,-0.429976,1.81786,-nan,-nan,-nan,-0.24535,0.96909,-0.0258463,0.346336,0.0627197,-0.936012,-0.905458,-0.238602,-0.351019,86.1665,20.2633,105.161,0.34145,0.510624,0.644028,-0.455964
681,0,-0.475349,-0.429873,1.81929,-nan,-nan,-nan,-0.314727,0.948663,-0.0313903,0.330397,0.0784893,-0.940573,-0.889823,-0.306395,-0.338138,85.2298,19.2929,109.478,0.3262,0.486035,0.657905,-0.473841
689,0,-0.472431,-0.428842,1.8196,-nan,-nan,-nan,-0.254784,0.965267,-0.0578243,0.310046,0.024904,-0.950395,-0.915945,-0.260074,-0.305623,88.499,18.062,105.545,0.34077,0.506442,0.629546,-0.480692
696,0,-0.47623,-0.429298,1.8183,-nan,-nan,-nan,-0.160448,0.985793,-0.0496918,0.321926,0.00467295,-0.946753,-0.93307,-0.167902,-0.318102,89.7172,18.7794,99.757,0.362672,0.536885,0.608938,-0.457623
704,0,-0.477144,-0.428338,1.81488,-nan,-nan,-nan,-0.181742,0.983315,0.00778863,0.287079,0.0606317,-0.955986,-0.940508,-0.171507,-0.293309,86.371,16.6832,100.937,0.382616,0.512576,0.619613,-0.454918
712,0,-0.478972,-0.426776,1.81608,-nan,-nan,-nan,-0.165239,0.986022,0.0213565,0.299579,0.0708112,-0.95144,-0.939653,-0.150817,-0.307092,85.7436,17.4323,99.9735,0.386807,0.517456,0.621116,-0.443659
719,0,-0.477761,-0.428632,1.81579,-nan,-nan,-nan,-0.144512,0.988801,0.0372675,0.308149,0.0807616,-0.947904,-0.940298,-0.125499,-0.316369,85.1301,17.9477,98.7373,0.393662,0.522278,0.620815,-0.432256
727,0,-0.475484,-0.429261,1.8173,-nan,-nan,-nan,-0.114311,0.993307,0.0165438,0.319864,0.0525662,-0.946004,-0.940542,-0.102847,-0.323732,86.8195,18.6547,96.9296,0.391958,0.537786,0.610453,-0.429538
735,0,-0.476167,-0.429355,1.81872,-nan,-nan,-nan,-0.0825106,0.99645,0.0166859,0.3118,0.0417136,-0.949232,-0.946558,-0.073119,-0.314135,87.4838,18.1678,94.9818,0.401581,0.545415,0.599658,-0.426222
743,0,-0.475114,-0.429015,1.82031,-nan,-nan,-nan,-0.0104938,0.999944,-0.00126222,0.30506,0.00199931,-0.952331,-0.952275,-0.0103787,-0.305064,89.8797,17.7618,90.6314,0.414259,0.568456,0.573924,-0.419354
750,0,-0.474799,-0.429732,1.81756,-nan,-nan,-nan,0.048365,0.998196,-0.0355672,0.319454,-0.0491972,-0.946324,-0.946367,0.0344069,-0.321257,92.976,18.6299,87.0744,0.411677,0.595571,0.553104,-0.412182
758,0,-0.477287,-0.429409,1.8171,-nan,-nan,-nan,0.115243,0.993283,-0.0103676,0.346852,-0.0500183,-0.936585,-0.930813,0.104339,-0.350286,93.057,20.2949,82.9422,0.42277,0.615538,0.544294,-0.382259
765,0,-0.477536,-0.429586,1.81706,-nan,-nan,-nan,0.133955,0.990961,-0.00716547,0.342889,-0.0531323,-0.937872,-0.929776,0.123176,-0.346907,93.2425,20.053,81.8017,0.428345,0.619273,0.538474,-0.378243
773,0,-0.475069,-0.429567,1.81724,-nan,-nan,-nan,0.166568,0.985632,-0.0280121,0.338884,-0.0839024,-0.937079,-0.925966,0.146595,-0.347991,95.1164,19.8089,79.8024,0.428566,0.632151,0.523813,-0.377274
781,0,-0.472256,-0.429349,1.81754,-nan,-nan,-nan,0.18161,0.983034,-0.0257411,0.336694,-0.0867538,-0.937609,-0.923935,0.161612,-0.346737,95.2863,19.6756,78.8796,0.432469,0.635433,0.519224,-0.373633
789,0,-0.473765,-0.429557,1.81664,-nan,-nan,-nan,0.20412,0.978473,-0.0304289,0.336138,-0.0992477,-0.936569,-0.919427,0.180944,-0.34916,96.049,19.6417,77.4829,0.434659,0.642753,0.51132,-0.369448
796,0,-0.475261,-0.4287,1.81467,-nan,-nan,-nan,0.169645,0.985065,-0.0294441,0.333426,-0.0854857,-0.938892,-0.927387,0.149461,-0.342949,95.2024,19.4769,79.6336,0.430468,0.632076,0.521493,-0.378448
805,0,-0.47415,-0.428726,1.81501,-nan,-nan,-nan,0.198871,0.979731,-0.0240528,0.328812,-0.089824,-0.940114,-0.923219,0.179052,-0.34001,95.4578,19.1967,77.8437,0.438474,0.638104,0.512668,-0.371128
813,0,-0.471299,-0.430306,1.81717,-nan,-nan,-nan,0.243163,0.969571,-0.0283613,0.336997,-0.111862,-0.934837,-0.909563,0.21776,-0.353943,96.8235,19.694,75.0326,0.440839,0.653637,0.49973,-0.358733
819,0,-0.476463,-0.429129,1.81484,-nan,-nan,-nan,0.293082,0.955748,-0.0254651,0.320164,-0.123206,-0.939316,-0.900887,0.267144,-0.342105,97.4726,18.6728,71.9789,0.45491,0.663022,0.481097,-0.349292
827,0,-0.476109,-0.429162,1.81611,-nan,-nan,-nan,0.316778,0.948153,-0.0256482,0.324676,-0.133802,-0.936313,-0.8912,0.288276,-0.350228,98.1327,18.946,70.4322,0.456275,0.670971,0.474249,-0.341612
835,0,-0.47557,-0.429029,1.81576,-nan,-nan,-nan,0.350936,0.93628,-0.014935,0.31651,-0.133615,-0.939132,-0.881286,0.324848,-0.343233,98.0974,18.452,68.2871,0.467464,0.675978,0.463325,-0.331453
843,0,-0.474871,-0.429165,1.81515,-nan,-nan,-nan,0.365577,0.930776,-0.00312102,0.326796,-0.131493,-0.935903,-0.871526,0.341125,-0.352244,97.9976,19.0744,67.2435,0.469532,0.679947,0.462378,-0.321586
850,0,-0.471392,-0.428879,1.81488,-nan,-nan,-nan,0.41296,0.910733,0.00544367,0.312091,-0.135893,-0.940283,-0.855607,0.389998,-0.34035,98.2237,18.1853,64.2356,0.483921,0.687242,0.44483,-0.309267
858,0,-0.468947,-0.429292,1.81572,-nan,-nan,-nan,0.652974,0.755845,0.0482106,0.276836,-0.178939,-0.944109,-0.704973,0.629825,-0.326088,100.732,16.0714,47.1929,0.535711,0.734507,0.351488,-0.223539
865,0,-0.47062,-0.429811,1.81607,-nan,-nan,-nan,0.598653,0.799825,0.0435218,0.280174,-0.158184,-0.946826,-0.750411,0.579014,-0.318788,99.4847,16.2706,51.4183,0.529547,0.720351,0.374817,-0.245328
873,0,-0.470834,-0.429415,1.81477,-nan,-nan,-nan,0.48857,0.872319,-0.0189397,0.247815,-0.159544,-0.95558,-0.836593,0.462174,-0.294122,99.4787,14.3482,59.7151,0.508651,0.696821,0.401873,-0.306942
880,0,-0.472216,-0.428114,1.81621,-nan,-nan,-nan,0.51022,0.859716,-0.0237338,0.246432,-0.172579,-0.953671,-0.823982,0.480733,-0.299915,100.257,14.2665,58.2337,0.509344,0.704044,0.392784,-0.301016
889,0,-0.471826,-0.428281,1.81568,-nan,-nan,-nan,0.600651,0.798825,-0.0331355,0.23906,-0.218994,-0.945987,-0.762934,0.560287,-0.322506,103.034,13.8311,51.787,0.514575,0.731804,0.354564,-0.271955
896,0,-0.472439,-0.428633,1.8162,-nan,-nan,-nan,0.615197,0.785711,-0.0647345,0.215944,-0.246911,-0.944671,-0.758222,0.56718,-0.321569,104.648,12.4709,50.9452,0.511546,0.738864,0.338917,-0.278453
903,0,-0.471454,-0.429374,1.81636,-nan,-nan,-nan,0.701051,0.710057,-0.0659253,0.205879,-0.290042,-0.934606,-0.682745,0.641635,-0.349521,107.241,11.881,44.2421,0.515143,0.764953,0.299344,-0.244678
911,0,-0.471933,-0.428565,1.81452,-nan,-nan,-nan,0.742609,0.668496,-0.0405596,0.207886,-0.287656,-0.9349,-0.636644,0.685833,-0.352587,107.102,11.9985,40.6067,0.524968,0.771824,0.283867,-0.219351
919,0,-0.470819,-0.429047,1.81502,-nan,-nan,-nan,0.740749,0.671548,-0.0177216,0.225974,-0.273929,-0.934825,-0.632634,0.688467,-0.354665,106.332,13.0602,40.4989,0.527294,0.769634,0.291542,-0.211255
927,0,-0.471616,-0.429676,1.81628,-nan,-nan,-nan,0.735163,0.677679,-0.016897,0.235469,-0.278657,-0.931077,-0.63568,0.680515,-0.364431,106.662,13.6192,40.8493,0.522512,0.771079,0.296062,-0.211579
934,0,-0.472061,-0.430159,1.81794,-nan,-nan,-nan,0.727783,0.684753,-0.03802,0.21992,-0.285533,-0.932795,-0.64959,0.670511,-0.358397,107.02,12.7044,41.7508,0.520541,0.770018,0.293718,-0.223245
942,0,-0.471897,-0.429191,1.8166,-nan,-nan,-nan,0.712067,0.700468,-0.0480069,0.19853,-0.266459,-0.943178,-0.673458,0.662076,-0.328801,105.776,11.451,43.4038,0.528396,0.759494,0.29592,-0.237482
949,0,-0.472493,-0.428695,1.81663,-nan,-nan,-nan,0.723744,0.688899,-0.0401505,0.191615,-0.256521,-0.947355,-0.662932,0.677949,-0.317659,105.151,11.0471,42.4889,0.536089,0.757945,0.290428,-0.231904
957,0,-0.470833,-0.429252,1.81619,-nan,-nan,-nan,0.734109,0.67878,-0.018472,0.206216,-0.248779,-0.946353,-0.646961,0.690917,-0.322606,104.729,11.9007,41.3893,0.539148,0.759193,0.291427,-0.219125
965,0,-0.472087,-0.430646,1.81781,-nan,-nan,-nan,0.714012,0.699465,-0.0305852,0.227595,-0.273197,-0.934647,-0.662109,0.660388,-0.35426,106.294,13.1555,42.84,0.52119,0.765093,0.302924,-0.226343
973,0,-0.471224,-0.430498,1.818,-nan,-nan,-nan,0.727935,0.685295,-0.0219264,0.218266,-0.261925,-0.940082,-0.649977,0.679533,-0.340241,105.569,12.6072,41.7618,0.530511,0.763234,0.295965,-0.220084
980,0,-0.471305,-0.428995,1.81622,-nan,-nan,-nan,0.724835,0.688256,-0.0302931,0.22231,-0.275292,-0.935303,-0.652068,0.671206,-0.352548,106.401,12.8448,41.9748,0.523688,0.766922,0.296825,-0.222435
987,0,-0.471454,-0.428848,1.81677,-nan,-nan,-nan,0.736484,0.676346,-0.012132,0.236453,-0.274198,-0.932151,-0.633783,0.683646,-0.361866,106.392,13.6773,40.7137,0.524504,0.770154,0.296304,-0.209671
994,0,-0.471197,-0.430516,1.81748,-nan,-nan,-nan,0.739578,0.673069,-0.00167492,0.244166,-0.27061,-0.931211,-0.627222,0.688294,-0.364478,106.204,14.1325,40.3006,0.525474,0.770498,0.297611,-0.204055
1002,0,-0.473423,-0.429123,1.81559,-nan,-nan,-nan,0.762259,0.645129,-0.0526361,0.176612,-0.285532,-0.941955,-0.622711,0.708717,-0.331587,106.863,10.1725,39.2464,0.535056,0.771262,0.266362,-0.21891
1010,0,-0.472361,-0.430001,1.81592,-nan,-nan,-nan,0.773239,0.631996,-0.0517912,0.184797,-0.302718,-0.934993,-0.60659,0.713403,-0.350864,107.94,10.6493,38.1134,0.529069,0.778913,0.262158,-0.211314
1018,0,-0.472275,-0.429452,1.81647,-nan,-nan,-nan,0.796934,0.601572,-0.0548386,0.169547,-0.30989,-0.935533,-0.579785,0.73626,-0.348956,108.327,9.76147,36.0366,0.533406,0.783546,0.246035,-0.202484
1026,0,-0.471239,-0.428348,1.81967,-nan,-nan,-nan,0.741187,0.671242,0.00872455,0.22792,-0.239403,-0.943789,-0.631422,0.701513,-0.330432,104.234,13.1747,40.4279,0.541145,0.760102,0.295737,-0.204807
1033,0,-0.470669,-0.429258,1.81904,-nan,-nan,-nan,0.8567,0.515795,-0.00444217,0.168026,-0.287201,-0.943018,-0.48768,0.807138,-0.332712,106.938,9.67306,29.6508,0.556055,0.786863,0.217262,-0.156356
1041,0,-0.471424,-0.428393,1.81468,-nan,-nan,-nan,0.884866,0.464814,-0.0309814,0.139854,-0.328501,-0.934092,-0.444356,0.822214,-0.355686,109.376,8.03942,26.6646,0.547878,0.801413,0.188626,-0.148281
1048,0,-0.471682,-0.429694,1.81519,-nan,-nan,-nan,0.888333,0.457038,-0.0445155,0.126804,-0.337322,-0.93281,-0.441346,0.823001,-0.357608,109.881,7.28496,26.4193,0.546215,0.803627,0.181627,-0.151146
1055,0,-0.471031,-0.429198,1.81539,-nan,-nan,-nan,0.860718,0.508747,-0.0184805,0.157024,-0.29984,-0.940978,-0.484261,0.807014,-0.337963,107.674,9.03418,29.3632,0.552927,0.790335,0.210598,-0.159028
1063,0,-0.472352,-0.429651,1.81678,-nan,-nan,-nan,0.862195,0.503016,-0.0599511,0.119114,-0.316336,-0.941139,-0.492373