166,0,-0.334829,-0.387237,1.45547,-nan,-nan,-nan,0.84413,0.535538,0.0253673,0.18074,-0.239705,-0.953874,-0.504755,0.809778,-0.299135,104.106,10.4129,30.8777,0.571247,0.771844,0.232002,-0.155274
174,0,-0.335107,-0.385499,1.4548,-nan,-nan,-nan,0.856787,0.515018,0.0259231,0.153482,-0.206697,-0.966292,-0.492299,0.831885,-0.256141,102.074,8.82879,29.8811,0.590328,0.761516,0.219464,-0.153108
182,0,-0.335805,-0.385556,1.45714,-nan,-nan,-nan,0.863982,0.503062,0.0215412,0.138209,-0.195795,-0.970857,-0.484184,0.84178,-0.238691,101.402,7.94424,29.2667,0.597808,0.758035,0.211491,-0.15258
191,0,-0.336313,-0.386133,1.45956,-nan,-nan,-nan,0.876435,0.481113,0.0197858,0.130248,-0.197311,-0.97165,-0.46357,0.854165,-0.235594,101.479,7.4839,27.8755,0.600735,0.759826,0.201152,-0.146015
200,0,-0.338518,-0.388574,1.46821,-nan,-nan,-nan,0.886028,0.463198,0.0200673,0.128478,-0.203712,-0.970564,-0.445475,0.862525,-0.240005,101.854,7.38167,26.6922,0.600481,0.763175,0.193821,-0.139355
209,0,-0.340062,-0.390354,1.47407,-nan,-nan,-nan,0.899474,0.436329,0.023742,0.130163,-0.215667,-0.967753,-0.417138,0.873559,-0.25078,102.563,7.479,24.8799,0.598546,0.769078,0.184146,-0.127879
217,0,-0.341299,-0.39192,1.47926,-nan,-nan,-nan,0.915551,0.401186,0.0285763,0.125015,-0.216328,-0.968284,-0.38228,0.890086,-0.248213,102.594,7.18163,22.6625,0.602289,0.771377,0.170539,-0.114634
226,0,-0.342317,-0.393573,1.48543,-nan,-nan,-nan,0.927716,0.371976,0.0312596,0.121784,-0.222443,-0.967309,-0.352862,0.901195,-0.251665,102.951,6.99509,20.8246,0.602828,0.774891,0.1593,-0.103757
234,0,-0.343514,-0.39513,1.49034,-nan,-nan,-nan,0.940583,0.337871,0.0338586,0.116904,-0.228591,-0.966478,-0.318806,0.913011,-0.254507,103.307,6.71346,18.7238,0.603632,0.778409,0.146059,-0.0915158
243,0,-0.346228,-0.401146,1.50215,-nan,-nan,-nan,0.95086,0.308723,0.0235749,0.09647,-0.223052,-0.970021,-0.29421,0.924629,-0.241874,102.95,5.53593,17.1928,0.609495,0.77714,0.130348,-0.0870611
251,0,-0.347447,-0.416669,1.50812,-nan,-nan,-nan,0.979064,0.202892,0.0163627,0.0620173,-0.220768,-0.973353,-0.193873,0.953989,-0.228729,102.779,3.55561,11.2008,0.618378,0.779192,0.084995,-0.0569534
260,0,-0.347468,-0.43024,1.50557,-nan,-nan,-nan,0.989884,0.1362,0.0397359,0.074885,-0.263681,-0.961699,-0.120506,0.954946,-0.271213,105.333,4.29461,6.94089,0.603115,0.794478,0.0664227,-0.0254161
269,0,-0.348014,-0.440882,1.50947,-nan,-nan,-nan,0.990227,0.135732,0.0320647,0.0657872,-0.251855,-0.965526,-0.122978,0.958199,-0.258323,104.62,3.77205,7.07939,0.608286,0.790633,0.0637209,-0.0287468
278,0,-0.348695,-0.448569,1.51129,-nan,-nan,-nan,0.994392,0.102083,0.0276191,0.0539145,-0.264684,-0.962827,-0.090978,0.958917,-0.268703,105.371,3.09057,5.22749,0.60436,0.79495,0.0490589,-0.0199254
286,0,-0.351405,-0.451031,1.51677,-nan,-nan,-nan,0.995196,0.0943151,0.0262675,0.0504071,-0.263595,-0.963315,-0.0839312,0.960012,-0.267083,105.303,2.88934,4.82071,0.605086,0.79465,0.0455302,-0.0181412
295,0,-0.356424,-0.449546,1.53702,-nan,-nan,-nan,0.993351,0.109091,0.0367921,0.0627346,-0.24494,-0.967507,-0.0965348,0.963381,-0.250155,104.207,3.59679,5.55063,0.612016,0.78874,0.0544622,-0.0189361
303,0,-0.366012,-0.456724,1.56152,-nan,-nan,-nan,0.987918,0.14926,0.0417072,0.0736152,-0.215135,-0.973806,-0.136377,0.965111,-0.223524,102.458,4.22166,7.85974,0.622346,0.778874,0.0715376,-0.0303869
311,0,-0.367531,-0.459052,1.56852,-nan,-nan,-nan,0.986573,0.154966,0.0515723,0.084694,-0.215437,-0.972838,-0.139646,0.964143,-0.225669,102.487,4.85843,8.05649,0.621584,0.779051,0.0769076,-0.0282631
321,0,-0.369209,-0.463382,1.57581,-nan,-nan,-nan,0.984762,0.163646,0.0588475,0.0968672,-0.235131,-0.967125,-0.144429,0.958088,-0.2474,103.665,5.5588,8.34375,0.612828,0.785381,0.0829257,-0.0272421
329,0,-0.370908,-0.469788,1.58248,-nan,-nan,-nan,0.982356,0.176004,0.0632466,0.108096,-0.258363,-0.959981,-0.15262,0.949879,-0.27283,105.063,6.20556,8.83096,0.602321,0.792709,0.0895979,-0.0281862
338,0,-0.373006,-0.453028,1.59086,-nan,-nan,-nan,0.979681,0.190066,0.0640342,0.11487,-0.270016,-0.955979,-0.164409,0.94391,-0.286363,105.772,6.59615,9.52654,0.596511,0.796251,0.0957414,-0.0315148
348,0,-0.374241,-0.452171,1.59892,-nan,-nan,-nan,0.979896,0.191326,0.0565449,0.10778,-0.26916,-0.957046,-0.167888,0.9439,-0.28437,105.708,6.18737,9.72225,0.597153,0.795837,0.0939597,-0.0349768
356,0,-0.376477,-0.473774,1.60889,-nan,-nan,-nan,0.981682,0.188771,0.0258176,0.075926,-0.263313,-0.961718,-0.174747,0.946061,-0.272822,105.312,4.35443,10.0934,0.601154,0.793381,0.083408,-0.0469286
365,0,-0.380315,-0.479525,1.62172,-nan,-nan,-nan,0.982577,0.183292,0.030761,0.0771245,-0.25153,-0.964772,-0.169098,0.950335,-0.261284,104.613,4.4233,9.76473,0.606169,0.78984,0.0824269,-0.0437863
373,0,-0.382676,-0.483665,1.63367,-nan,-nan,-nan,0.981846,0.187762,0.0268888,0.0746561,-0.252229,-0.964784,-0.174368,0.949277,-0.261667,104.651,4.28146,10.0703,0.605795,0.789896,0.0830547,-0.0466767
382,0,-0.384697,-0.486865,1.64358,-nan,-nan,-nan,0.982062,0.186124,0.0302035,0.0786349,-0.258675,-0.962758,-0.17138,0.947863,-0.268671,105.039,4.51011,9.89901,0.603058,0.792056,0.0835671,-0.0445601
391,0,-0.386297,-0.489379,1.65093,-nan,-nan,-nan,0.982834,0.18093,0.0360734,0.0850371,-0.270751,-0.958886,-0.163724,0.945493,-0.28149,105.768,4.87816,9.45771,0.598037,0.796096,0.0835224,-0.0400866
400,0,-0.388645,-0.49245,1.66105,-nan,-nan,-nan,0.981921,0.186013,0.0350748,0.084926,-0.267314,-0.95986,-0.16917,0.945485,-0.278278,105.562,4.87177,9.77524,0.599235,0.794908,0.0852108,-0.0421733
409,0,-0.390587,-0.49501,1.66976,-nan,-nan,-nan,0.985213,0.168543,0.0308109,0.0758432,-0.267753,-0.960498,-0.153635,0.948631,-0.276577,105.577,4.34967,8.86338,0.600184,0.795227,0.076829,-0.038613
417,0,-0.392926,-0.497991,1.6783,-nan,-nan,-nan,0.981983,0.185634,0.0353527,0.0861012,-0.272992,-0.958155,-0.168215,0.943936,-0.284057,105.903,4.93935,9.72049,0.596853,0.796717,0.0852671,-0.0416905
426,0,-0.394496,-0.500032,1.68626,-nan,-nan,-nan,0.981821,0.18496,0.0426198,0.0932848,-0.274662,-0.957005,-0.165302,0.943584,-0.286923,106.014,5.35261,9.55682,0.595868,0.797403,0.0872347,-0.0384629
433,0,-0.396382,-0.502801,1.69729,-nan,-nan,-nan,0.988564,0.145126,0.0409834,0.079044,-0.267217,-0.960389,-0.128426,0.952646,-0.275633,105.549,4.53362,7.40193,0.601189,0.795521,0.0704476,-0.0274797
442,0,-0.397336,-0.505374,1.70645,-0.544086,0.00236065,1.7863,0.994179,0.100852,0.0378986,0.0627359,-0.255934,-0.964656,-0.0875884,0.961419,-0.260771,104.859,3.59686,5.03483,0.607757,0.792289,0.0516189,-0.0156792
451,0,-0.397442,-0.507841,1.71431,-0.544086,0.00236065,1.7863,0.99294,0.11258,0.0373686,0.0657736,-0.260378,-0.963264,-0.0987148,0.958921,-0.265944,105.126,3.77127,5.6775,0.60552,0.793609,0.0561845,-0.0193251
458,0,-0.396932,-0.50971,1.72159,-0.544086,0.00236065,1.7863,0.993451,0.107861,0.0376981,0.0651463,-0.263657,-0.962414,-0.093868,0.958567,-0.268957,105.32,3.73525,5.39767,0.604325,0.79468,0.0544268,-0.0176706
466,0,-0.392001,-0.515461,1.74264,-0.544086,0.00236065,1.7863,0.973969,0.222101,0.0453287,0.101983,-0.250751,-0.962665,-0.202443,0.942229,-0.266874,104.6,5.85338,11.7419,0.603396,0.789239,0.102657,-0.0497676
473,0,-0.396637,-0.527229,1.77449,-0.544086,0.00236065,1.7863,0.901294,0.424113,0.0883052,0.189936,-0.203664,-0.96044,-0.389351,0.882411,-0.264115,101.972,10.9491,23.3639,0.598647,0.76959,0.199473,-0.0977941
481,0,-0.411344,-0.51585,1.81091,-0.544086,0.00236065,1.7863,0.869432,0.486362,0.0868346,0.192395,-0.171421,-0.966229,-0.455052,0.856777,-0.242612,100.06,11.0926,27.6271,0.6032,0.755557,0.224588,-0.121836
489,0,-0.398828,-0.513427,1.83414,-0.544086,0.00236065,1.7863,0.846768,0.526472,0.0762314,0.204952,-0.190632,-0.960028,-0.490896,0.828545,-0.269322,101.231,11.8267,30.1021,0.588815,0.759395,0.240792,-0.136511
498,0,-0.389734,-0.513282,1.85106,-0.544086,0.00236065,1.7863,0.834981,0.547304,0.0571434,0.189569,-0.188604,-0.963583,-0.516596,0.815406,-0.261232,101.075,10.9276,31.7447,0.588461,0.75578,0.243746,-0.151979
506,0,-0.379207,-0.49723,1.8672,-0.544086,0.00236065,1.7863,0.84089,0.541046,0.013152,0.162843,-0.229765,-0.959526,-0.516125,0.808998,-0.281313,103.466,9.37195,31.5409,0.576588,0.766806,0.229487,-0.163983
514,0,-0.369025,-0.488013,1.87946,-0.544086,0.00236065,1.7863,0.843006,0.537607,0.0178622,0.172946,-0.239449,-0.955382,-0.509343,0.808482,-0.294834,104.07,9.95915,31.1403,0.571997,0.770923,0.230423,-0.159381
523,0,-0.369122,-0.478116,1.89174,-0.544086,0.00236065,1.7863,0.864237,0.498776,0.065707,0.207768,-0.234912,-0.949552,-0.458178,0.83429,-0.306649,103.896,11.9916,27.9305,0.575038,0.775532,0.227761,-0.126517
530,0,-0.374265,-0.467758,1.90168,-0.544086,0.00236065,1.7863,0.889759,0.451866,0.064386,0.191547,-0.241625,-0.951276,-0.414292,0.85874,-0.301542,104.252,11.0431,24.9678,0.580214,0.779892,0.206251,-0.112165
539,0,-0.386696,-0.456903,1.90841,-0.544086,0.00236065,1.7863,0.915817,0.394639,0.0744302,0.170952,-0.215386,-0.961449,-0.363394,0.893235,-0.264718,102.627,9.84316,21.6431,0.599106,0.773938,0.182699,-0.093342
547,0,-0.400692,-0.442563,1.91025,-0.544086,0.00236065,1.7863,0.936681,0.343659,0.0672911,0.146978,-0.211398,-0.966286,-0.317847,0.914992,-0.248523,102.34,8.45183,18.7438,0.60761,0.774048,0.158464,-0.080924
556,0,-0.411845,-0.423512,1.90159,-0.544086,0.00236065,1.7863,0.951699,0.294543,0.0866801,0.144529,-0.180688,-0.972863,-0.270888,0.938401,-0.214531,100.522,8.31002,15.8883,0.623795,0.765983,0.143304,-0.0601214
563,0,-0.421625,-0.407105,1.88623,-0.544086,0.00236065,1.7863,0.967761,0.233302,0.0949135,0.1405,-0.18729,-0.972205,-0.209041,0.954197,-0.214031,100.904,8.07678,12.1889,0.625788,0.769591,0.121429,-0.037074
571,0,-0.426229,-0.391181,1.86552,-0.544086,0.00236065,1.7863,0.980267,0.162157,0.113057,0.147108,-0.216371,-0.965165,-0.132046,0.962751,-0.235956,102.636,8.45934,7.67182,0.618049,0.779839,0.0991439,-0.0060876
579,0,-0.426401,-0.377759,1.86008,-0.544086,0.00236065,1.7863,0.982264,0.158644,0.0999526,0.130681,-0.196931,-0.971669,-0.134465,0.967497,-0.21417,101.457,7.50892,7.79496,0.62673,0.773525,0.0935083,-0.0111543
587,0,-0.423723,-0.373526,1.85702,-0.544086,0.00236065,1.7863,0.986133,0.136585,0.0942701,0.118135,-0.178764,-0.976774,-0.116561,0.974365,-0.192421,100.371,6.7845,6.74109,0.635403,0.767678,0.0829517,-0.0072592
595,0,-0.426513,-0.372231,1.85977,-0.544086,0.00236065,1.7863,0.99378,0.0948238,0.0583971,0.0733026,-0.16222,-0.984028,-0.0838361,0.982188,-0.168161,99.3612,4.2037,4.8221,0.644864,0.76226,0.0551408,-0.00834328
604,0,-0.427524,-0.371473,1.8611,-0.544086,0.00236065,1.7863,0.997713,0.0670527,0.00855159,0.017517,-0.134285,-0.990788,-0.0652866,0.988672,-0.135152,97.7185,1.0037,3.74389,0.657319,0.752853,0.0280831,-0.01884
612,0,-0.430124,-0.371119,1.85939,-0.544086,0.00236065,1.7863,0.997668,0.0328509,-0.0598199,-0.0558591,-0.110518,-0.992303,-0.0392092,0.993331,-0.108425,96.3551,-3.20216,2.25062,0.666844,0.744414,-0.00772694,-0.0332574
620,0,-0.42599,-0.370737,1.85993,-0.544086,0.00236065,1.7863,0.995847,-0.0127033,-0.0901553,-0.0908813,-0.0791842,-0.992709,0.00547177,0.996779,-0.0800098,94.5606,-5.21431,-0.314814,0.677616,0.734003,-0.0352807,-0.0288431
628,0,-0.425391,-0.369309,1.8596,-0.544086,0.00236065,1.7863,0.99281,-0.0477658,-0.109753,-0.111269,-0.0303273,-0.993327,0.0441185,0.998398,-0.0354242,91.7488,-6.3885,-2.54444,0.694093,0.717384,-0.0554219,-0.0228729
636,0,-0.426233,-0.369103,1.85967,-0.544086,0.00236065,1.7863,0.993488,-0.0897539,-0.0701876,-0.0730273,-0.0287522,-0.996915,0.087459,0.995549,-0.0351194,91.652,-4.18788,-5.03091,0.694553,0.717175,-0.0567439,0.00602066
644,0,-0.426713,-0.368572,1.86069,-0.544086,0.00236065,1.7863,0.983157,-0.149638,-0.104928,-0.108585,-0.0164575,-0.993951,0.147006,0.988604,-0.0324287,90.9486,-6.23374,-8.5041,0.69539,0.712749,-0.0905728,0.014759
652,0,-0.426531,-0.368844,1.8601,-0.544086,0.00236065,1.7863,0.965966,-0.226751,-0.124473,-0.131651,-0.0167498,-0.991155,0.222661,0.973809,-0.0460317,90.9682,-7.56498,-12.9803,0.68978,0.712171,-0.125813,0.0344678
660,0,-0.427238,-0.368379,1.85882,-0.544086,0.00236065,1.7863,0.948428,-0.285818,-0.137084,-0.143529,-0.00161826,-0.989645,0.282637,0.958282,-0.042558,90.0937,-8.2521,-16.5943,0.689973,0.705798,-0.152079,0.0515561
668,0,-0.426378,-0.368444,1.86107,-0.544086,0.00236065,1.7863,0.926952,-0.348351,-0.139326,-0.141769,0.0186058,-0.989725,0.347364,0.93718,-0.0321387,88.923,-8.15023,-20.5429,0.691632,0.696506,-0.175921,0.0746718
677,0,-0.427207,-0.367871,1.85916,-0.544086,0.00236065,1.7863,0.9117,-0.381674,-0.152077,-0.151908,0.0307694,-0.987916,0.381741,0.923785,-0.0299271,88.2161,-8.73754,-22.7197,0.691474,0.691169,-0.193,0.0830711
685,0,-0.426992,-0.368219,1.86012,-0.544086,0.00236065,1.7863,0.894107,-0.433116,-0.113944,-0.110006,0.0342353,-0.993341,0.434133,0.900688,-0.0170355,88.0261,-6.31569,-25.8988,0.69125,0.685001,-0.198219,0.116857
693,0,-0.428739,-0.367866,1.86035,-0.544086,0.00236065,1.7863,0.851338,-0.506786,-0.135616,-0.123543,0.057566,-0.990668,0.509863,0.860148,-0.0136016,86.6744,-7.09661,-30.9172,0.68835,0.672193,-0.23443,0.139189
702,0,-0.42688,-0.367291,1.86147,-0.544086,0.00236065,1.7863,0.872064,-0.485566,-0.0610671,-0.041811,0.0504033,-0.997853,0.487602,0.872746,0.0236529,87.1083,-2.39629,-29.2111,0.697517,0.670449,-0.196651,0.159048
711,0,-0.426781,-0.365911,1.86127,-0.544086,0.00236065,1.7863,0.886139,-0.460702,-0.0501125,-0.024833,0.0607743,-0.997843,0.462754,0.885472,0.0424139,86.5147,-1.42297,-27.5742,0.705218,0.667636,-0.181811,0.154516
719,0,-0.426917,-0.366276,1.85993,-0.544086,0.00236065,1.7863,0.879511,-0.471631,-0.0634448,-0.0392832,0.0609118,-0.99737,0.474255,0.87969,0.0350453,86.5052,-2.25134,-28.3347,0.702757,0.667749,-0.191282,0.153804
727,1,-0.426645,-0.366444,1.85981,-0.544086,0.00236065,1.7863,0.8786,-0.472684,-0.0680611,-0.0472665,0.055747,-0.997326,0.475214,0.879467,0.0266371,86.8007,-2.70918,-28.4079,0.700176,0.670115,-0.193978,0.151897
735,1,-0.426406,-0.367963,1.85841,-0.544086,0.00236065,1.7863,0.855357,-0.492109,-0.161841,-0.150386,0.0630768,-0.986613,0.49573,0.868245,-0.0200532,86.3419,-8.64931,-30.0948,0.688909,0.673115,-0.238628,0.124009
744,1,-0.427528,-0.367627,1.85874,-0.544086,0.00236065,1.7863,0.844585,-0.509016,-0.166069,-0.148667,0.0750236,-0.986037,0.514368,0.857481,-0.0123102,85.649,-8.5497,-31.3422,0.690525,0.667434,-0.246348,0.130462
752,1,-0.428721,-0.367353,1.85923,-0.544086,0.00236065,1.7863,0.822391,-0.545325,-0.162152,-0.136966,0.0868575,-0.98676,0.55219,0.833712,-0.00326002,84.9696,-7.8723,-33.8792,0.690288,0.659317,-0.258711,0.147895
760,1,-0.427938,-0.367606,1.85951,-0.544086,0.00236065,1.7863,0.808089,-0.567531,-0.1578,-0.130256,0.0890946,-0.987469,0.574479,0.818517,-0.00192818,84.8444,-7.4844,-35.4094,0.688341,0.65592,-0.265958,0.158815
769,1,-0.426349,-0.367431,1.85837,-0.544086,0.00236065,1.7863,0.827609,-0.550391,-0.110152,-0.093755,0.0579381,-0.993908,0.55342,0.832894,-0.00365184,86.6638,-5.37966,-33.7706,0.685911,0.665831,-0.241858,0.166434
777,1,-0.427892,-0.366587,1.85909,-0.544086,0.00236065,1.7863,0.857823,-0.501829,-0.110938,-0.0907201,0.0646147,-0.993778,0.505874,0.86255,0.00990203,86.2799,-5.20504,-30.5286,0.695043,0.667703,-0.221861,0.147872
786,0,-0.429192,-0.367294,1.85969,-0.544086,0.00236065,1.7863,0.855805,-0.500798,-0.129608,-0.113932,0.0619218,-0.991557,0.504596,0.863346,-0.00406372,86.4266,-6.542,-30.5242,0.691676,0.670438,-0.229227,0.139829
794,1,-0.426666,-0.366663,1.86082,-0.544086,0.00236065,1.7863,0.862384,-0.500384,-0.0768721,-0.0630681,0.0444735,-0.997018,0.50231,0.864661,0.00679502,87.4459,-3.61594,-30.2194,0.691674,0.672889,-0.209341,0.158064
802,1,-0.427048,-0.366546,1.86078,-0.544086,0.00236065,1.7863,0.86893,-0.492386,-0.0501608,-0.0353127,0.0394128,-0.998599,0.493673,0.869484,0.0168595,87.7398,-2.02369,-29.6026,0.693758,0.673175,-0.195974,0.164709
811,1,-0.427392,-0.367793,1.86093,-0.544086,0.00236065,1.7863,0.885899,-0.460923,-0.052278,-0.0301861,0.0551778,-0.99802,0.462895,0.885723,0.0349685,86.8355,-1.7298,-27.5877,0.702859,0.670029,-0.183242,0.153209
819,1,-0.426979,-0.368476,1.86028,-0.544086,0.00236065,1.7863,0.889143,-0.455966,-0.0389901,-0.0212744,0.0439236,-0.998808,0.457135,0.888913,0.0293539,87.482,-1.21903,-27.2091,0.700432,0.67377,-0.177078,0.155151
828,1,-0.427391,-0.380168,1.85523,-0.544086,0.00236065,1.7863,0.89238,-0.439707,-0.101565,-0.0906034,0.0459099,-0.994828,0.442096,0.896967,0.00113012,87.3578,-5.19832,-26.3544,0.696315,0.679216