129,0,-0.334998,-0.39663,1.45096,-nan,-nan,-nan,0.832853,0.552941,0.0247519,0.201009,-0.260493,-0.944319,-0.515705,0.791454,-0.328098,105.422,11.596,31.7659,0.557732,0.77805,0.242256,-0.157751
137,0,-0.33358,-0.403578,1.44416,-nan,-nan,-nan,0.85179,0.523605,0.0170675,0.168548,-0.243052,-0.955258,-0.496029,0.816556,-0.295282,104.275,9.70338,30.2139,0.573031,0.773001,0.223852,-0.154903
146,0,-0.332613,-0.410849,1.43888,-nan,-nan,-nan,0.866217,0.499589,0.00881809,0.143903,-0.232529,-0.961885,-0.478497,0.83447,-0.273313,103.59,8.27375,28.9162,0.583176,0.770075,0.208906,-0.152478
154,0,-0.332639,-0.415611,1.438,-nan,-nan,-nan,0.875951,0.481653,0.0268381,0.130487,-0.183013,-0.974412,-0.464417,0.85704,-0.22316,100.637,7.49773,27.9319,0.606172,0.755335,0.202605,-0.144829
162,0,-0.332481,-0.416143,1.43729,-nan,-nan,-nan,0.892219,0.451341,0.0154143,0.116796,-0.197644,-0.973291,-0.436239,0.870189,-0.229056,101.479,6.70721,26.0558,0.605293,0.7614,0.186543,-0.138175
171,0,-0.332812,-0.416158,1.43744,-nan,-nan,-nan,0.893744,0.448498,0.00847912,0.117658,-0.216139,-0.969247,-0.432873,0.867257,-0.245942,102.571,6.75696,25.8426,0.598261,0.767435,0.184431,-0.138251
179,0,-0.33355,-0.416404,1.43814,-nan,-nan,-nan,0.891475,0.453042,-0.00502095,0.119916,-0.246622,-0.961664,-0.436912,0.856698,-0.274184,104.384,6.88723,26.1095,0.585378,0.776576,0.18445,-0.14227
188,0,-0.335085,-0.416376,1.44136,-nan,-nan,-nan,0.857023,0.515235,-0.00671245,0.141305,-0.24753,-0.958521,-0.495525,0.820526,-0.284944,104.48,8.1234,30.0362,0.575445,0.7729,0.212363,-0.162452
196,0,-0.335292,-0.41516,1.44224,-nan,-nan,-nan,0.845454,0.534024,-0.00504581,0.128329,-0.21232,-0.968737,-0.5184,0.818376,-0.248038,102.362,7.37302,31.515,0.588451,0.759245,0.218096,-0.172357
205,0,-0.335962,-0.415308,1.44235,-nan,-nan,-nan,0.846843,0.531768,-0.00895419,0.120354,-0.20801,-0.970694,-0.518046,0.820948,-0.240152,102.095,6.91255,31.4557,0.591329,0.757464,0.215232,-0.173936
213,0,-0.33835,-0.417018,1.45409,-nan,-nan,-nan,0.841778,0.537978,-0.0446028,0.0485908,-0.157801,-0.986275,-0.537633,0.828057,-0.158974,99.0901,2.78515,32.5658,0.617455,0.734601,0.199622,-0.198147
222,0,-0.33841,-0.418283,1.46093,-nan,-nan,-nan,0.849473,0.527034,-0.025105,0.0639104,-0.150008,-0.986617,-0.523747,0.8365,-0.16111,98.6452,3.66429,31.6561,0.620152,0.734947,0.201016,-0.186698
230,0,-0.342503,-0.42166,1.47396,-nan,-nan,-nan,0.843006,0.535596,-0.0497779,0.0259856,-0.132982,-0.990778,-0.537276,0.833938,-0.126023,97.6446,1.48903,32.5107,0.629285,0.724916,0.193671,-0.202456
239,0,-0.345282,-0.425427,1.48525,-nan,-nan,-nan,0.847106,0.528227,-0.0582092,-0.00922029,-0.0949088,-0.995443,-0.531344,0.843783,-0.0755274,95.4463,-0.528291,32.0978,0.647431,0.710201,0.182697,-0.20753
247,0,-0.349248,-0.427425,1.50036,-nan,-nan,-nan,0.841832,0.536824,-0.0560309,-0.0488903,-0.0275419,-0.998424,-0.537521,0.843245,0.0030598,91.5801,-2.80233,32.5588,0.674046,0.683066,0.178582,-0.217238
256,0,-0.34777,-0.427305,1.49735,-nan,-nan,-nan,0.83075,0.552692,-0.0662285,-0.0533343,-0.0393986,-0.997799,-0.554085,0.832454,-0.00325293,92.2612,-3.05728,33.7021,0.668599,0.684361,0.182417,-0.226603
264,0,-0.351952,-0.425462,1.51307,-nan,-nan,-nan,0.833056,0.553008,-0.0141199,-0.144099,0.192288,-0.970701,-0.53409,0.810683,0.239875,78.7952,-8.28514,32.6648,0.752532,0.591797,0.17274,-0.231587
273,0,-0.350786,-0.418354,1.51763,-nan,-nan,-nan,0.820576,0.571533,0.0023597,-0.199402,0.290155,-0.935975,-0.535625,0.767568,0.352059,72.7764,-11.502,33.1342,0.784664,0.542762,0.171406,-0.245626
282,0,-0.341478,-0.410412,1.52406,-nan,-nan,-nan,0.824452,0.565591,0.0196373,-0.248922,0.393574,-0.884951,-0.508249,0.724711,0.465271,66.0233,-14.4137,31.6525,0.819039,0.491327,0.16113,-0.248619
291,0,-0.339288,-0.410827,1.52928,-nan,-nan,-nan,0.845057,0.534448,0.0156415,-0.28388,0.47327,-0.833923,-0.453091,0.700272,0.551659,60.4241,-16.4919,28.1987,0.847052,0.452805,0.138342,-0.241522
299,0,-0.335903,-0.402692,1.53764,-nan,-nan,-nan,0.847756,0.529136,-0.0363846,-0.382571,0.562538,-0.732933,-0.367354,0.635268,0.679327,52.4932,-22.493,23.4283,0.878866,0.389195,0.0941466,-0.259342
308,0,-0.334787,-0.395085,1.54582,-nan,-nan,-nan,0.847064,0.526331,-0.0738764,-0.443393,0.623155,-0.644268,-0.293062,0.578492,0.761224,45.9544,-26.3206,19.0843,0.898811,0.340105,0.0609654,-0.269724
316,0,-0.33833,-0.380633,1.55288,-nan,-nan,-nan,0.850327,0.509912,-0.130127,-0.486117,0.666366,-0.565373,-0.201578,0.544009,0.814506,40.3127,-29.0857,13.3363,0.912579,0.303914,0.0195738,-0.272861
325,0,-0.345936,-0.36888,1.55655,-nan,-nan,-nan,0.849376,0.486047,-0.205717,-0.521867,0.715198,-0.464916,-0.0788428,0.502245,0.861123,33.026,-31.4575,5.30325,0.925432,0.261273,-0.0342742,-0.272282
334,1,-0.350399,-0.361852,1.55743,-nan,-nan,-nan,0.826584,0.495899,-0.266163,-0.562766,0.72213,-0.402272,-0.00728221,0.482299,0.875976,29.1206,-34.2473,0.504763,0.925296,0.238997,-0.0699454,-0.286034
343,1,-0.34059,-0.353477,1.56162,-nan,-nan,-nan,0.866527,0.461651,-0.189761,-0.499085,0.806539,-0.316875,0.00676348,0.369287,0.929291,21.449,-29.9395,-0.4472,0.948994,0.180761,-0.0517717,-0.253093
351,1,-0.341599,-0.349891,1.56406,-nan,-nan,-nan,0.864837,0.461454,-0.19778,-0.499678,0.829409,-0.249805,0.0487675,0.314867,0.947882,16.7615,-29.9787,-3.22745,0.954218,0.147941,-0.0645942,-0.251811
359,1,-0.34095,-0.354743,1.56256,-nan,-nan,-nan,0.843233,0.492996,-0.214274,-0.532786,0.819435,-0.211342,0.0713927,0.292373,0.953636,14.4621,-32.1939,-4.83943,0.950829,0.132441,-0.0751099,-0.269707
369,1,-0.34047,-0.351874,1.56181,-nan,-nan,-nan,0.839983,0.500863,-0.208721,-0.535616,0.826928,-0.17119,0.0868544,0.255591,0.962876,11.6961,-32.3857,-5.90341,0.9526,0.112004,-0.0775708,-0.272013
377,1,-0.343218,-0.354155,1.56202,-nan,-nan,-nan,0.8202,0.514108,-0.250929,-0.558654,0.814252,-0.157793,0.123197,0.269605,0.955058,10.9674,-33.9628,-8.54215,0.9473,0.112794,-0.0987347,-0.28311
386,1,-0.340694,-0.351879,1.56138,-nan,-nan,-nan,0.824801,0.492057,-0.278538,-0.539385,0.832494,-0.126558,0.169607,0.254624,0.95205,8.64406,-32.6418,-11.62,0.949914,0.10032,-0.117944,-0.271457
395,1,-0.341216,-0.356333,1.55966,-nan,-nan,-nan,0.850977,0.422363,-0.312167,-0.493168,0.847013,-0.19838,0.180621,0.322767,0.929084,13.1817,-29.549,-11.9833,0.952244,0.136821,-0.129375,-0.240362
403,1,-0.340223,-0.360299,1.55988,-nan,-nan,-nan,0.855547,0.410377,-0.315643,-0.489498,0.839741,-0.235005,0.168617,0.355564,0.919316,15.6345,-29.3076,-11.1494,0.950606,0.155314,-0.127356,-0.236658
412,1,-0.34181,-0.361008,1.55961,-nan,-nan,-nan,0.854869,0.360643,-0.37301,-0.47052,0.841841,-0.264414,0.218656,0.401547,0.889353,17.437,-28.0681,-14.3474,0.946845,0.175837,-0.15622,-0.219456
420,1,-0.342655,-0.360868,1.55887,-nan,-nan,-nan,0.867053,0.289,-0.40583,-0.411416,0.874737,-0.25607,0.28099,0.388991,0.877343,16.3168,-24.2938,-17.9562,0.951201,0.169538,-0.180514,-0.184087
429,1,-0.342371,-0.359553,1.55912,-nan,-nan,-nan,0.8735,0.236515,-0.425509,-0.350507,0.912126,-0.212537,0.337849,0.334795,0.879642,13.1166,-20.5183,-21.1453,0.957244,0.142945,-0.199363,-0.15331
438,1,-0.34259,-0.359658,1.55966,-nan,-nan,-nan,0.882824,0.20516,-0.422529,-0.312598,0.928045,-0.202523,0.350576,0.310874,0.883433,12.3104,-18.2159,-21.6584,0.961028,0.133554,-0.201114,-0.134688
446,1,-0.344882,-0.35404,1.55888,-nan,-nan,-nan,0.879804,0.19859,-0.431865,-0.303928,0.933583,-0.189868,0.365476,0.298302,0.881727,11.4957,-17.6937,-22.5583,0.961134,0.126977,-0.207396,-0.13071
455,1,-0.347222,-0.361474,1.5579,-nan,-nan,-nan,0.893738,0.0320879,-0.447441,-0.234532,0.883683,-0.405092,0.382397,0.466986,0.797306,24.6274,-13.5641,-23.1643,0.945347,0.230624,-0.219453,-0.0705085
464,1,-0.345292,-0.362437,1.55433,-nan,-nan,-nan,0.88959,-0.00717519,-0.456704,-0.207477,0.884424,-0.418028,0.406919,0.466629,0.785286,25.298,-11.9745,-24.5805,0.943305,0.234457,-0.228882,-0.053085
473,1,-0.346278,-0.363463,1.5544,-nan,-nan,-nan,0.87918,-0.0619129,-0.472451,-0.162255,0.893366,-0.419011,0.448014,0.445043,0.775384,25.1277,-9.33779,-27.0026,0.941798,0.229363,-0.244337,-0.0266357
481,1,-0.344501,-0.36377,1.55401,-nan,-nan,-nan,0.881298,-0.0472997,-0.470188,-0.148873,0.916525,-0.37124,0.448499,0.397172,0.800689,22.0505,-8.56162,-26.9719,0.948487,0.202536,-0.242145,-0.0267725
489,1,-0.343817,-0.364115,1.55451,-nan,-nan,-nan,0.872522,-0.0604007,-0.484827,-0.116303,0.938126,-0.326179,0.47453,0.340985,0.811511,19.1721,-6.67876,-28.54,0.951599,0.175274,-0.252038,-0.0146863
498,1,-0.343236,-0.363796,1.55444,-nan,-nan,-nan,0.869443,-0.0473267,-0.491761,-0.118317,0.946486,-0.300276,0.479656,0.319256,0.817316,17.6018,-6.79496,-28.8847,0.953054,0.162512,-0.254817,-0.0186217
507,1,-0.346425,-0.361784,1.55639,-nan,-nan,-nan,0.85345,-0.0169732,-0.520898,-0.165446,0.938949,-0.301665,0.494217,0.343637,0.798538,17.8111,-9.52314,-30.0743,0.947488,0.170266,-0.267844,-0.0391753
515,1,-0.345077,-0.361519,1.55401,-nan,-nan,-nan,0.852261,-0.0425204,-0.521386,-0.112706,0.958358,-0.262386,0.510831,0.282385,0.811979,15.3116,-6.4713,-30.9378,0.951656,0.143111,-0.271163,-0.0184376
524,1,-0.347175,-0.362871,1.55405,-nan,-nan,-nan,0.833041,-0.0721339,-0.548488,-0.0835043,0.963707,-0.253567,0.546873,0.257033,0.796784,14.7413,-4.79002,-33.284,0.947831,0.134676,-0.288913,-0.00299905
532,1,-0.343517,-0.36486,1.5551,-nan,-nan,-nan,0.854052,-0.0328532,-0.519149,-0.124339,0.956181,-0.26506,0.505109,0.290926,0.812544,15.4937,-7.14259,-30.6012,0.95168,0.146054,-0.269066,-0.0240328
541,1,-0.34218,-0.36422,1.55275,-nan,-nan,-nan,0.848097,-0.233484,-0.475623,0.102001,0.952826,-0.285864,0.519931,0.193927,0.831904,16.7002,5.85439,-31.5106,0.952999,0.125863,-0.261163,0.0880077
549,1,-0.341537,-0.364026,1.55262,-nan,-nan,-nan,0.849204,-0.236513,-0.472138,0.110574,0.953912,-0.27897,0.516359,0.184696,0.836218,16.3015,6.34841,-31.3017,0.953852,0.121525,-0.25908,0.0909698
558,1,-0.341708,-0.362556,1.55289,-nan,-nan,-nan,0.841588,-0.240915,-0.483414,0.122109,0.956706,-0.264204,0.526135,0.163322,0.83457,15.438,7.01383,-32.0124,0.953004,0.112152,-0.264833,0.0952316
567,1,-0.342455,-0.362334,1.5537,-nan,-nan,-nan,0.804185,-0.312935,-0.505329,0.205422,0.944121,-0.257754,0.557752,0.103476,0.823532,15.2702,11.8542,-34.7437,0.944965,0.0955671,-0.281249,0.137136
575,1,-0.342873,-0.3594,1.55357,-nan,-nan,-nan,0.787421,-0.341318,-0.513293,0.291446,0.9399,-0.177899,0.543164,-0.00951547,0.839572,10.7179,16.9445,-34.598,0.944311,0.0445785,-0.27969,0.16752
584,1,-0.344751,-0.357292,1.55348,-nan,-nan,-nan,0.801762,-0.325651,-0.501128,0.282419,0.945424,-0.162523,0.526704,-0.0112227,0.849975,9.75412,16.4046,-33.3022,0.948309,0.039887,-0.270964,0.160304
592,0,-0.34666,-0.352038,1.55206,-nan,-nan,-nan,0.812851,-0.389474,-0.433109,0.359847,0.920482,-0.152391,0.458021,-0.0319813,0.888366,9.40039,21.0908,-29.4002,0.951538,0.0316356,-0.234129,0.196871
600,0,-0.347335,-0.353057,1.55392,-nan,-nan,-nan,0.797386,-0.428807,-0.424617,0.386135,0.903275,-0.187067,0.463762,-0.0147946,0.885836,11.7005,22.7142,-30.1824,0.946903,0.0454832,-0.234549,0.21516
609,0,-0.341864,-0.351425,1.55597,-nan,-nan,-nan,0.850634,-0.381686,-0.361578,0.348679,0.924272,-0.155384,0.393504,0.00610013,0.919303,9.54304,20.4066,-24.8253,0.961016,0.0420087,-0.196428,0.189998
617,1,-0.342915,-0.352679,1.55544,-nan,-nan,-nan,0.836919,-0.400434,-0.37312,0.365561,0.916325,-0.163442,0.407347,0.000389522,0.913273,10.1133,21.4421,-25.9532,0.957408,0.0427799,-0.203797,0.200018
626,1,-0.343583,-0.351837,1.55598,-nan,-nan,-nan,0.849809,-0.359425,-0.385535,0.322421,0.933109,-0.159223,0.416975,0.0110044,0.908851,9.68352,18.8094,-26.1358,0.960699,0.0442978,-0.208835,0.177435
635,1,-0.346216,-0.355764,1.55381,-nan,-nan,-nan,0.822122,-0.396954,-0.408096,0.336861,0.917053,-0.213398,0.458955,0.0379679,0.887648,13.0996,19.6858,-29.1727,0.952211,0.0659954,-0.227641,0.192661
643,1,-0.346514,-0.358612,1.55207,-nan,-nan,-nan,0.694597,-0.572653,-0.435435,0.446762,0.81778,-0.362822,0.563861,0.0574788,0.823867,23.9253,26.5361,-39.0691,0.913269,0.115054,-0.273549,0.279057
653,1,-0.345573,-0.35984,1.5506,-nan,-nan,-nan,0.656863,-0.622804,-0.425026,0.493694,0.781303,-0.38188,0.56991,0.0410097,0.820683,26.0481,29.5837,-40.9457,0.902614,0.117129,-0.275571,0.30924
661,1,-0.345017,-0.359026,1.55217,-nan,-nan,-nan,0.659524,-0.630307,-0.409562,0.518408,0.775953,-0.359374,0.544317,0.0246955,0.838516,24.8507,31.2255,-39.5335,0.904709,0.106131,-0.263587,0.317427
670,0,-0.341759,-0.367901,1.55089,-nan,-nan,-nan,0.71242,-0.609694,-0.347464,0.513031,0.790337,-0.334912,0.478807,0.0603381,0.875844,22.9652,30.866,-33.9045,0.919049,0.107516,-0.224763,0.305404
679,0,-0.342161,-0.366813,1.55212,-nan,-nan,-nan,0.712917,-0.63464,-0.298298,0.549513,0.769855,-0.324588,0.435643,0.0674859,0.897586,22.8614,33.3336,-31.4279,0.919288,0.106624,-0.199595,0.32203
686,1,-0.344501,-0.36234,1.55316,-nan,-nan,-nan,0.707004,-0.657007,-0.261703,0.584537,0.751176,-0.306676,0.398073,0.0638458,0.915129,22.2082,35.7703,-29.3813,0.918329,0.100868,-0.179613,0.33799
695,1,-0.337599,-0.358039,1.55257,-nan,-nan,-nan,0.731783,-0.651614,-0.199733,0.574515,0.747442,-0.333563,0.366643,0.129346,0.921327,24.0499,35.0657,-26.6121,0.922029,0.125513,-0.153568,0.332454
704,1,-0.336948,-0.35613,1.55469,-nan,-nan,-nan,0.744561,-0.645291,-0.170966,0.575237,0.750145,-0.326166,0.338721,0.144505,0.929724,23.4996,35.1162,-24.4621,0.925261,0.127173,-0.137714,0.329779
712,0,-0.337574,-0.357156,1.5567,-nan,-nan,-nan,0.741652,-0.647563,-0.174972,0.575031,0.748081,-0.331232,0.345386,0.145044,0.927184,23.8826,35.1018,-24.9713,0.924245,0.128828,-0.140752,0.330701
721,0,-0.338511,-0.357175,1.55646,-nan,-nan,-nan,0.772423,-0.600105,-0.207932,0.52979,0.789384,-0.310155,0.350264,0.129411,0.927668,21.4502,31.9913,-24.3924,0.934007,0.117656,-0.149409,0.302432
729,0,-0.339712,-0.357951,1.5542,-nan,-nan,-nan,0.754225,-0.610185,-0.242526,0.526174,0.782606,-0.332668,0.392791,0.123295,0.911325,23.0292,31.7473,-27.51,0.928461,0.122774,-0.171067,0.305979
737,0,-0.341095,-0.35843,1.55471,-nan,-nan,-nan,0.711244,-0.645258,-0.27888,0.556924,0.759327,-0.336538,0.428915,0.0840456,0.899427,23.9032,33.8433,-31.092,0.917878,0.114553,-0.19278,0.327435
746,0,-0.343864,-0.358945,1.55303,-nan,-nan,-nan,0.561383,-0.743876,-0.362625,0.65276,0.667376,-0.358489,0.508678,-0.0354574,0.860226,28.243,40.75,-42.1802,0.878775,0.0918981,-0.247874,0.397325
754,0,-0.344614,-0.35691,1.55321,-nan,-nan,-nan,0.498039,-0.756097,-0.424587,0.69675,0.640407,-0.323139,0.516233,-0.134895,0.845758,26.7748,44.1668,-46.0276,0.863742,0.0544848,-0.272309,0.420509
763,0,-0.346291,-0.356402,1.55203,-nan,-nan,-nan,0.439442,-0.761982,-0.475682,0.730526,0.611305,-0.304363,0.522706,-0.213749,0.825282,26.4683,46.9305,-49.9461,0.847943,0.0267159,-0.294356,0.440038
772,0,-0.346511,-0.3561,1.55186,-nan,-nan,-nan,0.39585,-0.755346,-0.522259,0.748031,0.595117,-0.293745,0.532684,-0.274387,0.800599,26.2706,48.4201,-53.3831,0.835399,0.00579289,-0.315701,0.449898
781,0,-0.346142,-0.355725,1.55172,-nan,-nan,-nan,0.402809,-0.750141,-0.524435,0.747836,0.600091,-0.283959,0.527718,-0.27781,0.802705,25.3232,48.4032,-52.6454,0.837497,0.00183547,-0.314077,0.447159
790,0,-0.345844,-0.356274,1.55149,-nan,-nan,-nan,0.382104,-0.762204,-0.522534,0.753417,0.584367,-0.30146,0.535126,-0.278496,0.797546,27.2881,48.8872,-54.4714,0.831267,0.00690632,-0.318087,0.455817
798,0,-0.345636,-0.356336,1.55192,-nan,-nan,-nan,0.354533,-0.778836,-0.517417,0.774529,0.554623,-0.304134,0.523842,-0.292929,0.799864,28.7387,50.7624,-55.9101,0.822955,0.00340397,-0.316317,0.471887
807,0,-0.345954,-0.356377,1.55221,-nan,-nan,-nan,0.396994,-0.762688,-0.51059,0.751307,0.589584,-0.296527,0.527193,-0.265891,0.807075,26.6998,48.7037,-53.019,0.835711,0.00916472,-0.310449,0.452906
816,0,-0.345727,-0.356139,1.55223,-nan,-nan,-nan,0.421628,-0.752653,-0.505712,0.734684,0.610436,-0.295986,0.531479,-0.246742,0.810338,25.8676,47.2805,-51.5747,0.842971,0.0146042,-0.3076,0.441099
824,0,-0.345547,-0.355703,1.55132,-nan,-nan,-nan,0.456467,-0.766225,-0.452258,0.747211,0.606078,-0.272664,0.483026,-0.21347,0.849186,24.2222,48.3493,-46.6193,0.85319,0.0173451,-0.274055,0.443464
833,0,-0.345068,-0.35577,1.55284,-nan,-nan,-nan,0.484817,-0.762821,-0.427851,0.732557,0.62142,-0.277845,0.477822,-0.178721,0.860084,24.09,47.1011,-44.5836,0.861151,0.0287766,-0.262925,0.434122
841,0,-0.347759,-0.35699,1.55354,-nan,-nan,-nan,0.500132,-0.755607,-0.422997,0.718925,0.634607,-0.283585,0.482715,-0.162273,0.860612,24.0783,