103,0,-0.336428,-0.396753,1.45708,-nan,-nan,-nan,0.808378,0.588463,0.0153834,0.193307,-0.240683,-0.951159,-0.55602,0.77187,-0.308317,104.2,11.1459,34.521,0.56111,0.767688,0.254586,-0.17606
110,0,-0.336008,-0.402318,1.45749,-nan,-nan,-nan,0.787634,0.615805,0.0204104,0.182914,-0.202064,-0.96214,-0.588366,0.761547,-0.271792,101.861,10.5396,36.7599,0.573101,0.751913,0.265563,-0.188837
118,0,-0.337526,-0.400081,1.46406,-nan,-nan,-nan,0.789826,0.612613,0.0296611,0.190635,-0.199241,-0.961229,-0.582952,0.764859,-0.274151,101.71,10.9898,36.4301,0.57368,0.7522,0.266966,-0.183891
125,0,-0.33778,-0.390907,1.46368,-nan,-nan,-nan,0.747336,0.663466,0.0360845,0.196926,-0.169298,-0.965691,-0.634594,0.728801,-0.257176,99.9436,11.3573,40.336,0.574644,0.737192,0.29178,-0.202969
133,0,-0.341181,-0.399898,1.47925,-nan,-nan,-nan,0.787787,0.615362,0.0268667,0.175591,-0.182556,-0.967389,-0.590389,0.766814,-0.251867,100.687,10.113,36.8489,0.581671,0.745354,0.265294,-0.189012
141,0,-0.337096,-0.367209,1.46166,-nan,-nan,-nan,0.683113,0.729899,0.0245773,0.194564,-0.149449,-0.969438,-0.703919,0.667017,-0.244102,98.7638,11.2192,45.8594,0.567794,0.720532,0.320757,-0.235709
148,0,-0.33747,-0.357377,1.46298,-nan,-nan,-nan,0.686545,0.726427,0.0309974,0.191118,-0.139164,-0.971652,-0.70152,0.673007,-0.234375,98.1507,11.018,45.6181,0.572932,0.71765,0.319635,-0.233583
156,0,-0.33803,-0.349797,1.46544,-nan,-nan,-nan,0.683256,0.729739,0.025352,0.182625,-0.137169,-0.973567,-0.706972,0.669825,-0.22699,98.0198,10.5227,45.9773,0.574259,0.71544,0.318812,-0.238182
163,0,-0.338465,-0.353964,1.46773,-nan,-nan,-nan,0.719177,0.694454,0.0227421,0.160553,-0.134246,-0.977855,-0.676023,0.706903,-0.208043,97.817,9.239,43.2284,0.586704,0.71789,0.29775,-0.2275
171,0,-0.338631,-0.357864,1.46873,-nan,-nan,-nan,0.714061,0.699685,0.02363,0.160793,-0.131059,-0.978248,-0.681368,0.702328,-0.206088,97.6306,9.2529,43.6579,0.58671,0.716102,0.300403,-0.229625
179,0,-0.33802,-0.358936,1.47175,-nan,-nan,-nan,0.729346,0.683639,0.0263205,0.16646,-0.140011,-0.976057,-0.663586,0.716264,-0.215915,98.1631,9.58208,42.2971,0.585965,0.722023,0.294346,-0.220652
187,0,-0.336925,-0.360241,1.47465,-nan,-nan,-nan,0.777664,0.628095,0.0270981,0.164172,-0.161282,-0.973158,-0.606865,0.761239,-0.228539,99.4101,9.44916,37.9674,0.589034,0.736119,0.269069,-0.1969
194,0,-0.333446,-0.360646,1.4754,-nan,-nan,-nan,0.816981,0.57588,0.0300797,0.158831,-0.174571,-0.97175,-0.55436,0.798678,-0.234089,100.184,9.13907,34.1588,0.593363,0.745929,0.24624,-0.175714
202,0,-0.3304,-0.360691,1.47627,-nan,-nan,-nan,0.851835,0.523181,0.0256626,0.138639,-0.177944,-0.974225,-0.505129,0.833438,-0.224112,100.351,7.96912,30.6675,0.602034,0.750648,0.220416,-0.159684
210,0,-0.319072,-0.360576,1.47676,-nan,-nan,-nan,0.86378,0.50272,0.0340257,0.149406,-0.19105,-0.970143,-0.481209,0.843074,-0.240134,101.141,8.59253,29.1221,0.598455,0.757457,0.215235,-0.147594
217,0,-0.316824,-0.361314,1.47889,-nan,-nan,-nan,0.874834,0.4834,0.0314602,0.145284,-0.199864,-0.968993,-0.462123,0.852279,-0.245078,101.654,8.3537,27.8449,0.59789,0.761541,0.206385,-0.141379
225,0,-0.301451,-0.361762,1.47099,-nan,-nan,-nan,0.844482,0.534964,0.0257688,0.152334,-0.193788,-0.969144,-0.513464,0.82235,-0.245144,101.308,8.76221,31.3005,0.59278,0.755548,0.227417,-0.161371
232,0,-0.298334,-0.359333,1.47083,-nan,-nan,-nan,0.84392,0.535443,0.0331683,0.153642,-0.181995,-0.971222,-0.513997,0.824729,-0.235856,100.613,8.83807,31.3439,0.59709,0.751959,0.229097,-0.159859
240,0,-0.298094,-0.359151,1.47215,-nan,-nan,-nan,0.845757,0.532747,0.0296056,0.146036,-0.177757,-0.973178,-0.513195,0.827396,-0.228139,100.351,8.39727,31.2489,0.599971,0.750275,0.226178,-0.161137
247,0,-0.299449,-0.36052,1.47546,-nan,-nan,-nan,0.836301,0.547648,0.0261248,0.14829,-0.180063,-0.972413,-0.527836,0.817104,-0.231797,100.491,8.52785,32.2583,0.59675,0.749693,0.232074,-0.167305
255,0,-0.301366,-0.362431,1.48419,-nan,-nan,-nan,0.82215,0.568692,0.0256756,0.154571,-0.179598,-0.971521,-0.547885,0.802704,-0.235559,100.474,8.8919,33.6797,0.593084,0.747881,0.241771,-0.174563
263,0,-0.302766,-0.363359,1.49261,-nan,-nan,-nan,0.822403,0.56839,0.0242071,0.150383,-0.176159,-0.972807,-0.548669,0.80368,-0.23035,100.264,8.64913,33.7094,0.594957,0.746477,0.240722,-0.175646
271,0,-0.304296,-0.356516,1.49746,-nan,-nan,-nan,0.83382,0.55081,0.0367722,0.151842,-0.164797,-0.97457,-0.530742,0.8182,-0.221047,99.5978,8.73369,32.4775,0.601659,0.744927,0.235812,-0.165778
278,0,-0.303527,-0.366561,1.50904,-nan,-nan,-nan,0.834221,0.550463,0.0326267,0.155173,-0.177564,-0.971798,-0.529146,0.815758,-0.233545,100.355,8.92685,32.3869,0.596471,0.749221,0.235457,-0.165679
286,0,-0.306756,-0.37381,1.52854,-nan,-nan,-nan,0.787307,0.616489,0.00939329,0.178712,-0.213596,-0.960437,-0.590092,0.757838,-0.27834,102.538,10.2947,36.8518,0.569072,0.754858,0.263361,-0.192321
294,0,-0.310887,-0.383509,1.55202,-nan,-nan,-nan,0.774195,0.632885,-0.00892806,0.177212,-0.230278,-0.956853,-0.607634,0.739209,-0.290435,103.532,10.2074,38.1269,0.559795,0.757448,0.267377,-0.2035
301,0,-0.312348,-0.384189,1.56168,-nan,-nan,-nan,0.75548,0.651611,0.0682105,0.264743,-0.208385,-0.941534,-0.5993,0.729369,-0.32994,102.48,15.3517,38.4239,0.551624,0.757266,0.302521,-0.175331
309,0,-0.314003,-0.385626,1.56845,-nan,-nan,-nan,0.737511,0.671424,0.0725754,0.263999,-0.18772,-0.946079,-0.621596,0.716904,-0.315701,101.223,15.3075,40.1252,0.555448,0.748487,0.312438,-0.183377
317,0,-0.314797,-0.385964,1.57468,-nan,-nan,-nan,0.727031,0.68362,0.0639558,0.250259,-0.177101,-0.951843,-0.639372,0.708025,-0.29984,100.54,14.4928,41.3294,0.559037,0.742289,0.314527,-0.193798
325,0,-0.316016,-0.384134,1.58204,-nan,-nan,-nan,0.72267,0.689442,0.0491764,0.211387,-0.152715,-0.965398,-0.658076,0.708059,-0.256102,98.9891,12.2037,42.3216,0.573117,0.729981,0.308511,-0.208533
332,0,-0.316513,-0.382752,1.58585,-nan,-nan,-nan,0.705093,0.708814,0.0206561,0.181039,-0.151772,-0.971695,-0.685616,0.688875,-0.235336,98.8775,10.4303,44.1976,0.574018,0.723222,0.3076,-0.22986
341,0,-0.317183,-0.383552,1.58974,-nan,-nan,-nan,0.693689,0.71996,0.0212872,0.179356,-0.144037,-0.973183,-0.697587,0.678904,-0.229046,98.419,10.3323,45.1605,0.574588,0.718814,0.312778,-0.235214
348,0,-0.318168,-0.384256,1.59317,-nan,-nan,-nan,0.680226,0.73235,0.0309195,0.188929,-0.134413,-0.972748,-0.708236,0.66753,-0.229794,97.8673,10.8903,46.1557,0.573589,0.714918,0.322162,-0.236851
355,0,-0.319718,-0.38623,1.60182,-nan,-nan,-nan,0.662059,0.748993,0.0262051,0.183465,-0.12807,-0.974648,-0.726649,0.650082,-0.222204,97.4859,10.5716,47.6629,0.572666,0.709284,0.328662,-0.246884
363,0,-0.321194,-0.388174,1.60911,-nan,-nan,-nan,0.64639,0.76247,0.0286267,0.188657,-0.123357,-0.974265,-0.739316,0.635156,-0.223582,97.2162,10.8744,48.8365,0.569967,0.705927,0.336836,-0.251687
370,0,-0.322366,-0.389405,1.61423,-nan,-nan,-nan,0.62193,0.782464,0.0308648,0.196319,-0.117642,-0.973457,-0.758065,0.611482,-0.226778,96.8908,11.3218,50.6339,0.565135,0.701133,0.349001,-0.259295
378,0,-0.323671,-0.391138,1.62157,-nan,-nan,-nan,0.594962,0.80333,0.0261077,0.199529,-0.116154,-0.972983,-0.778594,0.584097,-0.229395,96.8077,11.5094,52.6148,0.558886,0.696511,0.359958,-0.270091
386,0,-0.325271,-0.393048,1.62943,-nan,-nan,-nan,0.575652,0.817118,0.0307114,0.203991,-0.107136,-0.973093,-0.791842,0.566427,-0.228357,96.2828,11.7704,53.9837,0.556812,0.691221,0.369314,-0.275285
393,0,-0.326688,-0.394662,1.63602,-nan,-nan,-nan,0.567883,0.822403,0.0340968,0.207086,-0.102659,-0.972922,-0.796633,0.559567,-0.228607,96.0234,11.9517,54.5167,0.556016,0.689048,0.373518,-0.276663
401,0,-0.328122,-0.396814,1.64356,-nan,-nan,-nan,0.565421,0.824175,0.0321696,0.210978,-0.106815,-0.971637,-0.797363,0.556171,-0.234278,96.2735,12.1797,54.659,0.553247,0.690383,0.374847,-0.27709
409,0,-0.329773,-0.39876,1.65238,-nan,-nan,-nan,0.562735,0.826103,0.0297227,0.208314,-0.106923,-0.9722,-0.799959,0.553283,-0.232259,96.2762,12.0236,54.8753,0.553072,0.68955,0.375033,-0.279253
416,0,-0.331614,-0.400953,1.66025,-nan,-nan,-nan,0.557855,0.829425,0.0291884,0.208507,-0.106023,-0.972257,-0.80332,0.548465,-0.232086,96.2234,12.0349,55.2224,0.552211,0.68847,0.376898,-0.281106
424,0,-0.342768,-0.400575,1.6552,-nan,-nan,-nan,0.610686,0.791339,0.0290863,0.188395,-0.109514,-0.975968,-0.769136,0.601489,-0.215963,96.4024,10.8591,51.5508,0.566835,0.69573,0.352052,-0.265925
432,0,-0.3517,-0.401361,1.65416,-nan,-nan,-nan,0.61367,0.789355,0.0181213,0.185461,-0.121799,-0.975074,-0.767472,0.601734,-0.221139,97.1201,10.688,51.3542,0.563634,0.699394,0.34845,-0.267857
440,0,-0.3589,-0.410208,1.66775,-nan,-nan,-nan,0.522055,0.852551,0.0248039,0.215145,-0.10349,-0.971083,-0.825331,0.512295,-0.23745,96.0832,12.424,57.685,0.543396,0.682458,0.391122,-0.293251
448,0,-0.35885,-0.404649,1.67335,-nan,-nan,-nan,0.438022,0.898405,0.031708,0.231655,-0.0787236,-0.969608,-0.868604,0.432055,-0.242602,94.6417,13.3945,63.239,0.528369,0.663202,0.425986,-0.315475
455,0,-0.356978,-0.405659,1.67631,-nan,-nan,-nan,0.413406,0.910224,0.0242556,0.216968,-0.0726017,-0.973475,-0.884319,0.407703,-0.227504,94.2652,12.531,64.9446,0.527565,0.654506,0.430551,-0.328516
462,0,-0.357319,-0.404617,1.67845,-nan,-nan,-nan,0.387744,0.921226,0.0315617,0.219446,-0.0590004,-0.973839,-0.895264,0.384527,-0.225036,93.4671,12.6765,66.5823,0.525287,0.646487,0.441104,-0.333998
470,0,-0.355254,-0.406468,1.68345,-nan,-nan,-nan,0.360066,0.932104,0.0391664,0.225614,-0.0462637,-0.973118,-0.905235,0.359223,-0.226954,92.7219,13.039,68.3093,0.52126,0.639,0.452942,-0.338838
478,0,-0.34631,-0.40841,1.69339,-nan,-nan,-nan,0.324776,0.944791,0.0434794,0.224754,-0.0324421,-0.973875,-0.918698,0.326063,-0.222882,91.908,12.9884,70.5306,0.517071,0.62851,0.465205,-0.348132
487,0,-0.340606,-0.408934,1.7001,-nan,-nan,-nan,0.305651,0.951604,0.0320584,0.229309,-0.0408909,-0.972494,-0.924118,0.304595,-0.23071,92.4077,13.2564,71.6984,0.508441,0.627943,0.470151,-0.355151
493,0,-0.340112,-0.408943,1.70447,-nan,-nan,-nan,0.317583,0.948183,0.00951752,0.214047,-0.0619072,-0.97486,-0.923756,0.311636,-0.222616,93.6336,12.3596,71.0273,0.508198,0.632872,0.459109,-0.361147
501,0,-0.358168,-0.418528,1.73585,-nan,-nan,-nan,0.275468,0.950586,0.14319,0.248455,0.0734898,-0.965852,-0.928648,0.301638,-0.215934,85.6489,14.3861,73.4779,0.532218,0.595381,0.503477,-0.329814
509,0,-0.372559,-0.424999,1.75989,-nan,-nan,-nan,0.254471,0.941902,0.219236,0.280564,0.145045,-0.948813,-0.925488,0.302955,-0.227354,81.3085,16.2938,74.626,0.541332,0.578096,0.528661,-0.305422
517,0,-0.389069,-0.430795,1.77436,-nan,-nan,-nan,0.276876,0.923281,0.266255,0.319414,0.172899,-0.931708,-0.906264,0.343013,-0.247038,79.4871,18.6275,73.0114,0.548347,0.581166,0.53457,-0.275312
524,0,-0.408147,-0.436001,1.78388,-nan,-nan,-nan,0.276352,0.917642,0.285593,0.342945,0.183443,-0.92127,-0.897786,0.352537,-0.264006,78.7386,20.0564,72.8909,0.546761,0.582433,0.541086,-0.262774
532,0,-0.42739,-0.433152,1.78699,-nan,-nan,-nan,0.263868,0.93129,0.251142,0.315939,0.162558,-0.93475,-0.911349,0.325997,-0.251337,80.1346,18.4175,73.8524,0.542008,0.581517,0.536196,-0.28383
539,0,-0.440504,-0.425427,1.78789,-nan,-nan,-nan,0.262137,0.937085,0.230557,0.331222,0.137032,-0.933549,-0.906408,0.321083,-0.274461,81.6494,19.3429,73.8699,0.530261,0.591516,0.53604,-0.285644
547,0,-0.443439,-0.415492,1.78537,-nan,-nan,-nan,0.268148,0.943111,0.196565,0.34671,0.0958925,-0.933058,-0.898826,0.318349,-0.301273,84.1322,20.2862,73.3885,0.515453,0.606945,0.531276,-0.289261
554,0,-0.443612,-0.410322,1.78466,-nan,-nan,-nan,0.281935,0.946872,0.154744,0.335774,0.0537097,-0.94041,-0.898759,0.317093,-0.302792,86.7312,19.6196,72.5837,0.508147,0.618671,0.518307,-0.300651
562,0,-0.444618,-0.408671,1.78439,-nan,-nan,-nan,0.307279,0.947579,0.0875984,0.308985,-0.0122837,-0.950988,-0.90006,0.319285,-0.296562,90.74,17.9981,71.1502,0.499608,0.635635,0.494216,-0.319547
570,0,-0.444671,-0.408292,1.78407,-nan,-nan,-nan,0.314744,0.948976,0.0195237,0.288011,-0.075884,-0.954616,-0.904426,0.306083,-0.297199,94.545,16.7389,70.8119,0.485196,0.649582,0.47607,-0.340566
577,0,-0.443563,-0.411022,1.78303,-nan,-nan,-nan,0.333576,0.941945,-0.0382995,0.273479,-0.135568,-0.952277,-0.902184,0.307182,-0.302824,98.1023,15.8714,69.7085,0.473071,0.665577,0.45653,-0.353259
585,0,-0.44209,-0.417935,1.78004,-nan,-nan,-nan,0.432053,0.896819,-0.09511,0.160308,-0.180153,-0.970488,-0.887486,0.404055,-0.221603,100.516,9.22477,64.0419,0.507518,0.677091,0.39032,-0.362801
592,0,-0.442552,-0.418238,1.77873,-nan,-nan,-nan,0.477211,0.870467,-0.120654,0.106604,-0.193623,-0.975267,-0.872299,0.452546,-0.185194,101.229,6.11961,61.3181,0.524021,0.681181,0.358595,-0.364423
601,0,-0.440502,-0.418017,1.77951,-nan,-nan,-nan,0.515851,0.845003,-0.140954,0.0745193,-0.208172,-0.975249,-0.853431,0.49258,-0.170355,102.049,4.2736,58.8494,0.533227,0.688182,0.33404,-0.361236
608,0,-0.443459,-0.418158,1.77921,-nan,-nan,-nan,0.542322,0.831505,-0.120355,0.0798927,-0.19364,-0.977814,-0.836363,0.520675,-0.171447,101.202,4.5824,57.0395,0.542502,0.690545,0.329956,-0.346364
615,0,-0.440514,-0.416258,1.78195,-nan,-nan,-nan,0.571052,0.808824,-0.14037,0.0756278,-0.222099,-0.972087,-0.817423,0.544496,-0.188,102.87,4.33729,55.0618,0.538738,0.703767,0.314185,-0.340238
622,0,-0.442032,-0.413701,1.78091,-nan,-nan,-nan,0.626225,0.776911,-0.0652047,0.131204,-0.187458,-0.973471,-0.768523,0.601057,-0.219325,100.9,7.53917,50.8254,0.552142,0.712918,0.31845,-0.292365
629,0,-0.442046,-0.416106,1.78058,-nan,-nan,-nan,0.670599,0.73636,-0.0898411,0.125917,-0.232341,-0.964449,-0.731056,0.635446,-0.248528,103.545,7.23369,47.4698,0.545374,0.733394,0.293934,-0.279828
637,0,-0.441409,-0.418832,1.77854,-nan,-nan,-nan,0.703613,0.704859,-0.0900108,0.153815,-0.274748,-0.949134,-0.693736,0.653978,-0.301734,106.144,8.84806,44.595,0.530832,0.754999,0.284329,-0.259519
645,0,-0.439529,-0.416306,1.78195,-nan,-nan,-nan,0.757998,0.635403,-0.147316,0.0749069,-0.309163,-0.948055,-0.647941,0.707589,-0.281941,108.061,4.29588,40.524,0.540115,0.766339,0.231722,-0.259434
652,0,-0.441513,-0.415412,1.78203,-nan,-nan,-nan,0.799169,0.590202,-0.113972,0.080622,-0.293133,-0.952666,-0.595675,0.752153,-0.281846,107.103,4.62432,36.6997,0.553216,0.770414,0.217683,-0.230281
660,0,-0.442684,-0.41816,1.78076,-nan,-nan,-nan,0.86083,0.502865,-0.0780948,0.0898813,-0.301288,-0.949288,-0.500893,0.810156,-0.304555,107.609,5.15678,30.1939,0.560131,0.785282,0.188705,-0.184325
667,0,-0.444194,-0.419344,1.77999,-nan,-nan,-nan,0.885171,0.464766,-0.0215404,0.130473,-0.2924,-0.947354,-0.446596,0.83576,-0.319464,107.153,7.49694,26.7723,0.564205,0.790101,0.188343,-0.148126
675,0,-0.443556,-0.418671,1.77774,-nan,-nan,-nan,0.889915,0.45549,-0.0240744,0.131933,-0.30757,-0.942334,-0.436629,0.835422,-0.333806,108.076,7.5813,26.1344,0.55869,0.795502,0.184608,-0.144784
683,0,-0.442967,-0.418956,1.77741,-nan,-nan,-nan,0.880984,0.472276,-0.0286738,0.135857,-0.310548,-0.940799,-0.453222,0.824933,-0.33775,108.268,7.80819,27.2235,0.555132,0.795186,0.191192,-0.151504
690,0,-0.444719,-0.418962,1.77904,-nan,-nan,-nan,0.865735,0.499487,-0.0318708,0.156397,-0.330464,-0.93077,-0.47544,0.800816,-0.364213,109.547,8.99783,28.7745,0.541077,0.800064,0.204947,-0.158522
698,0,-0.443182,-0.419199,1.77811,-nan,-nan,-nan,0.860754,0.508296,-0.0271556,0.155197,-0.312873,-0.93703,-0.484785,0.802338,-0.348193,108.464,8.92823,29.3886,0.547651,0.794012,0.208905,-0.161188
706,0,-0.443935,-0.419372,1.7761,-nan,-nan,-nan,0.826368,0.562343,-0.0297808,0.161752,-0.287687,-0.943967,-0.539401,0.775246,-0.328695,106.949,9.30859,33.134,0.549997,0.781465,0.231647,-0.182088
713,0,-0.443757,-0.419249,1.77612,-nan,-nan,-nan,0.762812,0.646515,-0.0116758,0.200331,-0.253458,-0.946375,-0.614805,0.719568,-0.322858,104.993,11.5563,38.8678,0.544632,0.76471,0.276852,-0.20481
721,0,-0.443576,-0.418655,1.77667,-nan,-nan,-nan,0.741522,0.670687,-0.0179986,0.210221,-0.257733,-0.94307,-0.637143,0.695524,-0.332107,105.285,12.1353,40.6704,0.536582,0.76344,0.288467,-0.214536
728,0,-0.442888,-0.41906,1.77759,-nan,-nan,-nan,0.829875,0.55319,-0.0727257,0.121659,-0.306617,-0.944026,-0.544524,0.774576,-0.321754,107.994,6.98788,33.271,0.548066,0.78394,0.215211,-0.196842
736,0,-0.442028,-0.419327,1.77842,-nan,-nan,-nan,0.81713,0.570717,-0.0811282,0.121582,-0.308199,-0.943521,-0.563487,0.761115,-0.321227,108.089,6.98339,34.5899,0.544909,0.782073,0.221302,-0.20606
743,0,-0.441059,-0.419246,1.77774,-nan,-nan,-nan,0.821083,0.560888,-0.105955,0.0861348,-0.305245,-0.94837,-0.564272,0.769565,-0.298944,107.841,4.94129,34.498,0.551565,0.778664,0.207735,-0.215185
751,0,-0.442345,-0.417599,1.77684,-nan,-nan,-nan,0.866932,0.495369,-0.0551265,0.0871858,-0.259611,-0.96177,-0.490742,0.828982,-0.268254,105.106,5.00173,29.5128,0.57859,0.773757,0.188223,-0.17637
759,0,-0.442735,-0.418553,1.77963,-nan,-nan,-nan,0.863227,0.502161,-0.0516977,0.104135,-0.27734,-0.955112,-0.493958,0.819095,-0.291701,106.192,5.97736,29.7792,0.568812,0.779787,0.194379,-0.174938
767,0,-0.440928,-0.418825,1.7759,-nan,-nan,-nan,0.850234,0.520339,-0.079688,0.0736293,-0.267447,-0.960755,-0.521231,0.810999,-0.265704,105.556,4.22247,31.5101,0.573821,0.771911,0.192369,-0.19462
774,0,-0.438168,-0.418415,1.77684,-nan,-nan,-nan,0.913686,0.389917,-0.114643,-0.0240365,-0.229742,-0.972955,-0.40571,0.891731,-0.200539,103.286,-1.37732,23.943,0.608976,0.765501,0.119491,-0.169939
782,0,-0.437628,-0.418306,1.78027,-nan,-nan,-nan,0.737947,0.673026,-0.0497033,0.172008,-0.258794,-0.950494,-0.65257,0.692865,-0.306742,105.231,9.90458,41.4865,0.541389,0.758862,0.278389,-0.231358
790,0,-0.437053,-0.420419,1.779,-nan,-nan,-nan,0.638746,0.769406,0.00418683,0.275753,-0.223838,-0.934803,-0.718306,0.598257,-0.355141,103.466,16.0069,48.3552,0.514725,0.744602,0.350912,-0.239766
798,0,-0.442913,-0.419325,1.77612,-nan,-nan,-nan,0.676064,0.736254,-0.0294604,0.222252,-0.241876,-0.94451,-0.702526,0.632001,-0.327158,104.364,12.8413,46.0997,0.526077,0.749182,0.319851,-0.244262
806,0,-0.443255,-0.418632,1.77365,-nan,-nan,-nan,0.692534,0.720923,-0.0258245,0.199899,-0.226178,-0.953354,-0.693136,0.655068,-0.300748,103.346,11.5311,45.0249,0.539817,0.744893,0.309045,-0.241297
813,0,-0.443027,-0.419146,1.77722,-nan,-nan,-nan,0.704476,0.708355,-0.0441266,0.203315,-0.260988,-0.943689,-0.679983,0.655834,-0.327879,105.459,11.7309,43.9864,0.528112,0.757189,0.301004,-0.239078
821,0,-0.442213,-0.418385,1.77486,-nan,-nan,-nan,0.692154,0.719306,-0.0593446,0.186674,-0.257839,-0.947983,-0.697191,0.645072,-0.31274,105.216,10.7588,45.2077,0.529522,0.752119,0.301143,-0.251468
829,0,-0.443109,-0.418432,1.77636,-nan,-nan,-nan,0.695368,0.716573,-0.0546388,0.196383,-0.262606,-0.944707,-0.6913,0.646189,-0.323331,105.535,11.3256,44.8319,0.526648,0.7552,0.302224,-0.246934
837,0,-0.443278,-0.419072,1.77485,-nan,-nan,-nan,0.762841,0.646558,-0.0060353,0.220827,-0.269292,-0.937399,-0.607708,0.713754,-0.348204,106.028,12.7576,38.5422,0.535104,0.771417,0.281101,-0.198901
845,0,-0.442142,-0.419733,1.77624,-nan,-nan,-nan,0.72071,0.692232,-0.0373074,0.21703,-0.276415,-0.936212,-0.658388,0.66664,-0.349451,106.449,12.5347,42.4125,0.523174,0.765927,0.296785,-0.227076
852,0,-0.439141,-0.418376,1.77525,-nan,-nan,-nan,0.706478,0.704197,-0.0706809,0.197146,-0.291729,-0.935964,-0.679722,0.647303,-0.34493,107.312,11.3701,43.8942,0.517161,0.765365,0.294416,-0.245113
860,0,-0.440896,-0.42031,1.7763,-nan,-nan,-nan,0.74721,0.658481,-0.0898897,0.138546,-0.286623,-0.947973,-0.649986,0.695881,-0.305398,106.823,7.96373,41.0195,0.537398,0.764727,0.260559,-0.241876
867,0,-0.441061,-0.420278,1.77789,-nan,-nan,-nan,0.747788,0.655968,-0.102563,0.120215,-0.285696,-0.95075,-0.652964,0.69863,-0.292497,106.725,6.90451,41.1272,0.540739,0.762558,0.254467,-0.247695
875,0,-0.440808,-0.418952,1.77685,-nan,-nan,-nan,0.751407,0.651681,-0.103443,0.108789,-0.276978,-0.954698,-0.65081,0.706113,-0.279019,106.179,6.24549,40.8966,0.546674,0.759507,0.250317,-0.24827
883,0,-0.440234,-0.419556,1.7772,-nan,-nan,-nan,0.76269,0.635205,-0.121732,0.0835801,-0.283437,-0.955342,-0.641341,0.718455,-0.269265,106.525,4.79438,40.0603,0.549997,0.760821,0.236187,-0.25074
890,0,-0.442072,-0.418762,1.7772,-nan,-nan,-nan,0.700693,0.709788,-0.0723209,0.147133,-0.242942,-0.958817,-0.698127,0.661196,-0.274661,104.218,8.46082,44.8949,0.54385,0.744697,0.287674,-0.258645
897,0,-0.442361,-0.417116,1.77854,-nan,-nan,-nan,0.685471,0.725688,-0.0592114,0.170618,-0.239156,-0.955873,-0.707827,0.645121,-0.28775,104.047,9.82376,45.9192,0.538183,0.743703,0.301298,-0.257844
905,0,-0.441788,-0.41514,1.77722,-nan,-nan,-nan,0.657664,0.749968,-0.0708912,0.165636,-0.235767,-0.95759,-0.734876,0.618031,-0.279277,103.832,9.53417,48.1736,0.534467,0.737005,0.310582,-0.273325
913,0,-0.43964,-0.41848,1.776,-nan,-nan,-nan,0.624721,0.766397,-0.149527,0.148407,-0.304539,-0.940867,-0.766615,0.565589,-0.303991,107.936,8.53464,50.8231,0.504032,0.747203,0.306076,-0.306523
921,0,-0.443745,-0.41754,1.77711,-nan,-nan,-nan,0.626381,0.777425,-0.0570703,0.179941,-0.215438,-0.959796,-0.758464,0.590928,-0.274837,102.651,10.3663,50.4483,0.532941,0.727437,0.32902,-0.280277
928,0,-0.441313,-0.418035,1.7741,-nan,-nan,-nan,0.543219,0.835037,-0.0873331,0.131094,-0.187101,-0.973554,-0.829294,0.517404,-0.211105,100.879,7.53282,56.7737,0.535026,0.696675,0.346694,-0.328929
935,0,-0.440329,-0.417644,1.77544,-nan,-nan,-nan,0.521392,0.844907,-0.119511,0.0942903,-0.196243,-0.976011,-0.848092,0.497616,-0.181986,101.369,5.41047,58.4175,0.534594,0.689134,0.340717,-0.351022
943,0,-0.439403,-0.416811,1.77534,-nan,-nan,-nan,0.519907,0.841451,-0.147164,0.0727578,-0.215273,-0.97384,-0.851119,0.495599,-0.173144,102.465,4.1724,58.5813,0.531858,0.69071,0.330894,-0.361325
951,0,-0.441051,-0.416438,1.77447,-nan,-nan,-nan,0.51698,0.843069,-0.148208,0.0829943,-0.221692,-0.971578,-0.851965,0.489986,-0.18458,102.854,4.7607,58.7502,0.526951,0.693407,0.333882,-0.360601
958,0,-0.43999,-0.417403,1.77542,-nan,-nan,-nan,0.502952,0.853571,-0.135852,0.0954646,-0.211078,-0.972796,-0.859026,0.4763,-0.187648,102.242,5.47806,59.6514,0.525411,0.689507,0.3441,-0.360721
966,0,-0.440849,-0.418343,1.77724,-nan,-nan,-nan,0.533686,0.837835,-0.114945,0.124576,-0.212323,-0.969226,-0.836457,0.502943,-0.217688,102.356,7.15625,57.4608,0.52528,0.70066,0.343394,-0.339466
974,0,-0.438458,-0.418536,1.77727,-nan,-nan,-nan,0.498736,0.858547,-0.11899,0.11285,-0.200434,-0.973186,-0.859376,0.471935,-0.19685,101.638,6.47962,59.8714,0.524751,0.68848,0.352732,-0.355263
981,0,-0.441352,-0.419167,1.77561,-nan,-nan,-nan,0.602195,0.793567,-0.0872491,0.129951,-0.205265,-0.970041,-0.787701,0.572816,-0.226735,101.948,7.46678,52.6022,0.540878,0.713126,0.323757,-0.306731
989,0,-0.442442,-0.419332,1.77669,-nan,-nan,-nan,0.622507,0.778607,-0.0790908,0.144403,-0.213597,-0.96619,-0.769176,0.59004,-0.245399,102.466,8.30269,51.0162,0.539331,0.721371,0.31988,-0.293978
997,0,-0.439691,-0.417113,1.77449,-nan,-nan,-nan,0.600954,0.788189,-0.132707,0.0845614,-0.227797,-0.97003,-0.794798,0.571722,-0.203546,103.216,4.85081,52.9067,0.540743,0.712793,0.306102,-0.325306
1005,0,-0.439505,-0.416222,1.77545,-nan,-nan,-nan,0.523176,0.842258,-0.129959,0.111798,-0.219005,-0.969298,-0.84486,0.492584,-0.208741,102.732,6.41895,58.2323,0.523314,0.698377,0.341526,-0.348959
1012,0,-0.43948,-0.417848,1.77243,-nan,-nan,-nan,0.500868,0.858501,-0.110029,0.164718,-0.219348,-0.961641,-0.849705,0.463532,-0.251275,102.849,9.48087,59.4823,0.507505,0.702049,0.364369,-0.341762
1020,0,-0.441196,-0.418975,1.77403,-nan,-nan,-nan,0.49109,0.868093,-0.0724222,0.235187,-0.212179,-0.948508,-0.838759,0.44877,-0.308363,102.609,13.6027,59.6512,0.492582,0.70916,0.388939,-0.321218
1028,0,-0.440194,-0.416841,1.7742,-nan,-nan,-nan,0.572656,0.813242,-0.103451,0.14538,-0.224933,-0.963468,-0.806802,0.536696,-0.247038,103.141,8.35926,54.6334,0.524568,0.714952,0.335205,-0.318292
1036,0,-0.438558,-0.417372,1.77553,-nan,-nan,-nan,0.606953,0.785705,-0.119484,0.0853282,-0.213901,-0.973122,-0.790144,0.580443,-0.196871,102.397,4.8949,52.4702,0.54685,0.710233,0.306601,-0.320187
1044,0,-0.440472,-0.416804,1.77422,-nan,-nan,-nan,0.597271,0.790454,-0.135831,0.0871454,-0.232313,-0.968729,-0.797291,0.566757,-0.207638,103.486,4.9994,53.1622,0.537894,0.713656,0.307431,-0.326881
1052,0,-0.438374,-0.412607,1.77855,-nan,-nan,-nan,0.468378,0.878256,0.0963803,0.259441,-0.0324377,-0.965214,-0.844578,0.47709,-0.243048,91.9248,15.0369,60.9886,0.546098,0.660277,0.430765,-0.283289
1060,0,-0.441076,-0.412511,1.77831,-nan,-nan,-nan,0.440647,0.889683,0.119561,0.257952,0.00207823,-0.966155,-0.85982,0.456574,-0.22858,89.8768,14.9486,62.8655,0.550941,0.645591,0.444413,-0.28666
1068,0,-0.442501,-0.412015,1.77489,-nan,-nan,-nan,0.409924,0.902527,0.131939,0.245914,0.0299384,-0.968829,-0.878344,0.429592,-0.209672,88.23,14.2359,64.9815,0.55457,0.630408,0.455435,-0.296001
1075,0,-0.440262,-0.411196,1.77514,-nan,-nan,-nan,0.397307,0.90473,0.153656,0.22966,0.0640839,-0.971159,-0.888484,0.421137,-0.182319,86.2247,13.277,65.907,0.56548,0.615537,0.460732,-0.29845
1083,0,-0.440369,-0.411211,1.77754,-nan,-nan,-nan,0.42686,0.902761,0.0530441,0.2407,-0.0568801,-0.968932,-0.871696,0.426366,-0.241574,93.3596,13.9278,63.9095,0.531132,0.656756,0.435268,-0.311627
1091,0,-0.436354,-0.413974,1.77737,-nan,-nan,-nan,0.397214,0.906612,0.142392,0.1901,0.070509,-0.97923,-0.897821,0.416032,-0.14434,85.8816,10.9586,66.1345,0.575192,0.606433,0.452116,-0.311423
1099,0,-0.439917,-0.411086,1.77587,-nan,-nan,-nan,0.269338,0.947981,0.169672,0.20035,0.117172,-0.972692,-0.941975,0.295977,-0.15837,83.1312,11.5574,74.0432,0.554107,0.572393,0.501548,-0.337313
1107,0,-0.438947,-0.412346,1.77719,-nan,-nan,-nan,0.272083,0.954856,0.11925,0.182259,0.0705459,-0.980717,-0.944856,0.288571,-0.154837,85.8856,10.5014,73.9356,0.544929,0.582317,0.488185,-0.354448
1115,0,-0.440171,-0.412129,1.77731,-nan,-nan,-nan,0.249974,0.961598,0.113326,0.185535,0.0673027,-0.98033,-0.95031,0.266083,-0.161586,86.0726,10.6923,75.2625,0.537515,0.579711,0.494701,-0.360949
1122,0,-0.439701,-0.40866,1.77701,-nan,-nan,-nan,0.234557,0.968398,0.0847856,0.211915,0.0341834,-0.97669,-0.948723,0.247057,-0.1972,87.9955,12.2346,76.113,0.517576,0.591095,0.499206,-0.365397
1129,0,-0.439339,-0.405043,1.77904,-nan,-nan,-nan,0.189376,0.980178,0.0582057,0.266123,0.00582396,-0.963922,-0.945154,0.198033,-0.259745,89.6538,15.4337,78.67,0.483595,0.600686,0.518699,-0.369139
1137,0,-0.437321,-0.411721,1.77741,-nan,-nan,-nan,0.198239,0.979641,0.0316833,0.187751,-0.00622724,-0.982197,-0.962003,0.200659,-0.185164,90.3633,10.8216,78.3561,0.501709,0.589413,0.495151,-0.394596
1144,0,-0.438147,-0.410044,1.77774,-nan,-nan,-nan,0.187572,0.981895,0.0264251,0.188268,-0.00953505,-0.982071,-0.964039,0.189184,-0.186648,90.5563,10.8517,78.9896,0.497843,0.588166,0.497378,-0.398533
1151,0,-0.435775,-0.409065,1.77815,-nan,-nan,-nan,0.170458,0.984421,-0.0431241,0.127907,-0.0654998,-0.989621,-0.977028,0.163173,-0.137079,93.7867,7.34865,80.1034,0.491904,0.585883,0.474637,-0.435305
1158,0,-0.43845,-0.408585,1.77632,-nan,-nan,-nan,0.158303,0.986404,-0.0441376,0.13046,-0.0652042,-0.989307,-0.978734,0.150852,-0.139008,93.7709,7.49615,80.8124,0.488388,0.583634,0.478409,-0.438148
1166,0,-0.438204,-0.408083,1.77581,-nan,-nan,-nan,0.14006,0.989365,-0.0392345,0.0942646,-0.0527688,-0.994148,-0.985646,0.135542,-0.100653,93.0384,5.409,81.9124,0.496648,0.568657,0.476399,-0.450571
1173,0,-0.439171,-0.408897,1.77602,-nan,-nan,-nan,0.111254,0.993772,0.00626657,0.105792,-0.00557315,-0.994373,-0.988145,0.111291,-0.105753,90.3211,6.07279,83.5762,0.499982,0.552852,0.497224,-0.444006
1181,0,-0.438181,-0.409636,1.77774,-nan,-nan,-nan,0.0990982,0.994778,0.0244197,0.111946,0.0132396,-0.993626,-0.988761,0.1012,-0.110049,89.2366,6.42748,84.2767,0.500572,0.546788,0.506011,-0.440912
1189,0,-0.437768,-0.409039,1.77728,-nan,-nan,-nan,0.0872744,0.996164,0.00634037,0.126129,-0.00473634,-0.992003,-0.988167,0.0873761,-0.126059,90.2736,7.24597,84.9528,0.488999,0.551831,0.508441,-0.444804
1196,0,-0.438139,-0.408653,1.77855,-nan,-nan,-nan,0.0637242,0.997689,-0.0235627,0.121368,-0.0311831,-0.992118,-0.99056,0.0603621,-0.123074,91.8003,6.97105,86.3192,0.47683,0.551811,0.506993,-0.459452
1204,0,-0.440798,-0.408846,1.77729,-nan,-nan,-nan,0.0857573,0.996315,-0.00145847,0.138674,-0.0133859,-0.990248,-0.986618,0.0847187,-0.139311,90.7745,7.97114,85.0323,0.482975,0.556429,0.509943,-0.443936
1212,0,-0.439089,-0.408107,1.77703,-nan,-nan,-nan,0.0534852,0.9978,-0.0391825,0.123243,-0.0455348,-0.991331,-0.990934,0.0481926,-0.125408,92.6299,7.07933,86.9105,0.469719,0.553269,0.506554,-0.465468
1220,0,-0.437868,-0.408809,1.7773,-nan,-nan,-nan,0.0458074,0.998458,-0.0313637,0.126969,-0.0369613,-0.991218,-0.990848,0.0414229,-0.128466,92.1355,7.29445,87.3531,0.469143,0.550281,0.511297,-0.464405
1228,0,-0.439638,-0.410719,1.77453,-nan,-nan,-nan,-0.207477,0.969492,0.130533,0.12946,0.159475,-0.978677,-0.969636,-0.186154,-0.158597,80.745,7.43836,102.078,0.445365,0.444872,0.617566,-0.471541
1236,0,-0.438055,-0.410178,1.77784,-nan,-nan,-nan,0.148419,0.988912,0.00493843,0.157267,-0.0186723,-0.98738,-0.97634,0.147323,-0.158294,91.0834,9.04827,81.3563,0.492812,0.575627,0.497796,-0.421888
1243,0,-0.438582,-0.408988,1.77597,-nan,-nan,-nan,0.183135,0.983085,-0.00240218,0.154283,-0.0311539,-0.987535,-0.970906,0.180482,-0.157379,91.8069,8.87522,79.3182,0.498649,0.585591,0.485564,-0.415524
1252,0,-0.438993,-0.408443,1.7756,-nan,-nan,-nan,0.200222,0.979514,-0.0215153,0.138197,-0.0499756,-0.989143,-0.969955,0.195075,-0.145372,92.8924,7.94351,78.3366,0.501217,0.590671,0.473068,-0.419637
1260,0,-0.441117,-0.409016,1.77712,-nan,-nan,-nan,0.215618,0.97637,-0.0145082,0.123519,-0.0420098,-0.991453,-0.968634,0.211983,-0.129658,92.4263,7.09524,77.4506,0.510869,0.588915,0.466913,-0.417353
1268,0,-0.440824,-0.408887,1.77571,-nan,-nan,-nan,0.230889,0.972969,-0.00471915,0.121366,-0.0336122,-0.992039,-0.965381,0.228478,-0.125846,91.9406,6.97094,76.5493,0.51755,0.589565,0.464043,-0.411363
1276,0,-0.439201,-0.408206,1.77785,-nan,-nan,-nan,0.287289,0.957167,-0.0359941,0.103388,-0.0683462,-0.99229,-0.952248,0.281353,-0.118594,93.9402,5.93428,73.2116,0.524488,0.607089,0.436738,-0.406959
1284,0,-0.436361,-0.409422,1.77893,-nan,-nan,-nan,0.290252,0.956419,-0.0318851,0.120155,-0.0694796,-0.990321,-0.949377,0.283612,-0.135085,94.0132,6.90103,73.0001,0.520982,0.611313,0.440271,-0.401292
1291,0,-0.438273,-0.408255,1.77737,-nan,-nan,-nan,0.335142,0.94149,-0.0357192,0.105001,-0.0749992,-0.99164,-0.936298,0.32859,-0.123993,94.3251,6.02724,70.3055,0.532952,0.619301,0.422449,-0.392385
1298,0,-0.437533,-0.40743,1.77478,-nan,-nan,-nan,0.364035,0.930504,-0.0405021,0.0887296,-0.0779355,-0.993002,-0.927149,0.357894,-0.110934,94.4876,5.09052,68.5631,0.542025,0.623078,0.408951,-0.388254
1306,0,-0.43774,-0.407631,1.77531,-nan,-nan,-nan,0.3765,0.926121,-0.0234009,0.106086,-0.0681936,-0.992016,-0.920323,0.371011,-0.123924,93.9325,6.08976,67.7508,0.544147,0.626222,0.412077,-0.376753
1314,0,-0.438293,-0.407852,1.77569,-nan,-nan,-nan,0.384823,0.922896,-0.0131739,0.114856,-0.0620444,-0.991443,-0.915816,0.380017,-0.129877,93.5809,6.59534,67.208,0.5461,0.627842,0.413222,-0.369914
1322,0,-0.43919,-0.4088,1.7756,-nan,-nan,-nan,0.397204,0.917724,0.00327694,0.107691,-0.0430636,-0.993251,-0.91139,0.394877,-0.115936,92.4826,6.18223,66.4513,0.556373,0.623739,0.410995,-0.363979
1330,0,-0.441058,-0.408802,1.77492,-nan,-nan,-nan,0.407995,0.912079,0.0406401,0.121187,-0.00998269,-0.99258,-0.904905,0.409893,-0.114605,90.5762,6.96059,65.7308,0.566438,0.618988,0.417321,-0.349064
1338,0,-0.44034,-0.410338,1.77373,-nan,-nan,-nan,0.405825,0.908834,0.0965701,0.145415,0.0401085,-0.988557,-0.902308,0.415224,-0.115881,87.6766,8.36133,65.7835,0.576639,0.608605,0.43306,-0.330978
1345,0,-0.438456,-0.411058,1.77432,-nan,-nan,-nan,0.382714,0.916881,0.113401,0.138203,0.0645466,-0.988298,-0.913471,0.393908,-0.102013,86.2633,7.94388,67.2679,0.579924,0.595857,0.442675,-0.335681
1353,0,-0.43703,-0.406773,1.77217,-nan,-nan,-nan,0.431789,0.898972,-0.0735342,0.0630783,-0.111422,-0.991769,-0.899767,0.423596,-0.104816,96.4101,3.61652,64.3641,0.55126,0.641878,0.374702,-0.379083
1360,0,-0.438485,-0.407054,1.77599,-nan,-nan,-nan,0.425988,0.903066,-0.0548373,0.073108,-0.0947729,-0.992811,-0.90177,0.418916,-0.106393,95.4529,4.19252,64.7144,0.553358,0.6378,0.382633,-0.374964
1367,0,-0.438792,-0.407745,1.77726,-nan,-nan,-nan,0.430253,0.902063,-0.0341112,0.0841118,-0.0776844,-0.993424,-0.898781,0.424555,-0.109298,94.4714,4.82495,64.4192,0.55751,0.635853,0.387737,-0.366788
1375,0,-0.43859,-0.409293,1.77612,-nan,-nan,-nan,0.42916,0.903168,-0.0105027,0.0987753,-0.0584871,-0.99339,-0.897811,0.425285,-0.114311,93.3695,5.66865,64.4519,0.560438,0.632842,0.395811,-0.358823
1383,0,-0.437709,-0.409633,1.77721,-nan,-nan,-nan,0.418595,0.908129,0.00896087,0.0972992,-0.0350348,-0.994638,-0.902946,0.417223,-0.103026,92.0173,5.58366,65.1281,0.565804,0.62383,0.402925,-0.358265
1391,0,-0.437082,-0.409184,1.7774,-nan,-nan,-nan,0.409063,0.912503,-0.0023984,0.0903171,-0.0431031,-0.99498,-0.908026,0.406793,-0.100047,92.4805,5.18185,65.7486,0.562564,0.622939,0.402455,-0.365374
1399,0,-0.438723,-0.407651,1.7772,-nan,-nan,-nan,0.377055,0.925114,-0.0446405,0.073056,-0.0777546,-0.994292,-0.923305,0.371642,-0.0969029,94.4715,4.18953,67.7861,0.548269,0.622839,0.400654,-0.388522
1406,0,-0.438891,-0.407951,1.77791,-nan,-nan,-nan,0.38602,0.922421,-0.0112931,0.101595,-0.0546769,-0.993322,-0.916879,0.382294,-0.114819,93.1506,5.831,67.1682,0.551481,0.623602,0.410525,-0.372101
1413,0,-0.438915,-0.407873,1.77539,-nan,-nan,-nan,0.343345,0.939204,-0.00314925,0.105895,-0.0420432,-0.993488,-0.933221,0.340776,-0.113892,92.4232,6.07871,69.8007,0.544842,0.612225,0.426762,-0.382363
1421,0,-0.439008,-0.407713,1.77638,-nan,-nan,-nan,0.32532,0.945494,-0.0144081,0.108622,-0.0525015,-0.992696,-0.939345,0.321379,-0.119781,93.0274,6.23589,70.8977,0.536898,0.611883,0.430685,-0.389679
1429,0,-0.435933,-0.408716,1.77568,-nan,-nan,-nan,0.251633,0.967629,-0.0193657,0.12509,-0.0523584,-0.990763,-0.959705,0.246886,-0.134216,93.0251,7.18594,75.3079,0.516008,0.599626,0.455583,-0.4082
1437,0,-0.437811,-0.409758,1.7787,-nan,-nan,-nan,0.208024,0.976953,0.0478535,0.0929022,0.0289682,-0.995254,-0.973702,0.211482,-0.084735,88.3328,5.33059,77.9405,0.536716,0.562092,0.475836,-0.411787
1445,0,-0.439477,-0.410526,1.77443,-nan,-nan,-nan,0.183378,0.981163,0.0607541,0.0647191,0.0496184,-0.996669,-0.98091,0.186699,-0.0544011,87.1499,3.71072,79.411,0.542816,0.545014,0.47975,-0.422079
1453,0,-0.442917,-0.409248,1.77422,-nan,-nan,-nan,0.107058,0.990994,0.0804353,0.0689905,0.073301,-0.994921,-0.991856,0.112063,-0.0605217,85.7863,3.95601,83.8395,0.529112,0.523039,0.506647,-0.435637
1461,0,-0.442047,-0.410998,1.7737,-nan,-nan,-nan,0.032451,0.994207,0.10247,0.101381,0.0987208,-0.989937,-0.994318,0.042513,-0.09759,84.305,5.81869,88.1307,0.508326,0.50777,0.539412,-0.439101
1469,0,-0.441112,-0.411142,1.77341,-nan,-nan,-nan,-0.0172425,0.994885,0.0995341,0.101834,0.100779,-0.989684,-0.994652,-0.00692865,-0.103051,84.1857,5.84478,90.9931,0.495097,0.496243,0.552511,-0.450947
1477,0,-0.43971,-0.410163,1.77515,-nan,-nan,-nan,-0.0200271,0.999044,0.0388609,0.0779986,0.0403115,-0.996138,-0.996752,-0.0169187,-0.0787313,87.6826,4.47353,91.1511,0.485168,0.504577,0.533636,-0.474601
1484,0,-0.436462,-0.409213,1.7765,-nan,-nan,-nan,0.0606907,0.998149,0.00388146,0.109597,-0.00279862,-0.993972,-0.992122,0.0607502,-0.109564,90.1613,6.29207,86.4994,0.486911,0.541538,0.511389,-0.456219
1492,0,-0.437712,-0.408662,1.77525,-nan,-nan,-nan,0.086143,0.996282,-0.00123563,0.138215,-0.0131789,-0.990315,-0.986649,0.0851379,-0.138836,90.7624,7.94456,85.0102,0.483251,0.556363,0.509783,-0.443903
1500,0,-0.438352,-0.408709,1.77579,-nan,-nan,-nan,0.0273712,0.999287,-0.025999,0.111711,-0.0289036,-0.99332,-0.993364,0.024284,-0.112422,91.6667,6.41393,88.4217,0.47065,0.540531,0.513845,-0.471463
1508,0,-0.439908,-0.40764,1.77473,-nan,-nan,-nan,-0.00532613,0.9991,-0.0420709,0.083796,-0.0414776,-0.995619,-0.996469,-0.00882817,-0.0834997,92.3856,4.8068,90.3062,0.466288,0.529068,0.5117,-0.49074
1515,0,-0.437857,-0.408092,1.77691,-nan,-nan,-nan,-0.0523656,0.998432,-0.0197806,0.078259,-0.015644,-0.99681,-0.995557,-0.0537465,-0.077317,90.8991,4.4885,93.0109,0.462243,0.510048,0.52774,-0.497668
1523,0,-0.437901,-0.407988,1.77645,-nan,-nan,-nan,0.0183623,0.998466,-0.0522421,0.11382,-0.0539987,-0.992033,-0.993332,0.0122698,-0.114637,93.1157,6.53559,88.941,0.460903,0.544747,0.51046,-0.479843
1531,0,-0.438952,-0.407185,1.77725,-nan,-nan,-nan,-0.0435526,0.998732,-0.0252617,0.101656,-0.0207243,-0.994604,-0.993866,-0.0458855,-0.100624,91.1937,5.83453,92.5092,0.456919,0.519085,0.529965,-0.490829
1539,0,-0.438643,-0.407622,1.77667,-nan,-nan,-nan,-0.0342652,0.998954,-0.03029,0.10651,-0.0264851,-0.993959,-0.993721,-0.0372844,-0.105491,91.5263,6.11418,91.9749,0.456552,0.523859,0.527558,-0.488687
1547,0,-0.43848,-0.407696,1.77588,-nan,-nan,-nan,-0.0457597,0.997834,-0.0472546,0.10817,-0.0420765,-0.993242,-0.993079,-0.050562,-0.10601,92.4258,6.20981,92.6382,0.44893,0.524959,0.52671,-0.495436
1554,0,-0.438246,-0.40765,1.77516,-nan,-nan,-nan,-0.0582644,0.997131,-0.0483188,0.116102,-0.0413045,-0.992378,-0.991527,-0.0634302,-0.113362,92.3834,6.66716,93.363,0.443585,0.523546,0.531583,-0.49654
1562,0,-0.439329,-0.40687,1.77513,-nan,-nan,-nan,-0.0567526,0.99698,-0.0530131,0.10734,-0.0466979,-0.993125,-0.992601,-0.0620529,-0.104365,92.6921,6.16199,93.2724,0.445024,0.523047,0.527831,-0.499771
1570,0,-0.43604,-0.40797,1.77697,-nan,-nan,-nan,-0.059923,0.996393,-0.0600906,0.109085,-0.0533016,-0.992602,-0.992225,-0.0660347,-0.105498,93.0738,6.26258,93.456,0.44195,0.524136,0.527285,-0.501928
1578,0,-0.439247,-0.408729,1.7762,-nan,-nan,-nan,0.0193138,0.999421,-0.0280019,0.13441,-0.0303483,-0.990461,-0.990738,0.0153659,-0.134918,91.755,7.7245,88.8832,0.462073,0.544192,0.520878,-0.468005
1586,0,-0.438412,-0.408179,1.77611,-nan,-nan,-nan,0.0585727,0.998017,-0.0230447,0.130139,-0.030521,-0.991026,-0.989764,0.0550481,-0.131668,91.764,7.47761,86.6133,0.473388,0.552441,0.510533,-0.458334
1594,0,-0.439291,-0.40786,1.77766,-nan,-nan,-nan,0.0866712,0.996111,-0.015858,0.11422,-0.0257487,-0.993122,-0.989668,0.0842638,-0.116008,91.4852,6.55865,84.995,0.486034,0.554172,0.500896,-0.453616
1601,0,-0.439518,-0.408546,1.77537,-nan,-nan,-nan,0.117947,0.992996,-0.00681271,0.117357,-0.0207514,-0.992873,-0.986061,0.116307,-0.118982,91.1973,6.73956,83.179,0.494523,0.560732,0.495046,-0.442669
1609,0,-0.437516,-0.408879,1.77445,-nan,-nan,-nan,0.140893,0.990021,-0.00286792,0.111814,-0.0187907,-0.993552,-0.98369,0.139664,-0.113345,91.0835,6.41988,81.849,0.502184,0.564143,0.488278,-0.437193
1616,0,-0.438137,-0.408471,1.77641,-nan,-nan,-nan,0.19375,0.980861,-0.0193299,0.102568,-0.0398476,-0.993928,-0.975675,0.19059,-0.108325,92.2958,5.88704,78.7683,0.511267,0.579207,0.467634,-0.429469
1623,0,-0.438018,-0.408048,1.77506,-nan,-nan,-nan,0.238536,0.970086,-0.0451051,0.0998102,-0.0706894,-0.992492,-0.965991,0.232243,-0.113686,94.074,5.72824,76.1292,0.513362,0.596429,0.448459,-0.423812
1630,0,-0.438203,-0.407391,1.7748,-nan,-nan,-nan,0.247886,0.968015,-0.038726,0.10124,-0.0656385,-0.992694,-0.963485,0.242154,-0.114273,93.783,5.81058,75.5718,0.516714,0.597452,0.447423,-0.419369
1639,0,-0.436382,-0.409485,1.77648,-nan,-nan,-nan,0.247999,0.968582,0.018589,0.0972416,-0.00579733,-0.995244,-0.963868,0.248627,-0.0956242,90.3337,5.58035,75.571,0.535392,0.580823,0.458756,-0.40687
1647,0,-0.437046,-0.408484,1.77563,-nan,-nan,-nan,0.264709,0.96427,0.0106413,0.104458,-0.0177019,-0.994372,-0.958654,0.264331,-0.105411,91.0199,5.99591,74.5638,0.534227,0.589029,0.453597,-0.402362
1655,0,-0.438953,-0.409486,1.7775,-nan,-nan,-nan,0.295815,0.954941,0.0240896,0.146705,-0.0204975,-0.988968,-0.943913,0.296086,-0.146159,91.1873,8.43605,72.5994,0.531309,0.604663,0.455479,-0.380304
1663,0,-0.438828,-0.409577,1.77581,-nan,-nan,-nan,0.34701,0.93785,0.00461623,0.145289,-0.0488938,-0.98818,-0.926539,0.343579,-0.153226,92.8326,8.35401,69.4679,0.534998,0.62232,0.435121,-0.370357
