106,0,-0.33657,-0.387561,1.45726,-nan,-nan,-nan,0.827411,0.561595,0.00119234,0.168991,-0.246953,-0.954178,-0.535567,0.7897,-0.299236,104.51,9.72917,32.9142,0.565955,0.770325,0.237103,-0.173425
113,0,-0.336835,-0.386843,1.45921,-nan,-nan,-nan,0.83182,0.554497,0.024654,0.163885,-0.202928,-0.965382,-0.530298,0.807065,-0.259673,101.871,9.43249,32.5181,0.585068,0.757367,0.237131,-0.166909
120,0,-0.336993,-0.38693,1.46203,-nan,-nan,-nan,0.831814,0.554226,0.0303134,0.157042,-0.182613,-0.970562,-0.532375,0.812087,-0.238937,100.656,9.03525,32.6199,0.593773,0.75056,0.236912,-0.167229
128,0,-0.339489,-0.389782,1.47282,-nan,-nan,-nan,0.829459,0.557644,0.032109,0.15868,-0.18013,-0.970759,-0.535554,0.8103,-0.237897,100.512,9.13028,32.849,0.594018,0.749581,0.238908,-0.167909
136,0,-0.343929,-0.392191,1.48085,-nan,-nan,-nan,0.819909,0.571221,0.03817,0.169245,-0.178155,-0.969339,-0.546906,0.801229,-0.242747,100.414,9.74391,33.7046,0.591398,0.748467,0.247327,-0.169926
143,0,-0.357485,-0.391739,1.47662,-nan,-nan,-nan,0.805632,0.591154,0.038648,0.18628,-0.190856,-0.963781,-0.562367,0.783652,-0.26388,101.201,10.7358,34.9167,0.58114,0.751726,0.25855,-0.174172
151,0,-0.368014,-0.391843,1.47751,-nan,-nan,-nan,0.808647,0.587241,0.0351802,0.185265,-0.197445,-0.962649,-0.558361,0.78496,-0.268459,101.591,10.6766,34.6246,0.579384,0.754081,0.256109,-0.17345
159,0,-0.364881,-0.389915,1.48541,-nan,-nan,-nan,0.830868,0.554355,0.0484649,0.188496,-0.19843,-0.961818,-0.523572,0.808279,-0.269363,101.657,10.865,32.2171,0.583754,0.758067,0.244982,-0.156684
167,0,-0.363782,-0.375282,1.49053,-nan,-nan,-nan,0.839858,0.541388,0.0392157,0.170602,-0.19469,-0.965914,-0.515299,0.817921,-0.255874,101.396,9.82285,31.5314,0.589342,0.756707,0.235226,-0.157288
174,0,-0.36467,-0.371446,1.49151,-nan,-nan,-nan,0.829463,0.55801,0.0248218,0.155363,-0.187801,-0.969842,-0.53652,0.808304,-0.242468,100.959,8.93787,32.8959,0.591438,0.75162,0.237279,-0.170198
182,0,-0.365273,-0.374889,1.49302,-nan,-nan,-nan,0.808218,0.588142,0.0295303,0.169302,-0.184039,-0.968229,-0.564021,0.78754,-0.248317,100.762,9.74724,34.9096,0.586486,0.748427,0.253012,-0.178538
190,0,-0.365541,-0.375987,1.49508,-nan,-nan,-nan,0.794879,0.605873,0.0329469,0.173719,-0.175214,-0.969083,-0.581368,0.776027,-0.244526,100.249,10.0041,36.1814,0.586332,0.74408,0.261932,-0.184262
198,0,-0.364409,-0.376605,1.49879,-nan,-nan,-nan,0.785519,0.617406,0.0420759,0.176868,-0.158831,-0.971334,-0.593024,0.770443,-0.233964,99.2867,10.1874,37.0508,0.590068,0.737956,0.269079,-0.186647
206,0,-0.367172,-0.377826,1.50305,-nan,-nan,-nan,0.790516,0.610995,0.0420634,0.182236,-0.169097,-0.968605,-0.5847,0.773364,-0.245019,99.9028,10.5,36.4882,0.5866,0.7424,0.267117,-0.18273
213,0,-0.366607,-0.378579,1.50925,-nan,-nan,-nan,0.788239,0.614185,0.0381454,0.178539,-0.168933,-0.969322,-0.588899,0.770868,-0.242815,99.8862,10.2846,36.7637,0.58662,0.741618,0.267228,-0.18566
221,0,-0.36829,-0.378847,1.51075,-nan,-nan,-nan,0.796131,0.604026,0.0364308,0.168234,-0.163105,-0.97216,-0.581268,0.780096,-0.23147,99.5241,9.68513,36.1338,0.591937,0.740052,0.26088,-0.184054
229,0,-0.365659,-0.375317,1.5194,-nan,-nan,-nan,0.780867,0.623571,0.037498,0.166105,-0.149391,-0.974726,-0.602209,0.76736,-0.220232,98.7136,9.56143,37.6396,0.593979,0.733227,0.269246,-0.192543
236,0,-0.370216,-0.383013,1.52527,-nan,-nan,-nan,0.8165,0.576284,0.0349865,0.167892,-0.179022,-0.969414,-0.552394,0.797401,-0.242926,100.463,9.6653,34.0799,0.590456,0.748072,0.248698,-0.172914
244,0,-0.374002,-0.386949,1.54749,-nan,-nan,-nan,0.812701,0.578906,0.0662173,0.182081,-0.144364,-0.972628,-0.5535,0.802513,-0.222733,98.4426,10.491,34.2573,0.601167,0.738207,0.257715,-0.165023
252,0,-0.369162,-0.392767,1.56357,-nan,-nan,-nan,0.874226,0.472844,0.110219,0.191499,-0.127202,-0.973215,-0.446159,0.871916,-0.201753,97.4465,11.0403,27.0374,0.621545,0.742156,0.223788,-0.113163
260,0,-0.379299,-0.392079,1.57364,-nan,-nan,-nan,0.877077,0.477684,0.050531,0.15671,-0.185111,-0.970142,-0.454068,0.858808,-0.237215,100.803,9.016,27.3709,0.603065,0.758189,0.209181,-0.133059
268,0,-0.382274,-0.395344,1.58394,-nan,-nan,-nan,0.878399,0.473216,0.0669412,0.175632,-0.189352,-0.966074,-0.444487,0.860356,-0.249438,101.089,10.1154,26.8403,0.599919,0.761116,0.213124,-0.124011
276,0,-0.38439,-0.396593,1.59615,-nan,-nan,-nan,0.8787,0.475328,0.0441565,0.15655,-0.199543,-0.967303,-0.450974,0.856882,-0.249751,101.656,9.00673,27.1682,0.597789,0.762888,0.207068,-0.133315
284,0,-0.387736,-0.399437,1.60891,-nan,-nan,-nan,0.877548,0.477983,0.0379815,0.151412,-0.20108,-0.967802,-0.454955,0.855043,-0.24883,101.737,8.70877,27.404,0.597419,0.7628,0.206278,-0.136659
293,0,-0.390413,-0.402355,1.62076,-nan,-nan,-nan,0.87085,0.489877,0.0405125,0.153895,-0.193446,-0.968966,-0.466837,0.850059,-0.243852,101.29,8.85274,28.1944,0.598655,0.75963,0.21187,-0.140307
301,0,-0.393437,-0.404926,1.63197,-nan,-nan,-nan,0.867777,0.495472,0.0383479,0.146022,-0.180462,-0.972682,-0.475016,0.849671,-0.228951,100.511,8.39645,28.696,0.603814,0.754518,0.212551,-0.144685
308,0,-0.396698,-0.407743,1.64424,-nan,-nan,-nan,0.863989,0.50174,0.0422013,0.144439,-0.166684,-0.975374,-0.48235,0.848807,-0.216484,99.6977,8.30481,29.1739,0.608445,0.749526,0.215529,-0.146809
316,0,-0.399282,-0.410701,1.65554,-nan,-nan,-nan,0.854728,0.51741,0.041564,0.148738,-0.167415,-0.974602,-0.49731,0.839202,-0.220052,99.747,8.5538,30.1923,0.605653,0.748698,0.222435,-0.15218
324,0,-0.401447,-0.412932,1.66485,-nan,-nan,-nan,0.830252,0.555911,0.0405484,0.161689,-0.170586,-0.971986,-0.533421,0.81355,-0.231514,99.9542,9.30496,32.7199,0.597527,0.747053,0.240144,-0.164939
331,0,-0.404148,-0.416265,1.67663,-nan,-nan,-nan,0.81767,0.574295,0.0400179,0.166972,-0.170057,-0.971185,-0.550941,0.800791,-0.234941,99.9319,9.61179,33.9719,0.594279,0.745431,0.248603,-0.171352
339,0,-0.407712,-0.419672,1.69124,-nan,-nan,-nan,0.796647,0.60317,0.0392409,0.169227,-0.160244,-0.972463,-0.580272,0.78135,-0.229731,99.3572,9.7429,36.0693,0.593016,0.739362,0.26117,-0.182939
346,0,-0.413528,-0.417912,1.71517,-nan,-nan,-nan,0.790978,0.611239,0.027223,0.150669,-0.151465,-0.976912,-0.593004,0.776817,-0.2119,98.8132,8.66568,36.8593,0.597414,0.733884,0.259547,-0.192735
353,0,-0.41912,-0.416198,1.74128,-nan,-nan,-nan,0.756803,0.653521,0.0125994,0.151405,-0.156517,-0.976001,-0.635866,0.740549,-0.217399,99.1107,8.70839,40.0369,0.587981,0.729849,0.275717,-0.213491
361,0,-0.422966,-0.418807,1.75606,-nan,-nan,-nan,0.74929,0.662228,-0.00439714,0.171587,-0.20055,-0.96454,-0.639627,0.721965,-0.2639,101.746,9.88013,40.4855,0.566754,0.743932,0.280205,-0.216426
368,0,-0.42702,-0.420762,1.76412,-nan,-nan,-nan,0.759039,0.650981,-0.00917119,0.152379,-0.191333,-0.969625,-0.632962,0.734585,-0.244425,101.163,8.76483,39.8247,0.57517,0.740742,0.271133,-0.21672
376,0,-0.429015,-0.422116,1.77171,-nan,-nan,-nan,0.768269,0.640125,-0.00160468,0.148154,-0.18025,-0.972399,-0.622746,0.746827,-0.233318,100.502,8.51997,39.0276,0.581958,0.738552,0.266832,-0.211343
384,0,-0.425181,-0.423886,1.78132,-nan,-nan,-nan,0.775451,0.631353,-0.00834797,0.134782,-0.178432,-0.974677,-0.616855,0.754689,-0.223461,100.374,7.74604,38.5015,0.585994,0.737791,0.259604,-0.211849
391,0,-0.439718,-0.42835,1.79712,-nan,-nan,-nan,0.765748,0.641796,0.0415627,0.169843,-0.139468,-0.975552,-0.620309,0.754086,-0.215802,98.1361,9.77868,39.0099,0.593818,0.728186,0.278651,-0.198695
399,0,-0.44331,-0.431172,1.80872,-nan,-nan,-nan,0.767714,0.63862,0.0527219,0.186172,-0.143564,-0.971972,-0.613152,0.756012,-0.229109,98.402,10.7295,38.6134,0.590559,0.731503,0.281883,-0.191534
406,0,-0.447967,-0.435194,1.82348,-nan,-nan,-nan,0.72492,0.687942,0.0350343,0.191489,-0.152405,-0.96959,-0.661682,0.709583,-0.242215,98.9329,11.0397,42.3888,0.576693,0.727932,0.302031,-0.215215
414,0,-0.454064,-0.440471,1.84093,-nan,-nan,-nan,0.72681,0.686411,0.0242275,0.199245,-0.176952,-0.963841,-0.657304,0.705357,-0.265375,100.403,11.4928,42.1252,0.566675,0.7364,0.300671,-0.214923
422,0,-0.465149,-0.442887,1.852,-nan,-nan,-nan,0.717652,0.694896,0.0457763,0.222111,-0.166093,-0.96077,-0.660033,0.699666,-0.273541,99.8081,12.833,42.6051,0.565247,0.734385,0.312168,-0.209106
430,0,-0.480405,-0.446041,1.85903,-nan,-nan,-nan,0.723136,0.685221,0.086867,0.233736,-0.124422,-0.964306,-0.649955,0.717629,-0.250135,97.3521,13.5171,41.9492,0.580642,0.724171,0.317245,-0.194391
437,0,-0.491609,-0.45641,1.8545,-nan,-nan,-nan,0.711736,0.700791,0.0482023,0.22144,-0.158717,-0.962171,-0.666631,0.695486,-0.268148,99.367,12.7936,43.1257,0.566761,0.731198,0.315315,-0.211444
444,0,-0.503074,-0.460185,1.84977,-nan,-nan,-nan,0.707442,0.704007,0.0624522,0.224786,-0.140345,-0.964248,-0.670072,0.696188,-0.257536,98.2811,12.9903,43.446,0.57218,0.725487,0.320058,-0.209384
451,0,-0.511926,-0.46181,1.83922,-nan,-nan,-nan,0.707651,0.706086,0.0259559,0.21008,-0.175187,-0.961861,-0.674609,0.686114,-0.272305,100.322,12.127,43.6307,0.561284,0.73402,0.312037,-0.220925
460,0,-0.515748,-0.45771,1.83182,-nan,-nan,-nan,0.692533,0.721344,-0.0077244,0.215848,-0.21742,-0.951913,-0.688337,0.657564,-0.306271,102.866,12.4653,44.8259,0.540565,0.74435,0.314769,-0.233782
468,0,-0.520249,-0.457073,1.8279,-nan,-nan,-nan,0.716945,0.697069,0.00919242,0.250915,-0.245723,-0.936302,-0.650408,0.673584,-0.351075,104.705,14.5317,42.2141,0.529185,0.76055,0.311612,-0.210774
475,0,-0.516972,-0.457954,1.82609,-nan,-nan,-nan,0.76249,0.646767,0.0173733,0.281437,-0.307375,-0.909018,-0.582582,0.698007,-0.416394,108.682,16.346,37.3817,0.509588,0.788394,0.294334,-0.179228
482,0,-0.516071,-0.459047,1.82466,-nan,-nan,-nan,0.786393,0.617624,0.0112598,0.274648,-0.333253,-0.901948,-0.553313,0.712378,-0.431697,110.278,15.941,35.1306,0.505332,0.798646,0.279308,-0.169679
492,0,-0.519436,-0.458432,1.82412,-nan,-nan,-nan,0.807014,0.590237,0.0186929,0.254932,-0.31966,-0.912594,-0.532671,0.741241,-0.40844,109.304,14.7696,33.4269,0.519354,0.796102,0.265408,-0.161405
500,0,-0.519503,-0.457773,1.82412,-nan,-nan,-nan,0.819946,0.572066,0.0207122,0.24052,-0.311454,-0.919319,-0.51946,0.758773,-0.392969,108.716,13.9172,32.3555,0.528092,0.794413,0.255719,-0.156955
507,0,-0.518317,-0.4592,1.82429,-nan,-nan,-nan,0.810371,0.584049,0.0467444,0.280664,-0.316912,-0.905977,-0.514321,0.747297,-0.420738,109.28,16.2998,32.4022,0.517861,0.798126,0.270857,-0.146461
515,0,-0.519736,-0.45777,1.82383,-nan,-nan,-nan,0.80972,0.58483,0.0482407,0.275423,-0.306167,-0.911265,-0.518166,0.751156,-0.408985,108.571,15.9872,32.6165,0.523108,0.794492,0.270693,-0.14787
523,0,-0.520565,-0.45751,1.82431,-nan,-nan,-nan,0.810462,0.584798,0.0341003,0.256378,-0.301765,-0.918264,-0.526709,0.75296,-0.394498,108.192,14.8552,33.0193,0.527778,0.791632,0.265646,-0.155567
531,0,-0.519819,-0.458451,1.82426,-nan,-nan,-nan,0.834288,0.550711,0.0260689,0.238914,-0.318515,-0.917316,-0.496873,0.771534,-0.397306,109.148,13.8224,30.7766,0.528788,0.798453,0.247236,-0.147411
539,0,-0.518823,-0.45874,1.82385,-nan,-nan,-nan,0.852712,0.520361,0.0459014,0.245222,-0.321156,-0.914727,-0.461247,0.791254,-0.401457,109.346,14.195,28.4097,0.531531,0.802391,0.238532,-0.129409
547,0,-0.518158,-0.457774,1.8217,-nan,-nan,-nan,0.853573,0.517488,0.060162,0.255586,-0.315328,-0.913917,-0.45397,0.795471,-0.401419,109.036,14.8083,28.0062,0.53311,0.801611,0.2411,-0.122818
555,0,-0.519342,-0.457699,1.81909,-nan,-nan,-nan,0.869898,0.484659,0.0915565,0.27175,-0.316037,-0.908995,-0.411618,0.815614,-0.406626,109.171,15.7684,25.3225,0.535545,0.805072,0.234889,-0.099389
562,0,-0.518664,-0.457941,1.8179,-nan,-nan,-nan,0.87829,0.469735,0.0891953,0.264537,-0.32201,-0.909027,-0.398279,0.821985,-0.40708,109.506,15.3394,24.3929,0.536004,0.807369,0.227365,-0.0957072
570,0,-0.517639,-0.458792,1.81928,-nan,-nan,-nan,0.874819,0.478142,0.0779193,0.26302,-0.333708,-0.90524,-0.406831,0.812416,-0.417695,110.236,15.2494,24.9406,0.529957,0.810281,0.228674,-0.101481
578,0,-0.519306,-0.458083,1.82115,-nan,-nan,-nan,0.867669,0.49238,0.0686434,0.259228,-0.330282,-0.907587,-0.424206,0.80528,-0.414215,109.997,15.0243,26.0542,0.529899,0.80811,0.232521,-0.109998
586,0,-0.519265,-0.457274,1.82099,-nan,-nan,-nan,0.896096,0.436135,0.0824524,0.24076,-0.321543,-0.915775,-0.372889,0.840474,-0.393137,109.347,13.9314,22.5935,0.543465,0.807895,0.209462,-0.0898746
593,0,-0.519101,-0.458207,1.8202,-nan,-nan,-nan,0.885585,0.455349,0.0916297,0.258092,-0.318399,-0.912146,-0.38617,0.831432,-0.399491,109.242,14.9569,23.5602,0.5403,0.806764,0.221081,-0.091272
601,0,-0.518598,-0.458089,1.81901,-nan,-nan,-nan,0.885987,0.453607,0.0962663,0.260293,-0.314685,-0.912809,-0.383763,0.833795,-0.396878,109.021,15.0875,23.4197,0.541854,0.805846,0.221475,-0.089191
609,0,-0.518358,-0.45614,1.81972,-nan,-nan,-nan,0.911265,0.404444,0.0775934,0.213678,-0.303285,-0.928633,-0.352047,0.862811,-0.362794,108.087,12.338,21.1229,0.557939,0.802706,0.192512,-0.0854776
616,0,-0.519756,-0.454687,1.82169,-nan,-nan,-nan,0.922423,0.381786,0.0581012,0.177343,-0.285126,-0.941941,-0.343054,0.879171,-0.330713,106.841,10.215,20.4005,0.571529,0.796596,0.175474,-0.0894283
624,0,-0.517885,-0.458174,1.82076,0.409282,0.359407,1.66325,0.946975,0.3195,0.0340379,0.148503,-0.341271,-0.92816,-0.284931,0.883999,-0.370621,110.188,8.54018,16.7458,0.555671,0.815302,0.143506,-0.0769325
633,0,-0.516043,-0.457733,1.82076,0.409282,0.359407,1.66325,0.956224,0.291094,0.030007,0.138541,-0.359992,-0.922611,-0.257764,0.88638,-0.384562,111.315,7.96343,15.0863,0.550379,0.821702,0.130715,-0.0692943
640,0,-0.518064,-0.456584,1.81898,0.409282,0.359407,1.66325,0.969893,0.235334,0.0626513,0.149644,-0.372955,-0.915703,-0.192129,0.897509,-0.396943,112.16,8.6063,11.2049,0.547722,0.827616,0.116291,-0.0391118
647,0,-0.519641,-0.456707,1.82056,0.409282,0.359407,1.66325,0.982518,0.170644,0.0744267,0.135215,-0.379299,-0.915341,-0.127968,0.909402,-0.395741,112.508,7.77105,7.42071,0.549426,0.830295,0.0920936,-0.0161211
654,0,-0.519611,-0.456581,1.82084,0.409282,0.359407,1.66325,0.989332,0.117388,0.0862637,0.124183,-0.370023,-0.920685,-0.0761575,0.921576,-0.380654,111.895,7.13356,4.40187,0.556475,0.827649,0.0729688,0.00305271
661,0,-0.518784,-0.456763,1.8214,0.409282,0.359407,1.66325,0.990979,0.101913,0.0870292,0.118601,-0.364519,-0.923612,-0.0624047,0.925602,-0.373318,111.538,6.81135,3.60332,0.559719,0.825957,0.0667451,0.00745334
668,0,-0.518769,-0.455757,1.82053,0.409282,0.359407,1.66325,0.989966,0.108784,0.0901811,0.120962,-0.322537,-0.938796,-0.0730394,0.940285,-0.33246,108.961,6.94764,4.21962,0.577704,0.813167,0.0706332,0.00527005
676,0,-0.517977,-0.455521,1.81955,0.409282,0.359407,1.66325,0.993526,0.0693423,0.0899844,0.107843,-0.326679,-0.938963,-0.0357138,0.942588,-0.332042,109.184,6.19098,2.0587,0.577669,0.814286,0.0543989,0.016662
683,0,-0.518719,-0.455435,1.81809,0.409282,0.359407,1.66325,0.994191,0.0777342,0.0744379,0.0963307,-0.334238,-0.937553,-0.0479999,0.939278,-0.339784,109.621,5.52792,2.76412,0.574493,0.816733,0.0532808,0.0080926
690,0,-0.519772,-0.455134,1.8204,0.409282,0.359407,1.66325,0.993526,0.078215,0.0823907,0.104278,-0.340111,-0.934586,-0.0450766,0.937127,-0.346066,109.997,5.98557,2.59775,0.571697,0.81849,0.0557408,0.0113972
698,0,-0.517474,-0.456992,1.82093,0.409282,0.359407,1.66325,0.996565,0.0565427,0.0605105,0.076385,-0.345249,-0.935397,-0.0319987,0.936806,-0.348382,110.259,4.38081,1.83908,0.570731,0.820091,0.0405223,0.00869164
705,0,-0.518173,-0.456409,1.81754,0.409282,0.359407,1.66325,0.995999,0.076919,0.0454888,0.0710798,-0.373388,-0.924948,-0.0541611,0.924481,-0.377361,111.983,4.07601,3.1126,0.557954,0.828666,0.0446497,-0.00261635
712,0,-0.514899,-0.456972,1.82004,0.409282,0.359407,1.66325,0.996473,0.0780471,0.0308136,0.0581957,-0.37827,-0.923864,-0.0604491,0.922399,-0.381478,112.266,3.33625,3.47148,0.556041,0.830093,0.0410324,-0.00892537
719,0,-0.517295,-0.455183,1.81988,0.409282,0.359407,1.66325,0.998742,0.0498039,0.00583535,0.0239991,-0.372571,-0.927693,-0.0440287,0.926666,-0.373298,111.881,1.37518,2.5242,0.559659,0.828343,0.0222743,-0.011527
727,0,-0.51887,-0.456202,1.81905,0.409282,0.359407,1.66325,0.999412,0.0332463,-0.00840335,0.00483612,-0.379252,-0.925281,-0.0339491,0.924696,-0.37919,112.288,0.27709,1.94554,0.556994,0.830339,0.0114659,-0.0127516
734,0,-0.514757,-0.453172,1.81864,0.409282,0.359407,1.66325,0.999634,-0.0119895,0.0242422,0.0191247,-0.320417,-0.947084,0.0191227,0.947201,-0.32007,108.692,1.09583,-1.09592,0.582912,0.812422,0.00219564,0.0133443
742,0,-0.514901,-0.455257,1.81905,0.409282,0.359407,1.66325,0.999122,-0.0342052,0.0241963,0.0102004,-0.361545,-0.932299,0.0406375,0.931727,-0.360879,111.196,0.58445,-2.32912,0.564955,0.824855,-0.00727544,0.01965
749,0,-0.51451,-0.457081,1.81803,0.409282,0.359407,1.66325,0.99403,-0.108351,-0.0128322,-0.0564565,-0.410134,-0.910276,0.0933668,0.905566,-0.413803,114.254,-3.23644,-5.36591,0.540854,0.83934,-0.0490886,0.0239875
755,0,-0.517279,-0.457177,1.81881,0.409282,0.359407,1.66325,0.988259,-0.151828,0.0170851,-0.0441728,-0.390978,-0.919339,0.146261,0.907791,-0.393094,113.039,-2.53174,-8.41859,0.548677,0.832516,-0.0588579,0.049052
763,0,-0.516324,-0.456449,1.81979,0.409282,0.359407,1.66325,0.98364,-0.17579,0.0393597,-0.0277106,-0.363544,-0.931165,0.177999,0.914841,-0.362468,111.327,-1.5879,-10.2572,0.56072,0.823051,-0.061813,0.0660222
770,1,-0.518802,-0.453361,1.81856,0.409282,0.359407,1.66325,0.987184,-0.151083,0.0513903,-0.00094652,-0.327566,-0.944828,0.159581,0.932671,-0.323511,109.121,-0.0542316,-9.18256,0.577951,0.812136,-0.0467991,0.0649432
777,1,-0.515727,-0.45776,1.82253,0.409282,0.359407,1.66325,0.961878,-0.273299,-0.00992423,-0.113634,-0.366401,-0.923492,0.248753,0.889414,-0.383489,111.641,-6.52484,-14.4997,0.550452,0.823372,-0.117484,0.0725155
784,1,-0.516322,-0.454577,1.81908,0.409282,0.359407,1.66325,0.96055,-0.268118,0.0738684,-0.0145467,-0.313685,-0.949416,0.277727,0.910887,-0.30521,108.283,-0.833497,-16.1264,0.579149,0.803033,-0.0879993,0.109459
792,1,-0.515417,-0.457084,1.81881,0.409282,0.359407,1.66325,0.929104,-0.369815,-0.00169822,-0.162697,-0.404618,-0.899897,0.332108,0.836374,-0.4361,114.21,-9.36346,-19.6694,0.521629,0.832139,-0.159983,0.0992653
799,1,-0.517292,-0.458926,1.82028,0.409282,0.359407,1.66325,0.910412,-0.413387,0.0161833,-0.174281,-0.418712,-0.891239,0.375203,0.808573,-0.453246,115.165,-10.0368,-22.3977,0.509523,0.834022,-0.176155,0.117319
807,1,-0.514082,-0.458285,1.81996,0.409282,0.359407,1.66325,0.898196,-0.439582,0.00338188,-0.197163,-0.409713,-0.890653,0.392901,0.799314,-0.454672,114.703,-11.3711,-23.6262,0.508382,0.831051,-0.191548,0.119211
814,1,-0.51437,-0.458181,1.81988,0.409282,0.359407,1.66325,0.881366,-0.472432,0.00128801,-0.203976,-0.382992,-0.90095,0.426131,0.793804,-0.433921,113.03,-11.7696,-25.8033,0.515861,0.821322,-0.20589,0.130101
821,1,-0.513381,-0.459153,1.81878,0.409282,0.359407,1.66325,0.871022,-0.490854,0.0195627,-0.199953,-0.390629,-0.89857,0.448708,0.778763,-0.438394,113.496,-11.5342,-27.2553,0.510392,0.821591,-0.210204,0.142489
828,1,-0.512946,-0.460613,1.82011,0.409282,0.359407,1.66325,0.839541,-0.542234,0.033954,-0.220022,-0.396472,-0.891292,0.496751,0.740805,-0.452158,113.981,-12.7103,-30.6125,0.497723,0.819782,-0.232457,0.161843
835,1,-0.512635,-0.459267,1.82179,0.409282,0.359407,1.66325,0.828353,-0.560146,-0.00827355,-0.254519,-0.363148,-0.896295,0.499051,0.744554,-0.443382,112.056,-14.7451,-31.0674,0.505426,0.811616,-0.250939,0.151173
843,1,-0.512805,-0.458838,1.82127,0.409282,0.359407,1.66325,0.826625,-0.562507,-0.0166265,-0.257689,-0.352088,-0.899795,0.500287,0.748077,-0.435997,111.37,-14.933,-31.183,0.509544,0.808503,-0.253616,0.149554
850,1,-0.511032,-0.459019,1.82097,0.409282,0.359407,1.66325,0.839039,-0.540951,-0.0581871,-0.280756,-0.338875,-0.897964,0.466037,0.769763,-0.436205,110.676,-16.3053,-29.0496,0.515742,0.808412,-0.254112,0.126127
857,1,-0.510897,-0.459268,1.82166,0.409282,0.359407,1.66325,0.845673,-0.530084,-0.0620399,-0.279711,-0.341209,-0.897406,0.454532,0.776265,-0.436821,110.818,-16.243,-28.2571,0.516634,0.809892,-0.24997,0.121156
865,1,-0.51217,-0.458706,1.82164,0.409282,0.359407,1.66325,0.842035,-0.537098,-0.0500315,-0.269547,-0.338607,-0.901493,0.467249,0.772575,-0.429892,110.586,-15.6373,-29.0261,0.518058,0.807857,-0.249625,0.129112
872,1,-0.5145,-0.459151,1.82058,0.409282,0.359407,1.66325,0.869951,-0.492836,-0.0172484,-0.21285,-0.343711,-0.914635,0.444837,0.799359,-0.403912,110.596,-12.2894,-27.0823,0.5297,0.808946,-0.218088,0.132144
879,1,-0.512071,-0.458763,1.82011,0.409282,0.359407,1.66325,0.874164,-0.48533,-0.0170972,-0.227645,-0.378422,-0.897204,0.42897,0.788195,-0.441286,112.869,-13.1585,-26.1382,0.513434,0.820651,-0.217198,0.125472
886,1,-0.512138,-0.458583,1.81977,0.409282,0.359407,1.66325,0.875111,-0.483625,-0.0169395,-0.223518,-0.372909,-0.900543,0.429208,0.791862,-0.434436,112.494,-12.9157,-26.1262,0.516664,0.81891,-0.215879,0.125859
893,1,-0.511793,-0.459084,1.82179,0.409282,0.359407,1.66325,0.888251,-0.458308,-0.0310609,-0.22339,-0.371891,-0.900996,0.401382,0.807249,-0.432714,112.429,-12.9082,-24.3172,0.520492,0.820496,-0.207709,0.112835
900,1,-0.515449,-0.457421,1.81961,0.409282,0.359407,1.66325,0.887519,-0.460764,-0.00261127,-0.197152,-0.374618,-0.905976,0.416463,0.804586,-0.423321,112.465,-11.3705,-25.138,0.521915,0.819368,-0.200739,0.126271
907,1,-0.517226,-0.456314,1.82005,0.409282,0.359407,1.66325,0.909572,-0.415434,0.00969848,-0.160784,-0.373358,-0.913648,0.383181,0.829468,-0.406392,112.227,-9.25243,-22.8446,0.531465,0.819958,-0.175685,0.119787
915,1,-0.517015,-0.456383,1.81902,0.409282,0.359407,1.66325,0.92669,-0.375817,0.00262507,-0.140895,-0.353879,-0.924618,0.348416,0.856465,-0.380887,110.943,-8.09966,-20.6052,0.545876,0.815699,-0.158365,0.107589
922,0,-0.515916,-0.457572,1.81865,0.409282,0.359407,1.66325,0.939102,-0.343613,0.00428631,-0.141041,-0.396783,-0.907012,0.313361,0.851172,-0.421083,113.628,-8.10809,-18.4529,0.529442,0.830206,-0.145944,0.0956533
929,0,-0.515876,-0.455386,1.81715,0.409282,0.359407,1.66325,0.938177,-0.344055,0.0380674,-0.0992377,-0.372687,-0.922636,0.331625,0.861818,-0.38379,111.996,-5.69528,-19.4674,0.54353,0.82077,-0.135024,0.112605
937,0,-0.517717,-0.455962,1.81854,0.409282,0.359407,1.66325,0.936391,-0.348862,0.0383092,-0.0978626,-0.364372,-0.926097,0.337039,0.86344,-0.375335,111.477,-5.6161,-19.7955,0.546965,0.817939,-0.13654,0.114724
944,0,-0.517104,-0.457227,1.81897,0.409282,0.359407,1.66325,0.924235,-0.374193,0.0759556,-0.0803262,-0.385027,-0.919403,0.373279,0.843644,-0.385913,112.723,-4.60732,-21.9927,0.536958,0.820849,-0.138429,0.13682
952,0,-0.515427,-0.457071,1.82066,0.409282,0.359407,1.66325,0.925748,-0.371848,0.0686974,-0.0884302,-0.389522,-0.916762,0.367656,0.842616,-0.393482,113.02,-5.0733,-21.6602,0.534496,0.822914,-0.139832,0.132563
959,0,-0.51579,-0.457778,1.81857,0.409282,0.359407,1.66325,0.926169,-0.366281,0.0897133,-0.061682,-0.381835,-0.92217,0.372029,0.848552,-0.376237,112.493,-3.53636,-21.8846,0.540393,0.819183,-0.130607,0.140916
966,0,-0.51815,-0.457592,1.81767,0.409282,0.359407,1.66325,0.928121,-0.367701,0.0581988,-0.0954901,-0.38624,-0.917442,0.359823,0.845941,-0.393589,112.831,-5.47953,-21.1908,0.535792,0.822792,-0.140737,0.127013
972,0,-0.515863,-0.456272,1.81767,0.409282,0.359407,1.66325,0.928136,-0.369343,0.046368,-0.110451,-0.392205,-0.913223,0.355478,0.842473,-0.404814,113.242,-6.34132,-20.9569,0.53177,0.825402,-0.145321,0.121712
979,0,-0.514337,-0.456344,1.8179,0.409282,0.359407,1.66325,0.937856,-0.346576,0.0176206,-0.125898,-0.387127,-0.913391,0.323381,0.854411,-0.406703,112.969,-7.23263,-19.0246,0.534796,0.826391,-0.142933,0.10316
986,0,-0.515874,-0.456046,1.82056,0.409282,0.359407,1.66325,0.935309,-0.353423,0.0169861,-0.122461,-0.368377,-0.921576,0.331963,0.859878,-0.387827,111.788,-7.03416,-19.541,0.542933,0.820292,-0.145035,0.106349
993,0,-0.516596,-0.457052,1.82003,0.409282,0.359407,1.66325,0.933026,-0.359643,0.0109287,-0.132403,-0.371421,-0.918976,0.334562,0.855981,-0.394163,112.007,-7.60849,-19.7267,0.540241,0.821372,-0.149764,0.105157
1000,0,-0.517154,-0.456443,1.81911,0.409282,0.359407,1.66325,0.93083,-0.365284,-0.011144,-0.157128,-0.372497,-0.914635,0.32995,0.85312,-0.404127,112.159,-9.04026,-19.5178,0.53717,0.822717,-0.158746,0.0968759
1007,0,-0.516617,-0.458808,1.81869,0.409282,0.359407,1.66325,0.93331,-0.354628,0.0563213,-0.09679,-0.399511,-0.911605,0.345782,0.845358,-0.407192,113.665,-5.55435,-20.3292,0.530709,0.827649,-0.136356,0.121459
1015,0,-0.515182,-0.455969,1.81729,0.409282,0.359407,1.66325,0.937819,-0.345888,0.0292837,-0.115537,-0.39058,-0.91329,0.327333,0.853117,-0.406256,113.155,-6.63457,-19.2409,0.534084,0.82684,-0.139514,0.107825
1023,0,-0.518435,-0.456503,1.81732,0.409282,0.359407,1.66325,0.91632,-0.393046,0.076634,-0.0862875,-0.380673,-0.920675,0.39104,0.83702,-0.382733,112.464,-4.95007,-23.1104,0.536869,0.818493,-0.146407,0.142846
1030,0,-0.516301,-0.456761,1.8187,0.409282,0.359407,1.66325,0.923249,-0.377799,0.0698557,-0.0808319,-0.368753,-0.926006,0.375604,0.849287,-0.370989,111.713,-4.63638,-22.1379,0.543945,0.815934,-0.140523,0.136488
1038,0,-0.517263,-0.457619,1.81828,0.409282,0.359407,1.66325,0.931331,-0.357825,0.0677106,-0.0812749,-0.385465,-0.919136,0.35499,0.850516,-0.388078,112.752,-4.66185,-20.8651,0.538003,0.822325,-0.133493,0.128508
1045,0,-0.514528,-0.457231,1.81952,0.409282,0.359407,1.66325,0.932834,-0.357989,0.040812,-0.112392,-0.396727,-0.91103,0.34233,0.845253,-0.410315,113.532,-6.4532,-20.152,0.530517,0.827628,-0.142087,0.115735
1052,0,-0.515526,-0.456631,1.81763,0.409282,0.359407,1.66325,0.945384,-0.321273,0.0550705,-0.0854291,-0.407253,-0.909311,0.314565,0.854944,-0.412456,114.126,-4.9007,-18.4042,0.530489,0.831428,-0.12229,0.111145
1059,0,-0.515467,-0.456446,1.81804,0.409282,0.359407,1.66325,0.94981,-0.309271,0.047032,-0.0861671,-0.403178,-0.911056,0.300725,0.861278,-0.409592,113.871,-4.94314,-17.5686,0.533161,0.83105,-0.118957,0.104614
1067,0,-0.517781,-0.455703,1.81899,0.409282,0.359407,1.66325,0.968123,-0.250468,0.00175203,-0.100154,-0.393514,-0.913847,0.229579,0.884541,-0.406056,113.297,-5.74805,-13.3406,0.540498,0.831819,-0.105378,0.0695255
1074,0,-0.519235,-0.456846,1.81959,0.409282,0.359407,1.66325,0.916035,-0.400953,0.0108276,-0.157887,-0.385269,-0.909197,0.368717,0.831147,-0.416225,112.965,-9.08428,-21.9255,0.527859,0.824246,-0.1695,0.115119
1082,0,-0.515951,-0.457,1.81904,0.409282,0.359407,1.66325,0.896644,-0.441979,-0.0261572,-0.204057,-0.360095,-0.910325,0.392926,0.821575,-0.413066,111.582,-11.7743,-23.6639,0.529972,0.816977,-0.197691,0.112234
1089,0,-0.514071,-0.454699,1.81691,0.409282,0.359407,1.66325,0.892581,-0.450739,-0.0115891,-0.169834,-0.312283,-0.934685,0.417679,0.83625,-0.355289,108.475,-9.77815,-25.0771,0.553401,0.800024,-0.193923,0.126899
1096,0,-0.516166,-0.455092,1.81891,0.409282,0.359407,1.66325,0.887886,-0.459783,-0.0160398,-0.166406,-0.288453,-0.942923,0.428913,0.839878,-0.332624,107.01,-9.57894,-25.7839,0.562763,0.791985,-0.197664,0.130329
1103,0,-0.516917,-0.456956,1.82258,0.409282,0.359407,1.66325,0.894759,-0.44653,-0.00403878,-0.164145,-0.320476,-0.932926,0.415285,0.835408,-0.360044,108.958,-9.44755,-24.8975,0.550963,0.802384,-0.190269,0.128133
1110,0,-0.51728,-0.456901,1.81975,0.409282,0.359407,1.66325,0.869111,-0.493606,0.0316213,-0.174875,-0.366452,-0.913855,0.462672,0.788712,-0.404807,111.851,-10.0714,-28.0286,0.523892,0.812461,-0.205696,0.152098
1116,0,-0.515551,-0.456552,1.81797,0.409282,0.359407,1.66325,0.824627,-0.565543,0.0122871,-0.214561,-0.332805,-0.918262,0.523405,0.754587,-0.395784,109.922,-12.3898,-32.404,0.523459,0.798939,-0.244106,0.167626
1124,0,-0.516934,-0.456323,1.81673,0.409282,0.359407,1.66325,0.796737,-0.604298,0.00589484,-0.244202,-0.33086,-0.911536,0.552789,0.724815,-0.411178,109.949,-14.1347,-34.7536,0.513493,0.796677,-0.266262,0.175317
1132,0,-0.517681,-0.456201,1.81618,0.409282,0.359407,1.66325,0.77991,-0.625775,0.0120521,-0.243406,-0.320987,-0.915271,0.576623,0.710896,-0.402658,109.326,-14.0876,-36.4772,0.513874,0.791131,-0.274664,0.186023
1139,0,-0.516796,-0.457178,1.81865,0.409282,0.359407,1.66325,0.7448,-0.666945,0.021371,-0.266192,-0.326329,-0.907001,0.611894,0.669846,-0.420586,109.788,-15.4378,-39.4049,0.499471,0.789258,-0.295574,0.200589
1146,0,-0.515864,-0.456864,1.81838,0.409282,0.359407,1.66325,0.727898,-0.684871,0.0334229,-0.256186,-0.316848,-0.913223,0.636029,0.656171,-0.406087,109.135,-14.8439,-41.1466,0.501239,0.782757,-0.300558,0.213812
1153,0,-0.515888,-0.457142,1.81752,0.409282,0.359407,1.66325,0.721628,-0.687091,0.0846113,-0.224643,-0.348017,-0.910176,0.65482,0.637801,-0.405489,110.925,-12.9819,-42.2212,0.491966,0.786628,-0.28976,0.235
1160,0,-0.518496,-0.458012,1.82012,0.409282,0.359407,1.66325,0.671515,-0.738501,0.0606996,-0.27263,-0.322408,-0.906491,0.689015,0.592174,-0.417839,109.579,-15.8208,-45.7369,0.482511,0.776492,-0.325544,0.241379
1167,0,-0.518841,-0.456616,1.81863,0.409282,0.359407,1.66325,0.634761,-0.771366,0.0455268,-0.288508,-0.291248,-0.912106,0.716828,0.565835,-0.407418,107.709,-16.7686,-48.4747,0.48376,0.763778,-0.346918,0.249534
1175,0,-0.517528,-0.455759,1.81622,0.409282,0.359407,1.66325,0.584061,-0.81152,0.0175636,-0.325187,-0.253757,-0.910967,0.743725,0.526349,-0.412105,105.566,-18.9769,-51.8568,0.479114,0.749987,-0.378909,0.253767
1181,0,-0.516105,-0.456237,1.81721,0.409282,0.359407,1.66325,0.588183,-0.808393,0.023278,-0.28391,-0.233352,-0.930023,0.757256,0.540415,-0.366764,104.085,-16.4937,-52.1625,0.497008,0.739645,-0.369198,0.26382
1189,0,-0.516676,-0.456282,1.81732,0.409282,0.359407,1.66325,0.574419,-0.817377,0.0440161,-0.251546,-0.227436,-0.940743,0.778953,0.529308,-0.336252,103.591,-14.569,-53.594,0.502676,0.731113,-0.365512,0.28141
1196,0,-0.517214,-0.455797,1.81873,0.409282,0.359407,1.66325,0.558648,-0.827112,0.0616278,-0.230398,-0.226136,-0.946456,0.796762,0.514537,-0.316895,103.438,-13.3205,-54.9638,0.503889,0.724858,-0.36473,0.296054
1204,0,-0.516751,-0.455465,1.81844,0.409282,0.359407,1.66325,0.538689,-0.839653,0.0692616,-0.25218,-0.239136,-0.937667,0.803878,0.487645,-0.340563,104.307,-14.6065,-56.1734,0.48964,0.727734,-0.375079,0.299951
1211,0,-0.516512,-0.457224,1.81773,0.409282,0.359407,1.66325,0.517387,-0.853347,0.0641109,-0.296424,-0.248994,-0.922028,0.802772,0.458041,-0.381778,105.112,-17.2429,-57.1982,0.470801,0.73283,-0.392236,0.295731
1218,0,-0.518367,-0.456833,1.81665,0.409282,0.359407,1.66325,0.504083,-0.861538,0.0604433,-0.323804,-0.253409,-0.911556,0.800657,0.439928,-0.406708,105.536,-18.8931,-57.8061,0.459338,0.735561,-0.40287,0.292668
1225,0,-0.517343,-0.457304,1.81793,0.409282,0.359407,1.66325,0.486296,-0.870306,0.0779988,-0.319609,-0.260242,-0.911112,0.813245,0.418141,-0.404712,105.941,-18.6393,-59.1218,0.45314,0.733357,-0.40564,0.303823
1232,0,-0.515873,-0.456448,1.81833,0.409282,0.359407,1.66325,0.464794,-0.883473,0.0586583,-0.313802,-0.226315,-0.922122,0.827946,0.41019,-0.382426,103.789,-18.2885,-60.6909,0.462616,0.719989,-0.415727,0.307853
1239,0,-0.517363,-0.456992,1.81923,0.409282,0.359407,1.66325,0.43791,-0.895841,0.0755222,-0.306366,-0.22768,-0.924284,0.845207,0.381616,-0.374159,103.838,-17.8404,-62.6109,0.457185,0.714099,-0.420883,0.322339
1247,0,-0.517802,-0.45641,1.81999,0.409282,0.359407,1.66325,0.408685,-0.911315,0.049811,-0.321896,-0.194996,-0.926477,0.854026,0.362603,-0.373041,101.886,-18.7776,-64.4271,0.458434,0.70298,-0.438566,0.321431
1255,0,-0.517948,-0.455565,1.81816,0.409282,0.359407,1.66325,0.371988,-0.927565,0.0353281,-0.325674,-0.166058,-0.930785,0.86923,0.334735,-0.363855,100.116,-19.0064,-66.8315,0.458823,0.689547,-0.45437,0.327954
1262,0,-0.517167,-0.455746,1.8188,0.409282,0.359407,1.66325,0.351099,-0.935957,0.0267122,-0.33693,-0.152905,-0.929031,0.873617,0.317182,-0.369037,99.3463,-19.6899,-68.1052,0.45529,0.684295,-0.465036,0.328926
1269,0,-0.518733,-0.454395,1.81921,0.409282,0.359407,1.66325,0.335999,-0.941856,0.00357503,-0.332394,-0.122128,-0.9352,0.88126,0.313037,-0.354102,97.4402,-19.4142,-69.1296,0.463618,0.673095,-0.47328,0.328644
1277,0,-0.51951,-0.456745,1.81829,0.409282,0.359407,1.66325,0.332329,-0.942343,0.0393375,-0.375923,-0.170595,-0.910812,0.865008,0.287901,-0.410942,100.609,-22.0814,-68.9836,0.433241,0.691713,-0.47645,0.32685
1284,0,-0.518057,-0.457305,1.81978,0.409282,0.359407,1.66325,0.322646,-0.945044,0.0528401,-0.374668,-0.178782,-0.909759,0.869208,0.273733,-0.411761,101.118,-22.0038,-69.6353,0.427815,0.69159,-0.477057,0.333307
1291,0,-0.516851,-0.456637,1.81815,0.409282,0.359407,1.66325,0.305889,-0.948216,0.085549,-0.346026,-0.194436,-0.917857,0.88696,0.25116,-0.387583,101.961,-20.2444,-70.9721,0.425403,0.687006,-0.470972,0.353894
1298,0,-0.517004,-0.456753,1.81683,0.409282,0.359407,1.66325,0.293857,-0.952179,0.083688,-0.362156,-0.191936,-0.912142,0.884585,0.237732,-0.401239,101.883,-21.2326,-71.6236,0.418534,0.686846,-0.478395,0.352435
1306,0,-0.517185,-0.45639,1.8193,0.409282,0.359407,1.66325,0.362786,-0.93079,0.0448943,-0.331444,-0.17391,-0.927308,0.870937,0.321535,-0.371597,100.622,-19.3565,-67.386,0.452017,0.690705,-0.456865,0.331484
1312,0,-0.516322,-0.457401,1.81917,0.409282,0.359407,1.66325,0.398914,-0.916262,0.036491,-0.325377,-0.17864,-0.928557,0.85732,0.358541,-0.369393,100.89,-18.9884,-65.0473,0.461216,0.697665,-0.444927,0.320287
1320,0,-0.51544,-0.457148,1.81973,0.409282,0.359407,1.66325,0.411273,-0.910878,0.0340062,-0.346747,-0.190846,-0.918338,0.842983,0.365896,-0.394334,101.74,-20.2885,-63.9933,0.454448,0.706479,-0.445032,0.310338
1327,0,-0.515222,-0.456776,1.81856,0.409282,0.359407,1.66325,0.365029,-0.930509,0.0301138,-0.364106,-0.172455,-0.915252,0.856843,0.323129,-0.401755,100.671,-21.3526,-66.9252,0.44464,0.696283,-0.464831,0.318461
1334,0,-0.516992,-0.456304,1.82006,0.409282,0.359407,1.66325,0.350848,-0.934935,0.0529292,-0.345957,-0.181934,-0.920442,0.870184,0.304624,-0.387278,101.181,-20.2402,-68.0413,0.442051,0.692831,-0.462195,0.333094
1342,0,-0.516157,-0.455964,1.8192,0.409282,0.359407,1.66325,0.318253,-0.946632,0.0510187,-0.350086,-0.167369,-0.921644,0.880996,0.275455,-0.384669,100.293,-20.4926,-70.1381,0.437669,0.683793,-0.47409,0.340752
1349,0,-0.517223,-0.456736,1.81953,0.409282,0.359407,1.66325,0.399845,-0.914791,0.0572771,-0.334784,-0.203931,-0.919963,0.853255,0.348667,-0.387799,102.499,-19.5594,-64.8916,0.449476,0.705616,-0.442725,0.322602
1356,0,-0.517043,-0.457359,1.81838,0.409282,0.359407,1.66325,0.510358,-0.856455,0.0775841,-0.312119,-0.268543,-0.911299,0.801322,0.440873,-0.404369,106.419,-18.187,-57.5071,0.457561,0.738794,-0.395433,0.297412
1363,0,-0.517344,-0.456998,1.82024,0.409282,0.359407,1.66325,0.581071,-0.813302,0.0299343,-0.308741,-0.254316,-0.916516,0.753017,0.523319,-0.398875,105.508,-17.9834,-52.3442,0.481633,0.747373,-0.375329,0.261901
1370,0,-0.516771,-0.456623,1.81914,0.409282,0.359407,1.66325,0.54581,-0.837817,0.0124039,-0.337211,-0.233185,-0.912093,0.767059,0.493647,-0.409796,104.341,-19.707,-54.5658,0.475087,0.739728,-0.397115,0.263429
1377,0,-0.517142,-0.456144,1.81758,0.409282,0.359407,1.66325,0.547378,-0.836852,0.00743917,-0.344312,-0.233296,-0.909408,0.762776,0.495228,-0.415839,104.388,-20.1398,-54.3363,0.473878,0.741032,-0.398486,0.259845
1385,1,-0.516045,-0.457875,1.81829,0.409282,0.359407,1.66325,0.473045,-0.881013,0.00667512,-0.349405,-0.194551,-0.916551,0.808792,0.431238,-0.399862,101.984,-20.4509,-59.6776,0.468677,0.718933,-0.427863,0.283569
1392,1,-0.517494,-0.455792,1.81914,0.409282,0.359407,1.66325,0.476256,-0.878726,0.0319533,-0.311896,-0.202796,-0.928221,0.822132,0.432105,-0.370654,102.324,-18.1736,-59.9166,0.47508,0.71584,-0.415813,0.298281
1399,1,-0.517505,-0.455688,1.82097,0.409282,0.359407,1.66325,0.484835,-0.874488,0.0143435,-0.29121,-0.176874,-0.940166,0.824701,0.451649,-0.340414,100.655,-16.9304,-59.5491,0.49182,0.707482,-0.411918,0.29649
1407,1,-0.518789,-0.45589,1.81875,0.409282,0.359407,1.66325,0.466122,-0.882177,0.0670373,-0.258152,-0.208093,-0.943427,0.84622,0.422447,-0.324732,102.439,-14.9604,-61.1527,0.483036,0.706921,-0.403273,0.32297
1414,1,-0.518414,-0.454686,1.81888,0.409282,0.359407,1.66325,0.437252,-0.89719,0.0621433,-0.26139,-0.192898,-0.945762,0.860515,0.397292,-0.318861,101.528,-15.1525,-63.0636,0.481013,0.698035,-0.414943,0.330449
1422,1,-0.517677,-0.455175,1.81942,0.409282,0.359407,1.66325,0.403628,-0.912934,0.0602992,-0.275693,-0.184203,-0.943431,0.872398,0.364171,-0.326039,101.048,-16.0033,-65.1717,0.472595,0.691713,-0.429595,0.337097
1429,1,-0.516505,-0.455541,1.82058,0.409282,0.359407,1.66325,0.344591,-0.938065,0.0359314,-0.322699,-0.15431,-0.933838,0.881546,0.310197,-0.355887,99.3829,-18.8262,-68.6498,0.456726,0.680953,-0.462867,0.336836
1436,1,-0.515921,-0.45528,1.8201,0.409282,0.359407,1.66325,0.336599,-0.941527,0.015088,-0.34139,-0.13695,-0.929891,0.877584,0.30785,-0.367525,98.378,-19.9616,-69.0156,0.456104,0.678431,-0.472752,0.328947
1443,1,-0.51437,-0.455434,1.81967,0.409282,0.359407,1.66325,0.351763,-0.936084,0.00312874,-0.347728,-0.133772,-0.928003,0.869107,0.32535,-0.372559,98.2027,-20.3484,-67.9648,0.459737,0.68156,-0.47091,0.319941
1450,1,-0.515599,-0.455347,1.81736,0.409282,0.359407,1.66325,0.45535,-0.889049,0.0474158,-0.307777,-0.207163,-0.928632,0.835422,0.408259,-0.367961,102.576,-17.9253,-61.4073,0.469102,0.712473,-0.419955,0.309779
1457,1,-0.518032,-0.455429,1.8168,0.409282,0.359407,1.66325,0.630421,-0.772574,0.0754895,-0.250029,-0.29416,-0.922472,0.734884,0.562671,-0.378611,107.687,-14.4792,-49.3754,0.489298,0.758814,-0.336909,0.266987
1465,1,-0.517081,-0.455486,1.81889,0.409282,0.359407,1.66325,0.646554,-0.760143,0.064421,-0.253935,-0.294079,-0.921431,0.719364,0.579396,-0.383165,107.701,-14.7105,-48.0513,0.492268,0.762201,-0.332615,0.25708
1472,1,-0.516142,-0.455693,1.81934,0.409282,0.359407,1.66325,0.667639,-0.743549,0.0373229,-0.259351,-0.27928,-0.924521,0.69785,0.607567,-0.379298,106.809,-15.0315,-46.2675,0.50226,0.762597,-0.328778,0.24101
1479,1,-0.517168,-0.457897,1.81699,0.409282,0.359407,1.66325,0.675685,-0.732064,0.0867843,-0.2443,-0.333432,-0.910572,0.695534,0.594058,-0.404138,110.112,-14.1405,-45.8293,0.484282,0.776733,-0.314254,0.251798
1487,1,-0.516182,-0.454386,1.81582,0.409282,0.359407,1.66325,0.674774,-0.736302,0.0504004,-0.238045,-0.281776,-0.929482,0.698581,0.615193,-0.365408,106.865,-13.7712,-45.9931,0.50685,0.761899,-0.31971,0.245761
1495,1,-0.516098,-0.45419,1.8191,0.409282,0.359407,1.66325,0.689615,-0.723104,0.0393982,-0.224566,-0.265254,-0.937662,0.688478,0.637778,-0.345308,105.796,-12.9774,-44.9527,0.519387,0.758317,-0.312426,0.239964
1502,1,-0.516517,-0.454585,1.81939,0.409282,0.359407,1.66325,0.698309,-0.71567,0.0134602,-0.246088,-0.257692,-0.934364,0.672164,0.649163,-0.356066,105.419,-14.2461,-43.9071,0.520709,0.760274,-0.316253,0.225453
1509,1,-0.514106,-0.456098,1.81873,0.409282,0.359407,1.66325,0.712625,-0.701475,-0.00995448,-0.281343,-0.272759,-0.920027,0.64266,0.658435,-0.391729,106.513,-16.3403,-42.0448,0.511893,0.770894,-0.318726,0.205186
1517,1,-0.514093,-0.457871,1.81968,0.409282,0.359407,1.66325,0.683305,-0.729445,-0.0317014,-0.327152,-0.267064,-0.906448,0.652738,0.629751,-0.421125,106.416,-19.096,-43.6894,0.498777,0.769983,-0.343059,0.20164
1524,1,-0.513894,-0.458014,1.81939,0.409282,0.359407,1.66325,0.709433,-0.704657,-0.0127846,-0.316706,-0.302542,-0.89898,0.629605,0.641815,-0.437803,108.6,-18.4638,-41.5883,0.492211,0.782588,-0.326277,0.197045
1531,1,-0.516202,-0.457677,1.8179,0.409282,0.359407,1.66325,0.741615,-0.67059,0.0177708,-0.277592,-0.330894,-0.901915,0.610696,0.663941,-0.431547,110.147,-16.1166,-39.4703,0.494766,0.791211,-0.299599,0.198578
1538,1,-0.516868,-0.458716,1.8213,0.409282,0.359407,1.66325,0.733287,-0.67895,0.0362939,-0.265589,-0.335166,-0.90395,0.625901,0.653216,-0.426095,110.344,-15.402,-40.4826,0.492957,0.789707,-0.299016,0.209633
1546,1,-0.516968,-0.454757,1.81705,0.409282,0.359407,1.66325,0.730063,-0.682517,0.0343199,-0.235844,-0.298772,-0.924723,0.641393,0.667012,-0.37909,107.905,-13.6414,-41.3008,0.512884,0.775875,-0.295912,0.217726
1553,1,-0.51607,-0.45535,1.81759,0.409282,0.359407,1.66325,0.7321,-0.679777,0.0439692,-0.224746,-0.301969,-0.926447,0.643055,0.66837,-0.373848,108.053,-12.9879,-41.2951,0.513878,0.775873,-0.291453,0.221371
