104,0,-0.343882,-0.386982,1.45471,-nan,-nan,-nan,0.844624,0.533145,0.048647,0.200573,-0.230881,-0.952084,-0.496367,0.813911,-0.301942,103.631,11.5705,30.4418,0.572669,0.770949,0.237927,-0.145185
111,0,-0.354309,-0.385536,1.45281,-nan,-nan,-nan,0.851061,0.52354,0.0400187,0.181628,-0.222026,-0.957975,-0.492653,0.822564,-0.284047,103.049,10.4646,30.0652,0.579868,0.767648,0.229652,-0.147409
120,0,-0.373207,-0.391912,1.44778,-nan,-nan,-nan,0.879853,0.471839,0.0568076,0.177486,-0.21535,-0.960272,-0.44086,0.854981,-0.273221,102.64,10.2233,26.6137,0.589763,0.769484,0.210961,-0.124776
128,0,-0.383335,-0.392157,1.4456,-nan,-nan,-nan,0.890227,0.451569,0.0598528,0.179521,-0.227038,-0.957197,-0.418651,0.862867,-0.283181,103.343,10.3418,25.1864,0.587369,0.774669,0.203664,-0.115791
136,0,-0.385087,-0.391346,1.44857,-nan,-nan,-nan,0.901102,0.428991,0.0631055,0.202411,-0.287456,-0.936162,-0.383465,0.85635,-0.34586,107.07,11.678,23.0523,0.56298,0.795993,0.198307,-0.100616
144,0,-0.384643,-0.393177,1.45336,-nan,-nan,-nan,0.919385,0.388366,0.062475,0.191368,-0.302838,-0.933631,-0.343671,0.870322,-0.352746,107.971,11.0326,20.496,0.562095,0.802335,0.180639,-0.0876179
153,0,-0.386569,-0.398026,1.46521,-nan,-nan,-nan,0.939813,0.322794,0.112051,0.209502,-0.285307,-0.935259,-0.269927,0.902443,-0.335761,106.965,12.0932,16.0248,0.574183,0.800138,0.166314,-0.0493277
160,0,-0.387359,-0.400481,1.47361,-nan,-nan,-nan,0.952701,0.286363,0.101772,0.190635,-0.302302,-0.933955,-0.236684,0.909181,-0.342594,107.936,10.9899,13.9518,0.571796,0.805853,0.147979,-0.041854
167,0,-0.381872,-0.405495,1.48877,-nan,-nan,-nan,0.95986,0.247248,0.132428,0.211722,-0.329031,-0.920279,-0.183964,0.911377,-0.368171,109.674,12.2233,10.8496,0.56184,0.815025,0.140784,-0.0158081
175,0,-0.373668,-0.408716,1.49469,-nan,-nan,-nan,0.958588,0.244286,0.146399,0.226121,-0.340326,-0.912714,-0.17314,0.908021,-0.381471,110.449,13.0688,10.2384,0.556056,0.818594,0.143663,-0.00816687
183,0,-0.357695,-0.412355,1.50363,-nan,-nan,-nan,0.943344,0.280959,0.176537,0.266293,-0.323605,-0.907947,-0.197967,0.903516,-0.380088,109.617,15.4438,11.8519,0.556698,0.813486,0.168181,-0.00658608
191,0,-0.340297,-0.411545,1.50564,-nan,-nan,-nan,0.930944,0.295944,0.213915,0.285453,-0.224461,-0.931737,-0.227727,0.928458,-0.293439,103.545,16.5859,13.7457,0.594358,0.782439,0.185764,-0.00441303
199,0,-0.317804,-0.41417,1.50799,-nan,-nan,-nan,0.929797,0.259507,0.261025,0.31441,-0.191246,-0.929823,-0.191376,0.946615,-0.259412,101.623,18.3252,11.6305,0.608099,0.771436,0.18599,0.0225714
206,0,-0.297056,-0.410406,1.50915,-nan,-nan,-nan,0.92716,0.224064,0.300281,0.343212,-0.186496,-0.920557,-0.150262,0.956564,-0.249813,101.453,20.0727,9.20571,0.610502,0.768679,0.184497,0.0487913
214,0,-0.282359,-0.421474,1.50473,-nan,-nan,-nan,0.948228,0.178459,0.262711,0.296207,-0.198543,-0.93426,-0.114568,0.963708,-0.241125,101.998,17.2299,6.88926,0.614117,0.772641,0.153586,0.047934
222,0,-0.278171,-0.427477,1.50201,-nan,-nan,-nan,0.969501,0.153315,0.191212,0.222691,-0.225241,-0.948512,-0.102352,0.962165,-0.252513,103.358,12.8672,6.02652,0.610686,0.782185,0.120178,0.028401
230,0,-0.278,-0.429379,1.5023,-nan,-nan,-nan,0.982748,0.147305,0.111837,0.145073,-0.238891,-0.960148,-0.114718,0.959808,-0.25614,103.972,8.3415,6.65809,0.60986,0.787048,0.0928717,-0.000914995
238,0,-0.277922,-0.424628,1.50295,-nan,-nan,-nan,0.988023,0.15431,-0.000182599,0.0487489,-0.313255,-0.948417,-0.146407,0.937048,-0.317025,108.278,2.79422,8.42886,0.582611,0.809059,0.0627453,-0.0452964
245,0,-0.284406,-0.433189,1.49753,-nan,-nan,-nan,0.981572,0.190867,-0.0092949,0.0352922,-0.228872,-0.972817,-0.187806,0.954561,-0.23139,103.239,2.02251,10.8316,0.616707,0.781318,0.0723645,-0.0630667
253,0,-0.284201,-0.431196,1.49698,-nan,-nan,-nan,0.977189,0.21099,-0.0241897,0.0247855,-0.226428,-0.973713,-0.21092,0.950902,-0.226492,103.091,1.42025,12.1801,0.617307,0.77944,0.0756232,-0.0754099
261,0,-0.284409,-0.43189,1.49773,-nan,-nan,-nan,0.974933,0.222235,-0.0108622,0.0414444,-0.229345,-0.972462,-0.218606,0.947635,-0.232807,103.27,2.37527,12.6382,0.614976,0.780558,0.0844521,-0.073495
269,0,-0.284657,-0.432256,1.49681,-nan,-nan,-nan,0.967755,0.251837,-0.0053934,0.0566923,-0.238619,-0.969457,-0.245432,0.937891,-0.245202,103.828,3.24997,14.2307,0.609084,0.782875,0.0985243,-0.0800974
276,0,-0.285053,-0.433231,1.4962,-nan,-nan,-nan,0.962762,0.270185,-0.00944954,0.0660616,-0.269006,-0.96087,-0.262155,0.924465,-0.276837,105.64,3.78781,15.232,0.595172,0.791929,0.106148,-0.0857414
284,0,-0.285409,-0.435144,1.49506,-nan,-nan,-nan,0.947397,0.320062,1.08563e-05,0.0959929,-0.28411,-0.953974,-0.305328,0.903793,-0.299889,106.584,5.50847,17.8632,0.583823,0.795518,0.13075,-0.0959492
292,0,-0.285862,-0.436086,1.49556,-nan,-nan,-nan,0.938864,0.344216,-0.00705446,0.100549,-0.293734,-0.950584,-0.329279,0.89176,-0.310387,107.171,5.7708,19.3268,0.577655,0.797337,0.139453,-0.105455
300,0,-0.28542,-0.440889,1.49465,-nan,-nan,-nan,0.930361,0.366627,0.00358585,0.11819,-0.290636,-0.949506,-0.347072,0.883808,-0.313728,107.019,6.78766,20.4581,0.57576,0.796041,0.152259,-0.107873
308,0,-0.28581,-0.442131,1.49364,-nan,-nan,-nan,0.935461,0.353406,-0.00407715,0.103916,-0.286055,-0.952562,-0.337807,0.890661,-0.304318,106.715,5.96474,19.8553,0.57989,0.794644,0.143877,-0.107559
315,0,-0.286043,-0.44252,1.49325,-nan,-nan,-nan,0.952211,0.305439,-0.00115332,0.0904268,-0.285509,-0.9541,-0.291749,0.9084,-0.299485,106.66,5.18816,17.0346,0.58464,0.79643,0.124263,-0.0919422
323,0,-0.276804,-0.440791,1.49301,-nan,-nan,-nan,0.944321,0.328133,-0.0242205,0.074246,-0.284226,-0.955878,-0.320539,0.900858,-0.292763,106.56,4.2579,18.7492,0.584665,0.793932,0.126705,-0.108561
331,0,-0.275628,-0.441975,1.49306,-nan,-nan,-nan,0.968195,0.249624,-0.0168918,0.0617055,-0.30367,-0.950777,-0.242467,0.919496,-0.309415,107.713,3.53771,14.0595,0.582046,0.803318,0.0968887,-0.0807147
338,0,-0.277889,-0.443787,1.49191,-nan,-nan,-nan,0.963212,0.264915,0.0451838,0.125393,-0.294324,-0.947444,-0.237694,0.918255,-0.316715,107.257,7.20345,13.862,0.581415,0.802224,0.121633,-0.0599926
346,0,-0.277678,-0.442938,1.49167,-nan,-nan,-nan,0.955886,0.288658,0.0543822,0.142448,-0.293632,-0.945246,-0.256885,0.911294,-0.321797,107.257,8.1895,15.0423,0.578891,0.801766,0.134424,-0.0631427
353,0,-0.277999,-0.443377,1.49181,-nan,-nan,-nan,0.94773,0.315341,0.0486617,0.143553,-0.285198,-0.947658,-0.284957,0.905109,-0.315559,106.749,8.25348,16.7346,0.580296,0.798199,0.143728,-0.0740089
361,0,-0.277961,-0.443272,1.4919,-nan,-nan,-nan,0.939973,0.339283,0.0365894,0.134527,-0.269879,-0.95345,-0.313615,0.901139,-0.299322,105.804,7.73127,18.4509,0.5854,0.792019,0.149558,-0.0874428
369,0,-0.277852,-0.442039,1.49185,-nan,-nan,-nan,0.930693,0.364128,0.0349472,0.131058,-0.242726,-0.961201,-0.341518,0.899163,-0.273625,104.172,7.53073,20.1506,0.59463,0.782152,0.158277,-0.0979895
377,0,-0.277856,-0.441462,1.49055,-nan,-nan,-nan,0.917827,0.396188,0.0250528,0.120057,-0.216867,-0.96879,-0.37839,0.89219,-0.246612,102.618,6.89537,22.4048,0.602982,0.771574,0.16727,-0.114486
384,0,-0.277915,-0.441845,1.49141,-nan,-nan,-nan,0.866008,0.498604,0.0377377,0.160392,-0.20551,-0.965422,-0.473608,0.842117,-0.257945,102.017,9.22964,28.6736,0.592147,0.763129,0.215886,-0.14279
392,0,-0.277898,-0.442223,1.49133,-nan,-nan,-nan,0.841002,0.53963,0.0389306,0.175745,-0.204423,-0.962977,-0.511693,0.816707,-0.266757,101.985,10.122,31.3177,0.585197,0.760293,0.23523,-0.155454
399,0,-0.276868,-0.441745,1.49112,-nan,-nan,-nan,0.81666,0.57678,0.0197621,0.176744,-0.21736,-0.959956,-0.549388,0.787451,-0.279451,102.758,10.1801,33.9297,0.574423,0.760505,0.247705,-0.174103
407,0,-0.27748,-0.442277,1.49017,-nan,-nan,-nan,0.801819,0.59667,0.0327282,0.203899,-0.2217,-0.953559,-0.561704,0.771255,-0.299424,103.089,11.7651,35.0127,0.565839,0.76206,0.262633,-0.173535
415,0,-0.277334,-0.443183,1.49151,-nan,-nan,-nan,0.760441,0.648931,0.0248504,0.218349,-0.219457,-0.950874,-0.611598,0.72851,-0.308578,102.996,12.6121,38.8086,0.555069,0.756385,0.286653,-0.193932
422,0,-0.277391,-0.441534,1.49058,-nan,-nan,-nan,0.755691,0.654072,0.0334798,0.202451,-0.184677,-0.961721,-0.622852,0.733542,-0.271977,100.87,11.6803,39.4959,0.569876,0.743698,0.287927,-0.198122