168,0,-0.33694,-0.388311,1.45794,0.158086,0.408275,1.24415,0.837889,0.54584,0.000817859,0.166332,-0.2539,-0.952821,-0.519881,0.798494,-0.303531,104.921,9.57465,31.8181,0.565787,0.773841,0.230077,-0.16769
177,0,-0.336757,-0.387303,1.46111,0.158086,0.408275,1.24415,0.84195,0.539312,0.0161994,0.151289,-0.207154,-0.966539,-0.51791,0.816229,-0.256006,102.097,8.70165,31.597,0.58711,0.75913,0.227432,-0.165226
186,0,-0.337666,-0.387598,1.46508,0.158086,0.408275,1.24415,0.842404,0.538043,0.0293949,0.151406,-0.183994,-0.971196,-0.517137,0.822591,-0.236461,100.728,8.70842,31.545,0.596228,0.75214,0.229163,-0.162118
194,0,-0.338456,-0.388536,1.46801,0.158086,0.408275,1.24415,0.837697,0.545251,0.0310637,0.15762,-0.186918,-0.969648,-0.522895,0.817168,-0.242523,100.911,9.06878,31.9726,0.59335,0.752851,0.233403,-0.163323
202,0,-0.341968,-0.390693,1.47417,0.158086,0.408275,1.24415,0.831436,0.554704,0.0318958,0.166425,-0.193859,-0.96681,-0.53011,0.809149,-0.253498,101.338,9.58002,32.5209,0.588234,0.754784,0.238853,-0.165019
211,0,-0.356248,-0.391036,1.47279,0.158086,0.408275,1.24415,0.830926,0.55479,0.0420695,0.193033,-0.216543,-0.956999,-0.521824,0.803316,-0.287024,102.75,11.1299,32.1289,0.576055,0.763952,0.244722,-0.156998
220,0,-0.369835,-0.391566,1.47492,0.158086,0.408275,1.24415,0.839468,0.541823,0.0414894,0.195189,-0.229397,-0.953561,-0.507143,0.808582,-0.29833,103.527,11.2558,31.1372,0.572656,0.769285,0.239512,-0.151327
228,0,-0.382623,-0.393677,1.48416,0.158086,0.408275,1.24415,0.846503,0.531386,0.0325749,0.181471,-0.23048,-0.956006,-0.500501,0.815173,-0.291534,103.555,10.4555,30.594,0.575432,0.769499,0.231598,-0.152023
236,0,-0.395303,-0.395996,1.49315,0.158086,0.408275,1.24415,0.846975,0.530256,0.038225,0.17989,-0.218192,-0.959183,-0.500272,0.819281,-0.280191,102.815,10.3633,30.5685,0.580645,0.765728,0.231853,-0.150852
244,0,-0.406744,-0.398032,1.49784,0.158086,0.408275,1.24415,0.854975,0.517054,0.0409093,0.170688,-0.206005,-0.963549,-0.48978,0.830793,-0.264384,102.068,9.82782,29.8066,0.588342,0.762457,0.225502,-0.147179
253,0,-0.413513,-0.3993,1.50528,0.158086,0.408275,1.24415,0.877147,0.477234,0.0534871,0.166666,-0.198071,-0.965914,-0.450373,0.856163,-0.253276,101.588,9.59401,27.1783,0.597034,0.76297,0.210984,-0.130046
261,0,-0.419067,-0.401166,1.51424,0.158086,0.408275,1.24415,0.881985,0.469175,0.0444684,0.15157,-0.193051,-0.969411,-0.446239,0.861746,-0.241381,101.263,8.71793,26.8371,0.601572,0.760989,0.203927,-0.13199
269,0,-0.417063,-0.400325,1.52194,0.158086,0.408275,1.24415,0.88785,0.458211,0.0420215,0.151274,-0.204423,-0.967123,-0.434556,0.865017,-0.250813,101.935,8.70079,26.0794,0.598459,0.765357,0.199085,-0.12822
278,0,-0.397382,-0.39293,1.5303,0.158086,0.408275,1.24415,0.882043,0.467036,0.0622689,0.183402,-0.218588,-0.958427,-0.434009,0.856794,-0.27846,102.848,10.568,26.1995,0.588429,0.771215,0.210849,-0.120505
286,0,-0.397295,-0.385284,1.54321,0.158086,0.408275,1.24415,0.855733,0.511893,0.075405,0.196463,-0.186633,-0.962585,-0.478667,0.838531,-0.260277,100.973,11.3302,29.2211,0.593469,0.758723,0.233404,-0.132875
294,0,-0.397591,-0.371609,1.55122,0.158086,0.408275,1.24415,0.868694,0.492411,0.0538768,0.187374,-0.225963,-0.955945,-0.458544,0.840519,-0.288558,103.299,10.7995,27.8276,0.581845,0.771883,0.220171,-0.131065
302,0,-0.400298,-0.373452,1.56789,0.158086,0.408275,1.24415,0.877028,0.475872,0.0660906,0.201294,-0.239056,-0.949912,-0.436237,0.846403,-0.305448,104.126,11.6126,26.4459,0.577175,0.778064,0.21758,-0.118932
310,0,-0.403036,-0.37848,1.58154,0.158086,0.408275,1.24415,0.892086,0.444658,0.0803903,0.213931,-0.258906,-0.941914,-0.398016,0.857466,-0.326092,105.369,12.3528,24.0447,0.57164,0.786938,0.209225,-0.100906
319,0,-0.406205,-0.380483,1.59344,0.158086,0.408275,1.24415,0.902361,0.422876,0.0831846,0.212561,-0.268776,-0.939456,-0.374916,0.86541,-0.33242,105.966,12.2725,22.562,0.570343,0.791132,0.2008,-0.0921879
327,0,-0.409132,-0.380937,1.60372,0.158086,0.408275,1.24415,0.901983,0.424887,0.0767928,0.193419,-0.238606,-0.95166,-0.386024,0.873234,-0.2974,104.075,11.1524,23.1696,0.584375,0.780703,0.197997,-0.0990234
336,0,-0.411548,-0.377591,1.61201,0.158086,0.408275,1.24415,0.888733,0.455759,0.0493747,0.144358,-0.176007,-0.973747,-0.435103,0.872528,-0.222216,100.246,8.30008,26.0853,0.610432,0.756134,0.198416,-0.127533
344,0,-0.412235,-0.378728,1.61945,0.158086,0.408275,1.24415,0.890671,0.45299,0.0388133,0.123754,-0.159406,-0.979426,-0.437483,0.877149,-0.198038,99.2441,7.10882,26.1595,0.619118,0.749686,0.192329,-0.132945
353,0,-0.41396,-0.380218,1.62522,0.158086,0.408275,1.24415,0.885064,0.464085,0.0358585,0.119307,-0.151719,-0.981197,-0.449919,0.872701,-0.18965,98.7898,6.85213,26.9463,0.621228,0.746062,0.195491,-0.138749
361,0,-0.41588,-0.381812,1.63141,0.158086,0.408275,1.24415,0.863191,0.5034,0.0386027,0.13301,-0.152983,-0.979237,-0.487042,0.850402,-0.199011,98.8794,7.64357,29.4332,0.614654,0.744175,0.213797,-0.15065
369,0,-0.41792,-0.383857,1.63902,0.158086,0.408275,1.24415,0.855183,0.516905,0.0383595,0.138041,-0.155795,-0.978096,-0.499607,0.841746,-0.204588,99.0503,7.93453,30.2939,0.61131,0.744239,0.220006,-0.154939
378,0,-0.420079,-0.385802,1.64746,0.158086,0.408275,1.24415,0.821995,0.568266,0.0373887,0.150876,-0.153995,-0.976485,-0.549145,0.808307,-0.212321,98.9619,8.6777,33.7454,0.603258,0.739647,0.243069,-0.172973
386,0,-0.421986,-0.387901,1.65605,0.158086,0.408275,1.24415,0.78351,0.620292,0.036746,0.161576,-0.146276,-0.975959,-0.600005,0.770611,-0.214833,98.524,9.2984,37.4446,0.596322,0.732226,0.266949,-0.19231
394,0,-0.423357,-0.389639,1.6621,0.158086,0.408275,1.24415,0.767141,0.640333,0.038315,0.171803,-0.147545,-0.97402,-0.618044,0.753793,-0.223199,98.6137,9.89268,38.8565,0.590846,0.731075,0.27772,-0.198245
402,0,-0.425461,-0.391623,1.66898,0.158086,0.408275,1.24415,0.771045,0.635655,0.0378443,0.173842,-0.152951,-0.972823,-0.612592,0.756669,-0.228436,98.9351,10.0113,38.467,0.589419,0.733559,0.27588,-0.195876
411,0,-0.427568,-0.393438,1.67731,0.158086,0.408275,1.24415,0.761059,0.647731,0.0351106,0.173677,-0.151316,-0.973108,-0.625,0.746691,-0.227657,98.8386,10.0017,39.3937,0.587811,0.731442,0.28075,-0.201619
419,0,-0.429673,-0.39551,1.68587,0.158086,0.408275,1.24415,0.746208,0.664576,0.0389015,0.175716,-0.140262,-0.974397,-0.642105,0.733938,-0.221441,98.1913,10.1203,40.7117,0.588325,0.725932,0.289384,-0.207734
426,0,-0.431987,-0.397635,1.69514,0.158086,0.408275,1.24415,0.763501,0.644933,0.0335652,0.16421,-0.143608,-0.975916,-0.62458,0.750625,-0.215549,98.3711,9.45133,39.2848,0.592525,0.728467,0.277687,-0.202828
434,0,-0.433307,-0.397946,1.69836,0.158086,0.408275,1.24415,0.807445,0.589223,0.0291389,0.146714,-0.152719,-0.977319,-0.571408,0.793406,-0.209759,98.8814,8.43654,35.2861,0.601034,0.736533,0.249798,-0.184062
442,0,-0.45035,-0.406911,1.75615,0.158086,0.408275,1.24415,0.821288,0.566062,-0.0711358,0.0587059,-0.207876,-0.976392,-0.567486,0.797723,-0.203957,102.019,3.36554,34.6433,0.593602,0.747182,0.209041,-0.213677
450,0,-0.459966,-0.406552,1.76734,0.158086,0.408275,1.24415,0.816458,0.570809,-0.0870251,0.0512455,-0.221757,-0.973754,-0.575126,0.79057,-0.210307,102.829,2.93744,35.1615,0.588301,0.749754,0.20742,-0.22079
458,0,-0.466432,-0.40119,1.77564,0.158086,0.408275,1.24415,0.806306,0.580637,-0.112831,0.0402206,-0.244134,-0.968907,-0.590129,0.776698,-0.2202,104.142,2.30509,36.2001,0.579218,0.753432,0.20601,-0.233253
466,0,-0.470778,-0.386775,1.7868,0.158086,0.408275,1.24415,0.778435,0.616232,-0.11957,0.05449,-0.256098,-0.965114,-0.625356,0.744763,-0.232934,104.861,3.1236,38.7767,0.567759,0.752906,0.222711,-0.24735
474,0,-0.469907,-0.366453,1.79766,0.158086,0.408275,1.24415,0.75422,0.61976,-0.21691,0.0540516,-0.387822,-0.920148,-0.654394,0.682269,-0.326002,112.854,3.09844,40.9463,0.509999,0.7855,0.214453,-0.277309
482,1,-0.47005,-0.347256,1.8135,0.158086,0.408275,1.24415,0.724625,0.627984,-0.28382,0.0586658,-0.466562,-0.882541,-0.686641,0.622861,-0.374924,117.864,3.36323,43.4583,0.469877,0.800954,0.214322,-0.302908
490,0,-0.467639,-0.328909,1.82124,0.158086,0.408275,1.24415,0.720804,0.602914,-0.341959,0.0295445,-0.519625,-0.853883,-0.692509,0.60538,-0.392361,121.322,1.69302,43.853,0.449672,0.811294,0.194892,-0.318771
499,1,-0.46192,-0.316773,1.82613,0.158086,0.408275,1.24415,0.712461,0.585751,-0.386388,0.00222757,-0.552521,-0.833496,-0.701708,0.592973,-0.394954,123.54,0.12763,44.5644,0.437317,0.815466,0.180258,-0.333581
508,1,-0.460236,-0.313698,1.82649,0.158086,0.408275,1.24415,0.679211,0.614972,-0.400602,0.00358575,-0.548595,-0.83608,-0.733935,0.566438,-0.374817,123.271,0.205449,47.2177,0.434683,0.806632,0.19171,-0.351628
516,1,-0.463053,-0.312617,1.82738,0.158086,0.408275,1.24415,0.688454,0.595823,-0.413552,-0.0121148,-0.56067,-0.827951,-0.725179,0.575016,-0.378777,124.105,-0.694143,46.4881,0.432726,0.81054,0.180037,-0.351226
525,1,-0.463672,-0.314488,1.82873,0.158086,0.408275,1.24415,0.706595,0.60259,-0.370958,0.0273473,-0.547097,-0.836623,-0.70709,0.581008,-0.403055,123.182,1.56708,45.0201,0.434869,0.814976,0.193238,-0.330699
533,1,-0.462147,-0.316691,1.82677,0.158086,0.408275,1.24415,0.714972,0.619596,-0.323907,0.0610803,-0.516869,-0.853883,-0.69648,0.590718,-0.407392,121.187,3.50183,44.2494,0.44461,0.812286,0.209494,-0.314048
541,1,-0.462351,-0.316908,1.82554,0.158086,0.408275,1.24415,0.693325,0.633819,-0.342891,0.090626,-0.548737,-0.831068,-0.714904,0.545126,-0.437893,123.436,5.19962,45.8779,0.420326,0.818528,0.221264,-0.323078
550,1,-0.461972,-0.32028,1.82309,0.158086,0.408275,1.24415,0.701799,0.650014,-0.291479,0.113846,-0.506244,-0.854843,-0.703219,0.566744,-0.429283,120.634,6.53709,45.0579,0.437685,0.811992,0.235181,-0.306252
558,1,-0.457798,-0.319067,1.82971,0.158086,0.408275,1.24415,0.670513,0.640396,-0.374574,0.0485227,-0.541659,-0.839197,-0.740309,0.544517,-0.394263,122.84,2.78124,47.8322,0.428541,0.807223,0.213361,-0.345284
566,1,-0.458367,-0.319203,1.82951,0.158086,0.408275,1.24415,0.638979,0.66713,-0.38294,0.0929121,-0.561118,-0.822505,-0.763592,0.489983,-0.420527,124.302,5.33116,50.0772,0.405381,0.809417,0.23475,-0.354123
574,1,-0.45927,-0.32086,1.83033,0.158086,0.408275,1.24415,0.669432,0.640161,-0.376902,0.102264,-0.581939,-0.806777,-0.735801,0.501538,-0.455034,125.803,5.86957,47.7041,0.397636,0.822558,0.225645,-0.338184
582,1,-0.458608,-0.320277,1.82837,0.158086,0.408275,1.24415,0.6122,0.69321,-0.380357,0.1517,-0.575072,-0.803915,-0.776014,0.434457,-0.457219,125.578,8.72546,51.73,0.380759,0.813095,0.259782,-0.355546
590,1,-0.459928,-0.323683,1.82908,0.158086,0.408275,1.24415,0.716833,0.597859,-0.358769,0.112369,-0.606885,-0.786806,-0.688131,0.523693,-0.502216,127.644,6.45192,43.8297,0.389786,0.840526,0.211245,-0.311383
599,1,-0.460372,-0.323267,1.8285,0.158086,0.408275,1.24415,0.709404,0.610328,-0.352485,0.125027,-0.601163,-0.789285,-0.693624,0.515852,-0.502775,127.295,7.18234,44.3556,0.389059,0.838651,0.219208,-0.311843
607,1,-0.460195,-0.323267,1.82914,0.158086,0.408275,1.24415,0.683756,0.630195,-0.367876,0.141786,-0.609269,-0.780185,-0.715803,0.481296,-0.505944,127.987,8.15123,46.3117,0.377009,0.836506,0.230716,-0.323871
615,1,-0.461469,-0.321625,1.82835,0.158086,0.408275,1.24415,0.654791,0.646104,-0.392171,0.147171,-0.617938,-0.77233,-0.741343,0.447999,-0.499708,128.663,8.46303,48.5474,0.366451,0.832532,0.238212,-0.340382
623,1,-0.459142,-0.322426,1.8264,0.158086,0.408275,1.24415,0.641164,0.678274,-0.358961,0.195268,-0.596561,-0.778451,-0.742145,0.429021,-0.514939,127.465,11.2604,49.1752,0.36389,0.829558,0.263255,-0.331835
632,1,-0.458833,-0.322796,1.82799,0.158086,0.408275,1.24415,0.641371,0.69049,-0.334465,0.199403,-0.570976,-0.796382,-0.740865,0.444083,-0.503894,125.639,11.5021,49.1171,0.376331,0.824051,0.269975,-0.326233
641,1,-0.465242,-0.320268,1.82733,0.158086,0.408275,1.24415,0.653576,0.699902,-0.288056,0.213649,-0.535723,-0.816918,-0.72608,0.472375,-0.499669,123.256,12.3363,48.0083,0.393123,0.819904,0.278554,-0.309224
649,1,-0.465376,-0.319335,1.82474,0.158086,0.408275,1.24415,0.626474,0.728083,-0.278256,0.22835,-0.512771,-0.8276,-0.745243,0.45493,-0.487495,121.782,13.1999,49.9486,0.395666,0.810361,0.295064,-0.315754
657,1,-0.464709,-0.321031,1.82201,0.158086,0.408275,1.24415,0.620266,0.739729,-0.260904,0.224296,-0.485997,-0.844688,-0.751639,0.465411,-0.467366,119.914,12.9615,50.47,0.408321,0.802127,0.300459,-0.315581
666,1,-0.466944,-0.317127,1.8202,0.158086,0.408275,1.24415,0.57422,0.768494,-0.28229,0.225418,-0.479883,-0.847879,-0.787056,0.423236,-0.448791,119.509,13.0275,53.8863,0.40173,0.791027,0.314121,-0.337961
674,1,-0.46754,-0.314523,1.8203,0.158086,0.408275,1.24415,0.510125,0.777306,-0.368196,0.158134,-0.505548,-0.848183,-0.845438,0.374456,-0.380811,120.796,9.09858,58.8938,0.394894,0.774029,0.302133,-0.391986
682,1,-0.467473,-0.314758,1.82094,0.158086,0.408275,1.24415,0.476268,0.793103,-0.379679,0.176446,-0.509216,-0.842357,-0.861415,0.334195,-0.382463,121.154,10.1628,61.0622,0.382292,0.769407,0.315031,-0.403263
690,1,-0.466802,-0.315577,1.82018,0.158086,0.408275,1.24415,0.461335,0.797998,-0.387775,0.202084,-0.520087,-0.829863,-0.863905,0.304481,-0.401197,122.076,11.6588,61.8973,0.367441,0.771787,0.32395,-0.405449
698,1,-0.46903,-0.319739,1.81912,0.158086,0.408275,1.24415,0.428578,0.826146,-0.365792,0.267694,-0.502789,-0.821914,-0.862937,0.254334,-0.436639,121.455,15.5271,63.5887,0.349696,0.769416,0.355412,-0.399241
707,1,-0.473222,-0.316388,1.81569,0.158086,0.408275,1.24415,0.41924,0.841902,-0.339763,0.289666,-0.478722,-0.828805,-0.860425,0.249051,-0.44457,120.011,16.838,64.0224,0.352118,0.765267,0.369665,-0.392081
715,1,-0.472987,-0.315463,1.81599,0.158086,0.408275,1.24415,0.415294,0.846684,-0.332652,0.298595,-0.472292,-0.829326,-0.859286,0.245086,-0.448955,119.661,17.3732,64.2054,0.351442,0.764287,0.374623,-0.389885
724,1,-0.467636,-0.318762,1.81912,0.158086,0.408275,1.24415,0.406162,0.845265,-0.347216,0.259805,-0.471104,-0.842949,-0.87609,0.252165,-0.410948,119.2,15.0585,65.1272,0.361977,0.756342,0.365268,-0.40435
733,1,-0.468322,-0.318023,1.8207,0.158086,0.408275,1.24415,0.370901,0.845599,-0.38392,0.251476,-0.489414,-0.835005,-0.893976,0.213158,-0.394172,120.375,14.5649,67.467,0.34904,0.750747,0.365328,-0.425541
741,1,-0.466977,-0.316326,1.82173,0.158086,0.408275,1.24415,0.345256,0.846662,-0.404921,0.259246,-0.500702,-0.825887,-0.901992,0.180168,-0.392364,121.227,15.0253,69.0546,0.336226,0.748051,0.369596,-0.436773
749,1,-0.463503,-0.316224,1.82157,0.158086,0.408275,1.24415,0.320833,0.832876,-0.45098,0.248419,-0.53348,-0.808509,-0.913977,0.147365,-0.37806,123.418,14.384,70.6574,0.31988,0.747056,0.361852,-0.456778
757,1,-0.463831,-0.31627,1.82058,0.158086,0.408275,1.24415,0.275756,0.855667,-0.43794,0.297502,-0.509209,-0.807588,-0.91403,0.0924096,-0.39498,122.233,17.3076,73.2118,0.304782,0.738232,0.390517,-0.457841
765,1,-0.461851,-0.319164,1.82206,0.158086,0.408275,1.24415,0.262529,0.839058,-0.476508,0.352702,-0.543101,-0.761999,-0.898153,0.0319814,-0.438518,125.479,20.6527,73.7064,0.265005,0.749024,0.397771,-0.458818
773,1,-0.466998,-0.319329,1.81912,0.158086,0.408275,1.24415,0.232999,0.870256,-0.434012,0.47017,-0.491477,-0.73307,-0.851265,-0.033255,-0.523681,123.839,28.0453,74.6925,0.233367,0.749693,0.446991,-0.428601
782,1,-0.467088,-0.321028,1.81858,0.158086,0.408275,1.24415,0.238129,0.862854,-0.445845,0.489821,-0.503089,-0.712023,-0.838671,-0.0488309,-0.542444,125.244,29.3288,74.1489,0.219429,0.755589,0.447556,-0.425005
790,1,-0.466044,-0.321104,1.82105,0.158086,0.408275,1.24415,0.16114,0.83172,-0.531296,0.521236,-0.528849,-0.6698,-0.838061,-0.168999,-0.518742,128.293,31.4152,79.1161,0.168486,0.74309,0.455179,-0.460697
798,1,-0.465818,-0.321071,1.82004,0.158086,0.408275,1.24415,0.190133,0.79875,-0.570831,0.586555,-0.558677,-0.586374,-0.787276,-0.223335,-0.574733,133.614,35.9129,76.4227,0.119082,0.762159,0.454402,-0.44548
807,1,-0.465603,-0.320339,1.81908,0.158086,0.408275,1.24415,0.182727,0.785986,-0.590624,0.592177,-0.56753,-0.572046,-0.784817,-0.245225,-0.569146,134.773,36.3116,76.8934,0.107298,0.761479,0.452462,-0.451569
815,1,-0.466197,-0.321232,1.8193,0.158086,0.408275,1.24415,0.199781,0.786959,-0.583766,0.619506,-0.563033,-0.546997,-0.759144,-0.252367,-0.600009,135.828,38.2801,75.256,0.0958365,0.768574,0.457492,-0.436819
824,1,-0.467103,-0.322806,1.81942,0.158086,0.408275,1.24415,0.228842,0.788963,-0.570235,0.618187,-0.570284,-0.540945,-0.751982,-0.228721,-0.618231,136.512,38.1838,73.074,0.100407,0.777393,0.452522,-0.425209
832,1,-0.468498,-0.323595,1.81685,0.158086,0.408275,1.24415,0.22981,0.792583,-0.5648,0.646032,-0.558269,-0.520556,-0.727894,-0.24525,-0.64033,137.002,40.2431,72.4781,0.0883334,0.779168,0.461587,-0.414768
840,1,-0.46844,-0.323011,1.8187,0.158086,0.408275,1.24415,0.290415,0.785254,-0.54684,0.596312,-0.595454,-0.538374,-0.748379,-0.169735,-0.641185,137.882,36.6062,68.7908,0.115948,0.794836,0.434545,-0.407386
848,1,-0.468678,-0.32372,1.81782,0.158086,0.408275,1.24415,0.323653,0.769821,-0.550114,0.582568,-0.620268,-0.525246,-0.745563,-0.150481,-0.649224,139.742,35.6313,66.534,0.116363,0.805162,0.419912,-0.402303
856,1,-0.467835,-0.323023,1.81793,0.158086,0.408275,1.24415,0.326585,0.767961,-0.55098,0.575999,-0.623899,-0.528181,-0.749378,-0.144868,-0.646101,139.749,35.1696,66.452,0.118939,0.805696,0.417018,-0.403489
865,1,-0.468343,-0.322888,1.81766,0.158086,0.408275,1.24415,0.331966,0.765979,-0.550522,0.561424,-0.629432,-0.537232,-0.758025,-0.130733,-0.638989,139.519,34.1543,66.3497,0.126041,0.806286,0.41158,-0.405733
873,1,-0.467937,-0.322574,1.81827,0.158086,0.408275,1.24415,0.352781,0.747961,-0.562227,0.527337,-0.655275,-0.54086,-0.772956,-0.105678,-0.625596,140.464,31.8257,65.4678,0.134079,0.811427,0.392919,-0.411369
882,1,-0.467261,-0.322134,1.81742,0.158086,0.408275,1.24415,0.384933,0.72973,-0.565085,0.501353,-0.67938,-0.535806,-0.774901,-0.0770581,-0.627368,141.738,30.0896,63.5841,0.139808,0.820317,0.375185,-0.408375
890,1,-0.46709,-0.321845,1.81552,0.158086,0.408275,1.24415,0.321575,0.768359,-0.553366,0.56359,-0.624931,-0.540211,-0.760891,-0.138153,-0.634002,139.159,34.3044,67.0896,0.125143,0.803198,0.414577,-0.40907
898,1,-0.468153,-0.322617,1.816,0.158086,0.408275,1.24415,0.328584,0.774074,-0.541149,0.572848,-0.61888,-0.537431,-0.750918,-0.133405,-0.646781,139.029,34.9491,66.367,0.125422,0.805333,0.418126,-0.401097
907,1,-0.468769,-0.322787,1.81521,0.158086,0.408275,1.24415,0.335503,0.778432,-0.530548,0.573622,-0.615556,-0.540416,-0.747259,-0.123023,-0.653046,138.719,35.0032,65.821,0.129326,0.806862,0.418924,-0.395919
916,0,-0.468612,-0.323431,1.816,0.158086,0.408275,1.24415,0.36651,0.75344,-0.545893,0.559058,-0.647329,-0.518092,-0.743723,-0.1153,-0.658469,141.328,33.9907,63.7657,0.123199,0.81736,0.401444,-0.394446
924,0,-0.468193,-0.322679,1.81628,0.158086,0.408275,1.24415,0.344564,0.766618,-0.541823,0.562789,-0.630637,-0.534383,-0.751362,-0.120803,-0.648739,139.723,34.2489,65.3645,0.127659,0.809929,0.410347,-0.399166
932,1,-0.467789,-0.322789,1.8165,0.158086,0.408275,1.24415,0.31732,0.766767,-0.558011,0.575925,-0.623298,-0.528971,-0.753405,-0.153519,-0.639385,139.68,35.1644,67.1601,0.116873,0.803119,0.417961,-0.408226
940,0,-0.468012,-0.322952,1.81708,0.158086,0.408275,1.24415,0.290824,0.774224,-0.562138,0.585493,-0.608693,-0.535436,-0.756716,-0.17341,-0.630325,138.664,35.8378,68.977,0.113806,0.795274,0.427437,-0.414591
948,1,-0.467817,-0.322777,1.81692,0.158086,0.408275,1.24415,0.282088,0.779702,-0.55901,0.600245,-0.597978,-0.531157,-0.74842,-0.18571,-0.636695,138.387,36.8875,69.348,0.108876,0.793215,0.434922,-0.412066
956,1,-0.468068,-0.322827,1.81627,0.158086,0.408275,1.24415,0.272248,0.786808,-0.553909,0.618689,-0.584021,-0.525493,-0.736956,-0.199633,-0.645788,138.02,38.2205,69.7246,0.103004,0.790895,0.444274,-0.408039
965,1,-0.467753,-0.322989,1.81566,0.158086,0.408275,1.24415,0.246147,0.792323,-0.558243,0.640219,-0.565341,-0.520105,-0.727689,-0.229376,-0.646417,137.386,39.8081,71.3115,0.0927206,0.783885,0.456872,-0.410115
973,1,-0.468824,-0.323395,1.81434,0.158086,0.408275,1.24415,0.16282,0.829864,-0.533681,0.706444,-0.475656,-0.524107,-0.688786,-0.291681,-0.663698,132.225,44.9463,76.7002,0.0765926,0.758646,0.506266,-0.402845
982,1,-0.469254,-0.324081,1.81649,0.158086,0.408275,1.24415,0.0903592,0.840493,-0.534234,0.760948,-0.404332,-0.507418,-0.64249,-0.360675,-0.676107,128.549,49.5479,81.9945,0.0497988,0.736682,0.543465,-0.399333
990,0,-0.467952,-0.323043,1.81448,0.158086,0.408275,1.24415,0.101967,0.828657,-0.55039,0.713531,-0.446443,-0.539965,-0.693164,-0.337662,-0.636795,129.584,45.5229,81.6316,0.0684268,0.739122,0.521629,-0.420619
999,1,-0.467549,-0.322622,1.81553,0.158086,0.408275,1.24415,-0.0470159,0.828988,-0.557287,0.784252,-0.314899,-0.53459,-0.618658,-0.462188,-0.63533,120.5,51.6516,94.3459,0.026241,0.689785,0.584689,-0.4262
1007,1,-0.469388,-0.323835,1.81334,0.158086,0.408275,1.24415,-0.129977,0.846436,-0.516383,0.834959,-0.187438,-0.517407,-0.534742,-0.49841,-0.682377,109.914,56.6116,103.662,0.00720115,0.659515,0.637361,-0.398446
1015,1,-0.469116,-0.323289,1.81386,0.158086,0.408275,1.24415,-0.165204,0.839248,-0.518045,0.836414,-0.159111,-0.524496,-0.522609,-0.519948,-0.675673,106.876,56.7633,107.542,0.00175971,0.646061,0.648414,-0.402692
1023,0,-0.468523,-0.323079,1.8148,0.158086,0.408275,1.24415,-0.18308,0.82287,-0.537928,0.830477,-0.163372,-0.532557,-0.526107,-0.544238,-0.653465,107.054,56.1478,109.187,0.00456934,-0.639092,-0.646756,0.416229
1031,0,-0.46786,-0.323087,1.81165,0.158086,0.408275,1.24415,-0.224406,0.814194,-0.535471,0.847381,-0.108317,-0.51982,-0.481235,-0.570399,-0.665626,101.771,57.9279,115,0.0203159,-0.622402,-0.667404,0.40838
1039,1,-0.467814,-0.323002,1.8143,0.158086,0.408275,1.24415,-0.26007,0.798,-0.543654,0.847896,-0.0806495,-0.523992,-0.461991,-0.597236,-0.655647,98.7499,57.9836,119.377,0.0301417,-0.6075,-0.677323,0.413845
1047,1,-0.468698,-0.323434,1.81432,0.158086,0.408275,1.24415,-0.26406,0.799164,-0.540009,0.851879,-0.069309,-0.519133,-0.4523,-0.597104,-0.662489,97.6045,58.4166,120.277,0.0321795,-0.605751,-0.681403,0.409536
1055,1,-0.467417,-0.322116,1.81453,0.158086,0.408275,1.24415,-0.339496,0.760497,-0.553522,0.835829,-0.0260042,-0.548374,-0.431431,-0.64882,-0.626817,92.715,56.7022,128.199,0.0438247,-0.573002,-0.696475,0.429733
1063,1,-0.467252,-0.321744,1.81422,0.158086,0.408275,1.24415,-0.369085,0.746104,-0.554171,0.828663,-0.00580644,-0.559718,-0.420826,-0.665804,-0.616125,90.5944,55.9616,131.252,0.0473892,-0.559653,-0.703456,0.435536
1071,1,-0.466939,-0.321323,1.81341,0.158086,0.408275,1.24415,-0.364077,0.748202,-0.554654,0.832728,-0.00522669,-0.553657,-0.417147,-0.66345,-0.621146,90.5409,56.38,131.114,0.0488611,-0.56176,-0.703562,0.432481
1079,1,-0.467416,-0.321769,1.81569,0.158086,0.408275,1.24415,-0.371082,0.750021,-0.547509,0.839474,0.018903,-0.543071,-0.396965,-0.661143,-0.636638,88.0065,57.0846,133.07,0.0528743,-0.558268,-0.711798,0.422948
1086,1,-0.469299,-0.324268,1.81251,0.158086,0.408275,1.24415,-0.43103,0.726762,-0.534819,0.845184,0.117582,-0.521382,-0.316035,-0.676751,-0.664929,77.2912,57.6916,143.751,0.0735259,-0.528279,-0.743899,0.402653
1095,1,-0.469571,-0.324587,1.81209,0.158086,0.408275,1.24415,-0.477976,0.695525,-0.536454,0.842328,0.189787,-0.504445,-0.249042,-0.692983,-0.676574,69.3822,57.3868,152.479,0.0938566,-0.502198,-0.765562,0.391029
1103,1,-0.469694,-0.325271,1.81295,0.158086,0.408275,1.24415,-0.445835,0.720653,-0.530933,0.854378,0.165702,-0.492525,-0.266963,-0.673202,-0.689586,71.4053,58.6911,149.087,0.087007,-0.519146,-0.758473,0.384235
1111,1,-0.470258,-0.32474,1.81236,0.158086,0.408275,1.24415,-0.505335,0.700243,-0.504278,0.830366,0.235589,-0.504966,-0.234796,-0.673912,-0.700509,64.9889,56.1363,155.079,0.0862338,-0.489792,-0.781254,0.377239
1119,1,-0.470082,-0.32513,1.81097,0.158086,0.408275,1.24415,-0.559828,0.642727,-0.522967,0.8119,0.299378,-0.50119,-0.165564,-0.705177,-0.68943,59.1487,54.282,163.525,0.111937,-0.455583,-0.798222,0.377829
1127,1,-0.469814,-0.324241,1.81076,0.158086,0.408275,1.24415,-0.640475,0.558978,-0.526627,0.763098,0.386023,-0.518331,-0.0864458,-0.733846,-0.673793,53.3234,49.7381,172.313,0.133936,-0.402273,-0.821628,0.381005
1135,1,-0.469815,-0.324443,1.81281,0.158086,0.408275,1.24415,-0.660455,0.532893,-0.528984,0.74872,0.414174,-0.517569,-0.056717,-0.737892,-0.672531,51.3321,48.4796,175.092,0.142467,-0.38662,-0.828728,0.378731
1143,0,-0.470459,-0.325199,1.8133,0.158086,0.408275,1.24415,-0.655497,0.54803,-0.519602,0.75269,0.418072,-0.5086,-0.0614973,-0.724485,-0.686541,50.5797,48.8239,174.64,0.137871,-0.391463,-0.830679,0.371108
1151,1,-0.470152,-0.325069,1.81178,0.158086,0.408275,1.24415