133,0,-0.335251,-0.387504,1.45764,-nan,-nan,-nan,0.813947,0.580388,0.0252909,0.19298,-0.229064,-0.95409,-0.547949,0.78146,-0.29845,103.5,11.1268,33.9484,0.567105,0.765092,0.252704,-0.170783
142,0,-0.334116,-0.386165,1.45834,-nan,-nan,-nan,0.802248,0.596356,0.0275424,0.172576,-0.187498,-0.966986,-0.571503,0.780516,-0.253336,100.973,9.93762,35.4652,0.583398,0.748846,0.256705,-0.1816
150,0,-0.317431,-0.387537,1.46231,-nan,-nan,-nan,0.79864,0.599535,0.0522633,0.194546,-0.175019,-0.965153,-0.569496,0.780977,-0.256414,100.278,11.2182,35.492,0.584638,0.746671,0.265874,-0.17318
159,0,-0.322166,-0.387811,1.46431,-nan,-nan,-nan,0.807733,0.588082,0.0415681,0.174265,-0.170806,-0.969772,-0.563205,0.79056,-0.240448,99.9891,10.0359,34.8868,0.590863,0.744813,0.255885,-0.17509
168,0,-0.325562,-0.390117,1.47459,-nan,-nan,-nan,0.805897,0.590442,0.0436746,0.177442,-0.170496,-0.96925,-0.56484,0.788866,-0.242171,99.9766,10.2208,35.026,0.590176,0.744742,0.257768,-0.174948
176,0,-0.321462,-0.392746,1.48308,-nan,-nan,-nan,0.816042,0.576615,0.0398847,0.17071,-0.174515,-0.969744,-0.552209,0.79816,-0.240845,100.202,9.82907,34.0859,0.591752,0.746894,0.250144,-0.171485
185,0,-0.322318,-0.394146,1.48794,-nan,-nan,-nan,0.822389,0.568431,0.0237023,0.156873,-0.186519,-0.969846,-0.54687,0.801309,-0.242563,100.886,9.02546,33.623,0.590192,0.750245,0.241689,-0.174332
193,0,-0.323226,-0.395313,1.49233,-nan,-nan,-nan,0.825976,0.563122,0.0256522,0.159755,-0.1902,-0.96866,-0.540594,0.804188,-0.247062,101.109,9.19268,33.2044,0.589219,0.752203,0.240253,-0.171145
202,0,-0.324985,-0.3975,1.49999,-nan,-nan,-nan,0.826316,0.562699,0.0238974,0.160584,-0.194721,-0.967624,-0.539828,0.803401,-0.251261,101.378,9.24078,33.1564,0.587438,0.753707,0.239909,-0.171131
210,0,-0.327028,-0.39832,1.51063,-nan,-nan,-nan,0.810376,0.585459,0.0229682,0.165963,-0.191773,-0.967305,-0.561913,0.787693,-0.252573,101.214,9.55319,34.7373,0.584387,0.750787,0.250212,-0.17946
219,0,-0.331572,-0.393512,1.53158,-nan,-nan,-nan,0.776623,0.629717,0.0176929,0.168022,-0.179988,-0.969213,-0.607146,0.755685,-0.245589,100.52,9.67283,38.0175,0.581172,0.741991,0.268784,-0.198605
228,0,-0.332376,-0.380473,1.54474,-nan,-nan,-nan,0.732934,0.680051,-0.018397,0.176364,-0.216057,-0.96032,-0.657041,0.700607,-0.278292,102.68,10.158,41.8747,0.556459,0.746204,0.286924,-0.226291
237,0,-0.333681,-0.374031,1.55625,-nan,-nan,-nan,0.747892,0.663678,0.0137414,0.189704,-0.193847,-0.962515,-0.636136,0.722465,-0.270878,101.387,10.9355,40.3836,0.566385,0.743743,0.286853,-0.20921
245,0,-0.335566,-0.368322,1.56723,-nan,-nan,-nan,0.778836,0.627225,-0.0018473,0.156476,-0.197149,-0.967806,-0.607396,0.753473,-0.251692,101.514,9.00238,37.9498,0.576627,0.74627,0.262539,-0.204096
253,0,-0.337294,-0.358803,1.57193,-nan,-nan,-nan,0.763255,0.646028,-0.00944607,0.155497,-0.197865,-0.967817,-0.627106,0.737223,-0.251477,101.555,8.94564,39.4072,0.57313,0.74374,0.269424,-0.21397
261,0,-0.340431,-0.352196,1.59544,-nan,-nan,-nan,0.748083,0.66345,0.0143508,0.146049,-0.143508,-0.978813,-0.647334,0.734329,-0.204252,98.3409,8.39805,40.8704,0.591676,0.723851,0.279581,-0.218617
269,0,-0.342924,-0.343396,1.60619,-nan,-nan,-nan,0.73835,0.67335,0.0379388,0.161353,-0.121748,-0.979358,-0.654832,0.729231,-0.198539,97.0863,9.28541,41.5693,0.595412,0.717398,0.290878,-0.214976
278,0,-0.347067,-0.347631,1.62001,-nan,-nan,-nan,0.726196,0.685983,0.0454581,0.190183,-0.13691,-0.972155,-0.660659,0.714621,-0.229886,98.0163,10.9635,42.2944,0.582966,0.723359,0.302812,-0.212619
286,0,-0.348603,-0.349422,1.62976,-nan,-nan,-nan,0.717681,0.694545,0.0504042,0.20005,-0.1363,-0.970259,-0.667019,0.70642,-0.236764,97.9965,11.5399,42.9046,0.579788,0.722971,0.309347,-0.213223
295,0,-0.352292,-0.350622,1.63714,-nan,-nan,-nan,0.709245,0.703959,0.0376002,0.185175,-0.134571,-0.973448,-0.680208,0.697375,-0.2258,97.8708,10.6713,43.8028,0.580705,0.719308,0.309024,-0.223342
303,0,-0.350549,-0.360666,1.64636,-nan,-nan,-nan,0.725732,0.687932,-0.00796829,0.128676,-0.147106,-0.980715,-0.675837,0.710711,-0.19528,98.5307,7.39309,42.9612,0.588079,0.719048,0.28392,-0.237747
311,1,-0.352521,-0.370546,1.65104,-nan,-nan,-nan,0.727653,0.685689,-0.018757,0.113172,-0.146979,-0.982644,-0.676545,0.712901,-0.184551,98.5069,6.49822,42.9155,0.590788,0.717493,0.278352,-0.242268
319,0,-0.354064,-0.378262,1.65661,-nan,-nan,-nan,0.736035,0.676896,-0.00801662,0.122744,-0.145095,-0.981775,-0.665723,0.721636,-0.18988,98.4068,7.05049,42.1285,0.591832,0.71955,0.277826,-0.234084
328,0,-0.364305,-0.38775,1.65736,-nan,-nan,-nan,0.757991,0.651931,0.0208924,0.134402,-0.124764,-0.983041,-0.638268,0.747944,-0.182191,97.2331,7.72405,40.0992,0.602295,0.718496,0.273604,-0.214815
337,0,-0.367857,-0.389297,1.6601,-nan,-nan,-nan,0.790823,0.611372,0.0286931,0.117856,-0.106111,-0.987345,-0.60059,0.784197,-0.155968,96.1341,6.76836,37.2148,0.618212,0.716398,0.254477,-0.199574
346,0,-0.367901,-0.389484,1.66387,-nan,-nan,-nan,0.813336,0.580901,0.0322338,0.117269,-0.10942,-0.987054,-0.569854,0.806586,-0.157117,96.3257,6.73449,35.0165,0.621852,0.721088,0.242054,-0.186392
354,0,-0.367717,-0.38991,1.66652,-nan,-nan,-nan,0.835682,0.548305,0.0315742,0.121762,-0.128908,-0.984153,-0.535546,0.826283,-0.174489,97.4623,6.99383,32.6537,0.618928,0.73128,0.229074,-0.172291
363,1,-0.36816,-0.388906,1.67152,-nan,-nan,-nan,0.856323,0.515821,0.0252915,0.124011,-0.157839,-0.979647,-0.50133,0.842031,-0.199128,99.1527,7.12364,30.3466,0.612241,0.743857,0.215039,-0.15999
371,1,-0.369362,-0.38992,1.67653,-nan,-nan,-nan,0.86637,0.498251,0.033884,0.134421,-0.167313,-0.976697,-0.480972,0.850736,-0.21193,99.7207,7.72513,29.0372,0.609739,0.749268,0.211097,-0.149175
380,1,-0.371553,-0.385574,1.68418,-nan,-nan,-nan,0.862212,0.504954,0.0401508,0.147746,-0.174876,-0.973442,-0.484522,0.845246,-0.225385,100.184,8.49635,29.3339,0.604556,0.752076,0.216966,-0.147715
388,0,-0.372854,-0.385412,1.69044,-nan,-nan,-nan,0.857506,0.513127,0.0371946,0.149323,-0.179051,-0.972442,-0.492326,0.839429,-0.230159,100.433,8.58771,29.8617,0.601726,0.752781,0.220001,-0.15115
396,1,-0.373872,-0.386649,1.69581,-nan,-nan,-nan,0.841398,0.539527,0.0309992,0.153135,-0.183019,-0.97111,-0.518266,0.821836,-0.236612,100.673,8.80863,31.6314,0.596189,0.751836,0.230323,-0.162026
405,0,-0.375314,-0.388382,1.70298,-nan,-nan,-nan,0.830176,0.556895,0.0259839,0.157788,-0.190005,-0.969021,-0.534706,0.808558,-0.245609,101.094,9.07853,32.7851,0.590458,0.752627,0.237396,-0.168982
412,0,-0.376644,-0.389862,1.70775,-nan,-nan,-nan,0.827656,0.560707,0.0243645,0.158514,-0.191896,-0.968529,-0.538386,0.805471,-0.247704,101.207,9.12066,33.0438,0.589079,0.75287,0.238826,-0.170687
421,0,-0.377405,-0.390311,1.7124,-nan,-nan,-nan,0.816079,0.577069,0.0317328,0.159778,-0.172507,-0.971963,-0.555416,0.798269,-0.232982,100.064,9.19401,34.2388,0.593841,0.745246,0.247182,-0.175674
428,0,-0.380395,-0.39888,1.73667,-nan,-nan,-nan,0.796042,0.604411,0.0316949,0.152861,-0.150105,-0.976781,-0.585619,0.782404,-0.211881,98.7365,8.79277,36.3406,0.598761,0.734511,0.257747,-0.188535
436,0,-0.382755,-0.401882,1.74768,-nan,-nan,-nan,0.792513,0.608093,0.0463276,0.159496,-0.133346,-0.978151,-0.58863,0.782586,-0.202667,97.763,9.17763,36.6027,0.603428,0.729473,0.263063,-0.185854
445,0,-0.384111,-0.406479,1.75863,-nan,-nan,-nan,0.802365,0.596833,-0.000723741,0.130194,-0.176212,-0.975704,-0.58246,0.782777,-0.219091,100.237,7.48081,35.977,0.593098,0.741227,0.245211,-0.196695
454,0,-0.389928,-0.408376,1.76481,-nan,-nan,-nan,0.770558,0.637326,-0.00742481,0.14042,-0.181114,-0.973386,-0.621709,0.749008,-0.229053,100.54,8.07215,38.8976,0.583179,0.738364,0.263334,-0.213016
462,0,-0.386215,-0.409052,1.76901,-nan,-nan,-nan,0.769287,0.638901,-0.00165025,0.140834,-0.172094,-0.974961,-0.623187,0.749793,-0.222369,100.01,8.09613,39.0104,0.586265,0.735485,0.265041,-0.21239
470,0,-0.386369,-0.410721,1.77556,-nan,-nan,-nan,0.767814,0.640667,-0.00271648,0.139232,-0.171,-0.975384,-0.62536,0.748535,-0.220497,99.9438,8.00341,39.1617,0.586583,0.73473,0.265369,-0.21371
479,0,-0.388882,-0.412608,1.78681,-nan,-nan,-nan,0.74575,0.666221,0.00250258,0.138494,-0.15135,-0.97873,-0.651672,0.730234,-0.205137,98.7906,7.96072,41.1485,0.589335,0.724955,0.277505,-0.223866
487,0,-0.391683,-0.414643,1.79934,-nan,-nan,-nan,0.69715,0.716879,-0.00813127,0.133275,-0.140734,-0.981036,-0.704429,0.682846,-0.193655,98.1637,7.65887,45.2975,0.583687,0.71266,0.298233,-0.249965
496,1,-0.393497,-0.416327,1.80648,-nan,-nan,-nan,0.687512,0.725828,-0.022375,0.115419,-0.139643,-0.983452,-0.716942,0.673553,-0.17978,98.0815,6.62779,46.2004,0.584827,0.708332,0.296911,-0.260936
504,0,-0.400835,-0.419614,1.82395,-nan,-nan,-nan,0.624521,0.780201,-0.0354995,0.093695,-0.119969,-0.988346,-0.775368,0.613917,-0.148024,96.9209,5.37621,51.1503,0.58235,0.687843,0.317622,-0.294714
512,0,-0.410767,-0.419453,1.82949,-nan,-nan,-nan,0.62674,0.777916,-0.0452015,0.0684543,-0.112749,-0.991263,-0.776216,0.61817,-0.123916,96.4891,3.92521,51.0816,0.589507,0.682533,0.310011,-0.300871
520,0,-0.430684,-0.421147,1.83348,-nan,-nan,-nan,0.646634,0.761406,-0.0461063,0.0702411,-0.119622,-0.990332,-0.75956,0.637143,-0.130834,96.8874,4.02783,49.5914,0.5908,0.688674,0.301901,-0.29247
528,0,-0.448209,-0.423024,1.83245,-nan,-nan,-nan,0.65275,0.7575,-0.0105405,0.118516,-0.11585,-0.986171,-0.748245,0.642474,-0.165397,96.7001,6.80646,48.8994,0.585556,0.695341,0.314959,-0.272811
537,1,-0.467996,-0.420138,1.83211,-nan,-nan,-nan,0.6574,0.753341,0.017368,0.161806,-0.118614,-0.979668,-0.735965,0.646844,-0.199872,96.9035,9.31175,48.2272,0.578557,0.702831,0.325522,-0.255608
545,0,-0.481607,-0.417176,1.82945,-nan,-nan,-nan,0.659684,0.750304,0.0431303,0.204627,-0.1241,-0.970941,-0.723149,0.64934,-0.235399,97.2837,11.8077,47.6277,0.570128,0.71049,0.336012,-0.239278
554,0,-0.481575,-0.419204,1.83023,-nan,-nan,-nan,0.609269,0.790944,0.056567,0.189722,-0.076136,-0.978881,-0.769933,0.607134,-0.196447,94.4474,10.9366,51.6445,0.578076,0.685903,0.357436,-0.26001
562,0,-0.480545,-0.417903,1.82972,-nan,-nan,-nan,0.585623,0.808001,0.0646503,0.202708,-0.0687608,-0.976822,-0.784828,0.585155,-0.204056,94.0265,11.6954,53.2704,0.572889,0.681623,0.3707,-0.264141
571,0,-0.48006,-0.418415,1.83003,-nan,-nan,-nan,0.561897,0.825455,0.0538148,0.22732,-0.0915334,-0.969509,-0.79536,0.556997,-0.239075,95.3934,13.1394,54.76,0.554817,0.687842,0.382637,-0.269519
579,0,-0.480155,-0.418777,1.82995,-nan,-nan,-nan,0.545403,0.837087,0.0426711,0.242931,-0.109147,-0.963884,-0.802197,0.536071,-0.262883,96.4604,14.0596,55.7888,0.541612,0.692357,0.389979,-0.274254
588,0,-0.478702,-0.417851,1.83,-0.185256,0.194675,1.09909,0.531276,0.847119,0.0116502,0.228634,-0.130121,-0.964777,-0.815765,0.515227,-0.26281,97.6812,13.2167,56.9254,0.533466,0.693579,0.387754,-0.289842
596,0,-0.479049,-0.419092,1.82928,-0.185256,0.194675,1.09909,0.488525,0.872119,0.0274318,0.253989,-0.112056,-0.960694,-0.834765,0.47629,-0.27625,96.653,14.7137,59.6628,0.524456,0.684987,0.410996,-0.294653
604,0,-0.479694,-0.419059,1.82986,-0.185256,0.194675,1.09909,0.482148,0.875668,0.0271703,0.237763,-0.100939,-0.966064,-0.843209,0.472246,-0.256869,95.9649,13.7546,60.239,0.530174,0.678225,0.410421,-0.3008
613,0,-0.481747,-0.414976,1.82907,-0.185256,0.194675,1.09909,0.368735,0.929033,-0.0305397,0.206764,-0.114008,-0.971726,-0.906247,0.351995,-0.23413,96.6917,11.9328,67.8595,0.505123,0.655147,0.433413,-0.357472
621,0,-0.479834,-0.416301,1.82981,-0.185256,0.194675,1.09909,0.300945,0.953638,0.00249405,0.219604,-0.0667562,-0.973302,-0.928012,0.293458,-0.229513,93.9236,12.6858,72.0327,0.501168,0.631905,0.464169,-0.366162
629,0,-0.473452,-0.417066,1.82939,-0.185256,0.194675,1.09909,0.319782,0.947457,0.00802065,0.239359,-0.0725913,-0.968214,-0.916759,0.311537,-0.249996,94.2877,13.8487,70.7703,0.499298,0.640775,0.46304,-0.354547
638,0,-0.476969,-0.418284,1.8305,-0.185256,0.194675,1.09909,0.233138,0.971103,0.0510406,0.244878,-0.00783175,-0.969522,-0.941106,0.238532,-0.239628,90.4628,14.1746,76.0863,0.496407,0.608399,0.499664,-0.365741
647,1,-0.47823,-0.421457,1.82876,-0.185256,0.194675,1.09909,0.188185,0.978884,0.0798316,0.219552,0.037298,-0.974888,-0.957279,0.200987,-0.207897,87.809,12.6827,78.8784,0.504377,0.582834,0.514055,-0.376371
655,1,-0.478353,-0.421603,1.82691,-0.185256,0.194675,1.09909,0.180798,0.98067,0.0748268,0.201159,0.0376009,-0.978837,-0.962729,0.192024,-0.190472,87.8001,11.6047,79.3639,0.506934,0.577423,0.511682,-0.384424
663,1,-0.479501,-0.421466,1.82693,-0.185256,0.194675,1.09909,0.207366,0.975811,0.0692229,0.220916,0.0222222,-0.97504,-0.952993,0.217483,-0.210964,88.6944,12.7628,77.7241,0.504635,0.590785,0.506414,-0.373981
672,1,-0.479694,-0.42021,1.82812,-0.185256,0.194675,1.09909,0.166026,0.983658,0.0696576,0.209065,0.0339213,-0.977313,-0.963705,0.176822,-0.200017,88.0121,12.0676,80.2251,0.499983,0.577088,0.516699,-0.38731
680,1,-0.478725,-0.42081,1.82884,-0.185256,0.194675,1.09909,0.257755,0.964327,0.0602964,0.247044,-0.00544451,-0.968989,-0.934094,0.264658,-0.239634,90.3219,14.3026,74.5736,0.503159,0.612951,0.494073,-0.35639
688,1,-0.47851,-0.419258,1.83072,-0.185256,0.194675,1.09909,0.274406,0.960588,0.0444121,0.255815,-0.0284006,-0.966308,-0.926963,0.276522,-0.253526,91.6835,14.8219,73.5098,0.498116,0.623765,0.487524,-0.353719
695,1,-0.478207,-0.417172,1.82942,-0.185256,0.194675,1.09909,0.271069,0.961915,0.0352321,0.252706,-0.0357989,-0.966881,-0.928796,0.270995,-0.252785,92.1204,14.6377,73.7301,0.495602,0.62443,0.486291,-0.357751
704,1,-0.477714,-0.417846,1.82886,-0.185256,0.194675,1.09909,0.270899,0.962223,0.0271984,0.261333,-0.0463218,-0.964137,-0.926455,0.268291,-0.26401,92.7507,15.1492,73.7009,0.490043,0.628735,0.486515,-0.357566
712,1,-0.475468,-0.417917,1.82864,-0.185256,0.194675,1.09909,0.263059,0.963975,0.0394002,0.252152,-0.0292759,-0.967245,-0.931246,0.264378,-0.250769,91.7337,14.6049,74.226,0.495735,0.621109,0.489498,-0.358973
721,1,-0.47403,-0.417737,1.82849,-0.185256,0.194675,1.09909,0.294051,0.954866,0.0420068,0.253818,-0.0356405,-0.966595,-0.921472,0.29489,-0.252842,92.1117,14.7035,72.3016,0.50139,0.628994,0.480404,-0.349552
729,1,-0.472799,-0.418356,1.82829,-0.185256,0.194675,1.09909,0.195362,0.980223,0.0315549,0.252802,-0.0192447,-0.967327,-0.947589,0.196956,-0.251562,91.1397,14.6434,78.3507,0.480769,0.605427,0.509155,-0.378259
737,0,-0.47449,-0.415049,1.82802,-0.185256,0.194675,1.09909,0.0593426,0.998111,-0.0159135,0.247826,-0.0301733,-0.968334,-0.966985,0.0535196,-0.249149,91.7848,14.3489,86.4882,0.441594,0.578503,0.538431,-0.424759
745,0,-0.475149,-0.417574,1.8288,-0.185256,0.194675,1.09909,0.0672039,0.997666,0.0120817,0.25458,-0.00543798,-0.967037,-0.964714,0.0680644,-0.254351,90.3222,14.7487,86.0151,0.449281,0.575976,0.543532,-0.413486
754,0,-0.47488,-0.417943,1.8292,-0.185256,0.194675,1.09909,-0.0287753,0.998591,0.0445961,0.23541,0.0501297,-0.970603,-0.97147,-0.0174311,-0.23652,87.0434,13.6158,91.6966,0.442954,0.537963,0.57346,-0.430733
762,0,-0.474354,-0.417183,1.82801,-0.185256,0.194675,1.09909,-0.0424883,0.99655,0.0712963,0.228874,0.0791716,-0.970231,-0.972528,-0.0249055,-0.231448,85.335,13.2308,92.5016,0.448674,0.526732,0.581616,-0.427747
770,0,-0.476082,-0.41658,1.8278,-0.185256,0.194675,1.09909,-0.00550328,0.996353,0.0851531,0.211153,0.0843922,-0.973803,-0.977438,0.0126212,-0.210847,85.047,12.1899,90.3226,0.465844,0.529375,0.57025,-0.421386
778,1,-0.474151,-0.419561,1.82666,-0.185256,0.194675,1.09909,-0.0334149,0.99427,0.101543,0.231288,0.106535,-0.967035,-0.972311,-0.00882775,-0.233522,83.7133,13.3729,91.9683,0.458148,0.52287,0.585976,-0.416341
786,1,-0.475608,-0.41919,1.82684,-0.185256,0.194675,1.09909,0.140284,0.988611,0.0544897,0.231788,0.0207137,-0.972546,-0.962598,0.149062,-0.226242,88.7799,13.4023,81.7084,0.483414,0.580046,0.525992,-0.391395
794,1,-0.474426,-0.417,1.8268,-0.185256,0.194675,1.09909,-0.25703,0.964713,0.0571325,0.184871,0.10711,-0.976909,-0.948556,-0.240532,-0.205878,83.743,10.6536,105.161,0.401311,0.458731,0.626502,-0.485809
802,1,-0.474158,-0.41748,1.82762,-0.185256,0.194675,1.09909,-0.29624,0.954377,0.0374966,0.202939,0.101258,-0.973942,-0.933305,-0.280911,-0.223677,84.0644,11.7089,107.61,0.381228,0.454472,0.636627,-0.492774
810,1,-0.474378,-0.41789,1.82715,-0.185256,0.194675,1.09909,-0.324576,0.945759,0.0138037,0.232498,0.0939205,-0.968051,-0.91684,-0.310997,-0.250372,84.4585,13.4442,109.495,0.360199,0.456036,0.645923,-0.495046
819,1,-0.475496,-0.417815,1.82678,-0.185256,0.194675,1.09909,-0.341186,0.939952,0.00902993,0.226935,0.0916882,-0.969584,-0.912191,-0.32876,-0.244591,84.5979,13.1167,110.507,0.355637,0.450477,0.647585,-0.501225
827,1,-0.473324,-0.414199,1.82688,-0.185256,0.194675,1.09909,-0.291712,0.955866,-0.0349824,0.225999,0.0333408,-0.973557,-0.929424,-0.291904,-0.225751,88.0386,13.0617,107.425,0.359123,0.474526,0.622656,-0.508089
835,1,-0.47312,-0.415544,1.82736,-0.185256,0.194675,1.09909,-0.407243,0.913311,-0.00406021,0.221644,0.0945159,-0.970536,-0.886018,-0.396144,-0.240921,84.4378,12.8056,114.685,0.334048,0.429873,0.660053,-0.51764
843,1,-0.473785,-0.415325,1.82698,-0.185256,0.194675,1.09909,-0.274032,0.96162,-0.0138915,0.216878,0.0477184,-0.975032,-0.936947,-0.270203,-0.221631,87.1982,12.5258,106.303,0.371502,0.47431,0.621165,-0.501169
851,0,-0.473335,-0.416431,1.82678,-0.185256,0.194675,1.09909,-0.249844,0.968196,-0.0132003,0.217499,0.042831,-0.97512,-0.943543,-0.246499,-0.221282,87.485,12.5622,104.831,0.378056,0.481821,0.615215,-0.49642
859,0,-0.472701,-0.414843,1.8277,-0.185256,0.194675,1.09909,-0.179037,0.983071,-0.0389576,0.245176,0.00623312,-0.969459,-0.952804,-0.18312,-0.242141,89.6316,14.1922,100.642,0.382445,0.514021,0.597371,-0.482354
866,0,-0.473806,-0.416969,1.82706,-0.185256,0.194675,1.09909,-0.161314,0.986796,-0.014523,0.245702,0.0259043,-0.968999,-0.955829,-0.159881,-0.246636,88.4687,14.2233,99.5795,0.39305,0.51464,0.598718,-0.471374
874,1,-0.473772,-0.419246,1.82631,-0.185256,0.194675,1.09909,-0.157963,0.987221,0.021023,0.251007,0.0607359,-0.966078,-0.955009,-0.147328,-0.257394,86.4026,14.5371,99.392,0.401677,0.509582,0.607473,-0.458212
882,0,-0.471897,-0.418544,1.82672,-0.185256,0.194675,1.09909,-0.131986,0.991191,-0.0109521,0.251743,0.0228311,-0.967525,-0.958752,-0.130457,-0.252538,88.6482,14.5807,97.8383,0.399471,0.523861,0.59316,-0.462768
890,0,-0.471642,-0.418651,1.82738,-0.185256,0.194675,1.09909,-0.131389,0.991273,0.0106717,0.242585,0.0425876,-0.969195,-0.961192,-0.124753,-0.246064,87.484,14.0392,97.7838,0.407779,0.517708,0.595827,-0.459004
898,0,-0.471366,-0.416453,1.82722,-0.185256,0.194675,1.09909,-0.124808,0.992051,0.0160743,0.229244,0.0445957,-0.972347,-0.965334,-0.117671,-0.232988,87.374,13.2526,97.3669,0.414367,0.515651,0.592113,-0.460224
906,0,-0.472143,-0.418074,1.82685,-0.185256,0.194675,1.09909,-0.169959,0.985042,0.0284087,0.244769,0.0701219,-0.967043,-0.954569,-0.157404,-0.253025,85.8526,14.1682,100.096,0.402224,0.503226,0.610964,-0.460112
914,0,-0.472695,-0.413354,1.82782,-0.185256,0.194675,1.09909,-0.275681,0.96097,0.0231716,0.15492,0.0682079,-0.98557,-0.948683,-0.268113,-0.167677,86.0411,8.91215,106.204,0.395237,0.453814,0.614729,-0.509852
921,0,-0.472759,-0.415018,1.82883,-0.185256,0.194675,1.09909,-0.294725,0.955207,0.0267691,0.197577,0.0883219,-0.9763,-0.934933,-0.282452,-0.214758,84.8308,11.3953,107.497,0.380407,0.455991,0.632022,-0.497907
931,0,-0.472345,-0.415177,1.82721,-0.185256,0.194675,1.09909,-0.37077,0.928129,0.0332511,0.172018,0.103813,-0.979608,-0.912655,-0.35749,-0.198145,83.9507,9.90514,112.11,0.365684,0.425312,0.64667,-0.516917
939,0,-0.471631,-0.416338,1.82628,-0.185256,0.194675,1.09909,-0.254322,0.967062,0.0105448,0.211928,0.0663654,-0.975029,-0.943614,-0.245737,-0.221825,86.1062,12.2353,105.084,0.384128,0.474641,0.62099,-0.49146
947,0,-0.471987,-0.418191,1.82743,-0.185256,0.194675,1.09909,-0.418082,0.907998,0.0273494,0.215268,0.128278,-0.968093,-0.882535,-0.398854,-0.249094,82.4519,12.4312,115.348,0.339523,0.419146,0.669973,-0.510076
955,0,-0.471929,-0.416953,1.82914,-0.185256,0.194675,1.09909,-0.370496,0.928105,0.0367974,0.202381,0.119328,-0.97201,-0.906518,-0.352678,-0.232041,83.0012,11.6762,112.23,0.359441,0.43076,0.656099,-0.504759
963,0,-0.472404,-0.415594,1.82882,-0.185256,0.194675,1.09909,-0.404941,0.913763,0.0325552,0.186283,0.117306,-0.975468,-0.895166,-0.388942,-0.21772,83.1428,10.7359,114.34,0.351655,0.416975,0.659539,-0.517183
971,0,-0.473523,-0.416084,1.82694,-0.185256,0.194675,1.09909,-0.446174,0.893638,0.0483693,0.177385,0.141281,-0.973948,-0.87719,-0.42597,-0.221554,81.7463,10.2175,116.96,0.344076,0.398152,0.672497,-0.520418
979,0,-0.474479,-0.416858,1.82794,-0.185256,0.194675,1.09909,-0.461986,0.885881,0.0422409,0.179068,0.13982,-0.973851,-0.868621,-0.442342,-0.223228,81.8297,10.3155,118.007,0.337122,0.394152,0.675469,-0.524151
987,0,-0.472614,-0.417619,1.82734,-0.185256,0.194675,1.09909,-0.389871,0.918077,0.0716594,0.202217,0.161271,-0.965971,-0.898392,-0.362113,-0.248525,80.5218,11.6666,113.459,0.36155,0.417547,0.670758,-0.494994
995,0,-0.474759,-0.419051,1.8279,-0.185256,0.194675,1.09909,-0.348999,0.93331,0.0844472,0.227113,0.171663,-0.95862,-0.909186,-0.315378,-0.271877,79.8475,13.1272,111,0.371075,0.433363,0.669429,-0.475778
1003,0,-0.475221,-0.418358,1.82709,-0.185256,0.194675,1.09909,-0.232403,0.968868,0.0853382,0.233933,0.140847,-0.961997,-0.944068,-0.203608,-0.259384,81.6705,13.5287,103.83,0.402821,0.470673,0.638873,-0.456118
1012,0,-0.472867,-0.418403,1.82795,-0.185256,0.194675,1.09909,-0.322317,0.942914,0.0838118,0.22108,0.161068,-0.961863,-0.920454,-0.291496,-0.260375,80.4938,12.7725,109.299,0.380255,0.440735,0.660257,-0.474572
1020,0,-0.473181,-0.418906,1.82788,-0.185256,0.194675,1.09909,-0.26694,0.959626,0.088666,0.22844,0.15239,-0.961557,-0.936247,-0.236423,-0.259895,80.9945,13.2052,105.914,0.39546,0.458412,0.647925,-0.462238
1028,0,-0.477595,-0.416758,1.82751,-0.185256,0.194675,1.09909,-0.392568,0.917248,0.0674224,0.19024,0.152704,-0.969789,-0.899833,-0.367882,-0.234444,81.0516,10.9668,113.57,0.362523,0.415082,0.66703,-0.501353
1037,0,-0.480241,-0.416329,1.82579,-0.185256,0.194675,1.09909,-0.370821,0.928701,0.00245669,0.225024,0.0924155,-0.969961,-0.901031,-0.359129,-0.243249,84.5574,13.0043,112.37,0.345812,0.441592,0.653163,-0.508713
1045,0,-0.475804,-0.417292,1.82636,-0.185256,0.194675,1.09909,-0.430766,0.900827,0.0543171,0.193871,0.151154,-0.969312,-0.881393,-0.407017,-0.239757,81.1367,11.1788,116.046,0.346638,0.405536,0.674848,-0.509867
1053,0,-0.479202,-0.416386,1.82609,-0.185256,0.194675,1.09909,-0.376998,0.925365,0.0396564,0.189488,0.118967,-0.974649,-0.906624,-0.359926,-0.220196,83.0408,10.9229,112.579,0.361169,0.425509,0.655011,-0.509371
1061,0,-0.478762,-0.416183,1.82667,-0.185256,0.194675,1.09909,-0.361778,0.93175,0.0309562,0.190409,0.106356,-0.975927,-0.912612,-0.347175,-0.215891,83.7805,10.9767,111.624,0.363554,0.432365,0.64885,-0.509787
1068,0,-0.477146,-0.41681,1.82804,-0.185256,0.194675,1.09909,-0.412498,0.909568,0.0503247,0.176203,0.133866,-0.975209,-0.893755,-0.393404,-0.215488,82.1839,10.1487,114.775,0.355626,0.409,0.663674,-0.515544
1077,0,-0.473481,-0.417516,1.82848,-0.185256,0.194675,1.09909,-0.501288,0.86247,0.0696886,0.178971,0.182145,-0.966847,-0.846569,-0.472196,-0.245664,79.3311,10.3098,120.631,0.329846,0.37491,0.69446,-0.518044
1085,0,-0.474226,-0.417942,1.82787,-0.185256,0.194675,1.09909,-0.548486,0.831669,0.0865475,0.163809,0.208375,-0.964234,-0.819957,-0.514691,-0.250526,77.8056,9.42808,123.779,0.319908,0.351307,0.708411,-0.521916
1093,0,-0.478131,-0.417737,1.82769,-0.185256,0.194675,1.09909,-0.533928,0.842639,0.0698597,0.169313,0.1875,-0.967562,-0.828405,-0.50478,-0.242781,79.0328,9.74789,122.803,0.320465,0.361024,0.700751,-0.525273
1102,0,-0.478481,-0.417874,1.82697,-0.185256,0.194675,1.09909,-0.501208,0.864134,0.0454295,0.190679,0.1615,-0.968276,-0.844057,-0.476645,-0.245717,80.5307,10.9924,120.702,0.321938,0.381775,0.690729,-0.52297
1110,0,-0.475681,-0.418128,1.827,-0.185256,0.194675,1.09909,-0.511425,0.857132,0.0613994,0.183568,0.178771,-0.966615,-0.839492,-0.48308,-0.24877,79.5218,10.5776,121.35,0.323488,0.373689,0.696234,-0.520549
1119,0,-0.475928,-0.418673,1.82732,-0.185256,0.194675,1.09909,-0.491573,0.868099,0.06899,0.19543,0.187172,-0.962691,-0.848624,-0.45975,-0.261661,78.9975,11.2698,120.082,0.32937,0.381745,0.696492,-0.510573
1128,0,-0.474144,-0.417727,1.8276,-0.185256,0.194675,1.09909,-0.397536,0.914559,0.0744822,0.198445,0.164942,-0.966133,-0.895871,-0.369292,-0.24706,80.3117,11.4461,113.929,0.360675,0.413697,0.672595,-0.49637
1136,0,-0.476203,-0.418514,1.82735,-0.185256,0.194675,1.09909,-0.350961,0.932349,0.0868968,0.222115,0.173041,-0.959543,-0.909665,-0.317461,-0.267819,79.7773,12.8333,111.097,0.372243,0.431224,0.669295,-0.476996
1144,0,-0.476651,-0.417554,1.82654,-0.185256,0.194675,1.09909,-0.349066,0.934553,0.0690191,0.201873,0.146915,-0.96833,-0.915096,-0.324078,-0.239944,81.3729,11.6465,110.879,0.373465,0.431266,0.658773,-0.490461
1152,0,-0.475579,-0.416243,1.8272,-0.185256,0.194675,1.09909,-0.297343,0.953081,0.0567783,0.199323,0.120123,-0.972543,-0.933733,-0.277862,-0.225689,82.9588,11.4974,107.664,0.386358,0.449506,0.640928,-0.487732
1161,1,-0.47648,-0.417114,1.82762,-0.185256,0.194675,1.09909,-0.308709,0.949589,0.0545858,0.204963,0.122454,-0.97108,-0.928811,-0.288593,-0.232433,82.8129,11.8273,108.385,0.381219,0.447568,0.644902,-0.488319
1169,0,-0.476227,-0.416547,1.82736,-0.185256,0.194675,1.09909,-0.29947,0.952714,0.0515077,0.202423,0.116199,-0.97238,-0.932385,-0.280772,-0.22765,83.1855,11.6787,107.806,0.383758,0.45055,0.64096,-0.488779
1177,0,-0.47809,-0.417723,1.82775,-0.185256,0.194675,1.09909,-0.326662,0.943291,0.0591045,0.216389,0.135517,-0.966856,-0.920037,-0.303046,-0.248387,82.0213,12.4971,109.548,0.374322,0.443342,0.653943,-0.485479
1185,0,-0.478643,-0.41812,1.82792,-0.185256,0.194675,1.09909,-0.318806,0.944974,0.0733907,0.213395,0.147004,-0.965843,-0.923485,-0.292255,-0.248519,81.3458,12.3214,109.046,0.380684,0.442354,0.654662,-0.480438
1193,0,-0.476726,-0.417884,1.82725,-0.185256,0.194675,1.09909,-0.251864,0.965154,0.0710121,0.220597,0.128703,-0.966836,-0.942285,-0.227847,-0.245326,82.4175,12.7441,104.965,0.397339,0.464962,0.637552,-0.468465
1201,0,-0.47476,-0.417926,1.82805,-0.185256,0.194675,1.09909,-0.227511,0.968737,0.0989314,0.214704,0.148999,-0.965247,-0.949811,-0.198363,-0.24189,81.2249,12.3981,103.47,0.412189,0.465129,0.636082,-0.457335
1210,0,-0.474394,-0.416666,1.82707,-0.185256,0.194675,1.09909,-0.165959,0.984285,0.0603362,0.219899,0.0965822,-0.97073,-0.961302,-0.147833,-0.232472,84.3181,12.7031,99.795,0.417777,0.492425,0.611354,-0.457412
1218,0,-0.476892,-0.417106,1.82704,-0.185256,0.194675,1.09909,-0.231379,0.971023,0.0598169,0.219993,0.112115,-0.969037,-0.947664,-0.211056,-0.239559,83.4004,12.7086,103.721,0.400368,0.473303,0.629097,-0.468963
1227,0,-0.477196,-0.417723,1.82818,-0.185256,0.194675,1.09909,-0.276636,0.957433,0.0824335,0.211787,0.144414,-0.966587,-0.937347,-0.249934,-0.242722,81.5025,12.2271,106.443,0.395303,0.453231,0.644936,-0.471566
1235,0,-0.477665,-0.4191,1.82833,-0.185256,0.194675,1.09909,-0.208901,0.977406,0.0322128,0.25652,0.0865526,-0.962656,-0.943694,-0.192836,-0.268805,84.8623,14.8637,102.482,0.390143,0.493293,0.625352,-0.461937
1243,1,-0.476548,-0.423112,1.82685,-0.185256,0.194675,1.09909,-0.273082,0.961327,-0.0357213,0.271834,0.0414936,-0.961449,-0.922785,-0.272265,-0.272653,87.5288,15.7735,106.485,0.352051,0.489407,0.629926,-0.489626
1251,1,-0.475807,-0.423539,1.82705,-0.185256,0.194675,1.09909,0.0988869,0.994872,-0.0212238,0.270321,-0.047383,-0.961604,-0.957679,0.0893528,-0.27362,92.821,15.6833,84.1047,0.440989,0.595796,0.530884,-0.410754
1259,1,-0.475593,-0.420726,1.82703,-0.185256,0.194675,1.09909,0.252332,0.967582,0.0106493,0.280284,-0.0625518,-0.957877,-0.926158,0.244688,-0.286982,93.7363,16.2772,74.7597,0.475079,0.632824,0.492975,-0.361676
1267,0,-0.475379,-0.420407,1.82809,-0.185256,0.194675,1.09909,0.112661,0.993633,0.000592833,0.255786,-0.0284252,-0.966315,-0.960146,0.109018,-0.25736,91.6849,14.8202,83.3077,0.454664,0.59128,0.528269,-0.405711
1275,0,-0.474575,-0.418676,1.82711,-0.185256,0.194675,1.09909,0.398949,0.916892,0.0122005,0.229242,-0.0868453,-0.969487,-0.887856,0.389573,-0.244837,95.1188,13.2525,65.8037,0.516543,0.657767,0.435615,-0.332813
1284,1,-0.474391,-0.420042,1.82621,-0.185256,0.194675,1.09909,0.362651,0.931637,-0.0231921,0.212982,-0.107082,-0.97117,-0.907261,0.347256,-0.237256,96.2921,12.2972,68.2124,0.504557,0.653259,0.438042,-0.356081
1292,1,-0.476509,-0.419338,1.82891,-0.185256,0.194675,1.09909,0.464881,0.884404,0.0414254,0.257211,-0.0901343,-0.962143,-0.847189,0.457937,-0.26938,95.3519,14.9046,61.245,0.525682,0.675351,0.4226,-0.298276
1300,1,-0.47715,-0.418413,1.82749,-0.185256,0.194675,1.09909,0.529378,0.84662,0.0547224,0.268664,-0.10611,-0.957371,-0.804723,0.521513,-0.283629,96.3246,15.5848,56.6615,0.533769,0.692661,0.402536,-0.270695
1308,0,-0.474775,-0.418357,1.8274,-0.185256,0.194675,1.09909,0.616717,0.78039,0.103208,0.27287,-0.0889522,-0.95793,-0.738378,0.618934,-0.267803,95.3052,15.8351,50.1303,0.56124,0.702402,0.374878,-0.226071
1316,1,-0.476344,-0.41937,1.82765,-0.185256,0.194675,1.09909,0.620384,0.780007,0.0819261,0.27103,-0.115191,-0.955654,-0.73598,0.615077,-0.282868,96.8731,15.7256,49.8712,0.552794,0.71036,0.369896,-0.230184
1324,1,-0.47717,-0.419003,1.82794,-0.185256,0.194675,1.09909,0.62822,0.775665,0.0606926,0.257422,-0.133607,-0.957018,-0.734216,0.616841,-0.283608,97.9475,14.9172,49.4486,0.550228,0.715093,0.361172,-0.235467
1333,1,-0.476093,-0.418587,1.82792,-0.185256,0.194675,1.09909,0.622141,0.78152,0.0465576,0.244203,-0.137213,-0.959967,-0.743845,0.608605,-0.276215,98.1345,14.1347,50.0914,0.549707,0.713367,0.359465,-0.244365
1341,1,-0.47412,-0.418475,1.82886,-0.185256,0.194675,1.09909,0.586274,0.804255,0.097246,0.26251,-0.0750403,-0.962007,-0.766402,0.589528,-0.255119,94.4603,15.2191,52.5851,0.560383,0.692177,0.385294,-0.241685
1349,1,-0.476739,-0.41794,1.82878,-0.185256,0.194675,1.09909,0.516709,0.851728,0.0870146,0.24142,-0.0474376,-0.969261,-0.821419,0.521832,-0.230135,92.8019,13.9704,57.8283,0.556582,0.669754,0.408041,-0.274132
1357,1,-0.475291,-0.417596,1.82887,-0.185256,0.194675,1.09909,0.516209,0.852405,0.0832695,0.246528,-0.0547738,-0.967587,-0.820215,0.520006,-0.238416,93.24,14.2721,57.8154,0.552951,0.67257,0.408483,-0.273929
1365,1,-0.476624,-0.41833,1.82886,-0.185256,0.194675,1.09909,0.315549,0.945362,0.0819759,0.256346,-0.00174876,-0.966583,-0.913628,0.326018,-0.242892,90.1037,14.8534,70.9461,0.517423,0.624538,0.481039,-0.332907
1374,1,-0.478543,-0.422994,1.82491,-0.185256,0.194675,1.09909,0.125309,0.991926,0.0194864,0.291052,-0.0179771,-0.956538,-0.948465,0.125535,-0.290954,91.0767,16.9209,82.4738,0.451768,0.598799,0.535646,-0.387851
1382,0,-0.476515,-0.423818,1.82838,-0.185256,0.194675,1.09909,0.0665967,0.997507,-0.0233286,0.290822,-0.0417709,-0.955865,-0.954457,0.056873,-0.292878,92.5022,16.9072,86.0087,0.42777,0.591871,0.544176,-0.413006
1391,1,-0.47541,-0.421575,1.82818,-0.185256,0.194675,1.09909,0.0306024,0.999283,-0.0222996,0.287802,-0.0301745,-0.957214,-0.957201,0.0228752,-0.288519,91.8056,16.7264,88.1688,0.421873,0.580796,0.554018,-0.42162
1400,1,-0.472068,-0.420262,1.82715,-0.185256,0.194675,1.09909,-0.00549255,0.999883,-0.0142644,0.275994,-0.0121948,-0.961082,-0.961144,-0.00921567,-0.275895,90.727,16.0213,90.3274,0.420243,0.566259,0.563292,-0.430637
1408,1,-0.47171,-0.421219,1.82712,-0.185256,0.194675,1.09909,-0.0457993,0.998441,-0.0319013,0.260622,-0.0188861,-0.965256,-0.964354,-0.0525223,-0.259351,91.1209,15.107,92.7191,0.411085,0.555076,0.567068,-0.448702
1417,0,-0.47272,-0.419122,1.82825,-0.185256,0.194675,1.09909,-0.0105418,0.999914,0.00778835,0.262245,0.0102808,-0.964947,-0.964944,-0.00812984,-0.262331,89.3896,15.2033,90.6259,0.429362,0.557115,0.566382,-0.429514
1426,0,-0.475736,-0.41909,1.82846,-0.185256,0.194675,1.09909,0.0342566,0.998321,0.0467153,0.280697,0.0352504,-0.959149,-0.959185,0.0459701,-0.279018,87.8952,16.3018,87.9546,0.444547,0.565249,0.565688,-0.40357
1434,1,-0.474077,-0.418726,1.82974,-0.185256,0.194675,1.09909,0.00924008,0.997543,0.0694402,0.277647,0.0641533,-0.958539,-0.960639,0.0281368,-0.276372,86.171,16.1198,89.4489,0.44638,0.552598,0.576907,-0.403186
1442,1,-0.474875,-0.418518,1.82928,-0.185256,0.194675,1.09909,-0.0400539,0.997161,0.0637668,0.265363,0.072142,-0.961446,-0.963316,-0.0215884,-0.267499,85.7089,15.3885,92.3809,0.437204,0.537425,0.587302,-0.418453
1450,1,-0.474334,-0.419376,1.82959,-0.185256,0.194675,1.09909,-0.0660268,0.997063,0.0387931,0.276165,0.0556195,-0.9595,-0.95884,-0.0526394,-0.279026,86.6824,16.0314,93.9392,0.421476,0.537908,0.59175,-0.427604
1459,0,-0.473285,-0.418246,1.829,-0.185256,0.194675,1.09909,-0.117315,0.990118,0.0768343,0.25946,0.10524,-0.960003,-0.958602,-0.0926872,-0.269242,83.744,15.038,96.9772,0.423876,0.511539,0.610696,-0.430939
1466