108,0,-0.3378,-0.388096,1.45988,-nan,-nan,-nan,0.837489,0.546079,0.0202399,0.18673,-0.251176,-0.949759,-0.51356,0.799193,-0.312326,104.813,10.762,31.5172,0.564355,0.774757,0.236464,-0.159185
116,0,-0.338689,-0.388505,1.46356,-nan,-nan,-nan,0.837531,0.546355,0.00622952,0.157096,-0.229868,-0.960459,-0.52332,0.805393,-0.278351,103.459,9.03836,31.9986,0.576479,0.765792,0.229648,-0.168809
124,0,-0.338496,-0.388608,1.46322,-nan,-nan,-nan,0.82334,0.566737,0.0303315,0.172856,-0.199499,-0.964532,-0.540585,0.799381,-0.262219,101.686,9.95389,33.2879,0.583443,0.75582,0.244632,-0.168775
132,0,-0.336649,-0.388912,1.45738,-nan,-nan,-nan,0.774852,0.62844,0.0683246,0.225278,-0.17353,-0.958717,-0.590639,0.758255,-0.276033,100.26,13.0192,37.3169,0.575606,0.745724,0.286204,-0.175103
139,0,-0.336279,-0.393797,1.4559,-nan,-nan,-nan,0.759388,0.647363,0.0651939,0.225747,-0.168178,-0.959559,-0.610219,0.743396,-0.273853,99.9411,13.0468,38.7842,0.573881,0.741859,0.294231,-0.183669
147,0,-0.336053,-0.392169,1.4562,-nan,-nan,-nan,0.754636,0.65363,0.0573809,0.21223,-0.160401,-0.963966,-0.620873,0.739621,-0.259764,99.4473,12.253,39.4457,0.577597,0.73736,0.293567,-0.191051
154,0,-0.335616,-0.39055,1.45393,-nan,-nan,-nan,0.761394,0.64612,0.0529942,0.204142,-0.16137,-0.965549,-0.615309,0.745982,-0.254766,99.488,11.7793,38.9429,0.579926,0.737823,0.288098,-0.190532
161,0,-0.334685,-0.389454,1.45007,-nan,-nan,-nan,0.762008,0.644993,0.0576879,0.204562,-0.155233,-0.966466,-0.614409,0.748256,-0.25023,99.1249,11.8038,38.8793,0.582354,0.736117,0.288526,-0.189074
168,0,-0.334175,-0.388833,1.44773,-nan,-nan,-nan,0.766314,0.6402,0.0539077,0.193912,-0.150483,-0.969409,-0.612503,0.753325,-0.23946,98.8237,11.1812,38.6348,0.586594,0.73421,0.284017,-0.190203
176,0,-0.33388,-0.391123,1.44635,-nan,-nan,-nan,0.785718,0.61628,0.0533389,0.206079,-0.179483,-0.961934,-0.583248,0.766802,-0.268025,100.569,11.8927,36.5869,0.578405,0.747199,0.275147,-0.177298
183,0,-0.333428,-0.389553,1.44463,-nan,-nan,-nan,0.814299,0.577099,0.0622472,0.215456,-0.200939,-0.955616,-0.538977,0.791568,-0.287964,101.875,12.4423,33.5002,0.575629,0.758815,0.261116,-0.157064
191,0,-0.334166,-0.391379,1.44714,-nan,-nan,-nan,0.827895,0.557353,0.0628291,0.206442,-0.198647,-0.958082,-0.521509,0.806162,-0.27952,101.714,11.9139,32.2077,0.580889,0.759286,0.251484,-0.151023
199,0,-0.333554,-0.389577,1.44528,-nan,-nan,-nan,0.832904,0.549782,0.0633262,0.209289,-0.206987,-0.955696,-0.512316,0.809257,-0.287464,102.22,12.0807,31.5955,0.578458,0.762783,0.248783,-0.147155
206,0,-0.333392,-0.391306,1.4455,-nan,-nan,-nan,0.839867,0.539581,0.0589526,0.198953,-0.20497,-0.958335,-0.505015,0.816603,-0.279499,102.073,11.4757,31.0186,0.582108,0.762289,0.242209,-0.146291
214,0,-0.333765,-0.389665,1.44535,-nan,-nan,-nan,0.855062,0.514309,0.0659946,0.198283,-0.206714,-0.958099,-0.479116,0.83232,-0.278732,102.175,11.4366,29.2632,0.585153,0.764936,0.232892,-0.135018
221,0,-0.333826,-0.390988,1.44583,-nan,-nan,-nan,0.869366,0.489252,0.0695315,0.193142,-0.206892,-0.95911,-0.454861,0.847247,-0.27436,102.173,11.1362,27.619,0.589091,0.766586,0.222543,-0.125664
229,0,-0.334248,-0.391472,1.44832,-nan,-nan,-nan,0.843301,0.532572,0.0721865,0.200591,-0.187287,-0.961606,-0.498605,0.825404,-0.264769,101.021,11.5715,30.5938,0.589755,0.757522,0.241961,-0.140728
237,0,-0.334771,-0.390534,1.45143,-nan,-nan,-nan,0.831338,0.550906,0.0733531,0.199019,-0.171862,-0.964808,-0.518912,0.81668,-0.252516,100.1,11.4796,31.9719,0.593077,0.750952,0.249658,-0.148331
243,0,-0.332179,-0.388372,1.44709,-nan,-nan,-nan,0.821463,0.559768,0.108898,0.189695,-0.0881407,-0.977879,-0.537786,0.823949,-0.178589,95.1504,10.935,33.2115,0.623445,0.722529,0.259319,-0.148398
250,0,-0.331635,-0.387566,1.44687,-nan,-nan,-nan,0.844798,0.528193,0.0856032,0.157167,-0.0920165,-0.983276,-0.511483,0.844124,-0.16075,95.3463,9.04247,31.1928,0.630879,0.724149,0.236609,-0.147028
256,0,-0.329374,-0.387819,1.44538,-nan,-nan,-nan,0.848468,0.523335,0.0788865,0.156814,-0.106229,-0.981899,-0.505482,0.84548,-0.172198,96.1746,9.02203,30.7847,0.626506,0.729194,0.233185,-0.146256
264,0,-0.328455,-0.387946,1.44701,-nan,-nan,-nan,0.861799,0.507148,0.0101386,0.103523,-0.15628,-0.982273,-0.496574,0.847571,-0.187183,99.04,5.94207,29.9508,0.616104,0.742506,0.205611,-0.163781
272,0,-0.326502,-0.389171,1.44069,-nan,-nan,-nan,0.902852,0.429696,0.0148107,0.0804396,-0.134976,-0.987578,-0.422359,0.892829,-0.156428,97.7826,4.61384,25.0704,0.634714,0.740651,0.172192,-0.137564
279,0,-0.325475,-0.389304,1.43414,-nan,-nan,-nan,0.941316,0.337444,-0.00740948,0.023164,-0.0864865,-0.995984,-0.33673,0.937364,-0.0892277,94.9628,1.32732,19.6833,0.66438,0.727501,0.12392,-0.118261
285,0,-0.32497,-0.388772,1.43345,-nan,-nan,-nan,0.950251,0.311385,-0.00788911,0.0166127,-0.0759555,-0.996973,-0.311042,0.947243,-0.0773497,94.3567,0.951879,18.1246,0.670251,0.725182,0.113074,-0.109949
293,0,-0.325006,-0.387685,1.43044,-nan,-nan,-nan,0.95441,0.298497,0.000705439,0.0261081,-0.081123,-0.996362,-0.297354,0.950957,-0.0852178,94.6547,1.49605,17.3048,0.668594,0.72814,0.11145,-0.101851
300,0,-0.323149,-0.385158,1.42325,-nan,-nan,-nan,0.952879,0.302874,0.0169826,0.0434672,-0.0809188,-0.995772,-0.30022,0.949589,-0.0902709,94.6458,2.49127,17.4879,0.6674,0.728709,0.11882,-0.0971708
307,0,-0.321927,-0.383327,1.41654,-nan,-nan,-nan,0.948675,0.315886,0.0152399,0.0399622,-0.0719339,-0.996609,-0.313718,0.946066,-0.0808654,94.1284,2.29028,18.2986,0.670051,0.724823,0.122736,-0.102949
314,0,-0.319849,-0.383203,1.41244,-nan,-nan,-nan,0.947393,0.320067,-0.00206771,0.0242608,-0.0782502,-0.996639,-0.319153,0.944158,-0.0818987,94.4893,1.39018,18.6174,0.668439,0.725869,0.118592,-0.110633
322,0,-0.318514,-0.381331,1.40387,-nan,-nan,-nan,0.966136,0.255265,0.0377001,0.0588856,-0.0758648,-0.995378,-0.251225,0.96389,-0.0883271,94.3585,3.37585,14.5759,0.671183,0.729782,0.107618,-0.073147
329,0,-0.317218,-0.379043,1.39621,-nan,-nan,-nan,0.960506,0.273129,0.0531923,0.0728155,-0.0622118,-0.995403,-0.268565,0.959964,-0.0796428,93.5763,4.17572,15.6214,0.674287,0.724976,0.119295,-0.0742688
336,0,-0.316388,-0.377322,1.39179,-nan,-nan,-nan,0.964977,0.259241,0.0401665,0.0573325,-0.0589961,-0.99661,-0.255993,0.964009,-0.0717928,93.3878,3.28671,14.8574,0.677161,0.723838,0.109339,-0.0745423
343,0,-0.315401,-0.376054,1.38724,-nan,-nan,-nan,0.959841,0.278619,0.0328158,0.0519692,-0.0616369,-0.996745,-0.275689,0.958422,-0.0736412,93.5386,2.97896,16.0253,0.675382,0.723726,0.114197,-0.0838969
351,0,-0.314514,-0.374402,1.38136,-nan,-nan,-nan,0.946054,0.323113,0.0240933,0.0522538,-0.0787632,-0.995523,-0.319768,0.943077,-0.0913981,94.5237,2.99528,18.6754,0.666313,0.727361,0.129017,-0.101626
357,0,-0.314256,-0.374867,1.3807,-nan,-nan,-nan,0.947758,0.318436,0.0188143,0.0476742,-0.0830804,-0.995402,-0.315409,0.944297,-0.0939212,94.7711,2.73257,18.4072,0.665349,0.728828,0.125582,-0.101737
364,0,-0.313189,-0.373948,1.37758,-nan,-nan,-nan,0.935554,0.353145,0.00525653,0.0399473,-0.0910174,-0.995048,-0.350918,0.931131,-0.0992589,95.2263,2.28942,20.5606,0.660545,0.729011,0.134803,-0.118538
371,0,-0.313476,-0.373314,1.37624,-nan,-nan,-nan,0.936526,0.350411,0.0114452,0.0470316,-0.0932154,-0.994535,-0.347429,0.931946,-0.103779,95.3546,2.69571,20.3536,0.659457,0.730329,0.136049,-0.115011
379,0,-0.312507,-0.37373,1.37386,-nan,-nan,-nan,0.941065,0.338198,-0.00423641,0.0149608,-0.0541365,-0.998421,-0.337893,0.939517,-0.0560057,93.1037,0.857225,19.7509,0.676558,0.716102,0.123292,-0.119442
387,0,-0.311201,-0.372878,1.36921,-nan,-nan,-nan,0.950841,0.307861,-0.0335256,-0.0261884,-0.0279348,-0.999267,-0.308571,0.951021,-0.0184992,91.6013,-1.50066,17.9795,0.690001,0.706625,0.0996541,-0.121032
394,0,-0.308013,-0.367677,1.35511,-nan,-nan,-nan,0.948193,0.30923,-0.0728508,-0.0678391,-0.0269441,-0.997332,-0.310368,0.950605,-0.00457027,91.5475,-3.88988,18.1246,0.692221,0.70351,0.085781,-0.136181
402,0,-0.303637,-0.361632,1.34123,-nan,-nan,-nan,0.917811,0.379856,-0.115467,-0.0985037,-0.0638685,-0.993085,-0.384604,0.922838,-0.021202,93.6798,-5.65301,22.7359,0.676894,0.707616,0.0994017,-0.176675
409,0,-0.300481,-0.356388,1.32982,-nan,-nan,-nan,0.895724,0.41992,-0.146102,-0.111299,-0.106371,-0.988078,-0.430455,0.901306,-0.0485426,