105,0,-0.338057,-0.388962,1.46038,-nan,-nan,-nan,0.854774,0.518945,0.00751541,0.158296,-0.24689,-0.956027,-0.49427,0.818377,-0.293183,104.48,9.10802,30.0385,0.573302,0.773765,0.218814,-0.157268
112,0,-0.337525,-0.387679,1.46455,-nan,-nan,-nan,0.877469,0.479423,0.0141933,0.13269,-0.214207,-0.967734,-0.460913,0.85104,-0.251575,102.481,7.62505,27.7119,0.594072,0.765384,0.199936,-0.145914
120,0,-0.336289,-0.389098,1.46933,-nan,-nan,-nan,0.898082,0.439127,0.0248257,0.132437,-0.216166,-0.967333,-0.419416,0.872032,-0.252291,102.597,7.61043,25.0332,0.597834,0.769178,0.185771,-0.12825
127,0,-0.320597,-0.39118,1.47632,-nan,-nan,-nan,0.912693,0.40795,0.0238587,0.127217,-0.228165,-0.965275,-0.38834,0.884035,-0.260143,103.299,7.30881,23.0492,0.596738,0.774758,0.172688,-0.117611
135,0,-0.311026,-0.392806,1.48122,-nan,-nan,-nan,0.923482,0.382418,0.0306187,0.125101,-0.224727,-0.966358,-0.362672,0.896244,-0.255372,103.091,7.18658,21.441,0.600704,0.775174,0.163679,-0.10709
143,0,-0.302718,-0.39442,1.48782,-nan,-nan,-nan,0.923971,0.381348,0.0291732,0.123146,-0.22442,-0.96668,-0.362095,0.896777,-0.254319,103.07,7.0737,21.3997,0.601089,0.775034,0.162733,-0.107389
150,0,-0.293327,-0.396875,1.49532,-nan,-nan,-nan,0.930366,0.36544,0.0295363,0.119023,-0.224855,-0.967096,-0.346774,0.903268,-0.252693,103.089,6.83575,20.4419,0.602665,0.775873,0.156103,-0.10222
158,0,-0.277019,-0.399235,1.50385,-nan,-nan,-nan,0.931676,0.361285,0.0381222,0.133313,-0.242384,-0.960978,-0.337947,0.900402,-0.273987,104.156,7.66105,19.9372,0.594833,0.782312,0.158056,-0.0958136
166,0,-0.264474,-0.400664,1.51046,-nan,-nan,-nan,0.940042,0.339761,0.0297154,0.11803,-0.242339,-0.962985,-0.319984,0.908754,-0.267911,104.125,6.77841,18.7982,0.59787,0.782671,0.146227,-0.0927173
172,0,-0.255015,-0.401552,1.5188,-nan,-nan,-nan,0.937808,0.345827,0.0303193,0.117546,-0.23415,-0.965068,-0.326647,0.908613,-0.260239,103.638,6.75049,19.2037,0.600712,0.779775,0.14856,-0.0950043
180,0,-0.242164,-0.406722,1.53366,-nan,-nan,-nan,0.925844,0.3742,0.0527926,0.146209,-0.225871,-0.963123,-0.348476,0.89942,-0.263832,103.198,8.40728,20.6257,0.599196,0.777101,0.16742,-0.0951239
188,0,-0.234371,-0.417534,1.5463,-nan,-nan,-nan,0.94151,0.333673,0.0471279,0.124135,-0.213398,-0.969047,-0.313288,0.918218,-0.242336,102.419,7.13079,18.4049,0.609462,0.774152,0.147842,-0.0859521
195,0,-0.225009,-0.422224,1.55518,-nan,-nan,-nan,0.950436,0.309235,0.0323389,0.101379,-0.209891,-0.972455,-0.29393,0.927534,-0.230838,102.18,5.81856,17.1846,0.614351,0.77317,0.13277,-0.0845839
202,0,-0.215729,-0.425227,1.56534,-nan,-nan,-nan,0.959695,0.27953,0.0291354,0.0915072,-0.21277,-0.972808,-0.26573,0.936265,-0.229774,102.337,5.25032,15.4769,0.615863,0.774958,0.119696,-0.0763251
210,0,-0.206597,-0.430603,1.58018,-nan,-nan,-nan,0.949635,0.312487,0.0233696,0.106059,-0.25034,-0.962331,-0.294865,0.916342,-0.270874,104.582,6.08818,17.2498,0.597583,0.785947,0.133134,-0.0863595
218,0,-0.19709,-0.433443,1.59085,-nan,-nan,-nan,0.947899,0.318443,0.00900685,0.0957105,-0.257704,-0.961472,-0.303853,0.91224,-0.274756,105.004,5.49222,17.7734,0.594861,0.787458,0.131484,-0.0936068
226,0,-0.187102,-0.439575,1.60066,-nan,-nan,-nan,0.935989,0.352028,-7.48917e-05,0.0966124,-0.257082,-0.961548,-0.338511,0.899992,-0.274637,104.969,5.54413,19.8831,0.59251,0.785447,0.142798,-0.107769
234,0,-0.177144,-0.443984,1.6089,-nan,-nan,-nan,0.924181,0.38195,-0.00175596,0.103769,-0.255503,-0.961223,-0.367588,0.888162,-0.275766,104.886,5.95627,21.6899,0.590108,0.783494,0.154985,-0.117852
242,0,-0.167014,-0.446024,1.61666,-nan,-nan,-nan,0.922189,0.386714,0.00437372,0.110411,-0.252423,-0.961297,-0.370643,0.886981,-0.27548,104.713,6.33903,21.896,0.590399,0.782639,0.158798,-0.116998
249,0,-0.156515,-0.447727,1.62289,-nan,-nan,-nan,0.918496,0.395207,0.0132848,0.119823,-0.246149,-0.961797,-0.376838,0.884998,-0.273442,104.355,6.8819,22.3072,0.591377,0.780719,0.164922,-0.116416
257,0,-0.14633,-0.450219,1.6321,-nan,-nan,-nan,0.911833,0.410288,0.0150072,0.125409,-0.243535,-0.96175,-0.39094,0.878837,-0.273517,104.21,7.2044,23.2068,0.590504,0.779244,0.171864,-0.120608
265,0,-0.136169,-0.452355,1.63926,-nan,-nan,-nan,0.886965,0.461511,0.0173301,0.140378,-0.233659,-0.962132,-0.439985,0.85581,-0.272033,103.65,8.0697,26.384,0.587638,0.773411,0.194557,-0.136621
272,0,-0.126703,-0.463115,1.6517,-nan,-nan,-nan,0.857138,0.514881,-0.0145602,0.11246,-0.214651,-0.970195,-0.50266,0.829953,-0.241889,102.475,6.45712,30.3891,0.591734,0.760539,0.206216,-0.170018
280,0,-0.114871,-0.469211,1.66093,-nan,-nan,-nan,0.839372,0.542265,-0.0374648,0.0874403,-0.202733,-0.975322,-0.536478,0.815382,-0.217584,101.742,5.01637,32.5844,0.59562,0.751613,0.209451,-0.190904
287,0,-0.103522,-0.471159,1.6684,-nan,-nan,-nan,0.832534,0.553028,-0.0323525,0.0950108,-0.200078,-0.975162,-0.545765,0.808782,-0.219115,101.595,5.45194,33.2467,0.59442,0.750288,0.21593,-0.192632
294,0,-0.0928019,-0.472994,1.67404,-nan,-nan,-nan,0.826081,0.563345,-0.0152489,0.1207,-0.203294,-0.97165,-0.550474,0.800821,-0.235933,101.817,6.93252,33.6782,0.588824,0.752547,0.227243,-0.187936
302,0,-0.082471,-0.494804,1.67329,-nan,-nan,-nan,0.803824,0.594856,0.00347151,0.168873,-0.222593,-0.960174,-0.570393,0.772398,-0.279381,103.052,9.72231,35.3595,0.570493,0.759243,0.251477,-0.186673
311,0,-0.0691002,-0.505851,1.67062,-nan,-nan,-nan,0.780415,0.625165,0.0109761,0.189781,-0.220111,-0.956836,-0.595764,0.748812,-0.290423,102.955,10.94,37.3579,0.563445,0.756794,0.26921,-0.193179
318,0,-0.0825747,-0.528881,1.66266,-nan,-nan,-nan,0.81612,0.577773,-0.0112371,0.179296,-0.27165,-0.945547,-0.549365,0.769665,-0.325291,106.029,10.3287,33.9462,0.552082,0.776702,0.243681,-0.180443
327,0,-0.082219,-0.529132,1.66442,-nan,-nan,-nan,0.801492,0.597789,0.016053,0.22895,-0.281946,-0.931713,-0.552442,0.750436,-0.362842,106.836,13.2352,34.5772,0.537751,0.782029,0.264293,-0.171473
334,0,-0.080902,-0.529603,1.66632,-nan,-nan,-nan,0.783411,0.620993,0.0252168,0.242718,-0.268345,-0.932244,-0.57215,0.736451,-0.36095,106.058,14.047,36.1418,0.537149,0.776644,0.278027,-0.176056
341,0,-0.0802813,-0.529618,1.6671,-nan,-nan,-nan,0.765553,0.64309,0.0190625,0.231706,-0.247947,-0.940656,-0.6002,0.72454,-0.338825,104.767,13.3976,38.0967,0.542859,0.766865,0.285186,-0.189453
349,0,-0.0801826,-0.529419,1.6681,-nan,-nan,-nan,0.755542,0.655024,0.00999283,0.215146,-0.233696,-0.948208,-0.618764,0.718561,-0.317492,103.845,12.4241,39.3163,0.548715,0.759396,0.286468,-0.200413
356,0,-0.0800939,-0.529451,1.66894,-nan,-nan,-nan,0.773299,0.634042,-0.000290938,0.192269,-0.234935,-0.952806,-0.604187,0.736748,-0.303581,103.851,11.0852,38.0009,0.555604,0.760233,0.271729,-0.19878
363,0,-0.0802285,-0.529822,1.6711,-nan,-nan,-nan,0.775263,0.631639,-0.000197979,0.190403,-0.233996,-0.953411,-0.602258,0.739106,-0.301675,103.79,10.9763,37.8416,0.556685,0.760088,0.270377,-0.198153
369,0,-0.0804064,-0.533434,1.68091,-nan,-nan,-nan,0.797267,0.603532,0.0107233,0.195071,-0.240796,-0.950771,-0.571239,0.760109,-0.30971,104.212,11.2489,35.6215,0.558292,0.766122,0.260599,-0.182907
377,0,-0.0818782,-0.535176,1.68565,-nan,-nan,-nan,0.793427,0.608365,0.0191126,0.205496,-0.238186,-0.949231,-0.572926,0.757073,-0.314,104.086,11.8586,35.8327,0.557055,0.76577,0.2657,-0.180803
384,0,-0.0910092,-0.535833,1.6913,-nan,-nan,-nan,0.788722,0.614338,0.0225063,0.195218,-0.21558,-0.956773,-0.582931,0.759021,-0.289963,102.698,11.2575,36.4675,0.566387,0.757342,0.267236,-0.184997
391,0,-0.0815964,-0.538592,1.69925,-nan,-nan,-nan,0.824116,0.566355,0.00859949,0.166723,-0.228037,-0.959272,-0.541328,0.791985,-0.282353,103.372,9.59734,33.2993,0.573089,0.763955,0.239896,-0.174333
399,0,-0.0825595,-0.539974,1.70283,-nan,-nan,-nan,0.830447,0.556984,0.0112839,0.168788,-0.232252,-0.957899,-0.530913,0.797388,-0.286885,103.629,9.71734,32.5912,0.572562,0.766417,0.236742,-0.1695
405,0,-0.0922661,-0.543997,1.71594,-nan,-nan,-nan,0.754817,0.655836,0.0114123,0.21791,-0.234312,-0.947425,-0.618681,0.717619,-0.319776,103.891,12.5863,39.3395,0.547889,0.759754,0.28751,-0.199824
414,0,-0.100053,-0.546674,1.72605,-nan,-nan,-nan,0.70837,0.705833,0.00334272,0.208956,-0.205179,-0.956159,-0.674203,0.678012,-0.292831,102.111,12.0612,43.5843,0.550082,0.742694,0.307929,-0.22582
420,0,-0.0842884,-0.544577,1.7162,-nan,-nan,-nan,0.856046,0.516814,0.00940363,0.16866,-0.262078,-0.950194,-0.488609,0.814996,-0.311517,105.42,9.70992,29.7166,0.566227,0.779365,0.219882,-0.153717
428,0,-0.0904617,-0.556696,1.74829,-nan,-nan,-nan,0.829369,0.558165,0.0244468,0.192686,-0.24469,-0.950263,-0.524422,0.792829,-0.310489,104.44,11.1096,32.3057,0.5644,0.772099,0.24312,-0.161888
435,0,-0.0907294,-0.559129,1.75685,-nan,-nan,-nan,0.816,0.57789,0.0136579,0.197776,-0.256909,-0.945982,-0.543165,0.774623,-0.32393,105.194,11.4069,33.6494,0.555689,0.774086,0.25051,-0.17101
443,0,-0.091241,-0.559831,1.76425,-nan,-nan,-nan,0.813302,0.58158,0.0174656,0.193983,-0.242728,-0.950502,-0.548554,0.776433,-0.310227,104.325,11.1853,33.9988,0.561326,0.769132,0.25209,-0.172626
450,0,-0.0916935,-0.562719,1.7728,-nan,-nan,-nan,0.805407,0.592438,0.0183435,0.194572,-0.235031,-0.952314,-0.559876,0.77057,-0.304568,103.864,11.2197,34.8049,0.562541,0.765671,0.256968,-0.176816
458,0,-0.0921128,-0.565271,1.78168,-nan,-nan,-nan,0.803805,0.594596,0.0187596,0.192397,-0.229994,-0.953984,-0.562921,0.770427,-0.299269,103.555,11.0927,35.0043,0.564478,0.763719,0.257619,-0.178129
466,0,-0.092203,-0.563415,1.7938,-nan,-nan,-nan,0.82799,0.560709,0.0062028,0.175354,-0.248404,-0.952652,-0.53262,0.789874,-0.303998,104.614,10.0993,32.7519,0.564709,0.771426,0.23854,-0.170599
473,0,-0.0920229,-0.570058,1.81231,-nan,-nan,-nan,0.83627,0.548213,0.0107646,0.184075,-0.262196,-0.947296,-0.516497,0.794176,-0.320179,105.471,10.6072,31.7003,0.559887,0.7776,0.235432,-0.162594
481,0,-0.0939946,-0.573791,1.82559,-nan,-nan,-nan,0.833474,0.552512,0.00719416,0.177453,-0.255316,-0.950434,-0.523289,0.793438,-0.310844,105.036,10.2214,32.1223,0.562875,0.774538,0.235613,-0.166582
489,0,-0.0948605,-0.577251,1.8374,-nan,-nan,-nan,0.831044,0.556192,0.00407118,0.172769,-0.251174,-0.952398,-0.528694,0.792188,-0.304829,104.774,9.94884,32.4637,0.564589,0.772504,0.235909,-0.16978
497,0,-0.0955344,-0.580332,1.84738,-nan,-nan,-nan,0.82892,0.559359,0.00314026,0.170832,-0.247804,-0.95363,-0.532643,0.791019,-0.300966,104.566,9.83619,32.7238,0.565719,0.770988,0.236771,-0.171696
505,0,-0.0960463,-0.583488,1.85724,-nan,-nan,-nan,0.826512,0.5629,0.00467371,0.175851,-0.250299,-0.952064,-0.534747,0.787714,-0.305862,104.73,10.1282,32.9026,0.563549,0.771795,0.239296,-0.171701
512,0,-0.0966067,-0.586463,1.86661,-nan,-nan,-nan,0.81706,0.576496,0.00804044,0.180163,-0.242046,-0.953391,-0.54768,0.780427,-0.30163,104.245,10.3793,33.8342,0.564222,0.768234,0.246233,-0.17561
520,0,-0.0968459,-0.589816,1.87782,-nan,-nan,-nan,0.812379,0.583082,0.00748261,0.18179,-0.241045,-0.953336,-0.554069,0.77583,-0.301819,104.19,10.4741,34.2953,0.563364,0.76734,0.249196,-0.178078
528,0,-0.0972204,-0.592181,1.88487,-nan,-nan,-nan,0.80804,0.589083,0.00729682,0.184056,-0.240664,-0.952997,-0.559639,0.771403,-0.30289,104.173,10.6061,34.706,0.562247,0.766745,0.252085,-0.180093
534,0,-0.0973269,-0.593333,1.88781,-nan,-nan,-nan,0.779246,0.62651,0.0161635,0.204328,-0.22959,-0.951598,-0.592475,0.744831,-0.306921,103.564,11.7902,37.2464,0.55739,0.76088,0.272986,-0.189357
542,0,-0.0985971,-0.597051,1.89878,-nan,-nan,-nan,0.781201,0.624114,0.0143777,0.202467,-0.231507,-0.951531,-0.590535,0.746248,-0.307216,103.674,11.6813,37.0868,0.557332,0.761565,0.271343,-0.189136
550,0,-0.0962822,-0.600701,1.91135,-nan,-nan,-nan,0.768119,0.640166,0.0134646,0.20344,-0.224056,-0.953106,-0.607129,0.734838,-0.302337,103.229,11.7382,38.3232,0.557164,0.757382,0.278461,-0.195959
557,0,-0.0951949,-0.602476,1.91727,-nan,-nan,-nan,0.730126,0.683266,0.00800012,0.203866,-0.206643,-0.956942,-0.652193,0.700319,-0.29017,102.185,11.7631,41.7732,0.555273,0.746146,0.297238,-0.21584
564,0,-0.100003,-0.603935,1.92077,-nan,-nan,-nan,0.805597,0.592422,0.00709986,0.182446,-0.236661,-0.954309,-0.563673,0.770083,-0.298738,103.928,10.5123,34.9803,0.563515,0.765016,0.25322,-0.181883
571,0,-0.0997051,-0.606901,1.9306,-nan,-nan,-nan,0.824655,0.565604,0.00595435,0.174783,-0.244795,-0.953691,-0.537954,0.787507,-0.300729,104.396,10.066,33.1179,0.565494,0.769769,0.240457,-0.172779
578,0,-0.100956,-0.610601,1.9423,-nan,-nan,-nan,0.835081,0.549995,0.0120141,0.174341,-0.243869,-0.954009,-0.521771,0.79877,-0.299537,104.339,10.0403,31.9977,0.568259,0.771117,0.234833,-0.165266
586,0,-0.101362,-0.613235,1.9515,-nan,-nan,-nan,0.84207,0.539071,0.0179038,0.173376,-0.239096,-0.955392,-0.510743,0.807611,-0.294798,104.05,9.98418,31.2382,0.571878,0.770708,0.231101,-0.159866
593,0,-0.101604,-0.615791,1.95813,-nan,-nan,-nan,0.839979,0.542426,0.0144822,0.174532,-0.24481,-0.953733,-0.513784,0.803643,-0.300306,104.396,10.0515,31.4526,0.56896,0.772188,0.232119,-0.161652
600,0,-0.101948,-0.618332,1.96623,-nan,-nan,-nan,0.871522,0.490071,0.0167219,0.162249,-0.256021,-0.952958,-0.462736,0.833237,-0.302642,105.038,9.33748,27.9661,0.5729,0.779453,0.209224,-0.143054
607,0,-0.105959,-0.622135,1.97867,-nan,-nan,-nan,0.934866,0.354868,0.00972971,0.116723,-0.28138,-0.952471,-0.335264,0.891568,-0.304473,106.458,6.70299,19.729,0.580735,0.793839,0.148516,-0.102519
614,0,-0.105811,-0.631509,2.01061,-nan,-nan,-nan,0.969797,0.237855,-0.0540322,0.024829,-0.316636,-0.948222,-0.242648,0.918241,-0.312979,108.466,1.42274,14.0473,0.578831,0.806135,0.081464,-0.092007
622,0,-0.107388,-0.64239,2.04708,-nan,-nan,-nan,0.987025,0.0357657,-0.156533,-0.134896,-0.344065,-0.929205,-0.0870913,0.938264,-0.334776,110.319,-7.75261,5.0425,0.571879,0.816374,-0.0303569,-0.0746057
630,0,-0.107483,-0.64666,2.05632,-nan,-nan,-nan,0.976431,0.0276092,-0.214055,-0.192704,-0.335114,-0.92226,-0.0971957,0.941773,-0.321895,109.969,-11.1106,5.68459,0.57433,0.811394,-0.0508676,-0.0959
638,0,-0.109681,-0.648052,2.06392,-nan,-nan,-nan,0.970205,0.0289705,-0.240546,-0.218164,-0.327383,-0.919361,-0.105385,0.944447,-0.311309,109.601,-12.6012,6.19924,0.576956,0.807604,-0.0585662,-0.107085
646,0,-0.112932,-0.641249,2.06157,-nan,-nan,-nan,0.998621,-0.0521032,-0.00639752,-0.0213581,-0.291947,-0.956196,0.0479532,0.955014,-0.292657,106.979,-1.22382,-2.7492,0.594562,0.803621,-0.0228532,0.0129276
653,0,-0.113995,-0.642019,2.06584,-nan,-nan,-nan,0.999377,-0.0279106,0.0216094,0.0128034,-0.283878,-0.958775,0.0328944,0.958454,-0.283344,106.493,0.7336,-1.8852,0.598363,0.80103,-0.00471492,0.0170105
660,0,-0.114659,-0.643848,2.07162,-nan,-nan,-nan,0.999667,0.0157707,0.0204227,0.0240985,-0.287728,-0.957409,-0.0092228,0.957582,-0.288012,106.727,1.38088,0.528588,0.596642,0.802404,0.0124218,0.00348948
668,0,-0.114403,-0.64624,2.07842,-nan,-nan,-nan,0.999261,0.0376004,0.00801279,0.0185233,-0.288252,-0.957375,-0.033688,0.956816,-0.288735,106.756,1.06137,1.93088,0.596295,0.802535,0.0174833,-0.00799817
676,0,-0.114943,-0.648695,2.08641,-nan,-nan,-nan,0.997496,0.0705378,0.0050681,0.0253718,-0.290053,-0.956674,-0.0660117,0.954407,-0.291117,106.867,1.45385,3.78616,0.595048,0.802911,0.0298631,-0.0189758
683,0,-0.115543,-0.651807,2.09585,-nan,-nan,-nan,0.995557,0.0932772,0.0128883,0.0399811,-0.294807,-0.95472,-0.0852541,0.950993,-0.297226,107.16,2.29136,4.89456,0.592352,0.804299,0.0414206,-0.0224934
691,0,-0.115478,-0.65458,2.10364,-nan,-nan,-nan,0.993694,0.111861,0.00772544,0.0410928,-0.299202,-0.953305,-0.104326,0.94761,-0.301911,107.425,2.3551,5.99341,0.590038,0.80542,0.0474763,-0.0299845
699,0,-0.115723,-0.657095,2.11146,-nan,-nan,-nan,0.993387,0.114766,-0.00315866,0.0323652,-0.306329,-0.951375,-0.110153,0.944982,-0.308018,107.848,1.85471,6.32749,0.587163,0.807424,0.0455558,-0.0350845
706,0,-0.116669,-0.659437,2.11874,-nan,-nan,-nan,0.991639,0.128731,0.00892546,0.0476763,-0.301228,-0.952359,-0.11991,0.944823,-0.304847,107.552,2.73268,6.89476,0.58855,0.805871,0.0547256,-0.0344298
714,0,-0.117086,-0.662291,2.12826,-nan,-nan,-nan,0.991676,0.128593,0.00644467,0.0445824,-0.295988,-0.954151,-0.12079,0.946496,-0.299258,107.234,2.55523,6.94462,0.590853,0.804196,0.053835,-0.0355464
722,0,-0.117964,-0.66532,2.13865,-nan,-nan,-nan,0.988402,0.1516,0.00893363,0.0529806,-0.289097,-0.955833,-0.142322,0.94522,-0.293776,106.828,3.03699,8.19379,0.592775,0.80176,0.0637911,-0.0415922
729,0,-0.11791,-0.667934,2.14701,-nan,-nan,-nan,0.986299,0.164963,0.00115141,0.0492832,-0.287985,-0.956366,-0.157433,0.94332,-0.292169,106.758,2.82486,9.06905,0.592905,0.801008,0.0668676,-0.0487766
736,0,-0.118969,-0.668389,2.14804,-nan,-nan,-nan,0.986128,0.16494,0.0185919,0.067463,-0.29594,-0.952821,-0.151656,0.940858,-0.302962,107.254,3.86829,8.743,0.588903,0.803902,0.0722735,-0.0413808
743,0,-0.119041,-0.670111,2.15301,-nan,-nan,-nan,0.9809,0.193529,0.0195375,0.0775039,-0.29674,-0.951808,-0.178405,0.935143,-0.306071,107.316,4.4451,10.3082,0.58696,0.803696,0.0843082,-0.0494177
751,0,-0.119439,-0.673864,2.16464,-nan,-nan,-nan,0.964668,0.262713,0.0199433,0.0984471,-0.289208,-0.95219,-0.244385,0.920511,-0.304853,106.895,5.64975,14.216,0.585364,0.799801,0.112891,-0.0701555
758,0,-0.120018,-0.67619,2.17255,-nan,-nan,-nan,0.959627,0.280861,0.0152726,0.0970684,-0.279717,-0.955163,-0.263997,0.918082,-0.295686,106.323,5.57038,15.3818,0.588265,0.796089,0.118683,-0.0781081
765,0,-0.119757,-0.677199,2.17647,-nan,-nan,-nan,0.968481,0.249002,0.00650793,0.0798745,-0.285708,-0.954982,-0.235933,0.925402,-0.296592,106.656,4.58135,13.6912,0.588681,0.798558,0.10296,-0.0718249
772,0,-0.11986,-0.679047,2.18273,-nan,-nan,-nan,0.977236,0.21207,0.00599052,0.0705914,-0.298403,-0.951826,-0.200066,0.930581,-0.306581,107.407,4.04796,11.5701,0.585716,0.803464,0.0879509,-0.0603872
780,0,-0.12042,-0.681308,2.18918,-nan,-nan,-nan,0.98928,0.14592,0.00564635,0.0514786,-0.312299,-0.948588,-0.136655,0.93871,-0.316463,108.223,2.95081,7.86483,0.583206,0.809018,0.0609996,-0.0404839
786,0,-0.12114,-0.68401,2.19614,-nan,-nan,-nan,0.993427,0.114236,0.00728891,0.0423261,-0.307422,-0.950632,-0.106356,0.944691,-0.310236,107.921,2.42583,6.11079,0.586466,0.807943,0.0484448,-0.0306541
794,0,-0.121474,-0.684667,2.19974,-nan,-nan,-nan,0.991329,0.130212,0.0176776,0.0559312,-0.296377,-0.953432,-0.118909,0.946153,-0.30109,107.268,3.20629,6.8399,0.59031,0.804487,0.0578453,-0.0314584
800,0,-0.121415,-0.686704,2.20463,-nan,-nan,-nan,0.992805,0.11902,0.0131518,0.049336,-0.306494,-0.950593,-0.109109,0.944402,-0.31016,107.871,2.82789,6.27161,0.586547,0.807691,0.0521103,-0.029701
808,0,-0.1221,-0.68823,2.21069,-nan,-nan,-nan,0.993858,0.108503,0.0217458,0.0547216,-0.31108,-0.948807,-0.0961835,0.94417,-0.315107,108.152,3.13688,5.52775,0.584738,0.809328,0.0504197,-0.0229937
815,0,-0.122253,-0.689755,2.21579,-nan,-nan,-nan,0.990746,0.134828,0.0156241,0.0562628,-0.303196,-0.951266,-0.123521,0.943342,-0.307976,107.679,3.22533,7.10664,0.587276,0.806523,0.0592331,-0.0334449
822,0,-0.122495,-0.690302,2.21902,-nan,-nan,-nan,0.988009,0.153782,0.0137684,0.0605755,-0.304062,-0.950724,-0.142018,0.940158,-0.309731,107.735,3.47285,8.17973,0.586135,0.806505,0.0664463,-0.0397546
828,0,-0.122635,-0.691023,2.22152,-nan,-nan,-nan,0.986923,0.160596,0.0138185,0.061112,-0.293468,-0.954014,-0.149156,0.942383,-0.299445,107.099,3.50365,8.59418,0.590341,0.803093,0.0690169,-0.0421299
836,0,-0.122635,-0.692395,2.22453,-nan,-nan,-nan,0.987802,0.155505,0.00811864,0.0536925,-0.291199,-0.955155,-0.146168,0.943939,-0.295996,106.955,3.07783,8.41712,0.591736,0.80234,0.0651837,-0.0430145
843,0,-0.122938,-0.692441,2.22578,-nan,-nan,-nan,0.984797,0.173259,0.012465,0.0620221,-0.283686,-0.956909,-0.162257,0.943135,-0.290119,106.513,3.55589,9.35612,0.593926,0.799782,0.0735455,-0.0468229
850,0,-0.12319,-0.694509,2.23196,-nan,-nan,-nan,0.975264,0.220814,0.0100279,0.0763029,-0.293733,-0.952837,-0.207455,0.930033,-0.303317,107.133,4.37609,12.0088,0.586987,0.801922,0.0926266,-0.061548
857,0,-0.123568,-0.696285,2.23704,-nan,-nan,-nan,0.968112,0.249795,0.0190357,0.091918,-0.283497,-0.954558,-0.233047,0.925868,-0.297418,106.541,5.27396,13.5349,0.588897,0.798284,0.107015,-0.0670224
865,0,-0.12402,-0.697741,2.24162,-nan,-nan,-nan,0.967352,0.252919,0.0161689,0.091353,-0.28847,-0.953121,-0.236398,0.923481,-0.302157,106.839,5.24145,13.7326,0.58667,0.799684,0.107628,-0.0688489
871,0,-0.122391,-0.698772,2.24389,-nan,-nan,-nan,0.976716,0.214311,0.00980884,0.0741828,-0.294479,-0.952774,-0.201301,0.931318,-0.303521,107.175,4.25427,11.6456,0.587094,0.802296,0.0898962,-0.0596701
879,0,-0.0988585,-0.705101,2.26366,-nan,-nan,-nan,0.886479,0.460794,0.0427161,0.217635,-0.333659,-0.917228,-0.4084,0.822399,-0.396066,109.99,12.5701,24.7355,0.537762,0.808734,0.209719,-0.113042
886,0,-0.0950425,-0.705085,2.26368,-nan,-nan,-nan,0.879356,0.47532,0.0283658,0.210611,-0.334826,-0.918441,-0.427056,0.813611,-0.394539,110.03,12.1582,25.9033,0.536188,0.807577,0.212342,-0.123422
894,0,-0.0934619,-0.704854,2.26312,-nan,-nan,-nan,0.865477,0.499987,0.0310291,0.218429,-0.320908,-0.921578,-0.45082,0.804382,-0.38695,109.199,12.6168,27.5146,0.537963,0.802081,0.223923,-0.130844
901,0,-0.0941011,-0.704624,2.26224,-nan,-nan,-nan,0.865318,0.50064,0.0241697,0.196528,-0.294533,-0.935215,-0.461087,0.814008,-0.353254,107.481,11.334,28.0511,0.551709,0.792639,0.219888,-0.137805
908,0,-0.107741,-0.707048,2.26564,-nan,-nan,-nan,0.901616,0.432459,-0.00823998,0.134962,-0.299373,-0.944543,-0.410943,0.850502,-0.328285,107.586,7.75642,24.5028,0.564348,0.795185,0.178393,-0.131788
916,0,-0.108266,-0.705644,2.26375,-nan,-nan,-nan,0.884959,0.465666,0.00131775,0.13332,-0.25065,-0.958854,-0.446176,0.848722,-0.283898,104.65,7.66148,26.7562,0.581036,0.777738,0.192541,-0.142997
923,0,-0.109328,-0.704468,2.26206,-nan,-nan,-nan,0.888743,0.458359,0.00663334,0.13335,-0.244662,-0.960395,-0.438582,0.854428,-0.278564,104.292,7.66321,26.2657,0.584277,0.776526,0.190499,-0.139065
931,0,-0.109249,-0.703841,2.26126,-nan,-nan,-nan,0.889817,0.45621,0.00994449,0.137191,-0.246674,-0.959339,-0.435207,0.855,-0.282082,104.42,7.88536,26.0631,0.583322,0.777588,0.190783,-0.136725
937,0,-0.109527,-0.704111,2.26376,-nan,-nan,-nan,0.890782,0.4542,0.0144807,0.141157,-0.246268,-0.958867,-0.431951,0.856186,-0.283485,104.404,8.1148,25.8693,0.583316,0.777903,0.191334,-0.134165
945,0,-0.109561,-0.704036,2.26281,-nan,-nan,-nan,0.885619,0.464242,0.0125909,0.14465,-0.249979,-0.957385,-0.441311,0.8497,-0.288539,104.634,8.31703,26.4874,0.580323,0.778482,0.195538,-0.137678
952,0,-0.109358,-0.704071,2.26195,-nan,-nan,-nan,0.870428,0.492255,0.00639186,0.149893,-0.252637,-0.95588,-0.468922,0.832983,-0.293688,104.805,8.62075,28.3125,0.575348,0.777295,0.206533,-0.148763
959,0,-0.109978,-0.704942,2.26493,-nan,-nan,-nan,0.864668,0.502293,0.00714252,0.154939,-0.25314,-0.954942,-0.477852,0.826814,-0.296707,104.847,8.91328,28.9269,0.573328,0.776936,0.211482,-0.151464
965,0,-0.108889,-0.704871,2.26411,-nan,-nan,-nan,0.841184,0.540676,0.00893533,0.170089,-0.248868,-0.953485,-0.513303,0.803576,-0.301306,104.628,9.79301,31.3921,0.568113,0.773201,0.229812,-0.163078
973,0,-0.109438,-0.70723,2.27102,-nan,-nan,-nan,0.821873,0.569503,0.0138636,0.179276,-0.235468,-0.955204,-0.540727,0.787542,-0.295623,103.848,10.3276,33.3417,0.568063,0.766969,0.244071,-0.171736
979,0,-0.109878,-0.708555,2.27449,-nan,-nan,-nan,0.802494,0.59627,0.0215511,0.191776,-0.223563,-0.955637,-0.565,0.771026,-0.293758,103.167,11.0564,35.1476,0.566828,0.761547,0.258699,-0.178403
987,0,-0.109314,-0.710492,2.28234,-nan,-nan,-nan,0.767376,0.640442,0.0311298,0.201542,-0.194829,-0.959908,-0.6087,0.742884,-0.278583,101.473,11.6271,38.4222,0.568763,0.748463,0.281237,-0.192919
993,0,-0.1114,-0.71107,2.28512,-nan,-nan,-nan,0.781708,0.622439,0.0387521,0.206068,-0.19915,-0.958058,-0.588615,0.756908,-0.283942,101.743,11.892,36.9792,0.569784,0.752463,0.275265,-0.182688
1001,0,-0.111311,-0.711758,2.28709,-nan,-nan,-nan,0.780363,0.624175,0.0379526,0.206478,-0.199906,-0.957812,-0.590255,0.755277,-0.284877,101.789,11.916,37.1033,0.569118,0.75252,0.275957,-0.183484
1007,0,-0.110798,-0.711487,2.28588,-nan,-nan,-nan,0.795059,0.605793,0.0299319,0.198181,-0.212825,-0.956781,-0.573241,0.76663,-0.289265,102.541,11.4306,35.7917,0.568544,0.757817,0.265227,-0.179235
1015,0,-0.110309,-0.712278,2.2868,-nan,-nan,-nan,0.79613,0.604721,0.0221207,0.193435,-0.219683,-0.956202,-0.573376,0.76554,-0.291871,102.939,11.1533,35.7616,0.566696,0.759553,0.262706,-0.181441
1021,0,-0.110553,-0.713092,2.28949,-nan,-nan,-nan,0.772296,0.635018,0.0176204,0.200239,-0.217016,-0.95541,-0.602879,0.741388,-0.294756,102.797,11.551,37.9767,0.561365,0.755657,0.276335,-0.193626
1029,0,-0.111346,-0.715344,2.29952,-nan,-nan,-nan,0.750909,0.660239,0.0148602,0.201066,-0.207129,-0.957429,-0.629054,0.721929,-0.288286,102.207,11.5993,39.9537,0.560244,0.749387,0.287336,-0.204899
1036,0,-0.113557,-0.721298,2.32594,-nan,-nan,-nan,0.706333,0.706631,0.042029,0.226761,-0.169622,-0.959066,-0.670576,0.686951,-0.280046,100.03,13.1065,43.5124,0.560505,0.734166,0.317841,-0.214034
1043,0,-0.115669,-0.726552,2.34653,-nan,-nan,-nan,0.671569,0.737402,0.0723384,0.2508,-0.134365,-0.958668,-0.697204,0.661955,-0.275176,97.9785,14.5249,46.073,0.5617,0.721303,0.342506,-0.216575
1050,0,-0.122728,-0.736267,2.39637,-nan,-nan,-nan,0.549924,0.811792,0.196411,0.331224,0.00391035,-0.943544,-0.766729,0.583934,-0.266735,89.7625,19.3431,54.3507,0.567252,0.673192,0.424477,-0.211796
1058,0,-0.122222,-0.736484,2.40678,-nan,-nan,-nan,0.491966,0.813663,0.309713,0.398049,0.106167,-0.9112,-0.774291,0.571561,-0.271647,83.3542,23.4563,57.5691,0.575866,0.643709,0.470598,-0.18043
1065,0,-0.122233,-0.73752,2.42387,-nan,-nan,-nan,0.490286,0.777627,0.393594,0.433222,0.174419,-0.884249,-0.756266,0.604048,-0.25137,78.8416,25.6722,57.0448,0.594419,0.625947,0.483607,-0.144849
1073,0,-0.112567,-0.733483,2.43299,-nan,-nan,-nan,0.503016,0.73516,0.454439,0.469165,0.209322,-0.857944,-0.72585,0.644767,-0.239619,76.2888,27.9801,55.2779,0.606778,0.619135,0.486293,-0.109593
1081,0,-0.125762,-0.740352,2.4372,-nan,-nan,-nan,0.441739,0.781829,0.440012,0.439654,0.238874,-0.865819,-0.78203,0.575919,-0.238214,74.5761,26.0818,60.5396,0.6005,0.600225,0.508761,-0.142454
1088,0,-0.123237,-0.738151,2.44337,-nan,-nan,-nan,0.414606,0.75878,0.50235,0.458602,0.302584,-0.83554,-0.785994,0.576798,-0.222525,70.0926,27.2969,62.1887,0.611282,0.577613,0.526902,-0.122766
1096,0,-0.123557,-0.739114,2.45426,-nan,-nan,-nan,0.363629,0.724889,0.585073,0.468949,0.400234,-0.787337,-0.804898,0.560668,-0.1944,63.054,27.9661,65.688,0.626391,0.538004,0.554753,-0.102149
1104,0,-0.127611,-0.740236,2.46906,-nan,-nan,-nan,0.275715,0.703667,0.654854,0.442272,0.512001,-0.736376,-0.85345,0.492654,-0.170045,55.1892,26.2489,72.0964,0.635939,0.483156,0.592944,-0.10276
1111,0,-0.124084,-0.742543,2.46519,-nan,-nan,-nan,0.342883,0.663395,0.665085,0.512105,0.461539,-0.724382,-0.787515,0.588972,-0.181474,57.4968,30.8042,66.4717,0.636975,0.515465,0.570116,-0.0593783
1118,0,-0.1235,-0.74229,2.4618,-nan,-nan,-nan,0.366857,0.633989,0.68079,0.542398,0.448781,-0.710211,-0.755791,0.629805,-0.179236,57.7113,32.8471,64.1083,0.63961,0.523763,0.561507,-0.0357993
1126,0,-0.122729,-0.743779,2.46667,-nan,-nan,-nan,0.381567,0.624103,0.681837,0.548748,0.440649,-0.710425,-0.743829,0.645232,-0.174339,58.1903,33.2812,62.8433,0.641848,0.528029,0.555297,-0.0293509
1133,0,-0.124191,-0.747707,2.4734,-nan,-nan,-nan,0.342442,0.641289,0.686645,0.530509,0.4712,-0.704649,-0.775431,0.605573,-0.178851,56.2293,32.0399,66.173,0.639295,0.51237,0.571754,-0.0433211
1141,0,-0.122458,-0.747633,2.47803,-nan,-nan,-nan,0.302445,0.654074,0.693336,0.508229,0.504713,-0.697831,-0.806369,0.563429,-0.179772,54.1233,30.5459,69.4404,0.637845,0.494344,0.587801,-0.0571632
1149,0,-0.123024,-0.749219,2.4835,-nan,-nan,-nan,0.255329,0.679078,0.68823,0.466387,0.537027,-0.702912,-0.84693,0.500455,-0.179595,52.6201,27.8,73.2232,0.634973,0.473787,0.60442,-0.0837405
1156,0,-0.125033,-0.753158,2.49247,-nan,-nan,-nan,0.201269,0.699498,0.685706,0.413591,0.573884,-0.706824,-0.887938,0.425863,-0.173801,50.9262,24.4306,77.2286,0.632723,0.447545,0.621775,-0.112967
1164,0,-0.123149,-0.752566,2.49649,-nan,-nan,-nan,0.188866,0.709671,0.678746,0.408626,0.571709,-0.711459,-0.892947,0.411724,-0.182013,51.2156,24.1185,78.0575,0.628204,0.446982,0.625471,-0.119804
1171,0,-0.128445,-0.759594,2.5022,-nan,-nan,-nan,0.128067,0.716069,0.686181,0.362056,0.610371,-0.70453,-0.923317,0.338663,-0.181089,49.0959,21.2265,82.1033,0.623969,0.417967,0.644863,-0.141839
1179,0,-0.132045,-0.765585,2.51132,-nan,-nan,-nan,0.0448371,0.716701,0.695938,0.300744,0.654637,-0.693544,-0.95265,0.240396,-0.186191,46.653,17.5023,87.3053,0.615078,0.379602,0.670073,-0.169067
1186,0,-0.133305,-0.768072,2.51629,-nan,-nan,-nan,-0.0186215,0.716796,0.697035,0.242104,0.679641,-0.692441,-0.970072,0.155861,-0.186195,45.5345,14.0107,91.0997,0.607212,0.349261,0.686378,-0.195439
1194,0,-0.133934,-0.769903,2.52189,-nan,-nan,-nan,-0.0438288,0.715289,0.697453,0.214464,0.688585,-0.692717,-0.975748,0.119218,-0.183584,45.1714,12.3841,92.5719,0.604395,0.335846,0.692098,-0.20716
1200,0,-0.134996,-0.772407,2.52881,-nan,-nan,-nan,-0.0815892,0.718858,0.690352,0.174227,0.692283,-0.700278,-0.98132,0.0631426,-0.181727,45.329,10.0337,94.7528,0.597697,0.319318,0.699214,-0.227804
1208,0,-0.132744,-0.772075,2.53981,-nan,-nan,-nan,-0.157455,0.687241,0.70916,0.0646979,0.723754,-0.687018,-0.985405,-0.0622931,-0.158422,43.5084,3.70951,99.0784,0.59327,0.263255,0.714078,-0.262335
1216,0,-0.133496,-0.775654,2.54882,-nan,-nan,-nan,-0.219022,0.660857,0.717842,-0.0123165,0.733774,-0.679282,-0.975642,-0.157619,-0.152573,42.7916,-0.705703,102.653,0.583562,0.223482,0.725495,-0.28839
1224,0,-0.1308,-0.7744,2.54816,-nan,-nan,-nan,-0.304309,0.613369,0.728818,-0.0896371,0.74327,-0.662959,-0.948347,-0.267073,-0.171203,41.7313,-5.14273,107.791,0.562974,0.175801,0.744779,-0.312184
1231,0,-0.130745,-0.77442,2.54927,-nan,-nan,-nan,-0.357543,0.585624,0.727467,-0.124476,0.742124,-0.658603,-0.925564,-0.326031,-0.192445,41.5876,-7.15051,111.121,0.545925,0.152297,0.756986,-0.325182
1239,0,-0.130722,-0.774613,2.55024,-nan,-nan,-nan,-0.372619,0.571463,0.731153,-0.157399,0.737558,-0.656684,-0.914539,-0.359776,-0.18488,41.6803,-9.05597,112.168,0.543153,0.13666,0.757472,-0.335478
1247,0,-0.130843,-0.776164,2.55468,-nan,-nan,-nan,-0.369805,0.58111,0.724952,-0.165734,0.726493,-0.666888,-0.914208,-0.366768,-0.172351,42.5505,-9.53988,112.024,0.544136,0.137888,0.753102,-0.343133
1255,0,-0.131566,-0.776625,2.55797,-nan,-nan,-nan,-0.388596,0.572523,0.721949,-0.191406,0.716277,-0.671052,-0.901308,-0.398954,-0.168758,43.1329,-11.0349,113.323,0.538266,0.126377,0.753928,-0.35481
1263,0,-0.131735,-0.778496,2.56374,-nan,-nan,-nan,-0.374853,0.574361,0.727732,-0.183395,0.723517,-0.6655,-0.908764,-0.382927,-0.165878,42.6083,-10.5676,112.416,0.54378,0.129911,0.752371,-0.348374
1271,0,-0.132376,-0.781854,2.57352,-nan,-nan,-nan,-0.373009,0.577202,0.726431,-0.182057,0.722185,-0.667311,-0.909791,-0.381165,-0.164298,42.7384,-10.4896,112.293,0.544261,0.131438,0.75158,-0.348757
1278,0,-0.132748,-0.784116,2.58223,-nan,-nan,-nan,-0.376581,0.575483,0.725952,-0.17866,0.723813,-0.666465,-0.908993,-0.380677,-0.169758,42.638,-10.2917,112.503,0.542557,0.131686,0.753351,-0.347495
1286,0,-0.133408,-0.787227,2.59316,-nan,-nan,-nan,-0.361984,0.582794,0.727544,-0.170353,0.725972,-0.666292,-0.916487,-0.365126,-0.163509,42.5455,-9.80834,111.552,0.547832,0.137436,0.750244,-0.343694
1294,0,-0.133978,-0.789772,2.60147,-nan,-nan,-nan,-0.350315,0.58895,0.728298,-0.149089,0.732595,-0.664137,-0.92469,-0.341238,-0.168832,42.194,-8.57416,110.749,0.550783,0.146563,0.75029,-0.334995
1301,0,-0.134284,-0.792383,2.61004,-nan,-nan,-nan,-0.349969,0.591953,0.726026,-0.140255,0.73319,-0.665402,-0.926202,-0.334699,-0.173569,42.2251,-8.06263,110.699,0.549921,0.150341,0.75112,-0.33287
1309,0,-0.134359,-0.794887,2.61789,-nan,-nan,-nan,-0.346113,0.589366,0.729968,-0.12901,0.740768,-0.659256,-0.92928,-0.32235,-0.180356,41.6679,-7.41238,110.428,0.550976,0.152868,0.752867,-0.325956
1316,0,-0.134578,-0.797446,2.62562,-nan,-nan,-nan,-0.342203,0.587606,0.733223,-0.127935,0.743931,-0.655896,-0.930876,-0.318254,-0.1794,41.4014,-7.35027,110.184,0.552795,0.152697,0.752585,-0.323602
1324,0,-0.134929,-0.798938,2.62995,-nan,-nan,-nan,-0.353719,0.592707,0.723589,-0.128118,0.735608,-0.665181,-0.926536,-0.327992,-0.184263,42.1218,-7.36085,110.895,0.547181,0.154057,0.753921,-0.329336
1332,0,-0.135116,-0.801591,2.6383,-nan,-nan,-nan,-0.341611,0.597191,0.725717,-0.116755,0.739223,-0.663263,-0.932561,-0.311309,-0.182801,41.8999,-6.70487,110.119,0.551092,0.159662,0.752269,-0.323878
1338,0,-0.13565,-0.80511,2.64904,-nan,-nan,-nan,-0.323072,0.612052,0.721815,-0.082522,0.741591,-0.665757,-0.942769,-0.274653,-0.18908,41.9156,-4.73355,108.916,0.5544,0.176363,0.750624,-0.31321
1346,0,-0.136279,-0.808499,2.66108,-nan,-nan,-nan,-0.275654,0.630177,0.725873,-0.0333813,0.748398,-0.662409,-0.960677,-0.206826,-0.185263,41.5121,-1.91296,106.01,0.567336,0.200755,0.743188,-0.292401
1353,0,-0.137237,-0.811014,2.67115,-nan,-nan,-nan,-0.290777,0.621889,0.72712,-0.0387737,0.751673,-0.658395,-0.956005,-0.219639,-0.194457,41.2153,-2.22213,106.918,0.562681,0.19494,0.747815,-0.293533
1361,0,-0.137567,-0.814364,2.67939,-nan,-nan,-nan,-0.265264,0.638566,0.722404,-0.0145239,0.746514,-0.665211,-0.964066,-0.186949,-0.188749,41.7039,-0.832189,105.384,0.568441,0.21034,0.741709,-0.287229
1367,0,-0.137259,-0.815652,2.68552,-nan,-nan,-nan,-0.243402,0.643294,0.725899,0.000590104,0.748505,-0.663129,-0.969925,-0.160979,-0.182567,41.539,0.0338104,104.087,0.575008,0.218323,0.737305,-0.279432
1375,0,-0.138545,-0.819275,2.69843,-nan,-nan,-nan,-0.27283,0.631202,0.72605,-0.0456391,0.745339,-0.665121,-0.960979,-0.214601,-0.174543,41.7449,-2.61583,105.85,0.569642,0.197721,0.740391,-0.297047
1381,0,-0.138256,-0.820026,2.70234,-nan,-nan,-nan,-0.265713,0.626707,0.732553,-0.0468432,0.750578,-0.659119,-0.962913,-0.209452,-0.170082,41.2879,-2.6849,105.427,0.57332,0.19608,0.739319,-0.293706
1389,0,-0.138655,-0.822604,2.71088,-nan,-nan,-nan,-0.25744,0.628897,0.733631,-0.0529668,0.748895,-0.660569,-0.964842,-0.208915,-0.159485,41.4141,-3.03619,104.94,0.577055,0.195672,0.735836,-0.295406
1395,0,-0.138982,-0.824424,2.71531,-nan,-nan,-nan,-0.271258,0.621287,0.735134,-0.06872,0.74932,-0.658633,-0.96005,-0.229178,-0.160564,41.3147,-3.94047,105.777,0.573911,0.187074,0.738435,-0.300572
1403,0,-0.139808,-0.8271,2.72217,-nan,-nan,-nan,-0.237412,0.64399,0.727263,-0.0143828,0.746256,-0.665504,-0.971303,-0.168459,-0.167908,41.7263,-0.824105,103.735,0.578994,0.214616,0.733413,-0.284275
1410,0,-0.139788,-0.828567,2.72789,-nan,-nan,-nan,-0.24079,0.632271,0.736379,-0.0103034,0.756994,-0.65334,-0.970522,-0.164905,-0.175762,40.7966,-0.590354,103.934,0.578887,0.210937,0.737148,-0.277504
1417,0,-0.140079,-0.829656,2.7326,-nan,-nan,-nan,-0.254249,0.623298,0.739498,-0.0253353,0.760069,-0.649348,-0.966807,-0.183831,-0.177455,40.5082,-1.45176,104.734,0.576274,0.201951,0.740232,-0.281391
1424,0,-0.140048,-0.832826,2.73929,-nan,-nan,-nan,-0.308182,0.605907,0.733417,-0.0837891,0.750657,-0.655358,-0.94763,-0.263422,-0.180571,41.1225,-4.80639,108.015,0.561672,0.17445,0.748233,-0.306983
1431,0,-0.140639,-0.831834,2.73958,-nan,-nan,-nan,-0.309816,0.609982,0.729339,-0.0940366,0.743663,-0.661908,-0.946135,-0.273654,-0.173038,41.6711,-5.39587,108.131,0.561429,0.172886,0.746076,-0.313494
1438,0,-0.137411,-0.836627,2.75683,-nan,-nan,-nan,-0.342339,0.577671,0.741013,-0.142916,0.747475,-0.648734,-0.928644,-0.32799,-0.173331,40.9548,-8.21662,110.236,0.554934,0.144497,0.752188,-0.324628
1445,0,-0.128351,-0.842081,2.78603,-nan,-nan,-nan,-0.60873,0.36895,0.70237,-0.439745,0.579957,-0.685765,-0.660358,-0.726309,-0.190793,49.7785,-26.0876,132.67,0.441711,-0.0229473,0.771278,-0.457706
1453,0,-0.114178,-0.844902,2.80187,-nan,-nan,-nan,-0.293053,0.664871,0.687071,-0.0242839,0.713213,-0.700526,-0.955788,-0.221976,-0.192863,44.4858,-1.3915,107.046,0.553917,0.215985,0.741473,-0.311037
1460,0,-0.128114,-0.8453,2.79694,-nan,-nan,-nan,-0.720784,0.135001,0.679887,-0.595331,0.381824,-0.706959,-0.355037,-0.914322,-0.194843,61.6268,-36.5363,153.776,0.341394,-0.151851,0.757867,-0.534817
1468,0,-0.128678,-0.845374,2.80037,-nan,-nan,-nan,-0.731645,0.100114,0.674295,-0.612247,0.338444,-0.714569,-0.299749,-0.935646,-0.186326,64.6562,-37.7522,157.721,0.32422,-0.170468,0.751068,-0.549289
1475,0,-0.129054,-0.845938,2.80344,-nan,-nan,-nan,-0.730486,0.0743861,0.678865,-0.629488,0.312138,-0.711557,-0.26483,-0.94712,-0.181187,66.3144,-39.0124,160.072,0.316412,-0.18612,0.745623,-0.556138
1483,0,-0.129261,-0.847993,2.80839,-nan,-nan,-nan,-0.732973,0.0612144,0.677498,-0.633806,0.300265,-0.712833,-0.247064,-0.95189,-0.181288,67.1579,-39.3315,161.372,0.310646,-0.192387,0.744064,-0.559335
1490,0,-0.129392,-0.849868,2.8144,-nan,-nan,-nan,-0.734093,0.0457525,0.677506,-0.638739,0.292115,-0.711815,-0.230477,-0.955288,-0.185215,67.6877,-39.6979,162.57,0.305289,-0.199379,0.743543,-0.560527
1498,0,-0.12984,-0.851917,2.82079,-nan,-nan,-nan,-0.73828,0.0439039,0.673064,-0.634801,0.292044,-0.715359,-0.227971,-0.955397,-0.18774,67.7924,-39.4052,162.84,0.3025,-0.198379,0.744658,-0.560914
1506,0,-0.129825,-0.853615,2.8267,-nan,-nan,-nan,-0.728718,-0.0399453,0.683648,-0.674306,0.216069,-0.706135,-0.119508,-0.975561,-0.184388,72.9865,-42.4003,170.687,0.27521,-0.244746,0.729585,-0.576251
1513,0,-0.129882,-0.854832,2.8313,-nan,-nan,-nan,-0.728755,-0.0564024,0.682448,-0.677638,0.202906,-0.706849,-0.098605,-0.977572,-0.18609,73.9835,-42.6593,172.294,0.268357,-0.252204,0.727625,-0.57874
1521,0,-0.130277,-0.856459,2.83629,-nan,-nan,-nan,-0.726043,-0.0904193,0.681679,-0.685705,0.169698,-0.707822,-0.0516787,-0.981339,-0.185209,76.518,-43.2911,175.929,0.254188,-0.269011,0.721275,-0.585478
1529,0,-0.133194,-0.862526,2.8492,-nan,-nan,-nan,-0.691389,-0.194981,0.695675,-0.716139,0.0576301,-0.695574,0.0955319,-0.979112,-0.179478,85.2637,-45.7366,-172.133,0.21608,-0.328047,0.694352,-0.602968
1536,0,-0.13186,-0.86419,2.8605,-nan,-nan,-nan,-0.681312,-0.254172,0.686447,-0.709679,-0.000418698,-0.704525,0.179358,-0.967159,-0.180095,90.0341,-45.2088,-165.251,0.185859,-0.353271,0.68209,-0.612706
1544,0,-0.131881,-0.867042,2.87101,-nan,-nan,-nan,-0.662029,-0.29398,0.689415,-0.711078,-0.0442911,-0.701717,0.236826,-0.954785,-0.179721,93.6116,-45.3227,-160.316,0.168789,-0.374828,0.670347,-0.617778
1552,0,-0.132716,-0.869306,2.87874,-nan,-nan,-nan,-0.645801,-0.328992,0.688989,-0.707371,-0.0818053,-0.702093,0.287346,-0.940783,-0.179889,96.6459,-45.0214,-156.014,0.152073,-0.392394,0.660281,-0.622036
1558,0,-0.132917,-0.870886,2.88292,-nan,-nan,-nan,-0.636334,-0.31902,0.702357,-0.719182,-0.0839915,-0.689727,0.279029,-0.944019,-0.175986,96.943,-45.987,-156.323,0.161003,-0.394856,0.65733,-0.621357
1566,0,-0.132846,-0.869304,2.87797,-nan,-nan,-nan,-0.660774,-0.277267,0.697496,-0.718062,-0.0370664,-0.694992,0.218552,-0.960078,-0.174602,93.0529,-45.8947,-161.698,0.178576,-0.371111,0.670505,-0.617098
1572,0,-0.131918,-0.869052,2.87926,-nan,-nan,-nan,-0.662391,-0.281103,0.69442,-0.715774,-0.036155,-0.697396,0.221147,-0.958996,-0.177257,92.9677,-45.7066,-161.538,0.176207,-0.371154,0.671471,-0.616703
1580,0,-0.132431,-0.872294,2.88957,-nan,-nan,-nan,-0.67592,-0.268364,0.686377,-0.71068,-0.00921225,-0.703455,0.195105,-0.963274,-0.184494,90.7503,-45.2903,-163.899,0.180536,-0.359787,0.680294,-0.612503
1586,0,-0.133358,-0.875818,2.9,-nan,-nan,-nan,-0.662566,-0.28494,0.692687,-0.714774,-0.0358406,-0.698437,0.223839,-0.957875,-0.179921,92.9376,-45.6247,-161.333,0.174408,-0.371885,0.672058,-0.616134
1594,0,-0.134029,-0.877914,2.90532,-nan,-nan,-nan,-0.675982,-0.263737,0.688107,-0.711706,-0.00850699,-0.702425,0.191109,-0.964557,-0.181953,90.6939,-45.3739,-164.214,0.182728,-0.358636,0.679968,-0.61289
1600,0,-0.134557,-0.879545,2.91063,-nan,-nan,-nan,-0.685999,-0.250011,0.683301,-0.705688,-0.000131378,-0.708522,0.177228,-0.968243,-0.17634,90.0106,-44.8852,-165.514,0.185425,-0.350169,0.682314,-0.614368
