106,0,-0.336918,-0.388614,1.46149,-nan,-nan,-nan,0.835919,0.548525,0.018993,0.188409,-0.254277,-0.948602,-0.515502,0.796532,-0.315902,105.006,10.8599,31.6617,0.562525,0.77558,0.237543,-0.160044
113,0,-0.33787,-0.388906,1.46572,-nan,-nan,-nan,0.84169,0.539073,0.0309453,0.175837,-0.219457,-0.959646,-0.510528,0.813166,-0.279504,102.881,10.1274,31.239,0.579381,0.764959,0.233643,-0.156735
121,0,-0.339084,-0.389488,1.47087,-nan,-nan,-nan,0.844778,0.534208,0.0311599,0.158927,-0.194867,-0.967868,-0.510971,0.822586,-0.24952,101.384,9.14464,31.168,0.591691,0.756499,0.22906,-0.158563
129,0,-0.340402,-0.391475,1.47791,-nan,-nan,-nan,0.840191,0.541397,0.0311189,0.157281,-0.188363,-0.969424,-0.518981,0.819396,-0.243412,100.996,9.04913,31.7034,0.593383,0.753652,0.231764,-0.161833
136,0,-0.340892,-0.393948,1.48797,-nan,-nan,-nan,0.831192,0.555084,0.0316552,0.157131,-0.179913,-0.971052,-0.53332,0.812104,-0.236763,100.497,9.04038,32.6855,0.594667,0.749645,0.237517,-0.167301
143,0,-0.341004,-0.39666,1.49806,-nan,-nan,-nan,0.817703,0.575127,0.0243091,0.159007,-0.185082,-0.969774,-0.553244,0.796853,-0.242791,100.805,9.14923,34.0816,0.589455,0.749262,0.244952,-0.176485
151,0,-0.338425,-0.400259,1.51147,-nan,-nan,-nan,0.788748,0.613958,0.0305261,0.164609,-0.163105,-0.97278,-0.592267,0.772303,-0.229711,99.5182,9.47449,36.9027,0.590748,0.738506,0.263561,-0.190161
159,0,-0.334798,-0.402427,1.52196,-nan,-nan,-nan,0.749859,0.660649,0.0354187,0.184625,-0.157547,-0.970099,-0.635315,0.733977,-0.24011,99.2245,10.6393,40.2728,0.581421,0.73272,0.288403,-0.204681
166,0,-0.339184,-0.397451,1.52757,-nan,-nan,-nan,0.778343,0.627019,0.0320711,0.189368,-0.185754,-0.964176,-0.598599,0.756533,-0.263318,100.905,10.9159,37.5628,0.57647,0.746226,0.273505,-0.189798
173,0,-0.356333,-0.417502,1.56453,-nan,-nan,-nan,0.908061,0.418232,0.0225228,0.14873,-0.271717,-0.950815,-0.391541,0.866748,-0.30894,105.949,8.55333,23.3249,0.576065,0.788784,0.179695,-0.116958
181,0,-0.359307,-0.426778,1.5785,-nan,-nan,-nan,0.904308,0.420231,0.0750513,0.187112,-0.232183,-0.954505,-0.383687,0.87721,-0.288595,103.672,10.7843,22.9909,0.588118,0.778634,0.195003,-0.0990952
189,0,-0.36261,-0.431132,1.59251,-nan,-nan,-nan,0.895261,0.44112,0.0626218,0.17964,-0.228759,-0.956765,-0.407722,0.867804,-0.284041,103.447,10.3488,24.4856,0.587891,0.775896,0.200014,-0.111194
196,0,-0.365587,-0.432925,1.60646,-nan,-nan,-nan,0.897737,0.43732,0.0530962,0.168062,-0.228577,-0.95891,-0.407214,0.869772,-0.278699,103.407,9.67517,24.3991,0.589589,0.775405,0.195183,-0.114172
204,0,-0.367663,-0.435031,1.61848,-nan,-nan,-nan,0.904773,0.424464,0.034865,0.140838,-0.220935,-0.965066,-0.401933,0.878076,-0.259677,102.895,8.09631,23.9525,0.596691,0.772235,0.183008,-0.118833
211,0,-0.370293,-0.437855,1.62972,-nan,-nan,-nan,0.905789,0.422787,0.0282364,0.129405,-0.212555,-0.968543,-0.403485,0.88095,-0.24724,102.378,7.43519,24.0106,0.601248,0.769023,0.179511,-0.121989
219,0,-0.37232,-0.440508,1.63887,-nan,-nan,-nan,0.905188,0.423545,0.0352683,0.136332,-0.210761,-0.967984,-0.402551,0.881016,-0.248521,102.283,7.83562,23.9755,0.601229,0.768842,0.182052,-0.119427
226,0,-0.374364,-0.442727,1.6478,-nan,-nan,-nan,0.896925,0.440966,0.0327856,0.137243,-0.207135,-0.968638,-0.420345,0.873295,-0.246304,102.07,7.88834,25.1102,0.600726,0.766545,0.188576,-0.126398
234,0,-0.376356,-0.445249,1.65627,-nan,-nan,-nan,0.884319,0.465533,0.0354685,0.147325,-0.206153,-0.967366,-0.443029,0.860686,-0.250889,102.03,8.47191,26.6101,0.597344,0.765075,0.200261,-0.133177
242,0,-0.378355,-0.443745,1.66574,-nan,-nan,-nan,0.880364,0.473587,0.0259496,0.145542,-0.21767,-0.96511,-0.451416,0.853425,-0.260556,102.71,8.36866,27.1469,0.59206,0.767885,0.20157,-0.138519
249,0,-0.380625,-0.436764,1.67502,-nan,-nan,-nan,0.893366,0.448986,0.0175516,0.14462,-0.250334,-0.957297,-0.42542,0.857755,-0.288573,104.655,8.31529,25.4637,0.581906,0.779787,0.19031,-0.130763
257,0,-0.383227,-0.433203,1.68472,-nan,-nan,-nan,0.900122,0.434245,0.0348225,0.141657,-0.216166,-0.966026,-0.411964,0.874474,-0.256089,102.613,8.14372,24.5924,0.597467,0.770126,0.18695,-0.122429
264,0,-0.386658,-0.41281,1.69818,-nan,-nan,-nan,0.902831,0.427499,0.0462715,0.133283,-0.175911,-0.975341,-0.408817,0.886736,-0.215796,100.224,7.65936,24.3618,0.614639,0.757387,0.185104,-0.11967
272,0,-0.387165,-0.400447,1.70767,-nan,-nan,-nan,0.89564,0.443334,0.0358367,0.12142,-0.166194,-0.978589,-0.427886,0.880815,-0.20268,99.6386,6.97408,25.5358,0.617812,0.752415,0.187647,-0.130264
280,0,-0.385587,-0.387883,1.7213,-nan,-nan,-nan,0.883003,0.468891,0.0211419,0.106445,-0.156178,-0.981976,-0.457138,0.869339,-0.187817,99.0369,6.11044,27.371,0.620284,0.746157,0.192767,-0.146081
287,0,-0.372762,-0.367346,1.7475,-nan,-nan,-nan,0.872308,0.488884,0.0084392,0.0942713,-0.151221,-0.983995,-0.479783,0.859142,-0.177999,98.7369,5.40938,28.8115,0.621106,0.741877,0.196513,-0.158835
295,0,-0.36514,-0.358245,1.7597,-nan,-nan,-nan,0.863773,0.503875,0.00245367,0.100437,-0.167399,-0.98076,-0.493769,0.847401,-0.195202,99.6861,5.76432,29.7541,0.612612,0.746052,0.202503,-0.164639
303,0,-0.362072,-0.351104,1.78173,-nan,-nan,-nan,0.885113,0.465353,0.00462531,0.0874798,-0.156611,-0.983779,-0.45708,0.87116,-0.179327,99.0452,5.01864,27.3122,0.622329,0.74516,0.185475,-0.151798
310,0,-0.359156,-0.342032,1.79928,-nan,-nan,-nan,0.88151,0.470659,0.0376882,0.120547,-0.147162,-0.981739,-0.456518,0.869956,-0.186462,98.5251,6.92367,27.3788,0.62207,0.744166,0.198614,-0.140704
318,0,-0.343953,-0.333142,1.81591,-nan,-nan,-nan,0.868802,0.493988,0.0340497,0.12401,-0.150497,-0.980802,-0.47938,0.856345,-0.192011,98.7236,7.12356,28.8886,0.617716,0.743524,0.207793,-0.149736
325,0,-0.334886,-0.323396,1.83267,-nan,-nan,-nan,0.859557,0.510025,0.0322049,0.117485,-0.135883,-0.983734,-0.497353,0.849359,-0.176719,97.8645,6.74696,30.0543,0.621883,0.736912,0.212885,-0.157803
332,0,-0.324971,-0.314047,1.84697,-nan,-nan,-nan,0.854594,0.518719,0.0244951,0.10684,-0.129468,-0.985811,-0.508188,0.845085,-0.166062,97.4819,6.13318,30.738,0.624312,0.733165,0.213308,-0.164933
340,0,-0.31474,-0.305625,1.85924,-nan,-nan,-nan,0.852648,0.521603,0.0303516,0.11099,-0.124054,-0.986049,-0.510561,0.844121,-0.163667,97.1707,6.37238,30.9129,0.625485,0.7315,0.216197,-0.164118
348,1,-0.312916,-0.311879,1.86237,-nan,-nan,-nan,0.894572,0.444963,0.0418082,0.0991129,-0.106299,-0.989382,-0.435795,0.889218,-0.139194,96.1323,5.68809,25.9732,0.642082,0.731448,0.185959,-0.13466
355,1,-0.313815,-0.313932,1.86658,-nan,-nan,-nan,0.899085,0.436329,0.0355492,0.0887929,-0.102241,-0.990789,-0.428675,0.89396,-0.130666,95.8916,5.09417,25.4914,0.645403,0.730067,0.17982,-0.13462
363,1,-0.314304,-0.314973,1.87135,-nan,-nan,-nan,0.884586,0.465564,0.0275195,0.0822932,-0.097734,-0.991804,-0.459059,0.879601,-0.124767,95.6278,4.72039,27.4272,0.644609,0.72579,0.188711,-0.148645
370,1,-0.313529,-0.317553,1.87653,-nan,-nan,-nan,0.904819,0.425347,0.019577,0.0725035,-0.108601,-0.991438,-0.419579,0.898491,-0.129103,96.2512,4.15779,24.8779,0.645584,0.731868,0.170062,-0.136637
378,0,-0.31133,-0.318458,1.88159,-nan,-nan,-nan,0.868185,0.495975,0.0162553,0.0789053,-0.105632,-0.99127,-0.489927,0.861888,-0.130844,96.0826,4.52565,29.4366,0.638692,0.725372,0.198133,-0.163251
384,0,-0.309317,-0.320062,1.88302,-nan,-nan,-nan,0.860841,0.50827,0.0247889,0.0865538,-0.0982422,-0.991391,-0.501459,0.855576,-0.128564,95.6593,4.96538,30.2217,0.639147,0.722435,0.20584,-0.164953
392,0,-0.304297,-0.321348,1.88476,-nan,-nan,-nan,0.843284,0.536937,0.023896,0.0963625,-0.107303,-0.989546,-0.52876,0.83677,-0.142227,96.1888,5.52975,32.0887,0.63122,0.723328,0.218884,-0.174493
400,0,-0.276938,-0.324163,1.89797,-nan,-nan,-nan,0.745976,0.665679,0.0197793,0.111858,-0.0959624,-0.98908,-0.656511,0.740043,-0.146047,95.5416,6.42243,41.35,0.613182,0.70498,0.27573,-0.225798
408,0,-0.247248,-0.322408,1.90281,-nan,-nan,-nan,0.735356,0.676355,0.0423692,0.129273,-0.0786275,-0.988487,-0.665237,0.732367,-0.145254,94.5479,7.42758,42.134,0.61471,0.699864,0.28778,-0.222496
416,0,-0.231518,-0.322424,1.90624,-nan,-nan,-nan,0.73252,0.680072,0.0302892,0.127185,-0.0930115,-0.987508,-0.668759,0.727222,-0.154627,95.3807,7.30694,42.3948,0.609278,0.703591,0.286835,-0.226861
424,0,-0.218042,-0.322492,1.90877