107,0,-0.333842,-0.3956,1.45228,0.0255614,0.721753,2.48076,0.8181,0.573887,0.0369591,0.190871,-0.210346,-0.958813,-0.542476,0.79146,-0.281622,102.374,11.0036,33.5481,0.575789,0.759945,0.251583,-0.1663
114,1,-0.32467,-0.403101,1.44867,0.0255614,0.721753,2.48076,0.809609,0.58652,0.0229609,0.165571,-0.190669,-0.967591,-0.563133,0.787172,-0.251478,101.148,9.5304,34.821,0.584693,0.750293,0.250599,-0.179987
120,0,-0.314242,-0.412561,1.44814,0.0255614,0.721753,2.48076,0.760846,0.648656,0.0189392,0.172739,-0.174311,-0.969421,-0.625519,0.740852,-0.244672,100.193,9.94712,39.4249,0.579194,0.738212,0.27817,-0.205422
128,0,-0.303828,-0.422681,1.44814,0.0255614,0.721753,2.48076,0.720762,0.693101,0.0106695,0.182915,-0.175323,-0.96737,-0.668614,0.699195,-0.253145,100.273,10.5396,42.8505,0.568396,0.733013,0.298772,-0.224397
135,0,-0.294737,-0.430748,1.45114,0.0255614,0.721753,2.48076,0.684485,0.729026,-0.00118234,0.205909,-0.194884,-0.958969,-0.699343,0.656157,-0.283508,101.487,11.8827,45.6152,0.549111,0.735336,0.31786,-0.238165
142,0,-0.285609,-0.444189,1.45571,0.0255614,0.721753,2.48076,0.590509,0.80697,0.0099677,0.227357,-0.154495,-0.961478,-0.774344,0.570028,-0.274701,99.1285,13.1415,52.6711,0.538821,0.710581,0.363901,-0.268926
149,0,-0.275848,-0.455519,1.45642,0.0255614,0.721753,2.48076,0.556168,0.830918,0.0158649,0.244049,-0.145045,-0.958854,-0.794428,0.537156,-0.283455,98.6019,14.1257,55.0047,0.530959,0.704391,0.381524,-0.276325
156,0,-0.266205,-0.466855,1.46042,0.0255614,0.721753,2.48076,0.530384,0.84769,0.0107247,0.249379,-0.143916,-0.957653,-0.810249,0.510598,-0.287726,98.5464,14.4407,56.7915,0.524104,0.700362,0.391608,-0.285397
164,0,-0.257264,-0.478169,1.46482,0.0255614,0.721753,2.48076,0.536543,0.843857,0.00521352,0.250207,-0.153181,-0.955998,-0.805927,0.514239,-0.293327,99.1032,14.4898,56.3464,0.522024,0.704104,0.388459,-0.284302
171,0,-0.250567,-0.489768,1.46912,0.0255614,0.721753,2.48076,0.518144,0.855213,0.011715,0.266078,-0.148159,-0.952498,-0.812853,0.496648,-0.304321,98.8414,15.431,57.485,0.516155,0.701895,0.39938,-0.285348
178,0,-0.254285,-0.502938,1.4778,0.0255614,0.721753,2.48076,0.515754,0.856664,0.011161,0.26225,-0.145459,-0.953974,-0.815612,0.494943,-0.299681,98.6695,15.2036,57.6927,0.517352,0.70016,0.399521,-0.287238
186,0,-0.257273,-0.511138,1.47024,0.0255614,0.721753,2.48076,0.418528,0.908192,0.00467524,0.308198,-0.137183,-0.941379,-0.854312,0.395434,-0.337318,98.2911,17.9507,63.8997,0.485805,0.687937,0.442043,-0.308763
195,0,-0.259228,-0.523604,1.47762,0.0255614,0.721753,2.48076,0.521861,0.852992,0.00811596,0.281027,-0.162934,-0.945768,-0.80541,0.49584,-0.324742,99.7748,16.3215,57.059,0.508474,0.708791,0.399984,-0.281216
202,0,-0.25959,-0.534638,1.4805,0.0255614,0.721753,2.48076,0.563102,0.826367,0.00585802,0.273985,-0.180001,-0.944739,-0.779646,0.533589,-0.327771,100.787,15.9015,54.1612,0.513646,0.719527,0.382318,-0.268853
209,0,-0.260055,-0.545786,1.48179,0.0255614,0.721753,2.48076,0.582366,0.812898,0.00681666,0.288181,-0.1986,-0.936755,-0.760132,0.547499,-0.34992,101.97,16.7491,52.5429,0.508391,0.729878,0.377145,-0.258028
216,0,-0.259368,-0.555869,1.47832,0.0255614,0.721753,2.48076,0.676771,0.735996,0.0170554,0.26845,-0.225144,-0.936614,-0.685504,0.638451,-0.349949,103.516,15.572,45.3673,0.524804,0.75031,0.334677,-0.222724
224,0,-0.259264,-0.566398,1.47697,0.0255614,0.721753,2.48076,0.709406,0.704358,0.024965,0.259466,-0.228064,-0.938437,-0.655302,0.672211,-0.344547,103.66,15.0384,42.7297,0.533103,0.755317,0.319013,-0.208633
229,0,-0.259711,-0.571431,1.47623,0.0255614,0.721753,2.48076,0.731691,0.681092,0.0272293,0.245688,-0.226258,-0.942574,-0.635819,0.696363,-0.332887,103.498,14.2225,40.9897,0.541421,0.756775,0.306161,-0.201047
237,0,-0.258983,-0.571128,1.47416,0.0255614,0.721753,2.48076,0.755847,0.653904,0.033246,0.238306,-0.227453,-0.94418,-0.609841,0.721578,-0.327749,103.545,13.7866,38.8977,0.54787,0.760107,0.293449,-0.189643
243,0,-0.259002,-0.570884,1.47496,0.0255614,0.721753,2.48076,0.790608,0.610785,0.0433609,0.237503,-0.240615,-0.941115,-0.564386,0.754351,-0.335295,104.342,13.7392,35.5216,0.551067,0.769175,0.275714,-0.169346
250,0,-0.258914,-0.570572,1.47343,0.0255614,0.721753,2.48076,0.811974,0.582256,0.0409392,0.225211,-0.247812,-0.942268,-0.538496,0.774317,-0.332347,104.735,13.0153,33.5521,0.554936,0.773326,0.261037,-0.16085
256,0,-0.258426,-0.570668,1.47135,0.0255614,0.721753,2.48076,0.848795,0.52609,0.0526929,0.228605,-0.275304,-0.933781,-0.476747,0.804634,-0.353943,106.427,13.2149,29.3218,0.552166,0.78709,0.239711,-0.134691
264,0,-0.257865,-0.568987,1.46727,0.0255614,0.721753,2.48076,0.878349,0.474871,0.054781,0.214215,-0.288572,-0.933187,-0.427335,0.831399,-0.355191,107.183,12.3695,25.9439,0.55556,0.794058,0.216951,-0.117294
270,0,-0.257519,-0.567489,1.46453,0.0255614,0.721753,2.48076,0.915955,0.396738,0.0602038,0.192824,-0.303581,-0.93309,-0.351916,0.866278,-0.354567,108.022,11.1176,21.0171,0.56076,0.802201,0.183733,-0.09091
277,0,-0.25629,-0.564526,1.45837,0.0255614,0.721753,2.48076,0.950142,0.30661,0.0567502,0.162201,-0.330552,-0.929745,-0.26631,0.892595,-0.363803,109.572,9.33466,15.6574,0.56031,0.813095,0.144144,-0.0644329
283,0,-0.255187,-0.563171,1.45474,0.0255614,0.721753,2.48076,0.960021,0.274992,0.0523306,0.14783,-0.339303,-0.928989,-0.237709,0.899585,-0.36639,110.064,8.50121,13.9072,0.559984,0.816351,0.129486,-0.0567704
290,0,-0.254392,-0.560118,1.44648,0.0255614,0.721753,2.48076,0.93107,0.363495,0.0312882,0.16303,-0.337798,-0.926992,-0.326388,0.868196,-0.373774,110.022,9.38279,19.3182,0.552154,0.81281,0.161946,-0.0907653
297,0,-0.255635,-0.555537,1.43024,0.0255614,0.721753,2.48076,0.806348,0.590107,0.0397102,0.283006,-0.326012,-0.902011,-0.519337,0.738573,-0.429883,109.871,16.4397,32.784,0.512458,0.80035,0.272728,-0.149818
303,0,-0.255473,-0.553787,1.42598,0.0255614,0.721753,2.48076,0.798958,0.599799,0.0436674,0.289095,-0.319386,-0.90245,-0.527342,0.733644,-0.428575,109.489,16.8038,33.4263,0.512591,0.797953,0.278492,-0.151536
310,0,-0.254855,-0.551465,1.42093,0.0255614,0.721753,2.48076,0.797781,0.601598,0.0403155,0.279922,-0.310325,-0.908483,-0.534031,0.736056,-0.415972,108.859,16.2556,33.7982,0.517563,0.794367,0.277429,-0.15538
316,0,-0.253932,-0.549253,1.416,0.0255614,0.721753,2.48076,0.799664,0.599436,0.0348407,0.270354,-0.307636,-0.912288,-0.53614,0.738943,-0.408065,108.635,15.6854,33.8401,0.520568,0.792995,0.27421,-0.15804
324,0,-0.253008,-0.547302,1.40998,0.0255614,0.721753,2.48076,0.791954,0.609604,0.0345352,0.271568,-0.301014,-0.914134,-0.546864,0.733331,-0.403938,108.226,15.7576,34.6261,0.521297,0.79008,0.278823,-0.162113
330,0,-0.251808,-0.545298,1.40282,0.0255614,0.721753,2.48076,0.779876,0.624505,0.042261,0.287589,-0.297533,-0.910366,-0.555954,0.722127,-0.41164,108.099,16.7137,35.4841,0.517374,0.788836,0.289063,-0.162801
337,0,-0.249598,-0.540446,1.3903,0.0255614,0.721753,2.48076,0.762404,0.646019,0.0374217,0.28965,-0.288977,-0.912466,-0.578657,0.706507,-0.407437,107.573,16.837,37.1981,0.516234,0.784031,0.298352,-0.172581
343,0,-0.246974,-0.535908,1.37618,0.0255614,0.721753,2.48076,0.76197,0.646699,0.0343808,0.289393,-0.292522,-0.911418,-0.579356,0.704423,-0.410043,107.794,16.8216,37.2471,0.514637,0.784942,0.29814,-0.173572
350,0,-0.244973,-0.532009,1.36578,0.0255614,0.721753,2.48076,0.769241,0.638141,0.0323022,0.286304,-0.299045,-0.910276,-0.571225,0.70947,-0.412741,108.186,16.6368,36.5969,0.514163,0.787564,0.293451,-0.171073
356,0,-0.243361,-0.528126,1.35622,0.0255614,0.721753,2.48076,0.757394,0.652566,0.0226215,0.274781,-0.287112,-0.917639,-0.592325,0.701231,-0.39677,107.374,15.949,38.0274,0.518052,0.781229,0.296759,-0.18231
363,0,-0.241927,-0.524951,1.34828,0.0255614,0.721753,2.48076,0.734382,0.678218,0.0265289,0.278598,-0.265566,-0.922961,-0.618924,0.685197,-0.383977,106.052,16.1765,40.1236,0.520778,0.771998,0.30985,-0.191838
369,0,-0.240833,-0.522206,1.34189,0.0255614,0.721753,2.48076,0.729302,0.68347,0.0314146,0.271451,-0.246896,-0.930246,-0.628039,0.686957,-0.36559,104.864,15.7506,40.7334,0.528397,0.765145,0.312007,-0.194938
376,0,-0.239079,-0.518784,1.33265,0.0255614,0.721753,2.48076,0.727348,0.685554,0.0313344,0.266857,-0.240469,-0.933253,-0.63226,0.687161,-0.357849,104.449,15.4773,40.9994,0.531279,0.762507,0.312263,-0.197023
383,0,-0.23758,-0.515564,1.32332,0.0255614,0.721753,2.48076,0.709198,0.704713,0.0204328,0.265337,-0.23995,-0.93382,-0.653173,0.667685,-0.357159,104.411,15.387,42.6451,0.527278,0.759327,0.319379,-0.208323
390,0,-0.236468,-0.511569,1.31464,0.0255614,0.721753,2.48076,0.687358,0.726291,-0.00632706,0.239509,-0.234877,-0.942055,-0.685692,0.646014,-0.335398,104,13.8576,44.9305,0.528461,0.751271,0.321389,-0.230283
396,0,-0.236034,-0.5101,1.31053,0.0255614,0.721753,2.48076,0.640004,0.767295,-0.0406592,0.230124,-0.241897,-0.942618,-0.733101,0.593923,-0.331388,104.393,13.3043,48.8787,0.516411,0.743856,0.335219,-0.26005
403,0,-0.234543,-0.508884,1.30052,0.0255614,0.721753,2.48076,0.594801,0.80234,-0.0496226,0.263691,-0.253052,-0.930823,-0.759393,0.54057,-0.362086,105.209,15.2892,51.9299,0.49489,0.743293,0.35855,-0.272105
409,0,-0.234177,-0.507309,1.28908,0.0255614,0.721753,2.48076,0.559941,0.826315,-0.0605724,0.291398,-0.264844,-0.919209,-0.775598,0.497052,-0.389083,106.073,16.9417,54.1727,0.475924,0.743954,0.375599,-0.280989
417,0,-0.234488,-0.503725,1.28713,0.0255614,0.721753,2.48076,0.630102,0.776512,0.000201772,0.282586,-0.229063,-0.931491,-0.723268,0.586992,-0.363764,103.815,16.4146,48.938,0.509233,0.745475,0.355176,-0.242485
424,0,-0.234623,-0.501647,1.28472,0.0255614,0.721753,2.48076,0.718485,0.694486,0.0383307,0.231801,-0.187125,-0.954595,-0.65578,0.694747,-0.295429,101.091,13.4031,42.3876,0.555862,0.741795,0.312178,-0.208093
431,0,-0.233334,-0.499669,1.27581,0.0255614,0.721753,2.48076,0.721908,0.690887,0.0390419,0.238528,-0.195482,-0.951258,-0.64958,0.696033,-0.305916,101.613,13.7997,41.9812,0.552383,0.745538,0.311659,-0.204731
438,0,-0.231532,-0.496715,1.26743,0.0255614,0.721753,2.48076,0.7328,0.678458,0.051952,0.252993,-0.200788,-0.946403,-0.631663,0.706668,-0.318782,101.978,14.6547,40.7609,0.550734,0.750395,0.31032,-0.193135
444,0,-0.230339,-0.493298,1.25883,0.0255614,0.721753,2.48076,0.713586,0.698235,0.0571126,0.283911,-0.213695,-0.934735,-0.64046,0.683229,-0.350727,102.877,16.4938,41.9087,0.535995,0.754654,0.325363,-0.19325
452,0,-0.227437,-0.487982,1.24151,0.0255614,0.721753,2.48076,0.701506,0.711374,0.0428576,0.317259,-0.257877,-0.912604,-0.638151,0.653794,-0.406592,105.779,18.4973,42.2924,0.509175,0.769086,0.334369,-0.193507
459,0,-0.226902,-0.485883,1.23897,0.0255614,0.721753,2.48076,0.728286,0.684409,0.0343944,0.273777,-0.244583,-0.930175,-0.628208,0.68685,-0.365502,104.732,15.8891,40.7805,0.528725,0.764587,0.313302,-0.194162
467,0,-0.22539,-0.483793,1.2323,0.0255614,0.721753,2.48076,0.72492,0.687979,0.0342875,0.269851,-0.237839,-0.933067,-0.633775,0.685651,-0.358066,104.3,15.6554,41.1622,0.531276,0.761713,0.314367,-0.196757
473,0,-0.224112,-0.482302,1.22758,0.0255614,0.721753,2.48076,0.720916,0.692125,0.0352413,0.274133,-0.238094,-0.931752,-0.636499,0.681376,-0.36138,104.334,15.9104,41.4414,0.529491,0.761641,0.317163,-0.197356
480,0,-0.222066,-0.479175,1.21603,0.0255614,0.721753,2.48076,0.7376,0.674552,0.0304313,0.273618,-0.257382,-0.926762,-0.617317,0.691906,-0.374414,105.521,15.8797,39.9268,0.525786,0.769642,0.30799,-0.190636
486,0,-0.219487,-0.472982,1.19944,0.0255614,0.721753,2.48076,0.787063,0.615615,0.0393727,0.259499,-0.272514,-0.926497,-0.559636,0.739428,-0.374237,106.39,15.0404,35.4145,0.533927,0.780034,0.280473,-0.166744
494,0,-0.217958,-0.464293,1.1804,0.0255614,0.721753,2.48076,0.730879,0.680059,0.0577442,0.275139,-0.216156,-0.93679,-0.624591,0.700568,-0.345095,102.993,15.9703,40.5164,0.540747,0.756989,0.31546,-0.187204
501,0,-0.218225,-0.463854,1.17656,0.0255614,0.721753,2.48076,0.739937,0.668948,0.0707213,0.218012,-0.139023,-0.965993,-0.636368,0.730192,-0.248707,98.1896,12.5923,40.6965,0.581422,0.729326,0.304034,-0.193894
508,0,-0.217628,-0.46355,1.1716,0.0255614,0.721753,2.48076,0.782361,0.620747,0.0508379,0.177403,-0.143857,-0.973567,-0.597025,0.7707,-0.222671,98.4054,10.2185,37.3475,0.594944,0.732955,0.272237,-0.186296
514,0,-0.217602,-0.462786,1.16783,0.0255614,0.721753,2.48076,0.789495,0.613274,0.0243315,0.138582,-0.139503,-0.980476,-0.597906,0.777454,-0.195125,98.0977,7.96579,37.1376,0.603089,0.728719,0.257938,-0.196775
521,0,-0.216042,-0.458991,1.15802,0.0255614,0.721753,2.48076,0.841415,0.540376,0.00396713,0.117526,-0.175823,-0.977381,-0.527455,0.822849,-0.211448,100.198,6.74932,32.0823,0.602939,0.746439,0.220347,-0.175329
527,0,-0.212652,-0.453194,1.14315,0.0255614,0.721753,2.48076,0.894278,0.447331,-0.0126913,0.0989792,-0.225372,-0.969232,-0.436428,0.865507,-0.245821,103.09,5.68039,26.0134,0.596466,0.769004,0.177603,-0.146007
535,0,-0.210677,-0.448958,1.13127,0.0255614,0.721753,2.48076,0.856678,0.515597,-0.0161803,0.0957698,-0.189788,-0.977143,-0.506883,0.835548,-0.211966,100.992,5.49563,30.6121,0.603101,0.751404,0.203408,-0.174029
541,0,-0.209637,-0.445244,1.12176,0.0255614,0.721753,2.48076,0.761967,0.64757,-0.0076862,0.124869,-0.158553,-0.979423,-0.635464,0.745328,-0.201674,99.1955,7.1732,39.8274,0.591976,0.728387,0.26512,-0.220744
548,0,-0.207196,-0.439948,1.10901,0.0255614,0.721753,2.48076,0.700881,0.713256,0.00565427,0.168029,-0.157399,-0.973135,-0.693204,0.683002,-0.230166,99.1877,9.67324,44.6845,0.573,0.722573,0.304912,-0.237882
554,0,-0.205196,-0.435794,1.09864,0.0255614,0.721753,2.48076,0.684124,0.729362,0.00225899,0.193421,-0.178436,-0.964753,-0.703251,0.660448,-0.263147,100.479,11.1525,45.7899,0.557347,0.72899,0.316459,-0.240398
562,0,-0.202357,-0.429298,1.08324,0.0255614,0.721753,2.48076,0.667007,0.744936,-0.0130857,0.228322,-0.221092,-0.94815,-0.709204,0.629435,-0.317555,103.126,13.1983,46.7562,0.531122,0.742572,0.327664,-0.243172
569,0,-0.199562,-0.424221,1.06698,0.0255614,0.721753,2.48076,0.682293,0.729842,-0.0425016,0.248967,-0.286621,-0.925129,-0.68738,0.620628,-0.377266,107.214,14.4164,45.2128,0.504581,0.765862,0.319512,-0.238255
576,0,-0.196538,-0.419945,1.05446,0.0255614,0.721753,2.48076,0.678558,0.733778,-0.0336002,0.255968,-0.279085,-0.925523,-0.688506,0.61942,-0.377199,106.78,14.8309,45.4169,0.505538,0.76401,0.323866,-0.236288
583,1,-0.193588,-0.415156,1.0393,0.0255614,0.721753,2.48076,0.687508,0.725643,-0.027822,0.260189,-0.281922,-0.923483,-0.677963,0.627664,-0.382628,106.976,15.0813,44.5995,0.505707,0.766821,0.321402,-0.230101
589,1,-0.188843,-0.405819,1.01175,0.0255614,0.721753,2.48076,0.762957,0.645795,-0.0290651,0.262197,-0.350236,-0.899215,-0.590888,0.678442,-0.436541,111.28,15.2005,37.7567,0.494009,0.798394,0.284318,-0.194125
596,1,-0.18436,-0.400798,0.99512,0.0255614,0.721753,2.48076,0.769874,0.638195,-0.000526513,0.285888,-0.345612,-0.893767,-0.57058,0.687938,-0.44853,111.141,16.6119,36.5434,0.493896,0.800627,0.28855,-0.178331
603,1,-0.182098,-0.396603,0.985075,0.0255614,0.721753,2.48076,0.780064,0.625518,0.0151077,0.286142,-0.335159,-0.897659,-0.556438,0.704554,-0.440432,110.474,16.6271,35.5012,0.501117,0.799321,0.285136,-0.169309
610,0,-0.181619,-0.393269,0.975648,0.0255614,0.721753,2.48076,0.796891,0.603356,0.0304409,0.284312,-0.330096,-0.900113,-0.53304,0.725946,-0.434592,110.139,16.5178,33.7786,0.507987,0.800247,0.277311,-0.157014
617,1,-0.180591,-0.390235,0.967438,0.0255614,0.721753,2.48076,0.809434,0.585393,0.0461662,0.283215,-0.320316,-0.903984,-0.514398,0.744791,-0.425067,109.511,16.4522,32.4361,0.515765,0.79919,0.271715,-0.146471
624,1,-0.178753,-0.386349,0.958279,0.0255614,0.721753,2.48076,0.821697,0.56762,0.0512055,0.27007,-0.308685,-0.912017,-0.501873,0.763231,-0.406943,108.699,15.6685,31.4156,0.525849,0.796449,0.262945,-0.141461
631,1,-0.177934,-0.382428,0.950024,0.0255614,0.721753,2.48076,0.866846,0.497655,0.0303003,0.208031,-0.305793,-0.929093,-0.453102,0.811684,-0.368604,108.218,12.007,27.5961,0.545997,0.797064,0.221339,-0.132612
637,1,-0.175164,-0.378375,0.936966,0.0255614,0.721753,2.48076,0.863355,0.504338,0.0161826,0.204899,-0.321089,-0.924618,-0.461124,0.801589,-0.380552,109.15,11.8236,28.107,0.538914,0.80078,0.221421,-0.138909
643,1,-0.170507,-0.370981,0.911917,0.0255614,0.721753,2.48076,0.924264,0.379182,0.0442424,0.206993,-0.400397,-0.892657,-0.320764,0.834208,-0.44856,114.158,11.9462,19.1393,0.518485,0.83265,0.175997,-0.0830247
651,1,-0.167119,-0.366683,0.896442,0.0255614,0.721753,2.48076,0.934528