111,0,-0.337752,-0.38675,1.45663,-0.122426,-0.0632414,1.63994,0.814408,0.580246,-0.00735446,0.168845,-0.249071,-0.953653,-0.555186,0.775421,-0.300817,104.637,9.72069,34.2825,0.562254,0.768813,0.243587,-0.182925
118,0,-0.336651,-0.389314,1.45642,-0.122426,-0.0632414,1.63994,0.822587,0.56803,0.0263279,0.188902,-0.229299,-0.95485,-0.536346,0.79042,-0.29592,103.503,10.8887,33.1053,0.56951,0.766128,0.246999,-0.166427
125,0,-0.335745,-0.391947,1.45525,-0.122426,-0.0632414,1.63994,0.838819,0.541119,0.0597724,0.219295,-0.235353,-0.946847,-0.498289,0.807341,-0.316084,103.959,12.6677,30.7118,0.567314,0.773023,0.245922,-0.141819
132,0,-0.335672,-0.39141,1.45486,-0.122426,-0.0632414,1.63994,0.846763,0.528172,0.0634514,0.212465,-0.226427,-0.950573,-0.487699,0.818392,-0.303949,103.398,12.2669,29.9401,0.57367,0.770899,0.240186,-0.137582
139,0,-0.335081,-0.390576,1.45156,-0.122426,-0.0632414,1.63994,0.868867,0.490445,0.0673269,0.20563,-0.233841,-0.950281,-0.450317,0.839513,-0.304027,103.824,11.8664,27.3968,0.576845,0.775683,0.224343,-0.123437
146,0,-0.333764,-0.388918,1.44598,-0.122426,-0.0632414,1.63994,0.882786,0.464712,0.0687954,0.197421,-0.234102,-0.951957,-0.42628,0.853955,-0.298405,103.816,11.3862,25.775,0.581008,0.777061,0.213025,-0.115012
153,0,-0.332612,-0.387583,1.44111,-0.122426,-0.0632414,1.63994,0.893732,0.444286,0.0620709,0.180083,-0.228595,-0.956721,-0.410868,0.86623,-0.284311,103.438,10.3746,24.6893,0.587543,0.775667,0.201236,-0.112418
161,0,-0.331687,-0.385891,1.43696,-0.122426,-0.0632414,1.63994,0.904498,0.42328,0.0521283,0.157307,-0.217512,-0.963298,-0.396407,0.879501,-0.263324,102.724,9.0506,23.666,0.596587,0.772226,0.187959,-0.111456
168,0,-0.330196,-0.383919,1.43033,-0.122426,-0.0632414,1.63994,0.917043,0.397536,0.031571,0.124928,-0.211198,-0.969427,-0.378714,0.892951,-0.243341,102.29,7.17661,22.4393,0.60467,0.769997,0.169632,-0.112709
175,0,-0.330077,-0.383499,1.42916,-0.122426,-0.0632414,1.63994,0.919838,0.391957,0.0163646,0.109675,-0.216883,-0.970017,-0.376656,0.894053,-0.242485,102.603,6.29657,22.2682,0.604249,0.771234,0.162607,-0.116791
183,0,-0.327908,-0.381225,1.42326,-0.122426,-0.0632414,1.63994,0.922619,0.385644,-0.00727568,0.092367,-0.239216,-0.966563,-0.374489,0.891098,-0.256326,103.901,5.29979,22.0921,0.597302,0.777522,0.153697,-0.122751
190,0,-0.326181,-0.379593,1.41688,-0.122426,-0.0632414,1.63994,0.922225,0.385814,-0.0254741,0.0766174,-0.246923,-0.966001,-0.378987,0.888919,-0.257279,104.339,4.39416,22.3402,0.595404,0.778849,0.148434,-0.129827
197,0,-0.324606,-0.377946,1.40942,-0.122426,-0.0632414,1.63994,0.924021,0.38105,-0.0313913,0.0701117,-0.249581,-0.965812,-0.375857,0.89023,-0.257334,104.489,4.02041,22.1347,0.595211,0.779573,0.144682,-0.1306
205,0,-0.324768,-0.374877,1.39985,-0.122426,-0.0632414,1.63994,0.929167,0.369254,-0.0173405,0.0744895,-0.232975,-0.969626,-0.362078,0.899652,-0.243978,103.511,4.27189,21.2899,0.602539,0.775584,0.143035,-0.122301
212,0,-0.324503,-0.373443,1.39376,-0.122426,-0.0632414,1.63994,0.935291,0.353851,-0.00450646,0.0807028,-0.225676,-0.970854,-0.344555,0.907667,-0.23963,103.086,4.62897,20.2234,0.606215,0.774693,0.140234,-0.112645
218,0,-0.324315,-0.371454,1.38613,-0.122426,-0.0632414,1.63994,0.937502,0.347453,0.0191365,0.0982581,-0.211564,-0.972412,-0.333819,0.913519,-0.232482,102.274,5.63887,19.5994,0.611035,0.771613,0.144409,-0.101956
225,0,-0.322699,-0.369772,1.37907,-0.122426,-0.0632414,1.63994,0.944531,0.32775,0.0210051,0.100254,-0.226831,-0.968761,-0.312747,0.91713,-0.247107,103.178,5.75378,18.3204,0.60634,0.777571,0.137609,-0.0937991
232,0,-0.320516,-0.367752,1.37271,-0.122426,-0.0632414,1.63994,0.96413,0.264169,0.0258552,0.0884298,-0.227834,-0.969676,-0.250268,0.93718,-0.243022,103.222,5.07328,14.5516,0.610998,0.780222,0.11298,-0.0719067
239,0,-0.31929,-0.366077,1.36638,-0.122426,-0.0632414,1.63994,0.965685,0.257783,0.031631,0.0932077,-0.230311,-0.968643,-0.242415,0.938352,-0.246435,103.375,5.34817,14.0917,0.610111,0.781414,0.112293,-0.0674366
246,0,-0.318626,-0.364657,1.36067,-0.122426,-0.0632414,1.63994,0.973191,0.227868,0.0312321,0.0871185,-0.239535,-0.966971,-0.212861,0.943769,-0.252965,103.913,4.99786,12.3377,0.608418,0.785126,0.100298,-0.0578343
253,0,-0.318466,-0.364815,1.36061,-0.122426,-0.0632414,1.63994,0.992635,0.117919,0.027768,0.0576772,-0.258446,-0.964302,-0.106533,0.958802,-0.263344,105.003,3.30649,6.12572,0.606392,0.792847,0.0553688,-0.0248361
260,0,-0.31676,-0.362117,1.3532,-0.122426,-0.0632414,1.63994,0.992218,0.120148,0.0326735,0.0595283,-0.22727,-0.972011,-0.10936,0.966392,-0.232653,103.16,3.41274,6.28961,0.61893,0.782966,0.0573706,-0.0244859
267,0,-0.312933,-0.354152,1.33422,-0.122426,-0.0632414,1.63994,0.986291,0.160911,0.0365819,0.0641713,-0.169766,-0.983393,-0.152029,0.972259,-0.177764,99.7946,3.67927,8.76271,0.64007,0.763842,0.0736679,-0.0377849
274,0,-0.311542,-0.351679,1.32962,-0.122426,-0.0632414,1.63994,0.989058,0.140624,0.0446024,0.0663545,-0.154011,-0.985839,-0.131763,0.978011,-0.161657,98.8792,3.80463,7.58832,0.646798,0.759066,0.0681688,-0.0287066
282,0,-0.310647,-0.350943,1.32705,-0.122426,-0.0632414,1.63994,0.989623,0.138009,0.0400025,0.0634347,-0.169819,-0.983431,-0.12893,0.975764,-0.176811,99.7972,3.63698,7.42278,0.640896,0.76424,0.0658968,-0.02909
289,0,-0.308398,-0.348087,1.31827,-0.122426,-0.0632414,1.63994,0.988254,0.147969,0.0381924,0.0648076,-0.179469,-0.981627,-0.138396,0.972572,-0.18695,100.361,3.71581,7.97189,0.636757,0.767247,0.0693311,-0.0326503
296,0,-0.305551,-0.34399,1.30585,-0.122426,-0.0632414,1.63994,0.988312,0.149006,0.0322048,0.0601473,-0.187019,-0.980513,-0.14008,0.97099,-0.193795,100.799,3.44827,8.06717,0.633936,0.769598,0.0679425,-0.0350427
303,0,-0.302765,-0.340625,1.29333,-0.122426,-0.0632414,1.63994,0.988716,0.146631,0.0306472,0.0585473,-0.189939,-0.980049,-0.137885,0.970785,-0.19638,100.968,3.35643,7.93917,0.632929,0.770557,0.0665682,-0.0347922
311,0,-0.301013,-0.339527,1.28709,-0.122426,-0.0632414,1.63994,0.991396,0.12894,0.0225414,0.0504875,-0.217792,-0.974688,-0.120767,0.96744,-0.222428,102.596,2.89395,6.9453,0.622731,0.779682,0.0575324,-0.0314955
318,0,-0.297617,-0.336848,1.27556,-0.122426,-0.0632414,1.63994,0.98496,0.166733,-0.0453178,0.00292888,-0.278357,-0.960473,-0.172757,0.945895,-0.274659,106.162,0.167813,9.94822,0.598319,0.796551,0.053249,-0.0684435
326,0,-0.29562,-0.335763,1.26739,-0.122426,-0.0632414,1.63994,0.986744,0.150992,-0.0594764,-0.0103513,-0.30719,-0.951592,-0.161953,0.939593,-0.301555,107.891,-0.593095,9.3208,0.586941,0.805526,0.0436487,-0.0687221
333,0,-0.293179,-0.333402,1.25729,-0.122426,-0.0632414,1.63994,0.989371,0.138148,-0.0453865,-0.000539707,-0.308631,-0.951182,-0.145412,0.941096,-0.305276,107.977,-0.0309229,8.36113,0.586401,0.806734,0.0426437,-0.0591268
340,0,-0.290915,-0.330541,1.24733,-0.122426,-0.0632414,1.63994,0.990246,0.13519,-0.0337147,0.00731905,-0.292115,-0.956355,-0.139138,0.94678,-0.290255,106.985,0.419354,7.99818,0.59327,0.801969,0.0444247,-0.0538838
347,0,-0.288328,-0.326063,1.23676,-0.122426,-0.0632414,1.63994,0.990962,0.128624,-0.0380908,-0.00177083,-0.271383,-0.96247,-0.134134,0.953838,-0.268702,105.747,-0.101461,7.70857,0.602262,0.795463,0.0398678,-0.0541273
355,0,-0.28734,-0.323823,1.23266,-0.122426,-0.0632414,1.63994,0.985915,0.160939,-0.0454942,-0.00677221,-0.23338,-0.972362,-0.167109,0.958975,-0.229003,103.496,-0.388022,9.61997,0.617157,0.782352,0.049264,-0.0679371
362,0,-0.286606,-0.323666,1.22845,-0.122426,-0.0632414,1.63994,0.995578,0.051717,-0.078418,-0.0617949,-0.268164,-0.961389,-0.070749,0.961984,-0.263782,105.586,-3.54284,4.06479,0.604903,0.794909,-0.0031695,-0.0469132
369,0,-0.285412,-0.322457,1.22518,-0.122426,-0.0632414,1.63994,0.99384,0.0620296,-0.0918403,-0.0693199,-0.298643,-0.951844,-0.0864699,0.952347,-0.292503,107.419,-3.97493,4.97255,0.592177,0.803895,-0.00226719,-0.055452
377,0,-0.284769,-0.320825,1.22218,-0.122426,-0.0632414,1.63994,0.990643,0.11664,-0.0708626,-0.0287561,-0.329178,-0.94383,-0.133414,0.937036,-0.322744,109.227,-1.64783,7.67014,0.578516,0.812798,0.0270312,-0.0628314
384,0,-0.284316,-0.319897,1.21723,-0.122426,-0.0632414,1.63994,0.986892,0.124276,-0.102956,-0.0684691,-0.255268,-0.964443,-0.146138,0.95885,-0.243412,104.825,-3.92606,8.42311,0.609961,0.788285,0.0176988,-0.0789988
391,0,-0.285047,-0.319536,1.21678,-0.122426,-0.0632414,1.63994,0.956244,0.252011,-0.148618,-0.121885,-0.11865,-0.985427,-0.265972,0.960423,-0.0827418,96.8656,-7.00088,15.5435,0.662354,0.734445,0.0442942,-0.141124
399,0,-0.283451,-0.318818,1.21124,-0.122426,-0.0632414,1.63994,0.959577,0.247432,-0.134121,-0.105027,-0.127312,-0.986287,-0.261114,0.960505,-0.0961784,97.3552,-6.0287,15.2224,0.658803,0.73876,0.0481908,-0.13375
406,0,-0.281712,-0.316797,1.20415,-0.122426,-0.0632414,1.63994,0.966169,0.227593,-0.121324,-0.0872852,-0.154106,-0.984191,-0.242692,0.961485,-0.129027,98.8992,-5.00744,14.1004,0.648659,0.749883,0.0467767,-0.121357
413,0,-0.279564,-0.314703,1.19598,-0.122426,-0.0632414,1.63994,0.96016,0.253837,-0.116876,-0.0796207,-0.152407,-0.985105,-0.267869,0.955164,-0.126124,98.7946,-4.56676,15.5882,0.648388,0.748113,0.0582186,-0.128572
421,0,-0.277104,-0.311714,1.18571,-0.122426,-0.0632414,1.63994,0.958429,0.264277,-0.10757,-0.0630342,-0.171576,-0.983152,-0.278281,0.949062,-0.147785,99.8994,-3.61399,16.1907,0.64013,0.754618,0.0666705,-0.12783
428,0,-0.275569,-0.310489,1.18001,-0.122426,-0.0632414,1.63994,0.956973,0.281488,-0.0704733,-0.0226041,-0.169812,-0.985217,-0.289294,0.94442,-0.156143,99.7794,-1.29523,16.8201,0.638557,0.755468,0.08567,-0.119054
435,0,-0.275314,-0.30953,1.17778,-0.122426,-0.0632414,1.63994,0.970568,0.240671,-0.00867302,0.0229801,-0.128402,-0.991456,-0.239728,0.962076,-0.130154,97.3792,1.31678,13.8742,0.654219,0.746512,0.0882942,-0.0831872
442,0,-0.273612,-0.307975,1.16979,-0.122426,-0.0632414,1.63994,0.975136,0.219798,0.0282473,0.0555629,-0.119106,-0.991326,-0.214527,0.968247,-0.128357,96.8511,3.18516,12.4072,0.657205,0.745419,0.092351,-0.0624747
450,0,-0.271978,-0.305956,1.16131,-0.122426,-0.0632414,1.63994,0.969792,0.243408,0.0160015,0.0476739,-0.124793,-0.991037,-0.23923,0.961862,-0.132628,97.177,2.73255,13.8572,0.654288,0.746192,0.0975226,-0.0747891
456,0,-0.269476,-0.302449,1.15099,-0.122426,-0.0632414,1.63994,0.971545,0.236715,-0.00814782,0.0255543,-0.138957,-0.989969,-0.235472,0.961591,-0.141052,97.9901,1.46431,13.624,0.650295,0.750259,0.0873928,-0.0811787
463,0,-0.267966,-0.300701,1.14397,-0.122426,-0.0632414,1.63994,0.976333,0.216271,0.000112531,0.0353594,-0.159113,-0.986627,-0.213361,0.963281,-0.162995,99.1612,2.02636,12.3272,0.643084,0.758031,0.0829881,-0.0703297
469,0,-0.264355,-0.298709,1.1334,-0.122426,-0.0632414,1.63994,0.992075,0.125425,0.00744562,0.0319501,-0.194517,-0.980379,-0.121516,0.972847,-0.196983,101.222,1.83092,6.98318,0.632569,0.771942,0.0509674,-0.0369427
477,0,-0.26243,-0.296022,1.12524,-0.122426,-0.0632414,1.63994,0.997271,0.0726999,0.0128243,0.0268688,-0.195649,-0.980306,-0.068759,0.977975,-0.197069,101.287,1.53965,3.94414,0.633355,0.77298,0.0322029,-0.0180906
484,0,-0.261128,-0.293721,1.11598,-0.122426,-0.0632414,1.63994,0.996733,0.0801269,0.0101197,0.0271169,-0.213996,-0.976458,-0.0760749,0.973543,-0.21547,102.361,1.55387,4.3646,0.625953,0.778813,0.0344254,-0.0211717
491,0,-0.259022,-0.290939,1.10456,-0.122426,-0.0632414,1.63994,0.990304,0.138667,0.00837613,0.0415045,-0.237789,-0.97043,-0.132575,0.961368,-0.241239,103.768,2.37872,7.62504,0.61467,0.785705,0.0573281,-0.0395183
498,0,-0.257709,-0.289785,1.0988,-0.122426,-0.0632414,1.63994,0.979309,0.202367,-0.00138189,0.051591,-0.256254,-0.965232,-0.195685,0.945188,-0.261393,104.868,2.95726,11.3,0.604496,0.790088,0.0803575,-0.062356
506,0,-0.254826,-0.286055,1.08284,-0.122426,-0.0632414,1.63994,0.98109,0.193338,-0.00913257,0.0444155,-0.270808,-0.961608,-0.188389,0.943018,-0.274274,105.728,2.54566,10.8696,0.599168,0.794697,0.0747939,-0.0621373
513,0,-0.253049,-0.284102,1.07457,-0.122426,-0.0632414,1.63994,0.989359,0.14515,-0.0100357,0.031989,-0.284292,-0.958204,-0.141936,0.947687,-0.28591,106.525,1.83315,8.16409,0.595642,0.799931,0.0553606,-0.0474952
520,0,-0.253716,-0.283315,1.0727,-0.122426,-0.0632414,1.63994,0.990008,0.140399,0.0131333,0.0510001,-0.26967,-0.961601,-0.131467,0.952663,-0.274135,105.666,2.92336,7.56426,0.601291,0.795898,0.0601207,-0.0371698
528,0,-0.254303,-0.28327,1.07278,-0.122426,-0.0632414,1.63994,0.9961,0.0754529,0.045738,0.0650397,-0.277613,-0.958489,-0.0596233,0.957725,-0.281438,106.153,3.72913,3.42545,0.599385,0.799242,0.0439456,-0.00434327
535,0,-0.247778,-0.278213,1.05609,-0.122426,-0.0632414,1.63994,0.962497,0.27092,-0.014197,0.0629774,-0.274028,-0.959657,-0.263881,0.922773,-0.280813,105.937,3.61073,15.3317,0.593223,0.793306,0.105224,-0.0876327
543,0,-0.24628,-0.276663,1.04972,-0.122426,-0.0632414,1.63994,0.958676,0.283754,-0.0205743,0.0599078,-0.272039,-0.96042,-0.27812,0.919499,-0.277796,105.815,3.43452,16.1779,0.593473,0.791914,0.108491,-0.094295
550,0,-0.242579,-0.274221,1.0384,-0.122426,-0.0632414,1.63994,0.924513,0.378738,-0.0428155,0.0640051,-0.265004,-0.962121,-0.375738,0.886753,-0.269241,105.4,3.66973,22.1177,0.589548,0.784021,0.141177,-0.133464
557,0,-0.238265,-0.269748,1.02454,-0.122426,-0.0632414,1.63994,0.879911,0.471081,-0.0619592,0.0653708,-0.249189,-0.966246,-0.470619,0.84616,-0.25006,104.461,3.74814,28.14,0.587508,0.771226,0.173896,-0.17264
564,0,-0.236941,-0.268034,1.01722,-0.122426,-0.0632414,1.63994,0.889679,0.450169,-0.076286,0.0445919,-0.251948,-0.966713,-0.454404,0.856662,-0.244227,104.608,2.55577,27.0557,0.590234,0.77231,0.160156,-0.171786
572,0,-0.234895,-0.26696,1.00897,-0.122426,-0.0632414,1.63994,0.886955,0.455996,-0.0733461,0.0501193,-0.252897,-0.966194,-0.459129,0.853294,-0.247163,104.668,2.87283,27.3682,0.588832,0.772498,0.163792,-0.172322
579,0,-0.231917,-0.264128,0.997655,-0.122426,-0.0632414,1.63994,0.87112,0.486966,-0.0633543,0.066053,-0.244034,-0.967514,-0.486607,0.838637,-0.244749,104.156,3.78732,29.1877,0.587864,0.768099,0.179996,-0.179001
586,0,-0.229876,-0.262301,0.990055,-0.122426,-0.0632414,1.63994,0.847294,0.526283,-0.0715433,0.0686892,-0.242151,-0.967804,-0.526663,0.815101,-0.241323,104.047,3.9387,31.8644,0.583914,0.763343,0.194858,-0.195917
594,0,-0.227511,-0.26158,0.984162,-0.122426,-0.0632414,1.63994,0.830657,0.554995,-0.044599,0.113366,-0.247008,-0.962359,-0.545121,0.794335,-0.268097,104.395,6.50938,33.275,0.573488,0.765794,0.218192,-0.192519
601,0,-0.226591,-0.261315,0.979039,-0.122426,-0.0632414,1.63994,0.823724,0.565771,-0.0371767,0.130793,-0.253406,-0.958477,-0.551699,0.784658,-0.282736,104.809,7.5154,33.8127,0.567358,0.768093,0.226719,-0.191668
609,0,-0.2235,-0.256204,0.961212,-0.122426,-0.0632414,1.63994,0.807524,0.586264,-0.0647959,0.100601,-0.245141,-0.964254,-0.581192,0.77214,-0.256936,104.264,5.77379,35.7433,0.571281,0.759869,0.225982,-0.212533
616,0,-0.221405,-0.254309,0.951557,-0.122426,-0.0632414,1.63994,0.802467,0.591851,-0.075883,0.0959941,-0.253565,-0.962543,-0.588924,0.765125,-0.260292,104.758,5.50854,36.2746,0.567585,0.760974,0.225975,-0.218407
624,0,-0.219556,-0.252846,0.943499,-0.122426,-0.0632414,1.63994,0.797463,0.598583,-0.0758393,0.0974346,-0.2518,-0.962862,-0.595449,0.760457,-0.259124,104.655,5.59146,36.7479,0.567129,0.759669,0.229053,-0.220915
631,0,-0.217042,-0.249627,0.93238,-0.122426,-0.0632414,1.63994,0.804243,0.589386,-0.0762669,0.0788576,-0.233029,-0.969267,-0.589045,0.773513,-0.233889,103.518,4.5229,36.2198,0.578214,0.753519,0.221708,-0.220735
638,0,-0.215149,-0.24655,0.922809,-0.122426,-0.0632414,1.63994,0.763532,0.642669,-0.0632117,0.0987873,-0.212975,-0.972051,-0.63817,0.735947,-0.2261,102.358,5.66934,39.8893,0.575425,0.742059,0.249797,-0.236296
646,0,-0.214117,-0.24537,0.917125,-0.122426,-0.0632414,1.63994,0.742292,0.668088,-0.0515842,0.119594,-0.207837,-0.970825,-0.659318,0.714467,-0.234175,102.084,6.86869,41.6121,0.570149,0.738969,0.26648,-0.240504
654,0,-0.213013,-0.244384,0.912918,-0.122426,-0.0632414,1.63994,0.732654,0.678849,-0.0487983,0.12633,-0.206095,-0.970343,-0.668774,0.704761,-0.236755,101.991,7.25757,42.3901,0.567848,0.737479,0.27295,-0.243252
661,0,-0.212571,-0.243466,0.908148,-0.122426,-0.0632414,1.63994,0.741517,0.670142,-0.0325946,0.137289,-0.199105,-0.970314,-0.656738,0.715029,-0.239643,101.596,7.89098,41.5303,0.570695,0.738286,0.273414,-0.233423
668,0,-0.212158,-0.243376,0.905901,-0.122426,-0.0632414,1.63994,0.738798,0.67326,-0.0299736,0.14246,-0.199489,-0.969489,-0.658698,0.711987,-0.243295,101.627,8.1902,41.7196,0.569213,0.738509,0.276137,-0.233129
676,0,-0.210454,-0.242351,0.899285,-0.122426,-0.0632414,1.63994,0.697255,0.714753,-0.0544392,0.143986,-0.214049,-0.966153,-0.702213,0.665817,-0.252161,102.492,8.27858,45.203,0.554762,0.735436,0.291915,-0.257212
683,0,-0.207461,-0.238987,0.885541,-0.122426,-0.0632414,1.63994,0.700068,0.70792,-0.0935681,0.113035,-0.239244,-0.964357,-0.705073,0.664539,-0.247507,103.933,6.49032,45.2041,0.550753,0.739395,0.277577,-0.270032
690,0,-0.205138,-0.236437,0.872951,-0.122426,-0.0632414,1.63994,0.640048,0.763242,-0.0883152,0.141848,-0.230349,-0.962714,-0.755127,0.603656,-0.255699,103.456,8.15482,49.7153,0.537122,0.729057,0.310363,-0.289224
696,0,-0.203451,-0.235466,0.867108,-0.122426,-0.0632414,1.63994,0.621102,0.780643,-0.0694823,0.16311,-0.21547,-0.962792,-0.766568,0.586659,-0.261159,102.615,9.38745,50.9843,0.5349,0.724177,0.325802,-0.288621
704,0,-0.202608,-0.233845,0.8641,-0.122426,-0.0632414,1.63994,0.635772,0.770384,-0.0479917,0.154866,-0.188222,-0.96984,-0.756182,0.609164,-0.238972,100.983,8.90901,49.944,0.549676,0.718152,0.322094,-0.279946
711,0,-0.204172,-0.235001,0.867195,-0.122426,-0.0632414,1.63994,0.630464,0.773861,-0.0604551,0.153939,-0.20099,-0.967422,-0.760801,0.600618,-0.245845,101.737,8.85527,50.352,0.543974,0.720642,0.321866,-0.284904
718,0,-0.203754,-0.233918,0.863683,-0.122426,-0.0632414,1.63994,0.639469,0.766968,-0.0532884,0.157153,-0.198247,-0.967472,-0.752584,0.610293,-0.247304,101.58,9.04166,49.6455,0.546333,0.72198,0.319995,-0.27905
726,0,-0.203204,-0.233269,0.860446,-0.122426,-0.0632414,1.63994,0.646465,0.760932,-0.0553603,0.158159,-0.204645,-0.965974,-0.74637,0.615713,-0.252645,101.961,9.10008,49.1026,0.545247,0.725216,0.316834,-0.276376
733,0,-0.203278,-0.231764,0.85772,-0.122426,-0.0632414,1.63994,0.716234,0.696765,-0.039084,0.129864,-0.188101,-0.973526,-0.685671,0.692197,-0.225209,100.936,7.46174,43.7511,0.570728,0.729648,0.283229,-0.248323
741,0,-0.203214,-0.231545,0.856241,-0.122426,-0.0632414,1.63994,0.728747,0.683242,-0.0459144,0.129074,-0.202899,-0.970655,-0.672509,0.701435,-0.236051,101.807,7.41611,42.7017,0.567846,0.736155,0.275865,-0.243978
748,0,-0.199349,-0.229177,0.840076,-0.122426,-0.0632414,1.63994,0.683333,0.727255,-0.0644672,0.143908,-0.220729,-0.96466,-0.715784,0.649907,-0.255489,102.888,8.27407,46.3287,0.549344,0.734771,0.296407,-0.265474
755,0,-0.195769,-0.225289,0.822432,-0.122426,-0.0632414,1.63994,0.636512,0.766897,-0.0819874,0.157598,-0.233385,-0.959528,-0.754993,0.59783,-0.269414,103.671,9.06753,49.8668,0.53238,0.731319,0.316037,-0.28612
762,0,-0.195287,-0.224229,0.820945,-0.122426,-0.0632414,1.63994,0.64287,0.76236,-0.0743375,0.138691,-0.211297,-0.967532,-0.753315,0.611687,-0.241569,102.319,7.97211,49.523,0.545437,0.723833,0.311208,-0.285858
770,0,-0.194487,-0.223617,0.818517,-0.122426,-0.0632414,1.63994,0.647895,0.75915,-0.0626349,0.147324,-0.205558,-0.967492,-0.747347,0.617606,-0.245021,101.995,8.4719,49.0771,0.54711,0.724306,0.312877,-0.279572
777,0,-0.194769,-0.223889,0.819765,-0.122426,-0.0632414,1.63994,0.670837,0.738861,-0.063729,0.141362,-0.211758,-0.967045,-0.728007,0.639721,-0.246502,102.351,8.12665,47.3403,0.550586,0.729571,0.301623,-0.271302
785,0,-0.195302,-0.224491,0.821584,-0.122426,-0.0632414,1.63994,0.687776,0.72271,-0.0682303,0.133326,-0.218152,-0.966765,-0.713575,0.65582,-0.246396,102.716,7.66182,46.0547,0.552998,0.73354,0.291748,-0.266449
792,0,-0.195367,-0.224238,0.819315,-0.122426,-0.0632414,1.63994,0.689815,0.721241,-0.0629795,0.136731,-0.215208,-0.966949,-0.710957,0.658405,-0.24707,102.547,7.85871,45.8647,0.553971,0.733501,0.292424,-0.263782
799,0,-0.194955,-0.222159,0.813616,-0.122426,-0.0632414,1.63994,0.682177,0.728564,-0.0618799,0.129819,-0.203968,-0.970332,-0.71957,0.653905,-0.233724,101.871,7.45916,46.5281,0.557782,0.727989,0.294779,-0.268359
806,0,-0.19478,-0.221999,0.812366,-0.122426,-0.0632414,1.63994,0.695946,0.716047,-0.0541876,0.131413,-0.201183,-0.970699,-0.705968,0.668432,-0.234111,101.709,7.55127,45.4096,0.561394,0.729938,0.290251,-0.260349
814,0,-0.195441,-0.222711,0.814635,-0.122426,-0.0632414,1.63994,0.73605,0.674285,-0.0597478,0.121745,-0.218686,-0.968171,-0.665889,0.705348,-0.243055,102.728,6.99283,42.135,0.564427,0.741247,0.268477,-0.244735
821,0,-0.195248,-0.222245,0.813055,-0.122426,-0.0632414,1.63994,0.763579,0.642221,-0.0670832,0.110889,-0.232766,-0.96619,-0.636122,0.730323,-0.248951,103.545,6.36656,39.797,0.566097,0.749216,0.251299,-0.234647
828,0,-0.190564,-0.218242,0.793347,-0.122426,-0.0632414,1.63994,0.767337,0.632896,-0.103132,0.0814464,-0.255722,-0.963313,-0.63605,0.730787,-0.247772,104.867,4.67171,39.6555,0.562104,0.753464,0.237019,-0.245261
836,0,-0.18793,-0.21504,0.780782,-0.122426,-0.0632414,1.63994,0.779972,0.617626,-0.100906,0.0792176,-0.257382,-0.963057,-0.62078,0.743164,-0.249678,104.963,4.54359,38.5163,0.564117,0.756147,0.230393,-0.238607
843,0,-0.187018,-0.214244,0.776834,-0.122426,-0.0632414,1.63994,0.77413,0.628162,-0.0783259,0.0974888,-0.24056,-0.965726,-0.625475,0.739962,-0.247463,103.988,5.59458,38.9372,0.567033,0.752023,0.241233,-0.233969
850,0,-0.187284,-0.21473,0.775865,-0.122426,-0.0632414,1.63994,0.797281,0.60204,-0.0434802,0.121252,-0.230306,-0.965535,-0.591304,0.76453,-0.256618,103.416,6.96437,36.5625,0.572354,0.755679,0.239285,-0.210005
858,0,-0.188894,-0.215943,0.780186,-0.122426,-0.0632414,1.63994,0.848436,0.525312,-0.0648346,0.0870044,-0.259239,-0.961886,-0.522098,0.810458,-0.265652,105.083,4.9913,31.6067,0.575227,0.77028,0.198732,-0.190493
865,0,-0.188834,-0.214826,0.777909,-0.122426,-0.0632414,1.63994,0.841401,0.536229,-0.0670964,0.0811328,-0.248094,-0.965332,-0.534286,0.806788,-0.252253,104.413,4.65368,32.4153,0.579019,0.765139,0.201716,-0.196494
872,0,-0.188613,-0.214704,0.776781,-0.122426,-0.0632414,1.63994,0.837711,0.541729,-0.0690726,0.0878974,-0.258578,-0.961983,-0.538994,0.799792,-0.26423,105.045,5.04266,32.7578,0.573346,0.768199,0.204903,-0.197887
880,0,-0.1882,-0.214463,0.775171,-0.122426,-0.0632414,1.63994,0.842016,0.53551,-0.0651001,0.0854218,-0.251513,-0.964077,-0.532646,0.806207,-0.257523,104.622,4.90028,32.3168,0.577274,0.766657,0.20248,-0.19492
887,0,-0.189296,-0.215283,0.777767,-0.122426,-0.0632414,1.63994,0.858331,0.509564,-0.0601089,0.0840266,-0.255163,-0.96324,-0.50617,0.821728,-0.261831,104.837,4.82005,30.5285,0.57908,0.770604,0.192573,-0.183713
894,0,-0.189534,-0.215211,0.778962,-0.122426,-0.0632414,1.63994,0.880303,0.469923,-0.0651119,0.068316,-0.261382,-0.962815,-0.469468,0.84312,-0.262198,105.188,3.91727,28.0711,0.582392,0.775223,0.173576,-0.172396
902,0,-0.188642,-0.214085,0.774502,-0.122426,-0.0632414,1.63994,0.89711,0.43859,-0.0532195,0.0679477,-0.255992,-0.964288,-0.436551,0.861456,-0.259454,104.868,3.89612,25.9484,0.587721,0.77662,0.163058,-0.157661
909,0,-0.188872,-0.215034,0.775455,-0.122426,-0.0632414,1.63994,0.884509,0.46411,-0.0473888,0.0878469,-0.265454,-0.960113,-0.458178,0.845066,-0.275567,105.455,5.03976,27.3843,0.579545,0.778706,0.177203,-0.16231
916,0,-0.189119,-0.214229,0.775549,-0.122426,-0.0632414,1.63994,0.8724,0.485459,-0.0569837,0.0730702,-0.244798,-0.966817,-0.483299,0.839288,-0.249034,104.209,4.19035,28.9859,0.587062,0.769128,0.181546,-0.175615
923,0,-0.188396,-0.213931,0.774878,-0.122426,-0.0632414,1.63994,0.861613,0.502961,-0.0682111,0.0724089,-0.254816,-0.964275,-0.502374,0.825893,-0.255972,104.802,4.15236,30.2448,0.581125,0.77013,0.186777,-0.185224
930,0,-0.188534,-0.213335,0.775252,-0.122426,-0.0632414,1.63994,0.765955,0.639313,-0.0677633,0.0972168,-0.219372,-0.970786,-0.635501,0.73699,-0.230181,102.733,5.57893,39.682,0.573673,0.744229,0.247414,-0.236239
938,0,-0.18895,-0.214315,0.777428,-0.122426,-0.0632414,1.63994,0.736207,0.672956,-0.0716233,0.112709,-0.226277,-0.96752,-0.667305,0.704223,-0.242435,103.163,6.47151,42.1894,0.562916,0.742448,0.264552,-0.248815
945,0,-0.189308,-0.214637,0.778565,-0.122426,-0.0632414,1.63994,0.709964,0.699713,-0.0797008,0.123386,-0.235013,-0.964129,-0.693345,0.674663,-0.253185,103.699,7.08755,44.3215,0.552668,0.74131,0.277583,-0.260702
953,0,-0.190139,-0.215267,0.780886,-0.122426,-0.0632414,1.63994,0.682789,0.726391,-0.0784601,0.125517,-0.222415,-0.966839,-0.719754,0.650298,-0.243037,102.955,7.21063,46.5097,0.551665,0.732844,0.290617,-0.2723
960,0,-0.188934,-0.21442,0.778456,-0.122426,-0.0632414,1.63994,0.699524,0.710839,-0.0733116,0.127053,-0.22467,-0.966116,-0.703224,0.666507,-0.247476,103.091,7.29934,45.1511,0.553935,0.736829,0.28429,-0.263472
967,0,-0.188732,-0.214139,0.77393,-0.122426,-0.0632414,1.63994,0.714622,0.698013,-0.0457584,0.147215,-0.214023,-0.965672,-0.683844,0.683354,-0.255703,102.497,8.46555,43.7392,0.557875,0.738977,0.285945,-0.246829
975,0,-0.188268,-0.214187,0.771722,-0.122426,-0.0632414,1.63994,0.711288,0.701913,-0.0372453,0.164352,-0.217599,-0.962101,-0.683416,0.67821,-0.270136,102.744,9.45959,43.8552,0.553072,0.741455,0.292083,-0.242989
983,0,-0.189533,-0.213484,0.773937,-0.122426,-0.0632414,1.63994,0.678549,0.733132,-0.0456965,0.142326,-0.192251,-0.97097,-0.720634,0.652347,-0.234796,101.2,8.18248,46.7228,0.559353,0.725534,0.30166,-0.264058
990,0,-0.189747,-0.213662,0.776973,-0.122426,-0.0632414,1.63994,0.654634,0.753689,-0.0583773,0.13778,-0.194889,-0.9711,-0.743284,0.627671,-0.231424,101.348,7.91938,48.6286,0.554148,0.721274,0.308991,-0.277863
998,0,-0.189658,-0.213541,0.77555,-0.122426,-0.0632414,1.63994,0.6441,0.762519,-0.0608339,0.149144,-0.203186,-0.967715,-0.750261,0.614232,-0.244597,101.858,8.57731,49.3539,0.546881,0.723167,0.315163,-0.280397
1005,0,-0.189308,-0.213716,0.774293,-0.122426,-0.0632414,1.63994,0.639798,0.765775,-0.065173,0.155999,-0.212433,-0.964643,-0.752545,0.60701,-0.255374,102.419,8.97471,49.6295,0.541292,0.72588,0.317468,-0.28163
1012,0,-0.189741,-0.214511,0.776301,-0.122426,-0.0632414,1.63994,0.638861,0.766073,-0.0706396,0.15376,-0.217114,-0.96396,-0.753801,0.604975,-0.256496,102.693,8.84486,49.7181,0.539734,0.726717,0.316434,-0.283618
1020,0,-0.189502,-0.214077,0.775736,-0.122426,-0.0632414,1.63994,0.614551,0.785903,-0.0684285,0.157323,-0.207095,-0.965589,-0.773031,0.582638,-0.250911,102.105,9.05153,51.5157,0.537714,0.719819,0.327591,-0.292247
1028,0,-0.188342,-0.212797,0.77247,-0.122426,-0.0632414,1.63994,0.649095,0.75892,-0.0521128,0.149142,-0.194137,-0.969571,-0.745944,0.621571,-0.2392,101.323,8.57722,48.9713,0.551307,0.721532,0.31463,-0.276515
1035,0,-0.18875,-0.212789,0.771949,-0.122426,-0.0632414,1.63994,0.738137,0.673438,-0.040427,0.130869,-0.201711,-0.970663,-0.661836,0.711192,-0.237023,101.739,7.5198,41.8803,0.569957,0.737711,0.272568,-0.237987
1042,0,-0.188961,-0.213369,0.772484,-0.122426,-0.0632414,1.63994,0.785246,0.617226,-0.0492073,0.117025,-0.22598,-0.967077,-0.608025,0.753635,-0.24968,103.152,6.72043,37.751,0.572186,0.751815,0.244159,-0.218548
1050,0,-0.189137,-0.213627,0.773627,-0.122426,-0.0632414,1.63994,0.80792,0.587404,-0.0471288,0.109139,-0.227742,-0.967586,-0.579097,0.776589,-0.248106,103.245,6.26568,35.632,0.577077,0.755607,0.230458,-0.207193
1057,0,-0.189461,-0.213966,0.773679,-0.122426,-0.0632414,1.63994,0.801946,0.596198,-0.0378295,0.121243,-0.224436,-0.966917,-0.584964,0.770828,-0.252271,103.068,6.96386,36.1082,0.575595,0.75476,0.237639,-0.206289
1064,0,-0.189667,-0.214802,0.773964,-0.122426,-0.0632414,1.63994,0.830113,0.556721,-0.0312117,0.125151,-0.240573,-0.962529,-0.543369,0.795101,-0.269377,104.033,7.1895,33.2076,0.574492,0.764863,0.222874,-0.187805
1072,0,-0.189123,-0.21536,0.773504,-0.122426,-0.0632414,1.63994,0.878443,0.477039,-0.0277856,0.114158,-0.265969,-0.957198,-0.464011,0.837672,-0.288096,105.529,6.55504,27.8439,0.575408,0.779825,0.189529,-0.157662
1079,0,-0.189503,-0.213398,0.770365,-0.122426,-0.0632414,1.63994,0.905777,0.423177,-0.0221043,0.0897663,-0.242594,-0.965966,-0.414137,0.872966,-0.257723,104.098,5.15016,24.5707,0.59276,0.77558,0.165342,-0.140618
1086,0,-0.18936,-0.21311,0.771967,-0.122426,-0.0632414,1.63994,0.914061,0.405116,-0.0193024,0.0810906,-0.229181,-0.97,-0.397386,0.885074,-0.242337,103.293,4.65126,23.4969,0.60053,0.772266,0.157396,-0.134892
1094,0,-0.190168,-0.213764,0.773537,-0.122426,-0.0632414,1.63994,0.920595,0.389786,-0.0239088,0.0757039,-0.238189,-0.968264,-0.38311,0.889569,-0.248784,103.82,4.34167,22.5949,0.59867,0.775817,0.15,-0.131158
1101,0,-0.190128,-0.212945,0.772235,-0.122426,-0.0632414,1.63994,0.913958,0.404261,-0.035408,0.063702,-0.229093,-0.971318,-0.400778,0.885488,-0.235134,103.271,3.65233,23.6778,0.602024,0.771068,0.151726,-0.141422
1108,0,-0.188293,-0.212211,0.769862,-0.122426,-0.0632414,1.63994,0.910662,0.410567,-0.0461337,0.058505,-0.238687,-0.969333,-0.408988,0.880036,-0.241384,103.833,3.354,24.1853,0.598037,0.7731,0.151686,-0.147174
1115,0,-0.188227,-0.213096,0.770882,-0.122426,-0.0632414,1.63994,0.931304,0.361453,-0.0449974,0.0519304,-0.254034,-0.9658,-0.360523,0.897117,-0.255353,104.737,2.97673,21.1622,0.596221,0.781136,0.132302,-0.129785
1122,0,-0.189571,-0.213311,0.771526,-0.122426,-0.0632414,1.63994,0.95251,0.301422,-0.0432481,0.0371952,-0.25613,-0.965926,-0.302228,0.918446,-0.255178,104.851,2.13162,17.6041,0.60025,0.784828,0.107863,-0.110048
1130,0,-0.188917,-0.213056,0.771045,-0.122426,-0.0632414,1.63994,0.979279,0.200302,-0.0298766,0.020865,-0.24653,-0.968911,-0.20144,0.94821,-0.2456,104.275,1.19557,11.6238,0.609743,0.786036,0.0703426,-0.0735708
1138,0,-0.189261,-0.212306,0.769949,-0.122426,-0.0632414,1.63994,0.989778,0.140497,-0.0244894,0.00921357,-0.234352,-0.972108,-0.142317,0.961946,-0.233251,103.554,0.527906,8.18231,0.616882,0.783802,0.0477514,-0.0532043
1144,0,-0.189313,-0.212516,0.769183,-0.122426,-0.0632414,1.63994,0.997721,0.0634933,-0.0228438,-0.00643693,-0.247438,-0.968882,-0.06717,0.966821,-0.246465,104.326,-0.368811,3.85153,0.613151,0.789244,0.0180731,-0.0285126
1152,0,-0.18969,-0.213387,0.770667,-0.122426,-0.0632414,1.63994,0.999668,-0.0102167,-0.0236573,-0.0254872,-0.256572,-0.966189,0.00380148,0.966471,-0.256747,104.872,-1.46047,-0.21788,0.60958,0.79262,-0.0112614,-0.00626271
1158,0,-0.18938,-0.214199,0.772569,-0.122426,-0.0632414,1.63994,0.996682,-0.0756146,-0.03013,-0.0489905,-0.261658,-0.963916,0.0650024,0.962194,-0.264494,105.187,-2.80807,-3.73148,0.606327,0.794172,-0.0392249,0.0109776
1165,0,-0.190138,-0.21322,0.772238,-0.122426,-0.0632414,1.63994,0.993129,-0.113553,-0.0282941,-0.0550015,-0.23951,-0.969335,0.103294,0.964231,-0.24411,103.879,-3.15294,-5.93793,0.614311,0.786884,-0.0535513,0.0238283
1173,0,-0.18972,-0.213422,0.771473,-0.122426,-0.0632414,1.63994,0.988706,-0.148037,-0.0233547,-0.0594517,-0.244374,-0.967857,0.137571,0.958315,-0.250415,104.17,-3.40834,-7.92141,0.61113,0.787955,-0.0658312,0.0362382
1181,0,-0.189763,-0.213244,0.772491,-0.122426,-0.0632414,1.63994,0.981413,-0.189074,-0.032862,-0.0766915,-0.229434,-0.970298,0.175919,0.954783,-0.239669,103.304,-4.39842,-10.1624,0.61488,0.782706,-0.0848869,0.0456931
1188,0,-0.190386,-0.213303,0.771708,-0.122426,-0.0632414,1.63994,0.972655,-0.230878,-0.0252402,-0.080848,-0.2347,-0.9687,0.217728,0.944252,-0.246948,103.619,-4.63731,-12.6176,0.610534,0.783311,-0.09949,0.0614341
1196,0,-0.189056,-0.214258,0.77466,-0.122426,-0.0632414,1.63994,0.95824,-0.284298,-0.0308191,-0.100238,-0.232999,-0.967297,0.26782,0.929992,-0.251767,103.543,-5.75289,-15.6152,0.606934,0.781506,-0.123011,0.0758155
1203,0,-0.190139,-0.213406,0.771913,-0.122426,-0.0632414,1.63994,0.962856,-0.267628,-0.0358315,-0.100438,-0.231808,-0.967562,0.250641,0.935222,-0.250078,103.473,-5.76441,-14.5908,0.608476,0.781784,-0.117701,0.0686921
1210,0,-0.190823,-0.213493,0.774089,-0.122426,-0.0632414,1.63994,0.93205,-0.35813,-0.0550086,-0.138047,-0.210625,-0.967771,0.335002,0.909604,-0.245752,102.278,-7.93488,-19.7697,0.607386,0.772727,-0.160528,0.0905861
1217,0,-0.19118,-0.212917,0.772295,-0.122426,-0.0632414,1.63994,0.912499,-0.404713,-0.0596058,-0.150845,-0.197446,-0.968639,0.380252,0.892873,-0.241218,101.521,-8.67588,-22.6222,0.607008,0.766675,-0.181158,0.104557
1224,0,-0.19125,-0.212594,0.772703,-0.122426,-0.0632414,1.63994,0.893194,-0.444294,-0.0693377,-0.168546,-0.187828,-0.967633,0.41689,0.87597,-0.242651,100.985,-9.70328,-25.0204,0.604714,0.76218,-0.201015,0.113999
1232,0,-0.192958,-0.213903,0.774945,-0.122426,-0.0632414,1.63994,0.890947,-0.449419,-0.0650926,-0.172887,-0.203149,-0.963764,0.41991,0.869916,-0.258694,101.903,-9.95571,-25.2349,0.597726,0.76694,-0.202853,0.11566
1239,0,-0.192363,-0.212835,0.771858,-0.122426,-0.0632414,1.63994,0.899584,-0.429003,-0.0818819,-0.185865,-0.206388,-0.960655,0.395224,0.879409,-0.2654,102.125,-10.7116,-23.7179,0.597452,0.769963,-0.199642,0.101739
1246,0,-0.190464,-0.211245,0.76495,-0.122426,-0.0632414,1.63994,0.923976,-0.363197,-0.119819,-0.199107,-0.189326,-0.961515,0.326535,0.912274,-0.247248,101.139,-11.4847,-19.4635,0.609795,0.768204,-0.182993,0.0672726
1253,0,-0.188728,-0.209769,0.75929,-0.122426,-0.0632414,1.63994,0.933795,-0.329697,-0.139018,-0.212869,-0.199605,-0.956475,0.287599,0.922745,-0.256572,101.788,-12.2906,-17.1183,0.607787,0.772977,-0.17548,0.0480547
1261,0,-0.187562,-0.209299,0.754218,-0.122426,-0.0632414,1.63994,0.943076,-0.295492,-0.152616,-0.22058,-0.21231,-0.951981,0.248901,0.931455,-0.265404,102.572,-12.7431,-14.7846,0.605261,0.777945,-0.165845,0.030942
1268,0,-0.184007,-0.206996,0.741951,-0.122426,-0.0632414,1.63994,0.939001,-0.290175,-0.184598,-0.254985,-0.227217,-0.93987,0.230783,0.929608,-0.287348,103.591,-14.7727,-13.8082,0.596749,0.783193,-0.174018,0.0147424
1276,0,-0.187129,-0.203318,0.732543,-0.122426,-0.0632414,1.63994,0.899382,-0.351569,-0.259827,-0.339076,-0.185859,-0.922217,0.275932,0.917527,-0.286367,101.394,-19.8206,-17.0561,0.597318,0.770001,-0.224235,0.00522879
1284,0,-0.184228,-0.201576,0.723304,-0.122426,-0.0632414,1.63994,0.891051,-0.360109,-0.276314,-0.353693,-0.169325,-0.919908,0.28448,0.917415,-0.278245,100.43,-20.7134,-17.7064,0.600725,0.764628,-0.233382,0.00267006
1291,0,-0.181734,-0.199461,0.714034,-0.122426,-0.0632414,1.63994,0.883275,-0.372677,-0.284496,-0.36136,-0.154492,-0.919538,0.298738,0.915011,-0.271129,99.5372,-21.1838,-18.6864,0.603667,0.759753,-0.241538,0.00468648
1299,0,-0.1771,-0.195787,0.698968,-0.122426,-0.0632414,1.63994,0.907331,-0.32752,-0.263594,-0.336773,-0.190895,-0.922032,0.251665,0.925359,-0.283504,101.697,-19.6804,-15.5023,0.598526,0.771643,-0.21522,-0.00386486
1306,0,-0.174862,-0.193125,0.689098,-0.122426,-0.0632414,1.63994,0.897165,-0.343371,-0.277833,-0.353478,-0.180977,-0.917769,0.264854,0.921598,-0.28374,101.155,-20.7002,-16.4473,0.598425,0.768421,-0.226715,-0.00422241
1313,0,-0.171818,-0.191199,0.677037,-0.122426,-0.0632414,1.63994,0.897868,-0.341747,-0.277565,-0.354721,-0.188103,-0.915855,0.26078,0.920775,-0.290116,101.606,-20.7764,-16.1956,0.595745,0.770728,-0.225913,-0.0054445
1320,0,-0.169453,-0.188667,0.666893,-0.122426,-0.0632414,1.63994,0.902573,-0.324648,-0.28278,-0.35512,-0.190029,-0.915303,0.243415,0.926549,-0.286804,101.729,-20.8008,-15.093,0.597022,0.771266,-0.220342,-0.0127599
1328,0,-0.165985,-0.18674,0.653057,-0.122426,-0.0632414,1.63994,0.886699,-0.356915,-0.2939,-0.38081,-0.203289,-0.90203,0.262201,0.911748,-0.316173,102.7,-22.3838,-16.4732,0.584644,0.77559,-0.237795,-0.0102176
1335,0,-0.163778,-0.185162,0.643124,-0.122426,-0.0632414,1.63994,0.882438,-0.366011,-0.295531,-0.38746,-0.209206,-0.897835,0.266791,0.90679,-0.326426,103.117,-22.7965,-16.8219,0.58026,0.777507,-0.242272,-0.00924085
1343,0,-0.161533,-0.181647,0.633134,-0.122426,-0.0632414,1.63994,0.871223,-0.403019,-0.280262,-0.364823,-0.149585,-0.918983,0.328444,0.902884,-0.277352,99.2451,-21.3967,-20.6561,0.600892,0.757984,-0.253251,0.0158914
1350,0,-0.157627,-0.177478,0.609053,-0.122426,-0.0632414,1.63994,0.909599,-0.314734,-0.271243,-0.348874,-0.22401,-0.910004,0.225648,0.922368,-0.313561,103.829,-20.4185,-13.9324,0.585668,0.782172,-0.212104,-0.0145732
1357,0,-0.153872,-0.173141,0.596329,-0.122426,-0.0632414,1.63994,0.921454,-0.275207,-0.274197,-0.338338,-0.221632,-0.914553,0.190921,0.935489,-0.297336,103.622,-19.7756,-11.7058,0.592133,0.781093,-0.196374,-0.0266539
1365,0,-0.150509,-0.169617,0.582997,-0.122426,-0.0632414,1.63994,0.924308,-0.279214,-0.260181,-0.323223,-0.210212,-0.92268,0.202932,0.936937,-0.284549,102.835,-18.858,-12.3828,0.597818,0.777668,-0.193668,-0.0184041
1372,0,-0.148249,-0.16606,0.568071,-0.122426,-0.0632414,1.63994,0.947781,-0.21361,-0.236817,-0.286075,-0.241209,-0.92735,0.140969,0.946673,-0.289722,104.58,-16.6231,-8.45989,0.595157,0.787196,-0.158691,-0.0304398
1380,0,-0.144575,-0.163199,0.553118,-0.122426,-0.0632414,1.63994,0.944298,-0.167134,-0.28349,-0.317714,-0.23846,-0.917712,0.0857799,0.956662,-0.278278,104.566,-18.5247,-5.1905,0.597403,0.784385,-0.154531,-0.0630144
1387,0,-0.14177,-0.161269,0.540464,-0.122426,-0.0632414,1.63994,0.959805,-0.0795117,-0.269168,-0.280366,-0.227263,-0.932602,0.0129806,0.970582,-0.240421,103.695,-16.2821,-0.774833,0.610762,0.77902,-0.115491,-0.0822147
1395,0,-0.13674,-0.157313,0.520176,-0.122426,-0.0632414,1.63994,0.947343,-0.0616921,-0.314222,-0.320204,-0.192762,-0.92753,-0.00334892,0.979304,-0.202366,101.74,-18.6752,0.202544,0.62294,0.765257,-0.124761,-0.103747
1402,0,-0.134168,-0.153842,0.504017,-0.122426,-0.0632414,1.63994,0.944947,-0.0572607,-0.322175,-0.3272,-0.177367,-0.92816,-0.00399604,0.982478,-0.186338,100.818,-19.0989,0.242294,0.628737,0.759712,-0.126515,-0.107334
1409,0,-0.132119,-0.149549,0.48564,-0.122426,-0.0632414,1.63994,0.950173,-0.0587858,-0.306129,-0.311696,-0.166336,-0.935509,0.00407436,0.984315,-0.176371,100.082,-18.1615,-0.245684,0.633929,0.757113,-0.122334,-0.0997391
1416,0,-0.127601,-0.145183,0.467967,-0.122426,-0.0632414,1.63994,0.953687,-0.0306251,-0.299238,-0.300077,-0.165852,-0.939387,-0.0208603,0.985675,-0.167361,100.013,-17.4622,1.25305,0.636489,0.756125,-0.109341,-0.105835
1423,0,-0.122897,-0.140681,0.448114,-0.122426,-0.0632414,1.63994,0.951299,-0.0116774,-0.308048,-0.305211,-0.176083,-0.935864,-0.0433135,0.984306,-0.171071,100.656,-17.7709,2.60693,0.633274,0.758033,-0.10451,-0.11588
1431,0,-0.1201,-0.139541,0.44353,-0.122426,-0.0632414,1.63994,0.951259,0.00425238,-0.308364,-0.301042,-0.204215,-0.931488,-0.0669337,0.978917,-0.192981,102.366,-17.5202,4.02489,0.62331,0.766234,-0.096834,-0.122449
1439,0,-0.120262,-0.139842,0.443639,-0.122426,-0.0632414,1.63994,0.950778,0.000653637,-0.309871,-0.302371,-0.216732,-0.928223,-0.0677658,0.976231,-0.205867,103.143,-17.6001,4.07681,0.618098,0.770289,-0.0979235,-0.122563
1446,0,-0.120269,-0.139049,0.444924,-0.122426,-0.0632414,1.63994,0.952332,0.0133538,-0.30477,-0.29291,-0.239139,-0.925752,-0.0852445,0.970894,-0.223828,104.484,-17.0323,5.11499,0.610198,0.777062,-0.0899402,-0.125477
1454,0,-0.120253,-0.138624,0.445058,-0.122426,-0.0632414,1.63994,0.951256,-0.0051213,-0.30836,-0.300354,-0.242317,-0.922534,-0.0699963,0.970184,-0.232044,104.717,-17.4789,4.20841,0.607638,0.77872,-0.0980698,-0.121467
1460,0,-0.120544,-0.137906,0.445732,-0.122426,-0.0632414,1.63994,0.949169,0.0116811,-0.31455,-0.302561,-0.24172,-0.92197,-0.0868026,0.970276,-0.225899,104.691,-17.6115,5.22523,0.608595,0.777301,-0.0935545,-0.129085
1468,0,-0.119444,-0.138148,0.442252,-0.122426,-0.0632414,1.63994,0.941497,0.0743144,-0.328725,-0.310931,-0.184761,-0.932301,-0.130019,0.97997,-0.150846,101.209,-18.1153,7.86271,0.633619,0.754504,-0.0784013,-0.152002
1475,0,-0.119615,-0.138139,0.441395,-0.122426,-0.0632414,1.63994,0.940919,0.0764692,-0.329886,-0.315538,-0.155609,-0.936067,-0.122913,0.984855,-0.122286,99.4383,-18.3933,7.44248,0.644791,0.744784,-0.0802478,-0.15199
