102,0,-0.336429,-0.396759,1.45423,0.13875,0.423176,1.76693,0.838281,0.545146,0.0100018,0.174757,-0.251261,-0.952013,-0.516473,0.799802,-0.305896,104.785,10.0645,31.6376,0.565934,0.77386,0.232569,-0.163618
109,0,-0.334891,-0.404526,1.45251,0.13875,0.423176,1.76693,0.840549,0.541303,0.0216522,0.160349,-0.210419,-0.964371,-0.517461,0.814073,-0.263664,102.309,9.22713,31.6174,0.58448,0.760696,0.230595,-0.162946
116,0,-0.335587,-0.414275,1.45521,0.13875,0.423176,1.76693,0.836788,0.547272,0.0167047,0.143855,-0.190315,-0.971126,-0.528291,0.81503,-0.237982,101.088,8.271,32.2655,0.593399,0.75251,0.229607,-0.16996
124,0,-0.336465,-0.423558,1.45944,0.13875,0.423176,1.76693,0.836823,0.547063,0.0212082,0.152632,-0.195922,-0.968668,-0.525767,0.81384,-0.247451,101.434,8.77946,32.1407,0.590222,0.755016,0.231682,-0.167069
132,0,-0.337242,-0.426717,1.4638,0.13875,0.423176,1.76693,0.831491,0.555054,0.0232035,0.165388,-0.207451,-0.964163,-0.530349,0.80553,-0.264293,102.143,9.51977,32.5309,0.583041,0.75882,0.237356,-0.167084
139,0,-0.339208,-0.423488,1.47144,0.13875,0.423176,1.76693,0.819873,0.572036,0.0241266,0.175095,-0.21039,-0.96181,-0.545114,0.792786,-0.272654,102.339,10.0842,33.619,0.578107,0.758768,0.246166,-0.171656
146,0,-0.340283,-0.4226,1.47706,0.13875,0.423176,1.76693,0.801702,0.597113,0.0270003,0.183988,-0.203545,-0.961623,-0.568702,0.775903,-0.273044,101.951,10.6021,35.3507,0.575568,0.7547,0.258745,-0.179443
153,0,-0.342262,-0.42556,1.48512,0.13875,0.423176,1.76693,0.792204,0.609515,0.0300806,0.186231,-0.194522,-0.963057,-0.581146,0.76854,-0.267612,101.419,10.7329,36.2631,0.576643,0.750723,0.264993,-0.183512
160,0,-0.344464,-0.427299,1.49529,0.13875,0.423176,1.76693,0.765489,0.642751,0.0299468,0.196482,-0.189176,-0.962085,-0.612716,0.74235,-0.271101,101.124,11.3313,38.6746,0.571229,0.74595,0.281263,-0.195311
168,0,-0.346251,-0.430414,1.5064,0.13875,0.423176,1.76693,0.726124,0.686824,0.031882,0.204179,-0.17112,-0.963861,-0.656548,0.706392,-0.264489,100.067,11.7814,42.1193,0.568004,0.735142,0.303004,-0.21243
175,0,-0.346878,-0.433197,1.51625,0.13875,0.423176,1.76693,0.704744,0.708613,0.0346972,0.208377,-0.159995,-0.964873,-0.67817,0.687219,-0.260414,99.4151,12.0273,43.8992,0.566643,0.728895,0.314514,-0.220702
183,0,-0.350456,-0.437487,1.53955,0.13875,0.423176,1.76693,0.656477,0.75271,0.0496564,0.251404,-0.156249,-0.955187,-0.71122,0.639542,-0.291808,99.2901,14.5606,47.2921,0.549641,0.725351,0.346079,-0.228015
190,0,-0.358999,-0.451857,1.57934,0.13875,0.423176,1.76693,0.62402,0.777594,0.0771182,0.347181,-0.187484,-0.918866,-0.700046,0.600165,-0.386959,101.532,20.315,48.2863,0.512244,0.741361,0.379294,-0.210062
197,0,-0.361776,-0.456129,1.59192,0.13875,0.423176,1.76693,0.60302,0.79335,0.0834401,0.360805,-0.177957,-0.915506,-0.711468,0.582174,-0.393556,101,21.1496,49.7164,0.507815,0.737315,0.391337,-0.212944
204,0,-0.364546,-0.459487,1.60276,0.13875,0.423176,1.76693,0.583153,0.808393,0.0802065,0.350145,-0.161033,-0.922749,-0.733028,0.566188,-0.376962,99.8992,20.4962,51.4963,0.511165,0.728208,0.397736,-0.224119
211,0,-0.367951,-0.460124,1.62333,0.13875,0.423176,1.76693,0.621053,0.782422,0.0459265,0.246568,-0.139421,-0.959044,-0.743974,0.606942,-0.279508,98.2714,14.2745,50.1456,0.548207,0.71414,0.36022,-0.244367
218,0,-0.369849,-0.459743,1.62922,0.13875,0.423176,1.76693,0.622479,0.782377,0.0201419,0.207154,-0.13989,-0.968255,-0.754723,0.606891,-0.249151,98.221,11.9556,50.4849,0.555302,0.70914,0.348849,-0.258969
226,0,-0.372913,-0.462719,1.64132,0.13875,0.423176,1.76693,0.636232,0.771279,0.0183902,0.195261,-0.137919,-0.971005,-0.74638,0.621375,-0.23835,98.0841,11.26,49.5549,0.56124,0.709313,0.340661,-0.256582
233,0,-0.374871,-0.46562,1.64966,0.13875,0.423176,1.76693,0.648127,0.761031,0.0276262,0.205489,-0.139842,-0.968617,-0.733284,0.633464,-0.247019,98.2152,11.8582,48.5275,0.56153,0.713265,0.338766,-0.247334
240,0,-0.377388,-0.468993,1.66044,0.13875,0.423176,1.76693,0.667326,0.743764,0.0386266,0.217561,-0.145075,-0.965205,-0.712281,0.65251,-0.258626,98.5478,12.5658,46.8664,0.562055,0.719553,0.334001,-0.234053
247,0,-0.380004,-0.47236,1.6715,0.13875,0.423176,1.76693,0.673928,0.737727,0.0397531,0.217045,-0.146267,-0.965141,-0.706196,0.659064,-0.258693,98.6176,12.5355,46.3393,0.563242,0.720918,0.331096,-0.231109
255,0,-0.382438,-0.475802,1.68292,0.13875,0.423176,1.76693,0.667713,0.743519,0.0366022,0.220837,-0.150886,-0.963569,-0.710908,0.65147,-0.264945,98.8997,12.7582,46.7946,0.559438,0.721724,0.334046,-0.233575
262,0,-0.384941,-0.479047,1.6951,0.13875,0.423176,1.76693,0.646556,0.761837,0.0396142,0.227272,-0.142791,-0.963306,-0.728226,0.631834,-0.265467,98.4316,13.1365,48.3997,0.556394,0.716731,0.345007,-0.240192
268,0,-0.388834,-0.483189,1.7093,0.13875,0.423176,1.76693,0.600762,0.798589,0.036623,0.236978,-0.134147,-0.962209,-0.763496,0.586737,-0.269839,97.9368,13.7083,51.8024,0.546986,0.707946,0.365695,-0.256684
275,0,-0.395826,-0.477865,1.73889,0.13875,0.423176,1.76693,0.561367,0.827255,0.022715,0.21905,-0.122064,-0.968048,-0.79805,0.548406,-0.249733,97.1867,12.6532,54.8766,0.545337,0.695191,0.376265,-0.278821
282,0,-0.400493,-0.467684,1.75974,0.13875,0.423176,1.76693,0.574549,0.818469,-0.00159359,0.211454,-0.150317,-0.96576,-0.790684,0.554539,-0.259432,98.8469,12.2076,53.9961,0.539629,0.704326,0.36557,-0.281219
289,0,-0.399212,-0.45955,1.77356,0.13875,0.423176,1.76693,0.579504,0.814898,0.0107825,0.216601,-0.141251,-0.965988,-0.785659,0.562129,-0.258364,98.3191,12.5095,53.5874,0.543113,0.703406,0.366609,-0.275402
297,0,-0.400756,-0.449921,1.78415,0.13875,0.423176,1.76693,0.595471,0.803362,0.00493479,0.204097,-0.145335,-0.968102,-0.777019,0.577484,-0.250506,98.5377,11.7766,52.5351,0.547638,0.705569,0.356966,-0.273568
304,0,-0.402181,-0.440941,1.79366,0.13875,0.423176,1.76693,0.577112,0.814475,0.0597623,0.23147,-0.0929568,-0.968391,-0.783175,0.572703,-0.242173,95.4831,13.3836,53.6139,0.557221,0.691419,0.378188,-0.261568
311,0,-0.403293,-0.429492,1.80069,0.13875,0.423176,1.76693,0.555135,0.830009,0.0539415,0.213189,-0.079302,-0.973787,-0.803975,0.552083,-0.220972,94.6557,12.3093,55.3754,0.560103,0.681067,0.382928,-0.275315
319,0,-0.405026,-0.418321,1.80949,0.13875,0.423176,1.76693,0.547572,0.835554,0.0448881,0.200901,-0.0792033,-0.976405,-0.812283,0.54367,-0.211233,94.6375,11.5896,56.0155,0.56061,0.677866,0.382249,-0.283019
326,0,-0.406865,-0.407437,1.81692,0.13875,0.423176,1.76693,0.553252,0.832216,0.0364601,0.185993,-0.0807458,-0.979228,-0.811985,0.548541,-0.199459,94.7139,10.719,55.7312,0.564147,0.677026,0.375986,-0.286372
334,1,-0.408629,-0.397228,1.82473,0.13875,0.423176,1.76693,0.578081,0.815029,0.0393577,0.182029,-0.0817904,-0.979886,-0.795416,0.573618,-0.19564,94.7714,10.488,53.9916,0.57023,0.681086,0.365981,-0.27752
341,1,-0.41113,-0.386634,1.83528,0.13875,0.423176,1.76693,0.613144,0.789075,0.0376297,0.171092,-0.0861404,-0.981482,-0.771221,0.608228,-0.187821,95.0157,9.85132,51.5143,0.578615,0.68686,0.349477,-0.267009
348,1,-0.413265,-0.376996,1.84582,0.13875,0.423176,1.76693,0.612793,0.789247,0.0396727,0.18325,-0.0930869,-0.978649,-0.768703,0.606979,-0.201672,95.4335,10.5591,51.4389,0.574028,0.690571,0.352063,-0.263923
356,1,-0.414933,-0.366584,1.85319,0.13875,0.423176,1.76693,0.603197,0.796781,0.0359627,0.185264,-0.0961116,-0.977977,-0.775777,0.596576,-0.205589,95.6128,10.6765,52.1336,0.570416,0.69009,0.355767,-0.268014
363,1,-0.416889,-0.357479,1.86137,0.13875,0.423176,1.76693,0.614773,0.788081,0.031352,0.171351,-0.0946557,-0.980652,-0.769866,0.608251,-0.19323,95.5133,9.86636,51.391,0.575953,0.689684,0.347779,-0.2677
370,0,-0.418525,-0.352169,1.86836,0.13875,0.423176,1.76693,0.596637,0.801716,0.0357122,0.176675,-0.0878127,-0.980344,-0.782822,0.591219,-0.194036,95.1185,10.1762,52.6867,0.573321,0.685289,0.356926,-0.272553
377,0,-0.420399,-0.370662,1.87596,0.13875,0.423176,1.76693,0.624357,0.779976,0.0426059,0.204351,-0.110449,-0.972647,-0.753935,0.615986,-0.228349,96.4785,11.7915,50.3708,0.566912,0.700563,0.351263,-0.253842
384,0,-0.420678,-0.385378,1.8797,0.13875,0.423176,1.76693,0.649801,0.758314,0.0521396,0.224503,-0.125937,-0.966301,-0.726193,0.639609,-0.252078,97.4254,12.9737,48.1777,0.563868,0.712007,0.345087,-0.236674
391,0,-0.42277,-0.387499