106,0,-0.336438,-0.387075,1.45677,-nan,-nan,-nan,0.820218,0.5715,0.0251007,0.186195,-0.225224,-0.95635,-0.540901,0.789089,-0.291144,103.252,10.7308,33.4032,0.570931,0.764295,0.247841,-0.168718
113,0,-0.335964,-0.385711,1.45753,-nan,-nan,-nan,0.814412,0.579739,0.0252231,0.16204,-0.185465,-0.969199,-0.557204,0.793414,-0.244985,100.833,9.32532,34.3792,0.58821,0.749143,0.247543,-0.17753
121,0,-0.336593,-0.38592,1.46,-nan,-nan,-nan,0.808612,0.58795,0.0214945,0.150353,-0.171185,-0.973699,-0.568807,0.790576,-0.226822,99.9712,8.64739,35.1239,0.593844,0.742735,0.248508,-0.184222
128,0,-0.337216,-0.387188,1.46394,-nan,-nan,-nan,0.794622,0.60657,0.0254686,0.158594,-0.166902,-0.973135,-0.586024,0.777314,-0.228822,99.7321,9.12529,36.4083,0.591375,0.739991,0.258504,-0.189379
136,0,-0.338974,-0.389033,1.46934,-nan,-nan,-nan,0.801392,0.597646,0.0243025,0.162477,-0.178405,-0.97045,-0.57565,0.781659,-0.240076,100.417,9.35069,35.6902,0.587986,0.744962,0.255088,-0.185025
144,0,-0.340531,-0.39135,1.47791,-nan,-nan,-nan,0.800584,0.598447,0.0304255,0.169396,-0.177325,-0.969464,-0.574778,0.781292,-0.243338,100.365,9.75273,35.6764,0.58735,0.745193,0.257599,-0.182621
152,0,-0.343115,-0.394297,1.48771,-nan,-nan,-nan,0.807306,0.58918,0.0335437,0.170561,-0.178537,-0.969037,-0.564948,0.788031,-0.244625,100.439,9.82046,34.9841,0.588248,0.746737,0.254353,-0.177909
159,0,-0.346114,-0.397486,1.50121,-nan,-nan,-nan,0.80997,0.585439,0.0347715,0.169524,-0.176958,-0.969509,-0.561435,0.791168,-0.242577,100.344,9.76017,34.728,0.589583,0.746577,0.252809,-0.17636
167,0,-0.347493,-0.401019,1.51363,-nan,-nan,-nan,0.810043,0.585283,0.035705,0.171793,-0.178663,-0.968796,-0.560641,0.790901,-0.245272,100.449,9.89207,34.6876,0.588665,0.747325,0.253262,-0.175605
174,0,-0.344963,-0.403677,1.52712,-nan,-nan,-nan,0.821562,0.568273,0.0458393,0.184063,-0.188285,-0.964712,-0.539589,0.801009,-0.259286,101.044,10.6065,33.2962,0.586087,0.753182,0.249719,-0.163888
182,0,-0.368757,-0.389632,1.56945,-nan,-nan,-nan,0.884009,0.467399,0.00818281,0.119178,-0.20841,-0.970753,-0.452024,0.859129,-0.23994,102.117,6.84465,27.0822,0.599095,0.763603,0.192042,-0.145311
189,0,-0.373099,-0.389245,1.57735,-nan,-nan,-nan,0.882568,0.470083,0.00975859,0.121912,-0.208743,-0.970342,-0.454104,0.857583,-0.241539,102.141,7.00246,27.227,0.598391,0.763683,0.193796,-0.145461
197,0,-0.372417,-0.374779,1.58651,-nan,-nan,-nan,0.879237,0.472181,0.0631416,0.175574,-0.197976,-0.964354,-0.442849,0.858982,-0.256971,101.601,10.1121,26.7332,0.596718,0.763902,0.211989,-0.124266
205,0,-0.373321,-0.395382,1.5946,-nan,-nan,-nan,0.876255,0.479316,0.0493169,0.153273,-0.180235,-0.971608,-0.456819,0.858936,-0.231398,100.509,8.81666,27.5344,0.605108,0.756288,0.20911,-0.134705
212,0,-0.374799,-0.398911,1.60364,-nan,-nan,-nan,0.896751,0.438784,0.0575013,0.164607,-0.210119,-0.963719,-0.410783,0.873681,-0.260651,102.3,9.47443,24.6115,0.597072,0.769337,0.196075,-0.1148
220,0,-0.376702,-0.399956,1.6103,-nan,-nan,-nan,0.91936,0.390897,0.0444683,0.139567,-0.218379,-0.965832,-0.367829,0.894153,-0.255326,102.741,8.02282,21.806,0.601177,0.773477,0.171454,-0.104515
228,0,-0.378689,-0.40163,1.61742,-nan,-nan,-nan,0.929329,0.36762,0.0346877,0.119561,-0.210699,-0.970212,-0.34936,0.905793,-0.239762,102.253,6.86677,20.6026,0.608044,0.771328,0.157903,-0.10199
235,0,-0.380704,-0.403334,1.62572,-nan,-nan,-nan,0.930303,0.365549,0.0301779,0.111432,-0.203283,-0.972758,-0.349456,0.908323,-0.229848,101.804,6.39787,20.588,0.611795,0.768673,0.155131,-0.103841
243,0,-0.383249,-0.405564,1.63555,-nan,-nan,-nan,0.920696,0.38871,0.0349744,0.117737,-0.191194,-0.974465,-0.372097,0.901304,-0.221798,101.101,6.76154,22.006,0.613943,0.763821,0.165761,-0.110341
250,0,-0.38594,-0.408553,1.64731,-nan,-nan,-nan,0.921536,0.386646,0.0357246,0.119546,-0.194979,-0.973495,-0.369433,0.901381,-0.225902,101.326,6.86588,21.8453,0.612506,0.765248,0.165369,-0.10902
258,0,-0.387889,-0.411573,1.65651,-nan,-nan,-nan,0.917434,0.396454,0.0337448,0.122158,-0.199938,-0.972164,-0.378672,0.896018,-0.23186,101.622,7.01664,22.4284,0.609434,0.76636,0.16918,-0.112521
266,0,-0.390575,-0.41495,1.66776,-nan,-nan,-nan,0.917546,0.396089,0.0349693,0.125904,-0.205984,-0.970422,-0.377171,0.894809,-0.238869,101.984,7.23299,22.3458,0.606773,0.768505,0.169808,-0.11132
273,0,-0.392601,-0.416558,1.67655,-nan,-nan,-nan,0.916428,0.398288,0.0390631,0.130781,-0.205799,-0.969816,-0.378227,0.893876,-0.240688,101.981,7.51471,22.4268,0.606206,0.768589,0.172091,-0.11032
280,0,-0.392774,-0.419112,1.68855,-nan,-nan,-nan,0.914458,0.402839,0.0385637,0.132161,-0.207217,-0.969327,-0.382491,0.891505,-0.242731,102.067,7.59451,22.6981,0.605085,0.768831,0.173965,-0.111835
288,0,-0.391254,-0.420044,1.69234,-nan,-nan,-nan,0.898875,0.437004,0.0324153,0.13484,-0.205451,-0.969334,-0.416943,0.875681,-0.2436,101.967,7.74935,24.8842,0.602043,0.766147,0.186597,-0.125474
295,0,-0.386989,-0.420584,1.69513,-nan,-nan,-nan,0.871182,0.48977,0.0341799,0.146587,-0.193035,-0.97018,-0.468567,0.850213,-0.239962,101.253,8.42917,28.2737,0.599622,0.758976,0.20961,-0.143083
302,0,-0.390161,-0.421654,1.69849,-nan,-nan,-nan,0.876086,0.480429,0.0407436,0.148825,-0.189074,-0.970619,-0.458611,0.85641,-0.237145,101.023,8.55882,27.631,0.602052,0.758668,0.207355,-0.137698
310,0,-0.393864,-0.425075,1.71467,-nan,-nan,-nan,0.929917,0.365952,0.0365159,0.116331,-0.198501,-0.973172,-0.348886,0.909218,-0.227161,101.529,6.68039,20.5651,0.61324,0.767395,0.157117,-0.101763
316,0,-0.415927,-0.443629,1.80205,-nan,-nan,-nan,0.957563,-0.28686,0.0279977,-0.032525,-0.204065,-0.978417,0.286382,0.935985,-0.204735,101.781,-1.86388,-16.6506,0.622246,0.76915,-0.103811,0.102184
324,0,-0.418481,-0.444282,1.81196,-nan,-nan,-nan,0.936176,-0.347113,0.0555688,-0.0251445,-0.223792,-0.974313,0.350633,0.91073,-0.218236,102.936,-1.44083,-20.5328,0.611177,0.771071,-0.120695,0.1317
331,0,-0.420901,-0.446918,1.82225,-nan,-nan,-nan,0.912785,-0.404387,0.057406,-0.0421755,-0.233116,-0.971534,0.406258,0.88438,-0.22984,103.493,-2.4172,-23.9927,0.602044,0.770672,-0.144861,0.150409
339,0,-0.423358,-0.449845,1.83597,-nan,-nan,-nan,0.898391,-0.435482,0.0570083,-0.0515202,-0.233399,-0.971015,0.436165,0.869414,-0.23212,103.516,-2.9532,-25.8964,0.598513,0.768751,-0.158374,0.160381
347,0,-0.429853,-0.45387,1.85233,-nan,-nan,-nan,0.873387,-0.485544,0.0379717,-0.0674703,-0.197841,-0.977909,0.48233,0.851532,-0.205552,101.437,-3.8687,-28.9098,0.606217,0.75445,-0.183251,0.172411
355,0,-0.437221,-0.454432,1.87092,-nan,-nan,-nan,0.860313,-0.509728,0.00617703,-0.0871708,-0.159043,-0.983416,0.502257,0.845507,-0.181261,99.1866,-5.00087,-30.2767,0.616443,0.741724,-0.201186,0.171369
363,0,-0.449973,-0.45012,1.88853,-nan,-nan,-nan,0.860367,-0.509201,0.0219627,-0.0599408,-0.143883,-0.987778,0.506137,0.848535,-0.154314,98.2876,-3.43641,-30.4675,0.624934,0.734603,-0.19369,0.179723
370,0,-0.464955,-0.439644,1.89782,-nan,-nan,-nan,0.877175,-0.478608,0.0386983,-0.0323882,-0.139384,-0.989709,0.479077,0.866895,-0.137765,98.0164,-1.85603,-28.6415,0.632461,0.733881,-0.174073,0.176382
377,0,-0.47431,-0.429124,1.89847,-nan,-nan,-nan,0.884065,-0.463374,0.0609383,-0.0105771,-0.150191,-0.9886,0.467244,0.873343,-0.13768,98.6385,-0.606033,-27.8572,0.631703,0.736874,-0.160798,0.179197
385,0,-0.476568,-0.42305,1.89556,-nan,-nan,-nan,0.884352,-0.457567,0.0924863,0.0166217,-0.16713,-0.985795,0.466524,0.873327,-0.140196,99.6223,0.9524,-27.8131,0.627899,0.740216,-0.148924,0.1888
392,0,-0.474219,-0.42261,1.89229,-nan,-nan,-nan,0.883785,-0.46274,0.0692527,-0.0223075,-0.189513,-0.981625,0.467361,0.866,-0.177811,100.927,-1.27823,-27.8707,0.615723,0.750185,-0.161643,0.178827
399,0,-0.470349,-0.428824,1.88479,-nan,-nan,-nan,0.87093,-0.474232,0.128783,0.0317774,-0.207171,-0.977789,0.490379,0.855677,-0.165361,101.963,1.82102,-29.3818,0.612045,0.748909,-0.1477,0.206688
407,0,-0.466932,-0.428429,1.88257,-nan,-nan,-nan,0.853021,-0.518518,0.0591217,-0.0342087,-0.168598,-0.985091,0.520755,0.838281,-0.161555,99.712,-1.9604,-31.4034,0.617023,0.738778,-0.187041,0.196228
415,0,-0.466355,-0.42851,1.88504,-nan,-nan,-nan,0.845076,-0.532848,0.0438241,-0.0504084,-0.161012,-0.985664,0.532265,0.830752,-0.162927,99.2775,-2.88941,-32.2045,0.616672,0.736379,-0.198015,0.195582