107,0,-0.336545,-0.387546,1.45738,-nan,-nan,-nan,0.834761,0.550415,0.0147208,0.180168,-0.247785,-0.951915,-0.520301,0.797274,-0.306009,104.59,10.3796,31.935,0.565899,0.772747,0.236359,-0.163566
115,0,-0.330394,-0.386726,1.45938,-0.175792,-0.345699,1.44332,0.853743,0.52044,-0.0162649,0.12341,-0.232594,-0.964712,-0.505858,0.821609,-0.262803,103.555,7.08894,30.6475,0.58274,0.766345,0.210039,-0.170329
124,0,-0.325985,-0.387054,1.46297,-0.175792,-0.345699,1.44332,0.870437,0.491455,-0.0284773,0.0900965,-0.21591,-0.972248,-0.483965,0.843715,-0.232215,102.521,5.16916,29.0742,0.596304,0.761341,0.190963,-0.16827
132,0,-0.314017,-0.387994,1.46695,-0.175792,-0.345699,1.44332,0.891733,0.45089,-0.0388765,0.0731757,-0.228426,-0.970807,-0.446607,0.862856,-0.236689,103.241,4.19641,26.6031,0.597206,0.767601,0.170683,-0.158117
139,0,-0.308988,-0.388465,1.46612,-0.175792,-0.345699,1.44332,0.913708,0.404206,-0.0418862,0.0596811,-0.235432,-0.970057,-0.401964,0.883849,-0.23924,103.642,3.42151,23.7459,0.599799,0.772719,0.150083,-0.1436
146,0,-0.310117,-0.388408,1.46699,-0.175792,-0.345699,1.44332,0.932023,0.36145,-0.0262002,0.0645298,-0.236666,-0.969446,-0.356607,0.901855,-0.243902,103.719,3.69985,20.9377,0.602382,0.776626,0.137125,-0.123228
154,0,-0.304892,-0.389671,1.47133,-0.175792,-0.345699,1.44332,0.92806,0.37241,-0.00394812,0.091457,-0.238165,-0.966909,-0.361026,0.896989,-0.255091,103.837,5.24743,21.2566,0.598916,0.778029,0.149052,-0.117275
162,0,-0.302512,-0.391402,1.47542,-0.175792,-0.345699,1.44332,0.919279,0.393472,0.0103004,0.114245,-0.241689,-0.963605,-0.376662,0.886999,-0.267132,104.08,6.5601,22.2807,0.593814,0.779118,0.162914,-0.117556
170,0,-0.304427,-0.392116,1.4785,-0.175792,-0.345699,1.44332,0.923468,0.383671,-0.00177987,0.100167,-0.245569,-0.96419,-0.370369,0.890221,-0.265206,104.289,5.74881,21.8539,0.594284,0.780103,0.155056,-0.119263
177,0,-0.30437,-0.392374,1.47949,-0.175792,-0.345699,1.44332,0.928651,0.370872,-0.0078821,0.0913637,-0.249262,-0.964117,-0.359529,0.894607,-0.265361,104.496,5.24207,21.164,0.594564,0.781549,0.147859,-0.117526
185,0,-0.304576,-0.392459,1.47982,-0.175792,-0.345699,1.44332,0.931917,0.362517,-0.010579,0.0868231,-0.251326,-0.964,-0.352125,0.89745,-0.26569,104.612,4.98087,20.6991,0.594748,0.782454,0.143568,-0.115887
193,0,-0.304673,-0.392449,1.47965,-0.175792,-0.345699,1.44332,0.930195,0.366742,-0.0154071,0.0798538,-0.24315,-0.966696,-0.358275,0.897985,-0.255463,104.119,4.58016,21.0647,0.598244,0.779232,0.143281,-0.119888
200,0,-0.304749,-0.392863,1.47781,-0.175792,-0.345699,1.44332,0.903074,0.424982,-0.0620247,0.0447939,-0.236829,-0.970518,-0.427142,0.873672,-0.232911,103.714,2.56736,25.3135,0.59861,0.770197,0.152486,-0.15878
208,0,-0.305552,-0.394199,1.47895,-0.175792,-0.345699,1.44332,0.882177,0.462388,-0.0892225,0.0246347,-0.234519,-0.971799,-0.470272,0.855102,-0.218278,103.567,1.41161,28.0612,0.597784,0.764031,0.159359,-0.183073
216,0,-0.307375,-0.396444,1.48342,-0.175792,-0.345699,1.44332,0.844906,0.521515,-0.118976,0.00492323,-0.229994,-0.97318,-0.534892,0.82166,-0.196891,103.297,0.282081,32.337,0.595404,0.753623,0.174636,-0.216908
224,0,-0.306909,-0.397495,1.48459,-0.175792,-0.345699,1.44332,0.811729,0.573549,-0.110172,0.0149728,-0.209015,-0.977798,-0.583842,0.792057,-0.178251,102.066,0.857912,35.7259,0.596754,0.74145,0.198436,-0.234006
231,0,-0.306077,-0.396792,1.48185,-0.175792,-0.345699,1.44332,0.796932,0.598417,-0.0824383,0.0407494,-0.189418,-0.981051,-0.602693,0.778472,-0.175338,100.928,2.33542,37.099,0.598368,0.735134,0.217364,-0.232995
238,0,-0.304922,-0.393713,1.4751,-0.175792,-0.345699,1.44332,0.772745,0.633573,-0.0380719,0.0917185,-0.170816,-0.981025,-0.628055,0.75459,-0.190108,99.8773,5.26248,39.1027,0.5941,0.730354,0.248267,-0.228015
245,0,-0.303144,-0.397213,1.47392,-0.175792,-0.345699,1.44332,0.774781,0.632059,-0.0146906,0.146255,-0.201789,-0.968448,-0.61508,0.748186,-0.248784,101.77,8.40995,38.4452,0.575371,0.745881,0.260871,-0.211083
253,0,-0.302377,-0.394171,1.46652,-0.175792,-0.345699,1.44332,0.75701,0.653403,-0.000634194,0.173955,-0.202474,-0.963714,-0.629822,0.72943,-0.266938,101.865,10.0179,39.76,0.567362,0.74606,0.277243,-0.211262
260,0,-0.300681,-0.392792,1.46209,-0.175792,-0.345699,1.44332,0.765861,0.642924,-0.0102941,0.172602,-0.220976,-0.959884,-0.619407,0.733361,-0.280207,102.964,9.93916,38.965,0.56229,0.752835,0.270818,-0.20911
267,0,-0.299169,-0.391614,1.45665,-0.175792,-0.345699,1.44332,0.734324,0.678661,-0.0136679,0.181896,-0.216134,-0.959271,-0.653974,0.701929,-0.282158,102.697,10.4802,41.6876,0.555885,0.747097,0.287967,-0.223412
274,0,-0.29788,-0.390052,1.44957,-0.175792,-0.345699,1.44332,0.758907,0.650882,-0.0203212,0.183438,-0.243616,-0.952366,-0.624829,0.71903,-0.304278,104.349,10.5701,39.4656,0.55023,0.759408,0.274661,-0.212386
281,0,-0.296656,-0.388466,1.4441,-0.175792,-0.345699,1.44332,0.767413,0.641136,-0.00475572,0.204722,-0.25206,-0.945809,-0.607591,0.724852,-0.324689,104.923,11.8132,38.3701,0.545588,0.765533,0.276232,-0.199974
288,0,-0.295662,-0.386852,1.43929,-0.175792,-0.345699,1.44332,0.758475,0.651699,0.00203677,0.205979,-0.23676,-0.949483,-0.618295,0.720578,-0.313813,104.002,11.8868,39.1863,0.549523,0.759777,0.282214,-0.202776
295,0,-0.294192,-0.385229,1.43118,-0.175792,-0.345699,1.44332,0.749773,0.661621,-0.00990399,0.172694,-0.210108,-0.962305,-0.638762,0.7198,-0.271792,102.317,9.9445,40.429,0.562999,0.746939,0.279244,-0.217108
302,0,-0.292316,-0.38253,1.42499,-0.175792,-0.345699,1.44332,0.758137,0.651766,-0.0207222,0.149984,-0.205212,-0.967157,-0.634612,0.73013,-0.253333,101.979,8.62599,39.9316,0.569998,0.744426,0.269251,-0.22008
310,0,-0.290612,-0.379453,1.41523,-0.175792,-0.345699,1.44332,0.728767,0.684353,-0.0236396,0.151615,-0.194928,-0.969028,-0.667765,0.702612,-0.245816,101.374,8.72056,42.4989,0.567455,0.736463,0.283778,-0.234705
317,0,-0.291611,-0.381206,1.4181,-0.175792,-0.345699,1.44332,0.699499,0.714385,-0.0188316,0.168267,-0.190257,-0.967207,-0.694541,0.673391,-0.253292,101.128,9.68706,44.7962,0.560346,0.731958,0.30147,-0.243652
324,0,-0.28898,-0.378382,1.40687,-0.175792,-0.345699,1.44332,0.650715,0.759115,-0.0177004,0.193168,-0.188038,-0.962979,-0.73434,0.623206,-0.268995,101.049,11.1377,48.4551,0.546279,0.725904,0.327964,-0.259001
331,0,-0.287254,-0.376565,1.40038,-0.175792,-0.345699,1.44332,0.633292,0.773714,-0.0175509,0.203381,-0.188265,-0.960829,-0.746711,0.604916,-0.276586,101.086,11.7347,49.6984,0.540472,0.724248,0.337279,-0.263812
339,0,-0.283953,-0.374478,1.37357,-0.175792,-0.345699,1.44332,0.874663,0.471897,0.110802,0.242479,-0.228022,-0.942979,-0.419724,0.851656,-0.313868,103.594,14.0329,25.6349,0.577229,0.777263,0.229773,-0.0993619
346,0,-0.285381,-0.376889,1.38673,-0.175792,-0.345699,1.44332,0.885293,0.461875,-0.0541092,0.0498526,-0.209946,-0.976441,-0.462354,0.861739,-0.208889,102.134,2.85753,27.5763,0.605487,0.758968,0.16856,-0.17012
354,0,-0.280122,-0.370862,1.35922,-0.175792,-0.345699,1.44332,0.903193,0.425165,0.0589628,0.178314,-0.246698,-0.952546,-0.390443,0.870847,-0.298629,104.52,10.2716,23.3784,0.582638,0.782387,0.192832,-0.105919
361,0,-0.277348,-0.367685,1.34567,-0.175792,-0.345699,1.44332,0.909781,0.409187,0.0697497,0.193238,-0.268795,-0.943615,-0.367366,0.871961,-0.323615,105.9,11.1418,21.9887,0.573884,0.790916,0.19042,-0.0940735
369,0,-0.275469,-0.365499,1.33552,-0.175792,-0.345699,1.44332,0.924167,0.37715,0.0606093,0.176309,-0.280393,-0.943554,-0.338867,0.882688,-0.325625,106.55,10.1548,20.1366,0.574053,0.795328,0.173972,-0.0874665
377,0,-0.273685,-0.363659,1.32625,-0.175792,-0.345699,1.44332,0.895535,0.438981,0.0728892,0.215384,-0.284268,-0.934239,-0.389393,0.852342,-0.349121,106.924,12.4381,23.5002,0.561726,0.79513,0.205742,-0.0995132
384,0,-0.27309,-0.36325,1.31985,-0.175792,-0.345699,1.44332,0.829702,0.548074,0.105872,0.305045,-0.28634,-0.908271,-0.467484,0.785891,-0.404765,107.498,17.7609,29.3985,0.533525,0.793853,0.268664,-0.113879
392,0,-0.27198,-0.362716,1.31463,-0.175792,-0.345699,1.44332,0.80841,0.578354,0.109455,0.338456,-0.304591,-0.890321,-0.481582,0.75679,-0.441982,108.887,19.7829,30.7829,0.515227,0.799216,0.286785,-0.116404
400,0,-0.270582,-0.361847,1.31047,-0.175792,-0.345699,1.44332,0.793269,0.59996,0.103786