170,0,-0.335466,-0.395623,1.45376,-nan,-nan,-nan,0.832121,0.553747,0.030639,0.186918,-0.228013,-0.955548,-0.522145,0.800859,-0.293239,103.421,10.773,32.1077,0.572466,0.767035,0.241405,-0.160197
179,0,-0.334559,-0.402905,1.44875,-nan,-nan,-nan,0.835183,0.549506,0.0226222,0.156492,-0.198014,-0.967626,-0.527237,0.811686,-0.251371,101.565,9.00334,32.2635,0.5886,0.755739,0.233546,-0.166928
188,0,-0.334552,-0.394329,1.44988,-nan,-nan,-nan,0.832881,0.552735,0.0281679,0.150947,-0.177898,-0.972403,-0.53247,0.814148,-0.231602,100.367,8.68183,32.5912,0.596528,0.748729,0.234959,-0.168386
196,0,-0.334288,-0.393209,1.44926,-nan,-nan,-nan,0.835937,0.548441,0.020559,0.146187,-0.186399,-0.971537,-0.528999,0.815149,-0.235993,100.861,8.406,32.3265,0.594463,0.751387,0.231115,-0.169167
205,0,-0.334449,-0.394253,1.45113,-nan,-nan,-nan,0.860733,0.508619,0.0211101,0.144448,-0.204264,-0.9682,-0.488133,0.836411,-0.249286,101.913,8.30534,29.5581,0.593124,0.760638,0.214644,-0.153497
213,0,-0.335102,-0.394828,1.45309,-nan,-nan,-nan,0.90234,0.430537,0.0205156,0.127692,-0.221555,-0.966751,-0.411677,0.874958,-0.254894,102.908,7.33622,24.524,0.597053,0.771166,0.180969,-0.126808
222,0,-0.336427,-0.39637,1.45902,-nan,-nan,-nan,0.920201,0.3907,0.0241752,0.119612,-0.221839,-0.967719,-0.372725,0.893387,-0.250869,102.911,6.86973,22.0503,0.601559,0.773451,0.164946,-0.11266
230,0,-0.337687,-0.398096,1.46503,-nan,-nan,-nan,0.929999,0.366371,0.0295712,0.120413,-0.227666,-0.966265,-0.347279,0.902186,-0.255845,103.258,6.91594,20.4766,0.60135,0.776774,0.156669,-0.102252
239,0,-0.339345,-0.400166,1.47173,-nan,-nan,-nan,0.935752,0.351648,0.0266786,0.115634,-0.23448,-0.965219,-0.333162,0.906291,-0.260078,103.654,6.64022,19.5976,0.600249,0.779473,0.149871,-0.0982982
247,0,-0.341,-0.402495,1.47909,-nan,-nan,-nan,0.940732,0.337883,0.029285,0.116646,-0.241262,-0.963424,-0.31846,0.90974,-0.266376,104.059,6.69855,18.7021,0.59856,0.782363,0.145242,-0.0924042
256,0,-0.343572,-0.409094,1.48922,-nan,-nan,-nan,0.959148,0.282149,0.0206588,0.0969055,-0.259062,-0.960987,-0.265789,0.923731,-0.27582,105.087,5.561,15.4886,0.596713,0.789625,0.120011,-0.0776098
264,0,-0.345358,-0.415591,1.495,-nan,-nan,-nan,0.971254,0.237416,0.017323,0.0815863,-0.263633,-0.961167,-0.223629,0.93495,-0.275425,105.338,4.67975,12.9663,0.598372,0.792198,0.10067,-0.0651056
273,0,-0.346343,-0.423062,1.49723,-nan,-nan,-nan,0.982749,0.184291,0.0155478,0.0642413,-0.261319,-0.963112,-0.17343,0.947496,-0.26865,105.18,3.68329,10.0082,0.602657,0.792578,0.0783938,-0.0498003
281,0,-0.346303,-0.425561,1.50192,-nan,-nan,-nan,0.98711,0.159105,0.0172913,0.0590112,-0.26141,-0.963422,-0.148766,0.952024,-0.26743,105.181,3.38306,8.57044,0.603794,0.793087,0.0687555,-0.0414438
290,0,-0.347564,-0.434523,1.50813,-nan,-nan,-nan,0.988158,0.151105,0.026647,0.0662893,-0.263803,-0.962296,-0.138379,0.952667,-0.270696,105.33,3.80089,7.97168,0.602839,0.794144,0.0684368,-0.0351736
298,0,-0.348342,-0.433999,1.51571,-nan,-nan,-nan,0.986598,0.160443,0.0297079,0.0709611,-0.257942,-0.963551,-0.146932,0.952745,-0.26587,104.987,4.06919,8.47069,0.604728,0.792214,0.0730245,-0.0369926
306,0,-0.348247,-0.435064,1.51938,-nan,-nan,-nan,0.983038,0.179803,0.0361452,0.0845166,-0.269221,-0.959363,-0.162765,0.946145,-0.279851,105.675,4.84823,9.40137,0.598742,0.79563,0.0830534,-0.039786
315,0,-0.349792,-0.436412,1.52348,-nan,-nan,-nan,0.978084,0.205244,0.035031,0.0920802,-0.275484,-0.956886,-0.186745,0.93914,-0.288345,106.061,5.28329,10.8093,0.594612,0.797169,0.0932438,-0.0475789
322,0,-0.3531,-0.444151,1.54672,-nan,-nan,-nan,0.945151,0.326602,0.00450586,0.0975935,-0.269207,-0.958125,-0.311712,0.906013,-0.286315,105.694,5.60061,18.2526,0.589413,0.790676,0.134124,-0.0971342
331,0,-0.356018,-0.446956,1.56679,-nan,-nan,-nan,0.935094,0.354065,-0.0154048,0.0871113,-0.271762,-0.958414,-0.343528,0.894865,-0.284966,105.831,4.99745,20.1719,0.587019,0.789275,0.139741,-0.113691
340,0,-0.349364,-0.444249,1.5848,-nan,-nan,-nan,0.932586,0.358633,0.0408207,0.137696,-0.248943,-0.95868,-0.333653,0.899672,-0.281543,104.557,7.91454,19.6858,0.592052,0.784709,0.158125,-0.0932932
349,0,-0.347683,-0.442405,1.59706,-nan,-nan,-nan,0.936359,0.342814,0.0755667,0.163522,-0.235465,-0.958027,-0.310632,0.909415,-0.276538,103.809,9.41141,18.353,0.596732,0.782362,0.161797,-0.0751138
357,0,-0.355789,-0.446014,1.61069,-nan,-nan,-nan,0.939694,0.330072,0.0896025,0.173145,-0.23317,-0.956897,-0.294952,0.914704,-0.276259,103.695,9.97074,17.4261,0.597968,0.782484,0.160776,-0.0656083
366,0,-0.358323,-0.448334,1.6222,-nan,-nan,-nan,0.941558,0.329176,0.0714985,0.152939,-0.228634,-0.961424,-0.300131,0.916171,-0.265616,103.377,8.79731,17.6802,0.60152,0.780354,0.154454,-0.0732464
375,0,-0.359862,-0.450246,1.63276,-nan,-nan,-nan,0.947657,0.317004,0.0381432,0.115112,-0.227779,-0.966885,-0.297818,0.920666,-0.252347,103.256,6.61009,17.4462,0.605708,0.779067,0.138665,-0.0833287
384,0,-0.361556,-0.452767,1.64173,-nan,-nan,-nan,0.948603,0.315012,0.0303154,0.108896,-0.23497,-0.965883,-0.297142,0.919541,-0.257197,103.673,6.25171,17.3927,0.603414,0.781148,0.135668,-0.0853955
392,0,-0.364317,-0.455988,1.65303,-nan,-nan,-nan,0.950568,0.308827,0.0323574,0.109971,-0.237363,-0.965176,-0.290392,0.921024,-0.259592,103.816,6.31364,16.9876,0.602829,0.782228,0.133848,-0.082468
401,0,-0.366552,-0.458863,1.66343,-nan,-nan,-nan,0.953437,0.299962,0.031328,0.107388,-0.240587,-0.964669,-0.281827,0.923115,-0.261597,104.004,6.16478,16.4672,0.60234,0.783521,0.129974,-0.0799272
409,0,-0.368546,-0.461461,1.67245,-nan,-nan,-nan,0.958582,0.283161,0.0306594,0.104249,-0.248649,-0.962967,-0.265051,0.926279,-0.26787,104.478,5.98393,15.4563,0.60043,0.786623,0.123125,-0.0744931
418,0,-0.36982,-0.463277,1.67933,-nan,-nan,-nan,0.96291,0.267785,0.0330992,0.102081,-0.247991,-0.963369,-0.249768,0.931016,-0.266129,104.436,5.85904,14.5414,0.601828,0.786929,0.117503,-0.0688336
427,0,-0.371566,-0.466182,1.6906,-nan,-nan,-nan,0.961442,0.272647,0.0359639,0.104396,-0.240853,-0.964931,-0.254424,0.931479,-0.260029,104.015,5.99236,14.8223,0.604268,0.78459,0.12014,-0.0696097
434,0,-0.371286,-0.469654,1.70354,-nan,-nan,-nan,0.951695,0.304418,0.0400744,0.116314,-0.236647,-0.964608,-0.284161,0.922674,-0.260624,103.784,6.67944,16.6248,0.602998,0.782459,0.134427,-0.0779871
443,0,-0.364572,-0.472655,1.71566,-nan,-nan,-nan,0.956414,0.289675,0.0368875,0.108261,-0.234419,-0.966089,-0.271205,0.927974,-0.255562,103.639,6.21506,15.8314,0.605482,0.782048,0.12721,-0.0749051
450,0,-0.324197,-0.477485,1.75632,-nan,-nan,-nan,0.981198,0.187595,-0.0453749,0.00777369,-0.273318,-0.961892,-0.192848,0.943454,-0.269638,105.862,0.445404,11.1194,0.599634,0.794379,0.0614848,-0.0749715
458,0,-0.323645,-0.478492,1.76562,-nan,-nan,-nan,0.978481,0.198747,-0.0554479,0.000440424,-0.270737,-0.962653,-0.206336,0.941914,-0.264998,105.708,0.0252345,11.9077,0.600572,0.792814,0.0628103,-0.0825491
467,0,-0.321608,-0.485271,1.78,-nan,-nan,-nan,0.964819,0.262726,0.00992878,0.0769158,-0.245946,-0.966227,-0.251411,0.932998,-0.257501,104.281,4.41131,14.6052,0.604436,0.785536,0.108092,-0.0768527
476,0,-0.321007,-0.488911,1.7893,-nan,-nan,-nan,0.954735,0.294084,0.0446742,0.117142,-0.233671,-0.965234,-0.273421,0.926775,-0.257543,103.609,6.7272,15.9809,0.60488,0.781976,0.13147,-0.0731309
484,0,-0.329119,-0.490323,1.8025,-nan,-nan,-nan,0.942916,0.331029,0.0364526,0.108978,-0.203268,-0.973039,-0.314695,0.921467,-0.22774,101.799,6.25642,18.4562,0.614798,0.770377,0.14279,-0.0902941
493,0,-0.330595,-0.493691,1.81298,-nan,-nan,-nan,0.939091,0.342786,0.0246053,0.103921,-0.214997,-0.97107,-0.327579,0.91448,-0.237524,102.484,5.96501,19.2301,0.609625,0.773242,0.144427,-0.0979557
502,0,-0.332436,-0.496323,1.82132,-nan,-nan,-nan,0.934165,0.355604,0.0296867,0.11685,-0.226232,-0.967039,-0.337167,0.906844,-0.25289,103.167,6.71033,19.8459,0.603126,0.776738,0.152063,-0.0989652
510,0,-0.334013,-0.499328,1.83072,-nan,-nan,-nan,0.931804,0.361572,0.0317372,0.12326,-0.23298,-0.964638,-0.341392,0.902766,-0.261659,103.578,7.08028,20.1217,0.599409,0.778852,0.155624,-0.0993945
519,0,-0.335874,-0.501717,1.84021,-nan,-nan,-nan,0.933365,0.357534,0.0316207,0.120211,-0.228372,-0.966124,-0.338201,0.905547,-0.256134,103.299,6.90426,19.9178,0.601843,0.777475,0.153621,-0.098582
527,0,-0.337214,-0.5041,1.84849,-nan,-nan,-nan,0.927475,0.371931,0.0381646,0.127774,-0.219377,-0.967237,-0.351373,0.901965,-0.25099,102.779,7.341,20.7491,0.603554,0.774249,0.161352,-0.101133
536,0,-0.338725,-0.506111,1.85505,-nan,-nan,-nan,0.91839,0.393733,0.0391698,0.136311,-0.221897,-0.965495,-0.371456,0.89204,-0.257458,102.943,7.83443,22.0216,0.599799,0.774233,0.171151,-0.107295
545,0,-0.340423,-0.508803,1.86461,-nan,-nan,-nan,0.908301,0.416945,0.0338499,0.136146,-0.218133,-0.966376,-0.395542,0.882369,-0.254896,102.72,7.82488,23.5319,0.599014,0.771578,0.179208,-0.117192
553,0,-0.342063,-0.510716,1.87285,-nan,-nan,-nan,0.898402,0.43813,0.0302623,0.137825,-0.215846,-0.966651,-0.416987,0.872612,-0.254302,102.587,7.92199,24.8981,0.597548,0.769505,0.187119,-0.125641
562,0,-0.344628,-0.513926,1.88322,-nan,-nan,-nan,0.888846,0.45728,0.029099,0.141465,-0.213462,-0.966655,-0.435821,0.863324,-0.254424,102.453,8.13262,26.1197,0.59602,0.767583,0.19501,-0.132468
570,0,-0.349012,-0.517044,1.89506,-nan,-nan,-nan,0.88359,0.467437,0.0277772,0.139852,-0.206817,-0.968333,-0.44689,0.859494,-0.248113,102.056,8.03925,26.8287,0.597633,0.764611,0.198561,-0.137035
578,0,-0.348003,-0.506947,1.89178,-nan,-nan,-nan,0.932223,0.361635,0.0134063,0.10248,-0.22828,-0.968187,-0.34707,0.90394,-0.249868,103.267,5.88198,20.4205,0.602925,0.776269,0.14947,-0.107458
587,0,-0.344141,-0.490162,1.88458,-nan,-nan,-nan,0.94662,0.322064,0.0136449,0.0899251,-0.223188,-0.970619,-0.309556,0.920034,-0.240236,102.95,5.1593,18.1084,0.608933,0.776216,0.132692,-0.0953056
596,0,-0.34352,-0.475723,1.884,-nan,-nan,-nan,0.954474,0.296445,0.0331653,0.100668,-0.215456,-0.971311,-0.280794,0.93043,-0.23549,102.507,5.77762,16.3932,0.613092,0.775471,0.128023,-0.0798318
604,0,-0.35126,-0.459129,1.88625,-nan,-nan,-nan,0.980566,0.192729,-0.036688,0.000709953,-0.190487,-0.981689,-0.196188,0.962585,-0.186922,100.981,0.0406773,11.3141,0.633079,0.767785,0.0629859,-0.0758272
613,0,-0.36082,-0.447158,1.88787,-nan,-nan,-nan,0.980913,0.163839,-0.104718,-0.0726712,-0.190626,-0.978969,-0.180355,0.967894,-0.175081,101.019,-4.16743,10.4183,0.635454,0.765934,0.029757,-0.0930477
622,0,-0.375441,-0.431724,1.88506,-nan,-nan,-nan,0.98839,0.128122,-0.0816701,-0.0528883,-0.213785,-0.975448,-0.142436,0.968442,-0.204527,102.362,-3.03169,8.2004,0.626514,0.775678,0.0242477,-0.0722292
630,0,-0.394719,-0.421536,1.88756,-nan,-nan,-nan,0.992901,0.101598,-0.0618449,-0.0360396,-0.238534,-0.970465,-0.113349,0.965805,-0.233179,103.809,-2.06536,6.51268,0.616682,0.784954,0.0208797,-0.0557976
639,0,-0.407305,-0.417721,1.89084,-nan,-nan,-nan,0.994605,0.103297,-0.00955935,0.0133469,-0.218803,-0.975678,-0.102877,0.970286,-0.219001,102.64,0.764744,5.90537,0.623859,0.779809,0.0373951,-0.036046
647,0,-0.412046,-0.416185,1.88779,-nan,-nan,-nan,0.994653,0.102184,0.0149782,0.0353319,-0.200405,-0.979076,-0.097044,0.97437,-0.202943,101.568,2.02479,5.57246,0.630735,0.774274,0.0444015,-0.0264976
656,0,-0.41056,-0.417038,1.8899,-nan,-nan,-nan,0.994369,0.102825,0.0256338,0.043029,-0.17071,-0.984381,-0.096843,0.979941,-0.174173,99.8383,2.46614,5.56257,0.642162,0.764731,0.0476815,-0.0232792
664,0,-0.407176,-0.416512,1.89081,-nan,-nan,-nan,0.996172,0.0874123,-0.000835933,0.0137279,-0.165877,-0.986051,-0.0863316,0.982265,-0.166442,99.5491,0.786577,4.95307,0.644952,0.76297,0.0331403,-0.0285619
673,0,-0.406877,-0.417466,1.88936,-nan,-nan,-nan,0.995535,0.0941687,-0.00648508,0.0103704,-0.177405,-0.984083,-0.0938203,0.979622,-0.177589,100.219,0.594193,5.38372,0.640418,0.766572,0.0340931,-0.0327123
681,0,-0.407531,-0.417133,1.88832,0.251016,0.107398,0.785578,0.994895,0.0991361,-0.0188598,-0.000512054,-0.181928,-0.983312,-0.100913,0.978302,-0.180948,100.482,-0.0293385,5.79174,0.638752,0.767752,0.0321146,-0.0390011
690,0,-0.407109,-0.418119,1.89139,0.251016,0.107398,0.785578,0.993772,0.111236,0.00657376,0.0286513,-0.198066,-0.97977,-0.107684,0.973856,-0.20002,101.429,1.64182,6.18436,0.631602,0.773282,0.0452253,-0.0326886
698,0,-0.407991,-0.418215,1.88927,0.251016,0.107398,0.785578,0.997679,0.0657716,-0.0176545,-0.00288329,-0.218215,-0.975896,-0.0680387,0.973682,-0.217519,102.604,-0.1652,3.90136,0.624889,0.77997,0.0201573,-0.0274668
706,0,-0.408116,-0.417971,1.88926,0.251016,0.107398,0.785578,0.999018,0.0436689,-0.00746182,0.00318308,-0.23875,-0.971076,-0.0441873,0.970099,-0.238654,103.813,0.182377,2.53258,0.616769,0.786833,0.0148863,-0.0164105
715,0,-0.40795,-0.417205,1.88941,0.251016,0.107398,0.785578,0.99967,0.0195287,-0.0167172,-0.0121782,-0.212938,-0.97699,-0.0226391,0.97687,-0.21263,102.296,-0.697775,1.29733,0.627316,0.778659,0.00236,-0.0126359
722,0,-0.4067,-0.417109,1.88943,0.251016,0.107398,0.785578,0.998776,0.0409638,-0.0277281,-0.0191447,-0.196751,-0.980267,-0.0456109,0.979597,-0.195726,101.349,-1.09698,2.6147,0.633699,0.773184,0.00705493,-0.0237133
730,0,-0.40756,-0.418741,1.89147,0.251016,0.107398,0.785578,0.999367,0.0345413,-0.00856935,-0.000236632,-0.234336,-0.972156,-0.0355876,0.971542,-0.234179,103.552,-0.013558,2.03945,0.618638,0.785475,0.0109185,-0.0140542
738,0,-0.407686,-0.417967,1.89042,0.251016,0.107398,0.785578,0.999437,0.0328896,-0.00667702,0.00100339,-0.228149,-0.973626,-0.0335455,0.973071,-0.228053,103.188,0.0574898,1.92238,0.621135,0.783524,0.0108143,-0.0128339
746,0,-0.407601,-0.417896,1.88995,0.251016,0.107398,0.785578,0.996298,0.0830271,-0.0222964,-0.00181035,-0.239035,-0.971009,-0.0859497,0.967455,-0.237999,103.83,-0.103725,4.93065,0.616292,0.786341,0.0258211,-0.0344145
754,0,-0.407923,-0.417614,1.88885,0.251016,0.107398,0.785578,0.994448,0.10294,-0.0218131,0.00324417,-0.237194,-0.971457,-0.105175,0.965993,-0.236211,103.721,0.185878,6.0373,0.616653,0.78547,0.0337963,-0.040418
763,1,-0.406876,-0.418228,1.88882,0.251016,0.107398,0.785578,0.995735,0.0921107,-0.00532559,0.0173335,-0.243448,-0.969759,-0.0906216,0.96553,-0.244006,104.092,0.993189,5.20015,0.61406,0.787907,0.0347263,-0.0304437
771,0,-0.407416,-0.41785,1.89219,0.251016,0.107398,0.785578,0.997296,0.0734769,-0.00119203,0.0148805,-0.217804,-0.975879,-0.0719642,0.973223,-0.218308,102.581,0.852622,4.12727,0.624737,0.779969,0.0283208,-0.0234484
779,0,-0.408463,-0.417845,1.8917,0.251016,0.107398,0.785578,0.996809,0.0773285,-0.0197865,-0.00386668,-0.200817,-0.979621,-0.0797261,0.976572,-0.199878,101.585,-0.221545,4.57285,0.631687,0.774194,0.023722,-0.0321342
787,0,-0.407696,-0.418118,1.89254,0.251016,0.107398,0.785578,0.996877,0.077945,-0.0126686,0.00462638,-0.217798,-0.975983,-0.0788322,0.972876,-0.217479,102.58,0.265073,4.52149,0.62482,0.779768,0.0264731,-0.0293359
795,1,-0.407772,-0.416294,1.88933,0.251016,0.107398,0.785578,0.992703,0.118972,-0.0196645,0.00298235,-0.187247,-0.982308,-0.12055,0.975082,-0.186235,100.792,0.170876,6.92386,0.636243,0.76912,0.039641,-0.0455761
803,0,-0.408081,-0.417587,1.89098,0.251016,0.107398,0.785578,0.986274,0.164417,-0.0151744,0.0208585,-0.21523,-0.976341,-0.163793,0.962623,-0.215705,102.432,1.19519,9.42921,0.623566,0.777369,0.0595843,-0.0575556
812,1,-0.407405,-0.417956,1.89087,0.251016,0.107398,0.785578,0.985767,0.167034,-0.0190751,0.0171353,-0.212694,-0.976969,-0.167245,0.962736,-0.212529,102.282,0.98183,9.62908,0.624609,0.776368,0.0593049,-0.0599972
820,0,-0.40724,-0.418151,1.89219,0.251016,0.107398,0.785578,0.989762,0.14211,-0.0132746,0.0170498,-0.21006,-0.97754,-0.141707,0.967305,-0.210333,102.128,0.976928,8.14781,0.626372,0.776234,0.0512603,-0.0499145
828,1,-0.408134,-0.417777,1.89028,0.251016,0.107398,0.785578,0.991816,0.126087,-0.0200731,0.00666603,-0.208147,-0.978075,-0.1275,0.969937,-0.207284,102.014,0.381938,7.32533,0.627771,0.775765,0.0427812,-0.0475574
836,0,-0.407399,-0.418084,1.89074,0.251016,0.107398,0.785578,0.995387,0.0959376,-0.000442221,0.0191531,-0.203233,-0.978943,-0.0940073,0.974419,-0.204133,101.728,1.09746,5.39518,0.630084,0.775041,0.0371241,-0.030466
844,1,-0.408443,-0.418456,1.89297,0.251016,0.107398,0.785578,0.99848,0.0532413,-0.0142203,-0.00332215,-0.199422,-0.979908,-0.0550074,0.978466,-0.198942,101.503,-0.190345,3.1533,0.632479,0.774087,0.0161219,-0.0223579
852,1,-0.408298,-0.418427,1.89304,0.251016,0.107398,0.785578,0.99929,-0.0341592,-0.0158936,-0.0227232,-0.209956,-0.977447,0.0300518,0.977114,-0.210583,102.123,-1.30206,-1.72255,0.628242,0.77779,-0.0182833,0.00455079
860,0,-0.408489,-0.418751,1.89392,0.251016,0.107398,0.785578,0.997732,-0.0641275,-0.0204377,-0.0337467,-0.213908,-0.976271,0.058234,0.974747,-0.215587,102.359,-1.93391,-3.34035,0.626146,0.778978,-0.0314111,0.0121301
868,1,-0.4084,-0.418845,1.89314,0.251016,0.107398,0.785578,0.999033,0.0394037,-0.0195226,-0.0105797,-0.21554,-0.976438,-0.0426831,0.9757,-0.214915,102.448,-0.606186,2.44644,0.626214,0.779341,0.00924626,-0.0199546
876,1,-0.40827,-0.418433,1.89432,0.251016,0.107398,0.785578,0.997152,-0.0739941,-0.0145888,-0.0296839,-0.20723,-0.977842,0.0693313,0.97549,-0.208836,101.965,-1.70101,-3.97734,0.628706,0.776727,-0.0333702,0.0176196
884,1,-0.408047,-0.418222,1.89306,0.251016,0.107398,0.785578,0.990538,-0.135809,-0.0197484,-0.0482676,-0.210049,-0.976499,0.12847,0.968212,-0.214616,102.14,-2.7666,-7.38983,0.625674,0.777046,-0.0592233,0.034979
892,1,-0.407687,-0.418348,1.89173,0.251016,0.107398,0.785578,0.973969,-0.225853,-0.0193349,-0.0695322,-0.216484,-0.973807,0.215752,0.949802,-0.226553,102.533,-3.98712,-12.4904,0.618654,0.777336,-0.0949993,0.0631699
901,1,-0.407995,-0.418415,1.89124,0.251016,0.107398,0.785578,0.987553,-0.156494,-0.0157577,-0.0527421,-0.235102,-0.970539,0.148179,0.95929,-0.24043,103.617,-3.0233,-8.53338,0.614821,0.784711,-0.0666603,0.0421879
909,1,-0.407358,-0.415414,1.89265,0.251016,0.107398,0.785578,0.947026,-0.319745,-0.0300874,-0.101622,-0.209474,-0.972519,0.304656,0.924058,-0.230871,102.155,-5.8326,-17.8329,0.613735,0.772556,-0.136355,0.0888507
917,1,-0.408584,-0.417714,1.89579,0.251016,0.107398,0.785578,0.909213,-0.411268,-0.064735,-0.145106,-0.167299,-0.975169,0.390225,0.89603,-0.211788,99.7348,-8.34341,-23.2285,0.618491,0.756356,-0.183899,0.107585
926,1,-0.408202,-0.414126,1.8936,0.251016,0.107398,0.785578,0.916217,-0.390303,-0.0906109,-0.142092,-0.105051,-0.984263,0.374642,0.914674,-0.151709,96.0922,-8.1689,-22.2397,0.6441,0.737051,-0.180583,0.0963404
934,1,-0.408952,-0.419049,1.89491,0.251016,0.107398,0.785578,0.921903,-0.38607,-0.0323102,-0.120754,-0.207102,-0.970838,0.36812,0.898921,-0.237547,102.042,-6.93563,-21.767,0.607712,0.76918,-0.164729,0.109145
942,1,-0.407952,-0.41944,1.89454,0.251016,0.107398,0.785578,0.919696,-0.392505,-0.00995006,-0.105022,-0.221504,-0.969488,0.378325,0.892679,-0.244938,102.87,-6.02841,-22.3602,0.602755,0.772357,-0.161042,0.119237
950,0,-0.407715,-0.419612,1.89368,0.251016,0.107398,0.785578,0.901033,-0.433751,0.000467209,-0.104675,-0.218487,-0.97021,0.420932,0.874142,-0.242267,102.691,-6.00844,-25.0404,0.600058,0.768405,-0.175177,0.137102
958,0,-0.407513,-0.418694,1.89329,0.251016,0.107398,0.785578,0.891139,-0.453544,-0.012967,-0.11011,-0.188447,-0.975891,0.440166,0.871083,-0.217873,100.929,-6.32167,-26.2864,0.609266,0.757869,-0.185934,0.140921
966,0,-0.408661,-0.418067,1.8937,0.251016,0.107398,0.785578,0.876439,-0.480154,-0.0361596,-0.126689,-0.157496,-0.979359,0.464548,0.86293,-0.198866,99.1358,-7.27832,-27.9254,0.616457,0.747128,-0.203059,0.143345
974,0,-0.408329,-0.41701,1.89192,0.251016,0.107398,0.785578,0.845884,-0.532672,-0.0272181,-0.122257,-0.143967,-0.982001,0.519166,0.833987,-0.186902,98.3404,-7.02237,-31.5397,0.61543,0.737691,-0.221952,0.166719
982,0,-0.408471,-0.417643,1.89377,0.251016,0.107398,0.785578,0.843748,-0.535787,-0.031964,-0.124247,-0.137033,-0.982743,0.522161,0.833159,-0.182191,97.9381,-7.13725,-31.7517,0.617358,0.735352,-0.224394,0.166654
990,0,-0.4076,-0.418062,1.89377,0.251016,0.107398,0.785578,0.842112,-0.53823,-0.033992,-0.13957,-0.15662,-0.977748,0.520929,0.828118,-0.207012,99.1006,-8.02294,-31.7408,0.607964,0.742588,-0.228188,0.163932
998,0,-0.407356,-0.418729,1.89441,0.251016,0.107398,0.785578,0.834663,-0.550433,-0.0190345,-0.136551,-0.173334,-0.975351,0.533566,0.816688,-0.219838,100.077,-7.84834,-32.5891,0.60031,0.746297,-0.230131,0.172361
1007,0,-0.407609,-0.418137,1.89415,0.251016,0.107398,0.785578,0.825575,-0.564168,-0.0118315,-0.110249,-0.140699,-0.983895,0.553417,0.813584,-0.178356,98.1382,-6.32966,-33.8356,0.613702,0.732228,-0.230262,0.18491
1014,1,-0.407392,-0.416208,1.89541,0.251016,0.107398,0.785578,0.840588,-0.540405,-0.0370734,-0.119855,-0.118813,-0.985656,0.528249,0.832974,-0.164643,96.8734,-6.88373,-32.1464,0.623926,0.728705,-0.226518,0.16851
1023,1,-0.407445,-0.417458,1.89478,0.251016,0.107398,0.785578,0.861396,-0.50678,-0.0342143,-0.114636,-0.128345,-0.985082,0.494829,0.852468,-0.168651,97.4232,-6.5826,-29.8752,0.62538,0.734573,-0.211489,0.156763
1031,1,-0.407878,-0.417484,1.89353,0.251016,0.107398,0.785578,0.855944,-0.516187,-0.0301604,-0.114541,-0.132406,-0.984555,0.504222,0.846179,-0.172457,97.6594,-6.57717,-30.5016,0.622712,0.734984,-0.214538,0.161249
1040,0,-0.406828,-0.416432,1.89306,0.251016,0.107398,0.785578,0.827677,-0.560412,-0.0298175,-0.103597,-0.100354,-0.989544,0.55156,0.822112,-0.141118,95.7908,-5.94637,-33.6793,0.629723,0.719227,-0.230807,0.181355
1048,0,-0.407554,-0.417459,1.89432,0.251016,0.107398,0.785578,0.849268,-0.527652,-0.0180861,-0.107238,-0.138857,-0.984489,0.516956,0.838035,-0.174511,98.0283,-6.15611,-31.3292,0.619657,0.735295,-0.215862,0.169615
1057,0,-0.407578,-0.418066,1.89423,0.251016,0.107398,0.785578,0.868116,-0.495529,-0.0287346,-0.122246,-0.157337,-0.97995,0.481072,0.854223,-0.197163,99.1213,-7.02173,-28.9933,0.615146,0.745422,-0.207189,0.151705
1065,0,-0.407326,-0.417913,1.89356,0.251016,0.107398,0.785578,0.866949,-0.497557,-0.0289211,-0.119716,-0.151563,-0.981171,0.483805,0.854087,-0.190963,98.7812,-6.87573,-29.1639,0.617337,0.743215,-0.207636,0.153012
1073,0,-0.407365,-0.418192,1.89526,0.251016,0.107398,0.785578,0.883691,-0.466582,-0.0372964,-0.116071,-0.141247,-0.983146,0.45345,0.873127,-0.178976,98.1756,-6.66542,-27.1638,0.625194,0.742279,-0.196238,0.140161
1081,0,-0.406069,-0.417546,1.8944,0.251016,0.107398,0.785578,0.904392,-0.425383,-0.0335298,-0.0994061,-0.133622,-0.986034,0.414962,0.895095,-0.163132,97.7174,-5.70497,-24.6471,0.633963,0.741813,-0.17686,0.128547
1090,0,-0.407804,-0.417107,1.89402,0.251016,0.107398,0.785578,0.883284,-0.468116,-0.026015,-0.0984189,-0.130882,-0.986501,0.458392,0.873921,-0.161677,97.5575,-5.64813,-27.4277,0.63062,0.737537,-0.192036,0.146561
1098,0,-0.406986,-0.418261,1.89505,0.251016,0.107398,0.785578,0.811372,-0.584162,-0.0207478,-0.136512,-0.154856,-0.97846,0.568366,0.796727,-0.20539,98.9933,-7.84604,-35.0113,0.602313,0.736821,-0.244521,0.185805
1106,0,-0.407508,-0.418323,1.89494,0.251016,0.107398,0.785578,0.839723,-0.542733,-0.0174856,-0.126703,-0.16452,-0.978202,0.528026,0.823635,-0.206917,99.547,-7.27908,-32.1621,0.605864,0.743499,-0.225096,0.171668
1114,1,-0.407701,-0.418785,1.89551,0.251016,0.107398,0.785578,0.908193,-0.418442,-0.00954831,-0.0959706,-0.185983,-0.977855,0.4074,0.888998,-0.209066,100.769,-5.50718,-24.1602,0.61505,0.758822,-0.169477,0.131075
1122,1,-0.40762,-0.419096,1.89445,0.251016,0.107398,0.785578,0.858202,-0.513256,-0.00757888,-0.125615,-0.195676,-0.97259,0.497704,0.835631,-0.232402,101.376,-7.21626,-30.1111,0.597939,0.756023,-0.21126,0.162074
1131,0,-0.40742,-0.41907,1.89579,0.251016,0.107398,0.785578,0.758792,-0.651083,-0.0180509,-0.1499,-0.147594,-0.977623,0.633849,0.744518,-0.209591,98.5853,-8.62115,-39.8734,0.591947,0.72732,-0.27532,0.211667
1139,0,-0.408075,-0.418528,1.89455,0.251016,0.107398,0.785578,0.768373,-0.639602,-0.0226229,-0.147919,-0.143087,-0.978594,0.622674,0.755272,-0.204553,98.3186,-8.50636,-39.0206,0.595973,0.727326,-0.270691,0.206252
1147,0,-0.407552,-0.41848,1.89439,0.251016,0.107398,0.785578,0.822107,-0.56908,-0.0169953,-0.130918,-0.159907,-0.978412,0.554077,0.806584,-0.205963,99.2821,-7.52263,-33.9789,0.603373,0.739591,-0.236616,0.181547
1155,0,-0.407057,-0.417898,1.8948,0.251016,0.107398,0.785578,0.846427,-0.532107,-0.0205571,-0.108622,-0.134736,-0.98491,0.521308,0.835888,-0.171843,97.7897,-6.2359,-31.6286,0.620453,0.733656,-0.218334,0.170635
1163,0,-0.407054,-0.416343,1.89515,0.251016,0.107398,0.785578,0.927163,-0.371843,-0.0458429,-0.105029,-0.140507,-0.984493,0.359636,0.9176,-0.169328,98.1224,-6.02883,-21.2007,0.635871,0.74783,-0.159419,0.104901
1171,0,-0.407836,-0.41666,1.89453,0.251016,0.107398,0.785578,0.944716,-0.321901,-0.0623749